Model: ensemble_run0_brcd749
Simulation: 1932686313_0
(SimID_1932686313_0 (PDE Simulation)) 
Sim time range (0.0 50.0) (saved timepoints 101) 
Number of variables 42 
Variable names ['BUB1a', 'BUB1a_pknl1', 'CPCa', 'CPCi', 'H2A', 'H3', 'H3_CPCa', 'H3_CPCi', 'H3S10rep', 'HASPINa', 'HASPINi', 'I', 'KNL1', 'NDC80', 'NDC80_TTKa', 'NDC80_TTKi', 'NDC80_pTTKa', 'NDC80_pTTKi', 'pH2A', 'pH2A_SGO1', 'pH2A_SGO1_CPCa', 'pH2A_SGO1_CPCi', 'pH3', 'pH3_CPCa', 'pH3_CPCi', 'pH3S10rep', 'pKNL1', 'pKNL1_bub1a', 'PLK1a', 'PLK1i', 'pTTKa', 'pTTKi', 'pNDC80', 'pNDC80_TTKa', 'pNDC80_TTKi', 'pNDC80_pTTKa', 'pNDC80_pTTKi', 'SGO1', 'SGO1_CPCi', 'SGO1_CPCa', 'TTKa', 'TTKi'] 
 
2D Slice for variable pH2A_SGO1_CPCa at time 8.5 in plane XY at Z = 0 
 
X in rows, Y in columns 
0.289575751769474,0.289575126464352,0.2895732574574922,0.2895701661169439,0.289565890206619,0.2895604871353916,0.2895540385308913,0.2895466561081938,0.28953848871206916,0.2895297302473679,0.2895206279505726,0.2895114900683268,0.28950269146880486,0.2894946750021447,0.28948794555733964,0.2894830528050957,0.2894805577524912,0.28948097784610044,0.2894847061412874,0.2894919031584965,0.2895023671853831,0.2895154021267932,0.28952972343266353,0.28954347131321156,0.2895544263652737,0.2895605107794494,0.2895605107797058,0.28955442636604256,0.28954347131449165,0.2895297234344535,0.2895154021290921,0.2895023671881889,0.2894919031618056,0.289484706145093,0.28948097785039245,0.28948055775725706,0.2894830528103211,0.28948794556301105,0.28949467500824927,0.2895026914753307,0.2895114900752623,0.28952062795790356,0.28952973025507506,0.2895384887201265,0.2895466561165686,0.28955403853955086,0.2895604871443105,0.2895658902157775,0.2895701661263127,0.2895732574670141,0.2895751264739865,0.28957575177914646
0.2895712842206233,0.28957065854290037,0.28956878842217365,0.289565695238369,0.28956141677552005,0.2895560104714308,0.28954955799220566,0.2895421711019713,0.28953399870642776,0.28952523478479825,0.2895161266631414,0.28950698269469727,0.2894981778728753,0.2894901551926783,0.2894834197072906,0.2894785212683954,0.28947602107479087,0.2894764367644538,0.28948016156621664,0.28948735613083587,0.28949781880077347,0.28951085342438143,0.2895251752538218,0.2895389241533849,0.28954988026753525,0.28955596534291844,0.28955596534317674,0.28954988026830963,0.2895389241546735,0.2895251752556227,0.2895108534266923,0.2894978188035909,0.28948735613415516,0.28948016157003065,0.289476436768753,0.2894760210795634,0.28947852127362783,0.28948341971297,0.2894901551987929,0.2894981778794139,0.28950698270164765,0.2895161266704884,0.28952523479252107,0.2895339987145001,0.289542171110361,0.28954955800088034,0.2895560104803645,0.2895614167846933,0.28956569524775616,0.2895687884317276,0.28957065855257447,0.28957128423033335
0.2895578834988749,0.28955725670048416,0.2895553832295764,0.28955228450184045,0.28954799836192735,0.2895425823346917,0.28953611820201913,0.28952871787563683,0.2895205304445698,0.2895117501117755,0.2895026244727325,0.2894934622012442,0.28948463866728597,0.2894765973013905,0.28946984365032086,0.28946492810973873,0.28946241245465704,0.2894628148982744,0.28946652919071864,0.2894737163743438,0.28948417495633655,0.2894972086153858,0.2895115320095702,0.28952528396406463,0.28953624326449995,0.28954233032399873,0.2895423303242592,0.2895362432652809,0.289525283965364,0.28951153201138513,0.2894972086177124,0.2894841749591697,0.2894737163776775,0.2894665291945453,0.2894628149025846,0.28946241245943954,0.2894649281149812,0.28946984365601136,0.2894765973075181,0.2894846386738402,0.289493462208214,0.2895026244801035,0.2895117501195289,0.2895205304526805,0.2895287178840734,0.28953611821075065,0.28954258234369284,0.28954799837117895,0.2895522845113148,0.2895553832392239,0.28955725671025473,0.2895578835086805
0.2895355553870405,0.2895349267112842,0.2895330476281089,0.2895299396132159,0.289525640612977,0.28952020829829367,0.28951372464525926,0.28950630181310955,0.28949808919818676,0.28948928137838714,0.2894801264005486,0.2894709334753474,0.289462078603238,0.28945400594376325,0.2894472218696623,0.28944227768672576,0.28943973613385715,0.28944011638634276,0.28944381306610817,0.2894509878703783,0.2894614395819024,0.2894744715959992,0.28948879757807594,0.2895025546169958,0.2895135192279273,0.28951960959591155,0.2895196095961739,0.28951351922871427,0.2895025546183058,0.28948879757990587,0.289474471598344,0.2894614395847555,0.28945098787373263,0.28944381306995565,0.2894401163906749,0.2894397361386641,0.2894422776919969,0.2894472218753867,0.28945400594992987,0.2894620786098362,0.2894709334823651,0.2894801264079715,0.2894892813861977,0.28949808920636144,0.28950630182161907,0.2895137246540745,0.2895202083073873,0.2895256406223285,0.28952993962279705,0.2895330476378712,0.28953492672117864,0.289535555396978
0.28950430955112677,0.2895036782268035,0.2895017912259767,0.28949867010924846,0.28949435296685005,0.28948889767618324,0.28948238648783764,0.28947493191074414,0.28946668377524876,0.2894578371884921,0.28944864083412614,0.28943940467993984,0.289430505615118,0.2894223888264132,0.2894155618499889,0.2894105772731902,0.28940799919181376,0.289408348135202,0.2894120199520595,0.2894191772610823,0.28942961923296096,0.2894426488650422,0.28945697842766643,0.2894707425694943,0.28948171461497,0.2894878096181597,0.2894878096184244,0.2894817146157643,0.28947074257081684,0.2894569784295137,0.2894426488674078,0.28942961923583704,0.2894191772644606,0.2894120199559318,0.28940834813956057,0.2894079991966498,0.28941057727849434,0.2894155618557518,0.2894223888326251,0.28943050562176903,0.2894394046870183,0.2894486408416176,0.2894578371963791,0.2894666837835076,0.289474931919347,0.2894823864967561,0.2894888976853917,0.28949435297633164,0.28949867011897595,0.2895017912359017,0.2895036782368746,0.289504309561254
0.2894641595829254,0.289463524818294,0.2894616275331342,0.2894584893987186,0.2894541486927647,0.2894486635617002,0.289442116613558,0.2894346208123806,0.28942632655301537,0.28941742963054967,0.28940817955588083,0.28939888727971114,0.2893899308443386,0.28938175676859507,0.2893748740966461,0.2893698370762623,0.28936721156064904,0.2893675198323657,0.28937115932819196,0.289378293859587,0.2893887230997356,0.2894017495321552,0.2894160836243747,0.2894298568715501,0.28944083847500823,0.28944693944323346,0.2894469394434998,0.2894408384758077,0.2894298568728821,0.28941608362623633,0.2894017495345402,0.28938872310263614,0.2893782938629947,0.2893711593320989,0.2893675198367638,0.2893672115655298,0.2893698370816163,0.28937487410246393,0.2893817567748676,0.28938993085105635,0.28939888728686347,0.28940817956345477,0.28941742963852896,0.28942632656137746,0.2894346208210979,0.28944211662260216,0.28944866357104787,0.28945414870240005,0.2894584894086157,0.2894616275432438,0.28946352482856186,0.28946415959325594
0.2894151230600554,0.2894144840365939,0.2894125740204536,0.2894094148205203,0.28940504494756925,0.28939952288228815,0.28939293167657704,0.2893853848592423,0.28937703352511585,0.28936807432167583,0.28935875778399267,0.2893493960787327,0.2893403686736783,0.28933212373328865,0.2893251721635803,0.2893200702612929,0.2893173860473089,0.2893176439658989,0.28932124341140397,0.28932834966542187,0.2893387630210118,0.2893517853303916,0.28936612484362356,0.28937990917689654,0.2893909024603489,0.28939701072714064,0.289397010727409,0.2893909024611548,0.289379909178241,0.2893661248455046,0.2893517853328031,0.28933876302394523,0.289328349668868,0.2893212434153545,0.2893176439703458,0.2893173860522443,0.28932007026670803,0.28932517216946657,0.2893321237396375,0.289340368680481,0.28934939608597954,0.28935875779167103,0.2893680743297692,0.28937703353360317,0.2893853848680968,0.28939293168577085,0.28939952289179927,0.28940504495738156,0.289409414830612,0.2894125740307769,0.28941448404708886,0.28941512307061873
0.2893572216248146,0.2893565774906719,0.28935465219739565,0.28935146771989445,0.28934706285001016,0.28934149647132207,0.2893348521703605,0.2893272441556357,0.2893188243636691,0.28930979046592825,0.28930039422667386,0.28929094927060117,0.28928183677326785,0.2892735068690751,0.2892664726912254,0.2892612929859447,0.289258538364126,0.2892587358517835,0.28926228718042424,0.28926935938667653,0.28927975350434837,0.28929277063491243,0.2893071163878111,0.28932091375984437,0.28933192084260523,0.289338037745573,0.289338037745843,0.2893319208434169,0.28932091376120045,0.2893071163897114,0.2892927706373519,0.2892797535073189,0.28926935939016923,0.2892622871844304,0.2892587358562946,0.28925853836913323,0.28926129299143855,0.2892664726971965,0.2892735068755158,0.28928183678017055,0.28929094927795773,0.2893003942344735,0.2893097904741551,0.289318824372303,0.2893272441646503,0.289334852179729,0.2893414964810249,0.28934706286003,0.28935146773021037,0.2893546522079607,0.2893565775014217,0.28935722163564026
0.2892904810829129,0.28928983094601424,0.28928788770937763,0.28928467354412324,0.2892802275741229,0.2892746091586026,0.28926790251476076,0.2892602226521583,0.28925172249824355,0.289242600928724,0.28923311115183264,0.2892235685032275,0.28921435616047503,0.2892059265651771,0.2891987954568502,0.2891935244460866,0.2891906871705788,0.2891908136719319,0.28919430841053334,0.28920134047192736,0.2892117117557334,0.28922472249089215,0.2892390752129507,0.2892528875410781,0.28926391053799516,0.2892700374189766,0.2892700374192488,0.289263910538814,0.2892528875424485,0.2892390752148745,0.2892247224933653,0.28921171175874816,0.28920134047547447,0.28919430841460364,0.28919081367651644,0.2891906871756687,0.28919352445167207,0.2891987954629218,0.2892059265717266,0.28921435616749525,0.28922356851071096,0.2892331111597703,0.2892426009371019,0.28925172250704323,0.28926022266135376,0.289267902524326,0.289274609168519,0.28928022758437394,0.28928467355468723,0.2892878877202076,0.2892898309570418,0.28929048109402383
0.2892149315242889,0.2892142744450654,0.2892123104570667,0.2892090619599366,0.2892045684640629,0.2891988898819752,0.2891921111638423,0.28918434824922795,0.28917575521467553,0.2891665323306208,0.289156934475591,0.28914727896196246,0.28913795127761105,0.28912940652382113,0.28912216344175357,0.2891167869380937,0.2891138541310656,0.28911389852788494,0.28911732772370136,0.2891243131573773,0.2891346577243086,0.2891476606563994,0.28916202097023874,0.28917585012836483,0.2891868911475514,0.2891930293525388,0.28919302935281377,0.2891868911483797,0.28917585012975316,0.2891620209721908,0.28914766065891223,0.28913465772737473,0.2891243131609873,0.2891173277278459,0.28911389853255465,0.28911385413625074,0.28911678694378395,0.28912216344793923,0.2891294065304942,0.2891379512847645,0.28914727896958936,0.2891569344836835,0.28916653233916717,0.2891757552236587,0.2891843482586245,0.2891921111736264,0.2891988898921277,0.2892045684745701,0.28920906197077584,0.2892123104681883,0.28921427445639664,0.2892149315357114
0.28913060746937486,0.28912994245309404,0.28912795474107317,0.28912466699627853,0.2891201191742263,0.2891143718241511,0.28910751073882207,0.28909965292564105,0.2890909537788285,0.28908161516595954,0.2890718938755894,0.2890621094774474,0.28905265009431413,0.2890439738572465,0.2890366029230896,0.28903110594578285,0.2890280639973323,0.2890280145192022,0.28903136866348156,0.28903830053884494,0.28904861417206495,0.2890616076703927,0.28907597607288404,0.2890898238826614,0.28910088502283576,0.28910703590173387,0.28910703590201287,0.2891008850236767,0.28908982388407256,0.2890759760748705,0.28906160767295236,0.28904861417519057,0.28903830054252694,0.28903136866771045,0.28902801452396865,0.289028064002626,0.2890311059515927,0.28903660292940453,0.289043973864058,0.28905265010161585,0.28906210948523386,0.2890718938838539,0.2890816151746919,0.28909095378801253,0.2890996529352563,0.2891075107488447,0.2891143718345612,0.2891201191850122,0.2891246670074156,0.28912795475250835,0.28912994246475027,0.28913060748113023
0.2890375480459894,0.2890368740347387,0.28903485943746193,0.28903152721812375,0.2890269178407545,0.28902109258132797,0.2890141381933017,0.28900617289998703,0.2889973535938432,0.28898788395568636,0.28897802293920805,0.28896809266914925,0.2889584842464056,0.2889496592219795,0.288942143603752,0.28893651026618583,0.28893334473050175,0.28893318886218994,0.2889364578109436,0.28894332868544836,0.2889536067858356,0.28896658896355365,0.2889809658062452,0.28899483402790627,0.28900591737560444,0.2890120822819601,0.2890120822822445,0.28900591737646214,0.2889948340293465,0.28898096580827404,0.2889665889661695,0.2889536067890309,0.2889433286892134,0.28893645781526867,0.2889331888670652,0.2889333447359164,0.2889365102721283,0.2889421436102106,0.28894965922894505,0.28895848425387183,0.2889680926771112,0.2889780229476605,0.2889878839646215,0.2889973536032458,0.28900617290983804,0.28901413820358046,0.2890210925920149,0.28902691785183865,0.2890315272295792,0.2890348594492322,0.28903687404674155,0.28903754805809834
0.288935797205284,0.28893511306975833,0.28893306821290954,0.288929685940667,0.2889250072944098,0.28891909437444996,0.2889120350226501,0.2889039488379401,0.28889499440517497,0.2888853774500234,0.2888753593638073,0.28886526514315947,0.2888554892312857,0.2888464970119168,0.28883881880328915,0.2888330321984977,0.2888297276883149,0.28882945207574895,0.28883262496948603,0.28883942682376973,0.2888496643611948,0.2888626330422626,0.2888770185121331,0.288890908835772,0.2889020164629819,0.2889081967539631,0.2889081967542543,0.28890201646386005,0.2888909088372472,0.28887701851421216,0.2888626330449439,0.28884966436447024,0.28883942682762903,0.2888326249739188,0.2888294520807451,0.28882972769386334,0.2888330322045863,0.2888388188099057,0.2888464970190516,0.28885548923893245,0.28886526515131383,0.2888753593724646,0.28888537745917786,0.2888949944148137,0.2889039488480453,0.28891203503320345,0.2889190943854333,0.2889250073058119,0.2889296859524611,0.28893306822503584,0.2889351130821281,0.2889357972177673
0.28882540399013706,0.28882470852155046,0.2888226297936106,0.28881919149887597,0.2888144353310355,0.2888084243208329,0.2888012475370478,0.2887930261269631,0.2887839205771769,0.28877413890712234,0.2887639452376098,0.28875366777542144,0.2887437046935849,0.28873452564644564,0.2887266657485132,0.28872070783718073,0.28871724792073156,0.28871683827948075,0.28871990346546406,0.28872662764101553,0.28873681910813764,0.2887497717967199,0.28876416589919296,0.28877807993797455,0.2887892139011871,0.288795410938316,0.28879541093861516,0.28878921390208945,0.2887780799394905,0.2887641659013295,0.2887497717994754,0.2887368191115031,0.28872662764497975,0.288719903470016,0.2887168382846101,0.28871724792642667,0.28872070784342874,0.28872666575530165,0.2887345256537643,0.2887437047014273,0.28875366778378436,0.28876394524648935,0.28877413891651343,0.2887839205870691,0.28879302613734026,0.2888012475478933,0.28880842433213066,0.28881443534277346,0.28881919151102686,0.2888226298061114,0.28882470853430603,0.28882540400301343
0.28870642287747367,0.2887057147802347,0.28870359831063425,0.28870009759660337,0.2886952550658486,0.2886891347949804,0.2886818272300607,0.28867345525373855,0.28866418148032397,0.28865421649083167,0.2886438274485546,0.2886333461320063,0.2886231748569848,0.2886137880137355,0.28860572602800766,0.28859957753728555,0.2885959446455467,0.2885953856789925,0.28859833064251333,0.2886049677876389,0.2886151071612187,0.2886280410177352,0.2886424435653503,0.2886563828532171,0.28866754519562504,0.2886737603471323,0.2886737603474407,0.2886675451965549,0.28865638285477885,0.288642443567551,0.2886280410205729,0.28861510716468347,0.2886049677917179,0.2885983306471947,0.28859538568426546,0.2885959446513995,0.2885995775437049,0.2886057260349805,0.28861378802125176,0.2886231748650374,0.28863334614059316,0.28864382745767303,0.2886542165004771,0.28866418149048767,0.28867345526440635,0.2886818272412168,0.288689134806611,0.28869525507794075,0.28870009760913007,0.28870359832352904,0.28870571479339635,0.28870642289076304
0.2885789142288304,0.28857819211512575,0.28857603375808927,0.2885724637741283,0.2885675254138779,0.2885612839252097,0.28855383129444334,0.2885452923417698,0.28853583205280775,0.28852566385800177,0.28851505829852064,0.28850435111093187,0.28849394919378557,0.2884843321677078,0.28847604631570556,0.2884696866634533,0.28846586202131486,0.2884651373610012,0.28846794867691355,0.2884744887109093,0.28848456942917167,0.2884974812601271,0.2885118918725856,0.2885258578707571,0.2885370506304678,0.28854328527670414,0.28854328527702267,0.2885370506314277,0.2885258578723685,0.28851189187485576,0.2884974812630535,0.2884845694327433,0.288474488715112,0.288467948681734,0.2884651373664276,0.2884658620273352,0.28846968667005446,0.2884760463228743,0.2884843321754341,0.28849394920206284,0.2885043511197578,0.28851505830789415,0.28852566386791934,0.28853583206326167,0.28854529235274756,0.2885538313059301,0.2885612839371935,0.2885675254263446,0.2885724637870506,0.28857603377139734,0.28857819212871344,0.2885789142425525
0.2884429449035648,0.28844220729184084,0.2884400026218564,0.28843635605602685,0.2884313117641253,0.28842493630074933,0.28841732336817466,0.28840859994158075,0.28839893363922814,0.28838854104900646,0.28837769644795747,0.28836673994209727,0.28835608348026953,0.2883462124379366,0.2883376795335139,0.28833108680265496,0.28832705040694573,0.2883261425960264,0.288328805919259,0.28833523803120326,0.2883452530012951,0.28835813927455783,0.2883725573994436,0.28838655151866405,0.2883977767475538,0.2884040322917694,0.28840403229209877,0.28839777674854583,0.2883865515203284,0.2883725574017874,0.28835813927757825,0.28834525300498004,0.28833523803553707,0.28832880592422694,0.2883261426016155,0.28832705041314355,0.28833108680944824,0.28833767954088924,0.2883462124458843,0.2883560834887838,0.28836673995117634,0.2883776964576016,0.2883885410592132,0.288398933649991,0.2884085999528881,0.28841732338001264,0.2884249363131068,0.2884313117769874,0.28843635606936496,0.2884400026355975,0.2884422073058745,0.28844294491773903
0.28829858912032075,0.2882978344410256,0.2882955787699547,0.2882918478771365,0.28828668695438975,0.2882801640077095,0.2882723746426195,0.28826344822062033,0.2882535552700862,0.2882429158627899,0.28823180839046053,0.28822057776332793,0.2882096414741545,0.2881994912065635,0.2881906867240326,0.2881838377275893,0.28817956840946246,0.2881784589632835,0.288180959088636,0.28818727179721854,0.288197213455248,0.28821007035935053,0.2882244953282482,0.28823851897773384,0.28824977877819824,0.28825605666630255,0.28825605666664345,0.28824977877922436,0.2882385189794538,0.2882244953306689,0.28821007036246915,0.2881972134590516,0.28818727180168957,0.28818095909375835,0.288178458969043,0.2881795684158462,0.2881838377345841,0.288190686731625,0.2881994912147439,0.2882096414829182,0.2882205777726741,0.2882318084003906,0.2882429158733027,0.28825355528117647,0.288263448232277,0.28827237465482974,0.28828016402046186,0.28828668696766885,0.2882918478909112,0.2882955787841482,0.2882978344555242,0.2882985891349659
0.28814592970008723,0.288145156314225,0.2881428447465907,0.2881390214393858,0.2881337327142004,0.28812704817966595,0.28811906554005484,0.2881099167843263,0.2880997756399017,0.2880888660021783,0.28807747077185314,0.2880659401161778,0.2880546975865204,0.28804424175241716,0.28803514005994546,0.28802801056186816,0.2880234861934534,0.28802215579135626,0.2880244768304515,0.28803065814632933,0.2880405186050776,0.28805334218134415,0.28806777332406325,0.28808182800396115,0.2880931245946586,0.28809942634947266,0.28809942634982555,0.28809312459572,0.2880818280057385,0.28806777332656314,0.288053342184564,0.2880405186090038,0.28803065815094275,0.2880244768357344,0.2880221557972935,0.2880234862000315,0.2880280105690736,0.28803514006776537,0.28804424176084176,0.28805469759554586,0.28806594012580444,0.2880774707820838,0.28808886601301337,0.2880997756513369,0.28810991679635173,0.2881190655526582,0.2881270481928343,0.28813373272791765,0.288139021453617,0.2881428447612551,0.28814515632920595,0.28814592971522096
0.28798505989627615,0.28798426613578176,0.2879818936890747,0.2879779697355748,0.2879725418350724,0.2879656813508896,0.28795748828242673,0.2879480974882556,0.28793768618520105,0.28792648243435165,0.28791477404360055,0.2879029168965008,0.28789134112766884,0.28788055278461094,0.28787112765274336,0.287863692846983,0.2878588907860332,0.28785731967847045,0.2878594454278138,0.287865483182133,0.287875254519891,0.28788804091097553,0.2879024777620096,0.2879165652244892,0.2879279010515826,0.28793422832976284,0.2879342283301284,0.287927901052681,0.2879165652263261,0.28790247776459066,0.28788804091429865,0.2878752545239423,0.28786548318689237,0.28785944543326186,0.28785731968459144,0.28785889079281307,0.28786369285440777,0.2878711276608005,0.28788055279329083,0.28789134113696824,0.2879029169064215,0.2879147740541465,0.28792648244552466,0.2879376861969983,0.28794809750066813,0.28795748829544265,0.2879656813644943,0.28797254184924775,0.2879779697502814,0.28798189370422783,0.28798426615126155,0.2879850599119144
0.2878160861246276,0.2878152703689711,0.287812832201871,0.28780879960073164,0.28780322146474074,0.2877961710537259,0.28778775084542324,0.2877780987943898,0.28776739587949046,0.28775587465098645,0.28774382820421024,0.2877316185826815,0.2877196830175736,0.28770853562116155,0.28769876117712406,0.28769099658316355,0.2876858944994825,0.2876840632585241,0.2876859778704128,0.2876918603048704,0.2877015350748217,0.2877142809538596,0.28772872360096496,0.28774284611640877,0.2877542240341361,0.2877605787175318,0.28776057871791044,0.2877542240352729,0.287742846118307,0.28772872360362917,0.28771428095728757,0.28770153507899987,0.28769186030977795,0.28768597787602934,0.2876840632648331,0.28768589450647014,0.2876909965908158,0.287698761185428,0.28770853563010795,0.2877196830271595,0.28773161859290974,0.28774382821508604,0.28775587466251307,0.28776739589166617,0.2877780988072067,0.28778775085887,0.28779617106778604,0.2878032214793933,0.28780879961593164,0.2878128322175303,0.2878152703849657,0.28781608614078585
0.28763913206353303,0.2876382928752787,0.2876357846914644,0.28763163633535754,0.28762589812519834,0.28761864532897824,0.287609983047533,0.28760005251182935,0.28758903868336666,0.2875771788690372,0.2875647717746453,0.287552185992267,0.28753986631357287,0.2875283354621725,0.2875181878506516,0.28751007086549474,0.28750464816553706,0.28750253896981126,0.28750422809116616,0.28750994484903725,0.28751951692404387,0.2875322201962666,0.287546669841787,0.28756083062123855,0.28757225417500365,0.28757863851276144,0.2875786385131539,0.28757225417618026,0.2875608306231998,0.2875466698445357,0.28753222019980057,0.28751951692834965,0.2875099448540939,0.28750422809695303,0.2875025389763116,0.28750464817273746,0.2875100708733815,0.28751818785921124,0.28752833547139606,0.28753986632345757,0.2875521860028166,0.28756477178586554,0.28757717888093276,0.2875890386959367,0.2876000525250674,0.28760998306142793,0.287618645343512,0.287625898140346,0.2876316363510688,0.2876357847076476,0.28763829289180504,0.28763913208022773
0.28745434482400967,0.28745348117877134,0.287450899911813,0.2874466307123454,0.28744072535098253,0.28743326115090173,0.28742434589863014,0.2874141241838722,0.28740278506004546,0.2873905707375495,0.28737778573095474,0.2873648054466117,0.2873520825860798,0.2873401489309013,0.28732960907313165,0.28732112153743206,0.28731536170644445,0.28731296043937676,0.28731441305648925,0.28731995677294786,0.28732942268678524,0.2873420835905056,0.28735654342164424,0.28737074726430445,0.28738222112046224,0.28738863794343766,0.28738863794384456,0.2873822211216805,0.28737074726633066,0.28735654342447864,0.28734208359414576,0.2873294226912184,0.28731995677815353,0.28731441306244687,0.28731296044607024,0.287315361713861,0.28732112154555867,0.2873296090819551,0.28734014894041193,0.2873520825962752,0.2873648054574959,0.28737778574253386,0.28739057074982893,0.28740278507302525,0.28741412419754725,0.2874243459129894,0.28743326116592577,0.28744072536664245,0.2874466307285854,0.2874508999285377,0.2874534811958472,0.28745434484125854
0.2872619042154253,0.28726101588089303,0.28725836082295486,0.2872539695639296,0.2872478952720224,0.28724021724987925,0.2872310458764559,0.28722052899657174,0.2872088596537527,0.2871962848796349,0.2871831149577618,0.2871697321381137,0.28715659715829983,0.28714425110536884,0.2871333091361337,0.2871244414380938,0.287118335761686,0.28711563532068496,0.28711684664381154,0.28712221540880534,0.2871315764113671,0.2871441991861672,0.2871586756787645,0.2871729299318715,0.28718446050938307,0.2871909135435038,0.2871909135439254,0.287184460510644,0.2871729299339643,0.28715867568168557,0.28714419918991335,0.2871315764159266,0.28712221541415867,0.2871168466499392,0.28711563532757217,0.28711833576932105,0.2871244414464646,0.2871333091452273,0.2871442511151751,0.28715659716881625,0.28716973214934444,0.287183114969713,0.2871962848923123,0.2872088596671567,0.2872205290106988,0.2872310458912949,0.28724021726540905,0.28724789528821054,0.2872539695807157,0.28725836084023865,0.2872610158985367,0.2872619042332475
0.28706203659412194,0.28706112474171835,0.28705839936471494,0.28705389169135154,0.28704765607559307,0.2870397735051255,0.28703035658043025,0.28701955596661477,0.2870075682194587,0.28699464470110503,0.28698110099931895,0.28696732581417267,0.28695378764447377,0.28694103677046634,0.2869296989969043,0.28692045646658815,0.2869140097854205,0.28691101515446543,0.28691199099614334,0.28691719205184174,0.2869264571581427,0.28693905248923834,0.28695355729488087,0.28696787322752193,0.2869794695937856,0.286985963901851,0.28698596390228776,0.2869794695950902,0.2869678732296824,0.28695355729788924,0.28693905249308993,0.28692645716282705,0.2869171920573411,0.2869119910024397,0.2869110151615459,0.2869140097932752,0.28692045647520603,0.28692969900627296,0.28694103678057525,0.2869537876553201,0.28696732582576,0.28698110101165364,0.28699464471419256,0.28700756823329976,0.28701955598120693,0.28703035659576226,0.2870397735211748,0.2870476560923238,0.28705389170869944,0.287058399382575,0.28706112475994805,0.28706203661253615
0.2868550354239524,0.286854103599754,0.28685131844571543,0.28684671160723385,0.28684033814318316,0.28683228005708133,0.28682265132410567,0.2868116044268919,0.2867993383106438,0.28678610747662514,0.2867722316231027,0.2867581047813365,0.28674420224873665,0.2867310827692985,0.28671938236093,0.2867097950162901,0.28670303441727846,0.2866997702475586,0.286700533487738,0.2867055886158118,0.28671477898450215,0.286727367460156,0.2867419200355981,0.2867563147267666,0.28676798981509605,0.28677453239284756,0.2867745323932999,0.2867679898164456,0.28675631472899615,0.28674192003869425,0.2867273674641122,0.28671477898930964,0.2867055886214551,0.2867005334942014,0.2866997702548315,0.28670303442535316,0.2867097950251572,0.28671938237057726,0.2867310827797154,0.28674420225991964,0.28675810479328884,0.28677223163583015,0.2867861074901329,0.2867993383249328,0.28681160444196047,0.28682265133994267,0.28683228007366285,0.2868403381604692,0.28684671162515757,0.28685131846416745,0.2868541036185873,0.2868550354429765
0.2866412915601322,0.28664034720558534,0.28663752441299983,0.28663285468704436,0.2866263928622241,0.28661822066336734,0.28660845179864713,0.2865972386161347,0.28658478024893896,0.2865713319741697,0.2865572151883063,0.28654282692398053,0.28652864716925197,0.2865152413786621,0.28650325449467184,0.2864933916057728,0.2864863792651331,0.28648290093102424,0.28648350080445123,0.2864884539333567,0.28649760893331255,0.2865102257393137,0.2865248568445638,0.286539355647596,0.28655112782160724,0.28655772835572635,0.2865577283561945,0.2865511278230022,0.28653935564989524,0.28652485684774803,0.2865102257433736,0.286497608938241,0.2864884539391416,0.2864835008110799,0.2864829009384887,0.2864863792734279,0.28649339161489024,0.28650325450460024,0.28651524138939044,0.2865286471807764,0.2865428269363037,0.28655721520143357,0.28657133198810564,0.2865847802636849,0.2865972386316893,0.2866084518149994,0.28661822068049214,0.286626392880077,0.2866328547055557,0.28663752443205814,0.2866403472250381,0.28664129157978185
0.2864213374661095,0.28642039427346094,0.2864175745870581,0.2864129087738944,0.28640644978233437,0.2863982767409297,0.28638850014651956,0.2863772687024871,0.2863647777562533,0.2863512790717956,0.2863370913305264,0.2863226102521855,0.28630831653754996,0.2862947789375962,0.28628264866014747,0.28627264011399856,0.28626549187597466,0.2862619012035859,0.28626242625321446,0.2862673538254975,0.2862765390872535,0.2862892400571867,0.2863039961268865,0.2863186356582315,0.28633053056103785,0.28633720230960596,0.2863372023100899,0.2863305305624784,0.28631863566060106,0.28630399613015867,0.2862892400613488,0.28627653909230055,0.28626735383142127,0.2862624262600063,0.2862619012112405,0.28626549188448897,0.2862726401233668,0.2862826486703586,0.2862947789486386,0.2863083165494189,0.28632261026488337,0.2863370913440585,0.28635127908616564,0.2863647777714635,0.28637726871853614,0.28638850016339595,0.28639827675860696,0.2864064498007639,0.286412908793004,0.28641757460673506,0.2864203942935469,0.2864213374863986
0.2861959111814961,0.2861949927079001,0.28619224623283346,0.28618769928415744,0.2861814000848773,0.2861734212014022,0.28616386487113954,0.2861528701209355,0.28614062166620546,0.286127360344948,0.2861133944661363,0.2860991109123779,0.286084984108267,0.28607158003420696,0.28605955134522304,0.2860496184269277,0.2860425301023311,0.2860389971529666,0.28603959269404294,0.2860446171909068,0.2860539346995418,0.28606680354979275,0.2860817516485683,0.2860965829906281,0.28610863542609977,0.2861153960810859,0.2861153960815856,0.2861086354275857,0.2860965829930673,0.2860817516519272,0.2860668035540548,0.2860539347047042,0.2860446171969659,0.28603959270099466,0.28603899716080905,0.28604253011106384,0.2860496184365465,0.2860595513557172,0.2860715800455643,0.2860849841204822,0.2860991109254529,0.28611339448007655,0.2861273603597569,0.2861406216818856,0.2861528701374861,0.2861638648885482,0.28617342121964,0.28618140010389215,0.2861876993038746,0.2861922462531395,0.28619499272863064,0.28619591120243615
0.28596604799319214,0.28596519316189933,0.2859626357314332,0.28595839757450686,0.2859525174823085,0.2859450548712572,0.285936095313636,0.28592575809101556,0.28591420583092086,0.2859016560136929,0.28588839370781377,0.28587478429030005,0.2858612841197433,0.28584844614816346,0.2858369163055536,0.28582741525314237,0.28582069899514007,0.2858174913247807,0.28581838202340115,0.2858236885934903,0.28583328829839855,0.28584644424486794,0.28586167670999146,0.2858767680006887,0.28588902321928716,0.28589589541410676,0.28589589541462185,0.28588902322081716,0.2858767680031954,0.28586167671343415,0.28584644424922606,0.28583328830367094,0.2858236885996794,0.28581838203050813,0.28581749133280765,0.2858206990040893,0.28582741526301075,0.2858369163163307,0.2858484461598363,0.2858612841323059,0.2858747843037541,0.28588839372216507,0.28590165602894485,0.2859142058470764,0.28592575810807436,0.28593609533158476,0.28594505489006344,0.28595251750191725,0.28595839759484076,0.2859626357523777,0.2859651931832845,0.2859660480147927
0.2857332105613238,0.28573248197866763,0.2857302998981199,0.28572667598037477,0.28572163195268274,0.2857152033687556,0.2857074454249412,0.28569844118441434,0.2856883123941008,0.2856772327407313,0.28566544287165296,0.28565326579987355,0.2856411204247973,0.28562952984262646,0.28561911992789246,0.2856106024314383,0.2856047357767776,0.2856022563025211,0.2856037737569745,0.2856096288749805,0.285619720096575,0.2856333238134774,0.28564896053413813,0.28566439715117853,0.2856769102215495,0.28568392098644424,0.2856839209869738,0.2856769102231208,0.2856643971537487,0.28564896053765987,0.2856333238179252,0.28561972010195,0.28560962888129204,0.28560377376423024,0.28560225631072766,0.2856047357859402,0.28561060244155484,0.2856191199389521,0.2856295298546155,0.28564112043770845,0.285653265813709,0.28566544288641876,0.2856772327564316,0.2856883124107386,0.2856984412019893,0.2857074454434388,0.28571520338813927,0.28572163197289446,0.285726676001335,0.28573029991971266,0.2857324820007176,0.2857332105835945
0.28549947188017855,0.2854989683378834,0.28549745558014394,0.2854949278127139,0.28549137753431747,0.2854867992996113,0.28548119591019827,0.28547458765511086,0.2854670250067642,0.2854586047284278,0.285449488669545,0.2854399236396572,0.2854302596967382,0.28542096300608516,0.2854126181799708,0.2854059137977416,0.28540160384255486,0.2854004375155914,0.28540305114874553,0.2854098202016205,0.2854206788582288,0.2854349324715213,0.28545111667615114,0.28546699550777893,0.28547982623486984,0.28548700406954647,0.285487004070089,0.28547982623647794,0.2854669955104054,0.2854511166797429,0.2854349324760487,0.28542067886369527,0.28540982020804334,0.2854030511561402,0.2854004375239701,0.28540160385192587,0.28540591380810393,0.2854126181913131,0.2854209630183918,0.28543025971000113,0.28543992365387827,0.2854494886847309,0.2854586047445839,0.285467025023894,0.28547458767321293,0.28548119592925647,0.28548679931958415,0.2854913775551437,0.2854949278343121,0.28549745560239626,0.28549896836060923,0.2854994719031301
0.2852677700946764,0.2852676452734904,0.2852672591280921,0.2852665770726388,0.2852655432690543,0.2852640842302415,0.285262115440407,0.2852595520925473,0.2852563247464454,0.28525240006803926,0.2852478058550103,0.2852426583557316,0.2852371885458131,0.28523176264263467,0.2852268908164929,0.28522321691718305,0.28522148127629465,0.28522244867265567,0.28522679516353766,0.28523495212454814,0.2852469157673826,0.2852620485962672,0.28527892841946534,0.2852953397658518,0.28530853853202803,0.2853159056869195,0.2853159056874723,0.28530853853366556,0.2852953397685233,0.28527892842311303,0.28526204860085846,0.28524691577292344,0.2852349521310652,0.2852267951710561,0.2852224486811947,0.28522148128586616,0.28522321692778724,0.2852268908281172,0.2852317626552614,0.28523718855943286,0.28524265837034596,0.28524780587062637,0.2852524000846631,0.28525632476408136,0.2852595521111923,0.2852621154600421,0.28526408425081945,0.28526554329051046,0.28526657709488995,0.2852672591510182,0.28526764529690596,0.28526777011832255
0.285042260031291,0.2850427503684468,0.2850441943703293,0.2850465111645159,0.28504956695293604,0.28505317803620017,0.28505711777585835,0.28506112944695045,0.2850649465016742,0.28506832079087757,0.28507105785217157,0.28507305662803495,0.2850743491296624,0.28507513382663124,0.2850757951050417,0.2850769001509185,0.2850791642541797,0.28508337611858425,0.28509027700648265,0.2851003927948007,0.2851138284944285,0.2851300534978373,0.2851477355432515,0.2851647212676967,0.2851782977066806,0.2851858534758492,0.2851858534764084,0.2851782977083362,0.2851647212703955,0.2851477355469334,0.2851300535024679,0.28511382850001776,0.2851003928013861,0.28509027701410156,0.28508337612726475,0.28507916426393837,0.28507690016175696,0.2850757951169463,0.2850751338395817,0.285074349143647,0.28507305664305477,0.28507105786823383,0.28506832080798844,0.28506494651983805,0.28506112946616186,0.28505711779609355,0.285053178057406,0.2850495669750437,0.28504651118744123,0.28504419439394924,0.28504275039257143,0.2850422600556518
0.2848287934930726,0.28483025955756824,0.2848346066501139,0.28484168098575396,0.28485122546001534,0.28486288112767827,0.2848761940340288,0.2848906308705442,0.28490560627549455,0.2849205230569096,0.2849348243360673,0.2849480538979553,0.2849599182927153,0.2849703418760127,0.284979504349537,0.28498784968206436,0.28499605567723413,0.2850049550795546,0.2850154024706186,0.28502808746469255,0.2850433059831589,0.28506072068762484,0.28507917185882437,0.28509664036504523,0.28511050113929676,0.28511818906568104,0.28511818906624065,0.28511050114095343,0.2850966403677449,0.2850791718625076,0.2850607206922584,0.28504330598875827,0.2850280874713082,0.28501540247830304,0.28500495508834756,0.2849960556871587,0.28498784969312463,0.28497950436171815,0.2849703418892917,0.28495991830707745,0.28494805391340017,0.28493482435260103,0.2849205230745376,0.28490560629421946,0.2848906308903565,0.2848761940548985,0.2848628811495453,0.28485122548280667,0.2848416810093843,0.2848346066744565,0.28483025958243,0.28482879351817625
0.2846355689642503,0.28463855669000854,0.28464743158360034,0.28466192700895615,0.28468159403223686,0.28470579926865774,0.28473373020662396,0.28476441418888815,0.2847967562285072,0.284829598324423,0.2848617991946471,0.28489232892304517,0.28492036867368803,0.2849454021574471,0.2849672835787064,0.2849862666857341,0.2850029813181499,0.2850183473631632,0.28503342138715704,0.2850491791782557,0.2850662498963785,0.28508463746954643,0.28510349533674284,0.28512106106985663,0.28513489402511755,0.2851425412986354,0.2851425412991867,0.2851348940267505,0.2851210610725193,0.28510349534038026,0.2850846374741301,0.28506624990193274,0.28504917918484673,0.2850334213948566,0.2850183473720263,0.2850029813282087,0.284986266696997,0.28496728359115786,0.2849454021710612,0.28492036868844656,0.28489232893894484,0.2848617992116911,0.28482959834261384,0.28479675624784273,0.28476441420935256,0.28473373022817877,0.2847057992912356,0.28468159405575877,0.2846619270333366,0.28464743160870887,0.28463855671564947,0.28463556899013903
0.2844740011960959,0.284479332213499,0.2844951805768005,0.28452110784333273,0.284556371139345,0.28459991307312493,0.28465036222347034,0.28470605519791287,0.28476508971274606,0.2848254139948881,0.2848849515058,0.28494175253362447,0.28499415698055797,0.2850409471784433,0.2850814670029144,0.28511568451075014,0.28514417963726324,0.28516804546183955,0.28518870047905814,0.2852076202252584,0.2852260109030252,0.2852444682259423,0.2852626948943212,0.28527938980248674,0.2852924576708019,0.2852996677740384,0.2852996677745691,0.2852924576723766,0.28527938980505935,0.285262694897846,0.2852444682304014,0.28522601090845684,0.28520762023174884,0.2851887004867024,0.2851680454707132,0.28514417964741195,0.2851156845221887,0.28508146701562803,0.2850409471924033,0.2849941569957416,0.2849417525500237,0.28488495152341237,0.2848254140137097,0.28476508973276626,0.28470605521910547,0.2846503622457851,0.28459991309648597,0.28455637116366717,0.2845211078685291,0.2844951806027381,0.28447933223998056,0.28447400122283234
0.2843598715891275,0.2843687760141983,0.28439526053604314,0.2844386294806221,0.284497696258364,0.28457075677461136,0.2846555777465627,0.2847494194514806,0.2848491100955762,0.28495118210347414,0.2850520699062914,0.28514835597475663,0.28523703942519846,0.28531579230925486,0.2853831649790719,0.2854387047815713,0.2854829612960239,0.28551736459889016,0.285543978398201,0.2855651459021481,0.2855830634462261,0.2855993379465178,0.2856146130367909,0.28562838607803853,0.2856391711620628,0.28564513970680744,0.2856451397073013,0.2856391711635319,0.28562838608044855,0.28561461304011204,0.2855993379507515,0.2855830634514308,0.2855651459084357,0.28554397840569656,0.28551736460769633,0.2854829613062047,0.2854387047931515,0.2853831649920397,0.28531579232357923,0.28523703944085066,0.28514835599172134,0.2850520699245567,0.28495118212302484,0.28484911011638736,0.2847494194735107,0.2846555777697449,0.2845707567988597,0.2844976962835864,0.2844386295067299,0.28439526056290093,0.28436877604160893,0.28435987161680176
0.28431482996395707,0.2843291407851067,0.2843717216157516,0.2844414985422783,0.2845366256441662,0.2846544252997195,0.28479134907322806,0.2849429937467503,0.2851042036523837,0.28526927907081684,0.2854322921268325,0.2855874892500406,0.28572973741906504,0.2858549552823228,0.2859604642581324,0.2860452009660856,0.2861097497853964,0.2861561791094261,0.2861876918279403,0.2862081255219162,0.2862213595399123,0.2862307070336692,0.2862383951145811,0.28624526814818696,0.28625087645789765,0.2862540833536138,0.2862540833540496,0.28625087645919967,0.28624526815034,0.2862383951175803,0.286230707037546,0.2862213595447547,0.28620812552787017,0.28618769183516984,0.286156179118068,0.28610974979554005,0.28604520097777025,0.2859604642713515,0.2858549552970428,0.2857297374352496,0.28558748926766436,0.2854322921458695,0.28526927909123356,0.2851042036741342,0.2849429937697699,0.2847913490974284,0.2846544253250015,0.2845366256704297,0.2844414985694319,0.284371721643659,0.28432914081357236,0.2843148299926964
0.284368324582415,0.28439076073411046,0.2844575419569861,0.284567049577822,0.28471647506780656,0.2849016958274964,0.28511717817693255,0.28535596845638966,0.2856098285051475,0.2858695531523917,0.2861254760184379,0.28636813069966366,0.28658899540089355,0.2867812200330869,0.286940224251137,0.28706406709572013,0.28715352182459175,0.28721183535402195,0.28724419971315274,0.2872570035470972,0.28725696052431515,0.2872502306970286,0.287241667616914,0.28723434447934715,0.2872295286511054,0.28722723477649903,0.28722723477685047,0.2872295286521634,0.2872343444811255,0.2872416676194445,0.2872502307003859,0.28725696052863037,0.28725700355256156,0.2872441997199786,0.2872118353623899,0.2871535218346242,0.28706406710747595,0.2869402242646175,0.2867812200482557,0.2865889954177043,0.28636813071807665,0.2861254760384072,0.28586955317385837,0.28560982852803535,0.2853559684806028,0.28511717820235527,0.28490169585401165,0.28471647509530373,0.28456704960620605,0.2844575419861221,0.2843907607638069,0.28436832461239564
0.28456003557562093,0.28459461142574133,0.28469756772114535,0.28486652070631274,0.2850972853312857,0.28538362830345054,0.28571705422449034,0.2860867314961895,0.2864796591883494,0.286881146112842,0.28727562005037244,0.28764771610305245,0.28798352283970013,0.28827181151287395,0.28850505382455116,0.28868005619317755,0.28879809966706543,0.28886455915538467,0.2888880618474818,0.28887931293248337,0.2888497566873149,0.28881025470935023,0.2887699623660724,0.2887355825572419,0.28871117093449317,0.2886986110630618,0.28869861106329753,0.288711170935217,0.2887355825585073,0.28876996236796404,0.2888102547120023,0.2888497566909191,0.2888793129372891,0.28888806185376065,0.2888645591633719,0.2887980996769247,0.2886800562049911,0.28850505383832975,0.288271811528577,0.28798352285726864,0.2876477161224269,0.2872756200714813,0.2868811461355927,0.2864796592126267,0.286086731521857,0.2857170542513982,0.2853836283314585,0.28509728536026935,0.2848665207361716,0.2846975677517485,0.28459461145690385,0.2845600356070791
0.2849428699401634,0.2849954826312359,0.28515222256399,0.28540966567958387,0.2857617084603307,0.28619909247136804,0.2867089624722733,0.28727464357228905,0.2878758185097281,0.28848923926297815,0.2890900173368596,0.2896534158325087,0.29015693891228406,0.2905824147123666,0.2909177289197428,0.2911579062746516,0.29130535020837395,0.2913692067338364,0.2913639746671526,0.2913076011809002,0.291219358626049,0.29111779825785256,0.2910190405170602,0.2909356165983577,0.2908760326022555,0.2908451443137132,0.2908451443137997,0.2908760326025499,0.2909356165989651,0.2910190405181377,0.2911177982596128,0.2912193586287639,0.29130760118489407,0.2913639746727674,0.2913692067413712,0.2913053502180392,0.291157906286555,0.29091772893390283,0.2905824147287354,0.2901569389307856,0.28965341585305915,0.2890900173593564,0.2884892392872894,0.28787581853569216,0.28727464359972066,0.28670896250098177,0.28619909250118475,0.28576170849111426,0.28540966571122517,0.28515222259636347,0.28499548266416547,0.2849428699734017
0.2855865330345733,0.2856657958822812,0.2859020705549731,0.28629057988351714,0.286822634852082,0.28748474202588536,0.28825772868049043,0.289116205135968,0.2900286863949639,0.29095862470197736,0.2918664550794425,0.2927125433915554,0.29346069433778743,0.29408168907036353,0.29455624383416473,0.2948768505688636,0.2950481684453243,0.2950859236068471,0.2950145582310111,0.29486407278909965,0.2946665870892143,0.29445311268958885,0.2942509234785619,0.2940817857717615,0.29396119693240164,0.2938986527400098,0.29389865273991617,0.29396119693218076,0.29408178577158284,0.29425092347867776,0.2944531126903131,0.2946665870909195,0.2948640727922009,0.29501455823592915,0.2950859236139479,0.29504816845486426,0.29487685058097235,0.29455624384886203,0.2940816890875882,0.293460694357441,0.2927125434135266,0.2918664551035967,0.2909586247281414,0.29002868642292706,0.28911620516549413,0.28825772871134403,0.28748474205786445,0.28682263488502474,0.2862905799173027,0.2859020705894807,0.2856657959173423,0.2855865330699591
0.28658160681389117,0.2867000158369142,0.2870532416989735,0.28763486044444103,0.2884328579656475,0.28942799036324085,0.29059210599480517,0.2918869734852849,0.29326418453506453,0.29466660091973973,0.2960315707101602,0.2972957681711769,0.29840108801749876,0.29930066762422747,0.29996395008962506,0.3003798189851154,0.3005572191829393,0.30052321358293776,0.30031894492607447,0.2999943257326258,0.2996023942891215,0.2991941687319291,0.29881458924573834,0.2984998642268471,0.2982763029277422,0.2981605147706291,0.29816051477033684,0.2982763029269564,0.2984998642258174,0.29881458924483445,0.2991941687315915,0.29960239428984076,0.29999432573491797,0.3003189449304399,0.3005232135898005,0.3005572191925878,0.300379818997685,0.2999639501051215,0.2993006676425644,0.2984010880385508,0.29729576819480796,0.2960315707362108,0.2946666009480043,0.29326418456529246,0.2918869735171965,0.29059210602812363,0.2894279903977289,0.2884328580011198,0.28763486048076053,0.28705324173601926,0.2867000158745185,0.2865816068518379
0.28804391943463786,0.2882194583923393,0.28874358347144014,0.28960808262173254,0.290796960458723,0.2922834856386122,0.2940270547789359,0.29597078756768397,0.29804084897373107,0.30014836935641814,0.30219444440639043,0.3040780557505954,0.3057059784910172,0.3070030573605457,0.3079208991866027,0.30844322403518243,0.3085868270564039,0.30839810340900076,0.30794604392803054,0.3073132278865602,0.30658649050714726,0.3058486788687775,0.3051724045798726,0.3046161564463779,0.3042226948970077,0.30401933242992213,0.30401933242944024,0.3042226948956887,0.3046161564445676,0.3051724045780778,0.3058486788675862,0.30658649050717907,0.3073132278884307,0.30794604393230174,0.3083981034161226,0.308586827066661,0.3084432240486798,0.30792089920330123,0.30700305738031664,0.30570597851370596,0.30407805577605346,0.3021944444344574,0.30014836938688594,0.2980408490063379,0.29597078760213075,0.2940270548149207,0.2922834856758686,0.2907969604970404,0.28960808266094984,0.2887435835114244,0.28821945843290925,0.2880439194755674
0.29011876239194173,0.29037706380780504,0.29114915148726095,0.29242530843972475,0.29418533856028495,0.29639335089459323,0.2989920292804907,0.3018978989172996,0.30499931515657974,0.30815877948158166,0.31122059261131,0.31402375843219804,0.31641863697164013,0.3182845228194894,0.31954462428877556,0.3201752283415781,0.32020715686777396,0.31971950314882125,0.31882740373779056,0.31766668031313655,0.3163783540073594,0.3150954333788131,0.3139333675919743,0.31298452433570606,0.312316260897324,0.3119716671240149,0.3119716671233997,0.3123162608956444,0.3129845243334181,0.3139333675897363,0.3150954333773712,0.3163783540074579,0.31766668031546297,0.3188274037429185,0.3197195031571592,0.3202071568795303,0.3201752283567605,0.31954462430725006,0.3182845228410615,0.3164186369961291,0.3140237584594727,0.3112205926412598,0.3081587795140577,0.3049993151913708,0.3018978989541388,0.29899202931908747,0.2963933509346708,0.2941853386016071,0.29242530848209364,0.29114915153050924,0.2903770638517095,0.2901187624362223
0.29298418024101647,0.2933613555441972,0.294490259275593,0.29636088751681294,0.2989497668377393,0.3022109178073153,0.3060656014481791,0.3103932949656631,0.3150268466291952,0.31975474447047203,0.32433257816718997,0.32850393102905207,0.3320283574131996,0.3347115318360324,0.33643117070194,0.33715279207882903,0.3369318565531334,0.3359024109651024,0.33425564058761686,0.3322136051180015,0.33000352679858186,0.32783668672831356,0.32589401791634753,0.32431859060181223,0.32321382421508443,0.3226455313467311,0.322645531346114,0.32321382421344,0.3243185905997122,0.32589401791460365,0.3278366867278193,0.3300035268001709,0.3322136051223641,0.3342556405952411,0.33590241097623613,0.33693185656778646,0.33715279209680704,0.33643117072294176,0.3347115318597663,0.33202835743947373,0.3285039310578106,0.3243325781984605,0.31975474450427055,0.3150268466654676,0.310393295004267,0.3060656014889012,0.30221091784990245,0.2989497668819343,0.2963608875623626,0.29449025932225814,0.2933613555916625,0.29298418028887646
0.2968521160758843,0.2973983304200914,0.29903573620507345,0.3017570939257147,0.30553902156906093,0.31032665289948047,0.31601566223541994,0.32243551035180257,0.32933887190457833,0.33640255658692586,0.34324413864381403,0.3494554923780212,0.3546497451340556,0.35851313566452914,0.3608500888150036,0.3616104389052787,0.3608924346846046,0.3589220374837029,0.35601516079726314,0.35253269452606606,0.34883788636729146,0.34526285702822,0.34208725731021855,0.33952868966717203,0.33774226324713996,0.3368256306625417,0.33682563066215826,0.33774226324623435,0.3395286896664234,0.3420872573105703,0.3452628570306647,0.34883788637266977,0.35253269453494107,0.35601516080987267,0.35892203749994855,0.3608924347041175,0.36161043892751904,0.36085008883941116,0.3585131356906842,0.3546497451617898,0.34945549240744506,0.34324413867522663,0.33640255662066676,0.3293388719409107,0.3224355103908504,0.31601566227714956,0.31032665294372025,0.30553902161554686,0.3017570939741128,0.2990357362550145,0.2973983304710904,0.2968521161273059
0.301965662966729,0.3027494345673186,0.3051032792110633,0.30902910295672037,0.31451168685317654,0.321493205035502,0.3298423660716131,0.339324039796193,0.3495775321943292,0.36011299861665574,0.37033440807752505,0.3795927309168314,0.38726459203631314,0.392841757410969,0.39600995306243675,0.39669612671092175,0.39507231531169923,0.3915176853710151,0.3865518336141457,0.38075776113355064,0.3747115058486758,0.36892955645545417,0.3638380602339479,0.35976193243135857,0.356928404317711,0.35547826712768554,0.3554782671279002,0.3569284043186295,0.3597619324337363,0.3638380602387975,0.36892955646376124,0.3747115058611313,0.38075776115037985,0.38655183363508794,0.3915176853953726,0.3950723153384971,0.3966961267391097,0.39600995309110587,0.3928417574395591,0.38726459206473934,0.37959273094549095,0.3703344081071595,0.3601129986481303,0.3495775322284352,0.33932403983351517,0.32984236611244416,0.32149320507984,0.31451168690077774,0.3090291030071399,0.3051032792637227,0.3027494346214531,0.30196566302133504
0.308590119036109,0.3097031360275024,0.3130528635591234,0.3186624244966264,0.32654123585415795,0.3366437034170223,0.3488174165899688,0.3627493311212239,0.37792298724243234,0.3936034210790348,0.40886628773991707,0.4226807752450552,0.4340409651361956,0.4421208153529126,0.4464129038583541,0.44681092606762224,0.4436137373420333,0.437455276006619,0.42918639300420103,0.41974309730590964,0.4100311064294393,0.4008444669403811,0.39282280972950934,0.3864418026974157,0.3820260267371404,0.3797722448765992,0.3797722448779166,0.38202602674137726,0.3864418027053333,0.39282280974206274,0.40084446695835685,0.41003110645311847,0.419743097334873,0.42918639303735917,0.4374552760423778,0.4436137373785815,0.4468109261032666,0.44641290389180155,0.44212081538350134,0.43404096516401164,0.422680775270909,0.40886628776516015,0.3936034211052636,0.3779229872712005,0.36274933115380814,0.3488174166271803,0.3366437034591546,0.3265412359010326,0.31866242454766297,0.3130528636134417,0.3097031360839167,0.30859011909307726
0.31699512575404176,0.31855705891999897,0.3232692325842821,0.3311972545400379,0.34240576998458194,0.35689334580634813,0.3745076295035794,0.39485220295842954,0.417205159973739,0.44047794447211325,0.46324626122555135,0.48387604521881344,0.5007417966837903,0.5124961347398284,0.5183160123799935,0.5180475593671195,0.5122075336378844,0.5018529224469965,0.4883710348427971,0.47325477570090657,0.4579150057297085,0.44355717127504535,0.43112538230029385,0.4213008068406993,0.41453394915541364,0.4110900240053613,0.41109002400840394,0.4145339491647966,0.4213008068570585,0.43112538232430364,0.44355717130697775,0.4579150057690437,0.47325477574617114,0.4883710348916886,0.5018529224967507,0.5122075336857247,0.5180475594107307,0.518316012417818,0.5124961347712459,0.5007417967091666,0.4838760452394431,0.4632462612434635,0.44047794448974925,0.4172051599936005,0.3948522029827111,0.3745076295338355,0.35689334584334054,0.342405770028279,0.3311972545897203,0.32326923263867646,0.3185570589773453,0.31699512581206657
0.32742515167231157,0.32958747126556176,0.3361288079752668,0.34719256564975925,0.362951601377919,0.3835088753256249,0.4087624076823919,0.4382481262178944,0.47098957331123414,0.5054017043837431,0.5393085528405615,0.5701269747436036,0.5952267225663417,0.6124015810009523,0.6203107945747182,0.6187348928811919,0.608565971930941,0.5915628242601298,0.5699773876846761,0.5461734173634349,0.522325622172629,0.5002380135089214,0.4812777728239359,0.46639574596883787,0.45619616298987753,0.45102084444192125,0.4510208444473549,0.45619616300633026,0.4663957459965994,0.4812777728630374,0.5002380135586347,0.5223256222310889,0.546173417427607,0.5699773877506837,0.5915628243239238,0.608565971988945,0.6187348929308455,0.6203107946146442,0.6124015810309014,0.5952267225870661,0.5701269747567744,0.5393085528486788,0.5054017043899454,0.4709895733189757,0.4382481262304389,0.40876240770227307,0.38350887535429956,0.36295160141564387,0.3471925656957186,0.33612880802773143,0.32958747132206523,0.3274251517296683
0.3400563577184233,0.34300354469003697,0.3519464703004,0.3671617587520739,0.3890168401305035,0.4178242283253066,0.4536337246925186,0.4959749392767745,0.5435882154344933,0.5942182623184037,0.644579121380132,0.6906039258736906,0.728031018500717,0.7532321294361549,0.76401455156314,0.7600754630593989,0.7429566840061981,0.7155801944715814,0.6815831220344829,0.6446761978206612,0.6081706353964778,0.5747217854387503,0.5462658744325516,0.5240903212970168,0.5089716248055262,0.5013249204803443,0.5013249204887322,0.5089716248306179,0.5240903213384068,0.5462658744890674,0.5747217855079596,0.6081706354744524,0.6446761979022432,0.6815831221140178,0.7155801945440017,0.7429566840678709,0.7600754631085521,0.7640145515995881,0.7532321294606502,0.7280310185144486,0.6906039258782228,0.6445791213776967,0.5942182623121739,0.543588215428518,0.49597493927536196,0.45363372469939195,0.41782422834290434,0.389016840159604,0.3671617587918915,0.3519464703487652,0.34300354474370165,0.340056357773166
0.35493992159881094,0.35888578517002095,0.37089934095078775,0.39147247463590124,0.4212997818692783,0.46107506143485155,0.5111846017766483,0.5712999784179092,0.6399122013161909,0.7139151671681114,0.7884265139274989,0.8570817360512237,0.9129665705125883,0.9500820099365933,0.9648297859382964,0.9568218311867455,0.9287326400840175,0.8854090862788111,0.8326893530148576,0.7763382666965915,0.7213238808345516,0.6714785214375594,0.6294724913049516,0.5969846849897652,0.5749583203252722,0.5638557896629085,0.5638557896744916,0.5749583203595413,0.5969846850450922,0.6294724913781442,0.6714785215235148,0.7213238809263902,0.7763382667864902,0.832689353095513,0.8854090863450759,0.9287326401338957,0.9568218312213221,0.9648297859604439,0.9500820099491195,0.9129665705170261,0.857081736047929,0.7884265139168382,0.7139151671518215,0.6399122012979742,0.5712999784028017,0.5111846017697098,0.46107506143985266,0.4212997818878787,0.39147247466758694,0.3708993409930857,0.3588857852189223,0.3549399216490472
0.37193563373089555,0.37711193386815756,0.39292894437877257,0.420207442580715,0.46015989265165286,0.5141236908688999,0.5831318233177137,0.6672969198188371,0.7650363221929232,0.8722746138090406,0.9819258510503663,1.084119882947765,1.1676224027282234,1.2224418006626707,1.2426583782646978,1.2278614095230087,1.1827172238144674,1.1152476340241293,1.03474744532987,0.9500551925150365,0.8684917038546331,0.7954584713458132,0.7345214499046518,0.687767737657019,0.6562548793973255,0.6404276608055898,0.6404276608200072,0.6562548794394277,0.6877677377232083,0.7345214499886024,0.7954584714385031,0.8684917039451963,0.9500551925925839,1.0347474453861158,1.1152476340557695,1.1827172238241628,1.2278614095181648,1.2426583782542044,1.2224418006529376,1.1676224027207953,1.0841198829398444,0.9819258510377277,0.8722746137894409,0.7650363221680246,0.6672969197937166,0.5831318232988271,0.5141236908617474,0.46015989265925805,0.4202074426032183,0.392928944413658,0.3771119339108194,0.37193563377515265
0.3906450975544753,0.3972797374850893,0.4176308577431715,0.45299317990157134,0.5053507047822663,0.5770559575022125,0.6702698917787018,0.7860831861697454,0.923291339176156,1.0769496151152649,1.2371349135539436,1.3887590954194153,1.5135400893137816,1.5946484983240083,1.6223406783182153,1.5964510376444223,1.5251813553163789,1.4217549555227307,1.3008016196497607,1.1756419650780834,1.0568245669006417,0.9517459444787862,0.8649824523522925,0.7989681768586866,0.7547453661791433,0.7326177842700089,0.7326177842860204,0.754745366225011,0.79896817692786,0.8649824524338955,0.9517459445583749,1.0568245669622665,1.1756419651076981,1.3008016196395282,1.4217549554743187,1.5251813552416604,1.5964510375620964,1.6223406782472287,1.5946484982763167,1.5135400892902913,1.3887590954113815,1.2371349135486795,1.0769496151029165,0.923291339153897,0.7860831861416289,0.6702698917524967,0.5770559574855494,0.5053507047800732,0.45299317991512744,0.4176308577702809,0.397279737520823,0.39064509759201743
0.41036048851115775,0.4186437806818453,0.4441523345221513,0.4888207420852407,0.555708985134677,0.6486630292990873,0.7716532535731441,0.9276182406615165,1.1166583655812032,1.3335858539496888,1.5652910447526076,1.7892634933381704,1.9757179100382745,2.0957548345163612,2.1334148833552797,2.0896457832265427,1.9789739932865238,1.823033287435738,1.644474883544427,1.4629244769919623,1.2931595321162996,1.1449564689524159,1.02390238160171,0.9325885150635348,0.8718014198101962,0.8415022922920986,0.8415022923073741,0.8718014198524253,0.9325885151220631,1.0239023816594994,1.1449564689879985,1.2931595321076834,1.462924476922364,1.644474883408779,1.8230332872450425,1.9789739930677488,2.0896457830156963,2.133414883185897,2.0957548344077828,1.9757179099898212,1.7892634933320979,1.5652910447634698,1.3335858539557446,1.1166583655721576,0.9276182406390017,0.7716532535459001,0.6486630292771844,0.5557089851253838,0.4888207420913852,0.44415233454224107,0.4186437807109685,0.41036048854223267
0.43005058922430756,0.44009110245618227,0.47113170376010244,0.5259071172836769,0.6088665329682493,0.7258862242631389,0.8835996299804889,1.0880467569473549,1.3422648671609663,1.6424974533924748,1.9731651536958543,2.3021615052472986,2.581054541725838,2.758389731389556,2.8085651940999465,2.7362001678321217,2.567156857255144,2.3363371917333913,2.07797931089359,1.820139355120347,1.5828005397649427,1.378338618278377,1.2131537537577357,1.0896270676651947,1.007912963957945,0.967338925763726,0.9673389257748387,1.0079129639858249,1.0896270676939113,1.2131537537625185,1.3783386182293575,1.582800539633608,1.8201393548883775,2.0779793105619526,2.3363371913277278,2.567156856823919,2.7362001674343164,2.808565193787037,2.7583897311886325,2.5810545416336352,2.3021615052356807,1.9731651537237507,1.6424974534223538,1.3422648671719741,1.088046756936955,0.8835996299577106,0.7258862242404011,0.6088665329552169,0.525907117284849,0.4711317037748944,0.4400911024799906,0.4300505892501563
0.448407262681994,0.46018368327600667,0.4967235860575406,0.5616713806324867,0.6611058715508478,0.8034072661806021,0.9987497258263608,1.2578037578539631,1.588993870758962,1.993404572538488,2.456421748254691,2.9363789639234708,3.3557573610432656,3.616311756694667,3.6798874819692635,3.561927750375334,3.3083356394462102,2.9740083084570954,2.6089035846356534,2.2515568915353907,1.9278353571462101,1.6526141919812443,1.4326431228019765,1.269529174095536,1.162284680121503,1.1092310834883576,1.1092310834910517,1.162284680121921,1.2695291740715495,1.4326431227199867,1.652614191802329,1.9278353568358382,2.2515568910760204,2.608903584038497,2.974008307768035,3.308335638740488,3.56192774973772,3.6798874814681706,3.616311756361416,3.3557573608716105,2.9363789638796223,2.456421748283375,1.993404572584082,1.588993870787046,1.2578037578556007,0.9987497258098428,0.8034072661596785,0.6611058715368887,0.5616713806312801,0.4967235860692728,0.46018368329647585,0.4484072627045651
0.4639683289734243,0.47728962397897906,0.5187520978784372,0.5929114053513269,0.7075276417898284,0.8736898812929172,1.1056855434093473,1.4201732651524337,1.8338504542609517,2.3581459040310286,2.9882649778453203,3.682009610015826,4.323993960294426,4.701112947648685,4.771883488024404,4.581323659132975,4.209002783509694,3.7374413480863455,3.235864626019679,2.754517642909179,2.3251850515923462,1.9647192536675342,1.6795022132978141,1.4696577463070861,1.3324665696442848,1.2648308707969735,1.2648308707867568,1.3324665696036186,1.4696577462073166,1.6795022130964115,1.9647192533171949,2.3251850510545626,2.7545176421708604,3.2358646251071455,3.73744134707048,4.209002782494612,4.581323658226283,4.771883487302336,4.701112947136562,4.323993959983514,3.6820096098861574,2.988264977835696,2.3581459040657076,1.8338504542889982,1.4201732651567334,1.105685543395017,0.8736898812731564,0.7075276417762066,0.5929114053498213,0.5187520978893417,0.4772896239982863,0.46396832899493
0.475313960182574,0.4898041669587929,0.5350092193342542,0.6162403030287795,0.7426876508572018,0.9278432543361019,1.1898860097141513,1.5517270429380337,2.040151621254836,2.6829253998342244,3.5009951206640375,4.485839493203911,5.519489691606021,6.040122671343395,6.089629104596422,5.784499574421929,5.253087402228887,4.6098495083174225,3.943864446610024,3.31657234003138,2.7648800293193845,2.3067753945012335,1.9474741902366839,1.6849206745133867,1.5141130662649303,1.4301561856025993,1.430156185575597,1.5141130661716975,1.6849206743193235,1.947474189891662,2.3067753939519715,2.76488002852718,3.3165723389923296,3.943864445370148,4.609849506974767,5.253087400913094,5.784499573253284,6.089629103639475,6.040122670600393,5.519489691067581,4.485839492915356,3.5009951205638945,2.682925399816979,2.0401516212537185,1.551727042926474,1.1898860096920159,0.9278432543134062,0.7426876508433068,0.6162403030280615,0.5350092193460149,0.48980416697871487,0.47531396020483285
0.4813051842687752,0.49642723168923375,0.5436618572750346,0.6287533934039964,0.7617271582264847,0.9575225832462834,1.2367834519970953,1.6267194640632219,2.162068792127315,2.886843903677756,3.8601199330209393,5.178433916217924,7.060926729025637,7.655763145963838,7.598299991980216,7.119942438594111,6.391350866902669,5.550517480697069,4.701356285418243,3.914025052524302,3.229347484027147,2.66574877209541,2.2267595953049724,1.907711417750701,1.7009703164267436,1.599597280678875,1.599597280632703,1.7009703162743088,1.9077114174530885,2.226759594807278,2.665748771342402,3.2293474829848052,3.9140250512023056,4.701356283884197,5.550517479072444,6.391350865331914,7.119942437192146,7.598299990779704,7.655763144925419,7.060926728139921,5.178433915734923,3.860119932801812,2.886843903577893,2.162068792068675,1.6267194640155715,1.2367834519552945,0.9575225832150482,0.761727158210599,0.6287533934043539,0.5436618572886863,0.4964272317108336,0.48130518429268954
0.0,0.0,0.0,0.0,0.0,0.0,0.0,0.0,0.0,0.0,0.0,0.0,9.514316176764803,9.524232869314474,9.183275239289094,8.479064440209667,7.538186946983423,6.495747722639669,5.461992940675092,4.513445590693999,3.694509067206185,3.0242032587468493,2.504532708900679,2.12827720213097,1.8851600215653335,1.7661626381752469,1.7661626381096749,1.885160021353871,2.1282772017328995,2.504532708260187,3.024203257811491,3.694509065950932,4.5134455891437355,5.461992938914892,6.495747720801469,7.538186945204651,8.47906443858092,9.183275237811664,9.524232867902349,9.514316175337443,0.0,0.0,0.0,0.0,0.0,0.0,0.0,0.0,0.0,0.0,0.0,0.0
0.0,0.0,0.0,0.0,0.0,0.0,0.0,0.0,0.0,0.0,0.0,0.0,11.336875824992626,11.127819026579424,10.591317294837765,9.707913405799637,8.589716626549858,7.372205799163604,6.173105466733603,5.07681639642376,4.132883344893354,3.362196697460902,2.76613741687196,2.3355149836970566,2.057758850290725,1.9219633326282388,1.9219633325454222,2.0577588500277257,2.3355149832142046,2.766137416116616,3.362196696387417,4.132883343487537,5.076816394722792,6.173105464829181,7.372205797178073,8.589716624590729,9.707913403921584,10.591317293029382,11.127819024783465,11.33687582313537,0.0,0.0,0.0,0.0,0.0,0.0,0.0,0.0,0.0,0.0,0.0,0.0
0.0,0.0,0.0,0.0,0.0,0.0,0.0,0.0,0.0,0.0,0.0,0.0,12.650936902636872,12.353815195259944,11.710168041452166,10.713266092482877,9.4704461196068,8.119870655039275,6.787956818451429,5.56846734025412,4.517683307669075,3.6597925775582936,2.9966886310495413,2.5180491118056167,2.2095886505257547,2.058875677509356,2.0588756774134582,2.209588650224708,2.518049111263468,2.996688630220063,3.6597925764046946,4.517683306186707,5.568467338486169,6.78795681648474,8.119870652974146,9.470446117518595,10.713266090413416,11.710168039431165,12.353815193303138,12.650936900677856,0.0,0.0,0.0,0.0,0.0,0.0,0.0,0.0,0.0,0.0,0.0,0.0
0.0,0.0,0.0,0.0,0.0,0.0,0.0,0.0,0.0,0.0,0.0,0.0,13.550402260067848,13.21738919472001,12.52166199596766,11.462066161819516,10.14171264822837,8.700508566226098,7.2723444512894275,5.959809523827262,4.8261027112995025,3.8993218107078613,3.1826427643042794,2.665356314674064,2.3320775398220803,2.1692798824570203,2.1692798823534156,2.332077539499909,2.6653563141030308,3.1826427634463648,3.8993218095349356,4.8261027098128055,5.959809522069078,7.272344449336054,8.70050856415923,10.141712646110529,11.462066159708561,12.521661993947458,13.217389192828751,13.550402258232305,0.0,0.0,0.0,0.0,0.0,0.0,0.0,0.0,0.0,0.0,0.0,0.0
0.0,0.0,0.0,0.0,0.0,0.0,0.0,0.0,0.0,0.0,0.0,0.0,14.109063426866538,13.762043040050095,13.043577835773954,11.953224129498638,10.590008373519028,9.094219837680061,7.604753795424043,6.2307685013681695,5.040979382388459,4.066873831000002,3.31301517422603,2.7687351670621103,2.4180540270077246,2.2467652127920132,2.2467652126862863,2.418054026681681,2.768735166492154,3.3130151733827256,4.06687382986206,5.040979380958278,6.230768499681738,7.60475379354735,9.094219835689524,10.590008371488294,11.953224127511904,13.043577833928031,13.762043038363784,14.109063425254147,0.0,0.0,0.0,0.0,0.0,0.0,0.0,0.0,0.0,0.0,0.0,0.0
0.0,0.0,0.0,0.0,0.0,0.0,0.0,0.0,0.0,0.0,0.0,0.0,14.376270434871806,14.024586484590092,13.297965451481742,12.195458855845674,10.813584281122916,9.292480329171504,7.773453618097319,6.369096357998084,5.151140649037429,4.153015188847614,3.3801551972623995,2.8220185424438657,2.4623801675883414,2.2867145626117344,2.28671456250874,2.462380167273253,2.822018541900221,3.380155196468943,4.15301518778749,5.151140647709714,6.369096356428223,7.773453616341718,9.292480327312736,10.813584279257785,12.195458854072324,13.297965449872224,14.024586483135348,14.376270433495078,0.0,0.0,0.0,0.0,0.0,0.0,0.0,0.0,0.0,0.0,0.0,0.0
0.0,0.0,0.0,0.0,0.0,0.0,0.0,0.0,0.0,0.0,0.0,0.0,14.376270434909523,14.024586484641393,13.297965451541694,12.195458855919124,10.813584281216675,9.292480329269345,7.773453618178591,6.369096358055172,5.1511406490756215,4.153015188876532,3.380155197289237,2.822018542471839,2.4623801676183485,2.2867145626448435,2.286714562548112,2.4623801673249273,2.822018541972566,3.380155196570742,4.153015187924977,5.151140647883795,6.369096356634028,7.773453616572465,9.292480327566054,10.81358427953534,12.195458854365668,13.297965450154049,14.024586483393188,14.376270433745844,0.0,0.0,0.0,0.0,0.0,0.0,0.0,0.0,0.0,0.0,0.0,0.0
0.0,0.0,0.0,0.0,0.0,0.0,0.0,0.0,0.0,0.0,0.0,0.0,14.109063426981278,13.762043040202444,13.043577835958171,11.953224129727747,10.590008373800273,9.094219837962163,7.604753795651871,6.23076850152602,5.040979382495119,4.066873831083057,3.313015174305009,2.768735167145059,2.418054027096329,2.2467652128888504,2.24676521280031,2.4180540268304385,2.768735166700232,3.3130151736763,4.066873830260316,5.040979381464947,6.230768500282691,7.604753794220364,9.094219836423303,10.590008372285451,11.953224128355542,13.043577834753462,13.76204303913515,14.109063426008586,0.0,0.0,0.0,0.0,0.0,0.0,0.0,0.0,0.0,0.0,0.0,0.0
0.0,0.0,0.0,0.0,0.0,0.0,0.0,0.0,0.0,0.0,0.0,0.0,13.550402260262917,13.217389194976514,12.52166199629206,11.462066162222772,10.141712648685644,8.700508566652347,7.27234445161723,5.9598095240503906,4.826102711454216,3.899321810835982,3.182642764431883,2.665356314809524,2.332077539965263,2.1692798826104664,2.169279882530491,2.332077539728051,2.6653563144214245,3.1826427638977597,3.8993218101523963,4.826102710605731,5.959809523016692,7.272344450397932,8.700508565303512,10.141712647330234,11.462066160994036,12.521661995238885,13.21738919407996,13.550402259477185,0.0,0.0,0.0,0.0,0.0,0.0,0.0,0.0,0.0,0.0,0.0,0.0
0.0,0.0,0.0,0.0,0.0,0.0,0.0,0.0,0.0,0.0,0.0,0.0,12.650936902920382,12.353815195644593,11.710168041938818,10.713266093056266,9.470446120189939,8.119870655534857,6.787956818811129,5.568467340497302,4.517683307848874,3.659792577722532,2.9966886312224683,2.518049111990423,2.209588650717525,2.0588756777087975,2.05887567763648,2.2095886505061455,2.518049111654316,2.996688630777728,3.6597925771766415,4.517683307191656,5.568467339701987,6.787956817854218,8.119870654434674,9.470446119034518,10.71326609197574,11.710168041025383,12.353815194907199,12.650936902326482,0.0,0.0,0.0,0.0,0.0,0.0,0.0,0.0,0.0,0.0,0.0,0.0
0.0,0.0,0.0,0.0,0.0,0.0,0.0,0.0,0.0,0.0,0.0,0.0,11.336875825378733,11.127819027108712,10.591317295468556,9.707913406470857,8.589716627158138,7.372205799634439,6.173105467059182,5.076816396651431,4.132883345084298,3.3621966976577826,2.766137417089007,2.33551498392783,2.057758850523616,1.9219633328609396,1.921963332794574,2.057758850332528,2.335514983633532,2.7661374167189843,3.362196697233543,4.132883344608572,5.076816396102599,6.17310546640206,7.372205798851498,8.589716626286375,9.707913405605959,10.591317294718058,11.127819026516368,11.336875824964322,0.0,0.0,0.0,0.0,0.0,0.0,0.0,0.0,0.0,0.0,0.0,0.0
0.0,0.0,0.0,0.0,0.0,0.0,0.0,0.0,0.0,0.0,0.0,0.0,9.514316177253848,9.524232869942107,9.183275239979025,8.479064440860741,7.538186947510321,6.495747723015917,5.461992940933385,4.513445590897401,3.6945090674105177,3.024203258980168,2.504532709162332,2.128277202403491,1.8851600218305407,1.766162638427752,1.7661626383654212,1.8851600216532372,2.128277202137998,2.5045327088455673,3.0242032586475442,3.6945090670816376,4.513445590565355,5.461992940565871,6.495747722574265,7.538186946983292,8.479064440286997,9.183275239438904,9.524232869511515,9.514316176997845,0.0,0.0,0.0,0.0,0.0,0.0,0.0,0.0,0.0,0.0,0.0,0.0
0.48130518428298935,0.4964272317035058,0.5436618572888355,0.6287533934182857,0.7617271582464268,0.9575225832837904,1.236783452072332,1.6267194642036003,2.162068792362468,2.886843904029726,3.860119933491211,5.178433916772781,7.060926729596382,7.655763146607577,7.598299992613528,7.1199424391324095,6.391350867299941,5.550517480970094,4.701356285623395,3.9140250527233627,3.229347484260357,2.6657487723724698,2.2267595956105852,1.9077114180584556,1.7009703167139885,1.5995972809380703,1.5995972808782783,1.7009703165449688,1.9077114178094698,2.22675959532411,2.6657487720940853,3.2293474840249137,3.914025052541642,4.701356285475905,5.55051748081424,6.391350867093344,7.119942438861849,7.598299992313734,7.655763146341668,7.0609267294455575,5.178433916701447,3.8601199334856577,2.886843904083909,2.162068792460713,1.6267194643245688,1.2367834521949692,0.9575225833923813,0.761727158332792,0.6287533934814323,0.543661857332979,0.49642723173600733,0.4813051843118901
0.4753139601949744,0.48980416697109364,0.5350092193454645,0.6162403030406598,0.7426876508769333,0.927843254378669,1.1898860098035067,1.551727043105104,2.0401516215303643,2.682925400235432,3.5009951211791575,4.485839493790027,5.51948969221617,6.040122671953565,6.089629105136503,5.7844995748420445,5.253087402525926,4.609849508534572,3.943864446807628,3.316572340258831,2.7648800295985305,2.3067753948256717,1.947474190580825,1.6849206748462064,1.5141130665624343,1.4301561858566199,1.430156185798722,1.5141130663987559,1.6849206746055105,1.9474741903064148,2.3067753945673823,2.764880029400664,3.316572340146453,3.943864446776264,4.609849508548911,5.2530874025331205,5.78449957479636,6.08962910502647,6.040122671807755,5.519489692089429,4.4858394936893795,3.500995121113533,2.682925400222645,2.0401516215727615,1.5517270431873906,1.1898860099033484,0.927843254476216,0.7426876509595589,0.6162403031037386,0.5350092193906544,0.48980416700438995,0.47531396022453454
0.46396832898483925,0.47728962399017544,0.5187520978875761,0.5929114053599329,0.707527641805371,0.8736898813309879,1.1056855434944655,1.4201732653156152,1.8338504545321037,2.358145904426072,2.9882649783519137,3.6820096105903732,4.323993960884049,4.701112948199638,4.771883488485029,4.581323659482737,4.209002783770679,3.737441348307978,3.235864626253812,2.7545176431888514,2.3251850519236434,1.9647192540334122,1.6795022136682083,1.469657746650978,1.3324665699393505,1.264830871035873,1.2648308709802358,1.3324665697812899,1.4696577464162843,1.6795022133968083,1.9647192537735176,2.325185051722071,2.7545176430785796,3.235864626242488,3.737441348372153,4.209002783861283,4.581323659544241,4.77188348847975,4.701112948126907,4.323993960774942,3.682009610476627,2.9882649782623556,2.3581459043882504,1.8338504545527863,1.4201732653816321,1.1056855435837711,0.873689881422596,0.7075276418849694,0.5929114054213503,0.51875209793146,0.47728962402210473,0.46396832901323637
0.4484072626942939,0.4601836832878911,0.49672358606607175,0.5616713806382284,0.6611058715602091,0.8034072662076932,0.9987497258935514,1.2578037579894685,1.588993870989815,1.9934045728793064,2.456421748696414,2.9363789644296756,3.355757361562355,3.616311757174378,3.6798874823739154,3.5619277507004536,3.308335639719188,2.974008308720036,2.60890358492551,2.251556891869569,1.927835357519674,1.6526141923719753,1.4326431231804175,1.2695291744341588,1.1622846804017275,1.1092310837046002,1.109231083652375,1.1622846802522688,1.2695291742087664,1.432643122912871,1.6526141921045907,1.9278353572961504,2.251556891724761,2.608903584874742,2.9740083087519613,3.308335639796691,3.5619277507738696,3.67988748240117,3.616311757140349,3.3557573614825147,2.9363789643363356,2.456421748623824,1.9934045728530247,1.5889938710157527,1.2578037580561061,0.998749725980873,0.8034072662961873,0.6611058716361583,0.5616713806957037,0.4967235861058084,0.4601836833155258,0.4484072627186519
0.43005058923980743,0.44009110247098476,0.4711317037701988,0.525907117288352,0.6088665329721018,0.725886224277566,0.8835996300240386,1.0880467570436547,1.3422648673330424,1.6424974536538108,1.9731651540417787,2.3021615056520446,2.581054542149917,2.758389731793882,2.808565194461156,2.736200168151282,2.567156857554005,2.3363371920404417,2.077979311229852,1.8201393554905396,1.5828005401574017,1.3783386186704216,1.2131537541234627,1.0896270679823976,1.0079129642126576,0.9673389259524463,0.9673389259051313,1.007912964076179,1.0896270677730797,1.2131537538677912,1.3783386184026933,1.5828005399148635,1.820139355305722,2.077979311121759,2.3363371920078473,2.567156857574151,2.7362001681881063,2.8085651944800185,2.758389731777162,2.5810545421036677,2.3021615055991544,1.9731651540088604,1.6424974536589636,1.3422648673789925,1.0880467571196304,0.8835996301127452,0.7258862243625867,0.6088665330421797,0.5259071173388858,0.4711317038025989,0.440091102491233,0.430050589256945
0.4103604885320944,0.41864378070183655,0.4441523345363487,0.48882074209173093,0.5557089851360568,0.64866302930365,0.7716532535951036,0.9276182407194246,1.1166583656938087,1.333585854129517,1.5652910449996342,1.7892634936376823,1.9757179103655675,2.0957548348467157,2.133414883674556,2.0896457835360094,1.9789739935989152,1.8230332877657667,1.6444748838997485,1.462924477368494,1.293159532499399,1.144956469321409,1.0239023819357211,0.9325885153460616,0.8718014200317558,0.8415022924511169,0.8415022924100877,0.8718014199125234,0.9325885151602836,1.0239023817027828,1.1449564690672922,1.2931595322536875,1.4629244771591134,1.6444748837463379,1.8230332876741697,1.9789739935591746,2.0896457835266187,2.1334148836720987,2.0957548348366917,1.9757179103483684,1.789263493625546,1.5652910450077713,1.3335858541672057,1.1166583657598415,0.927618240803448,0.7716532536827435,0.6486630293820389,0.5557089851967851,0.48882074213193577,0.4441523345584218,0.41864378071198116,0.4103604885393071
0.3906450975824147,0.3972797375119379,0.4176308577636667,0.4529931799129711,0.5053507047854369,0.5770559575025703,0.6702698917864178,0.7860831861987195,0.9232913392412021,1.0769496152278,1.2371349137176975,1.3887590956287847,1.513540089556386,1.5946484985865979,1.622340678592844,1.596451037930873,1.5251813556194336,1.421754955846502,1.3008016199927384,1.17564196543123,1.0568245672490104,0.9517459448050597,0.86498245264077,0.7989681770980225,0.7547453663636129,0.7326177843995346,0.7326177843656673,0.7547453662645317,0.7989681769414819,0.8649824524400487,0.9517459445786691,1.0568245670190757,1.1756419652202115,1.3008016198188406,1.4217549557194398,1.5251813555383569,1.5964510378860783,1.6223406785712045,1.594648498578263,1.513540089558941,1.3887590956462128,1.237134913755402,1.076949615287368,0.9232913393179883,0.786083186283028,0.670269891866821,0.5770559575694275,0.50535070483295,0.45299317993992994,0.41763085777323095,0.39727973751023754,0.3906450975780377
0.37193563376639877,0.377111933902532,0.3929289444068497,0.42020744259939646,0.4601598926605962,0.5141236908712608,0.5831318233203293,0.6672969198317106,0.7650363222274562,0.8722746138752724,0.9819258511542177,1.0841198830896548,1.1676224029040783,1.2224418008668316,1.2426583784929917,1.227861409773833,1.1827172240872665,1.115247634316478,1.0347474456352785,0.9500551928226998,0.8684917041510745,0.7954584716175112,0.7345214501405388,0.68776773784993,0.6562548795443633,0.6404276609076657,0.6404276608811608,0.6562548794663614,0.6877677377251946,0.7345214499775529,0.7954584714286899,0.868491703952084,0.950055192630611,1.034747445465629,1.1152476341801607,1.1827172239886286,1.2278614097108884,1.2426583784599838,1.2224418008579294,1.1676224029159232,1.084119883121263,0.9819258512047196,0.8722746139413987,0.765036322302577,0.6672969199069635,0.5831318233867402,0.5141236909219402,0.46015989269197916,0.4202074426114572,0.3929289444030456,0.3771119338885948,0.3719356337500991
0.354939921641391,0.3588857852115322,0.3708993409865746,0.391472474662938,0.42129978188657347,0.46107506144398974,0.511184601781981,0.5712999784263622,0.6399122013362618,0.7139151672081989,0.7884265139941387,0.8570817361479042,0.912966570639826,0.9500820100929915,0.9648297861217745,0.9568218313949421,0.9287326403136108,0.8854090865243472,0.832689353268153,0.776338266947307,0.7213238810716481,0.671478521651159,0.6294724914877804,0.5969846851377819,0.5749583204375135,0.5638557897408218,0.5638557897212378,0.574958320379569,0.5969846850441184,0.6294724913633842,0.671478521503816,0.7213238809118323,0.7763382667872641,0.8326893531201628,0.8854090863985465,0.9287326402164087,0.9568218313284684,0.9648297860847628,0.950082010082491,0.9129665706525688,0.8570817361805766,0.7884265140427493,0.7139151672673177,0.6399122013988711,0.5712999784848424,0.511184601829474,0.46107506147572985,0.4212997819006382,0.39147247466000196,0.3708993409699307,0.3588857851862372,0.3549399216140905
0.3400563577666924,0.3430035447373678,0.3519464703429182,0.36716175878711726,0.3890168401568709,0.4178242283436239,0.4536337247053984,0.49597493928882647,0.543588215451799,0.5942182623475637,0.6445791214271249,0.6906039259429034,0.7280310185945749,0.7532321295552086,0.7640145517063521,0.7600754632242452,0.742956684188487,0.715580194665238,0.6815831222317272,0.6446761980128667,0.6081706355753408,0.5747217855975497,0.546265874566916,0.5240903214050863,0.5089716248875451,0.501324920537967,0.5013249205243892,0.5089716248471563,0.5240903213391088,0.5462658744779292,0.5747217854900157,0.6081706354558153,0.6446761978896189,0.6815831221137809,0.7155801945609227,0.7429566841041938,0.7600754631636047,0.7640145516702794,0.7532321295425162,0.7280310186026338,0.6906039259679507,0.6445791214643288,0.5942182623911646,0.5435882154954691,0.495974939326487,0.45363372473207886,0.41782422835615496,0.3890168401543825,0.3671617587705832,0.35194647031516446,0.3430035447026107,0.3400563577303003
0.32742515172438025,0.32958747131684024,0.33612880802274786,0.3471925656913091,0.3629516014124064,0.3835088753531579,0.4087624077044412,0.4382481262373836,0.4709895733322941,0.5054017044112012,0.5393085528792051,0.5701269747974429,0.5952267226381018,0.6124015810917622,0.6203107946839964,0.6187348930066441,0.6085659720686288,0.5915628244046888,0.569977387829774,0.5461734175026042,0.52232562230014,0.5002380136205838,0.48127777291747037,0.4663957460438023,0.4561961630471844,0.4510208444832145,0.45102084447447366,0.4561961630210213,0.4663957460005555,0.4812777728581697,0.5002380135474376,0.5223256222168886,0.5461734174144415,0.5699773877428334,0.5915628243251427,0.6085659720017698,0.6187348929560971,0.6203107946514193,0.6124015810768849,0.5952267226390069,0.5701269748108604,0.539308552900811,0.505401704436049,0.4709895733553166,0.4382481262540638,0.40876240771141203,0.3835088753484446,0.3629516013957322,0.3471925656636892,0.33612880798641565,0.32958747127509486,0.32742515168133735
0.3169951258078748,0.31855705897317743,0.32326923263461155,0.33119725458593546,0.3424057700251335,0.356893345841421,0.3745076295339302,0.39485220298578944,0.41720516000073016,0.44047794450198996,0.4632462612617367,0.48387604526438255,0.500741796740998,0.5124961348097089,0.5183160124621369,0.5180475594596493,0.5122075337376226,0.5018529225498177,0.48837103494411305,0.47325477579632663,0.45791500581565076,0.4435571713492018,0.43112538236179393,0.4213008068899385,0.4145339491936029,0.4110900240340115,0.41109002402889144,0.4145339491781428,0.4213008068639686,0.4311253823254195,0.44355717130320954,0.457915005761868,0.4732547757377021,0.48837103488444866,0.5018529224932553,0.5122075336879957,0.5180475594198645,0.5183160124338206,0.512496134793017,0.5007417967346641,0.4838760452659327,0.4632462612678513,0.44047794450898964,0.4172051600049937,0.3948522029842268,0.37450762952443034,0.3568933458228836,0.3424057699975793,0.33119725455028715,0.3232692325925117,0.3185570589270536,0.31699512576073724
0.3085901190898409,0.30970313608068656,0.31305286361024776,0.31866242454458577,0.3265412358982885,0.33664370345710665,0.3488174166263355,0.3627493311547932,0.37792298727472007,0.3936034211120279,0.4088662877757988,0.42268077528587805,0.4340409651835127,0.4421208154074303,0.4464129039197217,0.44681092613441825,0.44361373741194987,0.4374552760768038,0.4291863930716627,0.41974309736797333,0.4100311064841429,0.4008444669867157,0.3928228097674803,0.38644180272784956,0.3820260267613165,0.3797722448958359,0.3797722448932337,0.3820260267533354,0.3864418027140611,0.39282280974747613,0.4008444669604492,0.4100311064522297,0.41974309733182946,0.429186393033372,0.4374552760388494,0.4436137373767939,0.44681092610407097,0.4464129038954419,0.44212081538949755,0.43404096517117785,0.4226807752774934,0.40886628776909806,0.39360342110454966,0.37792298726415746,0.36274933113925106,0.3488174166046201,0.33664370342873134,0.3265412358634074,0.31866242450397186,0.31305286356504214,0.30970313603257754,0.3085901190409366
0.3019656630188728,0.30274943461898507,0.30510327926126307,0.30902910300471587,0.31451168689851866,0.3214932050779687,0.32984236611128664,0.3393240398334707,0.3495775322299627,0.3601129986516996,0.37033440811319235,0.37959273095430723,0.38726459207650255,0.39284175745424266,0.3960099531084705,0.396696126758702,0.39507231535968823,0.39151768541742693,0.3865518336572435,0.38075776117192883,0.37471150588148877,0.36892955648251974,0.36383806025575155,0.3597619324488852,0.35692840433216516,0.3554782671401722,0.355478267139168,0.3569284043289567,0.359761932442954,0.3638380602464625,0.3689295564693964,0.37471150586444407,0.38075776115139776,0.38655183363413864,0.39151768539301446,0.3950723153353466,0.3966961267356516,0.3960099530875459,0.3928417574356974,0.38726459205993863,0.37959273093875473,0.37033440809728646,0.36011299863397084,0.3495775322091126,0.3393240398085069,0.32984236608164397,0.3214932050435618,0.31451168685955727,0.3090291029618145,0.30510327921518704,0.30274943457084696,0.30196566297009225
0.2968521161254177,0.29739833046919406,0.29903573625311636,0.3017570939722152,0.3055390216137255,0.3103266529421146,0.31601566227597055,0.3224355103903518,0.3293388719413877,0.3364025566224256,0.3432441386785427,0.34945549241253443,0.35464974516877434,0.3585131356995703,0.36085008885007064,0.36161043893968386,0.3608924347174019,0.35892203751389123,0.3560151608239864,0.3525326945487668,0.34883788638582114,0.34526285704286375,0.34208725732166984,0.3395286896764081,0.3377422632552176,0.33682563067035975,0.3368256306702647,0.337742263254741,0.3395286896750298,0.3420872573186978,0.34526285703764636,0.34883788637792096,0.35253269453805924,0.3560151608106602,0.3589220374984032,0.3608924347003658,0.3616104389217277,0.3608500888316798,0.35851313568093557,0.35464974514971803,0.3494554923925509,0.34324413865692144,0.33640255659842255,0.32933887191439487,0.3224355103599849,0.3160156622420678,0.3103266529048257,0.3055390215732811,0.30175709392908967,0.2990357362078223,0.297398330422431,0.2968521160781192
0.2929841802873875,0.2933613555901681,0.29449025932076084,0.2963608875608528,0.2989497668804553,0.30221091784854576,0.3060656014878038,0.3103932950035929,0.31502684666540526,0.3197547445050164,0.3243325782001899,0.32850393106066295,0.3320283574435333,0.33471153186504937,0.33643117072938145,0.33715279210424515,0.3369318565759869,0.33590241098491164,0.334255640604083,0.33221360513107717,0.33000352680850453,0.32783668673558813,0.3258940179217057,0.32431859060612994,0.3232138242192391,0.3226455313514315,0.32264553135175783,0.3232138242200485,0.32431859060695767,0.3258940179219079,0.3278366867344954,0.3300035268055437,0.3322136051258424,0.33425564059636426,0.3359024109746906,0.33693185656339936,0.3371527920895222,0.3364311707127626,0.3347115318466712,0.3320283574233504,0.3285039310384624,0.32433257817567257,0.31975474447790453,0.3150268466355189,0.31039329497090595,0.3060656014523958,0.3022109178106783,0.2989497668403653,0.2963608875189017,0.2944902592773045,0.2933613555456376,0.292984180242394
0.2901187624349967,0.2903770638504795,0.2911491515292789,0.2924253084808466,0.2941853386003672,0.2963933509335022,0.29899202931808044,0.30189789895340274,0.30499931519102663,0.3081587795142291,0.31122059264205537,0.31402375846097824,0.3164186369983986,0.31828452284410935,0.3195446243110416,0.3201752283612025,0.3202071568844781,0.31971950316243486,0.3188274037483284,0.3176666803208186,0.3163783540125982,0.3150954333821751,0.31393336759413487,0.3129845243373975,0.3123162608992429,0.31197166712670416,0.31197166712714547,0.3123162609004238,0.3129845243389276,0.313933367595463,0.31509543338270074,0.3163783540117471,0.3176666803180859,0.3188274037433183,0.3197195031548832,0.3202071568742654,0.3201752283483335,0.3195446242955986,0.3182845228261861,0.3164186369780215,0.3140237584381071,0.31122059261662416,0.30815877948621767,0.3049993151604888,0.3018978989204877,0.2989920292829963,0.29639335089653995,0.2941853385617625,0.2924253084408746,0.2911491514882036,0.29037706380857625,0.2901187623926779
0.2880439194745107,0.2882194584318467,0.288743583510363,0.2896080826598694,0.29079696049595255,0.292283485674822,0.29402705481397684,0.29597078760136575,0.29804084900583117,0.3001483693867138,0.3021944444346847,0.30407805577672975,0.30570597851486436,0.3070030573819667,0.30792089920542354,0.3084432240512197,0.30858682706952956,0.3083981034192083,0.30794604393548397,0.3073132278915902,0.3065864905102135,0.3058486788704182,0.30517240458066236,0.30461615644689544,0.3042226948977826,0.3040193324313543,0.3040193324317322,0.3042226948988045,0.3046161564482572,0.3051724045819235,0.30584867887107975,0.3065864905097625,0.30731322788952825,0.30794604393136327,0.30839810341266594,0.3085868270603327,0.3084432240392724,0.3079208991907268,0.3070030573645843,0.30570597849485565,0.3040780557541403,0.30219444440956444,0.30014836935915956,0.29804084897599886,0.2959707875694649,0.2940270547802674,0.29228348563957635,0.2907969604593988,0.28960808262221893,0.2887435834718266,0.288219458392623,0.2880439194349036
0.2865816068508871,0.2867000158735592,0.28705324173506036,0.28763486047978004,0.2884328580001214,0.28942799039675143,0.29059210602721264,0.2918869735164062,0.2932641845646765,0.29466660094760994,0.29603157073607456,0.2972957681949562,0.2984010880390021,0.2993006676433251,0.29996395010617954,0.30037981899900734,0.3005572191941199,0.300523213591472,0.30031894493217565,0.2999943257366429,0.2996023942914902,0.2991941687331173,0.298814589246208,0.29849986422703384,0.2982763029280307,0.2981605147713034,0.29816051477153493,0.2982763029286425,0.29849986422779956,0.29881458924679866,0.299194168733147,0.29960239429053515,0.2999943257342586,0.30031894492793365,0.30052321358500117,0.3005572191851566,0.3003798189874236,0.29996395009194693,0.2993006676264936,0.29840108801964355,0.2972957681731467,0.2960315707119083,0.2946666009212177,0.29326418453623554,0.2918869734861246,0.2905921059953536,0.2894279903635478,0.2884328579657874,0.28763486044448006,0.2870532416989726,0.2867000158368549,0.28658160681382233
0.28558653306907383,0.2856657959164461,0.2859020705885812,0.2862905799163781,0.286822634884074,0.28748474205691915,0.2882577287104418,0.2891162051646743,0.29002868642222696,0.2909586247275901,0.29186645510321346,0.2927125434133236,0.2934606943574276,0.2940816890877686,0.2945562438492295,0.2948768505815059,0.29504816845553006,0.2950859236147014,0.2950145582367224,0.29486407279298743,0.29466658709165855,0.294453112690975,0.29425092347924564,0.29408178577205474,0.2939611969325671,0.2938986527402395,0.2938986527403004,0.2939611969326937,0.2940817857720878,0.29425092347895415,0.29445311269007485,0.2946665870898194,0.29486407278984067,0.2950145582318912,0.29508592360785146,0.2950481684464159,0.2948768505700008,0.29455624383530155,0.2940816890714638,0.2934606943388198,0.2927125433924912,0.2918664550802549,0.29095862470262696,0.2900286863954161,0.2891162051361963,0.28825772868053484,0.28748474202577295,0.28682263485188253,0.28629057988327233,0.28590207055471556,0.2856657958819918,0.2855865330342771
0.2849428699725562,0.28499548266330793,0.2851522225954968,0.2854096657103277,0.285761708490184,0.2861990925002478,0.28670896250007133,0.28727464359886673,0.2878758185349212,0.2884892392866196,0.28909001735879575,0.2896534158526119,0.2901569389304565,0.29058241472852697,0.29091772893381185,0.2911579062865685,0.29130535021813553,0.2913692067415225,0.2913639746729425,0.29130760118506394,0.29121935862890336,0.29111779825970413,0.2910190405181712,0.29093561659894107,0.29087603260247624,0.2908451443136907,0.2908451443135873,0.290876032602133,0.2909356165982585,0.29101904051700345,0.2911177982578525,0.29121935862611986,0.29130760118105364,0.2913639746673904,0.29136920673414834,0.2913053502087328,0.2911579062750301,0.2909177289201148,0.29058241471271395,0.29015693891259925,0.28965341583277787,0.28909001733706857,0.2884892392630936,0.28787581850971833,0.2872746435721326,0.2867089624720067,0.2861990924710049,0.2857617084599322,0.28540966567917403,0.2851522225635746,0.28499548263080143,0.28494286993972234
0.2845600356062559,0.28459461145606885,0.2846975677508976,0.28486652073528257,0.28509728535934176,0.2853836283305149,0.28571705425046917,0.2860867315209666,0.28647965921179425,0.28688114613482923,0.2872756200707883,0.2876477161218035,0.28798352285671763,0.2882718115281006,0.28850505383792735,0.28868005620465526,0.28879809967664133,0.2888645591631233,0.28888806185352656,0.28887931293705066,0.28884975669066093,0.28881025471171445,0.28876996236764146,0.28873558255815157,0.28871117093483467,0.28869861106289846,0.2886986110626578,0.2887111709340936,0.28873558255685594,0.28876996236571134,0.28881025470902316,0.28884975668703267,0.28887931293225344,0.2888880618473036,0.28886455915525144,0.28879809966695585,0.28868005619307274,0.28850505382443997,0.28827181151274667,0.28798352283956424,0.2876477161029013,0.2872756200502002,0.2868811461126183,0.2864796591880468,0.2860867314957956,0.2857170542240364,0.28538362830294567,0.2850972853307788,0.28486652070581625,0.2846975677206411,0.28459461142522197,0.28456003557509485
0.28436832461158146,0.28439076076298114,0.28445754198527473,0.28456704960531315,0.2847164750943669,0.28490169585305225,0.28511717820140187,0.2853559684796758,0.2856098285271491,0.2858695531730194,0.28612547603761324,0.2863681307173237,0.286588995416994,0.28678122004759066,0.28694022426399873,0.2870640671069005,0.2871535218340829,0.28721183536187134,0.2872441997194701,0.28725700355205075,0.2872569605281076,0.28725023069984557,0.28724166761888453,0.2872343444805477,0.28722952865157303,0.28722723477625356,0.28722723477590434,0.2872295286505182,0.28723434447877033,0.2872416676163515,0.2872502306964838,0.2872569605237982,0.2872570035466168,0.2872441997127065,0.28721183535360506,0.2871535218241886,0.2870640670953147,0.2869402242507286,0.28678122003267037,0.2865889954004827,0.28636813069925576,0.28612547601802996,0.28586955315195567,0.28560982850466105,0.2853559684558492,0.2851171781763645,0.284901695826912,0.28471647506724107,0.28456704957728124,0.28445754195643363,0.2843907607335416,0.28436832458184025
0.2843148299918803,0.2843291408127442,0.2843717216428056,0.2844414985685272,0.2845366256694767,0.2846544253240226,0.2847913490964493,0.28494299376880877,0.2851042036732023,0.28526927909033395,0.28543229214499805,0.2855874892668156,0.2857297374344242,0.28585495529624416,0.2859604642705814,0.2860452009770287,0.2861097497948218,0.28615617911736546,0.2861876918344747,0.28620812552717484,0.28622135954405314,0.28623070703683534,0.2862383951168604,0.286245268149613,0.28625087645847,0.28625408335332053,0.28625408335288943,0.2862508764571802,0.2862452681474779,0.2862383951138831,0.2862307070329824,0.28622135953924266,0.286208125521274,0.2861876918273237,0.2861561791088297,0.2861097497848119,0.28604520096549835,0.2859604642575466,0.2858549552817374,0.28572973741849284,0.2855874892494815,0.2854322921262814,0.2852692790702475,0.2851042036517794,0.28494299374611476,0.28479134907258435,0.28465442529908497,0.28453662564356247,0.284441498541709,0.2843717216151696,0.28432914078450433,0.2843148299633503
0.28435987161597837,0.28436877604077193,0.284395260562037,0.2844386295058109,0.28449769628261634,0.28457075679786253,0.2846555777687436,0.28474941947252136,0.2848491101154193,0.28495118212207854,0.2850520699236271,0.2851483559908024,0.2852370394399424,0.2853157923226857,0.28538316499116356,0.2854387047922941,0.28548296130536416,0.2855173646068679,0.2855439784048748,0.28556514590761556,0.2855830634506088,0.2855993379499262,0.28561461303928404,0.28562838607961977,0.28563917116270676,0.2856451397064827,0.28564513970599703,0.28563917116125986,0.2856283860772411,0.28561461303600055,0.28559933794573783,0.28558306344545953,0.2855651459014037,0.2855439783974796,0.285517364598184,0.28548296129532996,0.28543870478087824,0.2853831649783842,0.28531579230857673,0.2852370394245363,0.2851483559741127,0.2850520699056543,0.28495118210282006,0.284849110094892,0.28474941945077564,0.2846555777458598,0.2845707567739346,0.28449769625772425,0.284438629480023,0.2843952605354354,0.284368776013566,0.28435987158849174
0.2844740012219987,0.2844793322391328,0.2844951806018625,0.2845211078675977,0.2845563711626832,0.28459991309547444,0.28465036224476753,0.2847060552180956,0.2847650897317709,0.2848254140127286,0.28488495152244,0.28494175254905457,0.2849941569947754,0.28504094719144407,0.28508146701467935,0.2851156845212525,0.28514417964648814,0.2851680454697992,0.2851887004857949,0.28520762023084506,0.28522601090755484,0.2852444682295008,0.28526269489694805,0.2852793898041652,0.285292457671489,0.28529966777369037,0.2852996677731696,0.2852924576699436,0.28527938980163536,0.2852626948934743,0.2852444682251049,0.2852260109022015,0.2852076202244533,0.28518870047827516,0.2851680454610701,0.2851441796365052,0.28511568450999825,0.28508146700217046,0.2850409471777164,0.2849941569798478,0.2849417525329344,0.2848849515051108,0.28482541399417816,0.2847650897120042,0.28470605519715236,0.284650362222715,0.2845999130724052,0.2845563711386649,0.2845211078426959,0.28449518057616296,0.2844793322128339,0.28447400119542726
0.2846355689892962,0.284638556714793,0.2846474316078243,0.284661927032397,0.28468159405476656,0.2847057992902163,0.28473373022715215,0.2847644142083302,0.28479675624682904,0.2848295983416087,0.284861799210689,0.28489232893794175,0.28492036868744197,0.2849454021700588,0.2849672835901622,0.28498626669601046,0.28500298132723195,0.285018347371058,0.28503342139389504,0.28504917918389044,0.2850662499009809,0.2850846374731826,0.2851034953394391,0.28512106107158625,0.2851348940258272,0.28514254129827404,0.28514254129773214,0.2851348940242243,0.2851210610689734,0.28510349533586543,0.28508463746867874,0.2850662498955264,0.28504917917742006,0.2850334213863415,0.2850183473623606,0.28500298131735663,0.2849862666849503,0.28496728357793233,0.28494540215669445,0.284920368672952,0.28489232892232846,0.2848617991939239,0.28482959832367377,0.28479675622772077,0.2847644141880814,0.2847337302058223,0.2847057992678943,0.2846815940315139,0.28466192700827647,0.2846474315829284,0.28463855668930804,0.28463556896354497
0.28482879351732854,0.2848302595815693,0.2848346066735679,0.28484168100844226,0.28485122548181296,0.2848628811485262,0.28487619405387055,0.2848906308893299,0.28490560629319656,0.2849205230735185,0.28493482435158146,0.2849480539123769,0.2849599183060509,0.28497034188826487,0.2849795043606955,0.2849878496921092,0.28499605568615144,0.28500495508734847,0.2850154024773111,0.28502808747032315,0.28504330598778027,0.2850607206912871,0.28507917186154447,0.2850966403667916,0.28511050114001174,0.28511818906531206,0.2851181890647631,0.2851105011383875,0.285096640364146,0.28507917185793363,0.2850607206867447,0.2850433059822965,0.2850280874638467,0.28501540246978957,0.2850049550787373,0.28499605567642305,0.28498784968126284,0.284979504348746,0.28497034187524406,0.28495991829196365,0.28494805389722005,0.2849348243353195,0.2849205230561312,0.284905606274674,0.2848906308697015,0.28487619403319053,0.2848628811268753,0.28485122545925345,0.28484168098503293,0.2848346066494065,0.2848302595568335,0.28482879349233087
0.2850422600548024,0.28504275039171045,0.28504419439306145,0.285046511186502,0.2850495669740547,0.285053178056393,0.28505711779507065,0.2850611294651373,0.28506494651881326,0.2850683208069634,0.28507105786720577,0.28507305664202137,0.2850743491426099,0.2850751338385439,0.28507579511591186,0.285076900160729,0.28507916426291796,0.285083376126252,0.28509027701309636,0.2851003928003885,0.28511382849902883,0.2851300535014885,0.28514773554596456,0.28516472126943776,0.28517829770738945,0.2851858534754743,0.2851858534749274,0.2851782977057681,0.2851647212667936,0.28514773554235895,0.28513005349695686,0.2851138284935665,0.285100392793956,0.28509027700565154,0.28508337611776235,0.2850791642533605,0.2850769001501061,0.28507579510423936,0.2850751338258491,0.28507434912889823,0.2850730566272831,0.28507105785140396,0.2850683207900768,0.285064946500829,0.2850611294460837,0.2850571177749971,0.28505317803536906,0.2850495669521456,0.28504651116376223,0.28504419436959066,0.2850427503676832,0.28504226003051825
0.285267770117473,0.28526764529604653,0.2852672591501336,0.28526657709395664,0.28526554328952974,0.2852640842498158,0.285262115459028,0.28525955211017395,0.2852563247630597,0.2852524000836381,0.2852478058695965,0.2852426583693102,0.28523718855839336,0.28523176265422157,0.28522689082708047,0.2852232169267572,0.28522148128484376,0.2852224486801804,0.2852267951700499,0.28523495213006717,0.2852469157719346,0.28526204859987997,0.28527892842214664,0.28529533976757027,0.28530853853272437,0.28531590568654164,0.2853159056859998,0.285308538531118,0.28529533976495064,0.2852789284185761,0.2852620485953922,0.28524691576652617,0.28523495212370925,0.2852267951627096,0.28522244867183366,0.2852214812754719,0.28522321691636315,0.28522689081568137,0.28523176264183964,0.28523718854503655,0.2852426583549631,0.28524780585422543,0.2852524000672212,0.2852563247455851,0.2852595520916693,0.2852621154395383,0.28526408422939764,0.28526554326825015,0.2852665770718669,0.28526725912733136,0.2852676452727073,0.28526777009388243
0.2854994719022822,0.2854989683597519,0.2854974556015154,0.2854949278333859,0.28549137755417303,0.2854867993185914,0.2854811959282537,0.285474587672204,0.28546702502287963,0.2854586047435634,0.2854494886837043,0.28543992365284554,0.28543025970896524,0.2854209630173563,0.2854126181902813,0.2854059138070789,0.2854016038509085,0.2854004375229607,0.28540305115513925,0.2854098202070513,0.2854206788627134,0.2854349324750777,0.2854511166787834,0.2854669955094596,0.28547982623554535,0.28548700406916644,0.285487004068633,0.2854798262339651,0.28546699550688215,0.2854511166752663,0.2854349324706522,0.28542067885737815,0.28540982020078715,0.285403051147921,0.28540043751476984,0.28540160384172975,0.28540591379691554,0.28541261817915103,0.28542096300527836,0.28543025969594926,0.2854399236388726,0.28544948866874537,0.28545860472759677,0.2854670250058975,0.2854745876542336,0.2854811959093355,0.2854867992987703,0.2854913775335142,0.28549492781193825,0.2854974555793724,0.28549896833709143,0.2854994718793749
0.28573321058274864,0.2857324819998621,0.28573029991883536,0.2857266760004152,0.2857216319719338,0.2857152033871577,0.2857074454424484,0.28569844120099164,0.285688312409734,0.28567723275541923,0.28566544288539875,0.2856532658126828,0.28564112043667944,0.28562952985358736,0.28561911993792827,0.28561060244053826,0.28560473578493173,0.28560225630972713,0.2856037737632375,0.28560962888030766,0.2856197201009761,0.2856333238169633,0.2856489605367098,0.2856643971528108,0.28567691022219555,0.28568392098605866,0.2856839209855369,0.2856769102206499,0.285664397150286,0.2856489605332567,0.2856333238126121,0.2856197200957275,0.28560962887414953,0.28560377375615104,0.28560225630169844,0.28560473577594964,0.2856106024306068,0.28561911992706546,0.2856295298418101,0.2856411204239971,0.2856532657990749,0.28566544287084106,0.2856772327398909,0.2856883123932342,0.28569844118354654,0.2857074454240938,0.28571520336792944,0.28572163195189165,0.2857266759796071,0.2857302998973486,0.28573248197787643,0.28573321056052114
0.28596604801394676,0.28596519318242986,0.2859626357515028,0.28595839759392494,0.2859525175009646,0.28594505488909167,0.28593609533060554,0.28592575810708776,0.28591420584608185,0.2859016560279418,0.2858883937211535,0.28587478430273605,0.28586128413128503,0.2858484461588167,0.2858369163153154,0.2858274152620026,0.28582069900308943,0.2858174913318156,0.28581838202952387,0.28582368859870266,0.2858332883027033,0.2858464442482704,0.2858616767124914,0.2858767680022646,0.2858890232198977,0.28589589541371196,0.2858958954132036,0.2858890232183902,0.2858767679997983,0.2858616767091109,0.28584644424400335,0.2858332882975508,0.28582368859265755,0.285818382022575,0.2858174913239542,0.2858206989943081,0.28582741525230654,0.28583691630472174,0.285848446147341,0.28586128411893447,0.2858747842894906,0.2858883937069922,0.285901656012846,0.28591420583005817,0.28592575809016174,0.28593609531280734,0.2859450548704516,0.2859525174815352,0.28595839757375413,0.2859626357306703,0.2859651931611156,0.28596604799239816
0.2861959112015873,0.28619499272777416,0.2861922462522646,0.2861876993029593,0.286181400102944,0.28617342121867495,0.2861638648875772,0.28615287013650853,0.28614062168089993,0.2861273603587626,0.286113394479073,0.2860991109244425,0.28608498411946903,0.28607158004455235,0.28605955135470956,0.28604961843554566,0.2860425301100707,0.28603899715982295,0.2860395927000161,0.2860446171959952,0.28605393470374146,0.2860668035531022,0.28608175165098704,0.28609658299213964,0.286108635426669,0.28611539608067815,0.2861153960801845,0.2861086354252033,0.2860965829897376,0.2860817516476866,0.28606680354892583,0.28605393469869034,0.28604461719006863,0.28603959269321066,0.28603899715213366,0.28604253010149405,0.2860496184260883,0.28605955134438854,0.2860715800333823,0.28608498410745314,0.28609911091156165,0.28611339446530787,0.2861273603440972,0.28614062166534804,0.28615287012009566,0.2861638648703276,0.28617342120061645,0.28618140008412135,0.28618769928342025,0.28619224623208284,0.28619499270712656,0.28619591118071447
0.2864213374855441,0.2864203942926849,0.28641757460585643,0.28641290879208536,0.2864064497998157,0.28639827675764495,0.2863885001624294,0.2863772687175647,0.28636477777048475,0.2863512790851787,0.28633709134306246,0.2863226102638804,0.28630831654841266,0.28629477894763283,0.2862826486693567,0.2862726401223712,0.28626549188350076,0.28626190121025846,0.2862624262590306,0.28626735383045315,0.2862765390913405,0.2862892400603982,0.28630399612921903,0.28631863565967336,0.28633053056156105,0.28633720230918164,0.286337202308704,0.2863305305601402,0.2863186356573396,0.28630399612600255,0.28628924005631623,0.28627653908639655,0.28626735382465174,0.2862624262523741,0.28626190120274525,0.28626549187513217,0.28627264011315634,0.2862826486593127,0.2862947789367726,0.28630831653673433,0.28632261025136635,0.28633709132969337,0.28635127907094265,0.2863647777554008,0.28637726870165814,0.28638850014571887,0.28639827674015855,0.28640644978159097,0.286412908773169,0.2864175745863194,0.28642039427269694,0.28642133746533965
0.2866412915789201,0.28664034722416815,0.2866375244311733,0.286632854704632,0.2866263928791265,0.2866182206795307,0.2866084518140346,0.28659723863072134,0.2865847802627112,0.28657133198712464,0.28655721520044447,0.2865428269353078,0.28652864717977705,0.28651524138839096,0.28650325450360353,0.2864933916138985,0.2864863792724429,0.28648290093751005,0.2864835008101065,0.2864884539381742,0.2864976089372815,0.2865102257424233,0.28652485684680795,0.28653935564896643,0.2865511278220834,0.2865577283552842,0.2865577283548228,0.286551127820708,0.2865393556467025,0.2865248568436783,0.2865102257384401,0.2864976089324508,0.28648845393250366,0.28648350080360274,0.28648290093017587,0.2864863792642857,0.2864933916049293,0.2865032544938388,0.2865152413778418,0.2865286471684378,0.2865428269231613,0.2865572151874708,0.2865713319733162,0.28658478024809025,0.286597238615312,0.28660845179785144,0.28661822066260306,0.2866263928614865,0.2866328546863243,0.2866375244122694,0.28664034720482795,0.28664129155937107
0.2868550354421073,0.28685410361770963,0.2868513184632763,0.28684671162422937,0.28684033815951643,0.2868322800727016,0.28682265133897916,0.28681160444099507,0.2867993383239637,0.28678610748915784,0.28677223163484805,0.2867581047923004,0.2867442022589276,0.28673108277872267,0.28671938236958644,0.28670979502417004,0.2867030344243711,0.2866997702538555,0.2867005334932308,0.2867055886204899,0.286714778988351,0.2867273674631622,0.28674192003775373,0.2867563147280663,0.2867679898155257,0.2867745323923882,0.286774532391943,0.2867679898141963,0.28675631472587315,0.2867419200347129,0.28672736745928135,0.28671477898363773,0.28670558861495377,0.28670053348688335,0.2866997702467044,0.2867030344164276,0.2867097950154466,0.28671938236009986,0.28673108276848247,0.2867442022479254,0.2867581047805188,0.2867722316222661,0.28678610747577243,0.28679933830979826,0.2868116044260718,0.28682265132331014,0.2868322800563171,0.2868403381424449,0.2868467116065127,0.28685131844498857,0.2868541035989996,0.2868550354231956
0.28706203661166163,0.287061124759065,0.2870583993816801,0.2870538917077702,0.2870476560913716,0.287039773520216,0.2870303565948015,0.2870195559802448,0.28700756823233536,0.28699464471322367,0.2869811010106793,0.2869673258247805,0.2869537876543369,0.28694103677959076,0.28692969900528953,0.2869204564742253,0.2869140097922978,0.2869110151605731,0.2869119910014723,0.28691719205637944,0.2869264571618716,0.2869390524921424,0.28695355729695055,0.2869678732287533,0.28697946959417076,0.2869859639013762,0.2869859639009467,0.28697946959288717,0.28696787322663025,0.2869535572939982,0.2869390524883653,0.2869264571572784,0.2869171920509819,0.2869119909952856,0.2869110151536081,0.28691400978456805,0.2869204564657456,0.2869296989960774,0.28694103676965405,0.2869537876436654,0.28696732581335627,0.28698110099848206,0.28699464470025426,0.2870075682186163,0.28701955596579526,0.2870303565796326,0.287039773504357,0.2870476560748501,0.2870538916906248,0.28705839936398714,0.28706112474096424,0.28706203659336593
0.28726190423237014,0.2872610158976515,0.2872583608393434,0.2872539695797894,0.2872478952872629,0.2872402172644557,0.2872310458903394,0.2872205290097419,0.28720885966619775,0.28719628489134985,0.2871831149687467,0.2871697321483742,0.2871565971678434,0.2871442511142005,0.28713330914425267,0.28712444144549204,0.2871183357683511,0.28711563532660533,0.2871168466489767,0.2871222154132017,0.2871315764149759,0.2871441991889704,0.28715867568075115,0.28717292993303833,0.287184460509727,0.2871909135430162,0.2871909135426018,0.2871844605084878,0.28717292993098376,0.2871586756778864,0.2871441991852982,0.2871315764105055,0.2871222154079466,0.2871168466429536,0.2871156353198273,0.2871183357608336,0.2871244414372531,0.2871333091353095,0.2871442511045589,0.28715659715749314,0.28716973213729763,0.287183114956925,0.2871962848787872,0.28720885965291404,0.28722052899575307,0.2872310458756566,0.28724021724910526,0.2872478952712731,0.28725396956319516,0.2872583608222228,0.2872610158801374,0.2872619042146676
0.2874543448403797,0.2874534811949617,0.2874508999276443,0.2874466307276648,0.2874407253657028,0.2874332611649808,0.28742434591204163,0.28741412419659707,0.2874027850720725,0.2873905707488737,0.28737778574157574,0.28736480545653487,0.28735208259531264,0.28734014893944815,0.2873296090809905,0.28732112154459477,0.28731536171289934,0.2873129604451114,0.2873144130614915,0.28731995677720323,0.2873294226902743,0.28734208359320884,0.28735654342355,0.28737074726541006,0.28738222112076794,0.2873886379429393,0.28738863794253927,0.28738222111957124,0.28737074726342154,0.28735654342077155,0.2873420835896419,0.287329422685928,0.28731995677209227,0.28731441305563316,0.2873129604385209,0.2873153617055937,0.2873211215365934,0.2873296090723091,0.2873401489300918,0.28735208258527284,0.287364805445794,0.2873777857301179,0.28739057073670565,0.2874027850592118,0.28741412418305623,0.2874243458978314,0.28743326115012335,0.2874407253502276,0.2874466307116037,0.2874508999110747,0.28745348117801306,0.28745434482324866
0.2876391320793472,0.2876382928909195,0.2876357847067566,0.287631636350155,0.2876258981394163,0.2876186453425776,0.28760998306048946,0.28760005252412507,0.2875890386949907,0.2875771788799841,0.28756477178491524,0.28755218600186416,0.28753986632250433,0.2875283354704426,0.28751818785825745,0.2875100708724275,0.28750464817178445,0.28750253897536104,0.28750422809600557,0.2875099448531514,0.28751951692741345,0.28753222019887104,0.28754666984361404,0.2875608306222857,0.2875722541752735,0.2875786385122538,0.28757863851186743,0.2875722541741171,0.2875608306203605,0.2875466698409193,0.28753222019540786,0.287519516923191,0.2875099448481855,0.2875042280903132,0.28750253896895833,0.28750464816468885,0.28751007086465835,0.28751818784982963,0.2875283354613616,0.2875398663127634,0.28755218599144594,0.2875647717738081,0.28757717886819756,0.28758903868253904,0.28760005251101795,0.2876099830467369,0.2876186453281976,0.2876258981244388,0.2876316363346098,0.28763578469071877,0.28763829287451687,0.2876391320627682
0.2878160861399027,0.2878152703840789,0.2878128322166409,0.2878087996150242,0.2878032214784734,0.28779617106686256,0.2877877508579417,0.28777809880627325,0.2877673958907278,0.28775587466157126,0.2877438282141427,0.28773161859196494,0.287719683026214,0.2877085356291628,0.2876987611844834,0.2876909965898716,0.28768589450552645,0.2876840632638911,0.28768597787509026,0.28769186030884303,0.28770153507807134,0.2877142809563659,0.28772872360271484,0.2877428461173996,0.28775422403437173,0.28776057871701544,0.2877605787166421,0.2877542240332535,0.28774284611553463,0.28772872360010093,0.2877142809530043,0.2877015350739716,0.2876918603040215,0.28768597786956246,0.28768406325767437,0.2876858944986374,0.2876909965823292,0.28769876117630216,0.28770853562034826,0.28771968301676004,0.2877316185818558,0.2877438282033724,0.2877558746501507,0.287767395878669,0.2877780987935838,0.28778775084463076,0.28779617105294436,0.28780322146397724,0.28780879959997835,0.28781283220111664,0.2878152703682035,0.28781608612385695
0.28798505991102746,0.2879842661503721,0.2879818937033384,0.287977969749379,0.28797254184833665,0.28796568136358097,0.2879574882945244,0.2879480974997436,0.28793768619606824,0.2879264824445902,0.28791477405320964,0.2879029169054834,0.2878913411360295,0.2878805527923524,0.2878711276598627,0.28786369285347124,0.2878588907918774,0.28785731968365746,0.287859445432331,0.28786548318596544,0.2878752545230211,0.287888040913384,0.287902477763683,0.2879165652254248,0.2879279010517851,0.2879342283292376,0.28793422832887666,0.2879279010507028,0.28791656522361747,0.2879024777611474,0.28788804091012166,0.28787525451904183,0.28786548318128535,0.28785944542696534,0.2878573196776234,0.287858890785191,0.2878636928461507,0.28787112765192163,0.28788055278379504,0.2878913411268506,0.2879029168956702,0.2879147740427616,0.28792648243351865,0.2879376861843845,0.28794809748745387,0.2879574882816365,0.28796568135010725,0.2879725418343043,0.28797796973481593,0.28798189368831095,0.28798426613500644,0.28798505989549833
0.28814592971432934,0.28814515632831267,0.2881428447603642,0.28813902145271764,0.288133732727013,0.28812704819192925,0.2881190655517491,0.288109916795436,0.28809977565041517,0.2880888660120862,0.288077470781153,0.2880659401248717,0.2880546975946122,0.2880442417599088,0.2880351400668329,0.2880280105681426,0.28802348619910223,0.2880221557963662,0.2880244768348104,0.28803065815002304,0.2880405186080894,0.2880533421836557,0.2880677733256611,0.2880818280048425,0.2880931245948286,0.28809942634893837,0.2880994263485895,0.2880931245937807,0.2880818280030906,0.28806777332320127,0.28805334218048984,0.2880405186042276,0.28803065814548123,0.2880244768296037,0.28802215579051105,0.28802348619261403,0.2880280105610381,0.28803514005912423,0.28804424175159943,0.28805469758569796,0.28806594011534287,0.28807747077101303,0.2880888660013468,0.2880997756390878,0.2881099167835265,0.288119065539264,0.28812704817888113,0.28813373271342607,0.2881390214386198,0.2881428447458172,0.28814515631344,0.2881459296993005
0.28829858913406886,0.2882978344546266,0.2882955787832547,0.28829184789001283,0.2882866869667683,0.2882801640195622,0.28827237465392785,0.288263448231369,0.2882535552802625,0.2882429158723828,0.2882318083994659,0.28822057777174603,0.288209641481988,0.28819949121381416,0.2881906867306964,0.2881838377336571,0.288179568414922,0.2881784589681215,0.2881809590928405,0.28818727180077636,0.2881972134581437,0.28821007036156704,0.2882244953297722,0.2882385189785623,0.2882497787783368,0.2882560566657592,0.2882560566654218,0.288249778777322,0.28823851897686414,0.288224495327386,0.2882100703584949,0.28819721345439614,0.2881872717963688,0.2881809590877878,0.2881784589624392,0.2881795684086255,0.2881838377267616,0.2881906867232125,0.288199491205745,0.28820964147332895,0.2882205777624902,0.28823180838961976,0.2882429158619588,0.2882535552692728,0.28826344821981964,0.2882723746418251,0.2882801640069205,0.2882866869536081,0.28829184787636275,0.28829557876917244,0.2882978344402311,0.28829858911952483
0.28844294491683575,0.2884422073049719,0.2884400026347005,0.28843635606846546,0.28843131177608883,0.2884249363122104,0.2884173233791155,0.288408599951986,0.2883989336490835,0.28838854105829975,0.2883776964566828,0.2883667399502535,0.2883560834878574,0.2883462124449571,0.2883376795399632,0.28833108680852404,0.2883270504122229,0.2883261426006988,0.2883288059233147,0.28833523803462974,0.288345253004078,0.2883581392766818,0.28837255740089585,0.28838655151944126,0.28839777674766187,0.28840403229121736,0.28840403229089084,0.28839777674667905,0.28838655151779496,0.2883725573985808,0.28835813927370046,0.288345253000441,0.2883352380303515,0.2883288059184102,0.28832614259518285,0.28832705040611084,0.28833108680182956,0.2883376795326956,0.2883462124371186,0.28835608347944247,0.2883667399412587,0.2883776964471169,0.28838854104817596,0.28839893363841396,0.28840859994077733,0.2884173233673748,0.2884249362999551,0.2884313117633366,0.2884363560552459,0.2884400026210678,0.28844220729103953,0.28844294490276207
0.2885789142416429,0.2885781921278057,0.28857603377049645,0.28857246378614865,0.2885675254254463,0.2885612839362988,0.28855383130503603,0.2885452923518503,0.28853583206235967,0.2885256638670119,0.2885150583069809,0.2885043511188398,0.288493949201141,0.28848433217450997,0.28847604632195084,0.2884696866691332,0.2884658620264178,0.28846513736551505,0.28846794868082676,0.28847448871421033,0.28848456943184686,0.28849748126216224,0.2885118918739688,0.28852585787148527,0.2885370506305472,0.2885432852761441,0.28854328527582807,0.28853705062959495,0.28852585786988905,0.2885118918717226,0.2884974812592684,0.28848456942831585,0.2884744887100559,0.288467948676064,0.2884651373601585,0.28846586202048197,0.28846968666263045,0.2884760463148894,0.28848433216689096,0.2884939491929588,0.28850435111009454,0.28851505829768204,0.28852566385717276,0.28853583205199285,0.2885452923409634,0.2885538312936384,0.2885612839244104,0.28856752541308417,0.2885724637733425,0.28857603375729773,0.28857819211432173,0.2885789142280242
0.2887064228898471,0.2887057147924838,0.28870359832262477,0.28870009760822596,0.2886952550770423,0.28868913480571745,0.28868182724032465,0.28867345526351296,0.2886641814895904,0.28865421649957557,0.28864382745676515,0.28863334613967984,0.28862317486412037,0.2886137880203316,0.28860572603406015,0.28859957754278676,0.2885959446504854,0.2885953856833567,0.28859833064629187,0.28860496779082107,0.2886151071637918,0.28862804101968625,0.2886424435666683,0.2886563828538991,0.28866754519567744,0.28867376034656483,0.2886737603462585,0.2886675451947543,0.2886563828523505,0.28864244356448787,0.2886280410168759,0.28861510716036154,0.2886049677867841,0.28859833064166335,0.2885953856781504,0.28859594464471555,0.288599577536465,0.2886057260271935,0.2886137880129201,0.288623174856159,0.2886333461311715,0.28864382744771916,0.28865421649000567,0.28866418147950956,0.2886734552529304,0.288681827229253,0.28868913479417857,0.28869525506505395,0.28870009759581733,0.288703598309845,0.288705714779434,0.28870642287666914
0.28882540400209206,0.288824708533389,0.2888226298052043,0.28881919151012153,0.2888144353418755,0.28880842433123877,0.2888012475470033,0.2887930261364505,0.2887839205861757,0.2887741389156167,0.28876394524558724,0.2887536677828759,0.2887437047005148,0.288734525652849,0.2887266657543854,0.2887207078425144,0.2887172479255161,0.2887168382837049,0.2887199034691167,0.2887266276440866,0.2887368191106152,0.288749771798592,0.28876416590044973,0.2887780799386132,0.28878921390121415,0.2887954109377414,0.28879541093744426,0.28878921390031825,0.2887780799371092,0.2887641658983309,0.28874977179586003,0.28873681910727933,0.2887266276401597,0.28871990346461357,0.288716838278639,0.2887172479199013,0.2887207078363612,0.28872666574769995,0.2887345256456306,0.28874370469276045,0.2887536677745897,0.2887639452367788,0.28877413890630094,0.28878392057636504,0.28879302612615554,0.28880124753624076,0.2888084243200317,0.28881443533024354,0.2888191914980938,0.2888226297928273,0.2888247085207583,0.28882540398933987
0.2889357972168424,0.28893511308120795,0.28893306822412773,0.2889296859515567,0.2889250073049163,0.2889190943845451,0.2889120350323173,0.28890394884715986,0.2888949944139247,0.28888537745828496,0.2888753593715675,0.2888652651504106,0.28885548923802434,0.28884649701814064,0.2888388188089939,0.2888330322036762,0.2888297276929568,0.2888294520798434,0.28883262497302226,0.28883942682673797,0.28884966436358406,0.28886263304406185,0.2888770185133334,0.28889090883637075,0.28890201646298536,0.28890819675338114,0.28890819675309215,0.2889020164621139,0.28889090883490703,0.28887701851127073,0.2888626330414016,0.28884966436033516,0.2888394268229127,0.2888326249686351,0.28882945207490746,0.28882972768748516,0.28883303219767875,0.28883881880247575,0.28884649701110077,0.28885548923046167,0.2888652651423303,0.2888753593629808,0.28888537744920756,0.28889499440436794,0.2889039488371363,0.2889120350218481,0.28891909437365354,0.2889250072936245,0.2889296859398925,0.2889330682121345,0.2889351130689765,0.28893579720449614
0.28903754805717086,0.28903687404581946,0.2890348594483246,0.28903152722867786,0.28902691785094725,0.2890210925911323,0.2890141382026998,0.2890061729089575,0.28899735360236234,0.2889878839637324,0.28897802294676644,0.28896809267621176,0.28895848425296744,0.2889496592280376,0.28894214360930204,0.28893651027122114,0.28893334473501264,0.2889331888661659,0.2889364578143739,0.28894332868832306,0.2889536067881446,0.28896658896528654,0.28898096580739385,0.28899483402846854,0.2890059173755862,0.28901208228137054,0.28901208228108866,0.28900591737473597,0.2889948340270405,0.28898096580538146,0.2889665889626907,0.28895360678497395,0.28894332868458994,0.2889364578100921,0.2889331888613488,0.2889333447296726,0.288936510265367,0.2889421436029378,0.2889496592211619,0.288958484245581,0.2889680926683216,0.28897802293838554,0.28898788395487596,0.2889973535930416,0.2890061728991882,0.2890141381925064,0.28902109258053843,0.28902691783997764,0.28903152721735853,0.2890348594366956,0.2890368740339673,0.28903754804521214
0.28913060748020053,0.2891299424638272,0.28912795475160136,0.289124667006518,0.2891201191841257,0.28911437183368405,0.2891075107479694,0.28909965293437956,0.28909095378713356,0.28908161517380626,0.2890718938829611,0.2890621094843349,0.2890526501007121,0.2890439738631518,0.28903660292849764,0.28903110595068704,0.28902806400172315,0.28902801452306964,0.28903136866681534,0.2890383005416351,0.289048614174302,0.2890616076720665,0.28907597607398716,0.28908982388319165,0.289100885022798,0.28910703590113673,0.28910703590086073,0.2891008850219658,0.2890898238817942,0.28907597607201846,0.2890616076695277,0.2890486141712014,0.2890383005379851,0.28903136866262935,0.289028014518361,0.28902806399650316,0.28903110594496345,0.28903660292227373,0.2890439738564265,0.28905265009348796,0.2890621094766199,0.28907189387476934,0.2890816151651528,0.2890909537780312,0.28909965292484685,0.2891075107380329,0.289114371823368,0.28912011917345604,0.28912466699552025,0.28912795474031255,0.28912994245232837,0.28913060746860486
0.28921493153478056,0.2892142744554735,0.28921231046728235,0.2892090619698824,0.28920456847368875,0.28919888989125525,0.2891921111727568,0.289184348257751,0.28917575522278116,0.28916653233828293,0.28915693448279084,0.2891472789686891,0.2891379512838584,0.2891294065295858,0.2891221634470313,0.2891167869428782,0.28911385413534807,0.2891138985316552,0.28911732772694937,0.2891243131600931,0.28913465772648284,0.28914766065802266,0.2891620209713034,0.2891758501288682,0.2891868911474976,0.28919302935193497,0.28919302935166363,0.28918689114667956,0.2891758501274957,0.2891620209693711,0.28914766065553255,0.28913465772344354,0.289124313156517,0.28911732772284926,0.28911389852704444,0.28911385413023666,0.289116786937273,0.28912216344093467,0.289129406522997,0.28913795127678116,0.2891472789611327,0.2891569344747709,0.2891665323298153,0.2891757552138805,0.2891843482484373,0.2891921111630574,0.28919888988119624,0.2892045684632951,0.2892090619591796,0.28921231045630563,0.2892142744442979,0.28921493152351796
0.2892904810930922,0.28928983095611843,0.2892878877193029,0.2892846735537971,0.2892802275834968,0.2892746091676494,0.28926790252346074,0.2892602226604841,0.289251722506166,0.28924260093621584,0.28923311115887496,0.28922356850980774,0.28921435616658625,0.2892059265708152,0.289198795462011,0.289193524450764,0.2891906871747646,0.28919081367561594,0.2891943084137059,0.28920134047457857,0.28921171175785376,0.2892247224924725,0.2892390752139838,0.2892528875415603,0.2892639105379291,0.2892700374183676,0.2892700374180994,0.2892639105371214,0.2892528875402069,0.289239075212081,0.2892247224900233,0.28921171175486676,0.28920134047106655,0.2891943084096815,0.2891908136710918,0.2891906871697495,0.28919352444526375,0.28919879545602684,0.28920592656434685,0.2892143561596389,0.28922356850239234,0.2892331111510089,0.28924260092791554,0.2892517224974467,0.28926022265136747,0.289267902513976,0.2892746091578244,0.28928022757335414,0.28928467354336207,0.28928788770860975,0.28928983094523686,0.28929048108213257
0.28935722163470823,0.28935657750049787,0.2893546522070566,0.28935146772932124,0.28934706285915535,0.28934149648015606,0.2893348521788637,0.2893272441637816,0.28931882437142536,0.28930979047326616,0.2893003942335731,0.28929094927704907,0.28928183677925673,0.28927350687460024,0.2892664726962825,0.28926129299052794,0.28925853836822696,0.2892587358553921,0.2892622871835309,0.2892693593892715,0.28927975350642243,0.28929277063645675,0.28930711638881795,0.28932091376030966,0.2893319208425297,0.2893380377449598,0.2893380377446941,0.2893319208417299,0.28932091375897123,0.28930711638693896,0.28929277063404135,0.2892797535034798,0.2892693593858144,0.2892622871795714,0.28925873585094247,0.28925853836329496,0.28926129298511843,0.2892664726903963,0.289273506868238,0.28928183677242414,0.28929094926975896,0.2893003942258438,0.28930979046511374,0.28931882436286677,0.2893272441548413,0.28933485216957155,0.2893414964705395,0.28934706284923556,0.28935146771912373,0.2893546521966152,0.2893565774898784,0.2893572216240171
0.28941512306968614,0.28941448404616466,0.28941257402987275,0.28940941482972093,0.28940504495650604,0.2893995228909305,0.2893929316849022,0.2893853848672234,0.2893770335327212,0.2893680743288762,0.2893587577907657,0.28934939608506455,0.2893403686795607,0.2893321237387159,0.2893251721685476,0.28932007026579404,0.2893173860513359,0.28931764396944204,0.28932124341445375,0.2893283496679688,0.2893387630230468,0.28935178533190564,0.289366124844609,0.28937990917734846,0.28939090246026616,0.2893970107265246,0.28939701072625995,0.2893909024594705,0.2893799091760192,0.28936612484274615,0.2893517853295153,0.28933876302013917,0.28932834966455695,0.28932124341054977,0.28931764396505644,0.2893173860464751,0.28932007026046136,0.28932517216274317,0.2893321237324417,0.2893403686728242,0.28934939607788057,0.2893587577831534,0.28936807432085304,0.28937703352430666,0.2893853848584436,0.2893929316757844,0.28939952288150056,0.28940504494678665,0.28940941481973514,0.2894125740196529,0.28941448403577685,0.2894151230592294
0.28946415959232275,0.28946352482763626,0.28946162754233873,0.2894584894077205,0.28945414870151837,0.2894486635701742,0.28944211662172814,0.28943462082021726,0.28942632656048717,0.2894174296376286,0.2894081795625439,0.2893988872859434,0.2893899308501309,0.2893817567739407,0.28937487410153967,0.2893698370806971,0.2893672115646169,0.28936751983585635,0.2893711593311953,0.2893782938620932,0.2893887231017358,0.2894017495336413,0.2894160836253395,0.2894298568719883,0.2894408384749178,0.2894469394426139,0.2894469394423505,0.28944083847412655,0.2894298568706678,0.28941608362349114,0.28940174953127185,0.2893887230988559,0.2893782938587157,0.2893711593273326,0.2893675198315189,0.2893672115598112,0.2893698370754262,0.28937487409580354,0.28938175676774225,0.28938993084347836,0.28939888727885227,0.2894081795550333,0.2894174296297171,0.28942632655219575,0.289434620811573,0.28944211661275876,0.28944866356090715,0.289454148691979,0.2894584893979284,0.2894616275323231,0.289463524817465,0.2894641595820842
0.28950430956032025,0.28950367823594564,0.28950179123499276,0.28949867011807734,0.28949435297544207,0.289488897684508,0.2894823864958723,0.28947493191845775,0.2894666837826084,0.2894578371954691,0.28944864084069755,0.28943940468609036,0.28943050562083755,0.28942238883169413,0.28941556185482464,0.2894105772775728,0.2894079991957342,0.2894083481386498,0.28941201995502425,0.28941917726355476,0.2894296192349325,0.2894426488665051,0.2894569784286141,0.28947074256992134,0.2894817146148733,0.2894878096175373,0.28948780961727477,0.2894817146140851,0.2894707425686076,0.28945697842677764,0.28944264886415366,0.2894296192320768,0.28941917726020744,0.28941201995119686,0.28940834813435196,0.289407999190972,0.28941057727234926,0.2894155618491413,0.2894223888255558,0.2894305056142546,0.28943940467907936,0.28944864083327715,0.2894578371876583,0.28946668377442825,0.2894749319099352,0.2894823864870372,0.2894888976753865,0.2894943529660587,0.2894986701084516,0.28950179122515385,0.2895036782259625,0.28950430955027145
0.2895355553960457,0.2895349267202469,0.2895330476369556,0.28952993962189266,0.2895256406214314,0.28952020830649267,0.28951372465317887,0.28950630182071946,0.28949808920545406,0.28948928138528096,0.28948012640704607,0.2894709334814328,0.2894620786089009,0.28945400594899556,0.2894472218744565,0.2894422776910726,0.289439736137746,0.2894401163897621,0.28944381306904654,0.289450987872826,0.2894614395838512,0.2894744715974424,0.2894887975790079,0.28950255461741253,0.2895135192278256,0.28951960959528883,0.28951960959502765,0.28951351922704166,0.28950255461610624,0.28948879757718254,0.28947447159510503,0.2894614395810131,0.2894509878694998,0.28944381306524436,0.2894401163854936,0.28943973613301766,0.28944227768588787,0.2894472218688179,0.28945400594290904,0.28946207860237766,0.2894709334744893,0.2894801263996999,0.2894892813775515,0.2894980891973643,0.2895063018122989,0.2895137246444606,0.28952020829750275,0.2895256406121933,0.28952993961242596,0.2895330476272854,0.2895349267104443,0.28953555538618186
0.28955788350775286,0.28955725670932586,0.2895553832383082,0.2895522845104081,0.28954799837027945,0.2895425823427947,0.28953611820984804,0.28952871788316464,0.2895205304517645,0.28951175011860564,0.2895026244791746,0.28949346220728145,0.289484638672907,0.28947659730658704,0.28946984365508455,0.2894649281140598,0.2894624124585238,0.2894628149016738,0.2894665291936383,0.2894737163767738,0.28948417495826917,0.28949720861681544,0.2895115320104925,0.2895252839644764,0.28953624326439836,0.2895423303233808,0.2895423303231222,0.2895362432636222,0.2895252839631829,0.28951153200868385,0.2894972086144969,0.28948417495545054,0.28947371637346647,0.28946652918985505,0.28946281489742565,0.2894624124538192,0.2894649281089046,0.28946984364948297,0.2894765973005454,0.28948463866643637,0.28949346220039635,0.2895026244718906,0.28951175011094155,0.28952053044374493,0.2895287178748213,0.2895361182012157,0.2895425823339006,0.28954799836115225,0.2895522845010719,0.2895553832287794,0.28955725669968174,0.2895578834980409
0.28957128422940065,0.2895706585516428,0.2895687884308085,0.28956569524684594,0.28956141678379094,0.2895560104794661,0.28954955799997983,0.28954217110945474,0.2895339987135864,0.2895252347915997,0.28951612666956106,0.2895069827007169,0.289498177878483,0.289490155197865,0.28948341971204716,0.2894785212727117,0.2894760210786537,0.28947643676784907,0.28948016156913076,0.28948735613325843,0.2894978188026969,0.28951085342580174,0.2895251752547361,0.2895389241537916,0.2895498802674321,0.28955596534230266,0.2895559653420454,0.2895498802666604,0.28953892415250554,0.2895251752529377,0.2895108534234955,0.289497818799892,0.2894873561299657,0.289480161565363,0.2894764367636172,0.2894760210739662,0.28947852126757423,0.28948341970646535,0.28949015519184623,0.2894981778720407,0.2895069826938664,0.28951612666231796,0.2895252347839829,0.28953399870562024,0.28954217110117164,0.28954955799141646,0.28955601047065177,0.2895614167747528,0.2895656952376049,0.28956878842137246,0.2895706585420975,0.2895712842198015
0.28957575177821265,0.2895751264730556,0.2895732574660955,0.2895701661253999,0.28956589021486734,0.2895604871434029,0.28955403853864237,0.28954665611565694,0.2895384887192102,0.28952973025415296,0.2895206279569763,0.2895114900743312,0.2895026914743984,0.289494675007319,0.28948794556208546,0.28948305280940206,0.2894805577563449,0.28948097784948645,0.2894847061441918,0.28949190316090806,0.2895023671872942,0.2895154021282006,0.2895297234335657,0.28954347131360864,0.2895544263651643,0.28956051077883155,0.2895605107785768,0.28955442636439954,0.28954347131233255,0.2895297234317787,0.2895154021259046,0.28950236718449684,0.28949190315762,0.289484706140427,0.2894809778452577,0.2894805577516623,0.2894830528042725,0.2894879455565144,0.28949467500131215,0.2895026914679671,0.2895114900674899,0.28952062794974054,0.2895297302465434,0.289538488711254,0.2895466561073891,0.289554038530102,0.28956048713461996,0.2895658902058652,0.2895701661161938,0.2895732574567072,0.289575126463553,0.2895757517686598
