Model: ensemble_run0_brcd749
Simulation: 1932686313_0
(SimID_1932686313_0 (PDE Simulation)) 
Sim time range (0.0 50.0) (saved timepoints 101) 
Number of variables 42 
Variable names ['BUB1a', 'BUB1a_pknl1', 'CPCa', 'CPCi', 'H2A', 'H3', 'H3_CPCa', 'H3_CPCi', 'H3S10rep', 'HASPINa', 'HASPINi', 'I', 'KNL1', 'NDC80', 'NDC80_TTKa', 'NDC80_TTKi', 'NDC80_pTTKa', 'NDC80_pTTKi', 'pH2A', 'pH2A_SGO1', 'pH2A_SGO1_CPCa', 'pH2A_SGO1_CPCi', 'pH3', 'pH3_CPCa', 'pH3_CPCi', 'pH3S10rep', 'pKNL1', 'pKNL1_bub1a', 'PLK1a', 'PLK1i', 'pTTKa', 'pTTKi', 'pNDC80', 'pNDC80_TTKa', 'pNDC80_TTKi', 'pNDC80_pTTKa', 'pNDC80_pTTKi', 'SGO1', 'SGO1_CPCi', 'SGO1_CPCa', 'TTKa', 'TTKi'] 
 
2D Slice for variable TTKa at time 36.5 in plane XY at Z = 0 
 
X in rows, Y in columns 
0.26962705665349357,0.26962505945063814,0.2696190729867234,0.26960910607328703,0.26959518309394903,0.26957733566812414,0.26955560798089634,0.2695300599089639,0.2695007723960646,0.26946785225923087,0.2694314379033835,0.2693917070770588,0.26934888899181486,0.26930327688628497,0.2692552428182727,0.26920525587014926,0.269153903034942,0.26910191218684704,0.2690501759592092,0.2689997733991707,0.2689519835797474,0.26890828207007456,0.268870306426445,0.2688397709636523,0.26881830820674246,0.26880722608896274,0.2688072260953807,0.26881830816066427,0.26883977076987864,0.26887030614865914,0.2689082819573625,0.2689519838618272,0.2689997741241046,0.26905017707479756,0.26910191364198655,0.26915390468873135,0.26920525739871737,0.26925524385375954,0.2693032772082442,0.2693488885622648,0.2693917060690628,0.26943143680953163,0.26946785143505825,0.2695007714030241,0.26953005857292,0.269555606819519,0.2695773353533768,0.2695951834403792,0.269609106315698,0.269619072106788,0.2696250595838482,0.26962705665962616
0.2696399912242091,0.2696379943767333,0.2696320076933634,0.26962204329209527,0.26960812296711634,0.26959027795761104,0.26956855226928406,0.26954300693650546,0.26951372307130755,0.2694808066751017,0.26944439540980125,0.2694046675804732,0.2693618526962879,0.2693162438070195,0.26926821275795476,0.26921822842115084,0.26916687758658575,0.2691148880470372,0.26906315247953977,0.2690127499875168,0.2689649597169006,0.26892125743721246,0.2688832809939839,0.2688527448910138,0.2688312816848535,0.26882019932583606,0.2688201993908436,0.2688312818913583,0.26885274524254804,0.26888328145300733,0.26892125794521715,0.2689649602238459,0.2690127504811163,0.26906315303633793,0.2691148888261874,0.2691668786914617,0.26921822975965665,0.2692682140697243,0.2693162448034331,0.26936185314683053,0.2694046673611499,0.2694443946377969,0.2694808057318157,0.26951372219967895,0.2695430059896333,0.26956855107235234,0.26959027674954944,0.2696081223575962,0.2696220431953264,0.2696320074739723,0.26963799409098377,0.26963999099779545
0.2696787945359781,0.26967679982261855,0.2696708157811406,0.2696608560673773,0.2696469415132148,0.26962910329766504,0.2696073861027509,0.269581850492391,0.26955257680249695,0.26951967080868006,0.2694832700186572,0.26944355268569165,0.2694007480461015,0.26935514871067806,0.2693071261185632,0.2692571488332415,0.2692058034371046,0.26915381761137686,0.2691020840503984,0.2690516820428003,0.269003891052423,0.26896018721458664,0.2689222087564459,0.26889167059594943,0.2688702057271363,0.26885912248690513,0.26885912266783396,0.2688702062634818,0.2688916714289426,0.26892220974122016,0.2689601881679912,0.2690038918100934,0.26905168250073264,0.2691020842613852,0.2691538178365804,0.26920580397446475,0.2692571497708423,0.2693071273070526,0.2693551499220713,0.2694007490500621,0.26944355323611335,0.269483269966464,0.26951967030434165,0.26955257611384953,0.26958184963485676,0.26960738511768734,0.26962910213560015,0.26964694028678654,0.26966085511147864,0.26967081504167345,0.26967679906393066,0.26967879516532844
0.2697434731055759,0.26974147893112527,0.2697354992841709,0.26972554685324185,0.26971164230760813,0.2696938166573793,0.26967211409950415,0.2696465945989913,0.26961733835283236,0.2695844504320207,0.2695480679553708,0.2695083687942905,0.26946558157878614,0.2694199983555523,0.2693719900577986,0.2693220247316967,0.26927068856740755,0.2692187091716632,0.2691669794355432,0.26911657891327034,0.2690687873518603,0.26902508132078384,0.2689870997002743,0.26895655819123476,0.2689350905623591,0.2689240057801396,0.26892400598024657,0.26893509116691083,0.26895655915043004,0.2689871008435945,0.2690250824259883,0.2690687882548068,0.26911657951881585,0.2691669797112924,0.26921870922444324,0.26927068866820725,0.26932202515691794,0.26937199089957564,0.2694199994915793,0.26946558276906424,0.26950836976484777,0.2695480684702793,0.26958445045403273,0.2696173380840913,0.2696465940977726,0.2696721132288007,0.26969381553479105,0.26971164108150714,0.26972554578260266,0.26973549830090937,0.2697414778222965,0.26974347236334284
0.269834029596529,0.26983203670537564,0.26982606362481626,0.2698161221438926,0.26980223206617165,0.2697844244514397,0.26976274298670655,0.26973724711432323,0.2697080161932726,0.2696751545473598,0.2696387987977232,0.26959912608220415,0.2695563641619756,0.2695108042798129,0.26946281664107774,0.2694128687058069,0.26936154632699366,0.269309577015302,0.2692578537116615,0.26920745615124225,0.26915966449309464,0.2691159559986301,0.26907797044440085,0.26904742454712927,0.26902595314668576,0.26901486616218595,0.2690148662833594,0.26902595355306974,0.2690474252941009,0.269077971473644,0.2691159571256406,0.2691596655213658,0.26920745695313225,0.2692578542149797,0.269309577219287,0.26936154637239795,0.26941286884296584,0.2694628170736802,0.26951080504866126,0.2695563651589465,0.26959912710996325,0.2696387996061149,0.26967515494189326,0.2697080162256302,0.26973724692806356,0.2697627424878013,0.2697844236414898,0.2698022310580172,0.269816121132566,0.26982606291337163,0.2698320358329552,0.2698340280703434
0.26995047116224535,0.26994848129350096,0.2699425173646958,0.26993259001847897,0.26991871931527156,0.2699009360357354,0.2698792829152963,0.2698538186719161,0.26982462164150806,0.2697917954304465,0.26975547583263637,0.26971583879931016,0.269673110912257,0.26962758243743484,0.26957962280702047,0.2695296988614435,0.26947839597625545,0.26942644136070737,0.2693747278747415,0.26932433545426826,0.2692765448044736,0.2692328340651609,0.2691948441437853,0.26916429308676326,0.2691428171699846,0.26913172757410786,0.26913172767546933,0.26914281749805,0.2691642936953692,0.26919484504363506,0.2692328351481153,0.2692765458891755,0.26932433639937314,0.26937472859520345,0.2694264418029292,0.26947839618010194,0.26952969899636564,0.26957962305022537,0.26962758285642585,0.2696731115033869,0.26971583954548156,0.26975547662741733,0.2697917960268146,0.26982462187005374,0.2698538186370231,0.2698792827033792,0.26990093561349504,0.26991871876640844,0.26993258927949204,0.2699425166787649,0.2699484807320487,0.26995046989191324
0.27009280840892363,0.2700908227477696,0.2700848700323,0.27007496081180016,0.27006111529757204,0.2700433631253954,0.2700217463209837,0.26999632261968265,0.2699671693058613,0.26993438895555,0.2698981159733714,0.26985852486755235,0.2698158409938602,0.26977035351294554,0.26972243081755715,0.26967253886485704,0.26962126238575584,0.2695693281847444,0.2695176289596083,0.26946724481984274,0.2694194570877032,0.2693757449671199,0.2693377507955682,0.26930719430635147,0.2692857135362506,0.26927462115832984,0.2692746213325739,0.26928571401617984,0.2693071950272133,0.269337751717298,0.26937574600541153,0.2694194581010364,0.2694672457185231,0.2695176297276757,0.26956932878574147,0.2696212627749326,0.26967253909894784,0.2697224310321593,0.2697703537907134,0.26981584134790465,0.26985852531533877,0.26989811651569995,0.269934389477155,0.2699671696267694,0.26999632273760116,0.2700217463218507,0.27004336293875364,0.27006111501783103,0.27007496045373597,0.2700848694215626,0.27009082213360996,0.2700928074070859
0.2702610529862861,0.27025907233177493,0.2702531333087592,0.2702432470438986,0.27022943290452484,0.27021171954582845,0.27019014821644644,0.2701647753461586,0.2701356769207066,0.27010295405757345,0.27006673949642374,0.2700272062255864,0.2699845781769542,0.26993914307276506,0.2698912679465028,0.2698414176312153,0.26979017601911376,0.2697382693470055,0.2696865900719966,0.2696362185073026,0.26958843669133775,0.2695447250527283,0.26950672760842476,0.26947616607942426,0.26945468053301586,0.26944358534018564,0.2694435855747079,0.2694546811523374,0.2694761669249694,0.26950672856655994,0.2695447260254419,0.26958843757044804,0.26963621925710707,0.2696865907480894,0.2697382699664049,0.26979017650927406,0.2698414179569363,0.2698912681848437,0.26993914332225244,0.26998457846642526,0.27002720654129814,0.27006673983037843,0.27010295439440024,0.27013567719974774,0.2701647755085145,0.27019014831394517,0.2702117195617391,0.2702294327998493,0.2702432468979661,0.2702531328583811,0.27025907147044037,0.2702610520035499
0.2704552178862829,0.27045324279179783,0.2704473207287075,0.2704374627705302,0.27042368706006287,0.27040602151285814,0.27038450609866366,0.27035919569779365,0.2703301648110842,0.2702975127799187,0.27026137046642956,0.27022190906726634,0.27017935072710164,0.2701339813872886,0.2700861664438157,0.2700363693527714,0.26998517291509955,0.26993330260517945,0.2698816505760256,0.26983129738823286,0.26978352587059945,0.2697398177843272,0.26970181902320484,0.26967125356472466,0.2696497637663183,0.2696386659007143,0.26963866610027865,0.2696497642999933,0.2696712542976465,0.26970181983797653,0.26973981859225615,0.2697835266006937,0.269831298026622,0.26988165117439705,0.2699333031922194,0.2699851734313223,0.27003636972900397,0.2700861667072574,0.27013398162629837,0.2701793509846458,0.27022190932650764,0.2702613707184972,0.27029751303382127,0.2703301650134044,0.2703591957646503,0.27038450609832965,0.27040602159664656,0.2704236870958834,0.2704374627164952,0.2704473204514307,0.2704532418546786,0.2704552166871865
0.2706753169071779,0.270673348402403,0.2706674473584286,0.2706576237383187,0.2706438946727777,0.2706262870941322,0.2706048393913152,0.27057960484020954,0.270550656144138,0.2705180905056069,0.2704820366353786,0.27044266356569796,0.270400191226862,0.2703549034086129,0.27030716358133927,0.2702574335706169,0.27020629483470787,0.270154471877111,0.2701028564284271,0.2700525292578086,0.27000477400173495,0.2699610738479456,0.2699230767595525,0.2698925092457856,0.2698710162413509,0.26985991614104377,0.26985991625104705,0.2698710165525604,0.26989250969848283,0.2699230772702156,0.2699610743615083,0.27000477451262667,0.2700525297823918,0.27010285698016956,0.27015447245283575,0.2702062953854898,0.27025743400979485,0.27030716387238707,0.2703549036144155,0.27040019144118416,0.270442663821897,0.27048203690187483,0.2705180907302321,0.2705506562645338,0.27057960478756293,0.2706048392380531,0.27062628700117236,0.2706438945984299,0.2706576235829108,0.2706674471541212,0.2706733478125155,0.2706753158126866
0.27092136498415587,0.27091940501788564,0.27091352943796043,0.2709037469345051,0.2708900738586142,0.27087253581543785,0.27085116949124377,0.2708260263696748,0.27079717689178384,0.27076471578386235,0.2707287692493396,0.27068950371051076,0.27064713644497757,0.2706019487224541,0.270554301765502,0.2705046554525366,0.2704535896025355,0.27040182750873104,0.27035026030358184,0.2702999688564722,0.2702522376085849,0.2702085512804198,0.27017056009080564,0.27013999333348515,0.2701184988122732,0.2701073972818266,0.2701073973215246,0.27011849894052137,0.27013999352981166,0.27017056028557546,0.2702085514503415,0.27025223782652175,0.27029996919349447,0.270350260754638,0.270401828037896,0.2704535901634709,0.2705046559503004,0.27055430210995074,0.27060194894977535,0.27064713668329604,0.27068950401278996,0.27072876954702096,0.27076471598254565,0.27079717693882727,0.2708260262604482,0.2708511692181333,0.2708725354243046,0.27089007342192206,0.2709037464182398,0.2709135290425537,0.27091940488051813,0.2709213647008841
0.27119337856934644,0.27119142920798794,0.27118558371316465,0.2711758500573558,0.2711622437153566,0.2711447886287368,0.27112351964407533,0.2710984860469468,0.27106975556791896,0.27103742009812737,0.27100160287930575,0.2709624672400729,0.2709202273846542,0.27087516168744574,0.2708276287180694,0.2707780859692779,0.27072711124179666,0.27067542635181774,0.27062392164117927,0.27057367795926957,0.2705259805541082,0.2704823157841342,0.27044433626554476,0.2704137742568357,0.2703922806778957,0.27038117889053404,0.27038117887727375,0.2703922806630162,0.2704137742509499,0.27044433622417746,0.2704823157080058,0.2705259805432834,0.270573678095912,0.2706239219045524,0.2706754266970147,0.270727111660743,0.27077808642719814,0.27082762913638264,0.2708751620473455,0.2709202277409767,0.27096246760402426,0.27100160318182054,0.271037420272824,0.2710697556170388,0.27109848597024283,0.2711235193397447,0.2711447880111562,0.2711622428769748,0.2711758491031685,0.27118558295424194,0.2711914292116454,0.2711933792230445
0.27149137438552834,0.27148943736440817,0.2714836271403481,0.27147395133457886,0.2714604241778469,0.2714430676954502,0.2714219146177774,0.27139701148873796,0.2713684229487062,0.2713362376371745,0.2713005753151827,0.2712615956937762,0.27121950943367,0.27117459156314994,0.27112719749864483,0.2710777818315862,0.2710269199268144,0.2709753318378472,0.2709239069024861,0.27087372580303315,0.2708260745542996,0.2707824412102525,0.2707444808865903,0.2707139289508612,0.2706924396528495,0.27068133920298165,0.2706813391384706,0.2706924395019244,0.2707139287776028,0.270744480706107,0.27078244103738613,0.27082607444421336,0.27087372578522306,0.2709239069386376,0.2709753319007884,0.2710269200718096,0.27107778212887507,0.27112719793655193,0.27117459205601613,0.2712195099014568,0.2712615960880999,0.2713005756024588,0.27133623784052335,0.27136842310104997,0.2713970115277286,0.27142191439235774,0.2714430670536776,0.2714604231364718,0.27147395012165626,0.27148362612094395,0.27148943721516094,0.27149137543898927
0.27181536839229864,0.2718134453917455,0.27180767661874816,0.2717980691873756,0.2717846356695684,0.2717673960044537,0.27174638031439124,0.2717216318924058,0.27169321188893014,0.27166120519047315,0.2716257275103095,0.2715869343648649,0.2715450323030766,0.27150029243642937,0.2714530664556354,0.27140380552604054,0.27135308215467924,0.2713016142971951,0.2712502900036561,0.2712001895656632,0.2711525996393009,0.2711090099665664,0.27107107826318055,0.27104054317770265,0.2710190625036525,0.27100796551332235,0.2710079654241204,0.2710190622841654,0.2710405429201228,0.27107107802428,0.2711090097586375,0.2711525994626543,0.2712001894136712,0.27125028985141575,0.27130161413775256,0.2713530820620257,0.271403805629719,0.27145306680170594,0.2715002929191158,0.27154503275562003,0.27158693469746586,0.2716257277695247,0.27166120547556516,0.2716932121953056,0.27172163208767475,0.2717463802456892,0.2717673955399487,0.27178463475085357,0.27179806805840445,0.2718076756689251,0.271813445090087,0.27181536920295146
0.27216537536702173,0.27216346848055506,0.27215774855993013,0.27214822172281594,0.27213489861745205,0.27211779685268406,0.27209694335981294,0.2720723777329584,0.2720441571043467,0.27201236198340956,0.2719771034137673,0.2719385321061361,0.2718968498523556,0.27185232316713587,0.27180529936954206,0.27175622564912083,0.2717056711826432,0.2716543513943626,0.2716031526756867,0.27155315464657087,0.271505644418948,0.2714621133638674,0.2714242218820493,0.27139371208597274,0.27137224551775163,0.27136115469394795,0.27136115461207294,0.2713722453049675,0.27139371181558414,0.2714242216134021,0.2714621131037716,0.27150564414758543,0.27155315436893573,0.27160315241737953,0.27165435116607706,0.27170567100668336,0.2717562256129533,0.2718052995554778,0.2718523234958012,0.27189685013930265,0.27193853227852,0.2719771036007627,0.272012362297633,0.272044157491136,0.2720723780393179,0.2720969434778514,0.27211779671214664,0.2721348981382372,0.27214822104310127,0.27215774802603493,0.2721634682316463,0.2721653756111443
0.2725414086458593,0.27253952066275006,0.27253385828898363,0.27252442616201844,0.2725112329051301,0.2724942933240359,0.27247363065213875,0.272449280302935,0.2724212947225958,0.2723897493027399,0.27235474972173856,0.2723164412228636,0.2722750201235674,0.2722307475594164,0.2721839657408151,0.27213511725503725,0.272084767375956,0.2720336284569995,0.2719825847890333,0.2719327150068388,0.27188530646824255,0.27184185207301026,0.2718040149445091,0.2717735407979966,0.2717520950991705,0.27174101377187065,0.27174101369748904,0.27175209489394136,0.2717735405136995,0.2718040146329146,0.27184185174045594,0.2718853061047148,0.2719327146570731,0.27198258452276586,0.2720336282716664,0.2720847672278287,0.2721351171705564,0.27218396578040616,0.2722307476806276,0.27227502017932315,0.2723164412044362,0.2723547497671803,0.27238974950103495,0.27242129501549106,0.2724492806026969,0.2724736309370348,0.27249429357547045,0.27251123305437625,0.2725244261979097,0.27253385835468336,0.27253952063945897,0.27254140835293256
0.27294347962808224,0.27294161407043965,0.27293601926822897,0.2729266981866704,0.27291365720274063,0.27289690772096503,0.2728764688270047,0.272852371178077,0.27282466179394144,0.2727934101350976,0.27275871570812754,0.27272071749499344,0.2726796054910927,0.27263563456369266,0.2725891409928051,0.27254056204854415,0.27249045843040826,0.2724395387900436,0.2723886847977286,0.27233897372864463,0.2722916929376923,0.2722483367223736,0.2722105709220172,0.2721801449481325,0.2721587283359129,0.2721476605652549,0.2721476604935626,0.2721587281281613,0.2721801446384105,0.2722105705617939,0.27224833634091594,0.272291692552156,0.2723389733877094,0.2723886845606013,0.2724395386584017,0.2724904583453039,0.2725405619750793,0.27258914093329073,0.27263563448477157,0.27267960535212976,0.2727207173252694,0.27275871559211684,0.2727934101196278,0.272824661867952,0.27285237136807733,0.2728764691941166,0.27289690828253854,0.27291365792908195,0.2729266989700912,0.2729360199243013,0.27294161429829394,0.2729434790365414
0.27337159696889357,0.2733697579525471,0.2733642422019436,0.27335505103698904,0.27334218808934013,0.2733256608286522,0.27330548366233737,0.2732816817943941,0.2732542960230894,0.27322338899845183,0.27318905311591873,0.2731514201134065,0.27311067265050515,0.2730670583349345,0.27302090661691486,0.27297264862562715,0.2729228397092545,0.2728721841031819,0.2728215602521013,0.27277204360858226,0.2727249212125042,0.2726816885910487,0.27264401425567464,0.27261365138110627,0.2725922737042698,0.272581224388274,0.2725812243268231,0.2725922735177353,0.27261365108964725,0.2726440139140578,0.2726816882455332,0.2727249208813382,0.2727720433170186,0.27282156004118097,0.272872183989035,0.27292283965765407,0.2729726485539026,0.2730209064595917,0.2730670580920429,0.27311067239091036,0.2731514198758962,0.27318905290107603,0.2732233888005968,0.2732542958934745,0.2732816818468258,0.27330548398744625,0.27332566147653725,0.2733421891057568,0.2733550523025591,0.2733642432607221,0.2733697583310829,0.2733715963554631
0.2738257654895858,0.2738239575569554,0.27381853403112694,0.273809494443824,0.2737968391151116,0.2737805711026284,0.27376069944060333,0.2737372430248321,0.2737102355115105,0.2736797317605675,0.27364581598545595,0.27360861152652094,0.2735682925449236,0.2735250983013133,0.2734793503970563,0.2734314728399295,0.273382014711726,0.27333167503130673,0.27328132834501895,0.27323204774658266,0.27318511958149716,0.273142040372447,0.27310448119810354,0.2730741990217617,0.27305287190814126,0.27304184683627974,0.2730418468044222,0.27305287180171584,0.27307419883477674,0.2731044809587461,0.27314204012465665,0.273185119351653,0.2732320475416609,0.2732813281782912,0.2733316749225317,0.27338201463464407,0.27343147269982265,0.2734793501100827,0.27352509793520885,0.2735682922336595,0.27360861130206976,0.2736458157554799,0.2736797314670654,0.2737102352530547,0.27373724295469226,0.2737606996369221,0.273780571634148,0.27379684009216615,0.27380949576496955,0.27381853514993065,0.27382395791115355,0.27382576498916916
0.27430598479030854,0.2743042129658878,0.27429889681769537,0.2742900336382939,0.27427761997066213,0.2742616538929935,0.2742421382195897,0.27421908451696125,0.2741925182083068,0.27416248523541425,0.27412906040929286,0.2740923573571269,0.2740525404419657,0.2740098393660319,0.27396456670716635,0.2739171381906625,0.273868095566434,0.273818131735827,0.27376811659983324,0.2737191202914136,0.2736724280137289,0.2736295369735304,0.2735921206407576,0.273561939750835,0.27354067681490724,0.2735296827727782,0.27352968279517464,0.27354067684334327,0.2735619397150039,0.2735921205271069,0.27362953683796665,0.27367242790912244,0.2737191202136674,0.2737681165168846,0.2738181316369448,0.2738680954256712,0.2739171379334304,0.27396456630335964,0.27400983892729064,0.2740525401193881,0.2740923571625052,0.27412906018531624,0.2741624848890593,0.2741925178571641,0.27421908433316855,0.27424213827477467,0.2742616542463759,0.2742776207156248,0.27429003465346435,0.27429889762778314,0.27430421312539416,0.27430598437135933
0.2748122477979747,0.27481051787378585,0.2748053265363677,0.2747966683398325,0.27478453556766486,0.27476892057378655,0.2747498189847351,0.274727233885833,0.27470118121575604,0.2746716966792311,0.2746388442553726,0.2746027263495358,0.27456349606430336,0.27452137216673533,0.27447665686010414,0.2744297562637826,0.27438120359442986,0.2743316846069104,0.2742820636944342,0.27423340733323215,0.2741869990577401,0.2741443363970839,0.2741070950106256,0.27407703936589495,0.27405585649038444,0.27404490138342996,0.2740449014490563,0.274055856627882,0.2740770394604051,0.2741070950168322,0.274144336381734,0.27418699908910826,0.27423340738067276,0.2742820636812038,0.2743316844954549,0.2743812033775927,0.2744297559255277,0.2744766564266551,0.27452137173315266,0.27456349574377037,0.2746027261336413,0.2746388439974307,0.27467169629000593,0.2747011807914791,0.27472723359188583,0.27474981890712485,0.27476892074848047,0.2747845359946775,0.2747966688508608,0.2748053268246348,0.27481051777733373,0.2748122474459697
0.2753445394470927,0.27534285819285603,0.2753378117046859,0.27532939142871576,0.27531758475627627,0.27530237740377766,0.27528375669636074,0.2752617159498758,0.27523626019640535,0.2752074133499143,0.2751752268802374,0.275139790254974,0.27510124366180677,0.27505979333765546,0.27501572954751125,0.27496944732238393,0.2749214700075463,0.27487247504144735,0.27482332031229706,0.274775067831504,0.27472899885649443,0.2746866108355976,0.27464958140741713,0.27461967869811976,0.2745985942615976,0.2745876872254033,0.2745876872987214,0.2745985944288668,0.274619678854645,0.274649581510792,0.27468661094092284,0.2747289990043517,0.27477506795289763,0.2748233203026366,0.2748724748707065,0.27492146971737946,0.27496944697135456,0.2750157291820015,0.2750597929908968,0.2751012433591349,0.2751397899767128,0.27517522656610044,0.2752074129552585,0.27523625975383903,0.2752617155607685,0.2752837564584403,0.275302377346475,0.27531758478678225,0.27532939136781853,0.2753378114681306,0.2753428579094068,0.2753445392579605
0.27590283517158376,0.2759012103772453,0.2758963317668757,0.2758881873223056,0.275876758786416,0.27586202417220457,0.27584396118916044,0.2758225518937807,0.27579778875548244,0.275769682071661,0.27573826887110964,0.2757036237617796,0.2756658721364198,0.2756252058340721,0.2755819013655781,0.27553634099763585,0.27548903671029185,0.27544065631448267,0.27539205008254586,0.27534427464994854,0.27529860829255964,0.27525654790641235,0.27521977286184623,0.2751900548445934,0.27516908993329425,0.2751582414573394,0.27515824151019547,0.2751690900612903,0.27519005498872123,0.27521977300076633,0.27525654806998695,0.27529860847957277,0.2753442747721289,0.27539205003649325,0.27544065608571755,0.27548903637901984,0.27553634067222055,0.2755819011011895,0.2756252056070496,0.27566587187700115,0.2757036234416921,0.2757382685316289,0.2757696817287773,0.2757977883613721,0.27582255144071294,0.2758439607651296,0.2758620238203672,0.2758767583760495,0.2758881867256572,0.27589633112118483,0.2759012100048384,0.2759028352149184
0.27648709887417616,0.2764855394374523,0.2764808552129582,0.27647303022757325,0.276462039718125,0.2764478527578503,0.27643043590261673,0.27640975820585306,0.2763857976235195,0.27635854869923726,0.2763280318127098,0.2762943045351271,0.2762574752947768,0.2762177193576535,0.27617529739977703,0.2761305770372517,0.2760840572098704,0.2760363946422592,0.27598843075601553,0.27594121579073017,0.27589602424299847,0.27585435192224383,0.27581787964326715,0.2757883825350698,0.27576756120440366,0.27575678327117253,0.27575678329029857,0.2757675612535462,0.2757883826053977,0.2758178797387584,0.275854352041573,0.2758960243564323,0.2759412158364483,0.27598843067259105,0.2760363944194722,0.27608405691054433,0.27613057676371267,0.2761752972134996,0.27621771921562455,0.27625747508320203,0.2762943042227873,0.2763280314967382,0.2763585484358281,0.27638579731148494,0.2764097577410038,0.27643043533525896,0.2764478521335459,0.2764620389252212,0.27647302922979083,0.27648085430523955,0.27648553902404593,0.27648709909031693
0.2770972805185754,0.2770957966634326,0.27709133740093206,0.2770838821634667,0.2770733986514833,0.2770598455483164,0.27704317649249544,0.27702334550780355,0.2770003137509578,0.2769740575246312,0.2769445780223143,0.27691191325095443,0.27687615213228917,0.27683745085694056,0.2767960519286921,0.2767523062073572,0.2767066977140179,0.276659870443213,0.2766126555715327,0.2765660958051635,0.27652146100326275,0.27648024532603216,0.2764441307206812,0.2764148956303041,0.2763942452060273,0.2763835514469077,0.2763835514300663,0.27639424516640027,0.27641489560118127,0.27644413072594753,0.27648024533612225,0.2765214609691599,0.27656609571863183,0.2766126554450971,0.2766598702737762,0.2767066975108389,0.27675230601613593,0.2767960517864831,0.27683745072917326,0.27687615194107573,0.2769119129880702,0.27694457777739334,0.27697405734588654,0.2770003135283984,0.2770233450942703,0.2770431758680492,0.2770598447311647,0.2770733975976031,0.2770838809554551,0.2770913363977463,0.2770957962512491,0.2770972808131195
0.27773331353470665,0.2777319170570484,0.2777277180403419,0.2777206905741637,0.2777107935496697,0.2776979735590369,0.2776821692838111,0.27766331734949046,0.27764135942767515,0.27761625070831547,0.27758797027034526,0.27755653359384297,0.27752200712772035,0.2774845251347381,0.27744430932276615,0.2774016914240139,0.2773571384232672,0.2773112797378567,0.27726493474173897,0.2772191373650629,0.2771751519331851,0.27713447037967587,0.2770987754557743,0.2770698488030706,0.27704940016179624,0.2770388060008242,0.27703880596400643,0.2770494000679224,0.27706984869747053,0.27709877536674704,0.2771344702664961,0.27717515174755236,0.27721913714601504,0.2772649345652526,0.2773112796136233,0.2773571383181303,0.2774016913125418,0.2774443091850405,0.27748452495644166,0.2775220069268717,0.27755653341260744,0.27758797014275344,0.27761625062479667,0.2776413592958604,0.27766331702777075,0.2776821686692751,0.27769797262552526,0.27771079236229457,0.2777206893527799,0.2777277171257872,0.27773191672881725,0.27773331388576294
0.27839511188597155,0.2783938163964654,0.27838991834330884,0.27838338559170633,0.2783741667108894,0.2783621942202558,0.27834738944714504,0.27832966879693133,0.27830895129366706,0.2782851676886606,0.27825827154625016,0.278228252365824,0.2781951507024114,0.27815907565235937,0.27812022514658064,0.27807890908383626,0.27803557501957876,0.27799083574324357,0.2779454971297484,0.27790058302179727,0.27785735128975814,0.2778172910401944,0.27778208549341604,0.2777535194145781,0.2777333072275716,0.277722829989637,0.27772282996151365,0.27773330714467365,0.27775351928309133,0.27778208531548026,0.2778172907975667,0.2778573509839953,0.2779005827251642,0.27794549692586795,0.27799083564297866,0.2780355749718453,0.27807890900849946,0.2781202249722828,0.27815907539605306,0.2781951504828447,0.27822825226811426,0.27825827153214455,0.27828516767723677,0.2783089512271372,0.27832966857481717,0.2783473889089722,0.27836219329794987,0.27837416556988387,0.2783833845560852,0.27838991767657373,0.2783938162271299,0.2783951122858785
0.2790825665554741,0.27908138779799174,0.2790778377591347,0.2790718769959825,0.27906344200511074,0.27905244892950826,0.27903879890093863,0.2790223847465093,0.2790030991311,0.2789808444816272,0.27895554486424357,0.2789271597681394,0.278895699927153,0.2788612455838952,0.2788239674879527,0.2787841506206369,0.27874222041175534,0.27869877076108807,0.2786545922324726,0.2786106972346678,0.2785683362559858,0.27852899497201206,0.27849435677091117,0.2784662095247075,0.2784462724905126,0.2784359314837362,0.2784359314795987,0.278446272455027,0.2784662094019173,0.27849435651590654,0.27852899461020614,0.278568335875273,0.2786106969237349,0.27865459203358567,0.278698770673162,0.27874222038113,0.2787841505401568,0.27882396727047987,0.2788612452795844,0.27889569969937944,0.2789271596997815,0.2789555448670209,0.278980844450523,0.279003099066589,0.2790223846190499,0.2790387985435258,0.2790524482398506,0.2790634411713149,0.27907187634559516,0.27907783744394987,0.27908138780960073,0.2790825669282197
0.2797955414125671,0.27979449766007586,0.2797913501003117,0.2797860506585433,0.27977852171302303,0.2797686603128595,0.27975634401284094,0.2797414381080639,0.27972380457034085,0.279703312944737,0.2796798530989866,0.2796533498004,0.2796237794253291,0.27959118912685277,0.27955571858502876,0.2795176243796343,0.2794773068113728,0.27943533841166784,0.27939249251339965,0.2793497687261341,0.2793084092454425,0.2792698957726377,0.279235911668381,0.2792082479937655,0.2791886290516866,0.27917844565596156,0.2791784456572565,0.2791886290309027,0.27920824787601917,0.27923591138573683,0.2792698953726107,0.2793084088657769,0.27934976843884946,0.27939249231645086,0.27943533830693223,0.2794773067611991,0.2795176242764391,0.27955571836059306,0.27959118884548423,0.27962377921239573,0.27965334969028793,0.2796798530041202,0.27970331280698796,0.2797238044578222,0.27974143806194346,0.27975634390892995,0.2797686600377201,0.2797785213960866,0.279786050527421,0.2797913501937999,0.2797944978687807,0.279795541681287
0.280533868474484,0.2805329809516487,0.28053029896872483,0.2805257642729167,0.28051928270755194,0.280510728968075,0.2804999529852653,0.2804867878652095,0.28047105981630094,0.28045260013754697,0.28043125896210813,0.2804069208302516,0.28037952249290643,0.28034907310485385,0.280315676820107,0.2802795579048583,0.2802410882174134,0.2802008162409724,0.2801594960732535,0.2801181131488621,0.2800779005101059,0.2800403354785879,0.28000710138809465,0.2799799927282773,0.27996073919181613,0.2799507369357693,0.27995073690779704,0.2799607391143198,0.27997999258591905,0.2800071011462767,0.2800403351701247,0.2800779002239937,0.28011811290540944,0.2801594958590578,0.280200816087581,0.2802410881165822,0.2802795577773945,0.28031567663407875,0.280349072906852,0.28037952231626484,0.2804069206494722,0.28043125874042785,0.2804525999030389,0.2804710596683749,0.2804867878703221,0.2804999530903498,0.28051072910204206,0.28051928291982664,0.28052576465246115,0.28053029946938,0.2805329813879159,0.2805338686499764
0.2812973424228819,0.28129663576447994,0.28129449249535116,0.28129084241480123,0.28128557197666504,0.28127852960338395,0.28126953275279526,0.2812583768196462,0.28124484625272544,0.2812287277512584,0.2812098251952435,0.2811879764762687,0.2811630725884167,0.2811350789861642,0.2811040591827343,0.281070200731702,0.2810338434055917,0.28099550879038715,0.28095592970047434,0.2809160760556612,0.28087717100411397,0.28084068731434236,0.28080830855076255,0.2807818331150409,0.2807629966709956,0.2807532012415082,0.2807532011678603,0.28076299649461756,0.2807818329142118,0.2808083083700378,0.2808406871609147,0.28087717085242375,0.2809160758711526,0.2809559294939369,0.28099550861351497,0.28103384326833764,0.28107020060723176,0.28110405907480984,0.28113507889268485,0.2811630724451851,0.2811879762260714,0.2812098248855133,0.2812287274919655,0.2812448461216926,0.2812583768518465,0.2812695329704335,0.2812785300184494,0.2812855725791433,0.28129084316518493,0.2812944932889308,0.2812966363680078,0.28129734253388106
0.28208571410386896,0.2820852169111005,0.28208369725989757,0.2820810709265629,0.28207720158047844,0.28207190668390136,0.28206496544367193,0.28205612897675675,0.2820451328166162,0.282031711493523,0.2820156149326509,0.28199662684554366,0.28197458530953406,0.2819494054667588,0.2819211043345936,0.281889827794253,0.2818558795344126,0.2818197512473971,0.2817821524280921,0.28174403626471567,0.2817066155314122,0.2816713586191898,0.28163994991749586,0.28161419257271736,0.28159582913911496,0.2815862682890389,0.2815862681821455,0.2815958288770911,0.28161419229654616,0.2816399497520863,0.28167135856314535,0.28170661546709364,0.2817440361389568,0.28178215229029374,0.2818197511242353,0.28185587942551815,0.2818898277340579,0.2819211043457334,0.2819494054761977,0.2819745851771914,0.28199662652963553,0.2820156145756183,0.2820317112632063,0.2820451327464371,0.2820561290527692,0.28206496574048956,0.2820719072799837,0.2820772024181073,0.28208107185371906,0.2820836981174136,0.28208521746889587,0.2820857140941536
0.2828986828068945,0.2828984283383648,0.2828976310942641,0.2828961903354829,0.2828939428535554,0.2828906695407346,0.2828861044910464,0.28287994671990874,0.2828718742869453,0.28286156052393996,0.2828486922673136,0.28283299014766694,0.28281423091401964,0.28279227172504723,0.2827670764011766,0.28273874356826817,0.28270753646370617,0.2826739137704057,0.28263855970088564,0.282602409750486,0.2825666662873032,0.2825327940014903,0.2825024792017685,0.28247753111447615,0.2824597005354937,0.2824504038936878,0.2824504037728421,0.28245970022844963,0.28247753077942306,0.2825024790036507,0.2825327939375496,0.2825666662218988,0.28260240965784433,0.2826385596530202,0.28267391374177037,0.28270753643274094,0.2827387436180607,0.2827670765520049,0.2827922718307041,0.2828142307958562,0.282832989816343,0.2828486919366526,0.28286156037333726,0.2828718743082714,0.2828799468721213,0.2828861048658579,0.28289067023547293,0.2828939437737855,0.28289619124742355,0.2828976317787567,0.2828984286215301,0.28289868260142204
0.2837358872138513,0.2837359142119171,0.2837359545631189,0.2837358880117394,0.2837355195029017,0.28373458663083434,0.28373277019414833,0.2837297077452811,0.2837250096099504,0.28371827714722303,0.2837091232447291,0.28369719488237943,0.2836821975567995,0.28366392150698916,0.28364226966311284,0.2836172871185636,0.28358919192491666,0.2835584065729668,0.28352558820261625,0.28349165410312055,0.28345779684608075,0.28342547879004476,0.28339639001389033,0.2833723478798391,0.28335511334937846,0.2833461121074548,0.2833461119865849,0.28335511304172895,0.2833723475407164,0.28339638978434833,0.2834254786462616,0.2834577967062729,0.2834916540014358,0.28352558819520196,0.28355840660223636,0.283589191968477,0.2836172872689979,0.283642269925417,0.2836639216964305,0.28368219750854434,0.28369719466851,0.2837091230838086,0.2837182771541317,0.2837250097352942,0.28372970795574676,0.28373277058187873,0.2837345872810961,0.2837355203249182,0.28373588874678496,0.2837359549463525,0.2837359141539844,0.28373588684306666
0.28459689478546235,0.28459724848268664,0.2845982610068129,0.2845997889650228,0.2846015994601353,0.28460337872776464,0.28460474447219436,0.2846052615221056,0.28460446013088475,0.2846018567835841,0.28459697744653195,0.2845893828606284,0.28457869553620513,0.28456462833742446,0.2845470144335607,0.2845258383285976,0.2845012677989471,0.28447368596520495,0.28444372146417857,0.28441227357361604,0.284380526542366,0.2843499427347688,0.28432221890605425,0.2842991835894375,0.28428261063751464,0.28427393702562265,0.28427393692527364,0.2842826103960756,0.28429918333250553,0.28432221867795315,0.28434994247891193,0.2843805262835336,0.284412273420656,0.2844437214291203,0.28447368600050743,0.2845012679025422,0.2845258385505662,0.28454701475442623,0.28456462859549647,0.28457869563339916,0.2845893829007307,0.2845969775670348,0.2846018569771428,0.2846044603215815,0.28460526172107475,0.2846047447740704,0.28460337919864864,0.2846016000419636,0.2845997894253623,0.28459826108176334,0.284597248176648,0.28459689435249114
0.28548118919342796,0.28548192255758087,0.2854840648312054,0.2854874450966079,0.28549178542159664,0.2854967110422768,0.2855017647990159,0.28550642522597586,0.28551012764525524,0.2855122881447636,0.28551233018309824,0.28550971320401686,0.2855039628007512,0.28549470217138,0.2854816844597537,0.2854648256579464,0.2854442378306353,0.28542026167157275,0.2853934965141207,0.2853648248406021,0.2853354252563621,0.2853067638492938,0.28528054834220506,0.28525862276043756,0.28524277764893996,0.2852344640824525,0.2852344640404298,0.2852427775690156,0.2852586226776149,0.28528054815875453,0.28530676349856915,0.28533542488793207,0.28536482461455115,0.28539349641651574,0.28542026169221346,0.285444237990538,0.2854648259364576,0.28548168480043834,0.2854947024895868,0.28550396308738885,0.28550971353492793,0.28551233055769243,0.28551228845125054,0.2855101278300204,0.2855064253636679,0.2855017649797851,0.28549671130381954,0.28549178572348544,0.2854874452563487,0.28548406465478077,0.28548192213146795,0.2854811887555333
0.2863881553853238,0.28638933060972804,0.2863927875430969,0.2863983224395159,0.2864056037282017,0.28641418408684294,0.2864235173080726,0.2864329792649392,0.28644189243971874,0.28644955379547105,0.2864552654767121,0.28645836752263637,0.28645827196567003,0.286454497791306,0.2864467061959899,0.28643473576756207,0.2864186370998973,0.2863987057218507,0.28637551183002613,0.28634992371159135,0.28632311873549654,0.28629657235757605,0.28627200941106823,0.2862512954057834,0.28623624279465226,0.2862283206072013,0.28622832065407966,0.28623624293767586,0.28625129554411133,0.28627200933247565,0.28629657202920916,0.2863231183649527,0.286349923436286,0.28637551166675296,0.2863987057108382,0.2864186372782812,0.2864347360648474,0.2864467065182346,0.28645449815405166,0.28645827243733096,0.28645836809391817,0.2864552660059593,0.28644955413618745,0.28644189260056274,0.28643297935303136,0.286423517379435,0.2864141841428132,0.28640560373944257,0.2863983223072402,0.28639278720177885,0.2863893301677542,0.2863881549653238
0.28731706186487554,0.28731875211540486,0.28732374110245806,0.2873317859121066,0.2873424910696743,0.28735532280620363,0.2873696287295728,0.28738466227297366,0.28739961143948023,0.28741363141163195,0.2874258802570094,0.2874355567427494,0.28744193932575207,0.2874444254480011,0.28744257043964716,0.28743612546880876,0.28742507363189074,0.28740966319033184,0.2873904367442461,0.28736825286957024,0.2873442945128199,0.2873200547285444,0.2872972841259632,0.28727787793534776,0.2872636775887102,0.28725617527827446,0.2872561754020364,0.28726367790732155,0.2872778782450853,0.28729728420914846,0.28732005460591503,0.28734429430619,0.28736825262180843,0.28739043654181223,0.28740966313521255,0.2874250737614536,0.2874361257003362,0.28744257068007906,0.28744442580765206,0.28744193993199274,0.2874355574834865,0.28742588088142906,0.2874136317925016,0.28739961163140315,0.28738466234620114,0.2873696286759477,0.28735532261049823,0.2873424907548468,0.2873317855175869,0.28732374070048466,0.28731875174826565,0.28731706153484576
0.2882670396263238,0.28826933111470443,0.2882761081849213,0.2882870812343432,0.28830177866388906,0.2883195635902174,0.28833965676024975,0.28836116523751293,0.28838311630361596,0.2884044958264041,0.2884242901262713,0.28844153015070084,0.2884553365658797,0.28846496450693915,0.28846984709244217,0.28846963671391795,0.2884642427807295,0.2884538652376733,0.2884390225392115,0.2884205707126281,0.28839970830493156,0.28837795761430324,0.2883571070756955,0.2883390929242809,0.2883257951094197,0.2883187359483752,0.28831873609691727,0.28832579546156895,0.28833909326995405,0.288357107318475,0.28837795779488384,0.28839970836217127,0.28842057059974907,0.2884390223860909,0.28845386518927524,0.2884642428470567,0.2884696368056523,0.28846984718926394,0.2884649647976657,0.28845533720501093,0.28844153095875924,0.28842429079502047,0.2884044962556078,0.2883831165520776,0.2883611653023699,0.28833965657551375,0.28831956315466994,0.28830177807860285,0.2882870806772449,0.28827610780633883,0.2882693308686608,0.2882670394515346
0.2892370570032138,0.2892400514621421,0.2892489186790909,0.28926331345635947,0.2892826735222308,0.2893062389254587,0.28933307869986286,0.28936212463014294,0.2893922113822543,0.28942212190138955,0.2894506369316788,0.28947658713657665,0.2894989058843525,0.2895166809712362,0.2895292039698292,0.2895360155446358,0.28953694524344376,0.2895321451509837,0.28952211575629166,0.2895077214873441,0.28949019078566524,0.2894710913726252,0.28945226600557633,0.28943570725613876,0.28942334641426964,0.28941674517272914,0.28941674528942996,0.2894233466582622,0.28943570750965797,0.28945226633759624,0.2894710917896045,0.2894901911013123,0.2895077216191029,0.28952211579841103,0.28953214521298665,0.28953694528218865,0.28953601548004515,0.2895292039070826,0.2895166811494576,0.28949890642520754,0.28947658784583735,0.2894506375228008,0.28942212229742875,0.2893922116210187,0.2893621246693387,0.28933307846686196,0.289306238436423,0.28928267289874365,0.2892633129041292,0.2892489183392302,0.2892400512947044,0.28923705691370427
0.2902258896345986,0.2902297072479106,0.29024102152899367,0.29025942119217807,0.2902842359981458,0.29031455910719994,0.29034927806578104,0.2903871145135147,0.2904266717154805,0.2904664885640186,0.2905050986345925,0.29054109230695535,0.2905731793900829,0.29060024988631283,0.2906214307221583,0.29063613603665117,0.2906441095940819,0.29064545816504367,0.29064067434840807,0.29063064707279573,0.29061665479771065,0.2906003328865992,0.29058360077818207,0.29056852794938426,0.29055711413371627,0.2905509726345052,0.29055097267906527,0.2905571142028152,0.29056852807450234,0.2905836011247707,0.2906003334213258,0.2906166553476114,0.2906306475386778,0.29064067469630234,0.2906454583731497,0.29064410959210146,0.29063613582614456,0.29062143053658374,0.29060024994415884,0.29057317971462415,0.2905410927467032,0.29050509901586613,0.29046648883656595,0.29042667188038435,0.29038711453100763,0.2903492779056399,0.2903145587912228,0.29028423558149224,0.29025942076644845,0.2902410211849772,0.2902297070594156,0.2902258894780419
0.2912320847226365,0.29123686757293793,0.2912510510699414,0.291274145609082,0.29130535259039414,0.29134359001997817,0.29138752839728455,0.2914356371977982,0.2914862410970329,0.2915375844621064,0.2915879023024245,0.29163549508330316,0.29167880410525054,0.29171648408806217,0.29174746936313795,0.2917710306107918,0.2917868204392111,0.291794905902735,0.2917957871776147,0.291790400702984,0.2917801029971484,0.2917666273915636,0.29175200006068913,0.2917383947549763,0.29172790220930533,0.29172220339109517,0.2917222033506583,0.29172790212137406,0.29173839479525826,0.2917520003942656,0.2917666279949444,0.2917801037784119,0.2917904015071483,0.2917957878100745,0.29179490618465304,0.29178682033684905,0.29177103029300555,0.29174746910538807,0.29171648402836975,0.291678804152865,0.29163549517483717,0.29158790244487837,0.29153758462992296,0.291486241220028,0.29143563722619836,0.29138752835020093,0.2913435899292619,0.29130535242502736,0.291274145301429,0.291251050686702,0.29123686729038006,0.2912320844466647
0.2922539185578676,0.29225983468175704,0.29227738692155714,0.2923059932671532,0.2923447030567573,0.292392225973685,0.2924469732449811,0.2925071116439215,0.29257062980386084,0.292635415413069,0.2926993410307623,0.29276035516924165,0.29281657437733427,0.29286637134080173,0.29290845355910694,0.2929419287238117,0.29296635390837517,0.29298176664384395,0.29298869746109046,0.29298816274952927,0.29298163568500823,0.292970988705868,0.29295839486763603,0.29294616833288223,0.29293652037784224,0.2929312204946393,0.2929312203943731,0.2929365202252355,0.2929461683659914,0.2929583951896778,0.29297098935386096,0.2929816366212109,0.2929881637609114,0.2929886982300029,0.292981766921173,0.2929663537223082,0.29294192839849664,0.29290845330871207,0.2928663711723028,0.2928165741756519,0.2927603549672232,0.29269934098926637,0.2926354155300222,0.2925706299380484,0.29250711170828736,0.2924469732678955,0.2923922259995893,0.2923447030137132,0.29230599300604176,0.2922773865168402,0.29225983430376934,0.2922539182422722
0.2932893460986194,0.2932965941949034,0.29331810613706616,0.29335319154536005,0.2934007206607154,0.2934591564976791,0.29352660134530295,0.2936008587864493,0.29367951149982335,0.2937600137000124,0.2938397955660142,0.2939163754130572,0.2939874738474826,0.29405112244717174,0.29410575942364725,0.2941503065834223,0.29418422289593293,0.2942075331520054,0.2942208312360638,0.29422525878264716,0.29422245839647054,0.29421449692351637,0.2942037476244303,0.2941927124722365,0.2941837616226597,0.2941787800314581,0.2941787799635564,0.29418376155883585,0.29419271256919216,0.2942037479509976,0.29421449756185003,0.2942224593099834,0.29422525976036124,0.2942208319195821,0.29420753336602384,0.29418422278344875,0.2941503064121756,0.2941057592982159,0.2940511222444363,0.2939874735158997,0.29391637505800644,0.2938397953864587,0.29376001372726446,0.2936795116006295,0.2936008588645806,0.2935266013971478,0.29345915654005006,0.2934007206115306,0.2933531912989234,0.2933181057639184,0.29329659379538225,0.2932893458392107
0.29433594141804675,0.2943447561408232,0.29437092608318294,0.29441363492012107,0.2944715437154753,0.29454282532728393,0.2946252154630981,0.2947160826692792,0.29481251878585074,0.29491144942963887,0.2950097617279924,0.2951044440880426,0.29519272982290445,0.2952722337345743,0.29534107131660026,0.2953979512498012,0.29544223484932125,0.29547396023117667,0.29549383213831154,0.2955031803578505,0.2955038886870056,0.29549829234859215,0.2954890350369769,0.2954788682372153,0.2954703703740127,0.2954655762604302,0.2954655762954924,0.29547037050259706,0.2954788684973374,0.2954890354409153,0.2954982929198446,0.29550388939802785,0.2955031809953794,0.29549383252513195,0.29547396036615947,0.2954422349564993,0.29539795140616815,0.2953410714112885,0.29527223361867216,0.2951927295258924,0.2951044437409863,0.2950097614343244,0.2949114492688519,0.29481251874887077,0.2947160827054201,0.2946252155169585,0.29454282533557347,0.29447154360153116,0.2944136347057001,0.294370925814762,0.2943447558479597,0.29433594124420864
0.29539082792298943,0.295401485617177,0.2954331366305902,0.29548482024116085,0.2955549561079621,0.29564137897717535,0.29574139234552876,0.29585184531359393,0.29596923621233456,0.2960898439898481,0.2962098850741655,0.2963256894483648,0.2964338841462246,0.2965315687895777,0.2966164676526654,0.29668704369512383,0.29674256560608075,0.296783124483258,0.2968096037462316,0.29682360863135593,0.29682736136353516,0.29682356394132847,0.29681522247204084,0.2968054174763,0.29679699854647856,0.2967921938512204,0.2967921940005843,0.29679699891036276,0.29680541794810233,0.2968152229754649,0.2968235643969907,0.29682736171418966,0.29682360878520875,0.29680960375625787,0.296783124598282,0.29674256597812215,0.2966870442003902,0.29661646800091546,0.29653156886322596,0.2964338839942065,0.296325689175664,0.29620988470493426,0.2960898436351458,0.2959692359986359,0.29585184524545577,0.2957413923438647,0.29564137891521036,0.29555495593909886,0.2954848200878114,0.29543313652795217,0.2954014855198224,0.29539082778959813
0.2964505973568852,0.29646342201040626,0.296501520280571,0.2965637690942434,0.2966483142086602,0.29675260166641665,0.2968734302091054,0.29700703197384537,0.29714918836708565,0.2972953848910661,0.2974410042322513,0.29758155019819826,0.29771288618393615,0.2978314662632138,0.29793453400491066,0.298020267239081,0.29808785440373503,0.29813749929162586,0.298170360785621,0.2981884404068492,0.2981944304294384,0.2981915299227809,0.2981832267546034,0.29817303206360735,0.298164145907727,0.29815904387931547,0.2981590440957705,0.29816414644249856,0.2981730326390723,0.2981832271831203,0.29819153017825856,0.2981944303954083,0.298188440181976,0.2981703605931617,0.2981374994598022,0.2980878549800163,0.29802026798929954,0.2979345345949385,0.2978314665223631,0.2977128861579716,0.297581549952477,0.29744100382488625,0.2972953844276754,0.2971491880140102,0.29700703178235177,0.2968734301236986,0.2967526015554812,0.29664831404503406,0.2965637690024401,0.296501520317412,0.2964634220537838,0.29645059718618666
0.29751121702121686,0.29752658598360293,0.29757225881944616,0.29764693497585554,0.2977484568976303,0.2978738323779426,0.298019278912221,0.29818030193497236,0.2983518191895353,0.29852834027457315,0.29870420416519466,0.29887386651821285,0.29903221548820647,0.2991748832238772,0.2992985134408945,0.29940095034194186,0.2994813269248858,0.2995400493165852,0.2995786904004158,0.29959981571854577,0.299606765201524,0.29960340655119455,0.29959386313936215,0.29958220487326254,0.29957208044365247,0.29956627887955556,0.2995662790866971,0.29957208090603893,0.29958220530668694,0.29959386338186356,0.2996034065283517,0.29960676493115324,0.2995998153223641,0.2995786902520537,0.2995400496131526,0.29948132761167845,0.2994009511657677,0.2992985141423215,0.2991748836171259,0.2990322155064043,0.2988738662156476,0.29870420371790973,0.2985283398065623,0.2983518187951174,0.2981803016800191,0.29801927877544726,0.2978738322671223,0.2977484567711596,0.29764693490374705,0.2975722588780276,0.29752658600760673,0.2975112167838091
0.29856792565062285,0.29858627430522855,0.29864082554214144,0.29873009276855755,0.2988515944003048,0.29900185804827256,0.2991764455982523,0.2993700174058817,0.29957645627938534,0.29978906976779357,0.30000088049573614,0.30020499796534994,0.3003950449191228,0.3005655877530807,0.3007125079198457,0.30083325610066836,0.3009269551709932,0.3009943492782899,0.3010376248479131,0.30106014475053766,0.30106613622133677,0.301060360220272,0.30104777117383874,0.30103315668238056,0.3010207331947373,0.30101368211193585,0.301013682262079,0.30102073350202496,0.30103315687089344,0.3010477712226181,0.3010603600334558,0.3010661358437914,0.3010601444171993,0.3010376248760796,0.30099434970478656,0.3009269558222771,0.3008332567868465,0.30071250853741005,0.30056558815094475,0.3003950449095618,0.3002049976308817,0.3000008800938839,0.2997890694326441,0.29957645595634586,0.29937001713925704,0.29917644541592897,0.29900185790828526,0.29885159425610325,0.2987300926523707,0.29864082550655624,0.2985862741969799,0.29856792545737515
0.2996151199480836,0.2996369440993848,0.29970186326036274,0.2998082084510441,0.2999531709001957,0.3001327746972409,0.30034186503179916,0.3005741385994747,0.30082224951372,0.30107802508465975,0.30133281517266036,0.30157797677625986,0.301805460311547,0.3020084211228842,0.3021817516773596,0.3023224354442227,0.3024296657664609,0.30250473214795537,0.30255072474080363,0.30257212994347626,0.3025743848832025,0.30256343528400326,0.30254531177591,0.3025257124950618,0.30250956213534175,0.302500525398411,0.3025005254835654,0.3025095623102669,0.3025257126675256,0.30254531172492644,0.3025634350404729,0.3025743845680225,0.3025721298435346,0.3025507249411265,0.3025047326001513,0.3024296662468912,0.3023224358315934,0.3021817519802338,0.3020084213102158,0.3018054602950644,0.3015779765897447,0.301332814996297,0.301078024963383,0.30082224931612145,0.3005741383299818,0.3003418647743995,0.3001327744447514,0.29995317065229743,0.2998082082434953,0.2997018630764096,0.29963694390156875,0.29961512001917123
0.30064623611790253,0.3006720902770963,0.3007490500807184,0.3008752879974815,0.3010476956183138,0.30126180608828595,0.30151171928061776,0.3017900665011717,0.30208806585907205,0.3023957276303329,0.3027022612812615,0.3029967077586283,0.3032687605325601,0.303509660752778,0.3037129879716166,0.30387516933496955,0.3039956113454217,0.30407647129941123,0.3041221698577062,0.3041387747087188,0.3041333656501377,0.3041134470992873,0.3040864266326592,0.30405913959830316,0.30403737792292296,0.3040253892270278,0.30402538925107675,0.30403737798234626,0.30405913970949927,0.3040864266035512,0.3041134469317839,0.3041333655909128,0.30413877488173,0.30412217021094956,0.3040764716768825,0.3039956115690302,0.30387516934735614,0.30371298788609136,0.30350966067724294,0.30326876051182505,0.3029967078158379,0.30270226139409356,0.30239572768196604,0.30208806577054004,0.30179006625878074,0.30151171897047324,0.3012618057282737,0.30104769526564107,0.3008752877072085,0.30074904975961475,0.3006720901909792,0.30064623638170485
0.30165363434114345,0.30168412328001676,0.30177495770754265,0.3019242061720541,0.30212853712108834,0.30238306696141215,0.30268118535309,0.30301440509293875,0.30337231027733147,0.30374269959662026,0.30411202938251347,0.30446622973074383,0.3047918741167092,0.3050775329869887,0.30531499701976134,0.3055000356557742,0.3056325243087725,0.3057159994588405,0.305756847983083,0.3057633634947264,0.3057448447634508,0.3057108254022741,0.3056704473134286,0.30563193762311214,0.3056021244335176,0.30558594013685114,0.3055859400310666,0.30560212429720446,0.3056319374917019,0.30567044722611847,0.3057108253599637,0.30574484503615645,0.30576336401052734,0.30575684848335405,0.30571599967046037,0.30563252422048204,0.305500035409138,0.30531499671336565,0.3050775327135355,0.3047918740457458,0.30446622994690586,0.3041120296771737,0.30374269972987866,0.30337231022342487,0.30301440491100884,0.30268118507261554,0.30238306662818903,0.3021285367868763,0.3019242058575526,0.3017749574497235,0.30168412327866223,0.30165363379173804
0.30262849934553926,0.3026642594262717,0.3027709118287864,0.30294651963019364,0.3031876770704425,0.30348925548353606,0.3038440813125509,0.30424259998333747,0.3046726225295458,0.3051193049645724,0.3055655563340761,0.3059930583416579,0.30638395124158835,0.30672295471971345,0.30699935020431,0.3072081524054163,0.30735017405453946,0.30743116035958534,0.3074604224715188,0.3074493872711866,0.3074103293669173,0.30735538638219156,0.3072958389345169,0.30724157107792627,0.30720060946959277,0.30717866133586486,0.3071786611408032,0.30720060903439156,0.30724157068828317,0.3072958388030926,0.3073553865589157,0.3074103297788622,0.3074493879343729,0.3074604230271235,0.30743116047461355,0.30735017376197155,0.3072081519589141,0.3069993497635433,0.3067229543891264,0.3063839511941524,0.30599305860951714,0.30556555666189344,0.3051193050687687,0.3046726224326689,0.30424259986457364,0.30384408114993566,0.30348925531561355,0.303187676917294,0.30294651939505096,0.302770911701929,0.30266425865343055,0.30262849879950576
0.3035607768898503,0.3036024431291995,0.303726871581819,0.3039322759499446,0.30421542483886266,0.3045712597081182,0.30499237250155214,0.3054683888635307,0.30598536590945696,0.30652541844324194,0.30706691206000786,0.30758563522721116,0.30805722941035824,0.30846063901725457,0.30878151127410014,0.30901407064141684,0.30916094812667666,0.30923147300191395,0.3092393370063812,0.3092003688986324,0.309130788540614,0.3090460061587265,0.308959861450498,0.30888413649362034,0.3088281820544749,0.30879853729110823,0.30879853702656673,0.3088281814653039,0.30888413609038723,0.3089598614769984,0.3090460065179141,0.3091307889396002,0.3092003693921132,0.3092393374207937,0.3092314729651493,0.30916094768044533,0.3090140700813051,0.30878151080181354,0.3084606387507425,0.3080572294459873,0.3075856354849325,0.30706691226295674,0.30652541844551323,0.305985365833306,0.3054683888130768,0.30499237252410005,0.3045712597910829,0.3042154247925752,0.30393227581231785,0.30372687089736095,0.30360244256919694,0.30356077677573434
0.3044391737123736,0.3044873286042844,0.3046313551416996,0.30486984210266427,0.3052001062599242,0.3056176699102105,0.3061154937996027,0.3066829713432033,0.30730476878700463,0.3079597677373473,0.3086206419656017,0.3092549099563559,0.30982834520349106,0.31031080405092926,0.31068248611026994,0.31093702014473984,0.3110805619404803,0.3111283511903595,0.3111006787730882,0.311019515534123,0.31090621164219695,0.31078016075902226,0.31065813104736173,0.3105539586387948,0.31047835931310497,0.31043869842415944,0.3104386982222533,0.3104783589245634,0.31055395842053146,0.31065813120797453,0.31078016113642687,0.3109062120199655,0.3110195157478048,0.3111006788234643,0.3111283509331166,0.31108056138156787,0.3109370195737986,0.31068248573698676,0.3103108039085822,0.3098283452215857,0.30925491001308253,0.30862064197578615,0.30795976772534,0.3073047688176336,0.30668297145845336,0.3061154940229513,0.305617670013128,0.3052001061898272,0.3048698418071185,0.3046313548852405,0.30448732850641747,0.304439173586489
0.30525125631739813,0.30530635770073844,0.3054714510501973,0.3057457936887038,0.3061277621177685,0.3066142098375578,0.30719945028157586,0.3078737765669069,0.3086214937040401,0.3094186568857119,0.3102312106849974,0.3110150624688416,0.3117204183572318,0.3123019330005772,0.3127313580337934,0.3130026360502295,0.3131288527808598,0.31313514865249553,0.3130517583632672,0.3129090840618096,0.3127349287076008,0.31255329279241917,0.3123840678387196,0.31224311865801824,0.3121424163028005,0.3120900424954197,0.312090042472118,0.31214241623036676,0.31224311871812604,0.3123840679250941,0.31255329284996325,0.3127349288883251,0.3129090840574091,0.3130517581237685,0.3131351483595858,0.3131288523940363,0.31300263557446373,0.31273135761155485,0.31230193276678453,0.311720418257105,0.31101506233986137,0.3102312105373106,0.309418656904033,0.3086214939118186,0.3078737768522765,0.30719945042174185,0.3066142097488331,0.30612776237859446,0.3057457939408373,0.305471451126426,0.30530635766868036,0.30525125610436654
0.30598368955819955,0.30604597820627094,0.30623296913382064,0.30654493128797894,0.30698193043015626,0.3075431478170325,0.3082256977072873,0.30902269532038035,0.30992028899525864,0.31089351504345014,0.3119015008211981,0.31288428638760896,0.31376657707319744,0.3144754624849378,0.31496927881588066,0.3152452884936261,0.3153304794288324,0.31526675243232377,0.3150991607199147,0.3148692925347776,0.3146126020940683,0.31435796971428,0.31412823024448455,0.31394093339938195,0.31380896459835483,0.31374086425886033,0.31374086446994576,0.313808965022679,0.31394093347765234,0.31412822988989914,0.3143579693750954,0.3146126018292841,0.3148692923447598,0.3150991605384781,0.3152667523530124,0.3153304793462829,0.31524528813066804,0.31496927831807664,0.314475462095324,0.3137665767855422,0.3128842860901579,0.3119015006363217,0.3108935151413225,0.30992028928576293,0.30902269548197436,0.3082256975645658,0.3075431484031229,0.30698193098879195,0.3065449317342786,0.306232969355965,0.3060459781638657,0.3059836894156359
0.30662265472808553,0.30669204885571116,0.3069007966128557,0.30725052064245567,0.3077436457914504,0.30838284202852456,0.3091699164681532,0.31010370767472206,0.31117625264150944,0.31236624076217234,0.31362906063844503,0.31488518250167874,0.31601646496978364,0.316894217233798,0.31745585707381546,0.31771098337110415,0.31771501336874575,0.317538171255173,0.3172468717859692,0.3168965601574427,0.31653080339012457,0.3161828265687881,0.3158775628208132,0.3156334288795475,0.31546356985701135,0.3153765417701791,0.3153765420719755,0.3154635703921256,0.3156334287985128,0.31587756218410834,0.31618282583414575,0.31653080288162644,0.31689655982154286,0.3172468715947813,0.3175381712791364,0.3177150134549518,0.317710983263995,0.31745585675451315,0.3168942168697753,0.31601646459802973,0.31488518211587,0.31362906038806465,0.31236624077689923,0.3111762527392422,0.3101037075534254,0.30916991718676734,0.30838284261839977,0.3077436462971644,0.3072505210806282,0.306900796935954,0.3066920490077067,0.3066226550373089
0.30715447284541364,0.3072304662162594,0.3074595250282886,0.30784487886208,0.3083918635706679,0.30910772924297714,0.3100010425030252,0.31108011638158384,0.3123492702229739,0.3138005537107111,0.31539692743274167,0.3170428375896845,0.31854981498379775,0.31965846938821296,0.3202793484659064,0.32046016813051936,0.32031514093004104,0.3199610988226967,0.3194929133059961,0.3189808558953517,0.3184751489691028,0.31801134411019083,0.317614639398698,0.31730288725005457,0.31708847852222904,0.31697934618314494,0.31697934636529596,0.31708847855078603,0.3173028870027742,0.3176146388619086,0.31801134343872617,0.31847514843203456,0.31898085536569415,0.31949291276867936,0.31996109861242034,0.3203151410968352,0.32046016838180624,0.32027934852088014,0.3196584692741368,0.31854981477912897,0.3170428373216215,0.31539692709719186,0.313800553341485,0.31234926970881627,0.3110801170896507,0.31000104320123456,0.3091077297077989,0.30839186395358237,0.3078448793095857,0.3074595256302425,0.30723046672045395,0.30715447303339405
0.3075664263763457,0.3076480170134686,0.30789438794318175,0.308310425625633,0.3089045758297196,0.30968926679737646,0.31068137444208493,0.3119023553445741,0.3133769037570343,0.3151268483339428,0.317151416907089,0.31937253404321475,0.3215097856833416,0.32293777434419596,0.32357212107814387,0.32356772026815966,0.3231600747577726,0.322536773043482,0.32182385635163274,0.32110208147896824,0.3204231266092758,0.31982064177567254,0.31931705265584975,0.31892758665446375,0.31866254885473805,0.3185284569046217,0.3185284566152464,0.31866254844040676,0.3189275863178089,0.31931705245040404,0.3198206415293476,0.32042312592557115,0.3211020806484328,0.32182385560484505,0.32253677251274043,0.32316007478697034,0.3235677206652382,0.32357212154402604,0.3229377746687262,0.3215097858475899,0.3193725339586763,0.3171514164408601,0.31512684737614405,0.31337690412214814,0.3119023557797208,0.31068137467889917,0.30968926710714767,0.3089045763211824,0.30831042624139166,0.3078943884255615,0.3076480176315492,0.3075664265797281
0.30784772019731743,0.3079334027894773,0.3081924826698153,0.3086312474808445,0.30926085336302417,0.31009847204866997,0.3111691843752886,0.3125089309534497,0.31416876811163175,0.3162195881263142,0.3187502755544447,0.3218222118796047,0.32520206663857343,0.32703309673738284,0.32753051318323906,0.32711141579778164,0.3262582794130046,0.32524296972005395,0.3242069961145639,0.32322589781812827,0.32234208058468716,0.32158063963419387,0.3209571908135864,0.32048189102864283,0.32016149143684,0.32000026196876413,0.3200002614835086,0.32016149068645006,0.32048189092094587,0.3209571909894047,0.3215806394675317,0.32234207986481617,0.3232258968205226,0.3242069952375948,0.3252429690842368,0.326258279168584,0.32711141617345857,0.3275305138677853,0.327033097376637,0.32520206700704285,0.3218222118028836,0.3187502750021015,0.3162195886231461,0.31416876834243646,0.3125089308449185,0.3111691843047017,0.3100984721553168,0.3092608535833532,0.30863124784872037,0.30819248329703164,0.3079334034254446,0.30784772075726297
0.30799045819740906,0.3080783074786649,0.30834413587409953,0.30879504372102656,0.3094437943189538,0.31031047905832676,0.3114255360918201,0.31283527678203776,0.31461256018315903,0.3168791927824005,0.3198581683656651,0.3240111643811541,0.33044880292993345,0.3324743952809933,0.33242844660449417,0.3311238198701796,0.32955972012193474,0.3280142281966874,0.3265816716091515,0.3253004494515121,0.3241883113906861,0.32325413767347033,0.32250269913087143,0.3219368460947514,0.32155850572727596,0.32136900461094114,0.3213690045066696,0.32155850532874264,0.3219368458863297,0.32250269932080977,0.3232541375509206,0.32418831081006566,0.3253004484913232,0.3265816707289486,0.3280142275755509,0.32955971985307847,0.33112382017352654,0.33242844713140124,0.33247439564193804,0.3304488030825473,0.3240111646700581,0.3198581694270518,0.3168791933680627,0.31461256018555733,0.3128352765445973,0.31142553584234456,0.3103104787793202,0.30944379427272567,0.30879504387153434,0.3083441364735008,0.308078308105216,0.3079904588975671
0.0,0.0,0.0,0.0,0.0,0.0,0.0,0.0,0.0,0.0,0.0,0.0,0.340048360677293,0.3399854194586995,0.3386030511202136,0.33543720165502927,0.3328901792628883,0.33072201412102464,0.3288552845200634,0.3272569454028142,0.3259086514000583,0.32479839987321846,0.3239178647360543,0.32326137433115604,0.32282534593293316,0.3226077850258172,0.3226077851884051,0.32282534613351677,0.3232613740092135,0.3239178644597399,0.32479839979208364,0.3259086510341407,0.32725694480272627,0.32885528390704427,0.3307220137005719,0.3328901790635158,0.3354372016024058,0.3386030512300103,0.33998541928703097,0.3400483610022909,0.0,0.0,0.0,0.0,0.0,0.0,0.0,0.0,0.0,0.0,0.0,0.0
0.0,0.0,0.0,0.0,0.0,0.0,0.0,0.0,0.0,0.0,0.0,0.0,0.34651372903777783,0.3456120237789486,0.3433248071244101,0.3391967934666921,0.3359001499204078,0.3331841071776583,0.33091504819933176,0.32901758310792617,0.3274454849916758,0.32616844661935807,0.3251659180015097,0.3244240142299083,0.32393375295396876,0.32368985333553685,0.3236898533483225,0.3239337529670977,0.3244240140687796,0.3251659173400688,0.3261684464560455,0.3274454850496278,0.3290175829864032,0.3309150478898692,0.33318410699207346,0.3359001497584705,0.3391967931358879,0.3433248067652808,0.3456120242747563,0.34651372858817586,0.0,0.0,0.0,0.0,0.0,0.0,0.0,0.0,0.0,0.0,0.0,0.0
0.0,0.0,0.0,0.0,0.0,0.0,0.0,0.0,0.0,0.0,0.0,0.0,0.3509565911244961,0.34966984911177185,0.3468594664695721,0.3421973253346504,0.33839455875077273,0.33525999303395154,0.3326615269324938,0.330509928985009,0.3287440738844651,0.32732133826200577,0.32621183910192125,0.32539495512251926,0.32485708267930125,0.32459006597606066,0.32459006587516603,0.32485708235688976,0.32539495471825103,0.3262118388247603,0.32732133780753625,0.3287440741462339,0.3305099293161976,0.33266152708208424,0.33525999304351145,0.33839455854011374,0.3421973250713823,0.3468594667137042,0.3496698485165242,0.3509565907466291,0.0,0.0,0.0,0.0,0.0,0.0,0.0,0.0,0.0,0.0,0.0,0.0
0.0,0.0,0.0,0.0,0.0,0.0,0.0,0.0,0.0,0.0,0.0,0.0,0.3539505858336189,0.35247326217327557,0.349374328956109,0.3444131396104099,0.3402893587513794,0.3368639419602821,0.33402231513461345,0.33167595489440027,0.3297582743802175,0.3282199302183183,0.327024983131285,0.32614800448036835,0.32557191643920586,0.3252863344207965,0.3252863344765212,0.32557191644040673,0.3261480041597013,0.3270249826116886,0.32821992994544225,0.3297582742630548,0.33167595557571045,0.334022315894239,0.3368639423299831,0.3402893588111732,0.34441313968002707,0.349374328238909,0.3524732615839412,0.3539505856163413,0.0,0.0,0.0,0.0,0.0,0.0,0.0,0.0,0.0,0.0,0.0,0.0
0.0,0.0,0.0,0.0,0.0,0.0,0.0,0.0,0.0,0.0,0.0,0.0,0.3558095100270616,0.35423760506202057,0.35098785820362105,0.34586685190889477,0.3415561627157973,0.3379503338010573,0.3349509783698172,0.3324744423194714,0.3304533246551406,0.3288352954843175,0.32758105082658084,0.32666221386921906,0.32605945671684017,0.3257609074400012,0.32576090750144526,0.326059456874433,0.32666221394558853,0.32758105053315706,0.32883529492095553,0.33045332445658465,0.33247444282187244,0.3349509794853356,0.3379503346952918,0.34155616330850286,0.3458668511543073,0.35098785720923986,0.3542376047406737,0.35580951026492164,0.0,0.0,0.0,0.0,0.0,0.0,0.0,0.0,0.0,0.0,0.0,0.0
0.0,0.0,0.0,0.0,0.0,0.0,0.0,0.0,0.0,0.0,0.0,0.0,0.3567018752719169,0.35509043394706563,0.35177613381242395,0.34658564276847675,0.34218930578074297,0.33849763556958273,0.3354211583910276,0.3328797548198664,0.3308064414019415,0.3291478798990818,0.32786332771897075,0.3269230371901721,0.32630659073185275,0.3260013805186526,0.32600138052774547,0.3263065908253502,0.3269230373670282,0.32786332775405885,0.3291478796206157,0.33080644101459294,0.33287975481015986,0.3354211594113871,0.33849763677569994,0.3421893056337449,0.34658564225207983,0.3517761333772567,0.35509043386936545,0.35670187582290985,0.0,0.0,0.0,0.0,0.0,0.0,0.0,0.0,0.0,0.0,0.0,0.0
0.0,0.0,0.0,0.0,0.0,0.0,0.0,0.0,0.0,0.0,0.0,0.0,0.3567018754712108,0.35509043388964473,0.3517761334143799,0.34658564241492007,0.3421893053700816,0.33849763584289194,0.33542115933826433,0.33287975499028755,0.330806441232558,0.32914787977167137,0.32786332769936494,0.32692303715560045,0.3263065906772656,0.3260013804905718,0.3260013805096777,0.32630659080186236,0.3269230373889951,0.32786332781466115,0.3291478796135867,0.3308064410682423,0.3328797551024294,0.33542115916727244,0.33849763595253557,0.34218930551966015,0.3465856425683269,0.35177613377087785,0.3550904342715353,0.3567018758615718,0.0,0.0,0.0,0.0,0.0,0.0,0.0,0.0,0.0,0.0,0.0,0.0
0.0,0.0,0.0,0.0,0.0,0.0,0.0,0.0,0.0,0.0,0.0,0.0,0.35580951034616265,0.35423760494907974,0.35098785734300486,0.3458668506643339,0.34155616193998156,0.33795033495439125,0.3349509798099225,0.33247444294667405,0.33045332458838633,0.32883529507833936,0.3275810504841833,0.3266622136546302,0.32605945662259145,0.3257609074781536,0.32576090754081377,0.32605945681216253,0.3266622138970491,0.32758105066717286,0.3288352953196629,0.330453324893002,0.3324744426218078,0.33495097897632703,0.3379503337999103,0.3415561624024177,0.34586685170068704,0.3509878582515427,0.3542376056182238,0.35580951045722864,0.0,0.0,0.0,0.0,0.0,0.0,0.0,0.0,0.0,0.0,0.0,0.0
0.0,0.0,0.0,0.0,0.0,0.0,0.0,0.0,0.0,0.0,0.0,0.0,0.3539505859625431,0.35247326182989674,0.3493743278982125,0.3444131380172029,0.3402893589574374,0.3368639426387479,0.3340223161550315,0.33167595571996167,0.3297582743121046,0.32821992995461763,0.3270249824955412,0.3261480038942775,0.3255719162703685,0.32528633458929973,0.3252863346009824,0.32557191635120647,0.32614800419192586,0.3270249831523885,0.3282199306870942,0.32975827440033356,0.33167595542691813,0.33402231524375436,0.336863941719484,0.3402893585372853,0.34441313941009083,0.349374329212483,0.3524732625454229,0.35395058615055874,0.0,0.0,0.0,0.0,0.0,0.0,0.0,0.0,0.0,0.0,0.0,0.0
0.0,0.0,0.0,0.0,0.0,0.0,0.0,0.0,0.0,0.0,0.0,0.0,0.35095659103133425,0.3496698483578639,0.3468594651939428,0.3421973253693486,0.3383945587265177,0.3352599930652098,0.33266152718745434,0.3305099293850682,0.3287440740855762,0.32732133770385113,0.3262118387279557,0.3253949546081864,0.3248570823016286,0.32459006592266404,0.3245900659676044,0.3248570825294768,0.3253949551829569,0.3262118395200737,0.327321338196224,0.32874407444851456,0.3305099291855223,0.3326615267554178,0.3352599928116448,0.3383945585563564,0.34219732532684033,0.3468594666756461,0.34966984933406137,0.3509565913808333,0.0,0.0,0.0,0.0,0.0,0.0,0.0,0.0,0.0,0.0,0.0,0.0
0.0,0.0,0.0,0.0,0.0,0.0,0.0,0.0,0.0,0.0,0.0,0.0,0.34651372855907986,0.3456120229573945,0.3433248072496763,0.3391967934094513,0.3359001495524411,0.3331841068315009,0.33091504792515075,0.32901758306847095,0.3274454850171469,0.32616844634140774,0.32516591723379545,0.3244240139638613,0.32393375284623743,0.3236898532761239,0.32368985341224144,0.3239337532734855,0.32442401455094716,0.32516591769117204,0.3261684469581586,0.3274454853506186,0.3290175830809742,0.33091504799372873,0.3331841070497578,0.33590014980063243,0.3391967935394998,0.34332480732852005,0.34561202400178337,0.34651372917937256,0.0,0.0,0.0,0.0,0.0,0.0,0.0,0.0,0.0,0.0,0.0,0.0
0.0,0.0,0.0,0.0,0.0,0.0,0.0,0.0,0.0,0.0,0.0,0.0,0.3400483600819413,0.33998541975852076,0.33860305149903125,0.33543720138790567,0.33289017883493754,0.33072201362924303,0.3288552840187991,0.3272569449513736,0.3259086510198007,0.324798399576064,0.3239178642002669,0.32326137386638726,0.3228253461458873,0.32260778540375856,0.32260778550094243,0.32282534623849435,0.3232613739018484,0.3239178647309693,0.32479840024346585,0.32590865142360587,0.32725694522243104,0.32885528434581807,0.33072201401873225,0.33289017920479785,0.3354372018202651,0.3386030514709993,0.33998541966843165,0.34004836068213834,0.0,0.0,0.0,0.0,0.0,0.0,0.0,0.0,0.0,0.0,0.0,0.0
0.3079904599885117,0.3080783089733573,0.30834413766528695,0.3087950441588372,0.3094437941250293,0.31031047857072797,0.31142553551393104,0.31283527608974043,0.31461255932512855,0.3168791923548546,0.31985816875459816,0.32401116532343965,0.33044880306987284,0.33247439586997424,0.3324284470573191,0.3311238200353989,0.32955971979110926,0.328014227637803,0.3265816708428488,0.32530044852085965,0.32418831065313913,0.3232541372622642,0.3225026991026876,0.32193684592785615,0.32155850574881173,0.32136900519149086,0.32136900488929626,0.32155850523645974,0.3219368458334281,0.3225026993983797,0.3232541377968336,0.32418831127003384,0.3253004491025609,0.3265816714096858,0.32801422808759545,0.3295597201860875,0.3311238202056394,0.3324284469540189,0.33247439540495854,0.3304488025659394,0.32401116406104485,0.31985816803614064,0.3168791923939809,0.3146125597184536,0.3128352762884865,0.31142553567279124,0.31031047881428503,0.3094437943019173,0.30879504392574675,0.3083441362240003,0.3080783078264858,0.3079904585920922
0.30784772190450926,0.30793340416310916,0.3081924836466212,0.30863124787880447,0.309260853387058,0.31009847180765154,0.31116918381785974,0.31250893005882646,0.3141687673932645,0.31621958803412703,0.31875027592086747,0.3218222112093423,0.3252020669951348,0.32703309741280173,0.32753051390943533,0.32711141619476747,0.32625827919806544,0.3252429691108049,0.32420699519527424,0.3232258966738868,0.3223420796424696,0.3215806392614898,0.3209571910039845,0.3204818913957749,0.32016149143255757,0.32000026178606467,0.3200002616923556,0.3201614911009605,0.3204818910606655,0.32095719095772257,0.3215806396003587,0.3223420803126136,0.3232258974720158,0.3242069959343917,0.3252429696918678,0.326258279684538,0.3271114161369446,0.32753051334939043,0.3270330964948186,0.3252020663628185,0.3218222115312666,0.318750275113839,0.31621958763774705,0.3141687676372746,0.31250893058255463,0.31116918419483425,0.3100984720881846,0.3092608535876328,0.3086312478045559,0.308192482962614,0.30793340311652584,0.3078477206982504
0.30756642674156676,0.30764801826466437,0.30789438860919155,0.30831042596559904,0.3089045759902895,0.30968926661628177,0.31068137392922024,0.3119023547617659,0.31337690346248587,0.31512684825225107,0.31715141578138023,0.3193725338749674,0.3215097858782429,0.3229377747417076,0.3235721216496358,0.32356772073021145,0.3231600747872266,0.32253677248084683,0.3218238555169546,0.321102080426122,0.32042312564840464,0.3198206415406119,0.31931705296854185,0.318927586945097,0.3186625486177616,0.31852845647854516,0.3185284566316175,0.3186625489679561,0.3189275868329158,0.3193170525537003,0.31982064157035794,0.32042312629042013,0.3211020813463313,0.3218238562279164,0.3225367731856555,0.3231600751507824,0.32356772046654947,0.32357212082799125,0.32293777398320134,0.32150978532592905,0.3193725335710131,0.31715141636517596,0.3151268478587429,0.31337690345907887,0.31190235527765026,0.310681374606248,0.30968926712038247,0.30890457615701644,0.30831042582396073,0.3078943881745758,0.30764801750129667,0.3075664268901672
0.3071544737842491,0.30723046709830204,0.30745952536669363,0.3078448788858923,0.3083918634167978,0.3091077289706534,0.3100010421428054,0.31108011632357674,0.3123492702689142,0.31380055264794093,0.31539692699337957,0.31704283751284745,0.3185498148838113,0.3196584692927468,0.32027934858048673,0.3204601684856752,0.32031514116216664,0.3199610985952665,0.31949291263434865,0.3189808551415804,0.31847514836652496,0.3180113437625097,0.3176146393617597,0.3173028872608326,0.3170884784130991,0.3169793459018603,0.31697934627718294,0.3170884788903759,0.31730288740941076,0.3176146392060407,0.3180113437188841,0.3184751488424688,0.31898085585785385,0.3194929132954173,0.31996109911204074,0.3203151412519619,0.320460168043181,0.3202793479831696,0.31965846889298527,0.3185498145013494,0.3170428370642083,0.31539692694553584,0.313800553426674,0.3123492702326338,0.31108011664019014,0.3100010428778117,0.30910772956910904,0.30839186375965993,0.3078448790509678,0.3074595254173009,0.3072304667299105,0.30715447320581984
0.30662265564212066,0.30669204907906383,0.3069007964143295,0.3072505203171885,0.3077436454551444,0.3083828415782014,0.3091699163515452,0.31010370786958713,0.31117625203853333,0.3123662405070863,0.3136290605885011,0.3148851823783153,0.3160164646646953,0.316894216828523,0.31745585684653016,0.3177109834801839,0.3177150135620723,0.3175381711977413,0.3172468714906877,0.3168965598440408,0.31653080301543746,0.3161828260225513,0.31587756239254083,0.3156334288202148,0.31546357005442094,0.31537654190306497,0.3153765419492725,0.31546357023180444,0.3156334290097797,0.3158775625572525,0.31618282626935146,0.316530803357721,0.31689656015093637,0.3172468718990596,0.31753817149245883,0.3177150134615359,0.3177109830109265,0.3174558564945024,0.3168942167019969,0.31601646454355425,0.31488518215234906,0.3136290603916124,0.3123662407146827,0.3111762528255952,0.3101037079847441,0.3091699167598978,0.3083828422699975,0.30774364603686594,0.30725052097894995,0.30690079705644596,0.30669204917582793,0.3066226547213874
0.3059836898669228,0.30604597767930286,0.3062329684502167,0.30654493073037953,0.306981929970936,0.3075431476129614,0.308225697614607,0.3090226947772123,0.3099202889393495,0.3108935152552004,0.3119015008883405,0.3128842863034592,0.313766576853632,0.3144754621238478,0.31496927847345263,0.31524528837197546,0.3153304794683697,0.3152667523208765,0.3150991605340893,0.31486929244934747,0.3146126019143171,0.3143579693603294,0.3141282298033764,0.313940933363433,0.31380896493987326,0.3137408645684746,0.3137408644063311,0.3138089647854314,0.313940933417866,0.31412823004880525,0.31435796959399487,0.3146126020120912,0.3148692925465267,0.3150991608595362,0.31526675259341114,0.3153304792202371,0.31524528799162066,0.31496927825333615,0.31447546205766014,0.3137665768744161,0.3128842863529113,0.3119015008385495,0.3108935150913092,0.3099202891071211,0.3090226955059863,0.30822569796424343,0.30754314809985095,0.30698193076291774,0.30654493172220576,0.30623296944925593,0.30604597815677165,0.3059836890645839
0.3052512557409091,0.30530635673789935,0.30547145013980953,0.3057457929892359,0.3061277616447967,0.30661420949330714,0.3071994498059811,0.3078737763853733,0.3086214940596905,0.30941865714675554,0.3102312107549169,0.31101506248412775,0.31172041836936293,0.31230193288000974,0.3127313577831577,0.3130026358361508,0.31312885264326457,0.3131351484505649,0.3130517580667285,0.3129090839973685,0.31273492887769416,0.31255329276121596,0.31238406775323296,0.3122431186114079,0.31214241644620716,0.3120900426151078,0.3120900425382847,0.3121424162543864,0.31224311858356124,0.312384067778438,0.312553292658075,0.31273492856624024,0.3129090841002186,0.31305175863108037,0.31313514860081926,0.3131288524546692,0.3130026356053078,0.3127313576062988,0.31230193270803536,0.31172041830491715,0.31101506259723366,0.31023121083125643,0.3094186569837427,0.3086214938177808,0.3078737767712643,0.30719945053491965,0.3066142101163337,0.3061277624902052,0.30574579402018426,0.30547145106001444,0.30530635722256677,0.30525125539434905
0.30443917266335646,0.30448732755826075,0.30463135416565446,0.3048698411343462,0.30520010552511956,0.3056176695324543,0.306115493494368,0.30668297167377134,0.30730476916508515,0.3079597680152171,0.30862064210532086,0.30925491006049305,0.309828345334783,0.3103108041009465,0.3106824859966991,0.31093701992528094,0.3110805616967485,0.31112835096890273,0.3111006786126682,0.3110195155876209,0.3109062120139325,0.31078016113691476,0.3106581311016683,0.31055395849284584,0.31047835910358024,0.31043869830767395,0.31043869831245197,0.3104783590914472,0.3105539584661848,0.3106581309347826,0.3107801606078456,0.3109062115906083,0.3110195158108115,0.3111006788698682,0.31112835102157754,0.3110805616312547,0.3109370198732593,0.310682485863682,0.3103108038284491,0.3098283451274635,0.3092549100877752,0.3086206422116126,0.3079597679910778,0.3073047690476363,0.30668297158714614,0.3061154939972764,0.3056176701695757,0.3052001065473534,0.3048698421491134,0.3046313547352171,0.30448732773967274,0.30443917254521397
0.3035607758005842,0.30360244198773995,0.3037268703297473,0.3039322748857056,0.30421542435876997,0.30457125926860606,0.30499237276042934,0.3054683892610144,0.30598536619521804,0.30652541868393796,0.30706691229908,0.3075856354776757,0.3080572296360635,0.30846063915090544,0.30878151121487873,0.30901407034855266,0.30916094775760306,0.3092314728622065,0.3092393372178984,0.30920036929008066,0.30913078902701496,0.309046006628227,0.3089598615637996,0.30888413621719235,0.3088281815388831,0.3087985370057537,0.3087985370176106,0.30882818162791165,0.30888413617961025,0.30895986133265474,0.30904600619364625,0.3091307887962203,0.30920036910858234,0.30923933696235184,0.3092314727033151,0.3091609477852246,0.30901407044848694,0.3087815111556421,0.30846063889858233,0.30805722938945773,0.30758563541137257,0.30706691241954687,0.3065254188798788,0.3059853662619988,0.3054683890315527,0.304992372618984,0.30457125987827627,0.30421542491791864,0.30393227565142233,0.30372687078755944,0.30360244200137243,0.3035607757073542
0.3026284981837267,0.30266425797023716,0.3027709106263487,0.3029465191356219,0.3031876765204928,0.303489255451594,0.30384408163143967,0.3042426002237069,0.30467262267339906,0.3051193052014359,0.30556555672146085,0.30599305876494814,0.30638395159064086,0.3067229549096464,0.3069993501155366,0.3072081520063023,0.3073501736067328,0.3074311602895634,0.30746042295412374,0.3074493880075045,0.30741032996612616,0.3073553867552346,0.3072958389973587,0.307241570728058,0.307200609016978,0.3071786609602153,0.3071786609221591,0.3072006089538194,0.3072415708254997,0.30729583901568713,0.30735538665806483,0.30741032964944615,0.3074493873449347,0.3074604222927875,0.3074311599112043,0.30735017360068656,0.30720815217462244,0.30699935017971924,0.30672295478337147,0.306383951392007,0.30599305868755455,0.3055655568754573,0.3051193054633589,0.3046726227804843,0.3042426000427401,0.30384408130657126,0.303489255441085,0.30318767683445336,0.30294651901803277,0.30277091080511304,0.3026642582466865,0.30262849836904626
0.3016536329278534,0.30168412199112443,0.3017749572708108,0.3019242056657761,0.3021285368076993,0.3023830670209315,0.3026811854755496,0.30301440516119077,0.3033723103647252,0.3037426998717037,0.3041120299242982,0.3044662302999456,0.3047918744425724,0.30507753306657603,0.3053149968978311,0.3055000353444553,0.30563252402133356,0.30571599955576184,0.3057568485628697,0.3057633642579145,0.30574484531632223,0.3057108256328972,0.3056704472838716,0.3056319373645502,0.3056021240838252,0.30558593976554355,0.30558593973546394,0.305602124127198,0.3056319376324628,0.30567044755923034,0.3057108256847002,0.3057448448480583,0.3057633634001459,0.30575684767321915,0.30571599896970547,0.3056325238461399,0.3055000354154644,0.3053149970444171,0.30507753320563935,0.30479187451362644,0.30446623029953473,0.3041120299490965,0.3037426999468687,0.30337231038495244,0.3030144050600868,0.3026811852196861,0.30238306663484904,0.30212853652476546,0.3019242053096324,0.30177495666060505,0.3016841223117592,0.30165363375846355
0.3006462349948026,0.3006720900110478,0.30074904965068167,0.3008752875702846,0.30104769548373117,0.301261806110125,0.30151171932172655,0.3017900665337689,0.3020880659738138,0.30239572792215247,0.30270226173745757,0.3029967081582064,0.3032687607166969,0.3035096607399447,0.3037129878760586,0.3038751692986039,0.3039956115167151,0.30407647173334224,0.30412217043857886,0.3041387752314457,0.3041333659533305,0.3041134471308946,0.30408642648352946,0.30405913939964213,0.30403737765225836,0.3040253889779231,0.30402538902155185,0.30403737793662516,0.3040591397703622,0.3040864268444165,0.30411344718023103,0.3041333655334721,0.304138774450536,0.3041221694881697,0.30407647089403145,0.3039956109919467,0.3038751691798445,0.3037129881385869,0.3035096612109941,0.3032687611266378,0.30299670830587233,0.30270226162638847,0.30239572772092516,0.3020880658064301,0.3017900663912854,0.30151171903963064,0.30126180553039966,0.3010476947459604,0.30087528699956456,0.3007490491996427,0.3006720897375252,0.30064623604442314
0.29961511992995077,0.29963694391830387,0.29970186283244293,0.2998082083086247,0.2999531709884842,0.3001327748226269,0.30034186514067523,0.3005741386675886,0.30082224960024156,0.301078025240661,0.30133281530156014,0.3015779768174721,0.30180546030814304,0.3020084211498827,0.30218175181957063,0.30232243579602824,0.3024296663620839,0.3025047328392115,0.30255072528063737,0.3025721301919997,0.3025743848866213,0.3025634351130466,0.3025453115635187,0.30252571231303366,0.302509562000405,0.30250052527319493,0.3025005254320072,0.30250956229340603,0.30252571260663835,0.3025453117917869,0.3025634351852911,0.30257438465744496,0.3025721295771111,0.30255072434314123,0.30250473183781507,0.3024296656137552,0.30232243556864596,0.3021817521481581,0.30200842179329224,0.3018054608990079,0.30157797708089107,0.3013328151753782,0.3010780249134714,0.30082224928116374,0.30057413836631114,0.30034186466775087,0.30013277402014865,0.29995316994294785,0.2998082075076002,0.29970186268961096,0.2996369440658456,0.299615120387397
0.29856792560279793,0.2985862740011473,0.29864082552899796,0.2987300930408266,0.29885159474187983,0.2990018583192235,0.29917644575124913,0.2993700174517856,0.2995764562598022,0.299789069706583,0.30000088031842564,0.3002049977444633,0.300395044840972,0.3005655879281167,0.30071250831275254,0.3008332567261383,0.3009269560013348,0.30099435005393177,0.3010376252480123,0.30106014473749815,0.3010661359937779,0.3010603600092557,0.30104777104130725,0.3010331566444163,0.30102073328835266,0.30101368219452856,0.30101368226952285,0.30102073335144763,0.3010331566366556,0.30104777101139724,0.30106035999465164,0.301066135872532,0.30106014429233235,0.30103762449442123,0.3009943491845625,0.3009269553552197,0.3008332565645071,0.30071250860674986,0.30056558843031733,0.30039504529419164,0.30020499794508715,0.3000008802322625,0.2997890694220503,0.29957645590739496,0.29937001700903365,0.29917644508962854,0.2990018573449805,0.2988515935593095,0.2987300920905328,0.2986408253703266,0.29858627471505406,0.2985679264766718
0.29751121660568874,0.29752658601085524,0.29757225931643433,0.2976469355409276,0.2977484573483885,0.2978738326858367,0.2980192790546438,0.29818030193915385,0.29835181908083624,0.29852834006034284,0.29870420386984203,0.29887386624488366,0.299032215426067,0.2991748834435059,0.29929851394580115,0.2994009510985147,0.2994813277903545,0.2995400500153173,0.2995786906616359,0.29959981553735,0.29960676484612336,0.2996034063458897,0.2995938632264427,0.2995822052262022,0.29957208080758235,0.2995662791710773,0.2995662791326278,0.2995720805255249,0.2995822047203424,0.29959386284275036,0.29960340616530584,0.299606764712499,0.2995998152790423,0.29957869026822803,0.29954004958910446,0.2994813274946415,0.2994009510304198,0.2992985140830749,0.299174883633027,0.29903221550802533,0.29887386620223233,0.29870420374225115,0.29852833985569543,0.29835181876107186,0.29818030142514945,0.2980192783122299,0.2978738317381516,0.29774845632862273,0.2976469347204362,0.29757225908198015,0.29752658671961396,0.2975112180411353
0.29645059712364696,0.2964634224409416,0.2965015210301802,0.29656376971030035,0.29664831461667407,0.29675260195019354,0.29687343038321234,0.2970070320052024,0.2971491882431451,0.29729538462832467,0.297441003922757,0.29758154993712316,0.29771288608059493,0.29783146641203145,0.2979345344800785,0.2980202679950419,0.2980878552333669,0.2981374998741351,0.2981703609235061,0.29818844014829227,0.29819443011664026,0.2981915299014041,0.2981832271089306,0.29817303263593675,0.2981641465078483,0.29815904434939683,0.29815904409184774,0.2981641458554285,0.29817303178515153,0.298183226356698,0.2981915294673064,0.29819442997647444,0.2981884401641217,0.2981703609864383,0.2981374999447488,0.29808785523577597,0.2980202679325609,0.2979345343820092,0.2978314662629456,0.2977128858440696,0.29758154967178096,0.29744100369577414,0.2972953844280293,0.2971491879222526,0.2970070314411899,0.29687342963483093,0.29675260119992963,0.2966483140145074,0.2965637693226267,0.2965015209541644,0.2964634229703766,0.29645059842592025
0.2953908280547771,0.29540148619132534,0.2954331373252482,0.29548482076606536,0.2955549564458753,0.29564137926349254,0.2957413926058303,0.2958518454359612,0.29596923613212933,0.2960898437328436,0.29620988475309123,0.29632568917012697,0.2964338839530262,0.2965315688141169,0.2966164680070337,0.2966870443380197,0.296742566263793,0.2967831248845445,0.29680960381709764,0.2968236085304293,0.29682736135964477,0.2968235641991368,0.2968152230143227,0.2968054180746149,0.2967969991550705,0.2967921942770897,0.2967921938661387,0.29679699829819883,0.2968054170712217,0.29681522205272537,0.29682356359703566,0.29682736119716224,0.29682360877902597,0.29680960428427483,0.29678312531039386,0.2967425664248717,0.29668704417106145,0.2966164676539082,0.29653156842611134,0.29643388359206757,0.29632568883873056,0.29620988448093927,0.29608984348371775,0.29596923574472195,0.2958518448130308,0.29574139189390813,0.2956413787709905,0.29555495631782674,0.2954848209015798,0.29543313760932594,0.29540148669820476,0.29539082896246466
0.29433594176937145,0.29434475661261306,0.2943709265441632,0.29441363529974357,0.2944715440070374,0.2945428256279259,0.2946252157725279,0.2947160828663195,0.29481251879247194,0.2949114492577298,0.2950097614440048,0.29510444378681605,0.29519272957497406,0.2952722336568047,0.29534107148506983,0.2953979515620487,0.29544223512522294,0.29547396041615254,0.2954938323141307,0.29550318064899556,0.29550388912553494,0.2954982929148627,0.2954890356054605,0.2954788687306967,0.29547037079839683,0.29546557639263005,0.29546557608262763,0.2954703700103969,0.29547886780175453,0.29548903469300475,0.2954982922812198,0.2955038889818596,0.29550318093791084,0.2954938328812322,0.29547396098933615,0.2954422353828611,0.2953979513345693,0.2953410709453688,0.29527223313224665,0.29519272921647405,0.2951044435186108,0.2950097611839763,0.2949114489400525,0.29481251833039074,0.2947160822509375,0.29462521519638374,0.2945428254108888,0.2944715442752322,0.29441363586870967,0.294370927190042,0.29434475719918685,0.2943359423384624
0.29328934651430666,0.29329659446483725,0.29331810631125765,0.29335319173813645,0.29340072090360125,0.2934591567768223,0.2935266016126421,0.29360085900595867,0.2936795116281919,0.2937600136917006,0.29383979539817184,0.29391637514457336,0.2939874735993221,0.29405112228418245,0.2941057593378784,0.29415030647671986,0.29418422279190165,0.29420753319976495,0.2942208315997666,0.2942252594709723,0.2942224592261516,0.29421449769236,0.29420374814276196,0.2941927128050344,0.294183761688207,0.29417877981641566,0.2941787797382356,0.2941837613089648,0.2941927122166796,0.29420374755218415,0.29421449721530585,0.2942224590720524,0.29422525963252083,0.29422083199639804,0.2942075336500104,0.294184223017076,0.2941503062657127,0.29410575878367523,0.2940511217398493,0.29398747326347346,0.29391637493515965,0.2938397951449484,0.2937600133084289,0.2936795111488727,0.2936008585411037,0.29352660132713326,0.29345915686931984,0.29340072147065255,0.29335319261272913,0.29331810720022417,0.29329659508834743,0.293289346785044
0.2922539189291826,0.29225983478270323,0.29227738686363924,0.2923059932795861,0.2923447032380578,0.29239222619849525,0.29244697342285997,0.292507111824615,0.2925706300072613,0.2926354155596555,0.2926993410124164,0.29276035498106434,0.29281657414826284,0.29286637112508845,0.29290845329903265,0.2929419283937994,0.2929663536219986,0.29298176665824044,0.29298869794721805,0.29298816362060104,0.2929816366851323,0.29297098949260575,0.2929583953278112,0.2929461684816887,0.29293652007544807,0.2929312200159749,0.29293122016253625,0.2929365202835425,0.292946168462213,0.29295839520428346,0.2929709893224776,0.29298163653836945,0.29298816359201574,0.29298869801659,0.29298176677982507,0.2929663536414255,0.29294192815494524,0.2929084528430559,0.2928663706739702,0.29281657385653975,0.2927603547836845,0.29269934072693476,0.2926354151469574,0.2925706296228799,0.2925071116409441,0.2924469735166257,0.29239222660746217,0.2923447040067467,0.2923059943131322,0.29227738783491997,0.29225983534186867,0.29225391894902814
0.2912320849860429,0.2912368676073746,0.29125105091870107,0.29127414551614084,0.2913053526833404,0.29134359014408706,0.291387528463078,0.29143563729311656,0.291486241283339,0.2915375846673606,0.29158790240813587,0.29163549504404196,0.2916788039870347,0.2917164839304024,0.29174746910117283,0.2917710302757346,0.2917868201734788,0.29179490591574236,0.29179578762061037,0.29179040151184066,0.29178010389564735,0.29176662805677817,0.2917520004313664,0.29173839470702356,0.2917279017653463,0.29172220289346207,0.2917222031603839,0.29172790238715707,0.2917383952633862,0.291752000765549,0.2917666282034718,0.29178010380263825,0.291790401297868,0.2917957873629652,0.2917949056538416,0.29178681990546773,0.29177102998131205,0.29174746876490115,0.29171648358871594,0.29167880371833654,0.2916354948173189,0.2915879021122602,0.2915375843252763,0.29148624108949567,0.291435637420181,0.2913875289169216,0.29134359082818184,0.2913053535534262,0.2912741465186401,0.29125105176880206,0.2912368679854268,0.2912320848418423
0.29022588979134195,0.29022970729389486,0.29024102140855434,0.29025942104363656,0.2902842359158601,0.29031455904069997,0.2903492780037762,0.2903871145290037,0.29042667184548543,0.29046648876676634,0.2905050988629672,0.29054109252097826,0.29057317952756506,0.29060024989401145,0.2906214305667783,0.29063613578051,0.29064410938933555,0.29064545814742165,0.2906406746204716,0.29063064762673313,0.29061665540655046,0.29060033335675073,0.290583601003982,0.2905685278273986,0.29055711384202887,0.2905509723856472,0.2905509726555021,0.2905571145617029,0.29056852868656,0.29058360163406666,0.2906003336738941,0.29061665536425646,0.2906306472811626,0.2906406741272491,0.29064545761227384,0.2906441089512508,0.2906361354933122,0.29062143033182736,0.29060024959650343,0.2905731791865159,0.2905410922080072,0.290505098607591,0.2904664886018447,0.29042667188466464,0.290387114907889,0.29034927872607846,0.29031455994792055,0.2902842368370412,0.29025942186559117,0.29024102195266527,0.2902297073902672,0.29022588951345873
0.2892370570780849,0.28924005150764603,0.2892489185963622,0.2892633132246004,0.2892826731942611,0.2893062386195824,0.2893330785240687,0.289362124620513,0.28939221149723104,0.28942212211017315,0.2894506372784225,0.28947658761597206,0.289498906321117,0.289516681184124,0.2895292039484645,0.28953601538625795,0.28953694508491273,0.2895321450800447,0.28952211581863957,0.2895077216851938,0.2894901910245133,0.2894710916019079,0.2894522660913264,0.28943570722430056,0.2894233464434665,0.28941674531175643,0.28941674552142144,0.28942334705041384,0.2894357080597904,0.2894522667777282,0.28947109191496895,0.2894901909803664,0.2895077212881454,0.2895221152143902,0.28953214445924585,0.2895369446478067,0.2895360151761363,0.289529203778495,0.28951668084888654,0.2894989058351998,0.28947658719744546,0.2894506370970083,0.2894221221593679,0.28939221175401986,0.289362125171084,0.28933307940911557,0.2893062396756284,0.2892826741413055,0.28926331384405857,0.28924891880267284,0.28924005132045233,0.2892370566367477
0.28826703961734235,0.2882693310891895,0.28827610806099796,0.2882870808987429,0.2883017781581592,0.28831956313298696,0.2883396565260876,0.2883611652266623,0.2883831164134247,0.2884044960306147,0.28842429052714574,0.2884415307731293,0.2884553371954632,0.2884649648940273,0.2884698472200017,0.2884696366915259,0.2884642427010233,0.2884538651506768,0.28843902244052255,0.28842057057262,0.28839970818447996,0.2883779575627495,0.2883571070670482,0.28833909306236283,0.2883257954538438,0.2883187364137618,0.28831873654311335,0.28832579585631446,0.2883390936648484,0.2883571076118638,0.2883779577990228,0.2883997081087799,0.2884205702009514,0.2884390218505789,0.2884538645822271,0.28846424234548157,0.28846963654338337,0.2884698470566182,0.2884649644990014,0.28845533661133443,0.28844153031227204,0.2884242904335137,0.2884044962653883,0.288383116856675,0.2883611658984396,0.2883396574630259,0.28831956418741916,0.288301779036762,0.28828708135278186,0.2882761080519515,0.28826933073713157,0.28826703903229467
0.2873170617726517,0.2873187519758973,0.28732374088106316,0.2873317855293729,0.2873424905651776,0.28735532235645694,0.2873696284793481,0.2873846622142258,0.2873996114891265,0.287413631578411,0.28742588064681013,0.2874355573669003,0.287441939989081,0.28744442592173114,0.2874425706890031,0.2874361255886968,0.28742507366404974,0.28740966314167615,0.28739043657232327,0.2873682525299864,0.28734429413272833,0.28732005443617425,0.28729728406495264,0.2872778782045784,0.2872636781246198,0.28725617590519964,0.28725617594384134,0.28726367827590693,0.28727787847905023,0.28729728434887486,0.2873200545567639,0.28734429402627965,0.2873682522313393,0.2873904361187777,0.28740966271344937,0.2874250733967636,0.28743612544983405,0.2874425705050576,0.28744442552679483,0.2874419394458931,0.2874355569690764,0.28742588063147434,0.2874136319302859,0.28739961207796855,0.28738466297551835,0.28736962936552984,0.28735532322298246,0.28734249120376637,0.2873317857928167,0.28732374076939377,0.2873187515774719,0.2873170611154097
0.28638815523800626,0.28638933036924763,0.2863927872394312,0.28639832210036814,0.2864056033662872,0.28641418374963973,0.2864235170665346,0.2864329791362334,0.28644189242033025,0.2864495539406519,0.2864552658455638,0.2864583680623918,0.28645827252169725,0.28645449822688906,0.28644670647965265,0.28643473595424973,0.2864186372027287,0.28639870570814985,0.2863755116506689,0.2863499233609203,0.28632311829509793,0.2862965719831261,0.286272009323865,0.28625129570263597,0.28623624336706965,0.2862283212488406,0.2862283211983482,0.2862362432665989,0.286251295640219,0.2862720092970136,0.2862965719012782,0.2863231181090778,0.28634992313803714,0.28637551143179363,0.2863987055073908,0.28641863704757364,0.2864347358227842,0.28644670630331454,0.2864544979358291,0.286458272166883,0.2864583678179805,0.28645526588828546,0.2864495543230486,0.2864418930641775,0.28643297990475375,0.28642351780750047,0.2864141843072563,0.2864056036357383,0.2863983220904055,0.2863927870138418,0.2863893299290624,0.28638815453748884
0.28548118900098507,0.2854819222341643,0.2854840644974046,0.28548744487822547,0.28549178527288244,0.2854967108790372,0.28550176463253846,0.2855064251082435,0.28551012763532463,0.2855122883042815,0.2855123305012261,0.28550971357804944,0.2855039631452204,0.2854947024664135,0.28548168469657137,0.28546482583151117,0.2854442379348661,0.2854202616588788,0.28539349636543815,0.2853648246070654,0.2853354249543751,0.2853067635675218,0.2852805482604679,0.2852586229968511,0.28524277813154447,0.2852344646377858,0.2852344645170834,0.28524277783538016,0.28525862266406615,0.2852805479509451,0.2853067632405423,0.2853354246412371,0.28536482444367905,0.2853934963884459,0.28542026170908524,0.28544423790671636,0.2854648257329931,0.28548168457702733,0.285494702366089,0.2855039630777082,0.28550971356619087,0.28551233062831133,0.28551228866468226,0.28551012820587035,0.28550642572932533,0.2855017651110227,0.2854967110662188,0.2854917851316413,0.2854874445364024,0.28548406409311994,0.2854819217075064,0.2854811882635009
0.28459689449021885,0.2845972480780066,0.2845982607089842,0.28459978894067167,0.2846015995864135,0.28460337881293846,0.28460474447753437,0.28460526151500687,0.28460446018711116,0.2846018569287105,0.284596977618915,0.28458938298188224,0.28457869562670196,0.284564628470703,0.2845470146078284,0.28452583848203983,0.2845012678975153,0.284473685966047,0.28444372137761237,0.28441227347409304,0.2843805264335542,0.2843499426159213,0.28432221887400694,0.28429918374840285,0.28428261096456503,0.2842739374080993,0.2842739372357084,0.2842826105300642,0.2842991832260148,0.28432221837656974,0.28434994215253395,0.28438052608064923,0.28441227338822855,0.28444372154687614,0.2844736861472609,0.28450126791834207,0.2845258383980578,0.2845470145713992,0.2845646285940184,0.28457869588361057,0.28458938326866307,0.2845969779087738,0.2846018572862622,0.284604460603264,0.28460526184787843,0.2846047445649687,0.2846033785564776,0.28460159900908466,0.2845997882498228,0.28459826010685846,0.2845972475020045,0.28459689384160264
0.2837358867499236,0.28373591377098584,0.28373595438196325,0.28373588822386,0.28373551992498075,0.28373458699218024,0.28373277039531014,0.2837297078510847,0.28372500970217807,0.28371827721231785,0.2837091232055919,0.2836971947429602,0.28368219744408785,0.283663921530649,0.28364226979830287,0.28361728727179025,0.2835891920400568,0.28355840662383075,0.2835255881981584,0.2834916540891364,0.2834577968484801,0.2834254788052557,0.2833963900736223,0.283372347999795,0.2833551135097204,0.28334611225107037,0.2833461120389133,0.28335511296785865,0.28337234733931405,0.2833963894864668,0.2834254783852241,0.2834577966347935,0.28349165412165195,0.28352558839331704,0.2835584067679563,0.28358919200695476,0.283617287171392,0.283642269843091,0.28366392184831124,0.28368219798096767,0.28369719532410465,0.283709123702407,0.28371827760362894,0.28372500995997146,0.2837297078640857,0.28373277004727543,0.28373458624994957,0.28373551890013066,0.28373588719595605,0.2837359536011842,0.28373591324543945,0.2837358864326272
0.2828986822010453,0.28289842797763676,0.2828976310995958,0.2828961907411061,0.2828939434704886,0.28289067008266433,0.28288610480574655,0.28287994686131157,0.2828718743545376,0.28286156049060834,0.28284869206307695,0.28283298985184535,0.2828142307136971,0.28279227171153454,0.28276707651095406,0.2827387436995778,0.2827075365635889,0.2826739138459251,0.28263855975640956,0.2826024097729659,0.28256666631561095,0.2825327941054721,0.2825024793600863,0.28247753122029784,0.28245970053549063,0.28245040378683345,0.28245040356376105,0.2824596999542423,0.282477530501352,0.28250247876827855,0.2825327938243029,0.28256666631965405,0.2826024099143997,0.2826385599066483,0.2826739139009161,0.28270753649015873,0.28273874362341855,0.2827670766356159,0.2827922721451763,0.28281423140253775,0.28283299061341566,0.2828486926992511,0.2828615608891762,0.2828718744696778,0.2828799466196023,0.2828861041173563,0.2828906689591596,0.2828939421073105,0.28289618945502826,0.282897630168301,0.28289842755874667,0.2828986823740493
0.2820857134738501,0.2820852167390515,0.28208369746761486,0.28208107142176686,0.2820772022214685,0.28207190724653325,0.2820649657631872,0.2820561290834309,0.28204513281845556,0.28203171138380717,0.282015614667348,0.2819966265283362,0.2819745851215745,0.28194940546281355,0.2819211044262059,0.2818898278744621,0.28185587956402425,0.2818197512735667,0.2817821524747796,0.28174403627997946,0.28170661555683346,0.28167135876983096,0.2816399501156795,0.2816141926285333,0.28159582898055424,0.28158626797495684,0.2815862677969644,0.28159582850396475,0.28161419202426236,0.2816399496442406,0.28167135863814224,0.2817066157098662,0.2817440364630836,0.28178215256540706,0.28181975129761333,0.28185587955582986,0.2818898279123587,0.2819211046423532,0.2819494059322925,0.2819745858100787,0.2819966272894722,0.28201561528754315,0.28203171170329094,0.28204513278814114,0.2820561286688085,0.2820649649006034,0.28207190597951526,0.2820772007687358,0.28208107005915334,0.2820836964717207,0.2820852164405722,0.28208571407402927
0.2812973418932888,0.28129663578631525,0.2812944928428962,0.2812908428986877,0.2812855725052024,0.28127853005508957,0.2812695329990561,0.2812583768557623,0.2812448461671644,0.28122872758663914,0.28120982495456165,0.2811879762307451,0.2811630724525001,0.28113507899384393,0.2811040592648104,0.28107020078252176,0.2810338433809421,0.28099550874499896,0.2809559296704425,0.2809160760092315,0.28087717100432036,0.2808406874347501,0.28080830867086704,0.28078183304698007,0.2807629963628156,0.2807532007919123,0.2807532007110583,0.28076299613868316,0.2807818327627273,0.28080830848640875,0.2808406874808057,0.28087717122700107,0.2809160761921443,0.28095592972566996,0.2809955087876234,0.2810338434904626,0.28107020097550817,0.2811040595819862,0.28113507945996197,0.2811630730281371,0.2811879768112002,0.2812098253821538,0.2812287277342222,0.2812448459920396,0.2812583763368222,0.2812695321153637,0.28127852888789817,0.2812855712365176,0.28129084170618274,0.28129449197594475,0.28129663565693197,0.28129734270034307
0.28053386813421344,0.28053298107217256,0.2805302993161013,0.28052576462717266,0.2805192830013645,0.28051072918639536,0.2804999530852553,0.28048678781815767,0.2804710596661025,0.2804525999698016,0.28043125882212544,0.2804069207155384,0.2803795224126984,0.280349073095386,0.28031567688028786,0.2802795579630428,0.2802410882137918,0.2802008161775359,0.2801594959499771,0.2801181130070167,0.28007790044496866,0.28004033547249485,0.28000710131516887,0.27997999247684474,0.27996073876183797,0.2799507364330882,0.27995073646884394,0.27996073885566497,0.27997999262038387,0.28000710151982894,0.28004033573650766,0.28007790072149585,0.2801181132095926,0.28015949603449725,0.2802008162649247,0.2802410884238095,0.2802795582877602,0.28031567728428614,0.2803490735341068,0.2803795227993711,0.2804069209658529,0.28043125889677745,0.28045259986208254,0.28047105936106304,0.2804867872801857,0.2804999523286618,0.28051072831752066,0.28051928213531674,0.2805257638467451,0.2805302988200154,0.2805329811804088,0.28053386889939813
0.2797955413207864,0.27979449776779636,0.2797913502691089,0.2797860507113989,0.27977852161508476,0.2797686601619255,0.279756343890019,0.27974143799301693,0.279723804442695,0.2797033128707773,0.2796798531234415,0.2796533498445248,0.2796237794061492,0.279591189084861,0.2795557185943967,0.2795176244357646,0.2794773068624828,0.27943533837367035,0.27939249233240937,0.2793497685172171,0.2793084090983648,0.2792698955959567,0.27923591136096737,0.2792082475469425,0.2791886285362438,0.27917844518171736,0.2791784453285417,0.2791886289300891,0.27920824807921885,0.2792359119033927,0.27926989603916486,0.27930840941628826,0.2793497687629822,0.27939249253050713,0.27943533858021147,0.2794773071859582,0.27951762486058085,0.27955571902420256,0.27959118942365074,0.2796237795325384,0.27965334968766314,0.2796798527650552,0.27970331245634555,0.2797238040206759,0.27974143753275366,0.27975634341747885,0.2797686597605106,0.2797785213179463,0.2797860505306942,0.27979135030740904,0.2797944981091285,0.27979554185414507
0.2790825667245213,0.27908138782868325,0.2790778376202545,0.27907187661347427,0.27906344142624523,0.27905244836127296,0.279038798535083,0.2790223845949174,0.2790030991046728,0.27898084455568295,0.27895554503305375,0.2789271599267023,0.2788956999680438,0.2788612455347986,0.2788239674437269,0.27878415063931206,0.27874222047264346,0.2786987707284436,0.2786545920499158,0.27861069702659375,0.27856833604642445,0.2785289946513281,0.27849435627563895,0.2784662089298215,0.27844627193845495,0.27843593110923615,0.27843593134624395,0.27844627255577364,0.2784662097101986,0.27849435699707054,0.27852899517076657,0.2785683363767824,0.2786106973094742,0.2786545924028106,0.27869877114449015,0.27874222095022133,0.27878415111760685,0.27882396778489926,0.2788612456535535,0.27889569979566836,0.2789271594317175,0.27895554434507036,0.2789808438938886,0.27900309859158223,0.27902238426108344,0.2790387984212793,0.2790524484955788,0.27906344177144354,0.2790718771152334,0.27907783820999826,0.27908138832200025,0.27908256696636746
0.27839511225879854,0.2783938163399041,0.2783899178928773,0.2783833848062125,0.2783741657567938,0.2783621933637919,0.27834738890976185,0.27832966861831837,0.2783089513520002,0.27828516785372454,0.2782582717442021,0.27822825252771044,0.27819515076997237,0.27815907562272546,0.27812022507066614,0.278078909045688,0.27803557502079385,0.27799083567722993,0.2779454969968754,0.2779005828584965,0.27785735103781534,0.2778172906226265,0.2777820849095142,0.2777535187816409,0.2777333067289217,0.27772282977371293,0.2777228300510146,0.27773330743028285,0.2777535196253243,0.2777820856549302,0.2778172911620732,0.277857351400135,0.27790058318983446,0.27794549746804414,0.2779908362850081,0.27803557561109854,0.2780789094748045,0.2781202252076561,0.2781590754502644,0.2781951503506394,0.2782282519019104,0.27825827099408534,0.27828516713335943,0.2783089508142636,0.27832966838637985,0.27834738906428735,0.27836219391551426,0.2783741666586814,0.27838338592769873,0.2783899189285581,0.27839381691393195,0.27839511228649727
0.2777333140214177,0.2777319169455168,0.27772771738895186,0.27772068955828194,0.2777107924507491,0.27769797263600177,0.27768216869118334,0.27766331713073844,0.2776413594861986,0.2776162508594153,0.27758797038828803,0.27755653366707317,0.2775220071649605,0.2774845250974749,0.2774443092102408,0.2774016913106807,0.2773571383139323,0.2773112796286955,0.27726493467216173,0.2772191372427557,0.27717515165055073,0.27713446991996094,0.2770987749002584,0.2770698482831049,0.2770493998390212,0.2770388059839974,0.2770388062269689,0.27704940044853255,0.2770698490124332,0.27709877557280016,0.27713447048697276,0.27717515211172516,0.27721913766680284,0.27726493519169465,0.27731128028146024,0.27735713888011193,0.27740169158085565,0.27744430911913986,0.27748452470196217,0.2775220066316528,0.2775565331075902,0.2775879698024566,0.2776162502600108,0.27764135900200815,0.2776633169537885,0.27768216895238246,0.27769797339590874,0.27771079372024776,0.27772069111531,0.2777277186905606,0.2777319175516298,0.2777333139112094
0.2770972810493731,0.2770957965515204,0.27709133669876074,0.2770838811082116,0.2770733976023065,0.27705984472915995,0.27704317594985545,0.277023345256618,0.27700031374418227,0.27697405759048405,0.2769445780245543,0.2769119132122908,0.27687615208890815,0.2768374507508043,0.2767960517459743,0.2767523059882985,0.2767066974744222,0.2766598702876316,0.27661265551242303,0.27656609569319657,0.27652146072301276,0.2764802449150257,0.2764441303099429,0.27641489535158204,0.2763942451479865,0.27638355162973743,0.27638355178220064,0.27639424554223085,0.2764148958624737,0.2764441308637243,0.2764802454923561,0.2765214612902434,0.2765660962170233,0.27661265603031204,0.276659870829939,0.2767066978922339,0.276752306080318,0.27679605152141185,0.2768374503073704,0.2768761515867335,0.2769119127852438,0.2769445776302551,0.2769740571469988,0.2770003133507153,0.2770233451309716,0.2770431762502136,0.2770598455794271,0.2770733990616654,0.2770838828485586,0.2770913380410972,0.27709579709298926,0.2770972807497795
0.27648709937573424,0.27648553935976283,0.276480854594857,0.27647302930954576,0.27646203886252607,0.27644785214632805,0.2764304354972094,0.27640975796496714,0.27638579752454295,0.2763585486349591,0.2763280316925565,0.2762943043855004,0.2762574751332762,0.27621771914346344,0.27617529713457095,0.2761305767113588,0.27608405687599785,0.27603639442310357,0.27598843062532735,0.27594121565159374,0.27589602401630975,0.2758543516559105,0.2758178794589346,0.27578838254011084,0.27576756141383046,0.2757567836123378,0.27575678366775863,0.2757675615863577,0.27578838283895957,0.27581787987760753,0.2758543521709015,0.27589602458372975,0.2759412161958743,0.2759884310971508,0.27603639478674286,0.2760840570974318,0.27613057669389923,0.2761752969075688,0.27621771881125323,0.2762574747719051,0.2762943040800415,0.27632803141141804,0.27635854830275736,0.27638579723722473,0.2764097579294993,0.2764304358655207,0.27644785305183983,0.27646204032472704,0.2764730309283896,0.27648085574048764,0.2764855396960762,0.2764870988177961
0.2759028355219646,0.27590121031891507,0.2758963313400923,0.27588818673007676,0.2758767582824456,0.2758620238611588,0.2758439609872271,0.2758225517037219,0.2757977885513679,0.27576968184636225,0.2757382686215353,0.275703623489477,0.27566587182230473,0.27562520549686337,0.27558190102219066,0.2755363406157986,0.275489036363742,0.2754406560329768,0.2753920498543412,0.2753442744614871,0.27529860814051765,0.2752565478100847,0.2752197729036658,0.2751900550911838,0.27516909034656784,0.27515824191058075,0.27515824190050675,0.2751690903713846,0.27519005523611473,0.2752197731801702,0.275256548180242,0.2752986085730748,0.27534427491345354,0.27539205021543384,0.27544065621833985,0.2754890363939676,0.27553634055193693,0.27558190087505297,0.2756252053418353,0.2756658716696613,0.2757036233294005,0.27573826844596244,0.2757696816459529,0.27579778841669644,0.2758225517894678,0.2758439614161498,0.2758620247127263,0.2758767594728595,0.275888187899375,0.2758963320874479,0.2759012103664497,0.27590283481687006
0.2753445395431137,0.2753428581250778,0.2753378115521485,0.27532939131191864,0.27531758472655504,0.2753023774469156,0.27528375671475425,0.27526171582007086,0.2752362598991883,0.2752074129905442,0.2751752265355677,0.2751397898677342,0.27510124318551865,0.2750597928629497,0.27501572911191385,0.27496944693566616,0.27492146968807607,0.27487247473167276,0.2748233200261111,0.27477506761405895,0.2747289987544893,0.27468661086478663,0.2746495816071538,0.27461967910421586,0.2745985948062515,0.2745876877616901,0.2745876877229255,0.2745985947457384,0.2746196791133945,0.2746495817065528,0.2746866110291083,0.27472899899424424,0.2747750679063223,0.274823320237216,0.27487247475707766,0.2749214695701888,0.27496944684143027,0.2750157290805953,0.2750597928964384,0.2751012432626137,0.27513978989082655,0.2751752265087886,0.27520741298717205,0.27523625997750367,0.27526171603373906,0.27528375713189557,0.275302378063986,0.27531758537150103,0.27532939178603233,0.27533781175533695,0.275342857899185,0.275344538921136
0.27481224766055956,0.27481051782644944,0.27480532672582114,0.27479666873850145,0.2747845360068625,0.2747689209356507,0.27474981918277813,0.274727233803682,0.2747011808664215,0.2746716962620779,0.27463884388160553,0.27460272589699425,0.2745634954799461,0.2745213715696684,0.2744766563371362,0.2744297558759134,0.27438120326109433,0.2743316842809339,0.2742820633852351,0.27423340712062655,0.2741869989904833,0.2741443365058209,0.2741070953134226,0.2740770398551873,0.2740558570903566,0.27404490195899767,0.27404490189882913,0.27405585694728396,0.2740770396937545,0.27410709517582,0.2741443364431143,0.2741869990532736,0.2742334072638513,0.2742820634633025,0.27433168417903,0.2743812030762591,0.2744297557863278,0.27447665645033525,0.2745213717952783,0.2745634957296253,0.274602726051221,0.27463884397559873,0.27467169645890666,0.27470118118245107,0.27472723415810585,0.274749819550037,0.27476892122297836,0.2747845360042733,0.2747966684302589,0.2748053262849472,0.27481051736975837,0.2748122472389562
0.27430598450742333,0.2743042130261556,0.2742988973884785,0.27429003450989886,0.2742776207940576,0.2742616544988881,0.27424213854044377,0.2742190844609964,0.2741925178327638,0.27416248479309563,0.27412906001598053,0.2740923568924633,0.2740525398590024,0.27400983873521934,0.273964566168181,0.27391713777628435,0.273868095185294,0.27381813136451605,0.27376811627744757,0.27371912008651844,0.27367242799227137,0.27362953715984867,0.27359212102469666,0.27356194027165764,0.2735406773740704,0.27352968327551785,0.27352968318673576,0.27354067712345664,0.27356193991494987,0.27359212066344907,0.2736295369089128,0.273672427908083,0.27371912010763183,0.2737681162485394,0.2738181312203262,0.2738680950326978,0.2739171377766655,0.2739645664063723,0.274009839090178,0.2740525401473568,0.27409235706845203,0.2741290601872528,0.2741624851646741,0.2741925183778505,0.27421908497090164,0.2742421388685101,0.27426165446430933,0.27427762018922314,0.27429003344015074,0.2742988962913837,0.2743042123715579,0.274305984313866
0.27382576505948014,0.2738239577675811,0.2738185349240569,0.2738094956915782,0.2737968402412828,0.273780571898874,0.2737606998432012,0.27373724297941726,0.2737102351183377,0.27367973126739736,0.2736458155201093,0.27360861107754314,0.27356829206235944,0.2735250977657205,0.27347934991415973,0.2734314724008121,0.2733820143040898,0.2733316746325658,0.2732813280239222,0.2732320475717507,0.2731851196113393,0.273142040633832,0.2731044816298629,0.27307419950109074,0.27305287232214287,0.2730418471349348,0.27304184701562917,0.27305287199358264,0.27307419904390773,0.2731044811588029,0.2731420402642428,0.27318511939651113,0.2732320474611509,0.27328132793392407,0.273331674533248,0.27338201424560427,0.27343147250454997,0.27347935017347097,0.27352509808591013,0.27356829227536245,0.27360861125865266,0.2736458158483311,0.2736797318524607,0.27371023585916,0.27373724359714574,0.2737607000849565,0.2737805715215432,0.27379683908001995,0.2738094939608462,0.27381853335636014,0.27382395702935547,0.27382576527113106
0.27337159634166963,0.27336975823337395,0.27336424320373826,0.27335505242860797,0.27334218936446203,0.27332566171481165,0.2733054840908324,0.27328168177682277,0.27325429567793746,0.27322338848807404,0.27318905258988935,0.2731514197108914,0.2731106723119048,0.27306705796538144,0.27302090618989144,0.27297264820034967,0.2729228393132615,0.27287218375910566,0.27282155999074376,0.27277204351332235,0.2727249213264219,0.2726816888861151,0.2726440146347905,0.27261365170471613,0.27259227388033747,0.27258122443301713,0.2725812243401515,0.27259227360953947,0.27261365130178233,0.27264401419405415,0.27268168849287006,0.27272492101300005,0.2727720432901275,0.27282155985201173,0.2728721836781053,0.2729228393119321,0.27297264829995715,0.2730209063699874,0.2730670581211415,0.273110672443023,0.2731514199890077,0.2731890531981688,0.2732233893192559,0.27325429651440536,0.27328168235804656,0.2733054841292892,0.27332566095874244,0.2733421877487323,0.2733550503544969,0.27336424158284856,0.27336975768183447,0.2733715971974342
0.2729434789283827,0.2729416142747632,0.2729360200813834,0.272926699331413,0.27291365830191056,0.27289690846670406,0.272876469171199,0.27285237122283174,0.27282466161961133,0.2727934097500085,0.2727587152650604,0.2727207172001932,0.27267960530700747,0.2726356343376091,0.2725891406281219,0.2725405616589258,0.2724904581031488,0.27243953854967684,0.27238868467966676,0.27233897376561217,0.2722916931351929,0.27224833699394885,0.27221057112411956,0.27218014499826987,0.27215872825603066,0.27214766043213223,0.27214766039102634,0.2721587281348506,0.2721801448068463,0.272210570875901,0.2722483366957808,0.2722916927955002,0.2723389734187521,0.2723886843926813,0.2724395383774863,0.27249045803665783,0.27254056168888663,0.2725891407064295,0.27263563437557,0.27267960542558767,0.2727207176261766,0.27275871609324537,0.27279341070018104,0.2728246623711245,0.27285237160719117,0.2728764689666775,0.2728969074723346,0.2729136565999878,0.27292669751782483,0.2729360189080696,0.2729416142124685,0.2729434802835194
0.272541408228529,0.27253952072138,0.2725338586870348,0.272524426701791,0.2725112334510483,0.2724942936580509,0.2724736307818857,0.2724492803923429,0.27242129475620025,0.2723897491607917,0.27235474951741795,0.2723164410997727,0.2722750200976346,0.27223074746723513,0.27218396551674645,0.2721351169568852,0.27208476715849095,0.2720336283785779,0.2719825848407211,0.2719327151762237,0.2718853066782985,0.27184185219508417,0.27180401489819556,0.2717735406028671,0.2717520948385478,0.2717410135382136,0.27174101356737956,0.27175209491722474,0.27177354070005094,0.2718040149408215,0.27184185206909367,0.2718853063145075,0.2719327146497694,0.2719825843244217,0.2720336280045493,0.27208476697875117,0.27213511692979603,0.27218396553298285,0.2722307475144005,0.27227502027150946,0.2723164415962703,0.2723547503059786,0.27238974997255005,0.27242129527151,0.2724492805301677,0.2724736304594587,0.27249429278358617,0.27251123225794693,0.2725244257639424,0.2725338583235245,0.2725395212140744,0.27254140939444454
0.2721653756062563,0.27216346848646866,0.27215774849271696,0.27214822155035356,0.27213489841726257,0.27211779663695,0.27209694320907624,0.2720723777758248,0.2720441572275902,0.27201236205724805,0.2719771034544382,0.27193853215600855,0.2718968499638947,0.27185232328421305,0.27180529938406633,0.2717562255821279,0.27170567115587674,0.27165435151328066,0.2716031528949868,0.27155315483828507,0.2715056444886677,0.2714621132658963,0.2714242216239951,0.2713937117383259,0.2713722451863792,0.2713611544834202,0.2713611545914623,0.2713722454634041,0.2713937120585027,0.27142422182265674,0.2714621131975378,0.27150564409380085,0.2715531541894122,0.27160315218989417,0.2716543509776113,0.2717056708767817,0.2717562254755299,0.27180529936365116,0.2718523233536072,0.2718968502190797,0.27193853261105577,0.2719771039980013,0.2720123625564125,0.272044157501159,0.2720723777532341,0.2720969429555226,0.2721177962435852,0.2721348981912192,0.27214822171824493,0.27215774898873896,0.2721634691854774,0.27216537574073946
0.2718153693927921,0.2718134455343469,0.271807676215043,0.2717980684545242,0.27178463481107473,0.27176739529107335,0.271746379909566,0.2717216318026695,0.2716932119737275,0.27166120537227606,0.2716257276660749,0.2715869344949688,0.2715450325095065,0.27150029277505694,0.2714530668109913,0.2714038058161039,0.2713530824460347,0.2713016146165289,0.2712502902668868,0.27120018966379106,0.2711525995197178,0.2711090096652487,0.2710710778914411,0.2710405428565974,0.2710190623034609,0.27100796546445854,0.2710079655355548,0.2710190624999294,0.27104054309771963,0.2710710780180127,0.2711090095288145,0.27115259909505607,0.27120018905115517,0.271250289611413,0.27130161405102865,0.27135308204767544,0.2714038055617907,0.2714530666567606,0.27150029281335175,0.27154503280659453,0.2715869348922719,0.27162572798646084,0.2716612055822291,0.2716932120931541,0.27172163175078495,0.2717463798544189,0.27176739554715773,0.27178463557151095,0.2717980694774759,0.27180767720261656,0.2718134457799203,0.2718153680659278
0.27149137579246,0.27148943774374507,0.27148362661420966,0.27147395030920435,0.27146042295505224,0.2714430666801009,0.271421914044232,0.27139701126705434,0.2713684229991131,0.2713362378422426,0.27130057546958464,0.2712615958086815,0.27121950967815955,0.2711745920458433,0.27112719816908915,0.27107778253145626,0.2710269205231607,0.27097533228127024,0.2709239071443255,0.27087372578475283,0.27082607430446454,0.27078244087977965,0.27074448065126205,0.27071392888146095,0.2706924396950397,0.27068133927369525,0.2706813391994983,0.27069243953028166,0.27071392871101346,0.27074448046757227,0.2707824406136151,0.2708260739299938,0.2708737253371278,0.2709239066688417,0.27097533180006,0.2710269200285384,0.2710777820466642,0.27112719783254013,0.27117459202222627,0.27121950996325495,0.2712615961820731,0.27130057569522564,0.27133623789596045,0.2713684230129901,0.27139701127428434,0.27142191425053735,0.2714430675065944,0.27146042430274747,0.2714739516657113,0.2714836274231283,0.2714894370116345,0.2714913734508094
0.27119337966132245,0.27119142965971044,0.2711855832154706,0.2711758489949688,0.2711622424921106,0.2711447876031966,0.27112351902738696,0.27109848578968593,0.2710697556394501,0.2710374202627465,0.27100160300179543,0.2709624673532772,0.27092022765613516,0.27087516224450264,0.27082762953643447,0.27077808685807636,0.27072711199387905,0.27067542686317714,0.27062392189060086,0.2705736779760027,0.27052598044918863,0.2704823157265973,0.27044433635518805,0.2704137744446271,0.27039228083246547,0.2703811789104258,0.27038117873332695,0.27039228038043595,0.2704137738795594,0.2704443358012485,0.2704823152404029,0.27052598004339473,0.2705736776227912,0.2706239215293047,0.2706754264301059,0.27072711146354733,0.2707780863027591,0.2708276291436613,0.27087516218231306,0.27092022788868747,0.27096246767366217,0.2710016032028815,0.2710374202867611,0.27106975555956475,0.2710984858466746,0.2711235194455328,0.2711447886329889,0.27116224384118925,0.2711758501611096,0.2711855833627058,0.271191428181388,0.27119337767890583
0.27092136513199555,0.27091940512217016,0.27091352895790705,0.27090374599747896,0.27089007292199574,0.27087253507097325,0.2708511689939038,0.2708260262099104,0.27079717696120836,0.27076471587956513,0.27072876935155205,0.27068950391271546,0.27064713680353497,0.27060194927578146,0.27055430248661744,0.27050465623194675,0.2704535903164816,0.2704018280976322,0.27035026075670276,0.27029996919011684,0.2702522378982303,0.27020855162188245,0.27017056047479765,0.270139993633387,0.2701184989176601,0.2701073971692777,0.2701073970023502,0.2701184984386824,0.2701399929239826,0.2701705596807144,0.2702085508883829,0.27025223727882375,0.27029996864709294,0.2703502602459649,0.27040182760934606,0.2704535898624212,0.27050465585952077,0.2705543022799046,0.2706019492751715,0.2706471369597948,0.2706895041393751,0.2707287695608817,0.2707647159205104,0.2707971768155681,0.2708260261713008,0.27085116935149733,0.2708725357524032,0.27089007380662705,0.2709037467098671,0.2709135286270756,0.270919404018748,0.2709213648070995
0.2706753161081855,0.2706733477705484,0.27066744672814125,0.27065762295346346,0.27064389411520356,0.27062628676591716,0.2706048391649826,0.2705796048324817,0.2705506562008495,0.27051809059031184,0.2704820368016158,0.2704426638746637,0.27040019163761475,0.2703549038415865,0.27030716405160343,0.2702574341423457,0.27020629552408126,0.27015447263853987,0.2701028571868919,0.270052529959508,0.2700047746657994,0.26996107451172896,0.2699230773577523,0.2698925096307546,0.2698710163353069,0.2698599159735482,0.26985991585218894,0.26987101592420093,0.2698925088974594,0.26992307642114943,0.269961073559921,0.27000477378060733,0.27005252911970523,0.2701028564048955,0.2701544720011308,0.27020629512519967,0.2702574340265904,0.27030716416398043,0.270354904037307,0.2704001918243829,0.27044266407566947,0.27048203696619894,0.2705180905481829,0.2705506559203112,0.2705796045293846,0.27060483910937966,0.27062628681275464,0.27064389446186343,0.2706576233102138,0.27066744658215913,0.27067334809323695,0.27067531720967447
0.27045521670347666,0.27045324147828986,0.2704473197675234,0.27043746205404423,0.2704236867514031,0.27040602151198373,0.2703845061765643,0.27035919578440015,0.2703301649763011,0.27029751301066635,0.27026137078781154,0.27022190941215163,0.2701793510184878,0.27013398164954405,0.27008616678602654,0.2700363698784041,0.2699851736489671,0.269933303490711,0.2698816515221387,0.26983129832472147,0.26978352677827305,0.26973981865383856,0.26970181978090924,0.2696712540868999,0.2696497639708662,0.2696386657744345,0.2696386656468114,0.2696497635356542,0.2696712533013163,0.269701818749849,0.2697398175479832,0.269783525687079,0.26983129728055294,0.2698816506016053,0.2699333028084222,0.26998517329521476,0.27003636988672436,0.270086167090872,0.27013398208382444,0.2701793514056415,0.270221909624275,0.2702613707212356,0.27029751261596147,0.27033016436962604,0.2703591952430216,0.27038450568834754,0.27040602119636076,0.2704236867995782,0.27043746222143183,0.2704473202551616,0.2704532431234297,0.2704552184896504
0.27026105167084025,0.270259070783528,0.27025313205313106,0.2702432463600525,0.27022943263917365,0.27021171961902657,0.27019014839440075,0.2701647755233043,0.2701356772630792,0.27010295456255173,0.27006673995195524,0.2700272065473589,0.26998457842126644,0.2699391433284767,0.2698912682986508,0.2698414181544502,0.26979017674558464,0.26973827025229885,0.2696865911037716,0.2696362196075611,0.2695884377814409,0.2695447260350214,0.2695067283990634,0.2694761666228319,0.26945468077989,0.269443585234055,0.2694435850878569,0.26945468032457714,0.26947616585608924,0.2695067273804332,0.2695447248558629,0.2695884365418109,0.26963621844941443,0.2696865901953888,0.26973826970531284,0.269790176581731,0.26984141832250014,0.2698912686886936,0.2699391437987104,0.2699845788103319,0.270027206621458,0.2700667394730657,0.2701029536139939,0.2701356763364919,0.2701647748767781,0.2701901478752541,0.2702117193140661,0.270229432468365,0.27024324647776915,0.2702531335205117,0.27025907299630586,0.27026105368571357
0.27009280677647834,0.27009082128856904,0.2700848687000006,0.27007496015358295,0.2700611150272165,0.27004336305132776,0.2700217463492878,0.2699963227682692,0.26996716972023665,0.26993438957553717,0.26989811659899127,0.26985852537887484,0.26981584139769876,0.2697703538679173,0.2697224311967133,0.26967253935609176,0.2696212630624147,0.26956932907281894,0.2695176300470531,0.26946724604471445,0.2694194582957564,0.26937574595625924,0.26933775145619204,0.26930719466866415,0.2692857136556294,0.2692746210213503,0.26927462089758364,0.26928571328,0.26930719402528874,0.26933775052830805,0.26937574477816717,0.2694194570209499,0.26946724492427304,0.2695176292992963,0.26956932878005946,0.26962126317156093,0.26967253972381605,0.26972243163671256,0.26977035419741563,0.2698158414262601,0.2698585249031755,0.26989811557404497,0.2699343883278478,0.2699671687422623,0.2699963221689909,0.27002174597275125,0.27004336280565583,0.270061114877659,0.2700749608627213,0.2700848707931869,0.27009082336706836,0.27009280826711324
0.269950469086524,0.2699484799543643,0.2699425162730765,0.2699325892871715,0.2699187189271797,0.26990093574203383,0.269879282751955,0.2698538185831688,0.2698246217631279,0.2697917959684085,0.26975547665166905,0.2697158396342453,0.26967311163271546,0.2696275830309396,0.26957962331249885,0.26952969936961896,0.26947839660065614,0.2694264421737371,0.26937472888664965,0.2693243366104869,0.2692765459544944,0.2692328349966922,0.2691948447263086,0.26916429335034386,0.2691428172067653,0.2691317274136046,0.2691317272753701,0.2691428167964983,0.2691642926705033,0.26919484379167613,0.2692328339062327,0.2692765449181735,0.2693243358526119,0.2693747285323757,0.2694264422279025,0.26947839695687703,0.2695296998123854,0.2695796235870342,0.26962758292402855,0.2696731109830234,0.26971583841730445,0.2697554751779982,0.26979179478087884,0.2698246210724969,0.26985381816478776,0.2698792826476447,0.26990093586646474,0.2699187192474833,0.2699325905628245,0.2699425177573159,0.269948481396425,0.2699504707529765
0.2698340272289681,0.2698320353236556,0.2698260629559986,0.269816121426305,0.2698022313595959,0.2697844238253625,0.2697627424739759,0.269737246709987,0.26970801592946997,0.26967515471032694,0.26963879951780845,0.26959912719226276,0.26955636540156724,0.2695108053986729,0.26946281748316314,0.2694128693011365,0.26936154684158936,0.2693095775990107,0.26925785442827743,0.26920745700620163,0.26915966544086556,0.2691159569245049,0.26907797120258187,0.26904742503002416,0.26902595330093887,0.2690148659640137,0.26901486572039124,0.26902595262525586,0.26904742406102955,0.2690779701326757,0.2691159559900447,0.26915966485936493,0.26920745687780373,0.2692578547248743,0.2693095782017508,0.26936154749555835,0.2694128696082969,0.2694628171021794,0.26951080426477986,0.2695563637202643,0.2695991253409799,0.2696387980043989,0.2696751539381144,0.269708015813122,0.26973724702222895,0.2697627430441779,0.26978442432237104,0.26980223205697496,0.269816122217629,0.2698260637646622,0.2698320366386784,0.26983402962013453
0.2697434716595494,0.26974147773257906,0.26973549871889585,0.2697255462541455,0.2697116414045555,0.2696938156243226,0.2696721130320854,0.26964659368212524,0.26961733764452356,0.2695844501876567,0.26954806846107354,0.2695083700072881,0.2694655832172856,0.26942000003811917,0.269371991403683,0.26932202555131707,0.2692706889726057,0.2692187094467165,0.269166979816988,0.2691165794966078,0.2690687881336307,0.2690250822389119,0.26898710061896924,0.2689565588991588,0.268935090843509,0.26892400551437495,0.26892400518559817,0.26893508996873045,0.2689565577559668,0.2689870995465492,0.2690250815545099,0.26906878804977397,0.26911658005357514,0.26916698086830165,0.26921871063393593,0.269270689713998,0.26932202526343435,0.26937198989975614,0.2694199976562124,0.269465580572948,0.2695083677946929,0.26954806732595094,0.26958445029482714,0.2696173385173667,0.26964659484083703,0.2696721139911808,0.2696938161853706,0.26971164224048616,0.26972554697252055,0.26973549960258575,0.26974147907982343,0.26974347349408645
0.26967879483980167,0.2696767994497415,0.2696708156026859,0.2696608555160372,0.2696469403329241,0.2696291018555338,0.2696073846423139,0.2695818491196303,0.26955257576169617,0.26951967028321155,0.26948327027491203,0.2694435537458897,0.2694007496416327,0.2693551504964909,0.26930712774667603,0.26925715001401673,0.26920580408691686,0.26915381791901366,0.2691020843268743,0.2690516824882235,0.2690038916732488,0.2689601879142437,0.26892220941832634,0.26889167107890144,0.26887020586746196,0.2688591221634366,0.2688591218736029,0.2688702051323832,0.26889167022782423,0.2689222088238599,0.26896018786751846,0.2690038922971172,0.2690516836712524,0.26910208569216254,0.269153818882139,0.2692058040629099,0.2692571486992665,0.2693071252863185,0.26935514745874667,0.26940074686193566,0.26944355203992787,0.26948326999851996,0.26951967105094854,0.26955257697271984,0.26958185028375775,0.2696073855293879,0.26962910327446643,0.2696469418247696,0.26966085667569584,0.2696708161125398,0.26967680027691054,0.2696787954753218
0.26963999128160965,0.269637994678679,0.2696320078716902,0.2696220431080165,0.2696081218703185,0.2695902761220794,0.2695685505434133,0.2695430056876141,0.26951372220644615,0.2694808060845039,0.2694443952318044,0.2694046679823982,0.269361853651519,0.26931624518450903,0.2692682143500118,0.2692182299318024,0.26916687877271417,0.26911488886529766,0.2690631530366529,0.26901275037990635,0.2689649599674761,0.26892125755734714,0.26888328102262604,0.26885274484310434,0.268831281500997,0.2688201989198567,0.2688201987645845,0.26883128121856353,0.2688527448347213,0.26888328159734787,0.26892125872261147,0.2689649614353636,0.26901275170374706,0.26906315374897877,0.2691148885865053,0.2691668773465118,0.26921822756007263,0.2692682115860027,0.2693162427225804,0.26936185206434027,0.26940466750681347,0.26944439556876926,0.269480806571013,0.2695137226143147,0.2695430064629141,0.2695685522037163,0.26959027853208173,0.2696081236460481,0.26962204398050216,0.2696320082025653,0.2696379949504742,0.26963999163049546
0.2696270572575307,0.26962505987972957,0.2696190718806661,0.26960910571773805,0.2695951826933046,0.26957733473338474,0.2695556065544245,0.26953005870413177,0.26950077182354576,0.26946785202354956,0.2694314374476485,0.26939170660683825,0.26934888890805114,0.2693032774168025,0.26925524403405654,0.2692052575696398,0.2691539047755002,0.2691019135744339,0.2690501768427763,0.26899977377649553,0.2689519834758471,0.26890828158593505,0.26887030577869736,0.26883977034304135,0.2688183076476561,0.2688072255637044,0.26880722572203825,0.26881830825465164,0.26883977162221284,0.2688703077045318,0.2689082837358164,0.26895198523900243,0.26899977463604235,0.26905017645284784,0.26910191184340776,0.2691539020923797,0.26920525476629165,0.26925524189733285,0.26930327631771,0.26934888881801666,0.2693917070547425,0.2694314375822381,0.2694678517505778,0.2695007720070207,0.2695300597385531,0.26955560870629447,0.26957733647021864,0.2695951840947247,0.26960910656046927,0.26961907301273197,0.2696250601930294,0.2696270572401999
