Model: ensemble_run0_brcd749
Simulation: 1932686313_0
(SimID_1932686313_0 (PDE Simulation)) 
Sim time range (0.0 50.0) (saved timepoints 101) 
Number of variables 42 
Variable names ['BUB1a', 'BUB1a_pknl1', 'CPCa', 'CPCi', 'H2A', 'H3', 'H3_CPCa', 'H3_CPCi', 'H3S10rep', 'HASPINa', 'HASPINi', 'I', 'KNL1', 'NDC80', 'NDC80_TTKa', 'NDC80_TTKi', 'NDC80_pTTKa', 'NDC80_pTTKi', 'pH2A', 'pH2A_SGO1', 'pH2A_SGO1_CPCa', 'pH2A_SGO1_CPCi', 'pH3', 'pH3_CPCa', 'pH3_CPCi', 'pH3S10rep', 'pKNL1', 'pKNL1_bub1a', 'PLK1a', 'PLK1i', 'pTTKa', 'pTTKi', 'pNDC80', 'pNDC80_TTKa', 'pNDC80_TTKi', 'pNDC80_pTTKa', 'pNDC80_pTTKi', 'SGO1', 'SGO1_CPCi', 'SGO1_CPCa', 'TTKa', 'TTKi'] 
 
2D Slice for variable BUB1a at time 31.5 in plane XY at Z = 0 
 
X in rows, Y in columns 
3.295324493908611,3.295324493850802,3.295324493650271,3.2953244933324863,3.2953244928527057,3.295324492227094,3.2953244914729747,3.295324490622317,3.2953244896940928,3.295324488679769,3.2953244875994705,3.2953244864999673,3.2953244853990498,3.2953244842887943,3.295324483177789,3.2953244820898178,3.2953244810408666,3.295324480042541,3.2953244791168452,3.2953244782889914,3.2953244775704893,3.295324476963921,3.2953244764764493,3.295324476115345,3.2953244758743665,3.2953244757369484,3.295324475700603,3.2953244757854443,3.2953244760064964,3.2953244763600096,3.295324476842628,3.2953244774620796,3.2953244782161755,3.295324479081895,3.2953244800371864,3.295324481063221,3.2953244821274237,3.295324483204293,3.295324484302771,3.295324485426211,3.295324486535183,3.2953244876029846,3.295324488651467,3.295324489671051,3.2953244905799672,3.295324491338365,3.295324492008505,3.2953244926376617,3.295324493171608,3.29532449354623,3.2953244937711004,3.2953244938426733
3.2953244820622616,3.2953244819953307,3.295324481796205,3.2953244814420937,3.2953244809661864,3.295324480357199,3.2953244796063133,3.2953244787466467,3.295324477808819,3.2953244767990695,3.29532447573571,3.295324474649761,3.2953244735516827,3.2953244724326707,3.2953244713000553,3.2953244701841995,3.2953244691131496,3.295324468105645,3.295324467184886,3.2953244663729713,3.2953244656731244,3.2953244650732962,3.2953244645704154,3.2953244641790285,3.2953244639095205,3.2953244637539862,3.2953244637068635,3.2953244637851693,3.295324464010899,3.2953244643818818,3.295324464885846,3.2953244655258644,3.295324466300232,3.2953244671810453,3.2953244681414517,3.295324469170442,3.295324470242084,3.2953244713224987,3.2953244724187245,3.295324473550236,3.2953244746762036,3.295324475741133,3.2953244767687386,3.2953244777904422,3.295324478728876,3.2953244794971455,3.2953244801565615,3.2953244808033992,3.2953244813807983,3.295324481772676,3.295324481960809,3.2953244819810354
3.2953244465799445,3.295324446485022,3.2953244462608544,3.2953244458871302,3.295324445394687,3.2953244447792085,3.2953244440246725,3.2953244431561144,3.2953244422158985,3.295324441217764,3.2953244401579633,3.2953244390559107,3.295324437934802,3.2953244367936683,3.295324435633657,3.2953244344866537,3.295324433391362,3.2953244323679485,3.295324431431582,3.2953244306036473,3.295324429890962,3.2953244292754476,3.2953244287421475,3.2953244283070644,3.295324428001688,3.2953244278344016,3.295324427792407,3.29532442788141,3.2953244281271177,3.2953244285315546,3.295324429069788,3.2953244297339914,3.2953244305279923,3.2953244314254264,3.2953244323918756,3.295324433429279,3.2953244345330166,3.2953244356534466,3.295324436769274,3.29532443791791,3.295324439082327,3.2953244401697392,3.29532444117069,3.2953244421754007,3.295324443169169,3.2953244440173615,3.2953244447005465,3.295324445330263,3.2953244459033466,3.2953244462859583,3.2953244464409575,3.2953244464417444
3.2953243874361426,3.295324387361489,3.2953243871288427,3.295324386724104,3.2953243861844443,3.2953243855402548,3.29532438477695,3.2953243838880186,3.2953243829179497,3.29532438189604,3.295324380810197,3.295324379665929,3.29532437849955,3.295324377327653,3.2953243761481255,3.2953243749825987,3.295324373869768,3.2953243728281354,3.2953243718606053,3.295324370982429,3.2953243702147597,3.2953243695565284,3.295324368990536,3.2953243685211837,3.295324368182666,3.295324368000691,3.2953243679671536,3.295324368075839,3.2953243683485205,3.2953243687922793,3.2953243693731165,3.295324370066566,3.295324370883356,3.295324371810537,3.2953243728024093,3.2953243738550184,3.295324374992887,3.295324376175142,3.2953243773369945,3.295324378504196,3.2953243797136027,3.2953243808771377,3.2953243819079585,3.295324382890791,3.2953243839157365,3.295324384873822,3.295324385631161,3.295324386233826,3.295324386758687,3.295324387132744,3.295324387268971,3.295324387284542
3.2953243046805536,3.2953243045847533,3.2953243043465172,3.2953243039292035,3.2953243033631194,3.295324302698576,3.295324301917622,3.2953243009899102,3.2953242999590655,3.2953242988746783,3.295324297729913,3.295324296521307,3.2953242952897943,3.29532429406798,3.295324292852376,3.295324291649669,3.2953242904963154,3.2953242894164623,3.2953242884058453,3.295324287467622,3.2953242866282917,3.295324285909904,3.295324285309076,3.2953242848202935,3.295324284467075,3.295324284280246,3.295324284259547,3.295324284389855,3.295324284683911,3.295324285157698,3.2953242857780487,3.295324286502869,3.2953242873456356,3.2953242883204528,3.295324289376855,3.2953242904759663,3.295324291650916,3.2953242928981816,3.295324294131053,3.2953242953280912,3.2953242965656546,3.2953242978240094,3.2953242989717983,3.2953243000000856,3.29532430102668,3.29532430202641,3.2953243028360895,3.2953243034526345,3.2953243039761024,3.295324304354605,3.2953243045362046,3.2953243045638274
3.2953241982831303,3.2953241981709684,3.295324197917979,3.295324197490631,3.2953241969047498,3.29532419621376,3.295324195401456,3.295324194433019,3.2953241933412105,3.2953241921839385,3.295324190969465,3.2953241896915757,3.2953241883845643,3.2953241870876258,3.29532418580019,3.295324184518953,3.2953241832769264,3.295324182112266,3.295324181031225,3.295324180027081,3.2953241791173524,3.2953241783340697,3.2953241776915085,3.2953241771874198,3.2953241768327084,3.2953241766544483,3.295324176655887,3.295324176812253,3.2953241771239723,3.2953241776187148,3.2953241782792553,3.295324179048994,3.295324179925498,3.2953241809502822,3.2953241820928336,3.29532418327543,3.295324184502965,3.2953241858170617,3.295324187154386,3.2953241884322515,3.295324189705993,3.2953241910417472,3.2953241923363903,3.2953241934737565,3.2953241945068594,3.2953241954902364,3.295324196344993,3.2953241970080356,3.2953241975339966,3.2953241979496934,3.2953241982054804,3.2953241982557286
3.295324068295729,3.295324068182744,3.29532406790387,3.29532406744618,3.295324066821097,3.295324066068861,3.2953240651951425,3.2953240641764276,3.29532406302711,3.295324061799744,3.295324060518091,3.295324059173534,3.295324057783787,3.2953240563885853,3.2953240549999037,3.2953240536122297,3.295324052251284,3.295324050966622,3.295324049782062,3.2953240486948907,3.295324047711444,3.2953240468608103,3.2953240461686293,3.2953240456386608,3.2953240452741825,3.295324045096236,3.2953240451131895,3.2953240452967107,3.2953240456313644,3.295324046149875,3.295324046863207,3.295324047708387,3.2953240486442668,3.295324049715896,3.2953240509391404,3.2953240522292027,3.2953240535394626,3.295324054926583,3.2953240563905126,3.295324057824858,3.2953240591996256,3.2953240605894196,3.295324061969149,3.295324063213161,3.2953240643103534,3.2953240653393228,3.295324066254643,3.295324066965711,3.2953240674932087,3.2953240679413973,3.295324068237701,3.2953240683118183
3.2953239147462856,3.2953239146270543,3.295323914324163,3.2953239138409054,3.295323913167549,3.295323912329978,3.2953239113658155,3.2953239102718976,3.2953239090456172,3.2953239077300185,3.2953239063592625,3.2953239049242566,3.29532390342539,3.295323901901857,3.2953239003855734,3.2953238988800018,3.295323897401721,3.295323895994852,3.2953238946965544,3.295323893514368,3.295323892452526,3.2953238915339997,3.2953238907864395,3.2953238902169004,3.295323889822186,3.2953238896185413,3.2953238896270087,3.295323889830485,3.2953238901969226,3.2953238907466345,3.2953238915148306,3.295323892454617,3.29532389348379,3.2953238946171943,3.295323895916141,3.295323897335371,3.2953238987795226,3.2953239002665295,3.2953239018548124,3.295323903470905,3.2953239049991376,3.295323906450235,3.2953239078743723,3.295323909223478,3.295323910445058,3.2953239115692052,3.2953239125745464,3.2953239133440477,3.295323913925766,3.295323914397716,3.2953239147054143,3.295323914776402
3.295323737627391,3.2953237374896025,3.2953237371629385,3.295323736663126,3.295323735949378,3.295323735036801,3.295323733985609,3.29532373280483,3.2953237314792663,3.295323730040223,3.295323728531795,3.2953237269534363,3.295323725298401,3.2953237236058572,3.295323721927882,3.2953237202837915,3.2953237186825164,3.2953237171573133,3.295323715746907,3.295323714468906,3.295323713327981,3.295323712340706,3.2953237115328418,3.295323710915911,3.2953237104838,3.2953237102454542,3.2953237102336232,3.295323710452539,3.295323710861191,3.2953237114474008,3.2953237122539836,3.2953237132744357,3.295323714418018,3.295323715648842,3.295323717039076,3.2953237186063835,3.2953237202433723,3.295323721886702,3.2953237235839414,3.295323725327208,3.2953237270058477,3.2953237285816286,3.295323730112682,3.2953237315887725,3.295323732947724,3.295323734177347,3.295323735250075,3.2953237361192804,3.295323736800988,3.2953237373249884,3.2953237376644027,3.29532373773454
3.2953235369691574,3.2953235368052685,3.2953235364469147,3.295323535914213,3.2953235351527055,3.2953235341772853,3.2953235330499133,3.2953235317801517,3.295323530341721,3.2953235287536486,3.295323527066801,3.295323525298549,3.295323523449052,3.2953235215584886,3.295323519689131,3.2953235178736993,3.2953235161207126,3.2953235144542794,3.2953235129137135,3.295323511523096,3.295323510288012,3.295323509217409,3.295323508336098,3.295323507665971,3.2953235072062825,3.295323506954616,3.2953235069373643,3.2953235071769527,3.295323507638523,3.2953235082775363,3.2953235091198643,3.2953235102036516,3.295323511472807,3.2953235128473692,3.295323514359761,3.295323516072523,3.295323517914617,3.2953235197548367,3.2953235215739762,3.2953235234133653,3.295323525240526,3.2953235270018255,3.2953235287058558,3.295323530350906,3.295323531860094,3.2953235331822435,3.2953235343236327,3.295323535302071,3.295323536081463,3.2953235366690308,3.29532353706269,3.295323537183283
3.2953233128126733,3.295323312637513,3.2953233122513756,3.2953233116636076,3.295323310832776,3.2953233097765797,3.295323308547317,3.2953233071571835,3.2953233055796596,3.2953233038221845,3.2953233019354284,3.295323299955992,3.2953232978993245,3.295323295803621,3.2953232937324057,3.2953232917249173,3.295323289790408,3.2953232879476735,3.295323286236604,3.29532328469079,3.2953232833218573,3.295323282136831,3.295323281158535,3.2953232804203854,3.2953232799352308,3.2953232796901397,3.295323279687031,3.295323279950647,3.2953232804707566,3.2953232811935154,3.2953232821110556,3.295323283278546,3.295323284691525,3.2953232862564574,3.295323287932276,3.2953232897722207,3.2953232917697326,3.2953232938064274,3.2953232958080365,3.295323297804937,3.29532329980907,3.2953233017736876,3.2953233036766743,3.295323305501563,3.295323307174098,3.295323308616251,3.2953233098738064,3.2953233109628193,3.2953233118239194,3.295323312451073,3.2953233128791655,3.295323313070912
3.2953230651927004,3.295323065032134,3.295323064627363,3.2953230639793523,3.2953230630675563,3.295323061900798,3.2953230605204515,3.2953230589529023,3.2953230571868954,3.2953230552250354,3.2953230531152795,3.295323050910151,3.2953230486368983,3.2953230463312053,3.295323044050635,3.2953230418380515,3.295323039703702,3.2953230376604186,3.2953230357465153,3.295323034005747,3.295323032464891,3.295323031136498,3.2953230300402314,3.295323029211454,3.295323028677578,3.295323028428403,3.295323028440991,3.2953230287261372,3.2953230293008304,3.295323030132255,3.2953230311830954,3.2953230324817095,3.295323034056614,3.2953230358358994,3.2953230377199305,3.295323039708411,3.295323041838686,3.295323044063544,3.295323046301233,3.295323048537995,3.295323050777156,3.2953230529687842,3.295323055069524,3.295323057066193,3.295323058895797,3.2953230605073185,3.2953230619255653,3.2953230631457884,3.295323064106563,3.2953230647783176,3.295323065215469,3.295323065432934
3.2953227941658523,3.2953227940274674,3.2953227935902043,3.295322792873638,3.2953227918714054,3.2953227905742866,3.295322789011544,3.295322787226453,3.295322785227716,3.2953227830212284,3.29532278065659,3.295322778198456,3.2953227756834234,3.2953227731396084,3.2953227706176937,3.2953227681653496,3.2953227658007305,3.2953227635352995,3.2953227614036424,3.295322759454223,3.2953227577262494,3.2953227562437144,3.295322755022594,3.295322754088762,3.2953227534763467,3.295322753194172,3.295322753214739,3.295322753525902,3.2953227541518535,3.2953227550939133,3.2953227563066836,3.295322757770343,3.2953227595076413,3.2953227614883294,3.2953227636134867,3.295322765828515,3.2953227681571042,3.295322770597848,3.2953227730959225,3.295322775616085,3.2953227781371255,3.295322780596417,3.295322782924925,3.295322785098157,3.2953227871001225,3.2953227889091026,3.2953227905010882,3.2953227918622163,3.2953227929492654,3.295322793715345,3.295322794180451,3.2953227943825487
3.2953224998069883,3.295322499671719,3.2953224991719794,3.295322498359037,3.2953224972370503,3.29532249578432,3.2953224940235426,3.2953224920068496,3.2953224897555358,3.2953224872798583,3.295322484633109,3.2953224818905213,3.2953224790950193,3.295322476267809,3.2953224734509394,3.29532247070006,3.295322468050126,3.2953224655230837,3.295322463153294,3.2953224609861884,3.2953224590643875,3.2953224574206903,3.295322456073958,3.2953224550371822,3.295322454339086,3.2953224540081623,3.2953224540360253,3.2953224543928883,3.2953224550818256,3.2953224561221512,3.2953224574875066,3.295322459127854,3.29532246103138,3.2953224631961593,3.2953224655665942,3.295322468074466,3.2953224706990536,3.295322473430606,3.295322476225629,3.2953224790455717,3.2953224818686633,3.2953224846293243,3.295322487229736,3.295322489627485,3.295322491853004,3.295322493891148,3.295322495672261,3.2953224971677284,3.2953224983754117,3.2953224992641856,3.2953224997979493,3.295322499994552
3.295322182162574,3.2953221820044574,3.29532218142706,3.2953221804935877,3.295322179213037,3.295322177567288,3.2953221755814566,3.295322173312381,3.2953221707892144,3.295322168025702,3.2953221650739164,3.295322162014135,3.2953221588968744,3.2953221557404566,3.295322152580237,3.2953221494779172,3.295322146487979,3.2953221436481877,3.2953221409993954,3.2953221385858127,3.2953221364464858,3.295322134618329,3.2953221331305413,3.295322131994872,3.295322131223126,3.295322130847289,3.2953221308840677,3.295322131304949,3.2953221320810164,3.2953221332203606,3.295322134725048,3.2953221365529273,3.2953221386614047,3.295322141036318,3.2953221436548774,3.2953221464688283,3.295322149439999,3.2953221525323397,3.2953221556841563,3.2953221588421253,3.2953221619863644,3.2953221650656,3.2953221679726097,3.295322170658008,3.2953221731633624,3.2953221754747384,3.2953221774905064,3.2953221791472216,3.2953221804687995,3.2953221814625007,3.295322182078408,3.295322182295704
3.2953218412501335,3.295321841053206,3.295321840398788,3.2953218393383317,3.2953218378797366,3.2953218360135446,3.295321833767877,3.29532183120576,3.295321828369987,3.2953218252805683,3.2953218219846345,3.2953218185617312,3.2953218150720236,3.295321811539195,3.295321807996375,3.295321804509534,3.2953218011451177,3.295321797952223,3.2953217949792832,3.2953217922777776,3.2953217898861125,3.2953217878393715,3.295321786178846,3.29532178492773,3.2953217840863966,3.295321783668721,3.2953217837030047,3.2953217841838702,3.2953217850677254,3.2953217863322313,3.295321787987249,3.295321790022563,3.295321792392495,3.2953217950520224,3.295321797965404,3.29532180109862,3.2953218044238555,3.295321807904646,3.2953218114644605,3.295321815017882,3.295321818524419,3.2953218219474754,3.295321825202916,3.295321828233256,3.2953218310516377,3.2953218336530616,3.2953218359444336,3.2953218378306595,3.2953218393043353,3.295321840395376,3.2953218410854337,3.2953218413349714
3.295321477109796,3.2953214768690025,3.2953214761328082,3.295321474936847,3.295321473291823,3.295321471191936,3.295321468661307,3.2953214657666026,3.2953214625686247,3.2953214590994464,3.2953214554013837,3.2953214515521965,3.2953214476239983,3.295321443653749,3.2953214396789803,3.295321435770404,3.2953214320026776,3.2953214284265715,3.2953214250938228,3.295321422067458,3.2953214193951936,3.295321417106622,3.2953214152423227,3.295321413842389,3.295321412912616,3.29532141244477,3.2953214124595425,3.295321412977824,3.2953214139729305,3.2953214153985453,3.2953214172420946,3.295321419509269,3.2953214221767198,3.2953214251878595,3.2953214284778034,3.295321431992857,3.295321435705857,3.2953214395959787,3.2953214435946276,3.2953214475928423,3.2953214515144684,3.295321455331164,3.2953214589983,3.2953214624384657,3.295321465602762,3.2953214684873453,3.2953214710552694,3.2953214732160183,3.295321474902009,3.2953214761220355,3.2953214768902477,3.295321477177859
3.295321089821854,3.2953210895443026,3.2953210887131483,3.295321087357415,3.295321085499797,3.295321083140477,3.2953210802967257,3.295321077035645,3.295321073433611,3.295321069533886,3.2953210653760223,3.2953210610356667,3.2953210565992315,3.2953210521211926,3.295321047648686,3.2953210432600093,3.295321039039161,3.295321035039712,3.2953210313094434,3.2953210279214162,3.295321024940119,3.2953210223934564,3.2953210203063694,3.295321018725367,3.295321017677106,3.295321017150443,3.2953210171445226,3.2953210176882246,3.295321018788085,3.2953210204010395,3.295321022481807,3.295321025016729,3.295321027997422,3.2953210313847965,3.2953210351077633,3.2953210390870966,3.295321043269261,3.2953210476269867,3.2953210521068983,3.2953210565965083,3.295321060992267,3.295321065266517,3.2953210694088835,3.295321073327319,3.295321076903473,3.2953210801039745,3.2953210829444397,3.295321085375646,3.295321087302109,3.2953210886869377,3.2953210895439424,3.2953210898696668
3.2953206794834915,3.29532067917856,3.2953206782434057,3.295320676702379,3.2953206745921206,3.2953206719238453,3.2953206687168946,3.295320665042122,3.295320660987658,3.295320656606453,3.2953206519350235,3.29532064704647,3.295320642039152,3.2953206369887424,3.295320631953109,3.2953206270152515,3.2953206222720115,3.295320617788568,3.295320613610834,3.2953206098109495,3.2953206064722913,3.295320603633327,3.295320601302993,3.295320599516365,3.295320598322201,3.2953205977298463,3.2953205977233115,3.2953205983142984,3.2953205995258172,3.2953206013389473,3.2953206036961924,3.29532060655113,3.295320609880313,3.2953206136587854,3.2953206178354852,3.295320622330847,3.2953206270617503,3.2953206319701764,3.295320636998825,3.2953206420450956,3.2953206469936225,3.295320651802057,3.295320656467785,3.295320660909088,3.295320664975896,3.295320668585393,3.295320671746924,3.295320674450707,3.295320676620024,3.295320678185711,3.295320679133746,3.2953206794777326
3.295320246190931,3.2953202458568436,3.2953202448072534,3.295320243062446,3.2953202406659092,3.2953202376394017,3.2953202340108447,3.295320229858359,3.295320225282582,3.2953202203496073,3.295320215098643,3.2953202095980147,3.2953202039561598,3.295320198271555,3.295320192613579,3.2953201870617135,3.2953201817227717,3.295320176685236,3.295320171999805,3.295320167730463,3.295320163969209,3.295320160778446,3.295320158167367,3.2953201561522105,3.2953201547878135,3.2953201541146697,3.295320154125344,3.295320154804581,3.2953201561601713,3.295320158187891,3.2953201608450584,3.2953201640705836,3.295320167815057,3.2953201720418828,3.2953201767105305,3.295320181756945,3.2953201870901765,3.2953201926194913,3.295320198268114,3.2953202039454204,3.295320209541919,3.295320214980991,3.295320220228118,3.2953202252189673,3.295320229827801,3.2953202339409122,3.295320237516191,3.2953202405433353,3.2953202429763455,3.2953202447403878,3.2953202457910873,3.2953202461371514
3.295319790051198,3.2953197896733513,3.2953197884834657,3.2953197865071986,3.2953197837928982,3.2953197803704417,3.2953197762739284,3.295319771583118,3.2953197664089,3.2953197608378817,3.295319754920957,3.2953197487255994,3.295319742368323,3.295319735972761,3.295319729621543,3.2953197233879266,3.295319717380399,3.295319711711843,3.2953197064529203,3.2953197016583076,3.295319697414111,3.29531969380584,3.2953196908650115,3.2953196885976195,3.2953196870458332,3.2953196862702887,3.2953196862894942,3.2953196870806267,3.295319688620739,3.2953196908949365,3.2953196938717904,3.2953196975017622,3.295319701729174,3.2953197064958304,3.2953197117439643,3.2953197174093716,3.2953197234047122,3.2953197296211516,3.295319735959817,3.295319742338599,3.295319748666474,3.295319754836811,3.2953197607556954,3.2953197663501084,3.295319771535121,3.2953197762045146,3.2953197802726546,3.2953197836967663,3.295319786436204,3.2953197884285417,3.295319789617071,3.2953197899898146
3.2953193111851884,3.295319310746216,3.295319309384442,3.295319307133642,3.2953193040539714,3.295319300189709,3.2953192955787083,3.295319290294302,3.2953192844508883,3.2953192781553344,3.2953192714780535,3.2953192644928118,3.295319257324336,3.295319250117591,3.2953192429767557,3.295319235974741,3.29531922921485,3.2953192228295056,3.295319216917643,3.2953192115364587,3.2953192067577257,3.295319202677334,3.2953191993577162,3.2953191968149063,3.29531919507212,3.2953191941837217,3.2953191941903244,3.2953191950846854,3.2953191968322093,3.295319199393593,3.2953192027283023,3.295319206796383,3.2953192115551695,3.2953192169427252,3.2953192228744115,3.2953192292611058,3.295319236008738,3.2953192430047524,3.2953192501320077,3.2953192573006693,3.2953192644321185,3.2953192714129043,3.2953192781065006,3.2953192844045867,3.2953192902289583,3.295319295493196,3.2953193001034515,3.2953193039819775,3.295319307068846,3.295319309313475,3.29531931067115,3.2953193111160237
3.295318809711733,3.295318809201721,3.295318807647139,3.2953188050815228,3.295318801580414,3.2953187972085622,3.2953187920131364,3.2953187860631266,3.2953187794726926,3.295318772363624,3.2953187648284334,3.2953187569551683,3.2953187488740743,3.2953187407446545,3.295318732695507,3.2953187248154654,3.2953187172071217,3.295318710010247,3.2953187033500884,3.295318697302235,3.295318691931317,3.2953186873291354,3.2953186835831034,3.295318680733244,3.2953186787961335,3.2953186778042167,3.295318677795273,3.2953186787793887,3.2953186807347548,3.295318683616995,3.2953186873672706,3.2953186919326085,3.2953186972757016,3.295318703345729,3.2953187100459895,3.2953187172533474,3.2953187248548588,3.295318732741018,3.295318740788898,3.2953187488803293,3.2953187569139253,3.2953187647787283,3.2953187723376995,3.2953187794555285,3.2953187860237163,3.295318791952774,3.2953187971552107,3.2953188015367925,3.2953188050120805,3.2953188075284183,3.2953188090614125,3.2953188095919517
3.2953182857556995,3.295318285166389,3.295318283403488,3.2953182804957937,3.295318276526881,3.295318271578102,3.2953182657097817,3.2953182589963648,3.2953182515560684,3.2953182435241084,3.295318235017296,3.295318226145198,3.2953182170429174,3.2953182078726404,3.29531819878704,3.295318189905049,3.2953181813410235,3.2953181732337695,3.295318165724461,3.295318158913957,3.295318152875885,3.2953181476976336,3.295318143474172,3.295318140270081,3.295318138113158,3.2953181370228366,3.295318137016444,3.29531813810163,3.2953181402713936,3.2953181434983065,3.2953181477229223,3.295318152868664,3.2953181588786826,3.295318165703867,3.2953181732497008,3.29531818136989,3.295318189924029,3.295318198805409,3.2953182079025916,3.295318217068654,3.2953182261475025,3.295318235006105,3.2953182435244055,3.295318251569721,3.2953182590007994,3.2953182656984605,3.2953182715674614,3.295318276511686,3.2953182804331336,3.295318283264587,3.295318284981815,3.295318285578932
3.2953177394712245,3.2953177387910384,3.295317736794937,3.2953177335136097,3.295317729033093,3.2953177234420408,3.2953177168120256,3.295317709226614,3.295317700814201,3.295317691726631,3.295317682110654,3.2953176721022754,3.29531766184489,3.2953176515024136,3.2953176412454592,3.295317631227997,3.295317621586664,3.2953176124638524,3.295317604004157,3.2953175963301526,3.295317589537577,3.295317583718368,3.2953175789669107,3.2953175753566684,3.295317572932646,3.2953175717192145,3.2953175717263847,3.2953175729448363,3.2953175753619757,3.2953175789663436,3.2953175837165563,3.2953175895269102,3.2953175963062216,3.2953176039851853,3.29531761247242,3.2953176216147133,3.2953176312423857,3.295317641233903,3.2953176514903646,3.295317661860186,3.2953176721389217,3.2953176821442125,3.295317691749889,3.2953177008350263,3.2953177092480663,3.295317716832189,3.295317723461667,3.2953177290399958,3.2953177334765864,3.2953177366906514,3.295317738633371,3.2953177392907516
3.295317171046728,3.2953171702662765,3.295317168005463,3.2953171643016175,3.295317159244335,3.2953171529311027,3.295317145443004,3.2953171368723244,3.2953171273575297,3.2953171170736546,3.2953171061966806,3.2953170948894925,3.2953170833124146,3.2953170716411355,3.2953170600650608,3.2953170487661376,3.2953170379084713,3.295317027645522,3.2953170181265916,3.295317009486704,3.2953170018434483,3.295316995306214,3.2953169899722923,3.2953169859137716,3.2953169831771003,3.295316981801286,3.295316981807953,3.295316983184716,3.2953169859007985,3.29531698993786,3.2953169952702215,3.2953170018203495,3.2953170094704083,3.2953170181150395,3.295317027657207,3.2953170379520236,3.295317048809779,3.295317060069721,3.295317071616913,3.295317083307311,3.2953170949240524,3.2953171062419373,3.2953171170959994,3.295317127360087,3.2953171368821104,3.295317145476046,3.295317152976505,3.295317159274735,3.2953171642935293,3.2953171679498316,3.295317170168499,3.295317170909013
3.2953165806895046,3.2953165798060744,3.295316577253972,3.2953165730706706,3.29531656735018,3.2953165602050687,3.295316551735248,3.2953165420425914,3.2953165312809016,3.295316519650458,3.295316507354019,3.2953164945738993,3.2953164814919798,3.295316468311381,3.2953164552483614,3.2953164425075343,3.295316430274008,3.2953164187220074,3.295316408015239,3.2953163982988136,3.295316389703189,3.295316382355063,3.2953163763681905,3.29531637181687,3.295316368740499,3.2953163671758663,3.2953163671627395,3.2953163687066045,3.2953163717699994,3.2953163763110402,3.295316382299083,3.2953163896671653,3.295316398286818,3.2953164080161095,3.295316418737892,3.295316430319293,3.2953164425726906,3.2953164552940217,3.295316468316208,3.295316481481452,3.295316494582893,3.2953165073786495,3.295316519660005,3.2953165312682193,3.2953165420406703,3.295316551775181,3.295316560274787,3.295316567405783,3.2953165730844005,3.2953165772281734,3.2953165797501938,3.2953165805917473
3.295315968625432,3.2953159676352777,3.2953159647634926,3.295315960043794,3.295315953567746,3.295315945465967,3.2953159358632824,3.29531592488171,3.295315912697036,3.2953158995414533,3.2953158856440865,3.2953158712028014,3.295315856419851,3.2953158415341637,3.295315826797005,3.2953158124353634,3.295315798650106,3.295315785637921,3.2953157735899303,3.2953157626698957,3.2953157530138317,3.295315744754492,3.295315738023863,3.295315732915828,3.2953157294699413,3.2953157277097183,3.2953157276754315,3.2953157293957975,3.295315732845154,3.295315737963402,3.2953157446953787,3.2953157529724697,3.2953157626682272,3.295315773615754,3.2953157856641813,3.295315798678662,3.29531581248397,3.295315826854259,3.295315841564263,3.295315856413543,3.295315871191649,3.2953158856539972,3.295315899557395,3.2953159126969203,3.2953159248803097,3.295315935895248,3.2953159455324696,3.295315953630967,3.2953159600767887,3.2953159647675423,3.2953159676122237,3.295315968552353
3.295315335116495,3.2953153340069807,3.295315330768471,3.2953153254397436,3.2953153181090795,3.2953153089198692,3.2953152980242435,3.2953152855710757,3.2953152717629846,3.295315256865929,3.2953152411425766,3.2953152248172364,3.295315208117996,3.2953151913148666,3.2953151746956517,3.2953151585139993,3.2953151429869783,3.2953151283297775,3.295315114765226,3.2953151024899507,3.295315091651912,3.2953150823802697,3.295315074811563,3.2953150690647983,3.295315065199976,3.295315063234411,3.295315063194218,3.2953150651141447,3.29531506898796,3.2953150747522004,3.295315082323575,3.295315091615365,3.29531510250392,3.2953151148157893,3.2953151283695035,3.2953151430020804,3.295315158533993,3.2953151747336786,3.2953151913410483,3.295315208110028,3.295315224801885,3.2953152411569704,3.295315256903814,3.2953152717874117,3.295315285572388,3.2953152980308493,3.295315308951676,3.2953153181550987,3.2953153254882888,3.2953153308148613,3.2953153340289187,3.295315335074261
3.2953146804655584,3.2953146792179364,3.2953146755484846,3.2953146695109883,3.295314661198929,3.295314650769609,3.295314638406411,3.2953146242910334,3.2953146086491345,3.2953145917700164,3.2953145739569476,3.2953145554835723,3.2953145366156242,3.295314517652638,3.2953144989127807,3.2953144806840236,3.295314463206801,3.2953144467109827,3.295314431443469,3.295314417637413,3.29531440547098,3.2953143950753363,3.295314386580048,3.2953143801155322,3.2953143757703316,3.29531437357522,3.2953143735428454,3.295314375696383,3.2953143800391786,3.295314386515823,3.2953143950248145,3.2953144054512644,3.2953144176634646,3.2953144314923515,3.2953144467429785,3.2953144632163216,3.295314480699774,3.2953144989436267,3.2953145176708882,3.295314536604875,3.2953145554705854,3.295314573975716,3.2953145918117617,3.295314608676606,3.2953146242905946,3.295314638399941,3.295314650777463,3.295314661222378,3.2953146695551507,3.2953146756130094,3.295314679269441,3.2953146804551587
3.295314005000504,3.2953140035963893,3.295313999429587,3.295313992569339,3.295313983120586,3.2953139712618493,3.295313957218463,3.295313941217197,3.2953139235045406,3.2953139043845368,3.2953138841997314,3.2953138632851675,3.2953138419606844,3.2953138205558243,3.295313799417657,3.295313778874319,3.2953137592054174,3.2953137406612405,3.295313723498957,3.295313707977628,3.2953136943120866,3.295313682657009,3.2953136731394284,3.295313665887323,3.295313661006611,3.295313658550066,3.2953136585304095,3.295313660954515,3.2953136658189455,3.2953136730750283,3.295313682618799,3.2953136943132098,3.2953137080038832,3.2953137235175842,3.2953137406580546,3.2953137592044395,3.2953137789026443,3.295313799462711,3.2953138205800605,3.2953138419548056,3.29531386327953,3.2953138842180794,3.2953139044122923,3.295313923516646,3.2953139412177195,3.29531395722812,3.2953139712791204,3.2953139831294815,3.295313992577874,3.295313999454647,3.295314003623141,3.295314004992098
3.2953133090755005,3.295313307490521,3.2953133027569605,3.29531329495708,3.2953132842078343,3.295313270709567,3.2953132547351487,3.295313236567243,3.295313216488503,3.29531319482467,3.2953131719588207,3.2953131482892846,3.295313124191818,3.2953131000305356,3.295313076180963,3.295313053016372,3.2953130308709517,3.2953130100314647,3.295312990766641,3.295312973342926,3.2953129580019787,3.2953129449319594,3.2953129342771743,3.2953129261634415,3.2953129206987075,3.2953129179505245,3.295312917942456,3.2953129206722322,3.295312926119336,3.2953129342307994,3.2953129449077823,3.2953129580075093,3.2953129733548483,3.2953129907544128,3.2953130099974755,3.2953130308527765,3.2953130530391657,3.2953130762231537,3.295313100054264,3.2953131241953217,3.2953131483047797,3.2953131719979556,3.295313194859739,3.2953132164979055,3.2953132365705815,3.2953132547581654,3.295313270734836,3.295313284198866,3.295313294915464,3.2953133027123624,3.295313307452355,3.2953133090315703
3.2953125930953147,3.295312591293973,3.2953125859029133,3.295312577027112,3.295312564801211,3.2953125494460505,3.295312531272501,3.295312510617632,3.295312487814475,3.295312463237759,3.295312437327139,3.2953124105432186,3.2953123833154154,3.2953123560466837,3.295312329145845,3.2953123030298066,3.2953122780893622,3.295312254664153,3.2953122330507005,3.295312213522589,3.295312196330702,3.295312181688452,3.295312169766842,3.295312160703041,3.295312154602957,3.2953121515360277,3.2953121515342816,3.2953121545977226,3.2953121606937006,3.2953121697535654,3.2953121816743627,3.2953121963192213,3.295312213510067,3.2953122330259776,3.295312254625821,3.295312278054856,3.295312303017528,3.2953123291511073,3.2953123560530337,3.295312383331044,3.295312410594946,3.2953124374118317,3.295312463307675,3.295312487834248,3.295312510609828,3.2953125312748113,3.2953125494496374,3.2953125647699157,3.295312576954576,3.295312585810899,3.295312591195786,3.2953125930009026
3.2953118575323233,3.295311855474359,3.2953118493136166,3.2953118391866894,3.2953118252646267,3.2953118077996244,3.2953117871337936,3.2953117636454956,3.2953117377250973,3.2953117098165636,3.2953116804348066,3.2953116501081188,3.2953116193246292,3.295311588538648,3.2953115582054386,3.295311528785449,3.2953115007162292,3.295311474388267,3.2953114501417304,3.2953114282745486,3.2953114090449365,3.2953113926748108,3.2953113793541977,3.295311369240095,3.295311362445049,3.295311359032963,3.2953113590332563,3.2953113624514536,3.295311369257361,3.295311379369835,3.295311392668319,3.295311409014714,3.295311428238374,3.295311450110775,3.2953114743526863,3.2953115006676406,3.2953115287357204,3.2953115581731005,3.2953115885341275,3.2953116193583343,3.2953116501909263,3.295311680547502,3.295311709901192,3.295311737740605,3.2953117636151688,3.295311787105406,3.2953118077802657,3.295311825225838,3.2953118391116867,3.2953118492032774,3.295311855335616,3.2953118573937386
3.2953111029149103,3.2953111005627767,3.2953110935172214,3.295311081939787,3.295311066051163,3.295311046152705,3.2953110226286304,3.2953109959063878,3.295310966438019,3.2953109347426315,3.2953109014128468,3.295310867052273,3.2953108322186764,3.295310797434543,3.295310763221952,3.2953107300981896,3.295310698543652,3.2953106689844485,3.2953106418017826,3.295310617331649,3.295310595854299,3.2953105775942944,3.2953105627440036,3.2953105514741807,3.2953105439136374,3.2953105401275455,3.2953105401329186,3.295310543930469,3.295310551499865,3.295310562764506,3.2953105775904907,3.2953105958207303,3.295310617284354,3.2953106417569322,3.295310668938324,3.2953106984854705,3.2953107300361624,3.295310763180707,3.2953107974334994,3.2953108322630746,3.2953108671357603,3.2953109015070954,3.2953109348011185,3.2953109664371176,3.2953109958717555,3.2953110226001794,3.2953110461335093,3.295311066014553,3.295311081860682,3.2953110933872285,3.2953111003937443,3.2953111027493422
3.295310329825153,3.2953103271365944,3.2953103190855964,3.2953103058517357,3.295310287699772,3.2953102649830552,3.2953102381466395,3.295310207695332,3.295310174166311,3.2953101381571,3.2953101003368945,3.2953100613905764,3.295310021957987,3.2953099826409953,3.295309944040338,3.295309906749195,3.295309871303164,3.2953098381612995,3.2953098077297196,3.2953097803798697,3.2953097564250866,3.2953097361017205,3.2953097195926286,3.295309707064917,3.2953096986620865,3.295309694463769,3.2953096944801135,3.2953096986945054,3.2953097070854183,3.295309719593315,3.2953097360898003,3.295309756400077,3.295309780336515,3.2953098076724023,3.2953098381010815,3.2953098712454896,3.295309906695618,3.295309944001263,3.29530998263226,3.2953100219877527,3.29531006144776,3.2953101003935643,3.2953101381876793,3.2953101741675495,3.295310207683843,3.2953102381325436,3.295310264956382,3.2953102876419273,3.2953103057476745,3.2953103189322226,3.295310326955363,3.295310329662375
3.2953095389328833,3.295309535849046,3.2953095266381878,3.29530951150853,3.2953094907650504,3.2953094648051984,3.29530943414018,3.295309399376996,3.295309361167085,3.2953093202027834,3.295309277238457,3.295309233057146,3.2953091884043073,3.2953091439714375,3.295309100435137,3.295309058464493,3.295309018668498,3.295308981552495,3.2953089475436945,3.2953089170323477,3.295308890361856,3.295308867789929,3.295308849493685,3.295308835619499,3.295308826306484,3.295308821651571,3.295308821675768,3.295308826348646,3.2953088356319276,3.2953088494752047,3.295308867770086,3.2953088903460546,3.295308916996371,3.295308947480638,3.2953089814863357,3.2953090186157734,3.295309058416411,3.2953091003857717,3.295309143939824,3.2953091884092496,3.29530923308729,3.295309277267538,3.2953093202221466,3.295309361183545,3.2953093993838953,3.295309434115479,3.29530946473948,3.295309490669117,3.2953095113872872,3.295309526488701,3.2953095356886823,3.295309538802763
3.2953087310190714,3.2953087274717774,3.2953087169053257,3.295308699568142,3.2953086758204084,3.2953086461157084,3.2953086110363006,3.2953085713014034,3.2953085276919802,3.2953084810130875,3.2953084321218085,3.2953083819265334,3.2953083313149394,3.2953082810964625,3.2953082320244977,3.295308184831181,3.295308140195372,3.2953080986849406,3.295308060756976,3.295308026807172,3.2953079971893375,3.2953079721821865,3.295307951968671,3.2953079366720157,3.2953079264041967,3.295307921261071,3.295307921282004,3.295307926440592,3.2953079366855236,3.2953079519592143,3.295307972173374,3.295307997176624,3.29530802676373,3.295308060682858,3.29530809861162,3.295308140138899,3.295308184776445,3.2953082319661564,3.29530828105959,3.2953083313131475,3.2953083819330855,3.295308432110834,3.295308481000895,3.2953085277005885,3.2953085713068115,3.2953086109939753,3.295308646023857,3.2953086757165324,3.295308699465505,3.295308716790226,3.2953087273512542,3.295308730930562
3.2953079069588975,3.2953079028811807,3.2953078907423663,3.295307870817122,3.295307843537913,3.2953078094480146,3.2953077692317043,3.2953077237316286,3.2953076738704317,3.2953076205866862,3.2953075648625223,3.29530750775097,3.2953074503108795,3.2953073935113055,3.2953073382108276,3.295307285201747,3.295307235218524,3.2953071888894043,3.2953071467079775,3.2953071090688555,3.295307076311513,3.2953070487142173,3.295307026466387,3.295307009679383,3.2953069984320895,3.29530699279496,3.2953069928079377,3.295306998460832,3.295307009707135,3.295307026488479,3.2953070487253497,3.2953070762918824,3.2953071090038564,3.2953071466157087,3.2953071888042733,3.2953072351502968,3.2953072851380867,3.295307338158374,3.2953073934922177,3.2953074503104354,3.2953075077172866,3.295307564781668,3.295307620514079,3.295307673855426,3.295307723745153,3.2953077692095243,3.2953078093798047,3.295307843460865,3.295307870743233,3.295307890657438,3.2953079027974823,3.295307906905994
3.2953070677131584,3.2953070630257013,3.295307049062013,3.2953070261102018,3.295306994671134,3.295306955406192,3.295306909137148,3.2953068568575135,3.295306799660906,3.295306738665541,3.2953066750219566,3.2953066099477875,3.2953065446847045,3.295306480387082,3.2953064180589346,3.2953063585772404,3.2953063027266043,3.295306251177039,3.29530620444801,3.2953061629270093,3.2953061269178465,3.2953060966621566,3.295306072328741,3.2953060540165136,3.2953060417820614,3.2953060356627715,3.295306035676719,3.295306041817941,3.2953060540604637,3.2953060723658996,3.2953060966742775,3.295306126886117,3.2953061628496667,3.295306204350396,3.2953062510877786,3.295306302648946,3.2953063585038813,3.2953064180047353,3.295306480366391,3.295306544663947,3.29530660986953,3.2953066748896647,3.295306738560215,3.295306799644264,3.2953068568948076,3.2953069091503044,3.2953069553690693,3.295306994611395,3.2953070260458444,3.295307048997677,3.295307062982428,3.295307067700302
3.2953062143659477,3.2953062089492975,3.295306192814281,3.2953061662828076,3.295306129924602,3.295306084526139,3.295306031066422,3.295305970715324,3.2953059047800086,3.2953058346270683,3.295305761657625,3.2953056873154405,3.295305613047923,3.295305540208258,3.29530546997123,3.29530540332906,3.295305341121748,3.295305284032874,3.295305232573115,3.295305187098307,3.2953051478571176,3.295305115019412,3.295305088688059,3.2953050689171417,3.2953050557378214,3.2953050491634266,3.2953050491869056,3.295305055788687,3.2953050689611896,3.295305088706868,3.29530511501257,3.2953051478220874,3.295305187031983,3.295305232487103,3.2953052839456416,3.2953053410351365,3.2953054032376747,3.2953054698869724,3.295305540148408,3.2953056129950276,3.2953056872298867,3.295305761542439,3.2953058345421478,3.295305904769428,3.2953059707475463,3.2953060310755617,3.2953060844909046,3.2953061298730937,3.2953061662403687,3.2953061927937912,3.295306208960448,3.295306214396039
3.2953053481345327,3.295305341827167,3.2953053230448806,3.29530529217487,3.295305249882833,3.295305197094564,3.2953051349623568,3.295305064861903,3.295304988357272,3.295304907135828,3.295304822955096,3.295304737598787,3.2953046528077308,3.2953045701774855,3.2953044910758753,3.2953044166230927,3.295304347705196,3.2953042849780303,3.29530422887431,3.295304179651172,3.29530413745318,3.295304102345895,3.2953040743250317,3.295304053350395,3.2953040393913597,3.295304032436398,3.2953040324633007,3.2953040394436206,3.295304053378134,3.295304074317913,3.295304102325606,3.2953041374258905,3.2953041795998383,3.2953042287945045,3.2953042848853213,3.2953043476073356,3.295304416510965,3.2953044909543143,3.295304570074958,3.2953046527397127,3.2953047375438,3.2953048228894124,3.295304907072565,3.2953049883241814,3.2953050648557856,3.295305134954418,3.2953051970788,3.2953052498812254,3.2953052921984116,3.295305323086728,3.2953053418767864,3.2953053481787076
3.2953044703014043,3.295304462905865,3.2953044408635583,3.2953044046293125,3.2953043549884407,3.2953042930301653,3.2953042201181773,3.295304137894799,3.2953040482621843,3.2953039533241557,3.295303855318894,3.2953037565295378,3.2953036591542273,3.2953035651548284,3.2953034761488165,3.295303393378622,3.2953033177257485,3.2953032497316412,3.2953031896338083,3.2953031374551127,3.2953030931189025,3.2953030565120804,3.295303027484234,3.295303005861373,3.295302991506692,3.295302984352062,3.2953029843696395,3.2953029915369445,3.2953030058694472,3.295303027466684,3.2953030564877523,3.2953030930878873,3.2953031374000554,3.295303189551655,3.2953032496383274,3.2953033176259288,3.295303393257808,3.2953034760078745,3.295303565030792,3.2953036590817764,3.2953037564925007,3.2953038552720844,3.295303953256937,3.295304048210254,3.2953041378863968,3.2953042201463507,3.2953042930838388,3.2953043550668744,3.2953044047171383,3.295304440933893,3.2953044629465893,3.2953044703186163
3.295303582135549,3.2953035733800538,3.2953035472569545,3.2953035042619723,3.295303445282224,3.2953033715690423,3.295303284730068,3.295303186769556,3.2953030800837877,3.2953029673908363,3.295302851631639,3.2953027358424465,3.2953026229475832,3.29530251550482,3.2953024155050965,3.295302324293868,3.2953022426141256,3.295302170695494,3.2953021083580865,3.2953020551577348,3.2953020105766426,3.295301974158686,3.2953019455239945,3.2953019243370516,3.295301910328686,3.295301903347271,3.2953019033455195,3.295301910322344,3.2953019243236468,3.2953019454982866,3.2953019741144947,3.295302010515771,3.2953020550909136,3.2953021082944836,3.295302170630075,3.2953022425280176,3.2953023241724244,3.295302415359527,3.2953025153738307,3.2953026228629283,3.2953027357941096,3.2953028515835943,3.2953029673401693,3.295303080068985,3.2953031868139977,3.2953032848173462,3.2953033716753404,3.295303445395082,3.2953035043593824,3.2953035473141625,3.2953035733951053,3.2953035821242627
3.2953026848429103,3.295302674315619,3.295302642893524,3.295302591082572,3.295302519810673,3.2953024304391496,3.2953023248108972,3.295302205373513,3.2953020752431916,3.2953019381191404,3.295301798120099,3.2953016595588007,3.295301526598816,3.2953014028153507,3.2953012907911483,3.295301191928238,3.2953011065325355,3.295301034074263,3.2953009734748133,3.295300923388174,3.2953008824876093,3.295300849693518,3.295300824232347,3.295300805557444,3.2953007932770153,3.295300787162082,3.2953007871401865,3.2953007932313554,3.295300805515197,3.295300824182356,3.295300849611664,3.2953008823931498,3.295300923327373,3.295300973455272,3.2953010340495115,3.295301106459045,3.2953011918084076,3.295301290657536,3.295301402697547,3.2953015265125134,3.2953016595046987,3.295301798091706,3.2953019381184294,3.2953020752796873,3.295302205442874,3.2953023248951343,3.295302430531347,3.295302519908457,3.2953025911695937,3.295302642950139,3.2953026743381417,3.2953026848404696
3.295301779452636,3.2953017665324387,3.2953017279352284,3.295301664090209,3.295301575835697,3.295301464520202,3.295301332147024,3.2953011816588984,3.295301017174203,3.2953008439849287,3.2953006683129544,3.295300496859075,3.295300336126683,3.295300191562875,3.295300066757785,3.2952999630389628,3.2952998796361186,3.295299814280841,3.2952997639435413,3.295299725471267,3.2952996960663943,3.295299673591015,3.2952996566431745,3.2952996443997575,3.2952996363996196,3.2952996324134674,3.2952996323775503,3.2952996363242772,3.295299644328351,3.295299656567145,3.295299673487887,3.29529969596773,3.295299725432665,3.29529976395431,3.2952998142714516,3.2952998795690265,3.295299962943145,3.2953000666720365,3.295300191491367,3.2953003360621116,3.2953004968131046,3.295300668302971,3.2953008440050255,3.2953010172015524,3.2953011816842124,3.29530133218799,3.2953014645975536,3.295301575941617,3.2953016641942985,3.295301728017942,3.2953017665880187,3.295301779482621
3.295300866531806,3.2953008502802317,3.2953008015913117,3.2953007205781697,3.295300607654267,3.2953004638136036,3.2953002909841165,3.2953000925935707,3.295299874175002,3.295299643662266,3.295299411142328,3.2952991879975966,3.295298985442329,3.295298812655938,3.295298675093752,3.295298573659956,3.295298505076789,3.295298463235622,3.295298440920732,3.2952984312835247,3.29529842876168,3.2952984294582057,3.295298431074677,3.2952984325334675,3.295298433485173,3.295298433906271,3.2952984338660447,3.2952984333981923,3.295298432448055,3.2952984309938325,3.295298429368933,3.2952984286885387,3.2952984312598104,3.2952984409286485,3.295298463224085,3.2952985050355736,3.29529857362426,3.2952986750786213,3.295298812634173,3.295298985392477,3.2952991879416977,3.2952994111124534,3.295299643652846,3.2952998741601376,3.2953000925866074,3.2953002910325937,3.2953004639279087,3.2953006077874853,3.2953007206872083,3.295300801680347,3.295300850359986,3.295300866594932
3.295299945796109,3.295299924722447,3.2952998612838114,3.295299754772858,3.2952996043931138,3.2952994098805872,3.295299172326318,3.2952988953475586,3.2952985864793187,3.295298258204751,3.295297927945874,3.2952976165426953,3.295297345066544,3.2952971305728296,3.295296982267831,3.295296899719249,3.29529687383483,3.2952968900381285,3.2952969322081476,3.2952969859526746,3.2952970404506767,3.2952970888713504,3.2952971278204557,3.295297156313117,3.2952971746638138,3.295297183568978,3.2952971835321154,3.295297174581383,3.2952971562309674,3.295297127751818,3.295297088810765,3.2952970404045874,3.295296985934271,3.2952969322122403,3.2952968900479935,3.2952968738489266,3.2952968997471057,3.2952969822977956,3.2952971305687737,3.295297345012167,3.295297616466917,3.2952979278889654,3.295298258174077,3.295298586464754,3.295298895369618,3.2952991724168057,3.295299410011178,3.2952996044938234,3.295299754832445,3.295299861356296,3.2952999248287873,3.295299945901621
3.2952990156628545,3.29529898735061,3.2952989015646605,3.2952987557756392,3.2952985463267255,3.295298269604402,3.295297923794231,3.295297511425808,3.295297042548478,3.2952965375691843,3.2952960281961134,3.2952955548697407,3.295295159903805,3.2952948776376134,3.295294725302025,3.2952946988561838,3.295294775649417,3.2952949222038495,3.2952951033647775,3.295295289423932,3.2952954596485378,3.295295602471609,3.2952957135984944,3.2952957933662623,3.2952958442303832,3.2952958688352405,3.2952958688054785,3.2952958441615015,3.295295793297625,3.2952957135474072,3.295295602433881,3.2952954596220625,3.2952952894187444,3.295295103392774,3.2952949222588135,3.2952947757119686,3.295294698913601,3.295294725344892,3.295294877647027,3.2952951598663702,3.2952955548054734,3.2952960281444716,3.29529653754799,3.2952970425551973,3.2952975114667202,3.2952979238710567,3.295298269675872,3.295298546350307,3.2952987557896227,3.2952989016481182,3.295298987499552,3.2952990158180024
3.2952980726716805,3.2952980332457864,3.295297912773263,3.295297704827418,3.2952973994918384,3.295296985260213,3.2952964524465043,3.2952957985805402,3.2952950356459807,3.295294197487887,3.29529334385809,3.2952925565661157,3.2952919248025654,3.2952915219524765,3.2952913831371173,3.2952914950939314,3.2952918033553833,3.2952922317734545,3.295292704168498,3.2952931597815955,3.2952935595856103,3.295293885009589,3.2952941325253997,3.2952943072372336,3.2952944173523746,3.2952944702756546,3.295294470255501,3.295294417306521,3.2952943071959244,3.2952941325053215,3.295293885001671,3.2952935595866064,3.2952931598070827,3.295292704231299,3.295292231857536,3.2952918034317578,3.2952914951601353,3.29529138320609,3.2952915220078403,3.2952919248095394,3.29529255652819,3.2952933438159286,3.2952941974633205,3.295295035634107,3.295295798585172,3.2952964524710318,3.2952969852815976,3.295297399493638,3.2952977048549994,3.295297912879828,3.295298033406436,3.2952980728400023
3.2952971107738516,3.2952970541144837,3.29529687919775,3.295296571545248,3.2952961080056156,3.295295459506128,3.295294597105566,3.2952935028635926,3.2952921859842217,3.2952907015290007,3.2952891638964243,3.295287743118919,3.295286633867429,3.2952859999094573,3.2952859174016256,3.2952863496484746,3.2952871667337287,3.2952881952763957,3.295289270222947,3.2952902681534653,3.2952911173317148,3.2952917908069277,3.2952922919125998,3.2952926393235455,3.2952928553557617,3.295292958331693,3.295292958324869,3.2952928553457475,3.2952926393295154,3.295292291942944,3.2952917908475876,3.2952911173755113,3.2952902682167298,3.2952892703097505,3.2952881953644018,3.2952871668102026,3.295286349736187,3.2952859175137026,3.295286000001314,3.2952866338838644,3.2952877430723793,3.2952891638449424,3.2952907014935486,3.2952921859500326,3.295293502844435,3.2952945971277354,3.295295459550469,3.2952961080404375,3.295296571583261,3.2952968792667865,3.295297054218854,3.2952971109058784
3.2952961208257348,3.295296037402667,3.2952957769330102,3.2952953090133636,3.295294583426602,3.2952935333849065,3.2952920852654732,3.2952901792928824,3.295287804369144,3.2952850438294914,3.295282116192351,3.295279380384845,3.2952772723874433,3.295276170201573,3.2952762463778607,3.2952774037896684,3.2952793307849397,3.295281630324591,3.295283944593653,3.2952860253353875,3.2952877455893055,3.2952890746325005,3.295290040694904,3.2952906972822325,3.2952910993453686,3.2952912891360047,3.2952912891461708,3.295291099377228,3.2952906973383325,3.2952900407694155,3.2952890747141836,3.295287745670875,3.295286025427419,3.2952839446938986,3.2952816304170365,3.295279330875526,3.295277403901959,3.2952762464976937,3.2952761702662396,3.2952772723637227,3.2952793803227656,3.2952821161604664,3.2952850438296775,3.295287804368088,3.295290179301377,3.2952920853134624,3.2952935334450033,3.295294583450734,3.2952953090005823,3.295295776923018,3.2952960374422386,3.2952961209143194
3.2952950907214693,3.295294966105169,3.2952945723458633,3.2952938487956165,3.295292691901032,3.295290956644549,3.295288469656238,3.295285065769157,3.2952806599188573,3.2952753554450833,3.2952695602599906,3.295264036460647,3.2952597802748347,3.2952576902233974,3.2952581705015547,3.2952609645873,3.295265314934637,3.295270305059827,3.2952751601850996,3.295279389441359,3.2952827827388176,3.2952853319206237,3.2952871383052496,3.295288339334987,3.295289062205612,3.29528939965361,3.2952893996781696,3.2952890622687256,3.295288339413978,3.2952871383833076,3.2952853320002786,3.2952827828271527,3.2952793895366086,3.2952751602841346,3.2952703051575027,3.295265315040081,3.295260964700944,3.29525817058568,3.2952576902394166,3.2952597802425134,3.295264036445514,3.295269560296233,3.2952753555045513,3.2952806599627626,3.295285065796568,3.2952884696790767,3.295290956651237,3.295292691872878,3.2952938487416636,3.295294572316206,3.2952949661308684,3.2952950907821155
3.2952940066183354,3.295293819903196,3.295293222432223,3.2952920982503224,3.295290242637261,3.2952873540262115,3.295283044419012,3.295276896210578,3.2952686016552235,3.2952582092814016,3.29524644005122,3.295234905293795,3.295225919275588,3.2952216804152616,3.295223161426251,3.295229673765625,3.2952393437904273,3.295250038318201,3.2952600881038907,3.295268551047196,3.295275123852331,3.295279912853907,3.295283213097452,3.295285354990943,3.295286619772437,3.2952872029100297,3.2952872029395457,3.2952866198395094,3.295285355055567,3.2952832131446526,3.2952799128975356,3.2952751239122366,3.295268551112526,3.295260088168608,3.2952500383978958,3.2952393438917134,3.2952296738644016,3.295223161485801,3.295221680438738,3.295225919309076,3.295234905364171,3.295246440136797,3.2952582093510867,3.295268601703303,3.29527689623257,3.2952830444014154,3.2952873539932024,3.2952902426095982,3.295292098236787,3.2952932224411646,3.2952938199145625,3.295294006608288
3.295292855962655,3.295292578500733,3.2952916788230566,3.2952899440624464,3.2952869853295037,3.2952821998465267,3.2952747552594155,3.295263655746437,3.2952479865745157,3.295227444189557,3.2952031573834106,3.2951784725456377,3.2951588391606554,3.295149808765162,3.295153774234703,3.2951688395101217,3.2951902771981025,3.295213086861488,3.2952337142643846,3.29525044402663,3.295262978587681,3.2952718098515237,3.295277713277628,3.295281445125634,3.2952836033769746,3.2952845850303882,3.2952845850525,3.295283603423427,3.295281445160087,3.295277713291239,3.295271809865956,3.2952629786101317,3.295250444044603,3.2952337142721237,3.2952130869005125,3.2951902772842745,3.2951688396041288,3.29515377430298,3.295149808834359,3.2951588392676547,3.2951784726651425,3.2952031574657754,3.295227444243171,3.2952479866374715,3.295263655797159,3.295274755267984,3.295282199840583,3.295286985349122,3.295289944104692,3.2952916788144355,3.2952925784194345,3.295292855836313
3.2952916332017685,3.2952912284786002,3.2952898982422036,3.295287268402486,3.2952826307395617,3.295274829033902,3.2952621506902786,3.295242335229365,3.2952129266576273,3.295172317058562,3.295121759016899,3.295067916317714,3.2950237415361485,3.295003790196691,3.2950140383507716,3.2950491057087667,3.2950968016232594,3.295145356579667,3.2951873788957213,3.2952200453344855,3.295243562037706,3.2952595324692493,3.2952698616430136,3.295276208648504,3.295279798096185,3.2952814070349645,3.2952814070480136,3.2952797981183224,3.2952762086552863,3.295269861639138,3.2952595324752014,3.2952435620451723,3.2952200453184983,3.2951873788636776,3.295145356583356,3.295096801695555,3.2950491058055738,3.295014038434373,3.295003790293053,3.295023741670164,3.295067916452195,3.2951217591129445,3.2951723171475353,3.2952129267718338,3.295242335330068,3.2952621507381687,3.295274829040296,3.295282630767968,3.295287268400985,3.2952898981429017,3.2952912282967395,3.2952916330053434
3.2952903484388685,3.2952897745269376,3.2952878624212656,3.295283986297261,3.2952769167323286,3.2952645372208806,3.2952434838811566,3.2952088749418578,3.2951545850666744,3.2950749943977042,3.294969513304092,3.2948502086375457,3.294747882080227,3.29470254323351,3.294729127230441,3.2948119066812476,3.2949187010499736,3.29502185394955,3.2951066745709463,3.2951695082651873,3.2952127809868283,3.2952410145738615,3.295258640163599,3.2952691492462174,3.295274953518935,3.2952775154027054,3.295277515406055,3.2952749535186046,3.2952691492324497,3.295258640150909,3.2952410145820767,3.2952127810008363,3.2951695082426014,3.2951066745276147,3.2950218539392333,3.2949187011073526,3.2948119067758777,3.2947291273253305,3.294702543349767,3.2947478822372243,3.2948502088050757,3.2949695134550905,3.2950749945435267,3.2951545851966615,3.295208875030136,3.295243483897132,3.295264537198062,3.2952769166838114,3.295283986213635,3.2952878622737334,3.2952897743382734,3.295290348251037
3.2952890375960333,3.295288253835412,3.2952856076494306,3.2952801100369333,3.2952697438232654,3.2952508450939195,3.295217164024829,3.295158744151846,3.2950613242376994,3.294908296358875,3.2946894518389427,3.2944216649861118,3.2941766744136527,3.2940713976710723,3.29414188060814,3.2943410746045556,3.294581843497656,3.2948000071294614,3.2949689312616597,3.295087401081677,3.295165096189864,3.2952136507971432,3.295242850412545,3.2952597223155724,3.2952688154214305,3.295272765498193,3.29527276549269,3.2952688153984546,3.2952597222796443,3.2952428503935427,3.295213650813346,3.29516509621381,3.2950874010712825,3.294968931215563,3.2948000071106613,3.294581843537349,3.294341074691576,3.294141880721958,3.2940713978226444,3.2941766746090746,3.294421665193558,3.294689452024877,3.294908296496801,3.2950613243343745,3.295158744198737,3.2952171640057553,3.2952508450295146,3.29526974373434,3.2952801099248115,3.295285607517465,3.2952882536880557,3.2952890373986845
3.2952877704675125,3.295286749096885,3.2952832573534048,3.295275833276282,3.295261383678652,3.295233986808214,3.295182813325277,3.2950889548566464,3.294921680201627,3.2946373247357776,3.2941911450188854,3.2935851279083748,3.292973628718112,3.2927263249127035,3.292918772501488,3.293409322767213,3.293954963295322,3.2944118802916273,3.294741490193142,3.294958802001728,3.2950939325554853,3.2951746225570426,3.2952213120094926,3.2952474437974866,3.295261185085026,3.2952670598856333,3.2952670598763025,3.295261185051665,3.2952474437477837,3.2952213119871563,3.295174622586298,3.295093932597912,3.2949588020020677,3.2947414901526795,3.294411880259869,3.293954963311044,3.293409322834362,3.2929187726196387,3.292726325076948,3.292973628912094,3.293585128109582,3.294191145191244,3.2946373248681438,3.294921680308887,3.2950889549125932,3.2951828133417522,3.295233986772861,3.295261383590817,3.295275833153156,3.2952832572135633,3.295286748921152,3.2952877701882963
3.2952866509642385,3.295285392060454,3.2952810411880464,3.2952716009212732,3.2952527010199892,3.2952155577398137,3.2951430208063472,3.2950024009793277,3.294733729872503,3.2942349301900005,3.2933596083285663,3.2919922294102584,3.290377796800844,3.289803675683603,3.290343961056198,3.291585075415485,3.2928221068538384,3.293760843942479,3.2943840927490777,3.2947677477787134,3.2949932041737964,3.295121698526686,3.295193248957445,3.295232069545116,3.295252004377899,3.295260397656898,3.295260397652353,3.2952520043551194,3.29523206950854,3.2951932489503317,3.295121698576428,3.294993204237797,3.2947677477991477,3.294384092724409,3.2937608439096753,3.292822106844901,3.291585075438101,3.2903439611266854,3.2898036757973044,3.2903777969356196,3.291992229566284,3.2933596085050043,3.2942349303872915,3.2947337300304773,3.295002401115228,3.2951430208918797,3.2952155577294557,3.295252700906238,3.295271600746407,3.295281040991465,3.2952853917982243,3.295286650671618
3.2952858035681407,3.295284347957863,3.2952792756349014,3.295268098042407,3.2952452219343367,3.295198948471193,3.2951051358443846,3.294914086527712,3.2945240091175796,3.2937302976819716,3.2921448143120893,3.2891593616506043,3.284554069337931,3.2833215660500867,3.2848594956660184,3.2881028134496804,3.2908783913913395,3.2927391482444968,3.293861942110113,3.294504081190208,3.294860437829022,3.295054562354652,3.2951588331357415,3.2952138145598964,3.29524144691862,3.295252921552377,3.295252921558434,3.295241446925319,3.2952138145637853,3.295158833164951,3.2950545624302747,3.294860437912786,3.2945040812334576,3.2938619421138537,3.2927391482296327,3.290878391363452,3.2881028134280172,3.2848594956690977,3.283321566084735,3.284554069413256,3.289159361776739,3.2921448145085384,3.2937302978889442,3.2945240093344994,3.2949140867123035,3.29510513593425,3.2951989484231285,3.295245221769757,3.2952680978341315,3.295279275412177,3.2952843476774385,3.2952858032430523
3.295285344309762,3.2952837760093114,3.29527828637163,3.295266085113414,3.295240802307522,3.295188794190426,3.295080914541974,3.2948540045016657,3.294367969503293,3.293301639784385,3.290883965617088,3.285141752249208,3.2705770229061484,3.2687152052840593,3.2729919328523,3.2818366598744952,3.2878478836539764,3.291299940615062,3.2931769712645624,3.2941753456709995,3.2947010156635903,3.2949762751602307,3.295119678756308,3.2951935182444165,3.2952299738264563,3.295244940788566,3.2952449408062456,3.295229973870721,3.2951935183031424,3.2951196788320702,3.294976275252526,3.294701015755363,3.2941753457382914,3.2931769713034695,3.2912999406244916,3.287847883629731,3.2818366598323307,3.2729919328250183,3.2687152052890998,3.270577022931852,3.2851417523353823,3.290883965740118,3.2933016399579587,3.29436796968904,3.2948540046429495,3.2950809145851387,3.2951887941093494,3.2952408021449027,3.295266084946284,3.295278286127564,3.2952837757186617,3.2952853439812144
0.0,0.0,0.0,0.0,0.0,0.0,0.0,0.0,0.0,0.0,0.0,0.0,3.2329562608882343,3.2360260570588033,3.2465284205993306,3.2722446180273526,3.2839625861845803,3.289611438752863,3.292410639884939,3.293817674609389,3.294530699779117,3.2948937637554945,3.295078886881363,3.295172615585946,3.2952183044774945,3.29523690785559,3.2952369078813595,3.2952183045518955,3.2951726156967176,3.2950788869984358,3.2948937638495983,3.2945306998595187,3.293817674694765,3.292410639961113,3.2896114387860247,3.2839625861668993,3.2722446179883,3.246528420578668,3.236026057031745,3.2329562608433937,0.0,0.0,0.0,0.0,0.0,0.0,0.0,0.0,0.0,0.0,0.0,0.0
0.0,0.0,0.0,0.0,0.0,0.0,0.0,0.0,0.0,0.0,0.0,0.0,3.2150537559237913,3.220240860673527,3.234292801848448,3.2658475784123753,3.280884679799698,3.288155425886512,3.291720243105538,3.2934876678379195,3.294371416258716,3.2948160052009663,3.2950403006706552,3.2951528313420755,3.2952072835807367,3.2952293454050507,3.2952293454273276,3.2952072836610946,3.2951528314796374,3.295040300808394,3.294816005283999,3.2943714163128157,3.2934876679260565,3.2917202432052415,3.288155425930851,3.2808846797824303,3.2658475783903653,3.2342928018181407,3.220240860590903,3.2150537558445156,0.0,0.0,0.0,0.0,0.0,0.0,0.0,0.0,0.0,0.0,0.0,0.0
0.0,0.0,0.0,0.0,0.0,0.0,0.0,0.0,0.0,0.0,0.0,0.0,3.206499031375833,3.2126350073704293,3.22837338984613,3.2621947683068826,3.278876541516569,3.287111305007979,3.291191786790133,3.293223470810537,3.2942398759858524,3.294750392350794,3.2950072557694554,3.295135721303381,3.2951976965726995,3.2952227498287954,3.2952227498340707,3.2951976966238194,3.2951357214256065,3.295007255897464,3.2947503924110606,3.2942398760066274,3.293223470875796,3.2911917868839504,3.2871113050498244,3.278876541507552,3.262194768279348,3.228373389784156,3.212635007285385,3.2064990312833217,0.0,0.0,0.0,0.0,0.0,0.0,0.0,0.0,0.0,0.0,0.0,0.0
0.0,0.0,0.0,0.0,0.0,0.0,0.0,0.0,0.0,0.0,0.0,0.0,3.2024193434649075,3.2089798169213353,3.2254763866708833,3.2602382532302814,3.277695906345254,3.286447313854729,3.2908342954249257,3.2930360972206225,3.294143205312181,3.294700875083588,3.294981821999948,3.295122360973107,3.295190133503166,3.2952175156323253,3.295217515618729,3.295190133511216,3.295122361051247,3.294981822087871,3.2947008751053395,3.29414320530009,3.293036097244455,3.290834295490326,3.286447313889841,3.2776959063351714,3.2602382531940846,3.2254763866325473,3.2089798168494,3.202419343404853,0.0,0.0,0.0,0.0,0.0,0.0,0.0,0.0,0.0,0.0,0.0,0.0
0.0,0.0,0.0,0.0,0.0,0.0,0.0,0.0,0.0,0.0,0.0,0.0,3.200529086219102,3.207273886323224,3.224098260786797,3.2592559936551124,3.277064759354593,3.2860710527960517,3.2906214586584213,3.292919988658674,3.2940813814984145,3.294668422388294,3.294964836765129,3.2951133094292735,3.2951849538973508,3.2952139070291606,3.2952139070179594,3.2951849538974862,3.295113309467822,3.294964836794421,3.294668422368216,3.29408138146633,3.292919988659964,3.2906214586781894,3.2860710528136847,3.277064759360028,3.259255993671047,3.22409826077905,3.2072738862945633,3.2005290862084235,0.0,0.0,0.0,0.0,0.0,0.0,0.0,0.0,0.0,0.0,0.0,0.0
0.0,0.0,0.0,0.0,0.0,0.0,0.0,0.0,0.0,0.0,0.0,0.0,3.1997861929557048,3.2065997615425714,3.22354606545762,3.258850246281956,3.276794141097624,3.285903740681123,3.290523732052207,3.29286523069429,3.294051588202747,3.29465251368609,3.294956398350203,3.295108765409629,3.2951823327105574,3.2952120716207816,3.295212071620382,3.295182332722848,3.2951087654366598,3.2949563983539987,3.294652513649736,3.294051588169967,3.2928652306839687,3.2905237320402345,3.285903740700046,3.276794141151282,3.258850246341571,3.2235460654944648,3.206599761571491,3.1997861929954157,0.0,0.0,0.0,0.0,0.0,0.0,0.0,0.0,0.0,0.0,0.0,0.0
0.0,0.0,0.0,0.0,0.0,0.0,0.0,0.0,0.0,0.0,0.0,0.0,3.1997861929163967,3.2065997614966606,3.2235460654275494,3.258850246263474,3.2767941410885406,3.285903740690323,3.290523732043579,3.2928652307027035,3.294051588185246,3.29465251365141,3.294956398336184,3.2951087654082305,3.2951823327011405,3.2952120716098263,3.295212071617086,3.295182332715417,3.2951087654193807,3.2949563983449206,3.294652513653753,3.2940515881660493,3.2928652306805946,3.290523732054956,3.285903740717954,3.276794141169806,3.258850246347092,3.2235460655046784,3.2065997615866686,3.1997861930085394,0.0,0.0,0.0,0.0,0.0,0.0,0.0,0.0,0.0,0.0,0.0,0.0
0.0,0.0,0.0,0.0,0.0,0.0,0.0,0.0,0.0,0.0,0.0,0.0,3.200529086104309,3.207273886190304,3.2240982606997615,3.259255993605989,3.2770647593386997,3.2860710528076593,3.2906214586763936,3.2929199886379714,3.294081381436697,3.2946684223401057,3.2949648367619933,3.2951133094295026,3.2951849538634423,3.29521390699149,3.295213907003332,3.2951849538717486,3.295113309409846,3.294964836746806,3.2946684223630514,3.2940813814718686,3.2929199886524896,3.2906214586836713,3.2860710528616757,3.2770647594126525,3.259255993689138,3.2240982608027156,3.2072738863379415,3.20052908625062,0.0,0.0,0.0,0.0,0.0,0.0,0.0,0.0,0.0,0.0,0.0,0.0
0.0,0.0,0.0,0.0,0.0,0.0,0.0,0.0,0.0,0.0,0.0,0.0,3.2024193432892067,3.2089798167271404,3.2254763865475735,3.260238253174563,3.277695906335724,3.2864473138614483,3.290834295434722,3.2930360971817483,3.294143205241497,3.2947008750559,3.2949818220404543,3.2951223609988354,3.2951901334581857,3.2952175155694734,3.2952175155804366,3.2951901334507068,3.295122360939235,3.2949818219911284,3.2947008750773357,3.2941432052989508,3.2930360972179633,3.290834295480379,3.2864473139332895,3.27769590638928,3.2602382532324876,3.2254763866537215,3.208979816911407,3.202419343480554,0.0,0.0,0.0,0.0,0.0,0.0,0.0,0.0,0.0,0.0,0.0,0.0
0.0,0.0,0.0,0.0,0.0,0.0,0.0,0.0,0.0,0.0,0.0,0.0,3.2064990311772643,3.2126350071683873,3.2283733897302866,3.2621947682852697,3.2788765414727696,3.287111304972652,3.2911917867949207,3.2932234707894255,3.2942398759249425,3.294750392335575,3.29500725582519,3.2951357213488595,3.2951976965461256,3.295222749765719,3.295222749770546,3.295197696522386,3.2951357212713472,3.2950072557638777,3.2947503923533903,3.2942398759750127,3.293223470820382,3.291191786850351,3.2871113050802707,3.2788765415511314,3.2621947682902266,3.2283733898080627,3.2126350073470884,3.2064990313821506,0.0,0.0,0.0,0.0,0.0,0.0,0.0,0.0,0.0,0.0,0.0,0.0
0.0,0.0,0.0,0.0,0.0,0.0,0.0,0.0,0.0,0.0,0.0,0.0,3.215053755762894,3.2202408605228063,3.2342928017911152,3.265847578350729,3.2808846797163995,3.288155425834943,3.2917202430994363,3.293487667821723,3.294371416205968,3.2948160051759565,3.295040300703665,3.2951528313779086,3.295207283567876,3.295229345357814,3.2952293453629333,3.295207283551336,3.295152831316743,3.2950403006529045,3.294816005191965,3.294371416254418,3.293487667853693,3.291720243143691,3.2881554259312864,3.280884679819725,3.2658475783881196,3.2342928018039916,3.2202408606466646,3.2150537559251298,0.0,0.0,0.0,0.0,0.0,0.0,0.0,0.0,0.0,0.0,0.0,0.0
0.0,0.0,0.0,0.0,0.0,0.0,0.0,0.0,0.0,0.0,0.0,0.0,3.2329562608055493,3.23602605699174,3.2465284205205167,3.272244617929627,3.283962586091513,3.289611438683327,3.2924106398451465,3.29381767457663,3.2945306997341004,3.294893763717374,3.295078886872855,3.295172615587422,3.2952183044629373,3.295236907822601,3.295236907831136,3.2952183044666734,3.2951726155614884,3.2950788868462486,3.2948937637306352,3.2945306997792754,3.2938176746195937,3.2924106398893263,3.2896114387563893,3.2839625861811497,3.2722446179987577,3.2465284205532243,3.2360260570241106,3.2329562608874154,0.0,0.0,0.0,0.0,0.0,0.0,0.0,0.0,0.0,0.0,0.0,0.0
3.29528534432164,3.295283776024597,3.295278286389083,3.2952660851727855,3.295240802355008,3.295188794238014,3.295080914628993,3.2948540046315378,3.294367969647581,3.293301639915336,3.290883965719973,3.2851417523169033,3.2705770229007705,3.2687152052336677,3.2729919327537464,3.2818366597607955,3.2878478835484444,3.291299940517043,3.293176971179417,3.2941753456143577,3.294701015630353,3.294976275123885,3.2951196787145776,3.2951935182116547,3.295229973804472,3.2952449407620223,3.295244940766007,3.2952299738129924,3.295193518216846,3.295119678712252,3.294976275128192,3.294701015659719,3.2941753456664395,3.293176971237037,3.291299940579459,3.287847883625222,3.281836659840308,3.272991932797314,3.26871520523452,3.270577022907787,3.285141752334532,3.2908839657581375,3.293301639942962,3.294367969656238,3.294854004638871,3.2950809146515367,3.2951887942591367,3.295240802333457,3.2952660851039295,3.2952782863316146,3.295283775938097,3.2952853442394914
3.295285803572658,3.29528434794424,3.295279275618601,3.2952680980142386,3.295245221882502,3.295198948443206,3.295105135901543,3.2949140866717146,3.2945240093052726,3.2937302978770138,3.292144814487756,3.2891593617401966,3.284554069375519,3.283321566014381,3.2848594955773747,3.2881028133403247,3.2908783912753945,3.2927391481192827,3.293861941985289,3.2945040811124993,3.294860437808289,3.295054562334957,3.2951588330837476,3.295213814508488,3.2952414468903255,3.2952529215261643,3.295252921517769,3.295241446884827,3.295213814524666,3.2951588330971,3.2950545623274174,3.2948604378154425,3.294504081165741,3.2938619420586455,3.292739148182021,3.290878391341921,3.2881028134059203,3.2848594956072583,3.283321565990473,3.28455406935669,3.2891593617625254,3.292144814496424,3.29373029789096,3.2945240093067985,3.2949140866760427,3.295105135941281,3.2951989485053357,3.2952452219076753,3.2952680979758804,3.295279275548058,3.2952843478772365,3.2952858035213684
3.2952866509998406,3.295285392037572,3.2952810411409024,3.295271600857744,3.2952527009474686,3.29521555769611,3.2951430208289194,3.295002401071123,3.2947337300125032,3.2942349303468825,3.2933596084387995,3.2919922295233106,3.290377796873532,3.289803675698493,3.2903439610060135,3.291585075328637,3.292822106749944,3.2937608438018198,3.294384092599182,3.294767747688098,3.2949932041628673,3.2951216985283844,3.2951932489162763,3.295232069489186,3.295252004344131,3.295260397628183,3.2952603976083434,3.295252004320793,3.295232069500237,3.29519324893164,3.2951216985115344,3.294993204151551,3.2947677477341606,3.294384092680633,3.2937608438655928,3.292822106789797,3.291585075369413,3.290343961024381,3.28980367568147,3.2903777968519172,3.291992229525502,3.2933596085000345,3.294234930380558,3.2947337300356216,3.2950024010916077,3.2951430208650363,3.2952155577411437,3.2952527009637396,3.2952716008305916,3.2952810411001865,3.295285392005528,3.2952866509329275
3.2952877704555874,3.2952867490842452,3.295283257307971,3.295275833199938,3.2952613835929054,3.295233986741605,3.295182813297911,3.2950889548777074,3.2949216802546557,3.2946373247913825,3.294191145132134,3.2935851280394584,3.2929736288185976,3.2927263249487146,3.292918772471839,3.2934093227036243,3.2939549632093987,3.294411880161057,3.294741490041221,3.2949588019053726,3.2950939325481245,3.2951746225771075,3.2952213119905354,3.2952474437492905,3.295261185046988,3.295267059852125,3.2952670598308664,3.2952611850153977,3.295247443746632,3.2952213119928677,3.29517462255177,3.2950939325267927,3.294958801940381,3.294741490114466,3.294411880214797,3.2939549632349583,3.293409322738944,3.2929187725149327,3.292726324969199,3.2929736288161355,3.2935851280417787,3.2941911451757595,3.2946373248872054,3.294921680307112,3.295088954895956,3.295182813309972,3.2952339867519354,3.2952613835900806,3.2952758331753613,3.295283257278891,3.2952867490570514,3.2952877704317527
3.295289037573464,3.295288253807013,3.2952856075679247,3.2952801099114173,3.2952697437075993,3.2952508450022346,3.29521716395452,3.295158744115143,3.295061324260503,3.2949082964452145,3.29468945196353,3.2944216651059754,3.294176674498591,3.2940713976883216,3.2941418805727514,3.2943410745577646,3.2945818434392464,3.2948000070299783,3.294968931128549,3.295087400992835,3.2951650961777905,3.2952136508215317,3.2952428504129196,3.295259722283096,3.2952688153826277,3.2952727654589395,3.2952727654436447,3.2952688153554823,3.295259722266094,3.2952428503954736,3.2952136507887824,3.2951650961529095,3.295087401009574,3.294968931182987,3.294800007077106,3.294581843483274,3.294341074616829,3.294141880651391,3.2940713977468765,3.294176674523101,3.29442166511891,3.2946894519791194,3.2949082964829235,3.2950613243096076,3.295158744148248,3.2952171639589802,3.2952508449969957,3.2952697437052425,3.2952801099140587,3.295285607559771,3.295288253771473,3.2952890375256887
3.2952903483770717,3.2952897744505143,3.295287862298124,3.2952839861653547,3.2952769166230564,3.295264537120906,3.295243483785739,3.2952088749222166,3.29515458511127,3.2950749944866917,3.2949695133781898,3.2948502087009035,3.294747882123445,3.294702543233974,3.2947291272067813,3.294811906669925,3.294918701033881,3.2950218538901908,3.2951066744776343,3.295169508191483,3.295212780974949,3.2952410145905686,3.295258640167533,3.295269149226482,3.2952749534850416,3.295277515358254,3.295277515350785,3.2952749534676866,3.2952691492046653,3.295258640136815,3.295241014548573,3.295212780940084,3.295169508194771,3.2951066745093294,3.2950218539352565,3.2949187010849563,3.2948119067511805,3.2947291273050108,3.2947025433050245,3.2947478821587866,3.294850208723372,3.2949695133889856,3.2950749944738096,3.295154585115466,3.2952088749389157,3.2952434838268703,3.295264537131588,3.295276916620138,3.2952839861811904,3.29528786230667,3.2952897744200835,3.2952903483268425
3.2952916331212454,3.295291228393943,3.2952898981404486,3.295287268320727,3.2952826306517977,3.295274828926918,3.295262150626111,3.295242335200981,3.295212926671952,3.2951723170560885,3.295121759002005,3.295067916322478,3.295023741547624,3.2950037901927933,3.295014038350247,3.2950491057365516,3.2950968016545104,3.2951453565696687,3.295187378855323,3.2952200453038114,3.295243562036819,3.295259532483518,3.295269861648797,3.295276208641269,3.2952797980754402,3.295281406994104,3.2952814069897984,3.295279798064101,3.2952762086201584,3.2952698616084004,3.2952595324271767,3.2952435619938343,3.29522004529237,3.295187378863455,3.2951453565770423,3.2950968016827,3.295049105813335,3.2950140384511006,3.295003790264997,3.2950237415805765,3.295067916348454,3.295121759033498,3.2951723170661418,3.2952129266614674,3.295242335214657,3.2952621506368542,3.295274828952593,3.295282630662523,3.295287268325772,3.2952898981383107,3.295291228358986,3.2952916330799096
3.2952928559346,3.29529257845024,3.295291678750362,3.295289943970536,3.2952869852140916,3.2952821997297153,3.295274755156161,3.2952636556903108,3.2952479865327544,3.2952274441301608,3.295203157336132,3.29517847252436,3.295158839140407,3.295149808738271,3.2951537742320984,3.2951688395501995,3.295190277255205,3.295213086900878,3.2952337142864927,3.2952504440558896,3.295262978619558,3.295271809879134,3.295277713298646,3.2952814451463257,3.2952836033868604,3.2952845850098704,3.2952845850022126,3.2952836033688038,3.295281445119923,3.2952777132539524,3.2952718098177547,3.295262978567829,3.2952504440235844,3.295233714259677,3.29521308686646,3.295190277244504,3.2951688395970615,3.2951537743208745,3.2951498088143945,3.2951588391782516,3.2951784725514064,3.2952031573778924,3.2952274441678338,3.295247986538648,3.2952636556877466,3.295274755163676,3.2952821997340407,3.2952869852402147,3.2952899439911527,3.295291678739751,3.295292578402569,3.2952928558683854
3.295294006635408,3.2952938198563424,3.295293222325077,3.295292098090442,3.2952902424521646,3.2952873538567307,3.295283044293165,3.2952768961404164,3.2952686016016193,3.295258209241934,3.2952464400246173,3.2952349052519776,3.2952259192084536,3.295221680360007,3.295223161422648,3.2952296738089837,3.2952393438532894,3.295250038386904,3.295260088175043,3.2952685511195616,3.2952751239180476,3.2952799129054617,3.2952832131477052,3.295285355043752,3.295286619816636,3.2952872029210085,3.2952872029102913,3.2952866197943007,3.295285355020283,3.2952832131144802,3.2952799128576835,3.295275123862231,3.295268551071774,3.2952600881281575,3.295250038337202,3.295239343815051,3.29522967380783,3.295223161466251,3.295221680422423,3.295225919256397,3.295234905279709,3.2952464400485004,3.2952582092658393,3.295268601610413,3.29527689613249,3.295283044304803,3.2952873538903518,3.2952902424984702,3.2952920981226623,3.295293222323515,3.2952938198146633,3.2952940065526866
3.2952950907131378,3.295294966031243,3.295294572203952,3.2952938485959553,3.295292691705086,3.29529095649355,3.2952884695604814,3.2952850656889625,3.2952806598486735,3.2952753553987906,3.2952695602117443,3.2952640363791423,3.295259780190416,3.2952576901984054,3.2952581705453015,3.2952609646544175,3.295265314999763,3.2952703051377883,3.2952751602753954,3.29527938952054,3.295282782804672,3.2952853319841404,3.295287138371951,3.2952883393988333,3.2952890622561606,3.295289399684301,3.2952893996851746,3.2952890622582776,3.295288339398746,3.295287138367427,3.295285331969992,3.2952827827769515,3.295279389475433,3.2952751602214243,3.295270305086372,3.2952653149491895,3.2952609646045077,3.295258170516809,3.2952576902093766,3.2952597802260573,3.2952640364081476,3.295269560224291,3.2952753554095775,3.295280659860958,3.295285065691281,3.295288469571728,3.2952909565423045,3.295292691761705,3.2952938486310215,3.295294572193288,3.2952949659972606,3.2952950906600798
3.295296120796735,3.2952960373263025,3.295295776812942,3.2952953088711947,3.295294583296313,3.2952935333022872,3.2952920851925214,3.2952901791773948,3.295287804239018,3.2952850437208787,3.295282116089235,3.2952793802834637,3.2952772723423807,3.2952761702527287,3.29527624648042,3.29527740387474,3.295279330851589,3.2952816304102717,3.2952839446904076,3.2952860254002934,3.295287745621874,3.2952890746705417,3.295290040744876,3.295290697325744,3.295291099378089,3.295291289175424,3.2952912891952413,3.2952910994159637,3.2952906973536784,3.2952900407700136,3.2952890747055865,3.295287745642078,3.295286025368806,3.295283944619475,3.2952816303422225,3.295279330795474,3.295277403807242,3.295276246404408,3.295276170206892,3.295277272344311,3.2952793803062472,3.2952821161090537,3.295285043744677,3.2952878042709175,3.295290179195909,3.2952920851903924,3.295293533315905,3.295294583333139,3.2952953088868,3.295295776790501,3.2952960372858375,3.2952961207629974
3.2952971107617084,3.2952970540849007,3.2952968791432626,3.2952965714543883,3.2952961079066547,3.2952954594333637,3.2952945970197405,3.2952935027284753,3.295292185831027,3.295290701396967,3.295289163787413,3.2952877430444207,3.2952866338670455,3.295285999986487,3.2952859174972917,3.2952863497178058,3.295287166800538,3.2952881953750595,3.295289270324886,3.295290268200682,3.2952911173219195,3.2952917907942343,3.2952922919238783,3.2952926393430406,3.2952928553805965,3.295292958385044,3.295292958412659,3.29529285543039,3.2952926393752215,3.2952922919556666,3.2952917908548507,3.2952911173743145,3.2952902681808314,3.29528927023656,3.2952881952843436,3.2952871667433885,3.295286349669652,3.2952859174357534,3.2952859999322435,3.29528663384342,3.2952877430426777,3.295289163794372,3.295290701420671,3.295292185872252,3.2952935027553965,3.2952945970072767,3.2952954594141834,3.295296107921504,3.295296571467766,3.2952968791139523,3.2952970540280746,3.295297110725639
3.2952980726952235,3.295298033260074,3.295297912743859,3.2952977047211007,3.295297399367222,3.2952969851690064,3.2952964523677952,3.2952957984841844,3.295295035539504,3.2952941973938428,3.2952933437837273,3.29529255651875,3.295291924797021,3.29529152198401,3.295291383180532,3.2952914951406274,3.2952918034242593,3.2952922318706857,3.2952927042552425,3.2952931598072626,3.2952935595465402,3.295293884957232,3.295294132507618,3.2952943072528744,3.295294417391429,3.295294470350838,3.295294470371983,3.295294417425404,3.2952943072637617,3.295294132518001,3.295293885001519,3.2952935595950548,3.295293159798263,3.2952927041805427,3.295292231785011,3.2952918033719425,3.295291495115214,3.295291383158978,3.295291521958874,3.295291924768011,3.2952925564828752,3.2952933437506498,3.295294197387838,3.295295035566907,3.295295798510861,3.2952964523616033,3.2952969851512526,3.2952973993834784,3.29529770475444,3.2952979127338846,3.295298033209135,3.295298072650295
3.2952990156791477,3.2952989873576968,3.295298901520765,3.2952987556705327,3.2952985462315074,3.2952982695570032,3.295297923761534,3.295297511370753,3.295297042473621,3.295296537493429,3.2952960281286807,3.295295554813898,3.295295159866916,3.2952948776288804,3.2952947253247173,3.295294698904086,3.295294775711869,3.295294922270138,3.295295103416602,3.295295289433551,3.2952954596056223,3.295295602409154,3.2952957135686507,3.29529579338531,3.295295844282301,3.295295868918883,3.295295868926985,3.295295844290653,3.295295793377262,3.295295713561443,3.295295602424691,3.295295459629891,3.2952952894324206,3.2952951033815947,3.2952949222220544,3.2952947756711177,3.2952946988769654,3.2952947253095433,3.2952948776147175,3.295295159835333,3.2952955547585825,3.2952960280711023,3.295296537469707,3.295297042491507,3.295297511396422,3.295297923762306,3.2952982695446824,3.2952985462423787,3.29529875570807,3.295298901547386,3.2952989873595353,3.2952990156734407
3.2952999457674426,3.295299924698008,3.2952998612490263,3.2952997547390757,3.295299604390935,3.2952994098968396,3.295299172311713,3.295298895282814,3.29529858639141,3.2952982581189154,3.295297927866265,3.295297616471631,3.295297345017876,3.2952971305634655,3.2952969822966334,3.2952968997616043,3.2952968738702686,3.2952968900710937,3.2952969322450443,3.2952969859722288,3.295297040425876,3.2952970888175237,3.295297127785903,3.2952971563215883,3.2952971747008237,3.295297183629314,3.2952971836256615,3.2952971746895874,3.295297156308511,3.29529712778268,3.295297088825891,3.295297040433052,3.2952969859691024,3.2952969322354004,3.2952968900577537,3.295296873846403,3.295296899726586,3.2952969822608966,3.2952971305313117,3.295297344976658,3.2952976164145933,3.295297927816002,3.2952982581055745,3.295298586414209,3.2952988953069005,3.295299172310227,3.295299409877795,3.2952996043790064,3.2952997547547036,3.295299861298786,3.295299924771125,3.295299945843489
3.2953008664705,3.2953008502424925,3.2953008015871355,3.295300720605728,3.2953006076922757,3.295300463821929,3.2953002909415035,3.2953000925209555,3.2952998741072745,3.2952996436048125,3.2952994110789993,3.2952991879298024,3.295298985393287,3.2952988126401443,3.295298675096567,3.2952985736590974,3.295298505077142,3.2952984632644866,3.295298440978823,3.2952984313273306,3.2952984287562397,3.295298429420107,3.29529843104493,3.295298432525752,3.295298433488386,3.2952984339243088,3.295298433913798,3.29529843346436,3.2952984325067285,3.295298431045256,3.2952984294342667,3.2952984287638882,3.2952984313186144,3.295298440965787,3.2952984632587166,3.2952985050702113,3.295298573636365,3.2952986750597417,3.2952988125985176,3.295298985346065,3.295299187874986,3.2952994110346188,3.295299643594587,3.2952998741263,3.2953000925406055,3.2953002909449363,3.2953004638138683,3.2953006076811633,3.2953007206105345,3.2953008016404306,3.295300850353863,3.2953008666066483
3.2953017793794324,3.295301766491255,3.295301727936238,3.2953016641141155,3.2953015758454147,3.29530146449288,3.295301332103107,3.29530118163316,3.295301017170942,3.2953008439751232,3.295300668271846,3.2953004967949733,3.295300336067547,3.2953001915176503,3.2953000667118038,3.2952999629907382,3.2952998796173754,3.295299814318419,3.2952997640124426,3.295299725516285,3.295299696066947,3.295299673575964,3.2952996566367716,3.2952996443921343,3.2952996363804172,3.295299632399058,3.2952996323874575,3.295299636351012,3.29529964436091,3.2952996566237065,3.295299673585978,3.295299696081303,3.295299725514479,3.295299763997408,3.2952998143089274,3.2952998796176747,3.2952999629850064,3.295300066690376,3.295300191486369,3.29530033602845,3.295300496744978,3.2953006682229296,3.295300843951121,3.2953010171768633,3.2953011816531474,3.2953013321269986,3.2953014645195777,3.2953015758698037,3.295301664140859,3.295301727994172,3.2953017666038,3.295301779523187
3.2953026847598577,3.2953026742624383,3.2953026428809724,3.295302591097729,3.295302519822903,3.2953024304377583,3.2953023248166473,3.2953022053968994,3.295302075258647,3.295301938098968,3.29530179806505,3.2953016594912388,3.2953015265360905,3.2953014027558143,3.295301290727504,3.295301191871485,3.2953011065105757,3.295301034095314,3.295300973510034,3.2953009234056054,3.2953008824911802,3.2953008497064826,3.295300824253723,3.295300805562491,3.2953007932575504,3.295300787137558,3.295300787128666,3.2953007932339022,3.2953008055337727,3.295300824234328,3.2953008497072065,3.2953008825077847,3.295300923421314,3.2953009735147387,3.2953010340933706,3.2953011065046476,3.2953011918553985,3.2953012907003854,3.2953014027279237,3.29530152651142,3.2953016594616886,3.2953017980320007,3.2953019380809563,3.2953020752691193,3.2953022054293575,3.295302324860008,3.2953024304874172,3.295302519875766,3.29530259115501,3.2953026429585464,3.2953026743745775,3.2953026848880453
3.295303582053208,3.295303573325719,3.2953035472475736,3.2953035042970713,3.2953034453331056,3.2953033716129916,3.2953032847667045,3.2953031867878466,3.2953030800602305,3.295302967325356,3.2953028515575444,3.2953027357847606,3.295302622900467,3.2953025154541944,3.295302415451465,3.2953023242499846,3.295302242586968,3.295302170679694,3.295302108347222,3.2953020551567858,3.2953020105933613,3.295301974187334,3.2953019455485375,3.2953019243466923,3.295301910323109,3.2953019033281463,3.2953019033190043,3.2953019103082077,3.2953019243438986,3.295301945556756,3.2953019741967404,3.295302010606318,3.295302055180061,3.295302108373678,3.2953021706907517,3.2953022425707927,3.295302324209701,3.2953024154027313,3.2953025154170024,3.295302622884804,3.2953027357853157,3.295302851565021,3.295302967340677,3.2953030800913456,3.2953031868354947,3.2953032848216326,3.2953033716692754,3.295303445394112,3.2953035043748136,3.2953035473498735,3.2953035734455804,3.2953035821675427
3.2953044702461525,3.2953044628719548,3.295304440859798,3.2953044046549897,3.295304355020413,3.295304293051305,3.295304220133748,3.2953041378989107,3.2953040482325227,3.2953039532633204,3.2953038552609843,3.2953037564945262,3.295303659123826,3.2953035651073654,3.2953034760921467,3.295303393330939,3.2953033176859905,3.295303249692034,3.295303189606991,3.295303137460522,3.2953030931478744,3.295303056533189,3.295303027487352,3.2953030058676007,3.295302991521529,3.2953029843478783,3.2953029843320687,3.295302991504695,3.2953030058910158,3.295303027537023,3.295303056565678,3.295303093156423,3.2953031374736312,3.2953031896334526,3.295303249706934,3.2953033176698208,3.2953033932928277,3.2953034760507363,3.295303565073847,3.295303659110702,3.2953037565109873,3.2953038552978113,3.29530395330156,3.295304048269611,3.295304137950278,3.2953042202067007,3.295304293134594,3.2953043551060124,3.2953044047534576,3.2953044409759373,3.295304462986283,3.2953044703368946
3.295305348105022,3.2953053418033202,3.2953053230163287,3.2953052921421326,3.295305249842873,3.2953051970588465,3.2953051349611937,3.295305064893747,3.2953049883765715,3.2953049071142986,3.295304822917508,3.2953047375772293,3.295304652790437,3.2953045701338692,3.2953044910080282,3.295304416557241,3.2953043476515447,3.29530428493215,3.295304228846362,3.2953041796570974,3.2953041374781327,3.2953041023548657,3.2953040743165083,3.2953040533585303,3.295304039424337,3.29530403245092,3.295304032431464,3.295304039403425,3.2953040533876927,3.295304074379255,3.295304102394228,3.2953041374805685,3.295304179658288,3.2953042288635253,3.2953042849446783,3.295304347648132,3.2953044165529963,3.295304491008079,3.2953045701256785,3.2953046527795955,3.2953047375916564,3.295304822960006,3.2953049071537057,3.2953049884022443,3.2953050649405435,3.2953051350597904,3.2953051971911043,3.295305249973345,3.295305292263689,3.2953053231312515,3.2953053418953764,3.295305348160537
3.295306214324394,3.2953062089002443,3.2953061927490817,3.2953061662138263,3.295306129859844,3.2953060844859343,3.2953060310848334,3.295305970779907,3.2953059048227025,3.295305834605818,3.295305761610467,3.295305687300244,3.29530561305966,3.2953055401943536,3.295305469911623,3.295305403253804,3.2953053410566477,3.2953052839755608,3.2953052325261627,3.29530518708078,3.2953051478707995,3.2953051150379458,3.2953050886954336,3.295305068930051,3.2953050557686803,3.2953050491891847,3.295305049179409,3.2953050557626105,3.2953050689563015,3.295305088736089,3.295305115053256,3.2953051478612863,3.2953051870805083,3.295305232545595,3.295305283994167,3.2953053410699833,3.2953054032804823,3.295305469947942,3.2953055402117766,3.2953056130585807,3.295305687317877,3.295305761659586,3.2953058346519675,3.2953059048488345,3.295305970827841,3.2953060311966444,3.295306084642035,3.2953061300095827,3.295306166338492,3.295306192853005,3.2953062089753358,3.295306214360675
3.2953070676327436,3.2953070629399983,3.2953070489851766,3.295307026061111,3.2953069946422437,3.2953069553989778,3.2953069091703506,3.295306856912575,3.2953067996782086,3.2953067386221293,3.2953066749718105,3.2953066099522097,3.295306544727763,3.2953064804013077,3.2953064180143823,3.295306358504359,3.2953063026555927,3.295306251105381,3.2953062043772134,3.295306162888001,3.295306126931687,3.295306096703518,3.2953060723560372,3.2953060540231567,3.29530604179135,3.295306035682946,3.295306035689895,3.295306041812457,3.2953060540516956,3.295306072369731,3.2953060966887002,3.2953061269076946,3.295306162887542,3.2953062044044947,3.295306251137668,3.2953063026848826,3.295306358543473,3.295306418062342,3.295306480437029,3.2953065447499488,3.295306609989304,3.2953066750342925,3.295306738681936,3.2953067997201435,3.295306856969802,3.2953069092772576,3.2953069555372227,3.2953069947683793,3.2953070261623805,3.295307049073566,3.295307063012452,3.295307067675192
3.2953079068516544,3.295307902776325,3.2953078906702817,3.295307870788397,3.295307843527652,3.2953078094452386,3.29530776925034,3.295307723762498,3.2953076738797256,3.295307620568845,3.2953075648549346,3.2953075077788117,3.2953074503467756,3.295307393508009,3.295307338160904,3.2953072851358773,3.2953072351552093,3.2953071888210466,3.295307146640978,3.295307109037137,3.2953070763334136,3.2953070487590685,3.2953070264888806,3.29530700967278,3.2953069984257515,3.2953069928042855,3.295306992815744,3.295306998453285,3.2953070096975474,3.2953070264924693,3.295307048737105,3.295307076303975,3.2953071090279558,3.295307146662883,3.2953071888626266,3.2953072352024133,3.295307285188174,3.295307338219915,3.29530739356723,3.2953074504024427,3.2953075078354974,3.295307564912083,3.2953076206172405,3.295307673922905,3.295307723826547,3.2953077693502397,3.295307809559147,3.2953078436225165,3.295307870863369,3.2953078907429556,3.295307902845904,3.295307906904212
3.295308730906754,3.2953087273596893,3.295308716826944,3.295308699528175,3.2953086757961896,3.295308646100004,3.295308611043225,3.295308571331051,3.295308527730662,3.29530848105555,3.2953084321668538,3.2953083819588547,3.295308331310305,3.29530828105148,3.295308231964228,3.2953081847785097,3.2953081401484297,3.2953080986352523,3.2953080607166023,3.2953080267991415,3.295307997211595,3.2953079722031773,3.2953079519659414,3.2953079366592837,3.295307926404079,3.295307921266551,3.295307921268331,3.295307926409273,3.2953079366659246,3.295307951967885,3.2953079721933656,3.2953079971902777,3.2953080267810924,3.2953080607247416,3.2953080986787677,3.295308140216344,3.295308184855841,3.295308232046719,3.295308281139114,3.2953083313934135,3.2953083820202274,3.29530843219697,3.2953084810662765,3.2953085277527614,3.2953085713903842,3.295308611138596,3.295308646200443,3.2953086758737795,3.2953086995864935,3.295308716887112,3.295308727422479,3.2953087309599334
3.295309538821055,3.2953095357319944,3.2953095265519585,3.295309511466015,3.2953094907508174,3.2953094648062216,3.2953094341561555,3.2953093994089895,3.295309361217795,3.2953093202704977,3.295309277301191,3.2953092330806344,3.2953091883765193,3.2953091439174935,3.295309100386799,3.2953090584288818,3.2953090186333895,3.2953089815165844,3.295308947523531,3.295308917036918,3.295308890373342,3.295308867783616,3.2953088494715455,3.295308835606715,3.2953088263130823,3.295308821654683,3.2953088216513886,3.295308826304845,3.295308835599101,3.295308849468775,3.295308867782133,3.295308890364962,3.2953089170256247,3.2953089475306503,3.295308981562431,3.295309018714587,3.2953090585246296,3.2953091004845585,3.2953091440170117,3.2953091884678116,3.2953092331379543,3.295309277311924,3.295309320256937,3.295309361221082,3.2953093994544886,3.2953094342335296,3.295309464882399,3.2953094908030387,3.2953095115058,3.2953095266023045,3.2953095357923,3.295309538876709
3.295310329724495,3.2953103270303137,3.295310319015221,3.2953103058364204,3.2953102877212896,3.295310265011948,3.2953102381660404,3.2953102077095724,3.2953101741968926,3.295310138214308,3.2953101003968404,3.2953100614164352,3.2953100219427345,3.2953099826090466,3.2953099440136624,3.295309906725941,3.295309871275762,3.295309838134882,3.2953098077155984,3.2953097803764706,3.2953097564185967,3.29530973608293,3.295309719568123,3.295309707047618,3.295309698653822,3.2953096944549074,3.295309694461911,3.2953096986660624,3.295309707050993,3.295309719563235,3.2953097360808563,3.2953097564244556,3.295309780387481,3.2953098077380965,3.2953098381837878,3.2953098713534303,3.2953099068160236,3.29530994410294,3.2953099826972254,3.2953100220238025,3.2953100614691757,3.2953101004077188,3.2953101382019754,3.295310174196181,3.295310207738502,3.2953102382110697,3.295310265045109,3.295310287733993,3.2953103058499273,3.295310319053561,3.29531032708751,3.2953103297843565
3.2953111028519055,3.2953111004970284,3.295311093480083,3.2953110819431726,3.2953110660784657,3.2953110461763244,3.295311022633995,3.295310995905498,3.2953109664611056,3.2953109348028846,3.2953109014842275,3.295310867095292,3.295310832221375,3.2953107974161076,3.2953107632016065,3.2953107300811197,3.2953106985298866,3.2953106689742935,3.29531064178893,3.2953106173091866,3.295310595825049,3.2953105775682388,3.2953105627229626,3.295310551449409,3.295310543882487,3.2953105401019176,3.2953105401226805,3.295310543924231,3.295310551477102,3.295310562729971,3.2953105775771374,3.295310595850734,3.295310617344361,3.295310641825464,3.295310669020737,3.295310698593429,3.295310730152818,3.295310763270407,3.2953107974820597,3.2953108322816567,3.2953108671333795,3.295310901489941,3.295310934789867,3.2953109664560833,3.2953109959191558,3.2953110226522027,3.2953110461783286,3.29531106606497,3.295311081938003,3.295311093500446,3.2953111005339393,3.2953111029007545
3.295311857525971,3.295311855463932,3.295311849305967,3.295311839182552,3.295311825265695,3.2953118078030603,3.295311787134397,3.2953117636510787,3.295311737759256,3.2953117098906146,3.2953116805226896,3.295311650168157,3.295311619340933,3.295311588527891,3.295311558190361,3.2953115287763395,3.2953115007135523,3.2953114743848078,3.2953114501244536,3.2953114282355895,3.295311408995699,3.2953113926349356,3.295311379326521,3.295311369210024,3.2953113624074106,3.2953113590033407,3.2953113590255487,3.295311362454772,3.2953113692517113,3.295311379357727,3.2953113926735345,3.295311409047465,3.295311428285279,3.2953114501651903,3.295311474428288,3.295311500768675,3.2953115288334573,3.29531155823679,3.2953115885632953,3.295311619366082,3.295311650174617,3.2953116805058333,3.2953117098642206,3.2953117377433587,3.2953117636518363,3.295311787139499,3.2953118077981483,3.295311825251954,3.2953118391726592,3.2953118493045994,3.295311855466422,3.2953118575465057
3.2953125931363827,3.2953125913302004,3.2953125859207715,3.295312577025122,3.2953125648019808,3.295312549462034,3.2953125312906453,3.295312510629351,3.2953124878385704,3.295312463295123,3.2953124374076883,3.2953124106139082,3.2953123833586306,3.2953123560719524,3.295312329163991,3.295312303036229,3.295312278077303,3.2953122546375853,3.295312233015127,3.2953122134766115,3.2953121962747054,3.295312181631887,3.295312169719451,3.2953121606654228,3.295312154572885,3.2953121515186683,3.295312151534706,3.295312154610942,3.2953121607101385,3.2953121697721666,3.2953121816989865,3.2953121963462997,3.2953122135358788,3.295312233062153,3.2953122546876794,3.2953122781318913,3.2953123030758515,3.2953123291741284,3.295312356059037,3.2953123833359554,3.295312410586436,3.2953124373764684,3.2953124632655992,3.2953124878176956,3.2953125106161925,3.2953125312781735,3.2953125494466344,3.295312564787338,3.295312577011218,3.295312585900367,3.29531259130612,3.295312593135836
3.29531330914299,3.2953133075570316,3.2953133028046784,3.295313294987178,3.2953132842486568,3.295313270764739,3.295313254772196,3.2953132365702675,3.295313216484028,3.2953131948491943,3.2953131720172437,3.2953131483611657,3.295313124265597,3.2953131001071103,3.295313076247614,3.295313053042635,3.295313030842393,3.295313009971765,3.2953129907093697,3.29531297329415,3.2953129579452516,3.2953129448631056,3.2953129342120002,3.2953129261160283,3.295312920671213,3.295312917944278,3.295312917961691,3.29531292071226,3.295312926165454,3.295312934270563,3.2953129449363505,3.2953129580247813,3.295312973366266,3.295312990772909,3.295313010030383,3.2953130308846434,3.2953130530463164,3.2953130762066487,3.2953131000417666,3.295313124205156,3.295313148320313,3.2953131719931203,3.2953131948319156,3.2953132164618135,3.2953132365348616,3.2953132547246162,3.295313270717336,3.295313284214842,3.295313294962049,3.2953133027745642,3.295313307528464,3.295313309145328
3.2953140050769174,3.2953140036795276,3.295313999500952,3.2953139926308594,3.295313983196228,3.295313971340874,3.2953139572606895,3.2953139412176764,3.29531392350443,3.2953139044154964,3.2953138842549192,3.295313863347975,3.295313842033449,3.295313820645672,3.2953137995040387,3.2953137789147773,3.2953137591820143,3.2953137406010993,3.2953137234386563,3.2953137079213812,3.295313694245486,3.295313682582814,3.295313673076305,3.2953136658408098,3.2953136609721114,3.295313658538437,3.295313658562456,3.2953136610253275,3.295313665893167,3.2953136731241477,3.295313682643464,3.2953136943253765,3.2953137080070527,3.295313723512696,3.2953137406495414,3.295313759190868,3.29531377887588,3.2953137994272383,3.2953138205597416,3.2953138419660823,3.2953138633084955,3.2953138842321623,3.295313904390451,3.295313923463073,3.2953139411529366,3.295313957177676,3.2953139712614736,3.2953139831425178,3.2953139926000112,3.29531399947589,3.2953140036642576,3.295314005096951
3.295314680533441,3.295314679299351,3.29531467562219,3.29531466958046,3.295314661284569,3.2953146508527897,3.2953146384500123,3.2953146243097753,3.295314608691546,3.2953145918472213,3.2953145740342653,3.295314555536751,3.2953145366599945,3.295314517711052,3.295314498976806,3.295314480723204,3.2953144632068114,3.295314446684429,3.2953144314014744,3.2953144175754603,3.2953144053920282,3.2953143950060895,3.2953143865381334,3.295314380083787,3.295314375728766,3.2953143735468298,3.2953143735694757,3.295314375776195,3.295314380123144,3.295314386567461,3.2953143950504766,3.295314405464514,3.295314417657958,3.2953144314633036,3.295314446705517,3.2953144631839817,3.295314480666086,3.2953144989032728,3.2953145176401564,3.2953145366026537,3.2953145554873324,3.295314573978915,3.295314591779039,3.295314608613734,3.2953146242232827,3.295314638354096,3.295314650763093,3.2953146612273305,3.295314669558674,3.2953146756167166,3.295314679307668,3.2953146805734708
3.2953153351516917,3.295315334065094,3.2953153308308862,3.2953153255132324,3.295315318208858,3.2953153090173752,3.29531529808023,3.295315285607283,3.2953152718322203,3.2953152569708664,3.295315241236956,3.2953152248715463,3.295315208148269,3.2953151913476453,3.29531517473323,3.2953151585424805,3.2953151429996073,3.2953151283278608,3.2953151147419013,3.295315102435876,3.295315091582093,3.2953150823287176,3.295315074790109,3.2953150690444484,3.295315065158355,3.295315063198325,3.2953150632075516,3.295315065177003,3.2953150690584363,3.295315074802078,3.2953150823557484,3.2953150916309526,3.295315102491165,3.295315114777857,3.2953151283298103,3.2953151429707526,3.295315158494947,3.2953151746784735,3.295315191291541,3.29531520808745,3.295315224795161,3.2953152411380553,3.2953152568615094,3.2953152717319254,3.2953152855177743,3.295315297987942,3.295315308928589,3.2953153181542745,3.2953153255037155,3.295315330849823,3.295315334103837,3.2953153352155806
3.2953159686099807,3.2953159676584862,3.2953159648171515,3.295315960133825,3.295315953695585,3.2953159455904193,3.295315935937994,3.2953159249220367,3.295315912754686,3.295315899630625,3.295315885731221,3.2953158712613773,3.295315856458843,3.2953158415726738,3.295315826836388,3.295315812463152,3.295315798659675,3.29531578563054,3.295315773567116,3.295315762634433,3.2953157529769053,3.2953157447300527,3.295315738009887,3.2953157328958094,3.2953157294379953,3.2953157276849447,3.295315727680388,3.295315729429112,3.2953157328902956,3.2953157380088114,3.295315744732563,3.2953157529878525,3.2953157626546905,3.2953157735850382,3.2953157856302666,3.2953157986355213,3.2953158124206983,3.295315826782521,3.295315841509529,3.2953158563828753,3.2953158711660717,3.2953158856187614,3.2953158995188083,3.2953159126612044,3.295315924839718,3.2953159358467383,3.2953159454981327,3.29531595363792,3.295315960128701,3.295315964852797,3.2953159677251085,3.295315968699317
3.2953165806251574,3.2953165797946014,3.2953165772982063,3.295316573168718,3.295316567487264,3.2953165603381294,3.2953165518214527,3.2953165420885595,3.2953165313285795,3.295316519720403,3.295316507427125,3.295316494627969,3.2953164815318967,3.2953164683550993,3.2953164552977046,3.295316442545538,3.295316430283679,3.2953164187035626,3.295316407985996,3.2953163982795526,3.2953163897011435,3.2953163823597746,3.2953163763649216,3.295316371803528,3.2953163687263194,3.295316367167029,3.2953163671572443,3.295316368708478,3.295316371791124,3.295316376350609,3.2953163823336555,3.2953163896760955,3.2953163982753897,3.295316407995326,3.295316418697274,3.295316430246917,3.2953164424882506,3.295316455234034,3.2953164682870177,3.29531648145308,3.295316494534805,3.2953165073272745,3.2953165196297802,3.295316531253643,3.295316542013228,3.2953165517303287,3.295316560247751,3.295316567432966,3.2953165731654743,3.2953165773387036,3.2953165798730124,3.2953165807265616
3.2953171709473614,3.2953171702216957,3.2953171680244253,3.295317164377377,3.295317159356243,3.2953171530452923,3.2953171455294425,3.2953171369317746,3.2953171274167414,3.295317117146415,3.2953171062671403,3.2953170949373294,3.2953170833412897,3.295317071670248,3.295317060101996,3.2953170487993235,3.2953170379223824,3.295317027636043,3.295317018106782,3.2953170094793958,3.295317001861636,3.295316995338769,3.2953169899983137,3.295316985925635,3.295316983180439,3.2953169817932837,3.2953169817842314,3.295316983162508,3.2953169859070153,3.295316989967496,3.295316995288908,3.2953170018147686,3.2953170094594646,3.295317018100823,3.2953170276093173,3.295317037864217,3.295317048732164,3.295317060044756,3.2953170716153557,3.2953170832697753,3.2953170948465993,3.295317106175368,3.2953171170740894,3.295317127361683,3.295317136871243,3.2953171454532204,3.2953171529758087,3.2953171593218786,3.295317164382795,3.2953171680635296,3.2953171702933837,3.295317171036092
3.2953177393516078,3.295317738713589,3.2953177367744555,3.295317733550434,3.295317729110956,3.295317723534547,3.2953177168932215,3.2953177092900643,3.295317700871362,3.2953176917875417,3.295317682169235,3.295317672149123,3.295317661880969,3.295317651530994,3.2953176412641665,3.2953176312382197,3.2953176215967743,3.2953176124747894,3.295317604008545,3.2953175963333936,3.2953175895607307,3.295317583769339,3.295317579024559,3.2953175753961603,3.2953175729452022,3.2953175717070886,3.295317571697642,3.295317572922036,3.2953175753636854,3.2953175789777998,3.2953175837088757,3.2953175895039224,3.2953175962945407,3.2953176039773115,3.2953176124294536,3.295317621536643,3.295317631182433,3.2953176412206453,3.295317651480897,3.2953176618042925,3.295317672053663,3.295317682088379,3.295317691744294,3.295317700850652,3.2953177092584123,3.2953177168426455,3.295317723491953,3.295317729100215,3.2953177335686052,3.2953177368119104,3.2953177387689876,3.2953177394102093
3.2953182856332877,3.295318285067398,3.2953182833496704,3.295318280497607,3.2953182765751756,3.295318271650844,3.295318265781209,3.2953182590466334,3.2953182515811195,3.2953182435337225,3.2953182350302153,3.2953182261801133,3.2953182171020963,3.295318207931798,3.2953181988169105,3.29531818990875,3.2953181813494203,3.295318173259111,3.2953181657459574,3.29531815892121,3.2953181528940947,3.2953181477479165,3.295318143539379,3.2953181403185754,3.2953181381363863,3.295318137030961,3.2953181370196654,3.295318138104741,3.2953181402728124,3.2953181434858743,3.2953181476901197,3.295318152833526,3.295318158860597,3.295318165688823,3.295318173207597,3.2953181813019943,3.295318189862665,3.2953181987656754,3.2953182078653174,3.2953182170191115,3.295318226103581,3.295318234995071,3.2953182435467228,3.2953182516061905,3.2953182590414882,3.2953182657467552,3.295318271624866,3.2953182765808267,3.295318280524841,3.295318283382879,3.2953182851014677,3.295318285655963
3.2953188096094213,3.2953188091039642,3.295318807578659,3.2953188050511293,3.295318801581498,3.295318797236153,3.295318792057315,3.2953187860986786,3.2953187794725003,3.2953187723272555,3.29531876479003,3.2953187569576246,3.2953187489283517,3.295318740816639,3.295318732745127,3.295318724841008,3.295318717234498,3.295318710046331,3.295318703375633,3.295318697312618,3.2953186919496766,3.2953186873712164,3.2953186836354273,3.295318680780634,3.2953186788435755,3.2953186778590737,3.2953186778467396,3.2953186788081084,3.2953186807296904,3.295318683581972,3.2953186873176255,3.295318691884536,3.295318697233025,3.295318703299037,3.295318709988016,3.2953187171880574,3.2953187247894884,3.2953187326832634,3.2953187407520943,3.2953187488739597,3.295318756934807,3.2953187648172944,3.29531877239181,3.295318779525213,3.2953187861039055,3.295318792033931,3.29531879722884,3.29531880160324,3.295318805080607,3.295318807597176,3.2953188091084105,3.2953188095929837
3.2953193111146795,3.2953193106635386,3.2953193093134394,3.295319307072616,3.295319303993022,3.295319300145395,3.295319295574906,3.295319290314883,3.2953192844507058,3.295319278114775,3.29531927142554,3.295319264469012,3.2953192573362178,3.295319250143311,3.2953192430043026,3.2953192360141914,3.2953192292695084,3.2953192228807686,3.2953192169531778,3.295319211569475,3.2953192068034554,3.295319202728921,3.295319199406037,3.2953191968708486,3.295319195149372,3.2953191942705957,3.2953191942567166,3.295319195108987,3.2953191968130056,3.2953191993429853,3.2953192026617333,3.2953192067225925,3.2953192114761762,3.295319216865716,3.2953192228134345,3.295319229217965,3.295319235971555,3.295319242974759,3.2953192501295194,3.2953192573358905,3.295319264488945,3.295319271478947,3.2953192781895995,3.295319284507648,3.295319290333492,3.295319295581429,3.2953193001716765,3.295319304030513,3.2953193070929836,3.2953193093067226,3.2953193106357874,3.295319311062581
3.295319790002223,3.295319789600852,3.2953197884121868,3.295319786434536,3.2953197836995813,3.2953197802760026,3.2953197762217386,3.2953197715709934,3.2953197663904583,3.2953197607907447,3.295319754871854,3.2953197486982124,3.2953197423465292,3.2953197359379955,3.295319729599066,3.2953197234142078,3.295319717446184,3.2953197117785504,3.2953197065126263,3.2953197017342433,3.2953196975059327,3.2953196938855287,3.2953196909278186,3.2953196886703955,3.2953196871352795,3.295319686345348,3.2953196863239236,3.2953196870787687,3.2953196885927407,3.2953196908383626,3.295319693786226,3.2953196974007137,3.2953197016345404,3.295319706430516,3.295319711717923,3.295319717409905,3.295319723412153,3.2953197296321557,3.295319735983636,3.295319742378419,3.2953197487223425,3.295319754917093,3.2953197608622955,3.29531976646099,3.2953197716236855,3.2953197762700137,3.295319780327926,3.295319783733605,3.2953197864330623,3.295319788383361,3.295319789555233,3.2953197899344877
3.295320246150114,3.295320245790938,3.2953202447398735,3.2953202430005404,3.295320240583376,3.2953202375391624,3.2953202339296914,3.2953202297988207,3.2953202252062477,3.2953202202484646,3.2953202150156904,3.295320209559564,3.2953202039297973,3.2953201982262232,3.2953201925762916,3.295320187078214,3.295320181787709,3.2953201767617055,3.295320172083507,3.2953201678390647,3.295320164088935,3.2953201608763667,3.2953201582453118,3.295320156234623,3.295320154866059,3.295320154154893,3.295320154123923,3.2953201547880466,3.295320156135827,3.2953201581351075,3.295320160755362,3.295320163970465,3.2953201677438457,3.2953201720182843,3.29532017672184,3.295320181778163,3.2953201871101463,3.2953201926405677,3.295320198289083,3.2953202039696925,3.295320209595772,3.29532021508241,3.2953202203477954,3.2953202253084846,3.2953202298828086,3.2953202339962298,3.2953202375846002,3.295320240593445,3.2953202429783697,3.2953202447038388,3.295320245745936,3.295320246089681
3.2953206794564465,3.2953206791321317,3.295320678190122,3.2953206766493213,3.295320674516064,3.295320671821032,3.2953206686182197,3.295320664951115,3.2953206608680157,3.295320656449916,3.2953206517926903,3.2953206469620264,3.295320641997798,3.295320636956821,3.295320631936327,3.2953206270394113,3.295320622336106,3.2953206178728625,3.2953206137117235,3.295320609930766,3.295320606592877,3.29532060373534,3.2953206013917837,3.295320599599399,3.29532059838297,3.295320597751691,3.2953205977177795,3.2953205983002998,3.2953205995002444,3.2953206012878726,3.29532060362457,3.2953206064841085,3.295320609841862,3.295320613650553,3.295320617838997,3.295320622333137,3.2953206270691453,3.2953206319873294,3.295320637015497,3.2953206420688193,3.2953206470621987,3.2953206519240545,3.2953206565880424,3.295320660983394,3.295320665035349,3.29532066867645,3.295320671850688,3.2953206745119448,3.2953206766228,3.2953206781546505,3.2953206790884617,3.2953206794054646
3.2953210898192427,3.295321089529505,3.295321088681061,3.295321087300118,3.2953210854016897,3.2953210830126403,3.2953210801796406,3.295321076940171,3.2953210733228597,3.295321069383223,3.295321065211472,3.2953210609001395,3.295321056506213,3.2953210520619685,3.2953210476220813,3.2953210432734408,3.2953210390937606,3.2953210351314035,3.2953210314303476,3.295321028054748,3.2953210250692795,3.2953210225146616,3.295321020417867,3.2953210188127424,3.295321017729304,3.2953210171761547,3.2953210171515384,3.2953210176660566,3.2953210187312534,3.295321020332035,3.2953210224266383,3.29532102497801,3.2953210279636815,3.2953210313514254,3.2953210350822912,3.295321039083477,3.2953210432953415,3.2953210476686436,3.2953210521430814,3.2953210566380204,3.2953210610734547,3.2953210653856666,3.2953210695212345,3.295321073418905,3.295321077011004,3.2953210802371364,3.2953210830495743,3.2953210854081387,3.2953210872797065,3.2953210886410855,3.2953210894772975,3.2953210897636382
3.2953214771338852,3.2953214768780934,3.2953214761207126,3.295321474882085,3.2953214731824927,3.2953214710521017,3.2953214685360064,3.2953214656692844,3.295321462472426,3.2953214589786066,3.295321455257751,3.295321451403502,3.295321447486234,3.295321443541901,3.2953214396081116,3.2953214357484946,3.2953214320351907,3.2953214285179175,3.2953214252305223,3.295321422219611,3.295321419545939,3.295321417257609,3.2953214153806556,3.2953214139394262,3.2953214129663597,3.2953214124782306,3.295321412467745,3.2953214129282737,3.295321413870978,3.295321415298017,3.295321417179183,3.2953214194677085,3.295321422129494,3.295321425141596,3.2953214284628682,3.2953214320315243,3.2953214357866103,3.2953214396797725,3.2953214436585823,3.2953214476540422,3.295321451593358,3.295321455420688,3.29532145909117,3.295321462552133,3.2953214657424823,3.295321468607426,3.2953214711054866,3.2953214732014073,3.2953214748656903,3.295321476077354,3.2953214768211176,3.2953214770650545
3.2953218413118632,3.2953218410810914,3.2953218404053675,3.295321839301086,3.2953218377861258,3.2953218358899363,3.29532183365044,3.295321831095502,3.295321828248057,3.2953218251457215,3.2953218218518465,3.295321818434046,3.2953218149443577,3.2953218114253424,3.2953218079199846,3.2953218044804164,3.2953218011662675,3.295321798028706,3.2953217951011284,3.295321792415449,3.295321790022986,3.295321787977634,3.295321786307532,3.295321785024778,3.2953217841505844,3.295321783710193,3.2953217837064432,3.2953217841248064,3.295321784961865,3.29532178622713,3.295321787909766,3.2953217899663443,3.2953217923506744,3.29532179503399,3.295321797990408,3.2953218011747527,3.2953218045288892,3.2953218080005864,3.295321811541636,3.295321815094526,3.295321818596697,3.295321821997544,3.295321825258041,3.2953218283351884,3.295321831174018,3.295321833723336,3.295321835944445,3.295321837808618,3.295321839291331,3.295321840371582,3.29532184102866,3.295321841226071
3.2953221822879457,3.2953221820733143,3.295322181461097,3.295322180471621,3.2953221791222846,3.295322177443504,3.295322175463309,3.2953221731917868,3.2953221706387836,3.2953221678585263,3.2953221649326743,3.295322161911758,3.2953221588177875,3.295322155683132,3.2953221525557206,3.295322149483652,3.2953221465139557,3.2953221436965467,3.2953221410710687,3.295322138666505,3.2953221365218455,3.2953221346898025,3.2953221332073857,3.2953221320788866,3.2953221313040526,3.2953221309031684,3.295322130896356,3.295322131278109,3.2953221320329984,3.2953221331598823,3.2953221346585333,3.295322136501596,3.2953221386414753,3.2953221410399838,3.2953221436745754,3.295322146514165,3.29532214950947,3.2953221526072967,3.2953221557628742,3.295322158929694,3.2953221620541617,3.2953221650862035,3.295322167989975,3.295322170729454,3.2953221732588887,3.295322175528381,3.2953221775017725,3.295322179156903,3.2953221804757535,3.295322181436648,3.295322182011985,3.2953221821733316
3.2953224999995188,3.295322499801166,3.295322499246398,3.2953224983548823,3.295322497142059,3.2953224956400873,3.2953224938874395,3.2953224918837263,3.295322489613877,3.2953224871239195,3.2953224845030094,3.295322481807627,3.2953224790535036,3.2953224762578808,3.295322473465098,3.2953224707221014,3.29532246806557,3.2953224655350826,3.295322463174789,3.295322461018535,3.295322459094005,3.295322457443179,3.295322456111134,3.2953224551117617,3.2953224544321986,3.2953224540727355,3.2953224540578363,3.2953224544023048,3.295322455093275,3.295322456113089,3.2953224574538296,3.2953224591013703,3.295322461019181,3.2953224631675346,3.295322465520305,3.2953224680538384,3.2953224707271693,3.2953224734916033,3.2953224763063202,3.2953224791358453,3.295322481934257,3.295322484651105,3.2953224872460574,3.2953224896893656,3.2953224919434643,3.295322493963926,3.2953224957171785,3.295322497187095,3.2953224983603895,3.2953224992112777,3.295322499710422,3.2953224998542736
3.2953227943752887,3.295322794195922,3.29532279370392,3.2953227929159308,3.295322791830219,3.2953227904682025,3.295322788882061,3.2953227870959143,3.2953227850976905,3.2953227828983467,3.295322780552278,3.295322778126973,3.2953227756519317,3.295322773139629,3.295322770625362,3.2953227681620123,3.29532276578624,3.2953227635217934,3.295322761405963,3.295322759478581,3.2953227577615545,3.2953227562767107,3.2953227550644426,3.2953227541587546,3.29532275355673,3.295322753241662,3.2953227532226577,3.2953227535258667,3.2953227541557006,3.29532275508823,3.2953227563005076,3.2953227577762787,3.295322759492128,3.2953227614159406,3.2953227635220266,3.2953227657884714,3.2953227681820403,3.295322770656801,3.295322773174588,3.295322775707384,3.29532277821833,3.295322780657257,3.2953227829807075,3.295322785160652,3.295322787168448,3.295322788967911,3.295322790530994,3.2953227918455723,3.2953227928973208,3.2953227936538947,3.2953227940928884,3.2953227942389822
3.2953230653604697,3.2953230651959693,3.295323064759017,3.295323064074993,3.2953230631298513,3.2953230619108878,3.295323060454221,3.295323058823924,3.2953230570490404,3.2953230551093213,3.295323053016126,3.2953230508317986,3.2953230486039606,3.2953230463397576,3.2953230440610666,3.2953230418275,3.2953230396873594,3.2953230376562552,3.2953230357544667,3.295323034023757,3.295323032494742,3.2953230311737314,3.2953230300788703,3.2953230292494213,3.295323028706254,3.2953230284349457,3.2953230284242636,3.2953230286919863,3.2953230292556475,3.2953230301027814,3.2953230312015944,3.2953230325270098,3.295323034061353,3.2953230357836794,3.295323037672507,3.2953230397092925,3.2953230418649606,3.295323044096208,3.295323046362916,3.2953230486370506,3.2953230508893703,3.295323053076175,3.295323055155358,3.2953230570996275,3.295323058888263,3.2953230604953054,3.2953230618979483,3.2953230630846444,3.295323064036995,3.295323064720069,3.2953230651274286,3.295323065291314
3.2953233129269326,3.2953233127759485,3.2953233123756287,3.295323311763786,3.2953233109444025,3.2953233098799326,3.295323308567183,3.29532330708128,3.295323305476593,3.2953233037325487,3.2953233018438155,3.295323299866597,3.2953232978600546,3.2953232958296814,3.295323293776393,3.295323291748818,3.2953232898077798,3.2953232879733023,3.295323286248616,3.2953232846696143,3.295323283284391,3.2953232821078733,3.2953232811348108,3.2953232803839536,3.2953232798889003,3.2953232796561123,3.29532327966777,3.2953232799197933,3.29532328042611,3.295323281185844,3.2953232821731326,3.295323283361186,3.295323284735188,3.295323286282097,3.2953232879843126,3.295323289822471,3.295323291771009,3.2953232937916708,3.295323295841535,3.2953232978903935,3.295323299912915,3.295323301875496,3.2953233037395586,3.295323305479224,3.2953233070804497,3.2953233085259495,3.2953233097960313,3.295323310873968,3.295323311737812,3.295323312364297,3.2953233127630686,3.29532331294369
3.295323537041171,3.2953235369154803,3.2953235365529103,3.2953235359823405,3.295323535235147,3.2953235342900364,3.295323533133083,3.295323531810437,3.295323530355355,3.295323528765092,3.295323527037745,3.295323525226149,3.2953235233977654,3.2953235215735153,3.2953235197365194,3.295323517903865,3.295323516136792,3.295323514474132,3.29532351291254,3.295323511464607,3.295323510183485,3.2953235091092425,3.2953235082378387,3.2953235075633405,3.295323507110415,3.2953235069042206,3.295323506937631,3.295323507190595,3.29532350765839,3.295323508341318,3.295323509225431,3.2953235102917424,3.2953235115304396,3.295323512933094,3.295323514480487,3.2953235161468926,3.2953235179069527,3.295323519729607,3.2953235215792622,3.2953235234257794,3.2953235252483166,3.2953235270202077,3.295323528705518,3.2953235302777535,3.2953235317268192,3.2953235330440944,3.2953235342081566,3.2953235351919345,3.29532353597417,3.2953235365544606,3.2953235369447005,3.2953235371217007
3.2953237376523905,3.2953237375576157,3.2953237372520046,3.2953237367330597,3.295323736024917,3.295323735144572,3.2953237341098482,3.295323732928334,3.2953237316102206,3.295323730162694,3.2953237285916885,3.2953237269295954,3.2953237252454146,3.2953237235815256,3.2953237219221814,3.2953237202562984,3.295323718633996,3.2953237171179985,3.2953237157167288,3.295323714412924,3.2953237132319804,3.2953237122288885,3.295323711427306,3.2953237108169673,3.295323710402804,3.2953237102097903,3.2953237102446993,3.295323710488346,3.2953237109243076,3.295323711547988,3.2953237123528094,3.2953237133257867,3.2953237144586947,3.29532371574443,3.295323717161916,3.2953237186787017,3.2953237202670347,3.2953237219051172,3.2953237235680506,3.2953237252324064,3.295323726881525,3.295323728493467,3.2953237300342817,3.2953237314741246,3.2953237328043303,3.295323734020743,3.2953237350993256,3.29532373600266,3.295323736716437,3.295323737259509,3.295323737628167,3.295323737783584
3.2953239147253632,3.2953239146482405,3.2953239143946744,3.2953239139442907,3.295323913289751,3.2953239124676212,3.295323911510683,3.2953239104181944,3.295323909201577,3.295323907880705,3.295323906463363,3.295323904957217,3.295323903405835,3.295323901864634,3.2953239003402746,3.2953238988120264,3.2953238973077736,3.2953238959014426,3.29532389462831,3.295323893464307,3.2953238923972337,3.295323891468311,3.295323890722927,3.295323890167845,3.2953238897947252,3.2953238896113826,3.2953238896288504,3.2953238898411654,3.2953238902358444,3.295323890810253,3.2953238915595713,3.295323892467676,3.295323893518466,3.2953238947015233,3.2953238959985436,3.2953238973806918,3.295323898821305,3.2953239003034893,3.295323901810327,3.295323903322521,3.2953239048247815,3.295323906301089,3.2953239077226266,3.2953239090581268,3.2953239102941976,3.295323911425701,3.2953239124255305,3.295323913256762,3.2953239139179917,3.2953239144314774,3.2953239147732156,3.295323914910104
3.2953240682585943,3.295324068185792,3.2953240679472486,3.295324067537265,3.2953240669505015,3.29532406620787,3.295324065315863,3.295324064290849,3.295324063153354,3.295324061931655,3.295324060633659,3.295324059258949,3.2953240578302094,3.295324056394526,3.2953240549813123,3.2953240535807526,3.2953240521929485,3.2953240508696156,3.2953240496709464,3.295324048603051,3.2953240476414996,3.2953240467956184,3.295324046107575,3.295324045600774,3.2953240452674213,3.295324045101735,3.2953240451095236,3.2953240452919967,3.29532404564611,3.2953240461740054,3.2953240468738794,3.295324047726,3.2953240487029456,3.29532404978669,3.295324050966939,3.2953240522256797,3.295324053543206,3.2953240549048233,3.2953240562955584,3.295324057694302,3.295324059082314,3.2953240604475007,3.2953240617704584,3.2953240630228606,3.295324064183189,3.295324065235967,3.295324066155714,3.2953240669198283,3.2953240675395175,3.295324068023691,3.2953240683413414,3.2953240684733456
3.2953241982412633,3.2953241981753,3.2953241979277026,3.2953241975183136,3.295324196979978,3.2953241963004536,3.2953241954714096,3.295324194520036,3.295324193473635,3.2953241923311234,3.295324191106806,3.295324189823038,3.295324188493551,3.2953241871464223,3.2953241858228712,3.2953241845346257,3.295324183266159,3.2953241820322012,3.2953241808891955,3.2953241798754593,3.2953241789845635,3.2953241782085367,3.295324177570526,3.295324177096801,3.2953241767915964,3.29532417664871,3.2953241766681667,3.295324176847909,3.295324177181649,3.2953241776695843,3.2953241783146963,3.2953241791032952,3.2953241800050552,3.295324180998026,3.2953241820741055,3.2953241832270233,3.295324184443093,3.295324185709816,3.295324187014073,3.2953241883320574,3.2953241896387477,3.295324190919155,3.2953241921628704,3.295324193347872,3.295324194443581,3.2953241954233348,3.295324196269441,3.295324196980898,3.295324197567049,3.2953241980183705,3.2953241983130113,3.295324198434263
3.2953243046248892,3.295324304565579,3.295324304319663,3.2953243039188016,3.2953243034056934,3.2953243027601227,3.295324301974009,3.29532430108472,3.2953243001109915,3.2953242990424925,3.295324297882803,3.2953242966630065,3.2953242954086686,3.2953242941353746,3.2953242928727415,3.2953242916524554,3.295324290477943,3.2953242893443937,3.2953242882747573,3.2953242873078543,3.2953242864591696,3.2953242857274625,3.2953242851245066,3.295324284673999,3.2953242843867323,3.295324284262009,3.2953242842975676,3.295324284487204,3.2953242848155484,3.2953242852732854,3.295324285864304,3.2953242865862706,3.2953242874183064,3.295324288336767,3.2953242893343484,3.2953242904083426,3.2953242915485523,3.2953242927426896,3.2953242939782443,3.2953242952348076,3.29532429648199,3.295324297699164,3.295324298877942,3.2953243000019192,3.2953243010369064,3.2953243019529994,3.295324302746563,3.295324303428817,3.2953243039914786,3.2953243044094798,3.2953243046729885,3.2953243047579526
3.295324387365736,3.295324387296981,3.2953243870677937,3.2953243867010635,3.295324386216642,3.2953243856092955,3.295324384855205,3.295324383983574,3.2953243830451613,3.295324382037277,3.2953243809382546,3.295324379770409,3.295324378574875,3.2953243773665353,3.2953243761540367,3.2953243749685917,3.295324373842034,3.295324372780522,3.2953243717849556,3.2953243708705164,3.295324370055808,3.2953243693532586,3.2953243687802236,3.295324368357776,3.2953243680944664,3.295324367983643,3.2953243680211295,3.295324368203353,3.2953243685171403,3.2953243689478646,3.295324369495369,3.295324370163485,3.2953243709399778,3.2953243718040914,3.2953243727472286,3.295324373770245,3.295324374865323,3.295324376014448,3.2953243772022804,3.295324378410295,3.29532437961042,3.2953243807770725,3.2953243818996274,3.2953243829652883,3.295324383944774,3.2953243848146445,3.2953243855796566,3.2953243862449084,3.295324386777844,3.2953243871608935,3.2953243873972835,3.2953243874884977
3.2953244464620246,3.295324446376935,3.2953244461644786,3.2953244458201834,3.2953244453634603,3.2953244447947827,3.2953244440817353,3.2953244432282314,3.295324442295414,3.2953244413154077,3.2953244402621165,3.295324439129431,3.2953244379649536,3.2953244368076615,3.295324435656216,3.2953244345124935,3.2953244334073206,3.295324432371037,3.2953244314134187,3.295324430538386,3.2953244297563065,3.29532442908244,3.295324428539034,3.295324428148568,3.2953244279139184,3.295324427818431,3.295324427848427,3.295324428005279,3.295324428288767,3.2953244286905345,3.295324429206194,3.295324429838604,3.2953244305794684,3.2953244314090133,3.2953244323170328,3.29532443330844,3.2953244343803343,3.295324435510662,3.2953244366734697,3.295324437847443,3.295324439008724,3.295324440134406,3.2953244412132094,3.295324442236253,3.295324443180878,3.2953244440253324,3.295324444767195,3.295324445399194,3.295324445903213,3.295324446278766,3.2953244465004676,3.295324446627677
3.2953244819252427,3.295324481846469,3.2953244816458898,3.295324481299994,3.295324480826527,3.2953244802750135,3.295324479610349,3.2953244787874585,3.2953244778568833,3.295324476884599,3.295324475856196,3.2953244747425434,3.295324473584264,3.2953244724468918,3.295324471342708,3.2953244702503035,3.2953244691718298,3.295324468139695,3.2953244671856625,3.295324466328291,3.295324465575524,3.2953244649332114,3.2953244644142328,3.2953244640389427,3.295324463815107,3.295324463725205,3.295324463748904,3.295324463884841,3.2953244641424737,3.2953244645208457,3.2953244650153453,3.2953244656261003,3.2953244663489194,3.2953244671650452,3.2953244680593143,3.295324469035608,3.2953244700956064,3.2953244712179774,3.295324472366706,3.2953244735150387,3.2953244746474524,3.2953244757510727,3.295324476814408,3.2953244778210915,3.295324478745504,3.295324479567589,3.295324480290623,3.2953244809151108,3.2953244814199683,3.2953244817729375,3.2953244819758964,3.2953244820655305
3.2953244937570156,3.2953244937014374,3.2953244935098898,3.2953244931501016,3.2953244926543985,3.295324492083481,3.295324491427249,3.295324490631941,3.295324489709371,3.295324488726283,3.2953244877037244,3.295324486612816,3.2953244854627655,3.2953244843154827,3.2953244832140474,3.295324482146332,3.29532448109313,3.295324480069465,3.29532447911519,3.295324478265146,3.2953244775355226,3.2953244769226018,3.2953244764204404,3.2953244760386364,3.295324475793247,3.295324475684499,3.2953244756969804,3.295324475825243,3.2953244760751548,3.295324476447504,3.295324476933675,3.2953244775331436,3.295324478249292,3.2953244790717133,3.2953244799810157,3.2953244809660047,3.295324482023556,3.295324483134133,3.295324484265343,3.2953244853966215,3.2953244865236573,3.2953244876351477,3.2953244887003614,3.2953244896902785,3.295324490596907,3.295324491430266,3.295324492179673,3.295324492812322,3.2953244932982346,3.2953244935962718,3.2953244938091326,3.2953244938875224
