Model: ensemble_run0_brcd749
Simulation: 1932686313_0
(SimID_1932686313_0 (PDE Simulation)) 
Sim time range (0.0 50.0) (saved timepoints 101) 
Number of variables 42 
Variable names ['BUB1a', 'BUB1a_pknl1', 'CPCa', 'CPCi', 'H2A', 'H3', 'H3_CPCa', 'H3_CPCi', 'H3S10rep', 'HASPINa', 'HASPINi', 'I', 'KNL1', 'NDC80', 'NDC80_TTKa', 'NDC80_TTKi', 'NDC80_pTTKa', 'NDC80_pTTKi', 'pH2A', 'pH2A_SGO1', 'pH2A_SGO1_CPCa', 'pH2A_SGO1_CPCi', 'pH3', 'pH3_CPCa', 'pH3_CPCi', 'pH3S10rep', 'pKNL1', 'pKNL1_bub1a', 'PLK1a', 'PLK1i', 'pTTKa', 'pTTKi', 'pNDC80', 'pNDC80_TTKa', 'pNDC80_TTKi', 'pNDC80_pTTKa', 'pNDC80_pTTKi', 'SGO1', 'SGO1_CPCi', 'SGO1_CPCa', 'TTKa', 'TTKi'] 
 
2D Slice for variable pH3_CPCi at time 30.5 in plane XY at Z = 0 
 
X in rows, Y in columns 
0.036262266899360185,0.03729596503532111,0.04045158899817751,0.04589539193968899,0.053913428226113724,0.0649252888855175,0.07950387446206138,0.09840166747472809,0.12258395469406938,0.15326927366581253,0.19197690598282496,0.24058033079863655,0.30136389604986735,0.37707709794546956,0.4709760376765771,0.5868336484532607,0.728887204767901,0.9016702324055369,1.1096409034224393,1.356461384249406,1.6436873157749043,1.968468192059321,2.319595490498161,2.670797702320235,2.9694675360817557,3.117886974634489,3.117886974900761,2.9694675367769188,2.67079770313878,2.3195954912482755,1.9684681926529606,1.6436873162016032,1.3564613845414746,1.109640903627364,0.9016702325670434,0.728887204915945,0.5868336486017265,0.4709760378270274,0.3770770980943496,0.30136389619417475,0.24058033093679562,0.19197690611295937,0.15326927378548116,0.12258395480181403,0.09840166757099941,0.07950387454868336,0.06492528896465886,0.05391342829917016,0.04589539200660661,0.04045158905942114,0.03729596509382214,0.03626226695677073
0.03626670007134834,0.03730050847319214,0.040456467905148806,0.045900845698090074,0.05391972038410239,0.06493271796079524,0.07951278588766697,0.09841246701170024,0.1225971236254164,0.15328538604758893,0.19199664814879727,0.24060452316784955,0.30139351702858563,0.37711330928261333,0.4710202099231027,0.5868873840228221,0.7289523542201611,0.9017488965075693,1.1097354084861257,1.3565742097989553,1.6438209393405632,1.9686247916375503,2.319776403926213,2.6710024731662285,2.969692260902219,3.118121485588534,3.118121485827464,2.96969226152068,2.6710024738858906,2.3197764045751263,1.9686247921449507,1.6438209397058319,1.3565742100569327,1.1097354086806561,0.9017488966752686,0.7289523543835579,0.5868873841897913,0.4710202100907111,0.3771133094439264,0.3013935171787598,0.24060452330575163,0.19199664827495572,0.1532853861624157,0.1225971237292986,0.09841246710548647,0.07951278597253573,0.06493271803799586,0.05391972045484461,0.04590084576336035,0.04045646796591564,0.03730050853085314,0.036266700127818005
0.03627999703765155,0.03731413614484986,0.04047110170201284,0.04591720355546314,0.05393859271136475,0.06495500003560331,0.07953951367335899,0.09844485737878853,0.12263661991604459,0.1533337098078827,0.1920558576168434,0.24067707866389404,0.301482352623807,0.37722190882845436,0.4711526833958125,0.5870485366766185,0.7291477354173788,0.9019848059036172,1.1100188220823086,1.3569125630532077,1.6442216617655192,1.9690944145713947,2.3203189393267247,2.6716165524097364,2.9703661784225894,3.118824749839952,3.118824749977225,2.9703661787787605,2.671616552837897,2.320318939727346,1.9690944149014251,1.644221662023609,1.3569125632589953,1.1100188222601988,0.9019848060731319,0.7291477355896031,0.5870485368541664,0.47115268357408635,0.37722190899918584,0.3014823527804946,0.24067707880483644,0.1920558577434992,0.1533337099219051,0.12263662001855558,0.09844485747105892,0.07953951375681143,0.06495500011140105,0.05393859278052116,0.04591720361906042,0.04047110176109495,0.037314136200804,0.03627999709286403
0.03630215005604127,0.03733684002666592,0.040495481508493636,0.04594445514995164,0.05397003265119999,0.06499211951790478,0.07958403818015906,0.09849881365576875,0.12270241184710964,0.1534142045584195,0.19215448302424606,0.24079793211972567,0.3016303204096195,0.37740279271264726,0.4713733277572164,0.5873169436570863,0.7294731462392425,0.9023777111843936,1.1104908387264485,1.3574760731294946,1.6448890375623513,1.9698765328638579,2.3212224816282436,2.672639240078825,2.9714885182600206,3.119995962426848,3.1199959624494857,2.9714885183226047,2.6726392401872836,2.3212224817645817,1.969876533012078,1.6448890377145964,1.3574760732846547,1.1104908388864394,0.9023777113505718,0.7294731464113663,0.5873169438338494,0.4713733279352405,0.37740279288547784,0.30163032057032896,0.2407979322648735,0.1921544831542006,0.15341420467465483,0.12270241195073564,0.09849881374805854,0.07958403826281646,0.06499211959254073,0.05397003271907535,0.04594445521209464,0.04049548156593701,0.037336840080824475,0.03630215010885388
0.03633314588681674,0.037368606408211706,0.04052959216923059,0.04598258282367112,0.0540140188410342,0.06504404992728152,0.07964632611078662,0.09857429365681004,0.1227944457992147,0.15352680211182,0.19229243775891772,0.24096697376920112,0.30183728169791035,0.37765578634277364,0.4716819241395063,0.5876923319085255,0.7299282478907552,0.9029271946375066,1.1111509471929095,1.3582641198174343,1.645822322278058,1.9709702647468503,2.3224860042462003,2.67406936848547,2.973057995780176,3.1216337813015667,3.121633781250736,2.9730579956528373,2.674069368384295,2.3224860042064885,1.9709702647720382,1.6458223223572312,1.3582641199349885,1.1111509473351286,0.9029271947944791,0.7299282480556559,0.5876923320774525,0.47168192431022876,0.37765578651161474,0.30183728185897046,0.24096697391741098,0.19229243789242395,0.1535268022309935,0.12279444590490542,0.0985742937501508,0.0796463261934612,0.06504405000109827,0.054014018907481844,0.04598258288407205,0.04052959222500054,0.03736860646098457,0.03633314593837792
0.03637296528295571,0.03740941536702316,0.040573411697019335,0.046031561016789374,0.05407052043736483,0.0651107531290092,0.07972632962965355,0.09867123691261746,0.12291264507354607,0.15367140511948785,0.1924695983925062,0.24118404745540634,0.3021030395057386,0.3779806421211286,0.47207816261029234,0.588174315303281,0.730512561915806,0.9036326670950424,1.1119984272667547,1.3592758303322885,1.6470204693749115,1.9723743718419096,2.3241080666858434,2.6759053003910944,2.9750728108250146,3.1237363263573643,3.1237363262743836,2.97507281061347,2.6759053001938504,2.324108066562629,1.9723743718081383,1.6470204694208792,1.3592758304346906,1.1119984274019212,0.9036326672469578,0.7305125620754637,0.5881743154659038,0.47207816277384007,0.37798064228381806,0.30210303966361884,0.24118404760337667,0.1924695985272415,0.15367140524021744,0.12291264518072668,0.09867123700710101,0.07972632971273225,0.06511075320226768,0.054070520502461146,0.04603156107547596,0.040573411751161394,0.03740941541848688,0.036372965333700276
0.03642158222802085,0.03745923999382699,0.040626910455482196,0.046091355377939104,0.05413949612289878,0.0651921782056499,0.07982398506600458,0.0987895631717795,0.12305690815750715,0.15384788506749444,0.19268580237379912,0.24144894799229538,0.30242733556176765,0.3783770360811281,0.4725616384364856,0.588762390548017,0.7312254657845472,0.9044933632707676,1.1130323449348993,1.360510074502864,1.6484821255964435,1.9740872549136081,2.326086810893096,2.6781449261182306,2.9775306456113593,3.126301177828248,3.1263011777444047,2.9775306453968415,2.678144925911301,2.3260868107561214,1.9740872548679944,1.6484821256379119,1.3605100746088359,1.1130323450776232,0.9044933634300966,0.7312254659498716,0.5887623907137978,0.4725616385997334,0.37837703624044533,0.30242733571533875,0.24144894813695733,0.19268580250666234,0.1538478851874149,0.12305690826456961,0.09878956326637367,0.07982398514886109,0.06519217827810263,0.05413949618673259,0.04609135543526025,0.04062691050832038,0.037459240044063785,0.03642158227763746
0.036478962894873644,0.03751804533257527,0.040690050039726554,0.046161921544312624,0.05422089274419419,0.06528825990906888,0.07993921113567337,0.09892917034609565,0.12322710634644053,0.15405607952763126,0.1929408448640059,0.2417614175435803,0.30280984619583196,0.3788445632663357,0.4731318469483826,0.5894559315519587,0.7320661868165211,0.9055083353301107,1.1142515457454445,1.3619654581189142,1.6502056245539398,1.9761069479821263,2.3284199561814742,2.6807856595160726,2.9804286617601496,3.1293253739701763,3.1293253739133196,2.980428661616189,2.6807856593775283,2.328419956093361,1.9761069479644515,1.6502056246110415,1.3619654582388108,1.114251545905155,0.90550833550804,0.7320661869991154,0.5894559317314148,0.47313184711982825,0.37884456342775286,0.302809846347144,0.24176141768448547,0.1929408449934885,0.15405607964498394,0.12322710645155861,0.09892917043910267,0.07993921121703816,0.0652882599800271,0.054220892806684184,0.04616192160045213,0.04069005009148442,0.03751804538171375,0.03647896294324542
0.03654506427511004,0.03758578698317707,0.040762781799882644,0.046243203532567875,0.054314643514828495,0.0653989166187208,0.08007190659516972,0.09908993179921598,0.12342308060436828,0.15429578852797798,0.19323447455717577,0.24212114083839864,0.303250176904934,0.37938273161724423,0.47378817674042323,0.5902541819663131,0.7330337941253756,0.9066764443601311,1.1156546459868832,1.363640314074429,1.652188978160177,1.9784311104301073,2.331104792407657,2.6838244325139113,2.9837634962651762,3.132805407869307,3.1328054078540593,2.9837634962307065,2.683824432488856,2.3311047924104793,1.9784311104732566,1.6521889782531025,1.3636403142181557,1.1156546461693424,0.9066764445623308,0.7330337943310578,0.590254182164826,0.4737881769252225,0.37938273178567533,0.30325017705789614,0.24212114097786755,0.19323447468410038,0.15429578864245444,0.12342308070650258,0.09908993188931481,0.08007190667394241,0.0653989166876109,0.05431464357576439,0.046243203587435756,0.040762781850449285,0.03758578703118222,0.03654506432227945
0.03661983241396942,0.037662409302443384,0.04084504494029079,0.04633513166714529,0.054420665701446616,0.0655240477114747,0.08022194721855808,0.0992716928513757,0.12364463751583248,0.15456676987119197,0.19356638828695868,0.2425277389950734,0.3037478553344837,0.3799909540701028,0.47452990087718383,0.5911562455284947,0.7341271881868491,0.907996349314124,1.1172400212413254,1.365532690850658,1.6544298654536216,1.9810570166529082,2.3341381709511846,2.687257687831938,2.987531255999138,3.136737223035504,3.136737223055353,2.9875312560568283,2.6872576879067918,2.3341381710440334,1.9810570167688704,1.6544298655991396,1.3655326910308458,1.117240021452323,0.907996349541938,0.7341271884153011,0.591156245745714,0.4745299010762585,0.3799909542483523,0.30374785549296146,0.24252773913654013,0.19356638841351523,0.15456676998382454,0.12364463761518871,0.09927169293835748,0.08022194729449889,0.06552404777813053,0.054420665760661006,0.04633513172053933,0.04084504498945378,0.03766240934919732,0.036619832459985915
0.036703200175122255,0.03774784312590639,0.04093676411216966,0.04643761995565286,0.0545388576911197,0.06566353022692388,0.0803891819631137,0.0994742663445239,0.12389154414742601,0.15486873318925193,0.1939362241746196,0.24298076167065777,0.3043023223529268,0.3806685385049133,0.47535616570000755,0.5921610737641178,0.7353450875406347,0.909466492902689,1.1190057917552425,1.367640337768583,1.6569256182459362,1.9839815427023493,2.3375164929780934,2.6910813693653166,2.9917275103086682,3.1411162073514087,3.141116207391815,2.9917275104193664,2.6910813694997575,2.3375164931324135,1.983981542879989,1.6569256184465924,1.3676403379916289,1.1190057919976135,0.9094664931546219,0.7353450877887596,0.5921610739976171,0.4753561659126362,0.3806685386941238,0.304302322519218,0.24298076181654743,0.19393622430278398,0.15486873330151796,0.12389154424520203,0.09947426642935676,0.08038918203690909,0.06566353029166277,0.05453885774863469,0.046437620007495524,0.04093676415991776,0.037747843171421186,0.03670320022007525
0.03679508444520282,0.037842002918481346,0.04103784640195365,0.04655056280412971,0.0546690953195426,0.06581721469024539,0.080573428163906,0.0996974270813749,0.1241635216010791,0.15520133248046084,0.19434355302334028,0.24347967719671992,0.3049129208325608,0.38141467510565596,0.47626597674604454,0.5932674505067271,0.7366860120354055,0.9110850837937263,1.1209498039500103,1.3699606863066969,1.6596732028851076,1.9872011492460933,2.3412356943763526,2.695290909722224,2.9963472812688616,3.145937184977652,3.1459371850310935,2.9963472814129006,2.6952909098945765,2.3412356945701065,1.9872011494661852,1.6596732031284442,1.3699606865665128,1.1209498042203816,0.9110850840669307,0.73668601230103,0.5932674507553052,0.4762659769716629,0.3814146753056583,0.3049129210068941,0.24347967734752785,0.194343553153802,0.15520133259338595,0.12416352169863111,0.09969742716558329,0.08057342823681936,0.06581721475387568,0.05466909537577063,0.046550562854671976,0.04103784644855222,0.0378420029629984,0.036795084489305636
0.03689538267348287,0.03794478324726674,0.04114817760202218,0.04667383094792872,0.054811227319987,0.06598491993161995,0.0807744655701217,0.09994090491959319,0.12446023700333594,0.15556415683069574,0.19478786761338807,0.24402386030324194,0.30557888168057634,0.38222842061439827,0.47725818119644164,0.5944739725873309,0.7381482619082135,0.9128500743587149,1.1230696072677315,1.3724908266550455,1.6626691973050605,1.9907118600436655,2.34529122662787,2.6998812142715933,3.001385031051162,3.151194405728387,3.1511944057911725,3.001385031221703,2.699881214477179,2.345291226853126,1.9907118602921283,1.662669197575664,1.3724908269405676,1.1230696075604345,0.9128500746508327,0.7381482621904006,0.5944739728504621,0.47725818143434173,0.38222842082416025,0.30557888186190313,0.24402386045825922,0.19478786774586457,0.1555641569445289,0.12446023710152264,0.09994090500439982,0.0807744656434216,0.06598491999524807,0.054811227375792436,0.046673830997825044,0.041148177647999815,0.0379447832912664,0.0368953827171453
0.03700396862860068,0.03805605445562687,0.04126761763527638,0.04680726645661677,0.05496506973282022,0.06616642671776866,0.08099202900858096,0.10020437627042139,0.12478129363753596,0.15595671897691304,0.19526856950041055,0.24461257697023683,0.3062993065905719,0.38310867887463446,0.47833144617068,0.5957790259329404,0.7397298918652718,0.9147591330722481,1.1253624254169057,1.3752274785495124,1.6659097624084689,1.9945092350124696,2.3496780327404845,2.7048466408946545,3.0068346456825448,3.1568815312661407,3.156881531330482,3.0068346458625235,2.7048466411206733,2.3496780329890603,1.994509235281484,1.6659097626980734,1.375227478854358,1.125362425728402,0.9147591333813552,0.7397298921624044,0.5957790262089929,0.47833144641931086,0.3831086790928411,0.30629930677797734,0.24461257712897977,0.19526856963478273,0.1559567190917599,0.12478129373668688,0.10020437635633712,0.08099202908300641,0.06616642678232644,0.05496506978921012,0.046807266506795654,0.04126761768142477,0.038056054499825506,0.03700396867249241
0.03712068724160212,0.03817565740472859,0.041395994990895364,0.04695067665530337,0.05513039909694764,0.06636146998954814,0.0812257994342668,0.10048745372029963,0.1251262188884766,0.1563784413253565,0.19578495286394587,0.2452449658809374,0.3070731469083657,0.3840541769724599,0.47948423208776964,0.5971807562072854,0.7414286792146727,0.9168096105430418,1.1278251209405408,1.378166955276264,1.6693906066686972,1.998588336799499,2.354390517221399,2.7101809745216183,3.0126894143886322,3.1629916173827213,3.162991617440661,3.012689414556851,2.710180974747463,2.3543905174806343,1.9985883370840107,1.6693906069755469,1.378166955598958,1.127825121268801,0.9168096108663432,0.7414286795233644,0.597180756492978,0.4794842323446659,0.38405417719773444,0.3070731471015425,0.24524496604390955,0.19578495300105103,0.15637844144192312,0.12512621898890494,0.10048745380738655,0.08122579950993761,0.06636147005542757,0.05513039915463384,0.04695067670667415,0.04139599503814616,0.03817565745000254,0.03712068728660813
0.037245348394172956,0.038303397138329524,0.04153310001734475,0.04710382679207194,0.05530694422951228,0.06656972948120465,0.0814753931048284,0.10078967346530865,0.12549444963329046,0.15682863899287314,0.19633618490008042,0.24592001588761336,0.30789917793318256,0.3850634362014954,0.48071476022203014,0.5986770330230581,0.7432420849851943,0.9189984980233267,1.1304541518814908,1.3813051195737995,1.6731069426679344,2.0029436896125485,2.35942250893712,2.7158773954369346,3.0189420036593875,3.169517091588724,3.1695170916391633,3.018942003809295,2.7158773956528064,2.359422509200246,2.002943689911373,1.673106942993115,1.3813051199139443,1.1304541522238567,0.9189984983567703,0.7432420853008982,0.598677033314173,0.48071476048400247,0.3850634364320753,0.3078991781318655,0.24592001605578187,0.19633618504143233,0.15682863911245618,0.12549444973565468,0.10078967355370998,0.08147539318167057,0.06656972954840532,0.05530694428878694,0.047103826845259454,0.041533100066497124,0.03830339718549961,0.03724534844114388
0.03737771950522741,0.03843903532064853,0.041678676911915395,0.04726643127292958,0.055494376389635475,0.06679081848311191,0.08174034859796905,0.10111048022495128,0.12588531468279415,0.1573064994032838,0.1969212822079656,0.24663653884796305,0.30877596791176165,0.38613473700156586,0.48202097349132933,0.6002654066503748,0.7451672068463573,0.9213223771125024,1.1332455191798665,1.3846373300157773,1.6770534341436703,2.007569228924308,2.364767215569711,2.7219284402074853,3.025584425052843,3.176449725127981,3.176449725175316,3.0255844251931485,2.7219284404212924,2.3647672158435276,2.0075692292433622,1.6770534344904766,1.3846373303728827,1.1332455195329783,0.9213223774515934,0.7451672071645767,0.6002654069428882,0.48202097375515707,0.38613473723537095,0.3087759681152422,0.24663653902189295,0.19692128235481504,0.15730649952708042,0.12588531478788306,0.10111048031509134,0.08174034867614594,0.06679081855167306,0.05549437645060058,0.04726643132822307,0.04167867696342509,0.03843903537022027,0.03737771955463128
0.037517516769776785,0.03858228129747493,0.04183241424559399,0.0474381432838415,0.055692297618181806,0.0670242705034443,0.08202011138106421,0.10144920928832822,0.12629801385936573,0.15781105794684722,0.19753908258902905,0.24739313715065062,0.30970184093313124,0.3872660769589398,0.48340048943921554,0.601943056054532,0.7472007225391957,0.9237773592536002,1.1361947033130495,1.388158376330052,1.6812241319880883,2.0124582405352616,2.3704171682516435,2.7283259539560807,3.0326079956135845,3.18378059839812,3.1837805984468384,3.032607995757521,2.728325954185522,2.3704171685525606,2.012458240885418,1.6812241323609225,1.388158376703471,1.1361947036735356,0.9237773595942976,0.7472007228564058,0.6019430563457518,0.4834004897028881,0.3872660771945143,0.3097018411405886,0.24739313733021437,0.19753908274175788,0.1578110580754005,0.12629801396772172,0.10144920938070676,0.08202011146097328,0.06702427057361811,0.055692297680957466,0.047438143341303377,0.04183241429953579,0.03858228134948823,0.03751751682150496
0.03766439491315108,0.03873278163960337,0.041993933870553425,0.04761854262715317,0.05590022705218165,0.06726952358946738,0.0823140156457504,0.101805065346706,0.12673159329505843,0.1583411692040086,0.1981882116649797,0.2481881652284279,0.3106748329030202,0.3884551209173546,0.48485054432303304,0.6037067270353368,0.7493388224539056,0.9263590135354244,1.1392965885908994,1.3918624020010912,1.6856123975286617,2.017603287362048,2.376364154846445,2.735061032600815,3.0400032896949827,3.191500058669308,3.1915000587227818,3.040003289854335,2.7350610328629656,2.3763641551892905,2.0176032877511574,1.6856123979292166,1.3918624023892832,1.1392965889560642,0.9263590138750754,0.7493388227683105,0.6037067273245672,0.48485054458648985,0.38845512115458125,0.3106748331139702,0.24818816541296845,0.1981882118231447,0.1583411693372877,0.12673159340699264,0.10180506544176221,0.08231401572781094,0.06726952366156028,0.0559002271168691,0.047618542686659715,0.04199393392662871,0.03873278169360863,0.037664394966576
0.037817935344030766,0.03889010804817606,0.042162778078236145,0.0478071216206318,0.056117585033717964,0.06752590209044271,0.08262126314139932,0.10217709778709973,0.1271849165530162,0.15889547325180023,0.1988670437344739,0.24901968436645985,0.31169263978024586,0.3896991422457675,0.48636792720954186,0.6055526592213947,0.7515771299622251,0.9290622812734958,1.1425453734659967,1.3957428124366136,1.6902108113392262,2.0229961222299484,2.382599140253484,2.7421239536039885,3.047760080920493,3.1995976689536083,3.199597669014365,3.0477600811030987,2.7421239539067073,2.3825991406415516,2.0229961226563593,1.6902108117642511,1.395742812837483,1.142545373835155,0.929062281612165,0.7515771302744153,0.6055526595097503,0.4863679274740802,0.3896991424854131,0.31169263999444324,0.24901968455498744,0.19886704389714627,0.15889547338953605,0.12718491666885104,0.10217709788532671,0.08262126322602645,0.06752590216469187,0.056117585100286034,0.04780712168181277,0.0421627781357558,0.03889010810328931,0.037817935398193496
0.03797763262488846,0.03905374353702829,0.04233839491242557,0.04800326894522581,0.056343674872864555,0.06779259568610863,0.08294089878569681,0.10256417216803641,0.12765663122386373,0.15947235662147022,0.1995736563395431,0.24988541016464014,0.3127525573072998,0.390994954355874,0.48794890302221083,0.6074765007094522,0.7539106081415844,0.931881375862953,1.1459344652287369,1.3997921669781004,1.6950110658190056,2.0286275849256423,2.3891121720822523,2.7495040937338326,3.05586727298191,3.2080621468499633,3.2080621469185355,3.0558672731877503,2.7495040940714373,2.3891121725053868,2.0286275853792577,1.695011066262395,1.3997921673904536,1.1459344656040402,0.9318813762039253,0.7539106084545085,0.6074765009990919,0.48794890328927765,0.3909949545986654,0.3127525575245457,0.24988541035619596,0.19957365650571998,0.15947235676328858,0.12765663134386596,0.1025641722699483,0.08294089887332444,0.06779259576270434,0.05634367494115308,0.048003269007494416,0.04233839497042284,0.03905374359212766,0.03797763267874422
0.038142879231974125,0.03922306686129244,0.042520121597652845,0.048206251386554266,0.056577662187163966,0.06806863557254941,0.0832717829040502,0.10296493767843223,0.1281451307350955,0.1600699075691142,0.20030577811275754,0.2507826521188805,0.31385141157881147,0.3923388316773763,0.48958912360036494,0.6094732092532299,0.7563334516376814,0.9348096664992793,1.149456357550049,1.4040020531171953,1.7000038398481527,2.0344874818264285,2.395892270088424,2.757189832371856,3.064312817981625,3.2168812921930003,3.2168812922674475,3.064312818202958,2.7571898327292863,2.395892270530036,2.034487482295175,1.7000038403044475,1.4040020535411841,1.1494563579352717,0.9348096668476843,0.7563334519556664,0.6094732095466247,0.4895891238709284,0.39233883192360947,0.313851411799091,0.25078265231310354,0.2003057782818729,0.160069907714593,0.12814513085917584,0.10296493778420215,0.08327178299489973,0.06806863565154965,0.05657766225691697,0.048206251449278356,0.04252012165520466,0.03922306691540913,0.038142879284741714
0.03831294865236959,0.0393973352378787,0.042707166122643296,0.04841519349938349,0.056818551831145724,0.06835286779673716,0.08361256005910651,0.10337779050148446,0.12864851124502016,0.16068586546790434,0.20106072963679678,0.25170824496100075,0.31498547997974796,0.3937264194994339,0.49128352604089376,0.6115369391232195,0.7588389626318419,0.9378395445794896,1.1531024895431592,1.408362941474327,1.7051786540039737,2.040564446577004,2.4029272978985503,2.7651684390120357,3.0730836211176866,3.2260419024047473,3.226041902482544,3.073083621345781,2.7651684393750244,2.4029272983449164,2.0405644470523603,1.7051786544700698,1.4083629419107662,1.1531024899418392,0.9378395449402168,0.7588389629592054,0.6115369394227339,0.4912835263155435,0.39372641974909717,0.314985480203289,0.2517082451583072,0.2010607298090144,0.1606858656167844,0.12864851137271688,0.10337779061071943,0.08361256015289455,0.06835286787784861,0.056818551901955776,0.04841519356203359,0.042707166179194594,0.03939733529060107,0.038312948703877005
0.03848697696611508,0.03957566550540368,0.04289858712487664,0.04862905533808796,0.057065162553296966,0.0686439238678829,0.08396162458402634,0.10380083317578605,0.12916452368311268,0.16131756434252978,0.20183535728299312,0.2526584716553192,0.31615040230725994,0.39515263239165244,0.49302621791899703,0.6136609131025583,0.761419410235674,0.9409622719587389,1.156863085375304,1.412864020441579,1.7105237051416573,2.046845780568295,2.410203815792619,2.7734259438027355,3.082165430684145,3.2355296746037836,3.2355296746840794,3.0821654309153934,2.773425944164926,2.4102038162376496,2.0468457810467715,1.7105237056168683,1.4128640208917695,1.1568630857901592,0.9409622723352864,0.7614194105756434,0.6136609134101616,0.49302621819830467,0.39515263264469935,0.3161504025342847,0.25265847185635204,0.2018353574588515,0.16131756449478174,0.1291645238138934,0.10380083328776235,0.08396162468002877,0.06864392395043636,0.05706516262460372,0.04862905540030528,0.042898587180367174,0.03957566555700745,0.03848697701687862
0.03866394318977718,0.03975701400152557,0.04309327235888376,0.04884660854286897,0.057316099678963194,0.06894018895301286,0.08431708313448197,0.10423183027286823,0.12969052125469654,0.16196187085453445,0.2026259603178512,0.2536289783083531,0.3173410822849171,0.3966115413486688,0.49481034944921926,0.6158372795789379,0.764065873154751,0.9441678107724049,1.160726974000155,1.4174930099223666,1.716025679646949,2.0533172724296853,2.4177069137081064,2.781946990307802,3.091542712627364,3.2453290937695938,3.245329093852792,3.0915427128627755,2.7819469906701424,2.4177069141522827,2.0533172729116966,1.7160256801322529,1.4174930103880456,1.160726974433219,0.9441678111667181,0.7640658735090949,0.6158372798960915,0.49481034973404747,0.39661154160536427,0.31734108251549953,0.2536289785132945,0.20262596049751255,0.1619618710100373,0.12969052138810416,0.10423183038689415,0.08431708323189359,0.06894018903625095,0.0573160997502595,0.04884660860456672,0.04309327241371928,0.03975701405280902,0.03866394324074646
0.038842648815842463,0.03994015559638317,0.043289916199757104,0.04906641125391031,0.057569726319017085,0.0692397681898655,0.08467671482960928,0.10466816100030175,0.13022340305732039,0.16261511742068227,0.20342821198784755,0.25461468172020285,0.31855158020270957,0.39809625037965624,0.49662797327587305,0.6180569553664708,0.7667680661752284,0.9474446352724867,1.1646813893322565,1.4222359543445329,1.721669545383731,2.0599629964087955,2.425420024213282,2.790714670152537,3.1011985092989263,3.2554233066108633,3.2554233066963048,3.1011985095382943,2.7907146705169064,2.4254200246591644,2.0599629968960493,1.7216695458801943,1.4222359548267476,1.1646813897845067,0.9474446356852924,0.7667680665447747,0.6180569556943566,0.49662797356741717,0.39809625064065196,0.318551580436809,0.25461468192859765,0.20342821217075566,0.16261511757893576,0.13022340319289338,0.10466816111584193,0.08467671492780539,0.06923976827324697,0.057569726390090746,0.049066411315373364,0.04328991625472035,0.03994015564840848,0.038842648868060145
0.03902169717021964,0.0401236625121851,0.04348699683504163,0.049286782544564825,0.057824133847203314,0.06954045192440177,0.08503792986436524,0.10510676969653457,0.13075955486459856,0.16327303161241694,0.2042370758218819,0.25560967090291464,0.3197749980838156,0.39959876400384586,0.4984698933925962,0.6203094557682339,0.7695141519609628,0.9507795271029672,1.1687117521819237,1.427076996115673,1.7274383233179789,2.0667650904051293,2.433324715993579,2.799710339897739,3.1111142826039138,3.265793981277368,3.2657939813615147,3.1111142828402567,2.799710340259698,2.4333247164398646,2.066765090897324,1.727438323825063,1.427076996613693,1.1687117526528463,0.9507795275342908,0.7695141523463863,0.6203094561080171,0.49846989369198236,0.3995987642696512,0.3197749983211038,0.25560967111385674,0.2042370760070632,0.16327303177273475,0.13075955500191944,0.10510676981323475,0.08503792996298931,0.069540452007712,0.05782413391818516,0.04928678260637617,0.043486996891089945,0.04012366256601187,0.03902169722458834
0.039199473425899495,0.04030588377901323,0.04368275403090252,0.04950577731858656,0.05807711267274274,0.06983968100228209,0.08539772784492629,0.10554411560862291,0.13129478862260174,0.1639306635462962,0.2050467190324993,0.25660710461929703,0.32100335959857174,0.4011098480263779,0.5003255056972927,0.6225827144855183,0.7722905408230801,0.9541573566755056,1.172801436542593,1.4319981319664343,1.733312841037625,2.0737035155799743,2.441400469427281,2.808913421364457,3.121269742474378,3.276421153698429,3.2764211537757952,3.121269742694694,2.8089134217111624,2.4414004698654215,2.0737035160726425,1.7333128415526284,1.4319981324778426,1.1728014370301847,0.9541573571244527,0.772290541224687,0.6225827148380467,0.5003255060051466,0.4011098482969393,0.32100335983826733,0.2566071048316263,0.20504671921893525,0.16393066370809356,0.1312947887614316,0.10554411572639415,0.08539772794398948,0.06983968108570461,0.058077112744066836,0.04950577738143566,0.04368275408886231,0.04030588383539607,0.039199473482991284
0.03937412634968396,0.04048492642079177,0.04387516861745875,0.04972116290069407,0.05832612465456842,0.07013451360936734,0.08575265752090375,0.10597612383326886,0.1318242827708653,0.1645823136303251,0.20585042564994685,0.2575991078552192,0.3222274879191855,0.40261888705969723,0.5021826338978066,0.6248628973023971,0.7750816825491723,0.9575608548159213,1.176931524387584,1.4369789562075668,1.739271471932705,2.0807558009154827,2.449624437125333,2.8183011877400306,3.1316426625134612,3.2872830621386795,3.287283062205489,3.131642662707134,2.8183011880570636,2.4496244375425045,2.0807558014001892,1.7392714724504315,1.4369789567280817,1.1769315248877994,0.9575608552794461,0.775081682965486,0.6248628976674554,0.5021826342143474,0.40261888733491413,0.32222748816057334,0.2575991080678527,0.2058504258366684,0.16458231379301583,0.1318242829109869,0.10597612395221961,0.08575265762082877,0.07013451369356681,0.058326124727000196,0.049721162965293025,0.04387516867784496,0.04048492647998191,0.0393741264095851
0.039543553112696216,0.040658639724923604,0.044061945115085766,0.04993039885579435,0.058568278850717075,0.07042159555672216,0.08609878005425024,0.10639813984589824,0.13234252613528158,0.16522146376976013,0.2066405128773129,0.25857667111938587,0.32343688582613833,0.4041137435164461,0.5040273658900071,0.6271342150222436,0.7778698560568243,0.9609703806373225,1.1810805549927417,1.4419963968144551,1.7452898656561942,2.0878967778490525,2.457971193889557,2.827848539144838,3.1422086857724145,3.2983559725433613,3.2983559726002323,3.1422086859388605,2.827848539425658,2.457971194275046,2.0878967783149514,1.7452898661676202,1.4419963973364933,1.1810805554987587,0.9609703811095904,0.777869856483835,0.6271342153980646,0.504027366215191,0.40411374379685544,0.3234368860693872,0.25857667133191053,0.20664051306361628,0.1652214639326543,0.13234252627625193,0.10639813996605994,0.08609878015561932,0.07042159564264666,0.05856827892523525,0.049930398922848764,0.044061945178159256,0.04065863978677924,0.03954355317508906
0.0397053887520853,0.040824604212217674,0.044240499205936964,0.05013062188712089,0.05880031265728581,0.07069713632631221,0.0864316384594338,0.10680489062571243,0.13284326882652764,0.16584071594013614,0.2074082550912676,0.2595295575464757,0.32461962361692437,0.40558062420687796,0.5058438973100139,0.6293787428845411,0.7806349645486326,0.9643636936451631,1.185224276949639,1.4470244524445106,1.7513406776493525,2.0950983121606317,2.4664124823945093,2.837527772923012,3.15294112492792,3.3096139983946236,3.3096139984444615,3.1529411250737427,2.8375277731700588,2.4664124827432814,2.095098312596901,1.7513406781421357,1.4470244529573706,1.1852242774528927,0.9643636941191569,0.7806349649808795,0.6293787432678867,0.5058438976429603,0.40558062449309246,0.3246196238629791,0.25952955775946096,0.2074082552771654,0.165840716102823,0.1328432689678683,0.10680489074694192,0.08643163856261336,0.07069713641468606,0.05880031273464426,0.050130621957118135,0.044240499271775424,0.04082460427647974,0.03970538881657318
0.03985700211460048,0.040980127173950755,0.044407952026087716,0.05031863796981893,0.0590185807473742,0.0709568936144231,0.08674623635081428,0.10719045598269202,0.13331948428896453,0.16643174287657506,0.20814382090080003,0.2604462239297667,0.32576224169455964,0.40700396218925816,0.5076143906744774,0.6315762556013281,0.783354345948075,0.967715740351577,1.1893354134359981,1.4520339409633896,1.757393307971441,2.102329042629917,2.4749169630145924,2.847308355725443,3.1638107626068206,3.3210289200920737,3.321028920136433,3.1638107627374814,2.8473083559449464,2.4749169633279156,2.102329043030593,1.7573933084354811,1.4520339414573398,1.1893354139290055,0.9677157408213033,0.7833543463802973,0.6315762559880338,0.5076143910128055,0.40700396248071086,0.3257622419440293,0.2604462241441567,0.20814382108692692,0.16643174303918512,0.13331948443053163,0.10719045610489773,0.08674623645591023,0.07095689370547564,0.05901858082776207,0.0503186380427805,0.0444079520945177,0.04098012724033497,0.03985700218090362
0.039995500321781285,0.04112224685925843,0.04456113349198303,0.05049092415159265,0.0592190545476168,0.07119616950504455,0.08703702961293751,0.10754825427409408,0.13376334734617035,0.1669852564677095,0.20883622967231671,0.2613137629802247,0.3268496760760982,0.4083663230908039,0.5093188603087756,0.6337040891599509,0.7860026106197978,0.9709984680990673,1.1933834538942631,1.4569922727403049,1.7634136623686902,2.1095541385715335,2.4834499785778084,2.8571567064747967,3.174785659252872,3.332570010298106,3.3325700103383715,3.1747856593741552,2.8571567066765278,2.483449978864645,2.10955413894055,1.763413662802654,1.456992273211287,1.1933834543724313,0.9709984685600532,0.7860026110475576,0.6337040895458337,0.5093188606491675,0.4083663233855748,0.3268496763284369,0.26131376319625405,0.2088362298589974,0.16698525663037597,0.1337633474880059,0.10754825439733746,0.08703702972000228,0.07119616959872949,0.059219054630835245,0.050490924227184854,0.044561133562607984,0.0411222469274029,0.03999550038964452
0.04011774394673739,0.04124774755353913,0.04469659705429606,0.05064364266846279,0.0593973352589593,0.0714098217433356,0.08729793503311865,0.10787104722507296,0.13416623373805953,0.16749100023199556,0.20947333487911274,0.2621178752389365,0.3278652163910676,0.4096483466641575,0.5109350950424557,0.6357370425585375,0.7885515206363157,0.9741806812756966,1.197334487940022,1.4618632647725323,1.7693639513558892,2.1167350911132714,2.491973347363962,2.867036001490174,3.1858309777262037,3.344203873240588,3.344203873282241,3.18583097785198,2.867036001690404,2.4919733476395716,2.1167350914626586,1.769363951766935,1.4618632652225119,1.1973344884015966,0.9741806817246305,0.7885515210561252,0.6357370429403006,0.5109350953819235,0.40964834695990454,0.3278652166448211,0.2621178754558195,0.20947333506583823,0.1674910003943422,0.13416623387994941,0.10787104734925528,0.08729793514204212,0.07140982183944347,0.05939733534470352,0.050643642746332124,0.044696597126769454,0.04124774762314676,0.04011774401592824
0.0402203751560965,0.0413531878590554,0.04481064836372568,0.050772670150521906,0.05954868360572523,0.07159229382319943,0.0875223602629072,0.10815096899611595,0.13451874719159773,0.16793777293884216,0.210041842474656,0.26284288008777296,0.328790507154933,0.41082873577725587,0.5124386323208475,0.6376473345611315,0.7909699270304457,0.9772279575286907,1.2011510999644395,1.4666070145010583,1.7752025459548095,2.123829555896745,2.5004452002724213,2.876906015310786,3.196908835683576,3.355894307581785,3.3558943076319827,3.19690883582968,2.8769060155248725,2.5004452005496147,2.1238295562375358,1.7752025463515182,1.4666070149346664,1.2011511004101987,0.9772279579642102,0.7909699274403443,0.63764733493664,0.5124386326570827,0.41082873607179454,0.3287905074084699,0.2628428803045264,0.21004184266086576,0.16793777310047492,0.13451874733311753,0.10815096912066606,0.08752236037298171,0.07159229392101377,0.05954868369342,0.050772670230312955,0.04481064843790683,0.04135318793013711,0.0402203752266773
0.04029986101772108,0.04143494444222453,0.044899390305539126,0.05087364469698365,0.0596680695474935,0.07173766771432315,0.08770325966287806,0.10837958492093228,0.13481078045837463,0.16831349095619244,0.21052737315420866,0.2634717761326017,0.32960560411575895,0.4118843062519036,0.5138027988248418,0.6394046322487935,0.7932237834234592,0.9801026437991462,1.2047923453581397,1.4711798548428117,1.7808839115105768,2.1307912676416816,2.508819880669609,2.886723013002551,3.2079781986137603,3.3676022040390743,3.367602204098198,3.2079781987803937,2.8867230132325385,2.5088198809522186,2.130791267978794,1.7808839118980409,1.471179855264289,1.204792345790806,0.9801026442224068,0.7932237838232754,0.6394046326168126,0.5138027991559293,0.41188430654329977,0.329605604367774,0.2634717763487833,0.21052737334003505,0.1683134911172356,0.1348107805991602,0.10837958504489986,0.08770325977280113,0.07173766781254282,0.0596680696361215,0.050873644778091906,0.04489939038125586,0.04143494451497353,0.04029986109009211
0.04035255397478815,0.04148927331735905,0.04495878668093469,0.05094203344843835,0.05975024507647594,0.07183974299481115,0.08783322059238688,0.108547985426362,0.13503161693572782,0.1686052972002232,0.21091457778933181,0.26398636179523177,0.3302890981931303,0.4127901118650867,0.5149988337890749,0.6409761694640856,0.795276255986321,0.9827639538316184,1.2082138313813386,1.4755344143025761,1.786358643518351,2.1375700495830094,2.5170479278856606,2.896439711898236,3.218994828157011,3.379285490424499,3.3792854904857443,3.2189948283300867,2.8964397121386343,2.517047928176337,2.137570049921181,1.7863586439002488,1.4755344147148008,1.2082138318035078,0.9827639542444976,0.7952762563766931,0.6409761698240894,0.5149988341138294,0.4127901121520749,0.33028909844276244,0.26398636201058256,0.21091457797488178,0.16860529736061355,0.13503161707517727,0.10854798554866832,0.08783322070088702,0.0718397430922231,0.05975024516501618,0.05094203353010709,0.044958786757771645,0.041489273391743034,0.04035255404920324
0.040374771111097885,0.04151239036473544,0.04498474645332176,0.05097322294516257,0.059789842915156294,0.07189214589014226,0.08790458449497884,0.10864692050119974,0.1351700794208562,0.1687997245832729,0.21118731543779304,0.2643674271761887,0.33081831987428006,0.41351965930877677,0.5159961118467488,0.642326974066273,0.7970879507229944,0.9851681900855072,1.2113679272416915,1.4796198078292773,1.791573631423192,2.1441119429611386,2.5250761674963043,2.9060053326997806,3.2299113019767325,3.3908991381415534,3.390899138202245,3.22991130215332,2.9060053329570064,2.5250761678071294,2.144111943310629,1.7915736318049917,1.4796198082343974,1.2113679276542908,0.9851681904885126,0.7970879511040757,0.6423269744181246,0.5159961121648481,0.4135196595908547,0.3308183201208734,0.2643674273899924,0.2111873156222473,0.16879972474196314,0.13517007955776897,0.10864692062073707,0.08790458460119442,0.07189214598609181,0.05978984300304126,0.050973223026860706,0.04498474653083105,0.041512390440424575,0.040374771187264846
0.04036289325637719,0.04150057220694065,0.044973229910701275,0.05096263400658541,0.05978150339642289,0.07188847121763374,0.08790960667028876,0.10866697967278237,0.13521473219902413,0.16888292157220847,0.2113289031135979,0.26459502809866575,0.33116963684828793,0.4140452278943823,0.5167624823098881,0.6434202231124154,0.7986172794171379,0.9872691135265403,1.214204128735756,1.4833819851493653,1.7964723776962417,2.1503594833055177,2.5328479331899736,2.9153657614714867,3.2406771228312,3.402395245353944,3.402395245421533,3.2406771230283367,2.915365761761801,2.5328479335328544,2.1503594836742868,1.796472378082749,1.4833819855496215,1.214204129139252,0.9872691139193314,0.7986172797884094,0.6434202234555859,0.5167624826207392,0.41404522817086514,0.3311696370910707,0.26459502831003223,0.21132890329587242,0.16888292172795957,0.13521473233222553,0.10866697978861407,0.08790960677351341,0.07188847131155378,0.05978150348317103,0.05096263408792062,0.044973229988550835,0.041500572283514996,0.040362893333609984
0.040313484185010906,0.04145027777247509,0.04492037730211211,0.05090586207894084,0.05972003103158059,0.07182245947871803,0.08784065789656947,0.10859882176313286,0.13515414202543782,0.16884094687320184,0.211322445943283,0.26464885270958366,0.33131885713346826,0.41433830825994766,0.5172647412653341,0.644217744570908,0.7998209851374424,0.9890184844552645,1.2166696026870605,1.4867642634563156,1.8009954999515727,2.1562521510206514,2.5403034460127216,2.924463845112232,3.251238935442798,3.413723212858526,3.4137232129395256,3.2512389356700506,2.924463845433755,2.540303446378748,2.156252151402232,1.80099550034145,1.4867642638525662,1.2166696030819966,0.9890184848377032,0.7998209854983112,0.6442177449043381,0.5172647415675898,0.41433830852966463,0.33131885737170086,0.2646488529180451,0.21132244612297849,0.16884094702569033,0.1351541421547085,0.10859882187496399,0.08784065799622584,0.07182245956976499,0.059720031116291365,0.05090586215914327,0.044920377379640476,0.04145027784917592,0.04031348426231606
0.0402234291357553,0.041358289847898556,0.0448226594743063,0.05079884296337735,0.059600581239621364,0.07168821032199191,0.08769047007351259,0.1084334577378798,0.13497720264296162,0.16866013937757496,0.21115125547140526,0.2645086901380353,0.33124174902655534,0.41437017332399023,0.5174692517408219,0.6446806829383651,0.8006548468881642,0.9903667962218526,1.2187099352132547,1.4897080703657024,1.8050814432449522,2.161727023575298,2.5473803769689582,2.933239843332687,3.2615408702297435,3.4248300290615186,3.424830029149921,3.261540870467771,2.9332398436575726,2.5473803773325376,2.161727023953707,1.8050814436306755,1.4897080707543513,1.2187099355974347,0.9903667965927206,0.8006548472380671,0.6446806832615798,0.5174692520339982,0.41437017358664746,0.3312417492600103,0.26450869034315694,0.21115125564804504,0.1686601395267565,0.13497720276876743,0.10843345784621772,0.08769047016967067,0.07168821040967661,0.05960058132139339,0.05079884304127717,0.044822659550097115,0.04135828992307826,0.0402234292114374
0.04009009062133793,0.04122187465657529,0.044677048760146096,0.05063804254995956,0.05941887641965158,0.07148043231934945,0.08745242680538891,0.10816258876132727,0.13467352633712307,0.16832756841357394,0.21079936280787676,0.26415500960581756,0.33091468798998336,0.4141125933352853,0.5173427255571238,0.6447703442192747,0.8010745808255734,0.9912642213317762,1.2202701054630187,1.492153920782532,1.8086674277594066,2.1667196551639054,2.554014618120561,2.941632059860983,3.271525032943247,3.435660680401565,3.435660680485136,3.2715250331659727,2.941632060168167,2.5540146184706884,2.1667196555335675,1.8086674281356119,1.4921539211575379,1.2202701058314755,0.9912642216883516,0.8010745811637442,0.6447703445327488,0.517342725842354,0.4141125935919165,0.3309146882186825,0.2641550098063466,0.21079936297980367,0.16832756855853542,0.1346735264595873,0.10816258886683477,0.08745242689866613,0.07148043240390571,0.059418876498156574,0.05063804262454147,0.04467704883246435,0.04122187472799028,0.040090090693073795
0.039911478012488184,0.04103895600945416,0.04448120685634411,0.05042066764486438,0.05917144899746062,0.0711947274604349,0.08712089835864058,0.10777900017461285,0.13423390474785132,0.16783156817740713,0.21025213220387873,0.2635696572555133,0.33031543931708685,0.4135387053069324,0.516853178514278,0.6444492332743185,0.8010369525107811,0.9916617860706352,1.2212957028145397,1.4940426476339672,1.8116906536247428,2.171165206780851,2.560141285167637,2.9495776742848725,3.2811321585801285,3.446158703029214,3.446158703103868,3.2811321587863636,2.949577674585416,2.560141285521545,2.1711652071545617,1.8116906539964444,1.4940426479958107,1.2212957031667935,0.9916617864125324,0.8010369528369807,0.6444492335782477,0.5168531787922332,0.41353870555789474,0.33031543954018444,0.26356965744947297,0.21025213236901782,0.16783156831688129,0.13423390486654183,0.10777900027726597,0.08712089844910649,0.07119472754185077,0.059171449072417934,0.05042066771538255,0.04448120692390503,0.041038956075441314,0.039911478078481166
0.03968642568635437,0.04080829886476685,0.044233684683197744,0.050144893190349926,0.05885590726456359,0.07082790697799632,0.0866916187227108,0.10727701057116151,0.13365083983719736,0.16716235913555996,0.20949697974832174,0.2627366771211062,0.3294240844275095,0.41262404575150285,0.5159710685801114,0.6436822937926815,0.8005011110854738,0.991512785416014,1.2217344005721256,1.4953169011629783,1.8140897794366555,2.1749998449654417,2.5656959707041826,2.9570137932790046,3.2903024462996964,3.456266890293095,3.456266890363577,3.290302446505335,2.957013793593443,2.5656959710810954,2.1749998453584154,1.8140897798163214,1.495316901522652,1.2217344009168125,0.9915127857482501,0.8005011114014712,0.643682294087118,0.5159710688500483,0.4126240459953297,0.3294240846429601,0.2627366773065515,0.20949697990539295,0.16716235926885717,0.13365083995152202,0.10727701067016898,0.08669161880941474,0.07082790705527667,0.05885590733498777,0.05014489325586639,0.0442336847452075,0.04080829892478848,0.039686425746226314
0.03941477264868436,0.04052969522874787,0.04393412725064013,0.04981009913189506,0.05847121773256919,0.07037833304474554,0.08616210057143407,0.10665297349302126,0.1329191446691344,0.166312758418267,0.20852420152822465,0.26164326255477155,0.3282240984558044,0.41134775497507675,0.5146706252335809,0.642438358472422,0.7994301522800329,0.9907744447508869,1.2215376928776787,1.4959229244695962,1.8158066838565832,2.178162420714118,2.5706162615957804,2.9638787356574956,3.29897658918639,3.4659281683127943,3.4659281683820335,3.2989765893941274,2.9638787359815657,2.570616261989727,2.1781624211264803,1.815806684252348,1.495922924838779,1.2215376932249482,0.9907744450801818,0.7994301525898067,0.6424383587594156,0.5146706254956718,0.4113477552102367,0.3282240986614159,0.26164326273003147,0.20852420167630162,0.16631275854464936,0.13291914477820202,0.10665297358739181,0.08616210065338084,0.07037833311684195,0.05847121779733353,0.04981009919136432,0.04393412730644954,0.040529695282770124,0.03941477270285382
0.03909753450844388,0.04020414325634768,0.04358347436835611,0.04941710785641653,0.05801799528543002,0.06984627844750244,0.08553208168992837,0.1059058274948544,0.13203661258722194,0.16527898102318767,0.207327916248145,0.26028084566984977,0.32670358814408945,0.4096939619954515,0.5129313777339911,0.64069181491158,0.797792913106923,0.9894098288532646,1.2206628937805102,1.4958126039579038,1.8167885100695127,2.180596430708698,2.5748435257131708,2.970113559316777,3.3070970082881597,3.4750866484252034,3.475086648490285,3.3070970084835207,2.9701135596272135,2.5748435261031184,2.180596431129574,1.816788510479715,1.4958126043387425,1.2206628941331479,0.9894098291830385,0.7977929134145506,0.6406918151945099,0.5129313779894282,0.40969396222094223,0.3267035883380375,0.2602808458334362,0.20732791638606196,0.16527898114133419,0.13203661268973835,0.10590582758377916,0.0855320817668097,0.06984627851427028,0.05801799534428255,0.04941710790949778,0.043583474417761565,0.04020414330444531,0.039097534557137194
0.03873705655712799,0.03983400821095824,0.04318414563635126,0.04896841045367337,0.05749878950061335,0.06923429335920797,0.08480399369011762,0.10503768826594664,0.1310047524848082,0.16406153429076895,0.20590712955822324,0.25864633587996955,0.3248567030518698,0.40765336256428225,0.5107398918213921,0.6384244919168175,0.7955659973184924,0.9873899918665785,1.2190753879866525,1.4949457819052085,1.816989980290828,2.182252250373726,2.578324961799619,2.9756638289597355,3.3146092938781684,3.4836888602114886,3.4836888602695644,3.3146092940513245,2.975663829245153,2.57832496217647,2.182252250797167,1.8169899807118808,1.4949457822961445,1.2190753883451997,0.9873899921989172,0.7955659976258378,0.638424492195567,0.5107398920678348,0.4076533627768749,0.3248567032316566,0.2586463360306744,0.20590712968543962,0.1640615344000128,0.13100475257993857,0.10503768834882023,0.08480399376169577,0.0692342934207213,0.05749878955389734,0.04896841050095961,0.043184145680117324,0.03983400825377746,0.038737056600538916
0.03833713457198916,0.03942315168434439,0.0427401955445408,0.04846836694888229,0.0569183519081167,0.06854756444323994,0.08398344015090027,0.1040544737573761,0.12982958695206878,0.16266620981498714,0.20426693198086518,0.2567435257632688,0.3226852414951333,0.4052250105985495,0.5080917297305244,0.6356277724471044,0.7927360276692377,0.9846963544075272,1.2167511113354201,1.4932928038933526,1.8163759511927222,2.1830896114962366,2.5810158905996254,2.980481610529728,3.3214638474236975,3.4916851614310955,3.491685161484537,3.321463847582399,2.980481610801986,2.5810158909718424,2.183089611925508,1.8163759516270086,1.4932928042999902,1.2167511117070873,0.9846963547468061,0.7927360279752821,0.63562777271614,0.5080917299608463,0.40522501079231954,0.32268524165736623,0.25674352590005306,0.2042669320976969,0.16266620991595496,0.12982958704001651,0.1040544738338719,0.08398344021659394,0.06854756449908021,0.05691835195594586,0.04846836699115338,0.04274019558391957,0.039423151723021466,0.0383371346107966
0.037903087980258425,0.038977013290375014,0.04225742173296722,0.047923361997709836,0.056283864321346966,0.06779424613915207,0.08307966587232252,0.10296654896441092,0.12852250854148325,0.16110517975312585,0.2024198503771435,0.25458469534165995,0.3202004882503872,0.4024183585254427,0.5049936598844792,0.6323049448004152,0.7893021193320687,0.9813232854747114,1.213679224846545,1.4908372553960831,1.8149241600478951,2.1830802751923932,2.582882244500263,2.9845276604719198,3.3276177042556587,3.499031310570695,3.4990313106277178,3.3276177044229294,2.9845276607561555,2.5828822448815374,2.183080275630575,1.814924160497281,1.4908372558240301,1.2136792252370454,0.9813232858217628,0.7893021196324606,0.6323049450533013,0.5049936600931197,0.4024183586968367,0.3202004883932041,0.2545846954636814,0.2024198504834305,0.16110517984617934,0.12852250862262335,0.10296654903455481,0.08307966593199036,0.06779424618929952,0.05628386436397108,0.047923362035507795,0.042257421768599444,0.0389770133254159,0.037903088015190815
0.03744176847222085,0.03850262717421184,0.04174340664284413,0.047341893219263916,0.055605102238743626,0.06698573615303965,0.08210599030193212,0.10178936946383524,0.12710118575903956,0.15939820794779785,0.20038738566654327,0.25219246777550636,0.3174253487217165,0.3992556096962244,0.5014661643320962,0.6284738153756465,0.7852785692852384,0.9772808569906655,1.2098649281995693,1.4875788181219276,1.812628084296788,2.182210822725387,2.5839031857635826,2.9877737542480056,3.3330364984055048,3.505690172939869,3.505690173011966,3.333036498611063,2.9877737545702128,2.583903186162822,2.182210823165835,1.812628084748303,1.4875788185572443,1.2098649285950114,0.9772808573326601,0.7852785695709362,0.6284738156086875,0.5014661645196294,0.39925560984762093,0.3174253488471268,0.2521924678834171,0.20038738576193751,0.1593982080324546,0.12710118583324714,0.10178936952783899,0.08210599035624903,0.06698573619859452,0.05560510227730418,0.0473418932532823,0.041743406674589686,0.03850262720518529,0.03744176850338783
0.03696148652043764,0.038008554572614914,0.0412074702415454,0.04673456439215243,0.05489449916213894,0.06613685556737565,0.08108016403373858,0.1005440888419949,0.1255905014924257,0.1575739886765798,0.19820178846357148,0.24960200588284479,0.3143968924608875,0.39577449514364976,0.49754633091588774,0.6241696282094845,0.78069776000155,0.9725977266885834,1.2053323350575156,1.483536146075078,1.8094998027433167,2.1804854509917853,2.584073749066211,2.9902050680886703,3.33769650658458,3.511633511459024,3.511633511550421,3.3376965068386086,2.9902050684513943,2.5840737494742108,2.1804854514124496,1.8094998031653093,1.4835361464813739,1.2053323354244236,0.9725977270012299,0.7806977602596934,0.6241696284193303,0.49754633108468843,0.39577449527976727,0.31439689257362186,0.24960200598008123,0.19820178854987885,0.15757398875351086,0.1255905015600048,0.10054408890022552,0.08108016408337146,0.06613685560948895,0.05489449919800273,0.04673456442321627,0.041207470269366615,0.03800855459941863,0.036961486547665796
0.03647183933461411,0.03750471409184213,0.04066050991613644,0.04611395053887879,0.054167067175538076,0.06526587693377364,0.0800245840053542,0.09925806914963646,0.12402348587804604,0.15567162247929828,0.19590815029328004,0.24686369870471733,0.3111695030025316,0.392031673849086,0.49329128524080806,0.6194483740586157,0.7756132826915277,0.967324088260214,1.2001273007528868,1.4787496213516707,1.8055727032703783,2.1779286157858184,2.5834073622914255,2.9918224905291373,3.3415866772822014,3.5168437878359664,3.5168437879291288,3.3415866775404997,2.9918224908806095,2.5834073626626033,2.1779286161475806,1.8055727036244993,1.4787496216914833,1.2001273010603726,0.96732408852312,0.7756132829108264,0.6194483742401393,0.49329128539004014,0.3920316739723625,0.3111695031069604,0.24686369879590336,0.1959081503741755,0.15567162255085848,0.12402348594033752,0.09925806920290166,0.08002458405066966,0.06526587697269974,0.05416706720900535,0.04611395056717267,0.04066050994071586,0.037504714115378764,0.03647183935836765
0.035983427718925896,0.037002094552579745,0.04011470429991342,0.045494297650685765,0.0534401166950331,0.06439431970174353,0.07896626563185961,0.09796518592378464,0.12244215997134117,0.15374221756998216,0.19356691895609973,0.24404658499008192,0.30781897954522025,0.3881071103576065,0.48878243456268583,0.614390631794436,0.7701032932610311,0.9615346002337931,1.1943200469073205,1.4732837968834998,1.8009038284833978,2.174587314491577,2.5819380514290255,2.992644696955419,3.34471051400856,3.5213158687981894,3.521315868860956,3.3447105141888875,2.9926446972067398,2.58193805169653,2.174587314752568,1.8009038287421661,1.4732837971382462,1.1943200471440794,0.9615346004412377,0.7701032934375882,0.614390631944329,0.48878243469092536,0.38810711046907037,0.30781897964372146,0.24404658507764282,0.19356691903347376,0.1537422176374743,0.12244216002940489,0.09796518597312542,0.07896626567366516,0.06439431973760401,0.05344011672540771,0.04549429767582161,0.040114704322191115,0.037002094573707844,0.03598342773981547
0.035507457624260136,0.03651234290605277,0.03958306294013347,0.04489101912893133,0.052732706284820116,0.06354640138973683,0.07793641290697846,0.09670573491860823,0.120898110558457,0.15185053868063839,0.19125696999813538,0.24124291879454798,0.30444820496749403,0.38411006273561876,0.4841309931215789,0.6091061711731678,0.7642741114697246,0.9553311523443561,1.1880073566505587,1.4672292621050569,1.7955755858988556,2.170532742350473,2.579722084126352,2.9927097744074826,3.347087641229863,3.52505849700268,3.5250584970180423,3.347087641288361,2.992709774514265,2.579722084262041,2.170532742499562,1.79557558606062,1.4672292622766971,1.1880073568200284,0.9553311525002923,0.7642741116072452,0.6091061712944169,0.4841309932311089,0.3841100628365898,0.3044482050602514,0.2412429188776832,0.1912569700707233,0.15185053874313373,0.12089811061198548,0.0967057349643907,0.07793641294625547,0.06354640142291179,0.0527327063115149,0.04489101915115041,0.03958306296011885,0.03651234292469006,0.03550745764181638
0.03505523651995409,0.03604723391381981,0.039078816668336715,0.04431995906141219,0.05206474824270432,0.06274799991944899,0.07696934732146772,0.09552560524044859,0.11945242281122997,0.1500764478708732,0.1890793384215947,0.23857453494686753,0.3011955010322063,0.3801878287390696,0.47948558165757293,0.6037396458390669,0.7582640242486496,0.9488452168327574,1.1813139976490767,1.4607035694282908,1.7896964729191787,2.1658609970380733,2.5768387578497673,2.992076141334559,3.348754842551533,3.5280953510052497,3.528095350991203,3.348754842530989,2.9920761413428947,2.5768387578968572,2.165860997113339,1.7896964730129452,1.4607035695353683,1.1813139977618956,0.9488452169428852,0.758264024352324,0.6037396459374342,0.47948558175281153,0.38018782883046426,0.30119550111704174,0.23857453502279852,0.1890793384877515,0.15007644792759017,0.1194524228595989,0.09552560528212466,0.07696934735772391,0.0627479999491027,0.052064748265969435,0.04431995908116601,0.039078816685576126,0.03604723392901662,0.03505523653419397
0.03463759602963385,0.03561805076244333,0.038614668498999284,0.04379641763751324,0.051455710943933884,0.06202496403517761,0.07610046232148504,0.09447416199118619,0.11817422564185656,0.14851544867855193,0.1871615011935135,0.23620205657650797,0.29824780527003997,0.37653937693230366,0.47504319370196096,0.598477749082828,0.7522470629335777,0.9422392931512213,1.174392833269562,1.4538507240207512,1.7834003816042527,2.1606924534102947,2.5733900029849193,2.9908224778850263,3.349766331959764,3.530465490436608,3.5304654904263795,3.3497663319408844,2.9908224778799397,2.573390003014292,2.160692453467962,1.7834003816729447,1.453850724092749,1.1743928333438571,0.9422392932263995,0.7522470630099827,0.5984777491621055,0.4750431937836713,0.3765393770124195,0.29824780534430534,0.2362020566429752,0.18716150125202896,0.1485154487293902,0.11817422568524488,0.09447416202802796,0.07610046235224531,0.06202496405928163,0.05145571096420961,0.043796417654167,0.03861466851291999,0.03561805077451321,0.03463759604189589
0.03426429951679309,0.03523493652847832,0.03820196550447,0.04333398768231299,0.05092291886160791,0.06140064419603795,0.07536280600211262,0.09359998723929677,0.11713643990674674,0.14727664602772741,0.18566130637196565,0.23433848375328262,0.2958630274423985,0.37343791945166815,0.4710654939819664,0.5935579590643981,0.7464359726557614,0.9357064631456323,1.1674227580077057,1.446838562082749,1.7768439664693667,2.1551694007529516,2.569498465307572,2.989046381994927,3.3501930137390787,3.5322229725646253,3.5322229725757457,3.3501930137637976,2.9890463820223943,2.569498465357809,2.155169400825435,1.776843966541924,1.4468385621450095,1.1674227580642371,0.9357064632026629,0.7464359727161491,0.5935579591297251,0.4710654940502143,0.3734379195181,0.2958630275036398,0.23433848380859565,0.18566130642140583,0.1472766460711838,0.11713643994416602,0.09359998727023146,0.07536280602483951,0.061400644214580045,0.050922918876653844,0.04333398769514986,0.03820196551565847,0.035234936538513784,0.034264299527155935
0.03394352128231828,0.03490631108054657,0.03784990783649056,0.04294334354307507,0.05047958971625504,0.060892681542871384,0.07478198443752296,0.09294337788223452,0.11640627876027917,0.14647426609746553,0.18476713137709122,0.23326888786919037,0.2944114664977656,0.3712704048118191,0.4679029367147482,0.5892778017365436,0.7410822355707314,0.9294661507132378,1.160603113603406,1.4398531509562587,1.770201517329122,2.1494515611388914,2.565303781969866,2.986861515857135,3.3501205226370327,3.533435450057379,3.533435450088657,3.350120522701557,2.9868615159142586,2.565303782037839,2.14945156122577,1.7702015174121544,1.439853151021012,1.1606031136566777,0.9294661507658407,0.7410822356268547,0.5892778017953785,0.4679029367733885,0.37127040486624785,0.2944114665460105,0.23326888791179318,0.18476713141471326,0.14647426613052875,0.1164062787887979,0.09294337790343948,0.07478198445274159,0.06089268155376094,0.05047958972601272,0.042943343552633906,0.037849907845014706,0.03490631108826519,0.03394352128957029
0.033681501464898074,0.03463847481702478,0.037564970406885716,0.042631251004173934,0.050132993946852035,0.06050949910515323,0.07436958741826151,0.09252471819827676,0.11602689106197439,0.14620462158089773,0.18468344407403334,0.23337518636225035,0.29446208222959896,0.370609794040845,0.4660278948281625,0.5859997190788865,0.7364681007439815,0.9237526990073235,1.1541427010948502,1.4330892561934894,1.7636568661472016,2.143709246042621,2.5609569067498725,2.9843931313997003,3.349645932441833,3.534181633994912,3.534181634036803,3.3496459325256054,2.9843931314681065,2.5609569068199223,2.143709246129867,1.7636568662347536,1.4330892562645816,1.1541427011536773,0.9237526990639805,0.7364681008020953,0.5859997191366356,0.4660278948817372,0.37060979408724415,0.29446208226765613,0.23337518639280863,0.18468344409866397,0.14620462160082667,0.11602689107608853,0.09252471820606994,0.07436958742300044,0.06050949910963905,0.05013299395197237,0.042631251009608295,0.03756497041223812,0.03463847482185808,0.033681501468978865
0.033482470460257,0.03443551876793621,0.03735074489906829,0.042400189054892144,0.04988344992730753,0.06024767275272223,0.0741166895952899,0.09232961917951944,0.11598687894091944,0.14649382115246376,0.1855704692462607,0.23514532520475181,0.2969927815849726,0.3723494525596094,0.4660682309179308,0.5841363939336259,0.7328803566509068,0.9187916908142046,1.1482413559360347,1.426736236689465,1.757392233826663,2.1381142405640854,2.5566126150296635,2.9817720846798883,3.3488731933516465,3.534547644106546,3.5345476441474415,3.3488731934321785,2.981772084744287,2.5566126150920923,2.1381142406413303,1.7573922339116845,1.4267362367674945,1.148241356005987,0.9187916908806331,0.7328803567144897,0.5841363939919454,0.4660682309686134,0.37234945260041974,0.2969927816157603,0.23514532522618659,0.18557046925985465,0.14649382115678153,0.11598687893450597,0.0923296191716968,0.0741166895896487,0.06024767274934233,0.0498834499260404,0.04240018905557577,0.037350744901231935,0.03443551877012027,0.03348247046248026
0.03334888164814879,0.034299604910228584,0.037208362184643615,0.04224898583368627,0.04972510677620268,0.060092262556123696,0.07399146100575082,0.09229699878069299,0.11618168767277312,0.14719901017385978,0.18735737599021626,0.23903767562253636,0.3040085245871675,0.3779327688946671,0.46879161220659094,0.5840786391128606,0.7305491845405893,0.9147589767656197,1.1430634714136279,1.420959981599437,1.7515747979171938,2.132829103829854,2.552420748749178,2.9791277708338644,3.3479076043653473,3.5346224680844487,3.534622468113702,3.3479076044242455,2.9791277708864605,2.5524207488010706,2.132829103893455,1.751574797994986,1.420959981682997,1.1430634714958525,0.9147589768436791,0.7305491846114214,0.5840786391728808,0.4687916122546515,0.3779327689314791,0.30400852461295985,0.23903767563730327,0.1873573759921002,0.14719901015543346,0.11618168764927879,0.09229699875907504,0.07399146098793813,0.060092262542683704,0.04972510676730937,0.0422489858292437,0.037208362183370036,0.03429960491041144,0.033348881648657396
0.03328188908359448,0.034231558789782505,0.03713747462718677,0.042174608121392454,0.049649202468118714,0.06002242628481754,0.07394750845682642,0.09232624660301954,0.11639712609218546,0.14788363955890335,0.18927930511865987,0.2445028253499338,0.32072310635115076,0.38955369656442324,0.47485387747458174,0.5859932846741912,0.729537411091836,0.9117244713568602,1.1387077757339596,1.41588420248037,1.7463432035282584,2.1279964046542155,2.5485172965640124,2.9765807880218045,3.346849908913024,3.5344929829680423,3.5344929829789717,3.346849908943887,2.9765807880665167,2.5485172966092864,2.127996404705501,1.7463432035956479,1.4158842025640759,1.1387077758226027,0.9117244714419007,0.7295374111680342,0.5859932847367166,0.4748538775218192,0.3895536965992008,0.3207231063756138,0.2445028253578693,0.18927930509575436,0.14788363952605882,0.11639712605732706,0.09232624656967839,0.07394750842786474,0.06002242626210083,0.04964920245252162,0.042174608112372045,0.03713747462208104,0.034231558787788725,0.03328188908270092
0.0,0.0,0.0,0.0,0.0,0.0,0.0,0.0,0.0,0.0,0.0,0.0,0.36447406852152847,0.4088509192953553,0.48380265444150794,0.5894341803547789,0.7296076460519842,0.9096053051024766,1.1351869551938893,1.411578001419405,1.7417977495998658,2.123730165570165,2.54501685783995,2.9742364482957644,3.345790833664977,3.534239186144654,3.534239186138595,3.345790833676114,2.9742364483439934,2.545016857888758,2.123730165612989,1.7417977496548913,1.4115780014943666,1.1351869552767975,0.9096053051830142,0.7296076461259795,0.5894341804176236,0.48380265448982457,0.40885091933338813,0.36447406855899145,0.0,0.0,0.0,0.0,0.0,0.0,0.0,0.0,0.0,0.0,0.0,0.0
0.0,0.0,0.0,0.0,0.0,0.0,0.0,0.0,0.0,0.0,0.0,0.0,0.3879313895110187,0.42373108004779625,0.4919738704425707,0.5930819595177883,0.7302266742672772,0.9081870424620321,1.1324378359506413,1.4080577661474538,1.7379981019261501,2.120111822747978,2.542008087766545,2.9721803070836956,3.3448069486057035,3.533930347461195,3.5339303474453216,3.3448069486087793,2.9721803071409023,2.5420080878239646,2.120111822782993,1.7379981019655744,1.4080577662033789,1.132437836014192,0.9081870425249777,0.7302266743291674,0.5930819595753959,0.4919738704906688,0.42373108009397886,0.38793138958859286,0.0,0.0,0.0,0.0,0.0,0.0,0.0,0.0,0.0,0.0,0.0,0.0
0.0,0.0,0.0,0.0,0.0,0.0,0.0,0.0,0.0,0.0,0.0,0.0,0.401319335335657,0.4336799674663712,0.4981422803532574,0.596143276223739,0.7309591842072595,0.9072501621781438,1.1303666593421848,1.405304287909838,1.7349694720748225,2.117191751684522,2.5395530936684843,2.97047652328538,3.3439585087083024,3.5336226492340996,3.533622649212493,3.343958508703657,2.9704765233399306,2.5395530937227853,2.1171917517077716,1.7349694720925422,1.405304287938287,1.130366659377375,0.9072501622155252,0.7309591842492973,0.5961432762713218,0.4981422804091342,0.43367996754977634,0.40131933542057036,0.0,0.0,0.0,0.0,0.0,0.0,0.0,0.0,0.0,0.0,0.0,0.0
0.0,0.0,0.0,0.0,0.0,0.0,0.0,0.0,0.0,0.0,0.0,0.0,0.409097187424918,0.4399194745514073,0.5023190292229897,0.5983674197631761,0.7315742419967771,0.9066384295465956,1.1288863036601993,1.4032827880919696,1.7327136144569317,2.11499533344146,2.5376905864229267,2.9691691253850747,3.343289452610746,3.5333585268657006,3.5333585268452374,3.343289452593157,2.9691691254078543,2.537690586454023,2.1149953334513785,1.7327136144541737,1.4032827880945162,1.1288863036680339,0.9066384295581597,0.7315742420170399,0.59836741980774,0.5023190293043915,0.439919474639526,0.4090971875008118,0.0,0.0,0.0,0.0,0.0,0.0,0.0,0.0,0.0,0.0,0.0,0.0
0.0,0.0,0.0,0.0,0.0,0.0,0.0,0.0,0.0,0.0,0.0,0.0,0.4134200748775309,0.4435229217318531,0.5048430956007455,0.5997711801328232,0.7319896545257257,0.9062633244045837,1.1279322923375603,1.4019579367495822,1.7312204563924767,2.113531307877057,2.5364415088551198,2.968285442244436,3.342829146500163,3.5331674689735717,3.5331674689600074,3.342829146469406,2.968285442223371,2.536441508857498,2.11353130788322,1.7312204563852447,1.4019579367344335,1.127932292323343,0.9062633244008241,0.7319896545488451,0.5997711801852889,0.5048430956737372,0.44352292180204295,0.41342007493852845,0.0,0.0,0.0,0.0,0.0,0.0,0.0,0.0,0.0,0.0,0.0,0.0
0.0,0.0,0.0,0.0,0.0,0.0,0.0,0.0,0.0,0.0,0.0,0.0,0.41535643811565004,0.44516656822801015,0.5060219488064587,0.6004421720438881,0.7321940994584437,0.9060833302102995,1.127464624341787,1.4013026965775262,1.7304777639787408,2.112800063423021,2.5358153378437684,2.9678404164497607,3.3425950107194673,3.5330676567600117,3.5330676567736274,3.342595010715911,2.967840416410458,2.5358153378261186,2.1128000634311577,1.7304777639709499,1.401302696548028,1.127464624326672,0.9060833302305235,0.7321940994888733,0.6004421720894294,0.5060219488491166,0.4451665682712976,0.41535643815839685,0.0,0.0,0.0,0.0,0.0,0.0,0.0,0.0,0.0,0.0,0.0,0.0
0.0,0.0,0.0,0.0,0.0,0.0,0.0,0.0,0.0,0.0,0.0,0.0,0.41535643812617506,0.44516656823953543,0.5060219488181088,0.6004421720546491,0.7321940994649949,0.9060833302056812,1.1274646243312791,1.4013026965693718,1.7304777639756024,2.1128000634156687,2.5358153378310604,2.967840416435375,3.342595010691342,3.5330676567214327,3.5330676567679773,3.3425950107414946,2.9678404164107306,2.5358153377963784,2.1128000634032853,1.7304777639632345,1.4013026965649136,1.127464624355411,0.9060833302294748,0.7321940995032241,0.6004421720770083,0.5060219488302269,0.4451665682562673,0.4153564381485909,0.0,0.0,0.0,0.0,0.0,0.0,0.0,0.0,0.0,0.0,0.0,0.0
0.0,0.0,0.0,0.0,0.0,0.0,0.0,0.0,0.0,0.0,0.0,0.0,0.4134200749073646,0.4435229217641062,0.5048430956334957,0.599771180163036,0.7319896545428521,0.9062633243950466,1.1279322923166728,1.4019579367366446,1.7312204563797913,2.1135313078497573,2.5364415088243315,2.968285442221658,3.342829146445081,3.533167468876545,3.5331674689235677,3.342829146496962,2.9682854421914464,2.5364415087681182,2.113531307831846,1.731220456404919,1.4019579367721662,1.1279322923387607,0.9062633244365914,0.7319896545682599,0.5997711801608162,0.5048430956238364,0.44352292175907687,0.4134200749095055,0.0,0.0,0.0,0.0,0.0,0.0,0.0,0.0,0.0,0.0,0.0,0.0
0.0,0.0,0.0,0.0,0.0,0.0,0.0,0.0,0.0,0.0,0.0,0.0,0.40909718746933954,0.4399194745981891,0.5023190292705602,0.5983674198056091,0.7315742420197399,0.9066384295494583,1.128886303649296,1.403282788081625,1.732713614441989,2.1149953334096123,2.537690586389782,2.96916912537253,3.343289452570386,3.5333585267512406,3.533358526746773,3.3432894525382357,2.9691691253206325,2.537690586357973,2.114995333428414,1.7327136144820865,1.4032827881120153,1.1288863036842307,0.9066384295841984,0.7315742420268722,0.5983674197880318,0.5023190292477052,0.4399194745772735,0.4090971874534082,0.0,0.0,0.0,0.0,0.0,0.0,0.0,0.0,0.0,0.0,0.0,0.0
0.0,0.0,0.0,0.0,0.0,0.0,0.0,0.0,0.0,0.0,0.0,0.0,0.4013193353879697,0.4336799675191811,0.4981422804055094,0.5961432762668232,0.7309591842443965,0.9072501622027611,1.1303666593519963,1.405304287913722,1.7349694720767495,2.1171917516748353,2.539553093657276,2.970476523286627,3.343958508676199,3.533622649106214,3.5336226490429654,3.3439585085777073,2.9704765232750865,2.5395530936851824,2.1171917516828724,1.7349694720854723,1.4053042879398348,1.1303666593917698,0.9072501622125424,0.7309591842298652,0.5961432762482507,0.49814228037797614,0.43367996748854976,0.4013193353578,0.0,0.0,0.0,0.0,0.0,0.0,0.0,0.0,0.0,0.0,0.0,0.0
0.0,0.0,0.0,0.0,0.0,0.0,0.0,0.0,0.0,0.0,0.0,0.0,0.3879313895631808,0.4237310800969039,0.49197387048671465,0.5930819595652272,0.7302266743166633,0.9081870425085883,1.1324378359891305,1.4080577661799218,1.737998101961412,2.120111822782029,2.54200808778482,2.9721803070692667,3.3448069485414837,3.533930347347111,3.533930347312165,3.3448069485192935,2.972180307111561,2.5420080878133784,2.1201118227700753,1.7379981019398671,1.4080577661980513,1.1324378360025105,0.9081870424906042,0.7302266742891028,0.5930819595427751,0.4919738704646737,0.42373108006382737,0.3879313895244321,0.0,0.0,0.0,0.0,0.0,0.0,0.0,0.0,0.0,0.0,0.0,0.0
0.0,0.0,0.0,0.0,0.0,0.0,0.0,0.0,0.0,0.0,0.0,0.0,0.36447406856340575,0.4088509193312166,0.4838026544822433,0.5894341804032812,0.729607646109052,0.9096053051688996,1.135186955264298,1.4115780014872013,1.74179774966872,2.123730165639746,2.5450168578753916,2.974236448266761,3.3457908336063418,3.534239186133429,3.5342391861306885,3.3457908336290245,2.974236448317403,2.5450168578988794,2.1237301656200636,1.7417977496552839,1.4115780014806563,1.135186955234098,0.9096053051255074,0.7296076460739578,0.5894341803777428,0.48380265445811516,0.40885091930338896,0.3644740685247577,0.0,0.0,0.0,0.0,0.0,0.0,0.0,0.0,0.0,0.0,0.0,0.0
0.03328188907949374,0.03423155878493529,0.037137474619719175,0.04217460811068126,0.04964920245378206,0.060022426266773184,0.07394750843526525,0.09232624657872941,0.11639712606681468,0.14788363953532752,0.1892793051012769,0.2445028253457038,0.32072310637154544,0.3895536965936909,0.4748538775133111,0.5859932847234947,0.7295374111545567,0.9117244714373542,1.138707775828104,1.4158842025744096,1.746343203616925,2.1279964047429805,2.548517296632321,2.9765807880438184,3.3468499089299066,3.5344929830574414,3.5344929830706904,3.346849908955746,2.9765807880483557,2.548517296628248,2.127996404742711,1.7463432036214512,1.4158842025412801,1.1387077757648485,0.9117244713768757,0.7295374111114784,0.5859932846909074,0.4748538774826882,0.38955369656313565,0.3207231063432349,0.2445028253352304,0.18927930510231555,0.1478836395438037,0.1163971260800642,0.09232624659487233,0.07394750845303591,0.060022426285118266,0.04964920247168259,0.042174608127188935,0.03713747463434687,0.03423155879767694,0.03328188909168204
0.03334888164587963,0.03429960490813762,0.03720836218165793,0.04224898582920134,0.04972510676963375,0.06009226254731791,0.07399146099501835,0.09229699876860653,0.11618168766030212,0.14719901016330778,0.18735737598620267,0.2390376756318714,0.3040085246086688,0.3779327689255638,0.4687916122478729,0.5840786391657884,0.7305491846070907,0.9147589768496862,1.1430634715147014,1.420959981705986,1.7515747980209835,2.132829103940008,2.552420748869899,2.979127770946523,3.347907604479579,3.534622468236045,3.5346224682509253,3.347907604486816,2.9791277709140034,2.5524207488396113,2.1328291039486316,1.751574798014317,1.4209599816518546,1.1430634714407932,0.9147589767849802,0.7305491845557526,0.5840786391202858,0.46879161220426746,0.3779327688840903,0.3040085245718876,0.23903767560418362,0.18735737597179458,0.1471990101580734,0.11618168766127968,0.09229699877383862,0.0739914610032017,0.06009226255738796,0.0497251067805179,0.042248985839961124,0.03720836219185732,0.03429960491777496,0.03334888165567832
0.03348247046073445,0.03443551876901596,0.037350744900610744,0.04240018905641605,0.049883449928294854,0.06024767275316678,0.07411668959570389,0.09232961918014065,0.11598687894183736,0.14649382115565127,0.1855704692571456,0.23514532522360662,0.29699278161180315,0.3723494525944162,0.46606823096366606,0.5841363939912483,0.7328803567189359,0.9187916908934243,1.148241356031058,1.4267362368003433,1.7573922339478383,2.1381142406979237,2.556612615192332,2.9817720848733926,3.34887319355496,3.5345476442879953,3.5345476442885904,3.348873193530389,2.981772084828093,2.556612615167483,2.138114240687528,1.757392233901326,1.4267362367264171,1.1482413559579103,0.9187916908304364,0.7328803566589736,0.584136393930256,0.46606823090463595,0.37234945254093615,0.2969927815649602,0.23514532518524214,0.185570469228986,0.14649382113925632,0.11598687893280223,0.09232961917605345,0.07411668959538892,0.06024767275561085,0.04988344993239783,0.04240018906132894,0.03735074490594521,0.03443551877471789,0.03348247046678695
0.03368150146831353,0.03463847482125991,0.0375649704124331,0.04263125101078586,0.05013299395425772,0.0605094991135457,0.07436958742806962,0.09252471820979566,0.1160268910759624,0.14620462159983091,0.18468344409789247,0.2333751863918561,0.2944620822647868,0.370609794082064,0.4660278948786754,0.5859997191410237,0.7364681008137346,0.9237526990809083,1.154142701179014,1.4330892563012163,1.7636568662808347,2.1437092461939597,2.5609569069263376,2.984393131622037,3.3496459326932,3.5341816341988146,3.5341816341731462,3.3496459326406427,2.984393131584738,2.5609569069078963,2.1437092461423477,1.7636568661913836,1.433089256211,1.1541427011047412,0.9237526990135526,0.7364681007412874,0.5859997190649422,0.46602789480694473,0.37060979401782096,0.29446208220891296,0.23337518634564372,0.18468344406169898,0.14620462157287173,0.11602689105833218,0.09252471819841182,0.07436958742096145,0.06050949910946664,0.050132993952333324,0.04263125101037085,0.03756497041305315,0.0346384748226154,0.03368150146995537
0.033943521288598906,0.03490631108783158,0.03784990784556391,0.04294334355403384,0.05047958972894383,0.06089268155760686,0.07478198445508508,0.09294337790365324,0.11640627878708802,0.14647426612936662,0.18476713141400447,0.23326888791083233,0.2944114665436625,0.37127040486281543,0.4679029367736089,0.5892778018053617,0.7410822356462493,0.92946615078815,1.1606031136805361,1.4398531510538064,1.7702015174597023,2.149451561291076,2.5653037821323577,2.9868615160491636,3.350120522865145,3.533435450256849,3.5334354502301872,3.3501205228212942,2.986861516020483,2.565303782082712,2.1494515611869773,1.7702015173402978,1.439853150953864,1.16060311359861,0.9294661507067633,0.741082235557779,0.5892778017168911,0.4679029366919648,0.3712704047900894,0.2944114664805601,0.23326888785803335,0.18476713137108175,0.14647426609501404,0.11640627876067264,0.09294337788513257,0.07478198444205679,0.06089268154806382,0.05047958972177604,0.0429433435487281,0.0378499078416685,0.034906311084692984,0.03394352128565234
0.03426429952598568,0.035234936538720084,0.03820196551668144,0.04333398769679583,0.05092291887867814,0.0614006442162215,0.07536280602663412,0.09359998726966023,0.11713643994330271,0.14727664607034233,0.18566130642007456,0.23433848380627365,0.2958630275007772,0.37343791951674465,0.47106549405480463,0.5935579591456088,0.746435972743289,0.9357064632325217,1.167422758089433,1.4468385621709363,1.7768439665815308,2.155169400885065,2.569498465436289,2.9890463821182314,3.3501930138759084,3.532222972700277,3.532222972701163,3.3501930138739326,2.989046382079104,2.5694984653241577,2.155169400732691,1.7768439664462394,1.4468385620645188,1.1674227579936407,0.9357064631314409,0.7464359726385088,0.5935579590453913,0.4710654939637505,0.3734379194360752,0.29586302743105236,0.2343384837474151,0.18566130637092945,0.14727664602960286,0.1171364399102307,0.09359998724397539,0.07536280600751254,0.06140064420155746,0.05092291886685453,0.04333398768704488,0.03820196550832945,0.03523493653101404,0.03426429951844491
0.034637596041882046,0.0356180507754882,0.03861466851397647,0.04379641765503936,0.051455710964928646,0.06202496406073635,0.07610046235214758,0.09447416202776328,0.11817422568530166,0.1485154487292619,0.18716150125067973,0.23620205664004248,0.29824780534176387,0.37653937701387935,0.47504319379287496,0.5984777491823124,0.75224706304123,0.9422392932615148,1.1743928333724176,1.4538507241136498,1.7834003816988262,2.160692453512005,2.573390003074506,2.990822477939361,3.349766331986038,3.5304654904613244,3.5304654904798625,3.34976633199928,2.9908224778600196,2.5733900029067747,2.16069245333551,1.7834003815565527,1.4538507239940144,1.1743928332536702,0.9422392931378012,0.752247062919129,0.5984777490687276,0.47504319369088943,0.3765393769244154,0.29824780526486294,0.23620205657469023,0.18716150119531502,0.14851544868273725,0.11817422564691527,0.0944741619965833,0.07610046232719674,0.06202496404067954,0.05145571094853647,0.04379641764100671,0.03861466850122596,0.03561805076326282,0.034637596029745886
0.035055236535159996,0.03604723392957712,0.03907881668596764,0.044319959081992905,0.0520647482674343,0.06274799994938045,0.07696934735707536,0.09552560528174375,0.11945242285940241,0.15007644792718136,0.18907933848634467,0.23857453502054893,0.301195501116622,0.38018782883584284,0.4794855817664558,0.6037396459597398,0.7582640243822961,0.9488452169762557,1.1813139977899776,1.4607035695514423,1.7896964730212355,2.165860997126716,2.5768387579210668,2.992076141362659,3.3487548425202007,3.52809535093498,3.5280953509327286,3.3487548424746554,2.992076141217709,2.576838757725602,2.165860996948553,1.7896964728680373,1.4607035694040271,1.1813139976391942,0.9488452168263826,0.7582640242404509,0.6037396458305406,0.4794855816520863,0.3801878287368909,0.30119550103185805,0.23857453494793598,0.18907933842451108,0.15007644787534205,0.11945242281640676,0.095525605245932,0.07696934732700962,0.06274799992441214,0.05206474824636629,0.0443199590635195,0.03907881666889811,0.03604723391305549,0.035055236518733844
0.03550745764250498,0.036512342924666506,0.039583062960493784,0.044891019152438365,0.052732706312831466,0.06354640142326529,0.07793641294645742,0.09670573496432225,0.1208981106112659,0.1518505387416679,0.19125697006874626,0.2412429188764052,0.3044482050623909,0.3841100628451961,0.4841309932470801,0.6091061713158018,0.7642741116312659,0.955331152524209,1.188007356838723,1.4672292622818828,1.7955755860462002,2.1705327424683865,2.579722084223759,2.9927097744723543,3.3470876412310857,3.525058496912566,3.5250584968667216,3.3470876410873704,2.992709774262677,2.579722084015004,2.170532742284208,1.7955755858678322,1.4672292620966803,1.188007356651951,0.9553311523458513,0.764274111467425,0.6091061711690474,0.484130993119018,0.3841100627358096,0.30444820496921915,0.24124291879662274,0.19125697000082242,0.15185053868453083,0.12089811056329944,0.09670573492370668,0.07793641291178953,0.06354640139364044,0.052732706287238786,0.0448910191295949,0.03958306293924773,0.036512342904119324,0.03550745762211962
0.035983427740517764,0.037002094574272566,0.040114704323037445,0.04549429767702739,0.05344011672615468,0.06439431973857658,0.07896626567497193,0.09796518597402364,0.12244216002915037,0.15374221763600246,0.19356691903187492,0.24404658507796267,0.30781897964804106,0.3881071104784316,0.4887824347045234,0.614390631959473,0.7701032934508014,0.9615346004493995,1.1943200471434683,1.4732837971217032,1.8009038286988914,2.174587314675114,2.5819380515915733,2.9926446970971594,3.3447105140972027,3.5213158687615156,3.521315868685891,3.3447105138910405,2.992644696853769,2.581938051369261,2.1745873144683165,1.8009038284849461,1.4732837968978016,1.1943200469215411,0.9615346002412455,0.7701032932628905,0.6143906317937342,0.4887824345615198,0.38810711035723056,0.3078189795457506,0.24404658499119541,0.19356691895808048,0.15374221757327977,0.12244215997567474,0.09796518592825214,0.07896626563565506,0.06439431970437542,0.05344011669604291,0.045494297649913286,0.04011470429782863,0.03700209454993555,0.03598342771637138
0.036471839359749576,0.037504714116915985,0.04066050994239141,0.04611395056826176,0.05416706720985048,0.06526587697395139,0.08002458405219372,0.09925806920420019,0.12402348594085949,0.15567162255070613,0.1959081503747669,0.24686369879930836,0.31116950311387526,0.3920316739809695,0.4932912853972836,0.6194483742435707,0.7756132829083932,0.9673240885116071,1.200127301034921,1.4787496216459526,1.8055727035512428,2.177928616040271,2.583407362527536,2.991822490747981,3.341586677450919,3.5168437878696532,3.5168437877872623,3.3415866772375757,2.991822490508218,2.583407362297102,2.177928615805967,1.8055727033022102,1.4787496213868043,1.2001273007779825,0.9673240882714306,0.7756132826948157,0.6194483740588496,0.49329128523940885,0.392031673847018,0.31116950300100055,0.2468636987043917,0.19590815029443384,0.1556716224820119,0.12402348588175811,0.09925806915331402,0.08002458400814969,0.06526587693523667,0.054167067175283724,0.04611395053690516,0.04066050991315399,0.03750471408879202,0.03647183933192729
0.03696148654940424,0.0380085546014871,0.041207470271462814,0.04673456442497972,0.05489449919971885,0.06613685561094472,0.08108016408437088,0.10054408890076753,0.12559050156031326,0.15757398875428705,0.19820178855263548,0.24960200598635046,0.3143968925825987,0.3957744952870278,0.49754633108475144,0.6241696284096667,0.78069776024075,0.9725977269719869,1.2053323353797403,1.4835361464154504,1.8094998030768736,2.1804854513063723,2.5840737493634176,2.9902050683605297,3.3376965067921307,3.5116335115332253,3.5116335114572133,3.337696506601946,2.990205068141261,2.584073749129216,2.180485451048104,1.8094998027958067,1.4835361461210854,1.2053323350866982,0.9725977266995027,0.7806977600022132,0.6241696282070597,0.4975463309128294,0.395774495140447,0.3143968924583439,0.2496020058818026,0.19820178846433598,0.15757398867890018,0.12559050149555737,0.10054408884487753,0.08108016403561212,0.06613685556781737,0.05489449916093142,0.046734564389461955,0.04120747023814418,0.03800855456939212,0.036961486517643374
0.037441768505291524,0.03850262720724807,0.04174340667678951,0.04734189325578873,0.0556051022797034,0.06698573620018829,0.08210599035669716,0.10178936952734906,0.12710118583266947,0.15939820803299837,0.20038738576489495,0.2521924678894105,0.3174253488543213,0.3992556098507326,0.5014661645123848,0.6284738155885241,0.7852785695405133,0.9772808572951193,1.2098649285484533,1.4875788184970595,1.8126280846761684,2.1822108230942256,2.5839031861099815,2.9877737545509286,3.3330364986231067,3.505690173033308,3.5056901729663075,3.3330364984570924,2.987773754345072,2.583903185864958,2.1822108228061197,1.812628084356508,1.4875788181632277,1.209864928221501,0.9772808569957737,0.7852785692807126,0.6284738153688146,0.5014661643265313,0.3992556096923504,0.31742534871934147,0.2521924677747846,0.2003873856675514,0.15939820795013818,0.1271011857618718,0.10178936946616213,0.08210599030302741,0.06698573615258487,0.05560510223684588,0.04734189321632662,0.041743406639530405,0.03850262717110516,0.037441768469374574
0.03790308801764196,0.038977013327745155,0.04225742177109025,0.047923362038096315,0.05628386436600157,0.06779424619030527,0.0830796659317452,0.10296654903337955,0.12852250862154785,0.16110517984635558,0.20241985048531644,0.2545846954663831,0.32020048839402887,0.4024183586914808,0.5049936600773068,0.6323049450259737,0.7893021195979677,0.9813232857871323,1.2136792252057105,1.4908372557942502,1.814924160469387,2.183080275614158,2.582882244891462,2.9845276607989795,3.327617704483607,3.4990313106899738,3.499031310633528,3.327617704336582,2.984527660589177,2.582882244616406,2.1830802752803433,1.8149241601004886,1.4908372554195017,1.2136792248516917,0.9813232854696249,0.7893021193218819,0.632304944789859,0.5049936598768189,0.40241835852126473,0.3202004882488261,0.25458469534195227,0.2024198503788241,0.1611051797556956,0.1285225085441786,0.10296654896639001,0.08307966587285737,0.06779424613803381,0.05628386431899503,0.04792336199477905,0.0422574217300101,0.038977013287642456,0.03790308797757367
0.03833713461387247,0.03942315172612466,0.04274019558691987,0.04846836699334179,0.05691835195681269,0.06854756449864347,0.08398344021509307,0.10405447383197078,0.1298295870388014,0.16266620991622927,0.2042669320988289,0.256743525899401,0.3226852416512758,0.40522501077800477,0.5080917299374964,0.6356277726856113,0.7927360279431596,0.9846963547216109,1.216751111695766,1.4932928043041018,1.816375951645621,2.1830896119614795,2.5810158910311114,2.9804816108840653,3.3214638476741625,3.491685161588301,3.4916851615439013,3.3214638475411995,2.980481610653983,2.581015890708825,2.183089611573122,1.816375951228234,1.493292803895304,1.216751111322004,0.984696354391292,0.7927360276541289,0.6356277724345837,0.5080917297221983,0.40522501059486027,0.32268524149495464,0.2567435257650664,0.2042669319835189,0.16266620981778,0.12982958695446734,0.10405447375885564,0.08398344015090797,0.06854756444169562,0.056918351905561486,0.048468366946070464,0.04274019554197209,0.03942315168207578,0.03833713456967492
0.03873705660368034,0.039834008257193375,0.04318414568300485,0.04896841050230626,0.05749878955340663,0.06923429341869806,0.0848039937588067,0.10503768834608426,0.131004752578465,0.16406153440028015,0.20590712968613423,0.2586463360282556,0.32485670322217697,0.40765336275881914,0.510739892043052,0.6384244921682974,0.7955659976021172,0.9873899921862099,1.2190753883500551,1.4949457823210228,1.8169899807558065,2.182252250859807,2.578324962258444,2.9756638293426056,3.314609294156681,3.483688860400222,3.483688860361993,3.314609294022727,2.975663829079671,2.578324961886953,2.182252250426179,1.8169899803053142,1.4949457818904572,1.2190753879608285,0.9873899918428221,0.7955659973004329,0.6384244919040972,0.5107398918139837,0.4076533625620911,0.32485670305360154,0.25864633588361824,0.2059071295621157,0.16406153429390996,0.1310047524868151,0.1050376882666376,0.08480399368937522,0.06923429335724403,0.057498789497999234,0.04896841045107481,0.04318414563416734,0.03983400820914753,0.038737056555300665
0.03909753455972401,0.04020414330699056,0.04358347441919013,0.049417107909145296,0.058017995342213476,0.06984627851095922,0.08553208176310113,0.10590582758074424,0.1320366126882269,0.16527898114134548,0.20732791638598427,0.26028084583011063,0.3267035883286734,0.40969396220541904,0.5129313779706827,0.6406918151772759,0.7977929134043212,0.9894098291854432,1.2206628941521802,1.4958126043744933,1.8167885105292692,2.1805964311913573,2.574843526178312,2.970113559715129,3.3070970085821516,3.4750866486186567,3.475086648574021,3.3070970084257567,2.970113559415374,2.5748435257701985,2.1805964307311334,1.8167885100629102,1.4958126039325756,1.2206628937503563,0.9894098288279756,0.7977929130891779,0.6406918149005375,0.5129313777288484,0.4096939619955683,0.32670358814792466,0.2602808456752056,0.20732791625315422,0.1652789810267837,0.13203661258901164,0.10590582749478031,0.08553208168831744,0.06984627844500647,0.058017995282760484,0.049417107854110826,0.04358347436662629,0.04020414325507317,0.039097534507254235
0.03941477270456917,0.04052969528367562,0.043934127305591535,0.04981009918873765,0.05847121779348136,0.07037833311246973,0.08616210064942117,0.10665297358477506,0.13291914477729463,0.16631275854474142,0.20852420167548819,0.2616432627261236,0.3282240986536625,0.41134775520015365,0.5146706254863083,0.6424383587544092,0.7994301525933609,0.9907744450969452,1.2215376932577586,1.4959229248852848,1.8158066843053617,2.178162421180184,2.5706162620452186,2.9638787360445438,3.298976589469432,3.4659281684816894,3.4659281684215184,3.2989765892798952,2.9638787357169933,2.5706162616197217,2.1781624207090395,1.8158066838319264,1.49592292443699,1.2215376928472275,0.9907744447280048,0.7994301522654271,0.6424383584647188,0.5146706252316421,0.4113477549779149,0.32822409846161876,0.2616432625612743,0.20852420153369622,0.16631275842195065,0.13291914467071417,0.10665297349241755,0.08616210056916922,0.07037833304181455,0.05847121772990079,0.049810099129969275,0.043934127249492985,0.04052969522820438,0.03941477264838678
0.03968642574658186,0.04080829892387877,0.04423368474237482,0.0501448932515579,0.05885590732997901,0.07082790705040319,0.08669161880563755,0.10727701066825446,0.13365083995143962,0.16716235926937317,0.20949697990448893,0.2627366773029672,0.329424084637578,0.4126240459907438,0.5159710688489171,0.6436822940913982,0.800501111413613,0.9915127857725161,1.2217344009572912,1.4953169015779209,1.814089779876824,2.174999845412251,2.5656959711245184,2.95701379363444,3.2903024465553403,3.4562668904275706,3.456266890351239,3.290302446337299,2.957013793294733,2.5656959706996365,2.1749998449422785,1.8140897794013657,1.495316901125813,1.221734400541558,0.9915127853956504,0.8005011110745424,0.643682293788748,0.5159710685813713,0.41262404575671424,0.32942408443481785,0.26273667712816784,0.20949697975356973,0.16716235913863792,0.13365083983812173,0.10727701057001991,0.08669161872008155,0.07082790697496541,0.058855907262145186,0.05014489318898629,0.04423368468281778,0.040808298865164135,0.039686425687173864
0.03991147807668631,0.041038956072621244,0.04448120691984618,0.05042066771063855,0.05917144906760653,0.07119472753765804,0.08712089844629749,0.1077790002762998,0.13423390486707673,0.1678315683176292,0.21025213236847218,0.2635696574473319,0.33031543953800613,0.41353870555819416,0.5168531787968876,0.6444492335877984,0.8010369528520539,0.9916617864363143,1.2212957032045417,1.4940426480492421,1.8116906540579716,2.171165207209861,2.5601412855610413,2.949577674613676,3.2811321588170506,3.44615870313946,3.446158703051489,3.2811321585798847,2.9495776742710613,2.560141285146773,2.171165206752229,1.8116906535893473,1.4940426475976425,1.2212957027846576,0.9916617860516891,0.801036952502477,0.644449233273421,0.5168531785178435,0.41353870531333564,0.3303154393248043,0.26356965726248066,0.21025213220853597,0.16783156817942693,0.13423390474759975,0.10777900017265116,0.08712089835574895,0.07119472745763337,0.05917144899562628,0.050420667644331334,0.04448120685695597,0.04103895601093974,0.03991147801447506
0.0400900906889553,0.041221874723445746,0.04467704882776845,0.05063804262017858,0.05941887649446281,0.07148043240131186,0.08745242689759646,0.10816258886726533,0.13467352646079445,0.16832756855943096,0.21079936297985719,0.26415500980624934,0.3309146882199776,0.4141125935961946,0.5173427258506101,0.6447703445449167,0.8010745811793726,0.9912642217088634,1.2202701058610932,1.4921539211993387,1.8086674281853041,2.16671965557907,2.5540146185008847,2.9416320601829318,3.271525033175875,3.4356606804946965,3.435660680401312,3.271525032928125,2.9416320598375543,2.554014618096161,2.1667196551387864,1.80866742773174,1.4921539207532721,1.220270105437158,0.9912642213149224,0.8010745808193606,0.644770344220773,0.5173427255622968,0.41411259334184114,0.33091468799692103,0.2641550096118948,0.21079936281166822,0.1683275684144263,0.13467352633551125,0.1081625887583819,0.08745242680227397,0.07148043231699777,0.05941887641866072,0.050638042550470226,0.044677048761896564,0.04122187465917394,0.040090090624340366
0.04022342920603718,0.04135828991782809,0.04482265954550197,0.050798843037638375,0.059600581318852985,0.07168821040854055,0.08769047017015447,0.10843345784795425,0.13497720277078193,0.1686601395282377,0.2111512556492924,0.2645086903454202,0.331241749264346,0.41437017359351597,0.5174692520436995,0.6446806832742152,0.8006548472533517,0.9903667966110304,1.2187099356208793,1.4897080707846106,1.8050814436643818,2.16172702398163,2.5473803773456383,2.9332398436536935,3.261540870451799,3.4248300291289633,3.4248300290370115,3.2615408702037127,2.933239843305971,2.5473803769437904,2.1617270235528583,1.8050814432242877,1.4897080703451704,1.2187099351943438,0.9903667962091056,0.8006548468845522,0.6446806829421552,0.5174692517476552,0.4143701733307956,0.3312417490325288,0.26450869014285533,0.21115125547407132,0.16866013937723315,0.13497720264011667,0.10843345773413077,0.08769047007037613,0.07168821032029217,0.05960058123962143,0.05079884296497191,0.04482265947711354,0.0413582898513999,0.04022342913941635
0.040313484257120176,0.041450277844653126,0.044920377376128424,0.05090586215662368,0.05972003111475233,0.07182245956945627,0.08784065799730932,0.10859882187707694,0.13515414215709892,0.16884094702804545,0.21132244612603457,0.26464885292286183,0.3313188573784883,0.4143383085378984,0.5172647415770344,0.6442177449153631,0.7998209855113647,0.9890184848533623,1.216669603101472,1.4867642638762018,1.8009955003652867,2.1562521514178736,2.540303446378956,2.924463845416688,3.251238935636141,3.4137232128947232,3.4137232128085344,3.251238935397024,2.924463845072601,2.5403034459773934,2.1562521509909414,1.8009954999289675,1.4867642634393998,1.2166696026741939,0.9890184844475495,0.7998209851368911,0.6442177445767525,0.5172647412738559,0.41433830826772544,0.33131885713938525,0.2646488527136342,0.2113224459448914,0.16884094687174558,0.13515414202168996,0.10859882175904358,0.08784065789379798,0.07182245947789391,0.05972003103261918,0.05090586208147286,0.044920377305628194,0.04145027777637478,0.04031348418876429
0.040362893329536825,0.04150057228051501,0.04497322998663107,0.05096263408677664,0.05978150348267029,0.07188847131182143,0.08790960677460205,0.10866697979032046,0.1352147323343838,0.16888292173097486,0.21132890330065424,0.2645950283170314,0.33116963709964287,0.41404522817982026,0.516762482629367,0.6434202234640489,0.798617279797348,0.98726911392971,1.2142041291527157,1.4833819855672643,1.796472378101609,2.1503594836863624,2.5328479335306646,2.9153657617437356,3.240677122994566,3.402395245374004,3.4023952452928783,3.240677122765854,2.915365761409212,2.532847933133137,2.150359483257987,1.79647237766198,1.4833819851284775,1.2142041287249221,0.9872691135228223,0.7986172794195298,0.6434202231198267,0.5167624823195746,0.4140452279032885,0.3311696368548844,0.26459502810260177,0.211328903114472,0.1688829215699453,0.13521473219491667,0.10866697966898911,0.08790960666834792,0.07188847121787162,0.0597815033984257,0.0509626340097528,0.04497322991441046,0.04150057221057771,0.04036289325957093
0.04037477118462834,0.04151239043884383,0.044984746530121064,0.050973223026709286,0.059789843003365414,0.0718921459869044,0.08790458460237463,0.1086469206221766,0.13517007955980417,0.16879972474552357,0.2111873156282045,0.2643674273982728,0.33081832013039825,0.4135196596001732,0.5159961121728324,0.6423269744243535,0.7970879511087055,0.9851681904922405,1.2113679276590301,1.4796198082429302,1.7915736318173505,2.1441119433205382,2.5250761678054783,2.906005332940309,3.229911302124608,3.390899138163256,3.3908991380849347,3.2299113019028645,2.906005332615868,2.5250761674151594,2.144111942893239,1.7915736313748216,1.4796198078013303,1.2113679272300877,0.985168190084457,0.7970879507282489,0.6423269740753221,0.5159961118572877,0.41351965931838347,0.3308183198812971,0.26436742717988165,0.21118731543794458,0.1687997245805124,0.13517007941698483,0.10864692049832671,0.08790458449426634,0.07189214589151481,0.05978984291790749,0.05097322294854435,0.0449847464566807,0.04151239036754608,0.0403747711132541
0.04035255404808757,0.04148927339116831,0.04495878675756147,0.05094203353021485,0.059750245165588155,0.0718397430932994,0.08783322070230447,0.10854798555040612,0.13503161707775985,0.16860529736497,0.210914577981582,0.2639863620193396,0.33028909845258536,0.41279011216151623,0.5149988341213432,0.6409761698286294,0.7952762563779145,0.9827639542426604,1.208213831800221,1.4755344147136902,1.7863586439040533,2.137570049925874,2.517047928170578,2.8964397121137466,3.21899482829029,3.3792854904388157,3.379285490364676,3.2189948280770246,2.8964397117975222,2.5170479277852023,2.1375700495004777,1.7863586434617722,1.4755344142717297,1.2082138313706867,0.9827639538337394,0.7952762559950756,0.640976169475685,0.5149988338010295,0.4127901118752422,0.33028909819986696,0.26398636179789464,0.21091457778834283,0.16860529719705136,0.1350316169324601,0.10854798542474302,0.08783322059302175,0.07183974299718379,0.059750245079626556,0.05094203345156178,0.04495878668348757,0.04148927331904557,0.04035255397579025
0.04029986109026971,0.041434944515026065,0.044899390381132165,0.050873644778084245,0.05966806963660765,0.07173766781364753,0.08770325977446995,0.10837958504726423,0.1348107806026923,0.16831349112244265,0.21052737334705968,0.26347177635742286,0.3296056043774438,0.4118843065526349,0.51380279916295,0.6394046326198938,0.7932237838218059,0.9801026442166811,1.2047923457823766,1.4711798552568172,1.7808839118953084,2.130791267978015,2.5088198809396967,2.886723013192417,3.207978198712499,3.367602204016054,3.367602203949487,3.2079781985134375,2.8867230128845134,2.5088198805559148,2.1307912675527185,1.7808839114544428,1.471179854816618,1.204792345353498,0.9801026438070168,0.7932237834370126,0.6394046322639355,0.5138027988389581,0.411884306262752,0.32960560412173845,0.2634717761336169,0.21052737315179926,0.16831349095270243,0.1348107804558617,0.10837958492051822,0.08770325966458291,0.07173766771728925,0.05966806955059561,0.0508736446994325,0.04489939030701693,0.04143494444277976,0.04029986101778572
0.04022037522747705,0.04135318793034852,0.04481064843769269,0.050772670230272425,0.059548683694048636,0.07159229392243002,0.08752236037519628,0.10815096912388097,0.13451874733758773,0.1679377731061784,0.21004184266761824,0.2628428803123572,0.32879050741722016,0.41082873608026793,0.5124386326631168,0.637647334938226,0.7909699274365963,0.9772279579555728,1.2011511003986066,1.466607014923921,1.7752025463454193,2.1238295562334195,2.5004452005323228,2.876906015472899,3.1969088357354143,3.3558943075068988,3.355894307447119,3.1969088355501984,2.8769060151745056,2.5004452001519635,2.123829555809166,1.775202545905787,1.4666070144849708,1.2011510999700004,0.9772279575449289,0.7909699270499633,0.6376473345800685,0.5124386323369127,0.4108287357883269,0.3287905071596711,0.26284288008696105,0.2100418424710649,0.1679377729354297,0.1345187471900142,0.1081509689966856,0.08752236026516398,0.07159229382617673,0.05954868360832521,0.05077267015205593,0.04481064836413033,0.04135318785872677,0.04022037515562009
0.04011774401663892,0.041247747623061354,0.04469659712634581,0.050643642746437706,0.05939733534587478,0.07140982184170881,0.08729793514532193,0.10787104735360574,0.13416623388529322,0.16749100040025072,0.20947333507197372,0.2621178754623137,0.32786521665166213,0.4096483469661308,0.5109350953857373,0.6357370429398627,0.788551521050302,0.9741806817135509,1.1973344883872628,1.461863265208961,1.7693639517579367,2.11673509145553,2.4919733476192643,2.8670360016341903,3.18583097774757,3.3442038731333232,3.3442038730753185,3.18583097756881,2.8670360013456366,2.491973347248121,2.1167350910364346,1.769363951319234,1.4618632647685892,1.1973344879565202,0.9741806813007157,0.7885515206617768,0.6357370425805057,0.5109350950590742,0.409648346673989,0.32786521639366567,0.2621178752362292,0.20947333487483094,0.16749100022919078,0.13416623373761746,0.1078710472264359,0.08729793503545125,0.07140982174580668,0.05939733526074718,0.050643642669089176,0.04469659705391298,0.0412477475527632,0.04011774394615736
0.0399955003899996,0.04112224692697321,0.044561133562128395,0.050490924227674566,0.059219054632802866,0.07119616960208783,0.08703702972449008,0.10754825440274214,0.13376334749397784,0.1669852566363639,0.2088362298646463,0.2613137632015077,0.32684967633300877,0.40836632338863976,0.5093188606495997,0.6337040895424847,0.7860026110393875,0.9709984685466426,1.1933834543551438,1.456992273193912,1.7634136627891317,2.109554138928908,2.483449978841647,2.857156706621906,3.174785659276175,3.332570010194689,3.3325700101360054,3.174785659100409,2.857156706343616,2.4834499784824797,2.109554138516265,1.7634136623498085,1.456992272749257,1.1933834539200363,0.9709984681308508,0.7860026106495162,0.6337040891832523,0.509318860323999,0.4083663230976102,0.32684967607557525,0.2613137629755798,0.20883622966773907,0.1669852564658002,0.13376334734687928,0.1075482542760552,0.08703702961505186,0.07119616950675023,0.05921905454853371,0.050490924151545304,0.04456113349126814,0.04112224685852436,0.03999550032146663
0.03985700218104379,0.0409801272399824,0.04440795209455261,0.05031863804413663,0.0590185808307592,0.07095689370984727,0.08674623646117847,0.10719045611063235,0.13331948443636385,0.16643174304479771,0.20814382109208113,0.2604462241484745,0.3257622419468095,0.4070039624811153,0.507614391010113,0.6315762559816225,0.7833543463694581,0.9677157408054309,1.1893354139086831,1.4520339414355492,1.7573933084163904,2.1023290430142416,2.474916963304658,2.8473083558986834,3.1638107626589367,3.321028920021938,3.3210289199651717,3.163810762490416,2.8473083556303607,2.474916962953396,2.1023290426036856,1.7573933079737702,1.4520339409854457,1.18933541346892,0.9677157403870853,0.7833543459792176,0.6315762556236457,0.5076143906864609,0.40700396219182405,0.32576224169057355,0.2604462239234934,0.2081438208962725,0.16643174287553905,0.13331948429052712,0.10719045598496516,0.08674623635258097,0.07095689361539516,0.059018580747613805,0.0503186379694553,0.044407952025481666,0.040980127173619395,0.03985700211474595
0.03970538881676177,0.04082460427674218,0.04424049927298015,0.050130621959872175,0.05880031273889577,0.07069713641988803,0.08643163856805407,0.10680489075208359,0.1328432689725624,0.16584071610719786,0.20740825528118537,0.25952955776259773,0.3246196238644439,0.40558062449213345,0.5058438976387888,0.629378743259672,0.7806349649679927,0.9643636941012971,1.1852242774304063,1.4470244529323655,1.7513406781188228,2.0950983125782328,2.4664124827253078,2.8375277731419026,3.1529411250272794,3.309613998375315,3.309613998322051,3.1529411248666968,2.8375277728780355,2.4664124823735922,2.0950983121640894,1.751340677671541,1.4470244524778182,1.185224276987256,0.9643636936812899,0.7806349645780233,0.629378742903383,0.505843897317351,0.40558062420495006,0.32461962361008806,0.2595295575394413,0.20740825508727048,0.1658407159398573,0.13284326882851968,0.10680489062798795,0.08643163846085551,0.0706971363268037,0.05880031265720737,0.0501306218868071,0.04424049920572654,0.04082460421241192,0.039705388752662496
0.03954355317568017,0.04065863978807219,0.044061945180870254,0.049930398927127195,0.05856827893060745,0.07042159564830536,0.08609878016069572,0.1063981399700203,0.13234252627921325,0.1652214639351109,0.20664051306570488,0.25857667133322604,0.3234368860695198,0.4041137437954046,0.504027366211128,0.6271342153898545,0.7778698564705552,0.9609703810914552,1.181080555476639,1.4419963973120635,1.7452898661446168,2.0878967782986826,2.4579711942679165,2.8278485394233,3.1422086859336056,3.2983559725841745,3.2983559725297282,3.142208685769192,2.8278485391517085,2.457971193907707,2.087896777878174,1.7452898656934441,1.441996396855041,1.1810805550318553,0.960970380670911,0.7778698560813424,0.6271342150352616,0.5040273658918201,0.4041137435105876,0.32343688581777186,0.25857667111280586,0.20664051287443075,0.16522146377018984,0.13234252613738465,0.10639813984798892,0.08609878005545134,0.07042159555708763,0.058568278850715784,0.049930398855817563,0.04406194511537259,0.040658639725556944,0.03954355311351738
0.039374126411082226,0.0404849264826157,0.04387516868202186,0.04972116297067619,0.05832612473281478,0.07013451369895375,0.08575265762499819,0.10597612395476796,0.13182428291218173,0.16458231379345464,0.20585042583657356,0.257599108067124,0.3222274881593429,0.402618887333185,0.502182634210991,0.6248628976604425,0.7750816829536127,0.9575608552634775,1.176931524869634,1.436978956709663,1.739271472434754,2.080755801392896,2.4496244375499616,2.8183011880808375,3.1316426627410348,3.287283062237607,3.28728306217439,3.1316426625561817,2.8183011877887516,2.449624437175639,2.080755800965065,1.7392714719805922,1.4369789562518023,1.176931524425215,0.9575608548441796,0.7750816825661493,0.6248628973077466,0.502182633893745,0.40261888705091836,0.3222274879107894,0.2575991078502307,0.20585042564865796,0.16458231363147963,0.13182428277296926,0.10597612383518319,0.08575265752208594,0.07013451360992223,0.05832612465492804,0.04972116290119262,0.04387516861819408,0.04048492642167659,0.03937412635053322
0.039199473485835454,0.04030588383950149,0.04368275409417617,0.049505777387183994,0.058077112749379524,0.06983968108995399,0.08539772794674504,0.10554411572749528,0.1312947887611345,0.16393066370685233,0.2050467192170283,0.25660710482931426,0.3210033598360406,0.4011098482949728,0.5003255060024417,0.6225827148327131,0.7722905412156791,0.9541573571129631,1.1728014370190074,1.4319981324697446,1.733312841550303,2.0737035160805144,2.4414004698897394,2.808913421755545,3.1212697427544223,3.2764211538383368,3.276421153762871,3.1212697425416516,2.8089134214371585,2.4414004694982614,2.073703515644071,1.7333128410931635,1.4319981320123965,1.1728014365771335,0.9541573566968913,0.7722905408311678,0.6225827144825211,0.5003255056877401,0.4011098480158621,0.3210033595913596,0.2566071046165852,0.20504671903299337,0.16393066354819846,0.13129478862478963,0.10554411561053756,0.0853977278462996,0.06983968100319525,0.058077112673534596,0.04950577731950988,0.04368275403192933,0.04030588377995663,0.039199473426634455
0.0390216972288218,0.04012366257130829,0.04348699689690483,0.04928678261165883,0.05782413392218763,0.0695404520102335,0.08503792996410922,0.10510676981306209,0.13075955500057518,0.16327303177040917,0.20423707600408375,0.25560967111074556,0.3197749983184002,0.399598764267491,0.49846989368974676,0.6203094561046157,0.7695141523413777,0.9507795275289748,1.1687117526500987,1.427076996616737,1.7274383238369475,2.06676509092161,2.4333247164805267,2.7997103403179735,3.1111142829103344,3.265793981433218,3.265793981348149,3.1111142826748415,2.799710339976436,2.4333247160724087,2.0667650904764097,1.7274383233775574,1.4270769961614935,1.1687117522123225,0.9507795271171511,0.7695141519605785,0.6203094557579759,0.49846989337902725,0.3995987639929397,0.3197749980785301,0.2556096709025863,0.20423707582401876,0.16327303161505996,0.1307595548670684,0.10510676969869927,0.08503792986608244,0.06954045192567734,0.05782413384830059,0.04928678254570403,0.04348699683614282,0.040123662513040025,0.039021697170799834
0.03884264887322581,0.03994015565414199,0.04328991626013303,0.049066411319414374,0.05756972639231884,0.06923976827392155,0.08467671492745557,0.10466816111477165,0.13022340319106557,0.1626151175763145,0.20342821216765875,0.25461468192553555,0.31855158043408355,0.39809625063834186,0.4966279735655654,0.6180569556930149,0.766768066544232,0.9474446356865999,1.1646813897895811,1.4222359548380856,1.7216695459009599,2.059962996930242,2.425420024709923,2.7907146705824757,3.1011985096094152,3.255423306764259,3.2554233066749414,3.1011985093626904,2.7907146702272487,2.4254200242910042,2.059962996480061,1.7216695454420377,1.42223595438644,1.1646813893562855,0.9474446352791075,0.7667680661678632,0.618056955351526,0.49662797326079544,0.3980962503699078,0.31855158019973584,0.25461468172194346,0.20342821199127945,0.16261511742403684,0.13022340306027375,0.10466816100290313,0.08467671483170829,0.06923976819139156,0.05756972632020233,0.04906641125500722,0.04328991620072664,0.039940155597071474,0.0388426488163097
0.038663943246034005,0.0397570140579911,0.043093272417829065,0.04884660860684604,0.057316099750669675,0.06894018903539019,0.08431708323051457,0.10423183038535498,0.12969052138628423,0.16196187100783435,0.20262596049518072,0.2536289785110549,0.3173410825132614,0.39661154160326306,0.49481034973288895,0.615837279896877,0.7640658735124551,0.9441678111730549,1.1607269744430377,1.4174930104022032,1.7160256801530709,2.0533172729440925,2.417706914201496,2.7819469907351935,3.0915427129323847,3.245329093916679,3.245329093828135,3.0915427126864548,2.781946990379271,2.4177069137825336,2.053317272496331,1.7160256796984505,1.4174930099552692,1.1607269740142776,0.9441678107704028,0.7640658731418809,0.615837279562248,0.49481034943542185,0.3966115413415958,0.31734108228444435,0.2536289783117291,0.20262596032223748,0.16196187085857333,0.12969052125823066,0.10423183027591387,0.08431708313684785,0.06894018895461473,0.057316099680043725,0.04884660854373743,0.04309327235960272,0.03975701400204845,0.038663943190221664
0.038486977021333114,0.039575665560739055,0.042898587182598084,0.04862905540074235,0.05706516262357049,0.06864392394865786,0.08396162467820664,0.1038008332861565,0.1291645238123686,0.16131756449331122,0.20183535745763323,0.25265847185529167,0.3161504025330211,0.39515263264355466,0.49302621819865633,0.6136609134133258,0.7614194105817199,0.9409622723434614,1.1568630857995597,1.4128640209019232,1.71052370562905,2.0468457810664464,2.410203816273614,2.7734259442214175,3.0821654309836295,3.2355296747510707,3.2355296746672657,3.0821654307493396,2.7734259438784066,2.4102038158666224,2.0468457806289613,1.7105237051825541,1.4128640204613065,1.1568630853765747,0.9409622719472052,0.7614194102184505,0.6136609130864211,0.4930262179085758,0.39515263238828624,0.3161504023093368,0.25265847166002897,0.20183535728815652,0.16131756434722486,0.12916452368715164,0.10380083317906844,0.08396162458640517,0.06864392386936725,0.057065162554162,0.0486290553386759,0.04289858712535273,0.03957566550583639,0.03848697696663966
0.03831294870665135,0.03939733529231676,0.04270716617943965,0.04841519356096954,0.05681855190011016,0.06835286787585995,0.08361256015122379,0.103377790609437,0.12864851137166647,0.16068586561599496,0.20106072980864814,0.2517082451581959,0.3149854802031512,0.3937264197494946,0.49128352631804284,0.6115369394283346,0.7588389629667923,0.937839544947124,1.153102489945781,1.4083629419109103,1.705178654467833,2.040564447053875,2.4029272983620555,2.765168439418547,3.0730836214131148,3.226041902559038,3.226041902482724,3.0730836211981054,2.7651684390984697,2.402927297975747,2.040564446632368,1.7051786540331033,1.4083629414796044,1.1531024895311903,0.9378395445590805,0.7588389626115647,0.6115369391089699,0.49128352603468983,0.39372641949998854,0.3149854799842617,0.251708244966961,0.2010607296427478,0.16068586547318667,0.12864851124930612,0.10337779050464024,0.08361256006118549,0.06835286779793413,0.05681855183176755,0.04841519349975662,0.042707166122990046,0.03939733523833872,0.03831294865305219
0.038142879285412504,0.03922306691504632,0.04252012165379776,0.04820625144729202,0.056577662254886155,0.06806863564988279,0.08327178299377323,0.10296493778351942,0.12814513085872567,0.1600699077143275,0.2003057782819034,0.2507826523134934,0.31385141179994114,0.39233883192555813,0.4895891238751991,0.6094732095536303,0.7563334519632248,0.9348096668513985,1.1494563579313877,1.4040020535290045,1.7000038402869582,2.0344874822800847,2.395892270531185,2.7571898327619513,3.0643128182703974,3.2168812923547683,3.2168812922864882,3.0643128180765755,2.757189832468051,2.3958922701687415,2.034487481877372,1.70000383986712,1.4040020531103694,1.1494563575278467,0.9348096664729073,0.7563334516162776,0.6094732092414765,0.4895891235980252,0.39233883168123795,0.31385141158543706,0.25078265212612455,0.2003057781195746,0.16006990757482695,0.1281451307392597,0.10296493768107863,0.08327178290557245,0.06806863557335903,0.05657766218757483,0.04820625138683365,0.04252012159801802,0.03922306686188043,0.03814287923283162
0.03797763267750838,0.03905374359017263,0.04233839496802557,0.04800326900521812,0.05634367493939106,0.06779259576159138,0.08294089887281238,0.10256417226986889,0.12765663134396782,0.15947235676335758,0.19957365650582365,0.24988541035681902,0.31275255752624564,0.3909949546017928,0.48794890329410634,0.6074765010053282,0.7539106084597638,0.931881376203377,1.145934465593155,1.3997921673687186,1.6950110662346325,2.0286275853552618,2.389112172499851,2.7495040941004967,3.05586727325708,3.208062147013448,3.2080621469517263,3.0558672730808167,2.749504093829796,2.3891121721597712,2.028627584971473,1.6950110658310011,1.3997921669644364,1.1459344652020538,0.9318813758353715,0.7539106081216892,0.607476500700582,0.4879489030227743,0.3909949543619441,0.31275255731547874,0.2498854101730591,0.1995736563471313,0.1594723566273195,0.12765663122754203,0.10256417216992439,0.08294089878656632,0.0677925956865385,0.056343674873137246,0.04800326894552273,0.04233839491290728,0.039053743537764654,0.03797763262584975
0.03781793539575597,0.03889010810059493,0.04216277813316313,0.0478071216797993,0.05611758509904772,0.0675259021641388,0.08262126322597617,0.1021770978856241,0.1271849166692581,0.15889547338970714,0.1988670438971494,0.24901968455569606,0.3116926399967246,0.3896991424890968,0.48636792747815855,0.605552659513099,0.7515771302751598,0.9290622816067376,1.1425453738199036,1.3957428128124516,1.6902108117354582,2.022996122634832,2.3825991406412173,2.742123953940871,3.0477600811754457,3.199597669111209,3.199597669053745,3.0477600810105714,2.7421239536869737,2.38259914031911,2.022996122267707,1.6902108113468843,1.3957428124218327,1.1425453734411422,0.9290622812497948,0.7515771299466948,0.6055526592160204,0.4863679272122999,0.38969914225310254,0.31169263978932876,0.24901968437559652,0.19886704374234418,0.1588954732573031,0.12718491655592398,0.10217709778819413,0.08262126314171929,0.06752590209061562,0.05611758503394972,0.04780712162100561,0.042162778078829795,0.03889010804896607,0.03781793534493372
0.037664394963810396,0.0387327816910416,0.041993933924516474,0.04761854268528141,0.05590022711624529,0.06726952366147097,0.08231401572802027,0.10180506544217259,0.1267315934074473,0.1583411693374425,0.1981882118230769,0.24818816541360372,0.31067483311615074,0.3884551211577114,0.48485054458865057,0.6037067273239436,0.7493388227636977,0.9263590138650808,1.139296588939431,1.3918624023675297,1.685612397908932,2.017603287743087,2.3763641552047727,2.7350610329094556,3.040003289929594,3.1915000588155578,3.1915000587600812,3.0400032897695253,2.73506103266449,2.3763641548944143,2.0176032873887837,1.6856123975328365,1.3918624019886252,1.139296588571931,0.9263590135189222,0.7493388224447394,0.6037067270342465,0.4848505443280428,0.3884551209257204,0.31067483291256276,0.248188165237558,0.1981882116722747,0.15834116920853528,0.12673159329700295,0.10180506534714896,0.08231401564576446,0.06726952358957507,0.05590022705246463,0.04761854262759302,0.04199393387114474,0.038732781640251665,0.037664394913770584
0.03751751681913406,0.03858228134762419,0.041832414298268526,0.04743814334070562,0.055692297680921425,0.06702427057386807,0.08202011146127888,0.10144920938104765,0.1262980139680919,0.15781105807563123,0.1975390827418898,0.24739313733073748,0.3097018411418704,0.3872660771957737,0.48340048970213795,0.6019430563411076,0.7472007228473151,0.9237773595813865,1.1361947036583055,1.3881583766893992,1.6812241323548722,2.0124582408967506,2.3704171685891167,2.728325954248008,3.0326079958359027,3.18378059853274,3.183780598477212,3.0326079956746606,2.7283259540042706,2.370417168284144,2.012458240551346,1.6812241319888255,1.3881583763203262,1.1361947033004873,0.9237773592446145,0.7472007225366285,0.6019430560580789,0.4834004894469768,0.3872660769687023,0.3097018409429885,0.24739313715905276,0.19753908259485647,0.15781105794983824,0.12629801386027753,0.10144920928834063,0.08202011138103635,0.0670242705036579,0.05569229761855754,0.0474381432842609,0.04183241424599349,0.03858228129774473,0.03751751676988461
0.037377719553066686,0.038439035369245596,0.04167867696302759,0.04726643132834598,0.05549437645104417,0.06679081855214676,0.08174034867646322,0.10111048031530123,0.12588531478814247,0.15730649952747905,0.19692128235531448,0.2466365390223032,0.3087759681152492,0.38613473723417346,0.482020973751334,0.6002654069352039,0.745167207153244,0.9213223774386344,1.1332455195218325,1.3846373303684107,1.677053434499188,2.0075692292724696,2.364767215897645,2.721928440496751,3.0255844252750688,3.176449725258067,3.176449725201362,3.025584425109871,2.7219284402505366,2.364767215594828,2.007569228933713,1.6770534341416117,1.384637330007691,1.1332455191719137,0.9213223771092088,0.7451672068490754,0.6002654066580478,0.48202097350193834,0.3861347370128904,0.3087759679217215,0.24663653885506037,0.19692128221177893,0.15730649940454847,0.12588531468280095,0.10111048022476375,0.0817403485980713,0.06679081848349083,0.05549437639004969,0.04726643127318097,0.041678676911922785,0.03843903532035328,0.03737771950467414
0.037245348440483765,0.038303397185312095,0.04153310006677254,0.04710382684589954,0.0553069442895363,0.06656972954899877,0.08147539318200221,0.10078967355387612,0.12549444973587198,0.15682863911291345,0.1963361850419286,0.24592001605567346,0.3078991781304962,0.3850634364288763,0.4807147604783029,0.5986770333056812,0.74324208529067,0.9189984983475926,1.1304541522198286,1.381305119919991,1.6731069430143295,2.0029436899518482,2.3594225092614747,2.715877395730657,3.0189420038916293,3.169517091725853,3.169517091668796,3.0189420037255457,2.715877395485392,2.3594225089628513,2.0029436896199333,1.6731069426644036,1.3813051195664672,1.1304541518762443,0.9189984980236304,0.7432420849914547,0.5986770330336476,0.48071476023462556,0.38506343621360134,0.3078991779425003,0.24592001589291868,0.19633618490184748,0.15682863899272517,0.12549444963275563,0.10078967346512549,0.0814753931050779,0.06656972948164136,0.05530694422980231,0.047103826791988296,0.04153310001683651,0.038303397137430174,0.03724534839297828
0.03712068728675436,0.0381756574503966,0.04139599503883871,0.04695067670757875,0.05513039915548876,0.06636147005603124,0.08122579951030182,0.1004874538076604,0.12512621898921658,0.15637844144222443,0.1957849530008206,0.24524496604246288,0.30707314709853184,0.38405417719326385,0.47948423233892995,0.5971807564865362,0.7414286795179438,0.9168096108649273,1.1278251212750003,1.3781669556165708,1.6693906070077276,1.9985883371315094,2.3543905175413626,2.71018097481792,3.0126894146334657,3.1629916175335486,3.162991617477899,3.0126894144725926,2.7101809745805223,2.354390517251514,1.9985883368078485,1.669390606665351,1.3781669552698597,1.127825120937115,0.9168096105455283,0.7414286792228975,0.597180756219136,0.4794842321005897,0.3840541769836253,0.30707314691579773,0.2452449658840706,0.19578495286406553,0.15637844132447576,0.12512621888788267,0.1004874537202452,0.08122579943451902,0.06636146998979292,0.05513039909689402,0.046950676654777146,0.04139599498990816,0.03817565740339727,0.03712068724001622
0.03700396867329648,0.03805605450063543,0.04126761768233582,0.04680726650776524,0.0549650697900251,0.0661664267828541,0.08099202908336658,0.10020437635672635,0.12478129373708707,0.15595671909169448,0.19526856963339642,0.24461257712576048,0.3062993067732725,0.3831086790877247,0.478331446414998,0.5957790262067668,0.739729892164254,0.9147591333899351,1.1253624257461798,1.3752274788835779,1.6659097627408328,1.9945092353374156,2.349678033053332,2.704846641187811,3.006834645934411,3.156881531426256,3.1568815313722283,3.0068346457800756,2.7048466409600924,2.3496780327732387,1.9945092350223546,1.6659097624066805,1.3752274785448773,1.1253624254151162,0.9147591330758473,0.739729891873805,0.5957790259440431,0.47833144618153767,0.3831086788828976,0.30629930659494864,0.24461257697108305,0.19526856949948393,0.15595671897597324,0.12478129363721728,0.10020437627046123,0.08099202900859799,0.06616642671756567,0.05496506973228895,0.04680726645570259,0.04126761763404893,0.03805605445423447,0.037003968627072975
0.036895382718460365,0.03794478329239985,0.041148177649020096,0.04667383099874839,0.05481122737650643,0.06598491999568865,0.08077446564370945,0.0999409050046731,0.12446023710163592,0.15556415694377776,0.19478786774342569,0.24402386045386662,0.30557888185649573,0.3822284208196479,0.4772581814328018,0.5944739728535989,0.7381482621999584,0.912850074668798,1.1230696075882303,1.3724908269793485,1.6626691976278427,1.990711860359512,2.345291226931566,2.699881214557689,3.001385031303292,3.151194405890704,3.1511944058361236,3.001385031149601,2.6998812143327946,2.3452912266561,1.9907118600511933,1.6626691973031116,1.3724908266513658,1.1230696072668027,0.9128500743622701,0.7381482619155014,0.5944739725958897,0.4772581812035788,0.38222842061843254,0.3055788816813509,0.24402386030199502,0.19478786761188016,0.1555641568299628,0.12446023700324596,0.09994090491952409,0.080774465569723,0.06598491993091747,0.054811227319096184,0.04667383094690754,0.041148177600954496,0.037944783246270354,0.036895382672505854
0.03679508449093662,0.037842002964375024,0.041037846449626256,0.04655056285548189,0.05466909537635073,0.06581721475424263,0.08057342823694658,0.09969742716537203,0.12416352169782992,0.15520133259154317,0.19434355315062582,0.2434796773432401,0.3049129210027065,0.3814146753038959,0.4762659769747509,0.5932674507647359,0.7366860123177869,0.9110850840925,1.120949804256298,1.3699606866137546,1.6596732031892636,1.9872011495444732,2.3412356946655186,2.6952909099986697,2.9963472815198964,3.1459371851437723,3.1459371850865376,2.9963472813598924,2.6952909097677797,2.3412356943880335,1.9872011492404675,1.6596732028747516,1.3699606862987317,1.120949803947181,0.9110850837959734,0.7366860120407781,0.5932674505122144,0.4762659767490494,0.38141467510533156,0.3049129208299346,0.2434796771936867,0.19434355302133216,0.1552013324796949,0.12416352160087038,0.09969742708100277,0.08057342816315803,0.06581721468932424,0.05466909531868854,0.04655056280343087,0.04103784640145492,0.0378420029182403,0.03679508444509991
0.03670320022175304,0.037747843172891836,0.040936764160977065,0.04643762000814614,0.05453885774903888,0.06566353029187269,0.08038918203666803,0.09947426642828046,0.1238915442430556,0.15486873329846937,0.1939362242993066,0.2429807618135078,0.3043023225180211,0.3806685386969056,0.4753561659216234,0.5921610740139017,0.7353450878126591,0.9094664931877295,1.119005792042888,1.367640338050722,1.6569256185195604,1.9839815429684409,2.337516493238636,2.691081369621538,2.991727510552956,3.1411162075229377,3.141116207462979,2.9917275103855046,2.691081369382239,2.337516492957405,1.9839815426681031,1.6569256182145786,1.367640337747806,1.1190057917459726,0.909466492902036,0.7353450875441317,0.5921610737672489,0.47535616569982825,0.3806685385012037,0.3043023223476821,0.24298076166620716,0.19393622417202422,0.15486873318815272,0.12389154414691943,0.09947426634397749,0.08038918196241707,0.06566353022629325,0.054538857690764435,0.04643761995561606,0.04093676411244865,0.037747843126521595,0.03670320017593468
0.036619832461437095,0.037662409350524666,0.04084504499037705,0.04633513172102007,0.054420665760855295,0.06552404777797967,0.08022194729354427,0.09927169293615201,0.12364463761182885,0.15456676998008045,0.19356638841057944,0.2425277391356503,0.3037478554954427,0.3799909542558008,0.47452990109048426,0.5911562457680448,0.7341271884465609,0.9079963495843083,1.1172400215100555,1.3655326911066188,1.6544298656907197,1.9810570168726536,2.334138171160497,2.6872576880391428,2.9875312562062035,3.1367372231918744,3.1367372231318544,2.987531256037952,2.687257687797865,2.334138170879813,1.981057016576544,1.654429865391936,1.3655326908109275,1.1172400212218923,0.907996349308665,0.7341271881878486,0.5911562455295848,0.47452990087483654,0.3799909540643877,0.30374785532791204,0.24252773899007904,0.1935663882842594,0.154566769870114,0.12364463751546852,0.09927169285120675,0.08022194721846654,0.06552404771155687,0.054420665701809846,0.0463351316678033,0.04084504494124399,0.037662409303731645,0.036619832415497273
0.03654506432330785,0.037585787032126956,0.04076278185108713,0.046243203587711765,0.05431464357567205,0.06539891668687241,0.08007190667203878,0.09908993188610024,0.12342308070260712,0.1542957886391366,0.19323447468279994,0.24212114097984622,0.303250177063952,0.3793827317966314,0.4737881769428619,0.5902541821917857,0.7330337943697287,0.9066764446151429,1.1156546462401558,1.3636403143102993,1.6521889783645722,1.9784311105972294,2.3311047925426074,2.6838244326306087,2.9837634963816786,3.132805407967563,3.1328054079125978,2.983763496225703,2.683824432399188,2.331104792268193,1.9784311103041925,1.6521889780666792,1.3636403140163067,1.115654645957445,0.9066764443488774,0.7330337941222789,0.5902541819642122,0.4737881767360169,0.3793827316109318,0.3032501768990783,0.24212114083482092,0.19323447455593332,0.15429578852810136,0.12342308060501642,0.09908993180000901,0.08007190659599221,0.06539891661957267,0.05431464351576775,0.04624320353365333,0.04076278180117939,0.037585786984773134,0.03654506427698633
0.03647896294375769,0.03751804538215976,0.04069005009170893,0.04616192160035351,0.054220892806081694,0.06528825997853843,0.0799392112143724,0.09892917043556804,0.12322710644821815,0.15405607964327225,0.19294084499466202,0.24176141768934903,0.3028098463561945,0.37884456344167133,0.4731318471405519,0.5894559317626842,0.732066187045025,0.9055083355713679,1.1142515459879996,1.361965458342839,1.6502056247340227,1.9761069480981566,2.328419956228713,2.6807856595100725,2.980428661738779,3.1293253739654063,3.129325373921021,2.9804286616086246,2.6807856593004744,2.3284199559656353,1.9761069478070215,1.6502056244337804,1.3619654580484872,1.1142515457101845,0.9055083353144238,0.7320661868088174,0.5894559315460804,0.4731318469426537,0.37884456326168725,0.3028098461936707,0.24176141754413094,0.1929408448661661,0.1540560795301065,0.12322710634862372,0.09892917034794171,0.0799392111372379,0.0652882599103781,0.05422089274533339,0.04616192154543167,0.040690050040981855,0.0375180453340654,0.03647896289662262
0.03642158227764371,0.03745924004403234,0.040626910508039,0.04609135543451843,0.054139496185308354,0.0651921782758616,0.07982398514603468,0.09878956326359199,0.1230569082629372,0.15384788518806639,0.19268580251031164,0.2414489481441435,0.30242733572689845,0.3783770362576462,0.47256163862475353,0.5887623907506487,0.731225466003705,0.9044933635043905,1.1130323451723796,1.3605100747208092,1.6484821257595987,1.9740872549863315,2.326086810856272,2.678144925982519,2.977530645427445,3.126301177676272,3.126301177643744,2.977530645326807,2.678144925800199,2.3260868106091372,1.9740872547003006,1.6484821254598743,1.3605100744283396,1.1130323448997235,0.9044933632549249,0.7312254657758943,0.588762390542178,0.47256163843359456,0.3783770360821731,0.30242733556646606,0.24144894799887978,0.19268580238013605,0.1538478850723613,0.12305690816088383,0.09878956317417634,0.07982398506777787,0.06519217820692648,0.05413949612381954,0.04609135537874714,0.04062691045640087,0.03745923999486697,0.03642158222918392
0.03637296533328155,0.037409415418014555,0.04057341175031142,0.046031561073924955,0.05407052050012973,0.06511075319961081,0.07972632971045389,0.09867123700594711,0.12291264518138853,0.15367140524329753,0.19246959853311477,0.2411840476125401,0.3021030396774599,0.3779806423047127,0.4720781628047051,0.5881743155104276,0.7305125621381686,0.9036326673309287,1.1119984275053088,1.3592758305488315,1.647020469529815,1.9723743718890123,2.324108066589969,2.6759053001468396,2.9750728104754467,3.1237363260110915,3.1237363259817132,2.9750728103838506,2.67590529997625,2.3241080663530047,1.9723743716105344,1.6470204692369468,1.359275830263356,1.1119984272389951,0.9036326670867245,0.730512561915065,0.5881743153065608,0.4720781626177804,0.37798064213259275,0.30210303951907996,0.24118404746770983,0.19246959840176586,0.15367140512539637,0.12291264507701154,0.09867123691472235,0.0797263296310048,0.06511075312981314,0.05407052043780005,0.04603156101715365,0.040573411697491214,0.03740941536741117,0.03637296528320154
0.03633314593757907,0.03736860646002452,0.040529592223543076,0.045982582881814546,0.054014018904715244,0.0650440499986917,0.07964632619230962,0.09857429375072306,0.122794445907502,0.15352680223605364,0.19229243790040126,0.24096697392887304,0.30183728187554526,0.3776557865366303,0.47168192434774103,0.5876923321308308,0.7299282481270968,0.9029271948840796,1.1111509474381218,1.3582641200387044,1.6458223224391855,1.9709702647995826,2.3224860041405684,2.674069368188363,2.973057995300895,3.1216337807444394,3.1216337806989447,2.973057995170915,2.6740693679850582,2.3224860038860653,1.9709702645187557,1.6458223221546422,1.3582641197654908,1.1111509471825656,0.9029271946475002,0.7299282479093864,0.5876923319310629,0.4716819241640472,0.3776557863670744,0.30183728171891483,0.24096697378458376,0.19229243776834434,0.15352680211668004,0.12279444580142332,0.0985742936578057,0.07964632611124461,0.06504404992741125,0.05401401884100192,0.04598258282372072,0.0405295921693025,0.037368606407904854,0.03633314588607426
0.03630215010759616,0.03733684007926626,0.04049548156387813,0.04594445520959784,0.053970032716686975,0.06499211959108783,0.0795840382629139,0.09849881374992761,0.12270241195451581,0.15341420468089959,0.19215448316377937,0.24079793227870094,0.30163032059013545,0.3774027929149122,0.47137332797916226,0.5873169438957933,0.7294731464913453,0.9023777114438627,1.1104908389822734,1.3574760733644604,1.644889037749892,1.9698765329625407,2.3212224815802447,2.672639239820046,2.9714885177462107,3.119995961712512,3.1199959616341872,2.971488517534728,2.672639239537567,2.321222481272471,1.9698765326592922,1.6448890374671148,1.3574760731058144,1.1104908387444181,0.9023777112229462,0.729473146285306,0.5873169437033253,0.47137332779924557,0.377402792747123,0.3016303204342753,0.24079793213444511,0.19215448303119115,0.1534142045606956,0.122702411847274,0.09849881365526339,0.07958403817955792,0.06499211951739536,0.05397003265090561,0.045944455149896334,0.04049548150825244,0.03733684002584336,0.03630215005486568
0.03627999709101102,0.037314136198595554,0.04047110175871721,0.04591720361693866,0.0539385927790998,0.06495500011107487,0.07953951375791249,0.09844485747369836,0.12263662002284899,0.1533337099284718,0.1920558577535951,0.2406770788201077,0.3014823528031557,0.37722190903278685,0.4711526836234436,0.5870485369231476,0.7291477356774245,0.9019848061709834,1.1100188223493774,1.3569125633105117,1.6442216619980923,1.9690944147488192,2.320318939391336,2.671616552273474,2.97036617798484,3.118824749070519,3.1188247489636303,2.9703661777000288,2.671616551914334,2.320318939026889,1.969094414417035,1.6442216617120877,1.3569125630656778,1.1100188221331486,0.901984805971793,0.7291477354881183,0.5870485367406294,0.4711526834478472,0.3772219088660855,0.30148235264708684,0.24067707867533222,0.19205585762049956,0.15333370980764927,0.12263661991444895,0.09844485737701394,0.07953951367187558,0.06495500003461381,0.05393859271092861,0.04591720355530134,0.040471101701544124,0.03731413614401142,0.0362799970370854
0.03626670012536788,0.03730050852829867,0.04045646796378581,0.045900845761985005,0.053919720454287036,0.06493271803837686,0.07951278597405434,0.09841246710829012,0.1225971237335432,0.15328538616870974,0.191996648284837,0.24060452332166296,0.30139351720375546,0.377113309481671,0.47102021014529366,0.5868873842640748,0.728952354475562,0.9017488967734426,1.1097354087599547,1.3565742100778606,1.6438209396167058,1.9686247918866386,2.3197764040918547,2.6710024731509554,2.9696922605763176,3.118121484857599,3.1181214847510996,2.9696922602908846,2.671002472788328,2.319776403722643,1.9686247915526953,1.6438209393349184,1.3565742098444484,1.109735408560261,0.9017488965919106,0.7289523543009857,0.5868873840913728,0.4710202099750593,0.3771133093172331,0.3013935170479445,0.24060452317601363,0.19199664815044468,0.15328538604640235,0.12259712362333214,0.0984124670094072,0.07951278588553534,0.06493271795930051,0.05391972038353246,0.0459008456979698,0.04045646790475763,0.037300508472454696,0.036266700070438515
0.036262266954120714,0.03729596509152983,0.04045158905790359,0.04589539200587422,0.05391342829905948,0.06492528896511612,0.07950387454987269,0.0984016675731269,0.12258395480513122,0.15326927379083588,0.19197690612234364,0.24058033095325618,0.30136389622138376,0.3770770981362512,0.47097603788706177,0.5868336486809203,0.7288872050097056,0.9016702326607002,1.10964090369168,1.3564613845313702,1.6436873160608159,1.968468192323835,2.3195954906877896,2.6707977023463902,2.969467535829908,3.1178869739992603,3.117886973917222,2.969467535606052,2.6707977020475075,2.3195954903661296,1.9684681920188976,1.6436873157934773,1.3564613843045523,1.1096409034967447,0.9016702324851836,0.728887204842607,0.5868336485159671,0.4709760377232972,0.3770770979755961,0.3013638960661428,0.24058033080583577,0.19197690598539963,0.15326927366617354,0.12258395469280976,0.09840166747213563,0.079503874459196,0.06492528888388448,0.05391342822607818,0.04589539193967532,0.04045158899724585,0.03729596503467282,0.036262266898583875
