Model: _06_23_23_model1
Simulation: base_model_KdpNdc80pMps1___kpp___0_1
(SimID_0 (PDE Simulation)) 
Sim time range (0.0 500.0) (saved timepoints 51) 
Number of variables 37 
Variable names ['pH2A_Sgo1_pH3_CPCa', 'pMps1i', 'Bub1a_his', 'pNdc80_Mps1i', 'Bub1a', 'H2A', 'Plk1i', 'Ndc80_pMps1i', 'pNdc80_pMps1i', 'pH3_CPCi', 'Ndc80_pMps1a', 'H3', 'pNdc80_pMps1a', 'Haspina', 'pH2A_Sgo1_CPCi', 'Ndc80_Mps1a', 'pKnl1_Bub1a', 'pH3_CPCa', 'CPCa', 'pH2A_Sgo1_CPCa', 'pH3', 'Mps1a', 'pMps1a', 'pH2A_Sgo1', 'Sgo1', 'Plk1a', 'Mps1i', 'CPCi', 'Haspini', 'Knl1', 'pNdc80', 'pH2A', 'pNdc80_Mps1a', 'pH2A_Sgo1_pH3_CPCi', 'Ndc80_Mps1i', 'Ndc80', 'pKnl1'] 
 
2D Slice for variable Ndc80_Mps1i at time 220.0 in plane XY at Z = 0 
 
X in rows, Y in columns 
0.1272962002713582,0.1272962002713581,0.1272962002713581,0.1272962002713581,0.1272962002713581,0.1272962002713581,0.1272962002713581,0.1272962002713581,0.1272962002713581,0.1272962002713581,0.1272962002713581,0.1272962002713581,0.1272962002713581,0.1272962002713581,0.1272962002713581,0.1272962002713581,0.1272962002713581,0.1272962002713581,0.1272962002713581,0.1272962002713581,0.1272962002713581,0.1272962002713581,0.1272962002713581,0.1272962002713581,0.1272962002713581,0.1272962002713581,0.1272962002713581,0.1272962002713581,0.1272962002713581,0.1272962002713581,0.1272962002713581,0.1272962002713581,0.1272962002713581,0.1272962002713581,0.1272962002713581,0.1272962002713581,0.1272962002713581,0.1272962002713581,0.1272962002713581,0.1272962002713581,0.1272962002713581,0.1272962002713581,0.1272962002713581,0.1272962002713581,0.1272962002713581,0.1272962002713581,0.1272962002713581,0.1272962002713581,0.1272962002713581,0.1272962002713581,0.1272962002713581,0.1272962002713581,0.1272962002713581,0.1272962002713581,0.1272962002713581,0.1272962002713581,0.1272962002713581,0.1272962002713581,0.1272962002713581,0.1272962002713581,0.1272962002713581,0.1272962002713581,0.1272962002713581,0.1272962002713581,0.1272962002713581,0.1272962002713581,0.1272962002713581,0.12729620027135818
0.12729620027135735,0.12729620027135732,0.1272962002713573,0.1272962002713573,0.1272962002713573,0.1272962002713573,0.1272962002713573,0.1272962002713573,0.1272962002713573,0.1272962002713573,0.1272962002713573,0.1272962002713573,0.1272962002713573,0.1272962002713573,0.1272962002713573,0.1272962002713573,0.1272962002713573,0.1272962002713573,0.1272962002713573,0.1272962002713573,0.1272962002713573,0.1272962002713573,0.1272962002713573,0.1272962002713573,0.1272962002713573,0.1272962002713573,0.1272962002713573,0.1272962002713573,0.1272962002713573,0.1272962002713573,0.1272962002713573,0.1272962002713573,0.1272962002713573,0.1272962002713573,0.1272962002713573,0.1272962002713573,0.1272962002713573,0.1272962002713573,0.1272962002713573,0.1272962002713573,0.1272962002713573,0.1272962002713573,0.1272962002713573,0.1272962002713573,0.1272962002713573,0.1272962002713573,0.1272962002713573,0.1272962002713573,0.1272962002713573,0.1272962002713573,0.1272962002713573,0.1272962002713573,0.1272962002713573,0.1272962002713573,0.1272962002713573,0.1272962002713573,0.1272962002713573,0.1272962002713573,0.1272962002713573,0.1272962002713573,0.1272962002713573,0.1272962002713573,0.1272962002713573,0.1272962002713573,0.1272962002713573,0.1272962002713573,0.12729620027135732,0.12729620027135735
0.12729620027135735,0.12729620027135735,0.12729620027135735,0.12729620027135735,0.12729620027135735,0.12729620027135735,0.12729620027135735,0.12729620027135735,0.12729620027135735,0.12729620027135735,0.12729620027135735,0.12729620027135735,0.12729620027135735,0.12729620027135735,0.12729620027135735,0.12729620027135735,0.12729620027135735,0.12729620027135735,0.12729620027135735,0.12729620027135735,0.12729620027135735,0.12729620027135735,0.12729620027135735,0.12729620027135735,0.12729620027135735,0.12729620027135735,0.12729620027135735,0.12729620027135735,0.12729620027135735,0.12729620027135735,0.12729620027135735,0.12729620027135735,0.12729620027135735,0.12729620027135735,0.12729620027135735,0.12729620027135735,0.12729620027135735,0.12729620027135735,0.12729620027135735,0.12729620027135735,0.12729620027135735,0.12729620027135735,0.12729620027135735,0.12729620027135735,0.12729620027135735,0.12729620027135735,0.12729620027135735,0.12729620027135735,0.12729620027135735,0.12729620027135735,0.12729620027135735,0.12729620027135735,0.12729620027135735,0.12729620027135735,0.12729620027135735,0.12729620027135735,0.12729620027135735,0.12729620027135735,0.12729620027135735,0.12729620027135735,0.12729620027135735,0.12729620027135735,0.12729620027135735,0.12729620027135735,0.12729620027135735,0.12729620027135735,0.12729620027135735,0.12729620027135735
0.12729620027135735,0.12729620027135735,0.12729620027135735,0.12729620027135735,0.12729620027135735,0.12729620027135735,0.12729620027135735,0.12729620027135735,0.12729620027135735,0.12729620027135735,0.12729620027135735,0.12729620027135735,0.12729620027135735,0.12729620027135735,0.12729620027135735,0.12729620027135735,0.12729620027135735,0.12729620027135735,0.12729620027135735,0.12729620027135735,0.12729620027135735,0.12729620027135735,0.12729620027135735,0.12729620027135735,0.12729620027135735,0.12729620027135735,0.12729620027135735,0.12729620027135735,0.12729620027135735,0.12729620027135735,0.12729620027135735,0.12729620027135735,0.12729620027135735,0.12729620027135735,0.12729620027135735,0.12729620027135735,0.12729620027135735,0.12729620027135735,0.12729620027135735,0.12729620027135735,0.12729620027135735,0.12729620027135735,0.12729620027135735,0.12729620027135735,0.12729620027135735,0.12729620027135735,0.12729620027135735,0.12729620027135735,0.12729620027135735,0.12729620027135735,0.12729620027135735,0.12729620027135735,0.12729620027135735,0.12729620027135735,0.12729620027135735,0.12729620027135735,0.12729620027135735,0.12729620027135735,0.12729620027135735,0.12729620027135735,0.12729620027135735,0.12729620027135735,0.12729620027135735,0.12729620027135735,0.12729620027135735,0.12729620027135735,0.12729620027135735,0.12729620027135735
0.12729620027135735,0.12729620027135735,0.12729620027135735,0.12729620027135735,0.12729620027135735,0.12729620027135735,0.12729620027135735,0.12729620027135735,0.12729620027135735,0.12729620027135735,0.12729620027135735,0.12729620027135735,0.12729620027135735,0.12729620027135735,0.12729620027135735,0.12729620027135735,0.12729620027135735,0.12729620027135735,0.12729620027135735,0.12729620027135735,0.12729620027135735,0.12729620027135735,0.12729620027135735,0.12729620027135735,0.12729620027135735,0.12729620027135735,0.12729620027135735,0.12729620027135735,0.12729620027135735,0.12729620027135735,0.12729620027135735,0.12729620027135735,0.12729620027135735,0.12729620027135735,0.12729620027135735,0.12729620027135735,0.12729620027135735,0.12729620027135735,0.12729620027135735,0.12729620027135735,0.12729620027135735,0.12729620027135735,0.12729620027135735,0.12729620027135735,0.12729620027135735,0.12729620027135735,0.12729620027135735,0.12729620027135735,0.12729620027135735,0.12729620027135735,0.12729620027135735,0.12729620027135735,0.12729620027135735,0.12729620027135735,0.12729620027135735,0.12729620027135735,0.12729620027135735,0.12729620027135735,0.12729620027135735,0.12729620027135735,0.12729620027135735,0.12729620027135735,0.12729620027135735,0.12729620027135735,0.12729620027135735,0.12729620027135735,0.12729620027135735,0.12729620027135735
0.12729620027135735,0.12729620027135735,0.12729620027135735,0.12729620027135735,0.12729620027135735,0.12729620027135735,0.12729620027135735,0.12729620027135735,0.12729620027135735,0.12729620027135735,0.12729620027135735,0.12729620027135735,0.12729620027135735,0.12729620027135735,0.12729620027135735,0.12729620027135735,0.12729620027135735,0.12729620027135735,0.12729620027135735,0.12729620027135735,0.12729620027135735,0.12729620027135735,0.12729620027135735,0.12729620027135735,0.12729620027135735,0.12729620027135735,0.12729620027135735,0.12729620027135735,0.12729620027135735,0.12729620027135735,0.12729620027135735,0.12729620027135735,0.12729620027135735,0.12729620027135735,0.12729620027135735,0.12729620027135735,0.12729620027135735,0.12729620027135735,0.12729620027135735,0.12729620027135735,0.12729620027135735,0.12729620027135735,0.12729620027135735,0.12729620027135735,0.12729620027135735,0.12729620027135735,0.12729620027135735,0.12729620027135735,0.12729620027135735,0.12729620027135735,0.12729620027135735,0.12729620027135735,0.12729620027135735,0.12729620027135735,0.12729620027135735,0.12729620027135735,0.12729620027135735,0.12729620027135735,0.12729620027135735,0.12729620027135735,0.12729620027135735,0.12729620027135735,0.12729620027135735,0.12729620027135735,0.12729620027135735,0.12729620027135735,0.12729620027135735,0.12729620027135735
0.12729620027135735,0.12729620027135735,0.12729620027135735,0.12729620027135735,0.12729620027135735,0.12729620027135735,0.12729620027135735,0.12729620027135735,0.12729620027135735,0.12729620027135735,0.12729620027135735,0.12729620027135735,0.12729620027135735,0.12729620027135735,0.12729620027135735,0.12729620027135735,0.12729620027135735,0.12729620027135735,0.12729620027135735,0.12729620027135735,0.12729620027135735,0.12729620027135735,0.12729620027135735,0.12729620027135735,0.12729620027135735,0.12729620027135735,0.12729620027135735,0.12729620027135735,0.12729620027135735,0.12729620027135735,0.12729620027135735,0.12729620027135735,0.12729620027135735,0.12729620027135735,0.12729620027135735,0.12729620027135735,0.12729620027135735,0.12729620027135735,0.12729620027135735,0.12729620027135735,0.12729620027135735,0.12729620027135735,0.12729620027135735,0.12729620027135735,0.12729620027135735,0.12729620027135735,0.12729620027135735,0.12729620027135735,0.12729620027135735,0.12729620027135735,0.12729620027135735,0.12729620027135735,0.12729620027135735,0.12729620027135735,0.12729620027135735,0.12729620027135735,0.12729620027135735,0.12729620027135735,0.12729620027135735,0.12729620027135735,0.12729620027135735,0.12729620027135735,0.12729620027135735,0.12729620027135735,0.12729620027135735,0.12729620027135735,0.12729620027135735,0.12729620027135735
0.12729620027135735,0.12729620027135735,0.12729620027135735,0.12729620027135735,0.12729620027135735,0.12729620027135735,0.12729620027135735,0.12729620027135735,0.12729620027135735,0.12729620027135735,0.12729620027135735,0.12729620027135735,0.12729620027135735,0.12729620027135735,0.12729620027135735,0.12729620027135735,0.12729620027135735,0.12729620027135735,0.12729620027135735,0.12729620027135735,0.12729620027135735,0.12729620027135735,0.12729620027135735,0.12729620027135735,0.12729620027135735,0.12729620027135735,0.12729620027135735,0.12729620027135735,0.12729620027135735,0.12729620027135735,0.12729620027135735,0.12729620027135735,0.12729620027135735,0.12729620027135735,0.12729620027135735,0.12729620027135735,0.12729620027135735,0.12729620027135735,0.12729620027135735,0.12729620027135735,0.12729620027135735,0.12729620027135735,0.12729620027135735,0.12729620027135735,0.12729620027135735,0.12729620027135735,0.12729620027135735,0.12729620027135735,0.12729620027135735,0.12729620027135735,0.12729620027135735,0.12729620027135735,0.12729620027135735,0.12729620027135735,0.12729620027135735,0.12729620027135735,0.12729620027135735,0.12729620027135735,0.12729620027135735,0.12729620027135735,0.12729620027135735,0.12729620027135735,0.12729620027135735,0.12729620027135735,0.12729620027135735,0.12729620027135735,0.12729620027135735,0.12729620027135735
0.12729620027135735,0.12729620027135735,0.12729620027135735,0.12729620027135735,0.12729620027135735,0.12729620027135735,0.12729620027135735,0.12729620027135735,0.12729620027135735,0.12729620027135735,0.12729620027135735,0.12729620027135735,0.12729620027135735,0.12729620027135735,0.12729620027135735,0.12729620027135735,0.12729620027135735,0.12729620027135735,0.12729620027135735,0.12729620027135735,0.12729620027135735,0.12729620027135735,0.12729620027135735,0.12729620027135735,0.12729620027135735,0.12729620027135735,0.12729620027135735,0.12729620027135735,0.12729620027135735,0.12729620027135735,0.12729620027135735,0.12729620027135735,0.12729620027135735,0.12729620027135735,0.12729620027135735,0.12729620027135735,0.12729620027135735,0.12729620027135735,0.12729620027135735,0.12729620027135735,0.12729620027135735,0.12729620027135735,0.12729620027135735,0.12729620027135735,0.12729620027135735,0.12729620027135735,0.12729620027135735,0.12729620027135735,0.12729620027135735,0.12729620027135735,0.12729620027135735,0.12729620027135735,0.12729620027135735,0.12729620027135735,0.12729620027135735,0.12729620027135735,0.12729620027135735,0.12729620027135735,0.12729620027135735,0.12729620027135735,0.12729620027135735,0.12729620027135735,0.12729620027135735,0.12729620027135735,0.12729620027135735,0.12729620027135735,0.12729620027135735,0.12729620027135735
0.12729620027135735,0.12729620027135735,0.12729620027135735,0.12729620027135735,0.12729620027135735,0.12729620027135735,0.12729620027135735,0.12729620027135735,0.12729620027135735,0.12729620027135735,0.12729620027135735,0.12729620027135735,0.12729620027135735,0.12729620027135735,0.12729620027135735,0.12729620027135735,0.12729620027135735,0.12729620027135735,0.12729620027135735,0.12729620027135735,0.12729620027135735,0.12729620027135735,0.12729620027135735,0.12729620027135735,0.12729620027135735,0.12729620027135735,0.12729620027135735,0.12729620027135735,0.12729620027135735,0.12729620027135735,0.12729620027135735,0.12729620027135735,0.12729620027135735,0.12729620027135735,0.12729620027135735,0.12729620027135735,0.12729620027135735,0.12729620027135735,0.12729620027135735,0.12729620027135735,0.12729620027135735,0.12729620027135735,0.12729620027135735,0.12729620027135735,0.12729620027135735,0.12729620027135735,0.12729620027135735,0.12729620027135735,0.12729620027135735,0.12729620027135735,0.12729620027135735,0.12729620027135735,0.12729620027135735,0.12729620027135735,0.12729620027135735,0.12729620027135735,0.12729620027135735,0.12729620027135735,0.12729620027135735,0.12729620027135735,0.12729620027135735,0.12729620027135735,0.12729620027135735,0.12729620027135735,0.12729620027135735,0.12729620027135735,0.12729620027135735,0.12729620027135735
0.12729620027135735,0.12729620027135735,0.12729620027135735,0.12729620027135735,0.12729620027135735,0.12729620027135735,0.12729620027135735,0.12729620027135735,0.12729620027135735,0.12729620027135735,0.12729620027135735,0.12729620027135735,0.12729620027135735,0.12729620027135735,0.12729620027135735,0.12729620027135735,0.12729620027135735,0.12729620027135735,0.12729620027135735,0.12729620027135735,0.12729620027135735,0.12729620027135735,0.12729620027135735,0.12729620027135735,0.12729620027135735,0.12729620027135735,0.12729620027135735,0.12729620027135735,0.12729620027135735,0.12729620027135735,0.12729620027135735,0.12729620027135735,0.12729620027135735,0.12729620027135735,0.12729620027135735,0.12729620027135735,0.12729620027135735,0.12729620027135735,0.12729620027135735,0.12729620027135735,0.12729620027135735,0.12729620027135735,0.12729620027135735,0.12729620027135735,0.12729620027135735,0.12729620027135735,0.12729620027135735,0.12729620027135735,0.12729620027135735,0.12729620027135735,0.12729620027135735,0.12729620027135735,0.12729620027135735,0.12729620027135735,0.12729620027135735,0.12729620027135735,0.12729620027135735,0.12729620027135735,0.12729620027135735,0.12729620027135735,0.12729620027135735,0.12729620027135735,0.12729620027135735,0.12729620027135735,0.12729620027135735,0.12729620027135735,0.12729620027135735,0.12729620027135735
0.12729620027135735,0.12729620027135735,0.12729620027135735,0.12729620027135735,0.12729620027135735,0.12729620027135735,0.12729620027135735,0.12729620027135735,0.12729620027135735,0.12729620027135735,0.12729620027135735,0.12729620027135735,0.12729620027135735,0.12729620027135735,0.12729620027135735,0.12729620027135735,0.12729620027135735,0.12729620027135735,0.12729620027135735,0.12729620027135735,0.12729620027135735,0.12729620027135735,0.12729620027135735,0.12729620027135735,0.12729620027135735,0.12729620027135735,0.12729620027135735,0.12729620027135735,0.12729620027135735,0.12729620027135735,0.12729620027135735,0.12729620027135735,0.12729620027135735,0.12729620027135735,0.12729620027135735,0.12729620027135735,0.12729620027135735,0.12729620027135735,0.12729620027135735,0.12729620027135735,0.12729620027135735,0.12729620027135735,0.12729620027135735,0.12729620027135735,0.12729620027135735,0.12729620027135735,0.12729620027135735,0.12729620027135735,0.12729620027135735,0.12729620027135735,0.12729620027135735,0.12729620027135735,0.12729620027135735,0.12729620027135735,0.12729620027135735,0.12729620027135735,0.12729620027135735,0.12729620027135735,0.12729620027135735,0.12729620027135735,0.12729620027135735,0.12729620027135735,0.12729620027135735,0.12729620027135735,0.12729620027135735,0.12729620027135735,0.12729620027135735,0.12729620027135735
0.12729620027135735,0.12729620027135735,0.12729620027135735,0.12729620027135735,0.12729620027135735,0.12729620027135735,0.12729620027135735,0.12729620027135735,0.12729620027135735,0.12729620027135735,0.12729620027135735,0.12729620027135735,0.12729620027135735,0.12729620027135735,0.12729620027135735,0.12729620027135735,0.12729620027135735,0.12729620027135735,0.12729620027135735,0.12729620027135735,0.12729620027135735,0.12729620027135735,0.12729620027135735,0.12729620027135735,0.12729620027135735,0.12729620027135735,0.12729620027135735,0.12729620027135735,0.12729620027135735,0.12729620027135735,0.12729620027135735,0.12729620027135735,0.12729620027135735,0.12729620027135735,0.12729620027135735,0.12729620027135735,0.12729620027135735,0.12729620027135735,0.12729620027135735,0.12729620027135735,0.12729620027135735,0.12729620027135735,0.12729620027135735,0.12729620027135735,0.12729620027135735,0.12729620027135735,0.12729620027135735,0.12729620027135735,0.12729620027135735,0.12729620027135735,0.12729620027135735,0.12729620027135735,0.12729620027135735,0.12729620027135735,0.12729620027135735,0.12729620027135735,0.12729620027135735,0.12729620027135735,0.12729620027135735,0.12729620027135735,0.12729620027135735,0.12729620027135735,0.12729620027135735,0.12729620027135735,0.12729620027135735,0.12729620027135735,0.12729620027135735,0.12729620027135735
0.12729620027135735,0.12729620027135735,0.12729620027135735,0.12729620027135735,0.12729620027135735,0.12729620027135735,0.12729620027135735,0.12729620027135735,0.12729620027135735,0.12729620027135735,0.12729620027135735,0.12729620027135735,0.12729620027135735,0.12729620027135735,0.12729620027135735,0.12729620027135735,0.12729620027135735,0.12729620027135735,0.12729620027135735,0.12729620027135735,0.12729620027135735,0.12729620027135735,0.12729620027135735,0.12729620027135735,0.12729620027135735,0.12729620027135735,0.12729620027135735,0.12729620027135735,0.12729620027135735,0.12729620027135735,0.12729620027135735,0.12729620027135735,0.12729620027135735,0.12729620027135735,0.12729620027135735,0.12729620027135735,0.12729620027135735,0.12729620027135735,0.12729620027135735,0.12729620027135735,0.12729620027135735,0.12729620027135735,0.12729620027135735,0.12729620027135735,0.12729620027135735,0.12729620027135735,0.12729620027135735,0.12729620027135735,0.12729620027135735,0.12729620027135735,0.12729620027135735,0.12729620027135735,0.12729620027135735,0.12729620027135735,0.12729620027135735,0.12729620027135735,0.12729620027135735,0.12729620027135735,0.12729620027135735,0.12729620027135735,0.12729620027135735,0.12729620027135735,0.12729620027135735,0.12729620027135735,0.12729620027135735,0.12729620027135735,0.12729620027135735,0.12729620027135735
0.12729620027135735,0.12729620027135735,0.12729620027135735,0.12729620027135735,0.12729620027135735,0.12729620027135735,0.12729620027135735,0.12729620027135735,0.12729620027135735,0.12729620027135735,0.12729620027135735,0.12729620027135735,0.12729620027135735,0.12729620027135735,0.12729620027135735,0.12729620027135735,0.12729620027135735,0.12729620027135735,0.12729620027135735,0.12729620027135735,0.12729620027135735,0.12729620027135735,0.12729620027135735,0.12729620027135735,0.12729620027135735,0.12729620027135735,0.12729620027135735,0.12729620027135735,0.12729620027135735,0.12729620027135735,0.12729620027135735,0.12729620027135735,0.12729620027135735,0.12729620027135735,0.12729620027135735,0.12729620027135735,0.12729620027135735,0.12729620027135735,0.12729620027135735,0.12729620027135735,0.12729620027135735,0.12729620027135735,0.12729620027135735,0.12729620027135735,0.12729620027135735,0.12729620027135735,0.12729620027135735,0.12729620027135735,0.12729620027135735,0.12729620027135735,0.12729620027135735,0.12729620027135735,0.12729620027135735,0.12729620027135735,0.12729620027135735,0.12729620027135735,0.12729620027135735,0.12729620027135735,0.12729620027135735,0.12729620027135735,0.12729620027135735,0.12729620027135735,0.12729620027135735,0.12729620027135735,0.12729620027135735,0.12729620027135735,0.12729620027135735,0.12729620027135735
0.12729620027135735,0.12729620027135735,0.12729620027135735,0.12729620027135735,0.12729620027135735,0.12729620027135735,0.12729620027135735,0.12729620027135735,0.12729620027135735,0.12729620027135735,0.12729620027135735,0.12729620027135735,0.12729620027135735,0.12729620027135735,0.12729620027135735,0.12729620027135735,0.12729620027135735,0.12729620027135735,0.12729620027135735,0.12729620027135735,0.12729620027135735,0.12729620027135735,0.12729620027135735,0.12729620027135735,0.12729620027135735,0.12729620027135735,0.12729620027135735,0.12729620027135735,0.12729620027135735,0.12729620027135735,0.12729620027135735,0.12729620027135735,0.12729620027135735,0.12729620027135735,0.12729620027135735,0.12729620027135735,0.12729620027135735,0.12729620027135735,0.12729620027135735,0.12729620027135735,0.12729620027135735,0.12729620027135735,0.12729620027135735,0.12729620027135735,0.12729620027135735,0.12729620027135735,0.12729620027135735,0.12729620027135735,0.12729620027135735,0.12729620027135735,0.12729620027135735,0.12729620027135735,0.12729620027135735,0.12729620027135735,0.12729620027135735,0.12729620027135735,0.12729620027135735,0.12729620027135735,0.12729620027135735,0.12729620027135735,0.12729620027135735,0.12729620027135735,0.12729620027135735,0.12729620027135735,0.12729620027135735,0.12729620027135735,0.12729620027135735,0.12729620027135735
0.12729620027135735,0.12729620027135735,0.12729620027135735,0.12729620027135735,0.12729620027135735,0.12729620027135735,0.12729620027135735,0.12729620027135735,0.12729620027135735,0.12729620027135735,0.12729620027135735,0.12729620027135735,0.12729620027135735,0.12729620027135735,0.12729620027135735,0.12729620027135735,0.12729620027135735,0.12729620027135735,0.12729620027135735,0.12729620027135735,0.12729620027135735,0.12729620027135735,0.12729620027135735,0.12729620027135735,0.12729620027135735,0.12729620027135735,0.12729620027135735,0.12729620027135735,0.12729620027135735,0.12729620027135735,0.12729620027135735,0.12729620027135735,0.12729620027135735,0.12729620027135735,0.12729620027135735,0.12729620027135735,0.12729620027135735,0.12729620027135735,0.12729620027135735,0.12729620027135735,0.12729620027135735,0.12729620027135735,0.12729620027135735,0.12729620027135735,0.12729620027135735,0.12729620027135735,0.12729620027135735,0.12729620027135735,0.12729620027135735,0.12729620027135735,0.12729620027135735,0.12729620027135735,0.12729620027135735,0.12729620027135735,0.12729620027135735,0.12729620027135735,0.12729620027135735,0.12729620027135735,0.12729620027135735,0.12729620027135735,0.12729620027135735,0.12729620027135735,0.12729620027135735,0.12729620027135735,0.12729620027135735,0.12729620027135735,0.12729620027135735,0.12729620027135735
0.12729620027135735,0.12729620027135735,0.12729620027135735,0.12729620027135735,0.12729620027135735,0.12729620027135735,0.12729620027135735,0.12729620027135735,0.12729620027135735,0.12729620027135735,0.12729620027135735,0.12729620027135735,0.12729620027135735,0.12729620027135735,0.12729620027135735,0.12729620027135735,0.12729620027135735,0.12729620027135735,0.12729620027135735,0.12729620027135735,0.12729620027135735,0.12729620027135735,0.12729620027135735,0.12729620027135735,0.12729620027135735,0.12729620027135735,0.12729620027135735,0.12729620027135735,0.12729620027135735,0.12729620027135735,0.12729620027135735,0.12729620027135735,0.12729620027135735,0.12729620027135735,0.12729620027135735,0.12729620027135735,0.12729620027135735,0.12729620027135735,0.12729620027135735,0.12729620027135735,0.12729620027135735,0.12729620027135735,0.12729620027135735,0.12729620027135735,0.12729620027135735,0.12729620027135735,0.12729620027135735,0.12729620027135735,0.12729620027135735,0.12729620027135735,0.12729620027135735,0.12729620027135735,0.12729620027135735,0.12729620027135735,0.12729620027135735,0.12729620027135735,0.12729620027135735,0.12729620027135735,0.12729620027135735,0.12729620027135735,0.12729620027135735,0.12729620027135735,0.12729620027135735,0.12729620027135735,0.12729620027135735,0.12729620027135735,0.12729620027135735,0.12729620027135735
0.12729620027135735,0.12729620027135735,0.12729620027135735,0.12729620027135735,0.12729620027135735,0.12729620027135735,0.12729620027135735,0.12729620027135735,0.12729620027135735,0.12729620027135735,0.12729620027135735,0.12729620027135735,0.12729620027135735,0.12729620027135735,0.12729620027135735,0.12729620027135735,0.12729620027135735,0.12729620027135735,0.12729620027135735,0.12729620027135735,0.12729620027135735,0.12729620027135735,0.12729620027135735,0.12729620027135735,0.12729620027135735,0.12729620027135735,0.12729620027135735,0.12729620027135735,0.12729620027135735,0.12729620027135735,0.12729620027135735,0.12729620027135735,0.12729620027135735,0.12729620027135735,0.12729620027135735,0.12729620027135735,0.12729620027135735,0.12729620027135735,0.12729620027135735,0.12729620027135735,0.12729620027135735,0.12729620027135735,0.12729620027135735,0.12729620027135735,0.12729620027135735,0.12729620027135735,0.12729620027135735,0.12729620027135735,0.12729620027135735,0.12729620027135735,0.12729620027135735,0.12729620027135735,0.12729620027135735,0.12729620027135735,0.12729620027135735,0.12729620027135735,0.12729620027135735,0.12729620027135735,0.12729620027135735,0.12729620027135735,0.12729620027135735,0.12729620027135735,0.12729620027135735,0.12729620027135735,0.12729620027135735,0.12729620027135735,0.12729620027135735,0.12729620027135735
0.12729620027135735,0.12729620027135735,0.12729620027135735,0.12729620027135735,0.12729620027135735,0.12729620027135735,0.12729620027135735,0.12729620027135735,0.12729620027135735,0.12729620027135735,0.12729620027135735,0.12729620027135735,0.12729620027135735,0.12729620027135735,0.12729620027135735,0.12729620027135735,0.12729620027135735,0.12729620027135735,0.12729620027135735,0.12729620027135735,0.12729620027135735,0.12729620027135735,0.12729620027135735,0.12729620027135735,0.12729620027135735,0.12729620027135735,0.12729620027135735,0.12729620027135735,0.12729620027135735,0.12729620027135735,0.12729620027135735,0.12729620027135735,0.12729620027135735,0.12729620027135735,0.12729620027135735,0.12729620027135735,0.12729620027135735,0.12729620027135735,0.12729620027135735,0.12729620027135735,0.12729620027135735,0.12729620027135735,0.12729620027135735,0.12729620027135735,0.12729620027135735,0.12729620027135735,0.12729620027135735,0.12729620027135735,0.12729620027135735,0.12729620027135735,0.12729620027135735,0.12729620027135735,0.12729620027135735,0.12729620027135735,0.12729620027135735,0.12729620027135735,0.12729620027135735,0.12729620027135735,0.12729620027135735,0.12729620027135735,0.12729620027135735,0.12729620027135735,0.12729620027135735,0.12729620027135735,0.12729620027135735,0.12729620027135735,0.12729620027135735,0.12729620027135735
0.12729620027135735,0.12729620027135735,0.12729620027135735,0.12729620027135735,0.12729620027135735,0.12729620027135735,0.12729620027135735,0.12729620027135735,0.12729620027135735,0.12729620027135735,0.12729620027135735,0.12729620027135735,0.12729620027135735,0.12729620027135735,0.12729620027135735,0.12729620027135735,0.12729620027135735,0.12729620027135735,0.12729620027135735,0.12729620027135735,0.12729620027135735,0.12729620027135735,0.12729620027135735,0.12729620027135735,0.12729620027135735,0.12729620027135735,0.12729620027135735,0.12729620027135735,0.12729620027135735,0.12729620027135735,0.12729620027135735,0.12729620027135735,0.12729620027135735,0.12729620027135735,0.12729620027135735,0.12729620027135735,0.12729620027135735,0.12729620027135735,0.12729620027135735,0.12729620027135735,0.12729620027135735,0.12729620027135735,0.12729620027135735,0.12729620027135735,0.12729620027135735,0.12729620027135735,0.12729620027135735,0.12729620027135735,0.12729620027135735,0.12729620027135735,0.12729620027135735,0.12729620027135735,0.12729620027135735,0.12729620027135735,0.12729620027135735,0.12729620027135735,0.12729620027135735,0.12729620027135735,0.12729620027135735,0.12729620027135735,0.12729620027135735,0.12729620027135735,0.12729620027135735,0.12729620027135735,0.12729620027135735,0.12729620027135735,0.12729620027135735,0.12729620027135735
0.12729620027135735,0.12729620027135735,0.12729620027135735,0.12729620027135735,0.12729620027135735,0.12729620027135735,0.12729620027135735,0.12729620027135735,0.12729620027135735,0.12729620027135735,0.12729620027135735,0.12729620027135735,0.12729620027135735,0.12729620027135735,0.12729620027135735,0.12729620027135735,0.12729620027135735,0.12729620027135735,0.12729620027135735,0.12729620027135735,0.12729620027135735,0.12729620027135735,0.12729620027135735,0.12729620027135735,0.12729620027135735,0.12729620027135735,0.12729620027135735,0.12729620027135735,0.12729620027135735,0.12729620027135735,0.12729620027135735,0.12729620027135735,0.12729620027135735,0.12729620027135735,0.12729620027135735,0.12729620027135735,0.12729620027135735,0.12729620027135735,0.12729620027135735,0.12729620027135735,0.12729620027135735,0.12729620027135735,0.12729620027135735,0.12729620027135735,0.12729620027135735,0.12729620027135735,0.12729620027135735,0.12729620027135735,0.12729620027135735,0.12729620027135735,0.12729620027135735,0.12729620027135735,0.12729620027135735,0.12729620027135735,0.12729620027135735,0.12729620027135735,0.12729620027135735,0.12729620027135735,0.12729620027135735,0.12729620027135735,0.12729620027135735,0.12729620027135735,0.12729620027135735,0.12729620027135735,0.12729620027135735,0.12729620027135735,0.12729620027135735,0.12729620027135735
0.12729620027135735,0.12729620027135735,0.12729620027135735,0.12729620027135735,0.12729620027135735,0.12729620027135735,0.12729620027135735,0.12729620027135735,0.12729620027135735,0.12729620027135735,0.12729620027135735,0.12729620027135735,0.12729620027135735,0.12729620027135735,0.12729620027135735,0.12729620027135735,0.12729620027135735,0.12729620027135735,0.12729620027135735,0.12729620027135735,0.12729620027135735,0.12729620027135735,0.12729620027135735,0.12729620027135735,0.12729620027135735,0.12729620027135735,0.12729620027135735,0.12729620027135735,0.12729620027135735,0.12729620027135735,0.12729620027135735,0.12729620027135735,0.12729620027135735,0.12729620027135735,0.12729620027135735,0.12729620027135735,0.12729620027135735,0.12729620027135735,0.12729620027135735,0.12729620027135735,0.12729620027135735,0.12729620027135735,0.12729620027135735,0.12729620027135735,0.12729620027135735,0.12729620027135735,0.12729620027135735,0.12729620027135735,0.12729620027135735,0.12729620027135735,0.12729620027135735,0.12729620027135735,0.12729620027135735,0.12729620027135735,0.12729620027135735,0.12729620027135735,0.12729620027135735,0.12729620027135735,0.12729620027135735,0.12729620027135735,0.12729620027135735,0.12729620027135735,0.12729620027135735,0.12729620027135735,0.12729620027135735,0.12729620027135735,0.12729620027135735,0.12729620027135735
0.12729620027135735,0.12729620027135735,0.12729620027135735,0.12729620027135735,0.12729620027135735,0.12729620027135735,0.12729620027135735,0.12729620027135735,0.12729620027135735,0.12729620027135735,0.12729620027135735,0.12729620027135735,0.12729620027135735,0.12729620027135735,0.12729620027135735,0.12729620027135735,0.12729620027135735,0.12729620027135735,0.12729620027135735,0.12729620027135735,0.12729620027135735,0.12729620027135735,0.12729620027135735,0.12729620027135735,0.12729620027135735,0.12729620027135735,0.12729620027135735,0.12729620027135735,0.12729620027135735,0.12729620027135735,0.12729620027135735,0.12729620027135735,0.12729620027135735,0.12729620027135735,0.12729620027135735,0.12729620027135735,0.12729620027135735,0.12729620027135735,0.12729620027135735,0.12729620027135735,0.12729620027135735,0.12729620027135735,0.12729620027135735,0.12729620027135735,0.12729620027135735,0.12729620027135735,0.12729620027135735,0.12729620027135735,0.12729620027135735,0.12729620027135735,0.12729620027135735,0.12729620027135735,0.12729620027135735,0.12729620027135735,0.12729620027135735,0.12729620027135735,0.12729620027135735,0.12729620027135735,0.12729620027135735,0.12729620027135735,0.12729620027135735,0.12729620027135735,0.12729620027135735,0.12729620027135735,0.12729620027135735,0.12729620027135735,0.12729620027135735,0.12729620027135735
0.12729620027135735,0.12729620027135735,0.12729620027135735,0.12729620027135735,0.12729620027135735,0.12729620027135735,0.12729620027135735,0.12729620027135735,0.12729620027135735,0.12729620027135735,0.12729620027135735,0.12729620027135735,0.12729620027135735,0.12729620027135735,0.12729620027135735,0.12729620027135735,0.12729620027135735,0.12729620027135735,0.12729620027135735,0.12729620027135735,0.12729620027135735,0.12729620027135735,0.12729620027135735,0.12729620027135735,0.12729620027135735,0.12729620027135735,0.12729620027135735,0.12729620027135735,0.12729620027135735,0.12729620027135735,0.12729620027135735,0.12729620027135735,0.12729620027135735,0.12729620027135735,0.12729620027135735,0.12729620027135735,0.12729620027135735,0.12729620027135735,0.12729620027135735,0.12729620027135735,0.12729620027135735,0.12729620027135735,0.12729620027135735,0.12729620027135735,0.12729620027135735,0.12729620027135735,0.12729620027135735,0.12729620027135735,0.12729620027135735,0.12729620027135735,0.12729620027135735,0.12729620027135735,0.12729620027135735,0.12729620027135735,0.12729620027135735,0.12729620027135735,0.12729620027135735,0.12729620027135735,0.12729620027135735,0.12729620027135735,0.12729620027135735,0.12729620027135735,0.12729620027135735,0.12729620027135735,0.12729620027135735,0.12729620027135735,0.12729620027135735,0.12729620027135735
0.12729620027135735,0.12729620027135735,0.12729620027135735,0.12729620027135735,0.12729620027135735,0.12729620027135735,0.12729620027135735,0.12729620027135735,0.12729620027135735,0.12729620027135735,0.12729620027135735,0.12729620027135735,0.12729620027135735,0.12729620027135735,0.12729620027135735,0.12729620027135735,0.12729620027135735,0.12729620027135735,0.12729620027135735,0.12729620027135735,0.12729620027135735,0.12729620027135735,0.12729620027135735,0.12729620027135735,0.12729620027135735,0.12729620027135735,0.12729620027135735,0.12729620027135735,0.12729620027135735,0.12729620027135735,0.12729620027135735,0.12729620027135735,0.12729620027135735,0.12729620027135735,0.12729620027135735,0.12729620027135735,0.12729620027135735,0.12729620027135735,0.12729620027135735,0.12729620027135735,0.12729620027135735,0.12729620027135735,0.12729620027135735,0.12729620027135735,0.12729620027135735,0.12729620027135735,0.12729620027135735,0.12729620027135735,0.12729620027135735,0.12729620027135735,0.12729620027135735,0.12729620027135735,0.12729620027135735,0.12729620027135735,0.12729620027135735,0.12729620027135735,0.12729620027135735,0.12729620027135735,0.12729620027135735,0.12729620027135735,0.12729620027135735,0.12729620027135735,0.12729620027135735,0.12729620027135735,0.12729620027135735,0.12729620027135735,0.12729620027135735,0.12729620027135735
0.12729620027135735,0.12729620027135735,0.12729620027135735,0.12729620027135735,0.12729620027135735,0.12729620027135735,0.12729620027135735,0.12729620027135735,0.12729620027135735,0.12729620027135735,0.12729620027135735,0.12729620027135735,0.12729620027135735,0.12729620027135735,0.12729620027135735,0.12729620027135735,0.12729620027135735,0.12729620027135735,0.12729620027135735,0.12729620027135735,0.12729620027135735,0.12729620027135735,0.12729620027135735,0.12729620027135735,0.12729620027135735,0.12729620027135735,0.12729620027135735,0.12729620027135735,0.12729620027135735,0.12729620027135735,0.12729620027135735,0.12729620027135735,0.12729620027135735,0.12729620027135735,0.12729620027135735,0.12729620027135735,0.12729620027135735,0.12729620027135735,0.12729620027135735,0.12729620027135735,0.12729620027135735,0.12729620027135735,0.12729620027135735,0.12729620027135735,0.12729620027135735,0.12729620027135735,0.12729620027135735,0.12729620027135735,0.12729620027135735,0.12729620027135735,0.12729620027135735,0.12729620027135735,0.12729620027135735,0.12729620027135735,0.12729620027135735,0.12729620027135735,0.12729620027135735,0.12729620027135735,0.12729620027135735,0.12729620027135735,0.12729620027135735,0.12729620027135735,0.12729620027135735,0.12729620027135735,0.12729620027135735,0.12729620027135735,0.12729620027135735,0.12729620027135735
0.12729620027135735,0.12729620027135735,0.12729620027135735,0.12729620027135735,0.12729620027135735,0.12729620027135735,0.12729620027135735,0.12729620027135735,0.12729620027135735,0.12729620027135735,0.12729620027135735,0.12729620027135735,0.12729620027135735,0.12729620027135735,0.12729620027135735,0.12729620027135735,0.12729620027135735,0.12729620027135735,0.12729620027135735,0.12729620027135735,0.12729620027135735,0.12729620027135735,0.12729620027135735,0.12729620027135735,0.12729620027135735,0.12729620027135735,0.12729620027135735,0.12729620027135735,0.12729620027135735,0.12729620027135735,0.12729620027135735,0.12729620027135735,0.12729620027135735,0.12729620027135735,0.12729620027135735,0.12729620027135735,0.12729620027135735,0.12729620027135735,0.12729620027135735,0.12729620027135735,0.12729620027135735,0.12729620027135735,0.12729620027135735,0.12729620027135735,0.12729620027135735,0.12729620027135735,0.12729620027135735,0.12729620027135735,0.12729620027135735,0.12729620027135735,0.12729620027135735,0.12729620027135735,0.12729620027135735,0.12729620027135735,0.12729620027135735,0.12729620027135735,0.12729620027135735,0.12729620027135735,0.12729620027135735,0.12729620027135735,0.12729620027135735,0.12729620027135735,0.12729620027135735,0.12729620027135735,0.12729620027135735,0.12729620027135735,0.12729620027135735,0.12729620027135735
0.12729620027135735,0.12729620027135735,0.12729620027135735,0.12729620027135735,0.12729620027135735,0.12729620027135735,0.12729620027135735,0.12729620027135735,0.12729620027135735,0.12729620027135735,0.12729620027135735,0.12729620027135735,0.12729620027135735,0.12729620027135735,0.12729620027135735,0.12729620027135735,0.12729620027135735,0.12729620027135735,0.12729620027135735,0.12729620027135735,0.12729620027135735,0.12729620027135735,0.12729620027135735,0.12729620027135735,0.12729620027135735,0.12729620027135735,0.12729620027135735,0.12729620027135735,0.12729620027135735,0.12729620027135735,0.12729620027135735,0.12729620027135735,0.12729620027135735,0.12729620027135735,0.12729620027135735,0.12729620027135735,0.12729620027135735,0.12729620027135735,0.12729620027135735,0.12729620027135735,0.12729620027135735,0.12729620027135735,0.12729620027135735,0.12729620027135735,0.12729620027135735,0.12729620027135735,0.12729620027135735,0.12729620027135735,0.12729620027135735,0.12729620027135735,0.12729620027135735,0.12729620027135735,0.12729620027135735,0.12729620027135735,0.12729620027135735,0.12729620027135735,0.12729620027135735,0.12729620027135735,0.12729620027135735,0.12729620027135735,0.12729620027135735,0.12729620027135735,0.12729620027135735,0.12729620027135735,0.12729620027135735,0.12729620027135735,0.12729620027135735,0.12729620027135735
0.12729620027135735,0.12729620027135735,0.12729620027135735,0.12729620027135735,0.12729620027135735,0.12729620027135735,0.12729620027135735,0.12729620027135735,0.12729620027135735,0.12729620027135735,0.12729620027135735,0.12729620027135735,0.12729620027135735,0.12729620027135735,0.12729620027135735,0.12729620027135735,0.12729620027135735,0.12729620027135735,0.12729620027135735,0.12729620027135735,0.12729620027135735,0.12729620027135735,0.12729620027135735,0.12729620027135735,0.12729620027135735,0.12729620027135735,0.12729620027135735,0.12729620027135735,0.12729620027135735,0.12729620027135735,0.12729620027135735,0.12729620027135735,0.12729620027135735,0.12729620027135735,0.12729620027135735,0.12729620027135735,0.12729620027135735,0.12729620027135735,0.12729620027135735,0.12729620027135735,0.12729620027135735,0.12729620027135735,0.12729620027135735,0.12729620027135735,0.12729620027135735,0.12729620027135735,0.12729620027135735,0.12729620027135735,0.12729620027135735,0.12729620027135735,0.12729620027135735,0.12729620027135735,0.12729620027135735,0.12729620027135735,0.12729620027135735,0.12729620027135735,0.12729620027135735,0.12729620027135735,0.12729620027135735,0.12729620027135735,0.12729620027135735,0.12729620027135735,0.12729620027135735,0.12729620027135735,0.12729620027135735,0.12729620027135735,0.12729620027135735,0.12729620027135735
0.12729620027135735,0.12729620027135735,0.12729620027135735,0.12729620027135735,0.12729620027135735,0.12729620027135735,0.12729620027135735,0.12729620027135735,0.12729620027135735,0.12729620027135735,0.12729620027135735,0.12729620027135735,0.12729620027135735,0.12729620027135735,0.12729620027135735,0.12729620027135735,0.12729620027135735,0.12729620027135735,0.12729620027135735,0.12729620027135735,0.12729620027135735,0.12729620027135735,0.12729620027135735,0.12729620027135735,0.12729620027135735,0.12729620027135735,0.12729620027135735,0.12729620027135735,0.12729620027135735,0.12729620027135735,0.12729620027135735,0.12729620027135735,0.12729620027135735,0.12729620027135735,0.12729620027135735,0.12729620027135735,0.12729620027135735,0.12729620027135735,0.12729620027135735,0.12729620027135735,0.12729620027135735,0.12729620027135735,0.12729620027135735,0.12729620027135735,0.12729620027135735,0.12729620027135735,0.12729620027135735,0.12729620027135735,0.12729620027135735,0.12729620027135735,0.12729620027135735,0.12729620027135735,0.12729620027135735,0.12729620027135735,0.12729620027135735,0.12729620027135735,0.12729620027135735,0.12729620027135735,0.12729620027135735,0.12729620027135735,0.12729620027135735,0.12729620027135735,0.12729620027135735,0.12729620027135735,0.12729620027135735,0.12729620027135735,0.12729620027135735,0.12729620027135735
0.12729620027135735,0.12729620027135735,0.12729620027135735,0.12729620027135735,0.12729620027135735,0.12729620027135735,0.12729620027135735,0.12729620027135735,0.12729620027135735,0.12729620027135735,0.12729620027135735,0.12729620027135735,0.12729620027135735,0.12729620027135735,0.12729620027135735,0.12729620027135735,0.12729620027135735,0.12729620027135735,0.12729620027135735,0.12729620027135735,0.12729620027135735,0.12729620027135735,0.12729620027135735,0.12729620027135735,0.12729620027135735,0.12729620027135735,0.12729620027135735,0.12729620027135735,0.12729620027135735,0.12729620027135735,0.12729620027135735,0.12729620027135735,0.12729620027135735,0.12729620027135735,0.12729620027135735,0.12729620027135735,0.12729620027135735,0.12729620027135735,0.12729620027135735,0.12729620027135735,0.12729620027135735,0.12729620027135735,0.12729620027135735,0.12729620027135735,0.12729620027135735,0.12729620027135735,0.12729620027135735,0.12729620027135735,0.12729620027135735,0.12729620027135735,0.12729620027135735,0.12729620027135735,0.12729620027135735,0.12729620027135735,0.12729620027135735,0.12729620027135735,0.12729620027135735,0.12729620027135735,0.12729620027135735,0.12729620027135735,0.12729620027135735,0.12729620027135735,0.12729620027135735,0.12729620027135735,0.12729620027135735,0.12729620027135735,0.12729620027135735,0.12729620027135735
0.12729620027135735,0.12729620027135735,0.12729620027135735,0.12729620027135735,0.12729620027135735,0.12729620027135735,0.12729620027135735,0.12729620027135735,0.12729620027135735,0.12729620027135735,0.12729620027135735,0.12729620027135735,0.12729620027135735,0.12729620027135735,0.12729620027135735,0.12729620027135735,0.12729620027135735,0.12729620027135735,0.12729620027135735,0.12729620027135735,0.12729620027135735,0.12729620027135735,0.12729620027135735,0.12729620027135735,0.12729620027135735,0.12729620027135735,0.12729620027135735,0.12729620027135735,0.12729620027135735,0.12729620027135735,0.12729620027135735,0.12729620027135735,0.12729620027135735,0.12729620027135735,0.12729620027135735,0.12729620027135735,0.12729620027135735,0.12729620027135735,0.12729620027135735,0.12729620027135735,0.12729620027135735,0.12729620027135735,0.12729620027135735,0.12729620027135735,0.12729620027135735,0.12729620027135735,0.12729620027135735,0.12729620027135735,0.12729620027135735,0.12729620027135735,0.12729620027135735,0.12729620027135735,0.12729620027135735,0.12729620027135735,0.12729620027135735,0.12729620027135735,0.12729620027135735,0.12729620027135735,0.12729620027135735,0.12729620027135735,0.12729620027135735,0.12729620027135735,0.12729620027135735,0.12729620027135735,0.12729620027135735,0.12729620027135735,0.12729620027135735,0.12729620027135735
0.12729620027135735,0.12729620027135735,0.12729620027135735,0.12729620027135735,0.12729620027135735,0.12729620027135735,0.12729620027135735,0.12729620027135735,0.12729620027135735,0.12729620027135735,0.12729620027135735,0.12729620027135735,0.12729620027135735,0.12729620027135735,0.12729620027135735,0.12729620027135735,0.12729620027135735,0.12729620027135735,0.12729620027135735,0.12729620027135735,0.12729620027135735,0.12729620027135735,0.12729620027135735,0.12729620027135735,0.12729620027135735,0.12729620027135735,0.12729620027135735,0.12729620027135735,0.12729620027135735,0.12729620027135735,0.12729620027135735,0.12729620027135735,0.12729620027135735,0.12729620027135735,0.12729620027135735,0.12729620027135735,0.12729620027135735,0.12729620027135735,0.12729620027135735,0.12729620027135735,0.12729620027135735,0.12729620027135735,0.12729620027135735,0.12729620027135735,0.12729620027135735,0.12729620027135735,0.12729620027135735,0.12729620027135735,0.12729620027135735,0.12729620027135735,0.12729620027135735,0.12729620027135735,0.12729620027135735,0.12729620027135735,0.12729620027135735,0.12729620027135735,0.12729620027135735,0.12729620027135735,0.12729620027135735,0.12729620027135735,0.12729620027135735,0.12729620027135735,0.12729620027135735,0.12729620027135735,0.12729620027135735,0.12729620027135735,0.12729620027135735,0.12729620027135735
0.12729620027135735,0.12729620027135735,0.12729620027135735,0.12729620027135735,0.12729620027135735,0.12729620027135735,0.12729620027135735,0.12729620027135735,0.12729620027135735,0.12729620027135735,0.12729620027135735,0.12729620027135735,0.12729620027135735,0.12729620027135735,0.12729620027135735,0.12729620027135735,0.12729620027135735,0.12729620027135735,0.12729620027135735,0.12729620027135735,0.12729620027135735,0.12729620027135735,0.12729620027135735,0.12729620027135735,0.12729620027135735,0.12729620027135735,0.12729620027135735,0.12729620027135735,0.12729620027135735,0.12729620027135735,0.12729620027135735,0.12729620027135735,0.12729620027135735,0.12729620027135735,0.12729620027135735,0.12729620027135735,0.12729620027135735,0.12729620027135735,0.12729620027135735,0.12729620027135735,0.12729620027135735,0.12729620027135735,0.12729620027135735,0.12729620027135735,0.12729620027135735,0.12729620027135735,0.12729620027135735,0.12729620027135735,0.12729620027135735,0.12729620027135735,0.12729620027135735,0.12729620027135735,0.12729620027135735,0.12729620027135735,0.12729620027135735,0.12729620027135735,0.12729620027135735,0.12729620027135735,0.12729620027135735,0.12729620027135735,0.12729620027135735,0.12729620027135735,0.12729620027135735,0.12729620027135735,0.12729620027135735,0.12729620027135735,0.12729620027135735,0.12729620027135735
0.12729620027135735,0.12729620027135735,0.12729620027135735,0.12729620027135735,0.12729620027135735,0.12729620027135735,0.12729620027135735,0.12729620027135735,0.12729620027135735,0.12729620027135735,0.12729620027135735,0.12729620027135735,0.12729620027135735,0.12729620027135735,0.12729620027135735,0.12729620027135735,0.12729620027135735,0.12729620027135735,0.12729620027135735,0.12729620027135735,0.12729620027135735,0.12729620027135735,0.12729620027135735,0.12729620027135735,0.12729620027135735,0.12729620027135735,0.12729620027135735,0.12729620027135735,0.12729620027135735,0.12729620027135735,0.12729620027135735,0.12729620027135735,0.12729620027135735,0.12729620027135735,0.12729620027135735,0.12729620027135735,0.12729620027135735,0.12729620027135735,0.12729620027135735,0.12729620027135735,0.12729620027135735,0.12729620027135735,0.12729620027135735,0.12729620027135735,0.12729620027135735,0.12729620027135735,0.12729620027135735,0.12729620027135735,0.12729620027135735,0.12729620027135735,0.12729620027135735,0.12729620027135735,0.12729620027135735,0.12729620027135735,0.12729620027135735,0.12729620027135735,0.12729620027135735,0.12729620027135735,0.12729620027135735,0.12729620027135735,0.12729620027135735,0.12729620027135735,0.12729620027135735,0.12729620027135735,0.12729620027135735,0.12729620027135735,0.12729620027135735,0.12729620027135735
0.12729620027135735,0.12729620027135735,0.12729620027135735,0.12729620027135735,0.12729620027135735,0.12729620027135735,0.12729620027135735,0.12729620027135735,0.12729620027135735,0.12729620027135735,0.12729620027135735,0.12729620027135735,0.12729620027135735,0.12729620027135735,0.12729620027135735,0.12729620027135735,0.12729620027135735,0.12729620027135735,0.12729620027135735,0.12729620027135735,0.12729620027135735,0.12729620027135735,0.12729620027135735,0.12729620027135735,0.12729620027135735,0.12729620027135735,0.12729620027135735,0.12729620027135735,0.12729620027135735,0.12729620027135735,0.12729620027135735,0.12729620027135735,0.12729620027135735,0.12729620027135735,0.12729620027135735,0.12729620027135735,0.12729620027135735,0.12729620027135735,0.12729620027135735,0.12729620027135735,0.12729620027135735,0.12729620027135735,0.12729620027135735,0.12729620027135735,0.12729620027135735,0.12729620027135735,0.12729620027135735,0.12729620027135735,0.12729620027135735,0.12729620027135735,0.12729620027135735,0.12729620027135735,0.12729620027135735,0.12729620027135735,0.12729620027135735,0.12729620027135735,0.12729620027135735,0.12729620027135735,0.12729620027135735,0.12729620027135735,0.12729620027135735,0.12729620027135735,0.12729620027135735,0.12729620027135735,0.12729620027135735,0.12729620027135735,0.12729620027135735,0.12729620027135735
0.12729620027135735,0.12729620027135735,0.12729620027135735,0.12729620027135735,0.12729620027135735,0.12729620027135735,0.12729620027135735,0.12729620027135735,0.12729620027135735,0.12729620027135735,0.12729620027135735,0.12729620027135735,0.12729620027135735,0.12729620027135735,0.12729620027135735,0.12729620027135735,0.12729620027135735,0.12729620027135735,0.12729620027135735,0.12729620027135735,0.12729620027135735,0.12729620027135735,0.12729620027135735,0.12729620027135735,0.12729620027135735,0.12729620027135735,0.12729620027135735,0.12729620027135735,0.12729620027135735,0.12729620027135735,0.12729620027135735,0.12729620027135735,0.12729620027135735,0.12729620027135735,0.12729620027135735,0.12729620027135735,0.12729620027135735,0.12729620027135735,0.12729620027135735,0.12729620027135735,0.12729620027135735,0.12729620027135735,0.12729620027135735,0.12729620027135735,0.12729620027135735,0.12729620027135735,0.12729620027135735,0.12729620027135735,0.12729620027135735,0.12729620027135735,0.12729620027135735,0.12729620027135735,0.12729620027135735,0.12729620027135735,0.12729620027135735,0.12729620027135735,0.12729620027135735,0.12729620027135735,0.12729620027135735,0.12729620027135735,0.12729620027135735,0.12729620027135735,0.12729620027135735,0.12729620027135735,0.12729620027135735,0.12729620027135735,0.12729620027135735,0.12729620027135735
0.12729620027135735,0.12729620027135735,0.12729620027135735,0.12729620027135735,0.12729620027135735,0.12729620027135735,0.12729620027135735,0.12729620027135735,0.12729620027135735,0.12729620027135735,0.12729620027135735,0.12729620027135735,0.12729620027135735,0.12729620027135735,0.12729620027135735,0.12729620027135735,0.12729620027135735,0.12729620027135735,0.12729620027135735,0.12729620027135735,0.12729620027135735,0.12729620027135735,0.12729620027135735,0.12729620027135735,0.12729620027135735,0.12729620027135735,0.12729620027135735,0.12729620027135735,0.12729620027135735,0.12729620027135735,0.12729620027135735,0.12729620027135735,0.12729620027135735,0.12729620027135735,0.12729620027135735,0.12729620027135735,0.12729620027135735,0.12729620027135735,0.12729620027135735,0.12729620027135735,0.12729620027135735,0.12729620027135735,0.12729620027135735,0.12729620027135735,0.12729620027135735,0.12729620027135735,0.12729620027135735,0.12729620027135735,0.12729620027135735,0.12729620027135735,0.12729620027135735,0.12729620027135735,0.12729620027135735,0.12729620027135735,0.12729620027135735,0.12729620027135735,0.12729620027135735,0.12729620027135735,0.12729620027135735,0.12729620027135735,0.12729620027135735,0.12729620027135735,0.12729620027135735,0.12729620027135735,0.12729620027135735,0.12729620027135735,0.12729620027135735,0.12729620027135735
0.12729620027135735,0.12729620027135735,0.12729620027135735,0.12729620027135735,0.12729620027135735,0.12729620027135735,0.12729620027135735,0.12729620027135735,0.12729620027135735,0.12729620027135735,0.12729620027135735,0.12729620027135735,0.12729620027135735,0.12729620027135735,0.12729620027135735,0.12729620027135735,0.12729620027135735,0.12729620027135735,0.12729620027135735,0.12729620027135735,0.12729620027135735,0.12729620027135735,0.12729620027135735,0.12729620027135735,0.12729620027135735,0.12729620027135735,0.12729620027135735,0.12729620027135735,0.12729620027135735,0.12729620027135735,0.12729620027135735,0.12729620027135735,0.12729620027135735,0.12729620027135735,0.12729620027135735,0.12729620027135735,0.12729620027135735,0.12729620027135735,0.12729620027135735,0.12729620027135735,0.12729620027135735,0.12729620027135735,0.12729620027135735,0.12729620027135735,0.12729620027135735,0.12729620027135735,0.12729620027135735,0.12729620027135735,0.12729620027135735,0.12729620027135735,0.12729620027135735,0.12729620027135735,0.12729620027135735,0.12729620027135735,0.12729620027135735,0.12729620027135735,0.12729620027135735,0.12729620027135735,0.12729620027135735,0.12729620027135735,0.12729620027135735,0.12729620027135735,0.12729620027135735,0.12729620027135735,0.12729620027135735,0.12729620027135735,0.12729620027135735,0.12729620027135735
0.12729620027135735,0.12729620027135735,0.12729620027135735,0.12729620027135735,0.12729620027135735,0.12729620027135735,0.12729620027135735,0.12729620027135735,0.12729620027135735,0.12729620027135735,0.12729620027135735,0.12729620027135735,0.12729620027135735,0.12729620027135735,0.12729620027135735,0.12729620027135735,0.12729620027135735,0.12729620027135735,0.12729620027135735,0.12729620027135735,0.12729620027135735,0.12729620027135735,0.12729620027135735,0.12729620027135735,0.12729620027135735,0.12729620027135735,0.12729620027135735,0.12729620027135735,0.12729620027135735,0.12729620027135735,0.12729620027135735,0.12729620027135735,0.12729620027135735,0.12729620027135735,0.12729620027135735,0.12729620027135735,0.12729620027135735,0.12729620027135735,0.12729620027135735,0.12729620027135735,0.12729620027135735,0.12729620027135735,0.12729620027135735,0.12729620027135735,0.12729620027135735,0.12729620027135735,0.12729620027135735,0.12729620027135735,0.12729620027135735,0.12729620027135735,0.12729620027135735,0.12729620027135735,0.12729620027135735,0.12729620027135735,0.12729620027135735,0.12729620027135735,0.12729620027135735,0.12729620027135735,0.12729620027135735,0.12729620027135735,0.12729620027135735,0.12729620027135735,0.12729620027135735,0.12729620027135735,0.12729620027135735,0.12729620027135735,0.12729620027135735,0.12729620027135735
0.12729620027135735,0.12729620027135735,0.12729620027135735,0.12729620027135735,0.12729620027135735,0.12729620027135735,0.12729620027135735,0.12729620027135735,0.12729620027135735,0.12729620027135735,0.12729620027135735,0.12729620027135735,0.12729620027135735,0.12729620027135735,0.12729620027135735,0.12729620027135735,0.12729620027135735,0.12729620027135735,0.12729620027135735,0.12729620027135735,0.12729620027135735,0.12729620027135735,0.12729620027135735,0.12729620027135735,0.12729620027135735,0.12729620027135735,0.12729620027135735,0.12729620027135735,0.12729620027135735,0.12729620027135735,0.12729620027135735,0.12729620027135735,0.12729620027135735,0.12729620027135735,0.12729620027135735,0.12729620027135735,0.12729620027135735,0.12729620027135735,0.12729620027135735,0.12729620027135735,0.12729620027135735,0.12729620027135735,0.12729620027135735,0.12729620027135735,0.12729620027135735,0.12729620027135735,0.12729620027135735,0.12729620027135735,0.12729620027135735,0.12729620027135735,0.12729620027135735,0.12729620027135735,0.12729620027135735,0.12729620027135735,0.12729620027135735,0.12729620027135735,0.12729620027135735,0.12729620027135735,0.12729620027135735,0.12729620027135735,0.12729620027135735,0.12729620027135735,0.12729620027135735,0.12729620027135735,0.12729620027135735,0.12729620027135735,0.12729620027135735,0.12729620027135735
0.12729620027135735,0.12729620027135735,0.12729620027135735,0.12729620027135735,0.12729620027135735,0.12729620027135735,0.12729620027135735,0.12729620027135735,0.12729620027135735,0.12729620027135735,0.12729620027135735,0.12729620027135735,0.12729620027135735,0.12729620027135735,0.12729620027135735,0.12729620027135735,0.12729620027135735,0.12729620027135735,0.12729620027135735,0.12729620027135735,0.12729620027135735,0.12729620027135735,0.12729620027135735,0.12729620027135735,0.12729620027135735,0.12729620027135735,0.12729620027135735,0.12729620027135735,0.12729620027135735,0.12729620027135735,0.12729620027135735,0.12729620027135735,0.12729620027135735,0.12729620027135735,0.12729620027135735,0.12729620027135735,0.12729620027135735,0.12729620027135735,0.12729620027135735,0.12729620027135735,0.12729620027135735,0.12729620027135735,0.12729620027135735,0.12729620027135735,0.12729620027135735,0.12729620027135735,0.12729620027135735,0.12729620027135735,0.12729620027135735,0.12729620027135735,0.12729620027135735,0.12729620027135735,0.12729620027135735,0.12729620027135735,0.12729620027135735,0.12729620027135735,0.12729620027135735,0.12729620027135735,0.12729620027135735,0.12729620027135735,0.12729620027135735,0.12729620027135735,0.12729620027135735,0.12729620027135735,0.12729620027135735,0.12729620027135735,0.12729620027135735,0.12729620027135735
0.12729620027135735,0.12729620027135735,0.12729620027135735,0.12729620027135735,0.12729620027135735,0.12729620027135735,0.12729620027135735,0.12729620027135735,0.12729620027135735,0.12729620027135735,0.12729620027135735,0.12729620027135735,0.12729620027135735,0.12729620027135735,0.12729620027135735,0.12729620027135735,0.12729620027135735,0.12729620027135735,0.12729620027135735,0.12729620027135735,0.12729620027135735,0.12729620027135735,0.12729620027135735,0.12729620027135735,0.12729620027135735,0.12729620027135735,0.12729620027135735,0.12729620027135735,0.12729620027135735,0.12729620027135735,0.12729620027135735,0.12729620027135735,0.12729620027135735,0.12729620027135735,0.12729620027135735,0.12729620027135735,0.12729620027135735,0.12729620027135735,0.12729620027135735,0.12729620027135735,0.12729620027135735,0.12729620027135735,0.12729620027135735,0.12729620027135735,0.12729620027135735,0.12729620027135735,0.12729620027135735,0.12729620027135735,0.12729620027135735,0.12729620027135735,0.12729620027135735,0.12729620027135735,0.12729620027135735,0.12729620027135735,0.12729620027135735,0.12729620027135735,0.12729620027135735,0.12729620027135735,0.12729620027135735,0.12729620027135735,0.12729620027135735,0.12729620027135735,0.12729620027135735,0.12729620027135735,0.12729620027135735,0.12729620027135735,0.12729620027135735,0.12729620027135735
0.12729620027135735,0.12729620027135735,0.12729620027135735,0.12729620027135735,0.12729620027135735,0.12729620027135735,0.12729620027135735,0.12729620027135735,0.12729620027135735,0.12729620027135735,0.12729620027135735,0.12729620027135735,0.12729620027135735,0.12729620027135735,0.12729620027135735,0.12729620027135735,0.12729620027135735,0.12729620027135735,0.12729620027135735,0.12729620027135735,0.12729620027135735,0.12729620027135735,0.12729620027135735,0.12729620027135735,0.12729620027135735,0.12729620027135735,0.12729620027135735,0.12729620027135735,0.12729620027135735,0.12729620027135735,0.12729620027135735,0.12729620027135735,0.12729620027135735,0.12729620027135735,0.12729620027135735,0.12729620027135735,0.12729620027135735,0.12729620027135735,0.12729620027135735,0.12729620027135735,0.12729620027135735,0.12729620027135735,0.12729620027135735,0.12729620027135735,0.12729620027135735,0.12729620027135735,0.12729620027135735,0.12729620027135735,0.12729620027135735,0.12729620027135735,0.12729620027135735,0.12729620027135735,0.12729620027135735,0.12729620027135735,0.12729620027135735,0.12729620027135735,0.12729620027135735,0.12729620027135735,0.12729620027135735,0.12729620027135735,0.12729620027135735,0.12729620027135735,0.12729620027135735,0.12729620027135735,0.12729620027135735,0.12729620027135735,0.12729620027135735,0.12729620027135735
0.12729620027135735,0.12729620027135735,0.12729620027135735,0.12729620027135735,0.12729620027135735,0.12729620027135735,0.12729620027135735,0.12729620027135735,0.12729620027135735,0.12729620027135735,0.12729620027135735,0.12729620027135735,0.12729620027135735,0.12729620027135735,0.12729620027135735,0.12729620027135735,0.12729620027135735,0.12729620027135735,0.12729620027135735,0.12729620027135735,0.12729620027135735,0.12729620027135735,0.12729620027135735,0.12729620027135735,0.12729620027135735,0.12729620027135735,0.12729620027135735,0.12729620027135735,0.12729620027135735,0.12729620027135735,0.12729620027135735,0.12729620027135735,0.12729620027135735,0.12729620027135735,0.12729620027135735,0.12729620027135735,0.12729620027135735,0.12729620027135735,0.12729620027135735,0.12729620027135735,0.12729620027135735,0.12729620027135735,0.12729620027135735,0.12729620027135735,0.12729620027135735,0.12729620027135735,0.12729620027135735,0.12729620027135735,0.12729620027135735,0.12729620027135735,0.12729620027135735,0.12729620027135735,0.12729620027135735,0.12729620027135735,0.12729620027135735,0.12729620027135735,0.12729620027135735,0.12729620027135735,0.12729620027135735,0.12729620027135735,0.12729620027135735,0.12729620027135735,0.12729620027135735,0.12729620027135735,0.12729620027135735,0.12729620027135735,0.12729620027135735,0.12729620027135735
0.12729620027135735,0.12729620027135735,0.12729620027135735,0.12729620027135735,0.12729620027135735,0.12729620027135735,0.12729620027135735,0.12729620027135735,0.12729620027135735,0.12729620027135735,0.12729620027135735,0.12729620027135735,0.12729620027135735,0.12729620027135735,0.12729620027135735,0.12729620027135735,0.12729620027135735,0.12729620027135735,0.12729620027135735,0.12729620027135735,0.12729620027135735,0.12729620027135735,0.12729620027135735,0.12729620027135735,0.12729620027135735,0.12729620027135735,0.12729620027135735,0.12729620027135735,0.12729620027135735,0.12729620027135735,0.12729620027135735,0.12729620027135735,0.12729620027135735,0.12729620027135735,0.12729620027135735,0.12729620027135735,0.12729620027135735,0.12729620027135735,0.12729620027135735,0.12729620027135735,0.12729620027135735,0.12729620027135735,0.12729620027135735,0.12729620027135735,0.12729620027135735,0.12729620027135735,0.12729620027135735,0.12729620027135735,0.12729620027135735,0.12729620027135735,0.12729620027135735,0.12729620027135735,0.12729620027135735,0.12729620027135735,0.12729620027135735,0.12729620027135735,0.12729620027135735,0.12729620027135735,0.12729620027135735,0.12729620027135735,0.12729620027135735,0.12729620027135735,0.12729620027135735,0.12729620027135735,0.12729620027135735,0.12729620027135735,0.12729620027135735,0.12729620027135735
0.12729620027135735,0.12729620027135735,0.12729620027135735,0.12729620027135735,0.12729620027135735,0.12729620027135735,0.12729620027135735,0.12729620027135735,0.12729620027135735,0.12729620027135735,0.12729620027135735,0.12729620027135735,0.12729620027135735,0.12729620027135735,0.12729620027135735,0.12729620027135735,0.12729620027135735,0.12729620027135735,0.12729620027135735,0.12729620027135735,0.12729620027135735,0.12729620027135735,0.12729620027135735,0.12729620027135735,0.12729620027135735,0.12729620027135735,0.12729620027135735,0.12729620027135735,0.12729620027135735,0.12729620027135735,0.12729620027135735,0.12729620027135735,0.12729620027135735,0.12729620027135735,0.12729620027135735,0.12729620027135735,0.12729620027135735,0.12729620027135735,0.12729620027135735,0.12729620027135735,0.12729620027135735,0.12729620027135735,0.12729620027135735,0.12729620027135735,0.12729620027135735,0.12729620027135735,0.12729620027135735,0.12729620027135735,0.12729620027135735,0.12729620027135735,0.12729620027135735,0.12729620027135735,0.12729620027135735,0.12729620027135735,0.12729620027135735,0.12729620027135735,0.12729620027135735,0.12729620027135735,0.12729620027135735,0.12729620027135735,0.12729620027135735,0.12729620027135735,0.12729620027135735,0.12729620027135735,0.12729620027135735,0.12729620027135735,0.12729620027135735,0.12729620027135735
0.12729620027135735,0.12729620027135735,0.12729620027135735,0.12729620027135735,0.12729620027135735,0.12729620027135735,0.12729620027135735,0.12729620027135735,0.12729620027135735,0.12729620027135735,0.12729620027135735,0.12729620027135735,0.12729620027135735,0.12729620027135735,0.12729620027135735,0.12729620027135735,0.12729620027135735,0.12729620027135735,0.12729620027135735,0.12729620027135735,0.12729620027135735,0.12729620027135735,0.12729620027135735,0.12729620027135735,0.12729620027135735,0.12729620027135735,0.12729620027135735,0.12729620027135735,0.12729620027135735,0.12729620027135735,0.12729620027135735,0.12729620027135735,0.12729620027135735,0.12729620027135735,0.12729620027135735,0.12729620027135735,0.12729620027135735,0.12729620027135735,0.12729620027135735,0.12729620027135735,0.12729620027135735,0.12729620027135735,0.12729620027135735,0.12729620027135735,0.12729620027135735,0.12729620027135735,0.12729620027135735,0.12729620027135735,0.12729620027135735,0.12729620027135735,0.12729620027135735,0.12729620027135735,0.12729620027135735,0.12729620027135735,0.12729620027135735,0.12729620027135735,0.12729620027135735,0.12729620027135735,0.12729620027135735,0.12729620027135735,0.12729620027135735,0.12729620027135735,0.12729620027135735,0.12729620027135735,0.12729620027135735,0.12729620027135735,0.12729620027135735,0.12729620027135735
0.12729620027135735,0.12729620027135735,0.12729620027135735,0.12729620027135735,0.12729620027135735,0.12729620027135735,0.12729620027135735,0.12729620027135735,0.12729620027135735,0.12729620027135735,0.12729620027135735,0.12729620027135735,0.12729620027135735,0.12729620027135735,0.12729620027135735,0.12729620027135735,0.12729620027135735,0.12729620027135735,0.12729620027135735,0.12729620027135735,0.12729620027135735,0.12729620027135735,0.12729620027135735,0.12729620027135735,0.12729620027135735,0.12729620027135735,0.12729620027135735,0.12729620027135735,0.12729620027135735,0.12729620027135735,0.12729620027135735,0.12729620027135735,0.12729620027135735,0.12729620027135735,0.12729620027135735,0.12729620027135735,0.12729620027135735,0.12729620027135735,0.12729620027135735,0.12729620027135735,0.12729620027135735,0.12729620027135735,0.12729620027135735,0.12729620027135735,0.12729620027135735,0.12729620027135735,0.12729620027135735,0.12729620027135735,0.12729620027135735,0.12729620027135735,0.12729620027135735,0.12729620027135735,0.12729620027135735,0.12729620027135735,0.12729620027135735,0.12729620027135735,0.12729620027135735,0.12729620027135735,0.12729620027135735,0.12729620027135735,0.12729620027135735,0.12729620027135735,0.12729620027135735,0.12729620027135735,0.12729620027135735,0.12729620027135735,0.12729620027135735,0.12729620027135735
0.12729620027135735,0.12729620027135735,0.12729620027135735,0.12729620027135735,0.12729620027135735,0.12729620027135735,0.12729620027135735,0.12729620027135735,0.12729620027135735,0.12729620027135735,0.12729620027135735,0.12729620027135735,0.12729620027135735,0.12729620027135735,0.12729620027135735,0.12729620027135735,0.12729620027135735,0.12729620027135735,0.12729620027135735,0.12729620027135735,0.12729620027135735,0.12729620027135735,0.12729620027135735,0.12729620027135735,0.12729620027135735,0.12729620027135735,0.12729620027135735,0.12729620027135735,0.12729620027135735,0.12729620027135735,0.12729620027135735,0.12729620027135735,0.12729620027135735,0.12729620027135735,0.12729620027135735,0.12729620027135735,0.12729620027135735,0.12729620027135735,0.12729620027135735,0.12729620027135735,0.12729620027135735,0.12729620027135735,0.12729620027135735,0.12729620027135735,0.12729620027135735,0.12729620027135735,0.12729620027135735,0.12729620027135735,0.12729620027135735,0.12729620027135735,0.12729620027135735,0.12729620027135735,0.12729620027135735,0.12729620027135735,0.12729620027135735,0.12729620027135735,0.12729620027135735,0.12729620027135735,0.12729620027135735,0.12729620027135735,0.12729620027135735,0.12729620027135735,0.12729620027135735,0.12729620027135735,0.12729620027135735,0.12729620027135735,0.12729620027135735,0.12729620027135735
0.12729620027135735,0.12729620027135735,0.12729620027135735,0.12729620027135735,0.12729620027135735,0.12729620027135735,0.12729620027135735,0.12729620027135735,0.12729620027135735,0.12729620027135735,0.12729620027135735,0.12729620027135735,0.12729620027135735,0.12729620027135735,0.12729620027135735,0.12729620027135735,0.12729620027135735,0.12729620027135735,0.12729620027135735,0.12729620027135735,0.12729620027135735,0.12729620027135735,0.12729620027135735,0.12729620027135735,0.12729620027135735,0.12729620027135735,0.12729620027135735,0.12729620027135735,0.12729620027135735,0.12729620027135735,0.12729620027135735,0.12729620027135735,0.12729620027135735,0.12729620027135735,0.12729620027135735,0.12729620027135735,0.12729620027135735,0.12729620027135735,0.12729620027135735,0.12729620027135735,0.12729620027135735,0.12729620027135735,0.12729620027135735,0.12729620027135735,0.12729620027135735,0.12729620027135735,0.12729620027135735,0.12729620027135735,0.12729620027135735,0.12729620027135735,0.12729620027135735,0.12729620027135735,0.12729620027135735,0.12729620027135735,0.12729620027135735,0.12729620027135735,0.12729620027135735,0.12729620027135735,0.12729620027135735,0.12729620027135735,0.12729620027135735,0.12729620027135735,0.12729620027135735,0.12729620027135735,0.12729620027135735,0.12729620027135735,0.12729620027135735,0.12729620027135735
0.12729620027135735,0.12729620027135735,0.12729620027135735,0.12729620027135735,0.12729620027135735,0.12729620027135735,0.12729620027135735,0.12729620027135735,0.12729620027135735,0.12729620027135735,0.12729620027135735,0.12729620027135735,0.12729620027135735,0.12729620027135735,0.12729620027135735,0.12729620027135735,0.12729620027135735,0.12729620027135735,0.12729620027135735,0.12729620027135735,0.12729620027135735,0.12729620027135735,0.12729620027135735,0.12729620027135735,0.12729620027135735,0.12729620027135735,0.12729620027135735,0.12729620027135735,0.12729620027135735,0.12729620027135735,0.12729620027135735,0.12729620027135735,0.12729620027135735,0.12729620027135735,0.12729620027135735,0.12729620027135735,0.12729620027135735,0.12729620027135735,0.12729620027135735,0.12729620027135735,0.12729620027135735,0.12729620027135735,0.12729620027135735,0.12729620027135735,0.12729620027135735,0.12729620027135735,0.12729620027135735,0.12729620027135735,0.12729620027135735,0.12729620027135735,0.12729620027135735,0.12729620027135735,0.12729620027135735,0.12729620027135735,0.12729620027135735,0.12729620027135735,0.12729620027135735,0.12729620027135735,0.12729620027135735,0.12729620027135735,0.12729620027135735,0.12729620027135735,0.12729620027135735,0.12729620027135735,0.12729620027135735,0.12729620027135735,0.12729620027135735,0.12729620027135735
0.12729620027135735,0.12729620027135735,0.12729620027135735,0.12729620027135735,0.12729620027135735,0.12729620027135735,0.12729620027135735,0.12729620027135735,0.12729620027135735,0.12729620027135735,0.12729620027135735,0.12729620027135735,0.12729620027135735,0.12729620027135735,0.12729620027135735,0.12729620027135735,0.12729620027135735,0.12729620027135735,0.12729620027135735,0.12729620027135735,0.12729620027135735,0.12729620027135735,0.12729620027135735,0.12729620027135735,0.12729620027135735,0.12729620027135735,0.12729620027135735,0.12729620027135735,0.12729620027135735,0.12729620027135735,0.12729620027135735,0.12729620027135735,0.12729620027135735,0.12729620027135735,0.12729620027135735,0.12729620027135735,0.12729620027135735,0.12729620027135735,0.12729620027135735,0.12729620027135735,0.12729620027135735,0.12729620027135735,0.12729620027135735,0.12729620027135735,0.12729620027135735,0.12729620027135735,0.12729620027135735,0.12729620027135735,0.12729620027135735,0.12729620027135735,0.12729620027135735,0.12729620027135735,0.12729620027135735,0.12729620027135735,0.12729620027135735,0.12729620027135735,0.12729620027135735,0.12729620027135735,0.12729620027135735,0.12729620027135735,0.12729620027135735,0.12729620027135735,0.12729620027135735,0.12729620027135735,0.12729620027135735,0.12729620027135735,0.12729620027135735,0.12729620027135735
0.12729620027135735,0.12729620027135735,0.12729620027135735,0.12729620027135735,0.12729620027135735,0.12729620027135735,0.12729620027135735,0.12729620027135735,0.12729620027135735,0.12729620027135735,0.12729620027135735,0.12729620027135735,0.12729620027135735,0.12729620027135735,0.12729620027135735,0.12729620027135735,0.12729620027135735,0.12729620027135735,0.12729620027135735,0.12729620027135735,0.12729620027135735,0.12729620027135735,0.12729620027135735,0.12729620027135735,0.12729620027135735,0.12729620027135735,0.12729620027135735,0.12729620027135735,0.12729620027135735,0.12729620027135735,0.12729620027135735,0.12729620027135735,0.12729620027135735,0.12729620027135735,0.12729620027135735,0.12729620027135735,0.12729620027135735,0.12729620027135735,0.12729620027135735,0.12729620027135735,0.12729620027135735,0.12729620027135735,0.12729620027135735,0.12729620027135735,0.12729620027135735,0.12729620027135735,0.12729620027135735,0.12729620027135735,0.12729620027135735,0.12729620027135735,0.12729620027135735,0.12729620027135735,0.12729620027135735,0.12729620027135735,0.12729620027135735,0.12729620027135735,0.12729620027135735,0.12729620027135735,0.12729620027135735,0.12729620027135735,0.12729620027135735,0.12729620027135735,0.12729620027135735,0.12729620027135735,0.12729620027135735,0.12729620027135735,0.12729620027135735,0.12729620027135735
0.12729620027135735,0.12729620027135735,0.12729620027135735,0.12729620027135735,0.12729620027135735,0.12729620027135735,0.12729620027135735,0.12729620027135735,0.12729620027135735,0.12729620027135735,0.12729620027135735,0.12729620027135735,0.12729620027135735,0.12729620027135735,0.12729620027135735,0.12729620027135735,0.12729620027135735,0.12729620027135735,0.12729620027135735,0.12729620027135735,0.12729620027135735,0.12729620027135735,0.12729620027135735,0.12729620027135735,0.12729620027135735,0.12729620027135735,0.12729620027135735,0.12729620027135735,0.12729620027135735,0.12729620027135735,0.12729620027135735,0.12729620027135735,0.12729620027135735,0.12729620027135735,0.12729620027135735,0.12729620027135735,0.12729620027135735,0.12729620027135735,0.12729620027135735,0.12729620027135735,0.12729620027135735,0.12729620027135735,0.12729620027135735,0.12729620027135735,0.12729620027135735,0.12729620027135735,0.12729620027135735,0.12729620027135735,0.12729620027135735,0.12729620027135735,0.12729620027135735,0.12729620027135735,0.12729620027135735,0.12729620027135735,0.12729620027135735,0.12729620027135735,0.12729620027135735,0.12729620027135735,0.12729620027135735,0.12729620027135735,0.12729620027135735,0.12729620027135735,0.12729620027135735,0.12729620027135735,0.12729620027135735,0.12729620027135735,0.12729620027135735,0.12729620027135735
0.12729620027135735,0.12729620027135735,0.12729620027135735,0.12729620027135735,0.12729620027135735,0.12729620027135735,0.12729620027135735,0.12729620027135735,0.12729620027135735,0.12729620027135735,0.12729620027135735,0.12729620027135735,0.12729620027135735,0.12729620027135735,0.12729620027135735,0.12729620027135735,0.12729620027135735,0.12729620027135735,0.12729620027135735,0.12729620027135735,0.12729620027135735,0.12729620027135735,0.12729620027135735,0.12729620027135735,0.12729620027135735,0.12729620027135735,0.12729620027135735,0.12729620027135735,0.12729620027135735,0.12729620027135735,0.12729620027135735,0.12729620027135735,0.12729620027135735,0.12729620027135735,0.12729620027135735,0.12729620027135735,0.12729620027135735,0.12729620027135735,0.12729620027135735,0.12729620027135735,0.12729620027135735,0.12729620027135735,0.12729620027135735,0.12729620027135735,0.12729620027135735,0.12729620027135735,0.12729620027135735,0.12729620027135735,0.12729620027135735,0.12729620027135735,0.12729620027135735,0.12729620027135735,0.12729620027135735,0.12729620027135735,0.12729620027135735,0.12729620027135735,0.12729620027135735,0.12729620027135735,0.12729620027135735,0.12729620027135735,0.12729620027135735,0.12729620027135735,0.12729620027135735,0.12729620027135735,0.12729620027135735,0.12729620027135735,0.12729620027135735,0.12729620027135735
0.12729620027135735,0.12729620027135735,0.12729620027135735,0.12729620027135735,0.12729620027135735,0.12729620027135735,0.12729620027135735,0.12729620027135735,0.12729620027135735,0.12729620027135735,0.12729620027135735,0.12729620027135735,0.12729620027135735,0.12729620027135735,0.12729620027135735,0.12729620027135735,0.12729620027135735,0.12729620027135735,0.12729620027135735,0.12729620027135735,0.12729620027135735,0.12729620027135735,0.12729620027135735,0.12729620027135735,0.12729620027135735,0.12729620027135735,0.12729620027135735,0.12729620027135735,0.12729620027135735,0.12729620027135735,0.12729620027135735,0.12729620027135735,0.12729620027135735,0.12729620027135735,0.12729620027135735,0.12729620027135735,0.12729620027135735,0.12729620027135735,0.12729620027135735,0.12729620027135735,0.12729620027135735,0.12729620027135735,0.12729620027135735,0.12729620027135735,0.12729620027135735,0.12729620027135735,0.12729620027135735,0.12729620027135735,0.12729620027135735,0.12729620027135735,0.12729620027135735,0.12729620027135735,0.12729620027135735,0.12729620027135735,0.12729620027135735,0.12729620027135735,0.12729620027135735,0.12729620027135735,0.12729620027135735,0.12729620027135735,0.12729620027135735,0.12729620027135735,0.12729620027135735,0.12729620027135735,0.12729620027135735,0.12729620027135735,0.12729620027135735,0.12729620027135735
0.12729620027135735,0.12729620027135735,0.12729620027135735,0.12729620027135735,0.12729620027135735,0.12729620027135735,0.12729620027135735,0.12729620027135735,0.12729620027135735,0.12729620027135735,0.12729620027135735,0.12729620027135735,0.12729620027135735,0.12729620027135735,0.12729620027135735,0.12729620027135735,0.12729620027135735,0.12729620027135735,0.12729620027135735,0.12729620027135735,0.12729620027135735,0.12729620027135735,0.12729620027135735,0.12729620027135735,0.12729620027135735,0.12729620027135735,0.12729620027135735,0.12729620027135735,0.12729620027135735,0.12729620027135735,0.12729620027135735,0.12729620027135735,0.12729620027135735,0.12729620027135735,0.12729620027135735,0.12729620027135735,0.12729620027135735,0.12729620027135735,0.12729620027135735,0.12729620027135735,0.12729620027135735,0.12729620027135735,0.12729620027135735,0.12729620027135735,0.12729620027135735,0.12729620027135735,0.12729620027135735,0.12729620027135735,0.12729620027135735,0.12729620027135735,0.12729620027135735,0.12729620027135735,0.12729620027135735,0.12729620027135735,0.12729620027135735,0.12729620027135735,0.12729620027135735,0.12729620027135735,0.12729620027135735,0.12729620027135735,0.12729620027135735,0.12729620027135735,0.12729620027135735,0.12729620027135735,0.12729620027135735,0.12729620027135735,0.12729620027135735,0.12729620027135735
0.12729620027135735,0.12729620027135735,0.12729620027135735,0.12729620027135735,0.12729620027135735,0.12729620027135735,0.12729620027135735,0.12729620027135735,0.12729620027135735,0.12729620027135735,0.12729620027135735,0.12729620027135735,0.12729620027135735,0.12729620027135735,0.12729620027135735,0.12729620027135735,0.12729620027135735,0.12729620027135735,0.12729620027135735,0.12729620027135735,0.12729620027135735,0.12729620027135735,0.12729620027135735,0.12729620027135735,0.12729620027135735,0.12729620027135735,0.12729620027135735,0.12729620027135735,0.12729620027135735,0.12729620027135735,0.12729620027135735,0.12729620027135735,0.12729620027135735,0.12729620027135735,0.12729620027135735,0.12729620027135735,0.12729620027135735,0.12729620027135735,0.12729620027135735,0.12729620027135735,0.12729620027135735,0.12729620027135735,0.12729620027135735,0.12729620027135735,0.12729620027135735,0.12729620027135735,0.12729620027135735,0.12729620027135735,0.12729620027135735,0.12729620027135735,0.12729620027135735,0.12729620027135735,0.12729620027135735,0.12729620027135735,0.12729620027135735,0.12729620027135735,0.12729620027135735,0.12729620027135735,0.12729620027135735,0.12729620027135735,0.12729620027135735,0.12729620027135735,0.12729620027135735,0.12729620027135735,0.12729620027135735,0.12729620027135735,0.12729620027135735,0.12729620027135735
0.12729620027135735,0.12729620027135735,0.12729620027135735,0.12729620027135735,0.12729620027135735,0.12729620027135735,0.12729620027135735,0.12729620027135735,0.12729620027135735,0.12729620027135735,0.12729620027135735,0.12729620027135735,0.12729620027135735,0.12729620027135735,0.12729620027135735,0.12729620027135735,0.12729620027135735,0.12729620027135735,0.12729620027135735,0.12729620027135735,0.12729620027135735,0.12729620027135735,0.12729620027135735,0.12729620027135735,0.12729620027135735,0.12729620027135735,0.12729620027135735,0.12729620027135735,0.12729620027135735,0.12729620027135735,0.12729620027135735,0.12729620027135735,0.12729620027135735,0.12729620027135735,0.12729620027135735,0.12729620027135735,0.12729620027135735,0.12729620027135735,0.12729620027135735,0.12729620027135735,0.12729620027135735,0.12729620027135735,0.12729620027135735,0.12729620027135735,0.12729620027135735,0.12729620027135735,0.12729620027135735,0.12729620027135735,0.12729620027135735,0.12729620027135735,0.12729620027135735,0.12729620027135735,0.12729620027135735,0.12729620027135735,0.12729620027135735,0.12729620027135735,0.12729620027135735,0.12729620027135735,0.12729620027135735,0.12729620027135735,0.12729620027135735,0.12729620027135735,0.12729620027135735,0.12729620027135735,0.12729620027135735,0.12729620027135735,0.12729620027135735,0.12729620027135735
0.12729620027135735,0.12729620027135735,0.12729620027135735,0.12729620027135735,0.12729620027135735,0.12729620027135735,0.12729620027135735,0.12729620027135735,0.12729620027135735,0.12729620027135735,0.12729620027135735,0.12729620027135735,0.12729620027135735,0.12729620027135735,0.12729620027135735,0.12729620027135735,0.12729620027135735,0.12729620027135735,0.12729620027135735,0.12729620027135735,0.12729620027135735,0.12729620027135735,0.12729620027135735,0.12729620027135735,0.12729620027135735,0.12729620027135735,0.12729620027135735,0.12729620027135735,0.12729620027135735,0.12729620027135735,0.12729620027135735,0.12729620027135735,0.12729620027135735,0.12729620027135735,0.12729620027135735,0.12729620027135735,0.12729620027135735,0.12729620027135735,0.12729620027135735,0.12729620027135735,0.12729620027135735,0.12729620027135735,0.12729620027135735,0.12729620027135735,0.12729620027135735,0.12729620027135735,0.12729620027135735,0.12729620027135735,0.12729620027135735,0.12729620027135735,0.12729620027135735,0.12729620027135735,0.12729620027135735,0.12729620027135735,0.12729620027135735,0.12729620027135735,0.12729620027135735,0.12729620027135735,0.12729620027135735,0.12729620027135735,0.12729620027135735,0.12729620027135735,0.12729620027135735,0.12729620027135735,0.12729620027135735,0.12729620027135735,0.12729620027135735,0.12729620027135735
0.12729620027135735,0.12729620027135735,0.12729620027135735,0.12729620027135735,0.12729620027135735,0.12729620027135735,0.12729620027135735,0.12729620027135735,0.12729620027135735,0.12729620027135735,0.12729620027135735,0.12729620027135735,0.12729620027135735,0.12729620027135735,0.12729620027135735,0.12729620027135735,0.12729620027135735,0.12729620027135735,0.12729620027135735,0.12729620027135735,0.12729620027135735,0.12729620027135735,0.12729620027135735,0.12729620027135735,0.12729620027135735,0.12729620027135735,0.12729620027135735,0.12729620027135735,0.12729620027135735,0.12729620027135735,0.12729620027135735,0.12729620027135735,0.12729620027135735,0.12729620027135735,0.12729620027135735,0.12729620027135735,0.12729620027135735,0.12729620027135735,0.12729620027135735,0.12729620027135735,0.12729620027135735,0.12729620027135735,0.12729620027135735,0.12729620027135735,0.12729620027135735,0.12729620027135735,0.12729620027135735,0.12729620027135735,0.12729620027135735,0.12729620027135735,0.12729620027135735,0.12729620027135735,0.12729620027135735,0.12729620027135735,0.12729620027135735,0.12729620027135735,0.12729620027135735,0.12729620027135735,0.12729620027135735,0.12729620027135735,0.12729620027135735,0.12729620027135735,0.12729620027135735,0.12729620027135735,0.12729620027135735,0.12729620027135735,0.12729620027135735,0.12729620027135735
0.12729620027135735,0.12729620027135735,0.12729620027135735,0.12729620027135735,0.12729620027135735,0.12729620027135735,0.12729620027135735,0.12729620027135735,0.12729620027135735,0.12729620027135735,0.12729620027135735,0.12729620027135735,0.12729620027135735,0.12729620027135735,0.12729620027135735,0.12729620027135735,0.12729620027135735,0.12729620027135735,0.12729620027135735,0.12729620027135735,0.12729620027135735,0.12729620027135735,0.12729620027135735,0.12729620027135735,0.12729620027135735,0.12729620027135735,0.12729620027135735,0.12729620027135735,0.12729620027135735,0.12729620027135735,0.12729620027135735,0.12729620027135735,0.12729620027135735,0.12729620027135735,0.12729620027135735,0.12729620027135735,0.12729620027135735,0.12729620027135735,0.12729620027135735,0.12729620027135735,0.12729620027135735,0.12729620027135735,0.12729620027135735,0.12729620027135735,0.12729620027135735,0.12729620027135735,0.12729620027135735,0.12729620027135735,0.12729620027135735,0.12729620027135735,0.12729620027135735,0.12729620027135735,0.12729620027135735,0.12729620027135735,0.12729620027135735,0.12729620027135735,0.12729620027135735,0.12729620027135735,0.12729620027135735,0.12729620027135735,0.12729620027135735,0.12729620027135735,0.12729620027135735,0.12729620027135735,0.12729620027135735,0.12729620027135735,0.12729620027135735,0.12729620027135735
0.12729620027135735,0.12729620027135735,0.12729620027135735,0.12729620027135735,0.12729620027135735,0.12729620027135735,0.12729620027135735,0.12729620027135735,0.12729620027135735,0.12729620027135735,0.12729620027135735,0.12729620027135735,0.12729620027135735,0.12729620027135735,0.12729620027135735,0.12729620027135735,0.12729620027135735,0.12729620027135735,0.12729620027135735,0.12729620027135735,0.12729620027135735,0.12729620027135735,0.12729620027135735,0.12729620027135735,0.12729620027135735,0.12729620027135735,0.12729620027135735,0.12729620027135735,0.12729620027135735,0.12729620027135735,0.12729620027135735,0.12729620027135735,0.12729620027135735,0.12729620027135735,0.12729620027135735,0.12729620027135735,0.12729620027135735,0.12729620027135735,0.12729620027135735,0.12729620027135735,0.12729620027135735,0.12729620027135735,0.12729620027135735,0.12729620027135735,0.12729620027135735,0.12729620027135735,0.12729620027135735,0.12729620027135735,0.12729620027135735,0.12729620027135735,0.12729620027135735,0.12729620027135735,0.12729620027135735,0.12729620027135735,0.12729620027135735,0.12729620027135735,0.12729620027135735,0.12729620027135735,0.12729620027135735,0.12729620027135735,0.12729620027135735,0.12729620027135735,0.12729620027135735,0.12729620027135735,0.12729620027135735,0.12729620027135735,0.12729620027135735,0.12729620027135735
0.12729620027135735,0.12729620027135735,0.12729620027135735,0.12729620027135735,0.12729620027135735,0.12729620027135735,0.12729620027135735,0.12729620027135735,0.12729620027135735,0.12729620027135735,0.12729620027135735,0.12729620027135735,0.12729620027135735,0.12729620027135735,0.12729620027135735,0.12729620027135735,0.12729620027135735,0.12729620027135735,0.12729620027135735,0.12729620027135735,0.12729620027135735,0.12729620027135735,0.12729620027135735,0.12729620027135735,0.12729620027135735,0.12729620027135735,0.12729620027135735,0.12729620027135735,0.12729620027135735,0.12729620027135735,0.12729620027135735,0.12729620027135735,0.12729620027135735,0.12729620027135735,0.12729620027135735,0.12729620027135735,0.12729620027135735,0.12729620027135735,0.12729620027135735,0.12729620027135735,0.12729620027135735,0.12729620027135735,0.12729620027135735,0.12729620027135735,0.12729620027135735,0.12729620027135735,0.12729620027135735,0.12729620027135735,0.12729620027135735,0.12729620027135735,0.12729620027135735,0.12729620027135735,0.12729620027135735,0.12729620027135735,0.12729620027135735,0.12729620027135735,0.12729620027135735,0.12729620027135735,0.12729620027135735,0.12729620027135735,0.12729620027135735,0.12729620027135735,0.12729620027135735,0.12729620027135735,0.12729620027135735,0.12729620027135735,0.12729620027135735,0.12729620027135735
0.1272962002713573,0.1272962002713573,0.12729620027135735,0.12729620027135735,0.12729620027135735,0.12729620027135735,0.12729620027135735,0.12729620027135735,0.12729620027135735,0.12729620027135735,0.12729620027135735,0.12729620027135735,0.12729620027135735,0.12729620027135735,0.12729620027135735,0.12729620027135735,0.12729620027135735,0.12729620027135735,0.12729620027135735,0.12729620027135735,0.12729620027135735,0.12729620027135735,0.12729620027135735,0.12729620027135735,0.12729620027135735,0.12729620027135735,0.12729620027135735,0.12729620027135735,0.12729620027135735,0.12729620027135735,0.12729620027135735,0.12729620027135735,0.12729620027135735,0.12729620027135735,0.12729620027135735,0.12729620027135735,0.12729620027135735,0.12729620027135735,0.12729620027135735,0.12729620027135735,0.12729620027135735,0.12729620027135735,0.12729620027135735,0.12729620027135735,0.12729620027135735,0.12729620027135735,0.12729620027135735,0.12729620027135735,0.12729620027135735,0.12729620027135735,0.12729620027135735,0.12729620027135735,0.12729620027135735,0.12729620027135735,0.12729620027135735,0.12729620027135735,0.12729620027135735,0.12729620027135735,0.12729620027135735,0.12729620027135735,0.12729620027135735,0.12729620027135735,0.12729620027135735,0.12729620027135735,0.12729620027135735,0.12729620027135735,0.12729620027135727,0.1272962002713573
0.1272962002713676,0.12729620027136734,0.12729620027136732,0.12729620027136732,0.12729620027136732,0.12729620027136732,0.12729620027136732,0.12729620027136732,0.12729620027136732,0.12729620027136732,0.12729620027136732,0.12729620027136732,0.12729620027136732,0.12729620027136732,0.12729620027136732,0.12729620027136732,0.12729620027136732,0.1272962002713674,0.1272962002713573,0.12729620027135735,0.12729620027135735,0.12729620027135735,0.12729620027135735,0.12729620027135735,0.12729620027135735,0.12729620027135735,0.12729620027135735,0.12729620027135735,0.12729620027135735,0.12729620027135735,0.12729620027135735,0.12729620027135735,0.12729620027135735,0.12729620027135735,0.12729620027135735,0.12729620027135735,0.12729620027135735,0.12729620027135735,0.12729620027135735,0.12729620027135735,0.12729620027135735,0.12729620027135735,0.12729620027135735,0.12729620027135735,0.12729620027135735,0.12729620027135735,0.12729620027135735,0.12729620027135735,0.12729620027135735,0.1272962002713573,0.1272962002713674,0.12729620027136732,0.12729620027136732,0.12729620027136732,0.12729620027136732,0.12729620027136732,0.12729620027136732,0.12729620027136732,0.12729620027136732,0.12729620027136732,0.12729620027136732,0.12729620027136732,0.12729620027136732,0.12729620027136732,0.12729620027136732,0.12729620027136732,0.12729620027136734,0.12729620027136762
0.0,0.0,0.0,0.0,0.0,0.0,0.0,0.0,0.0,0.0,0.0,0.0,0.0,0.0,0.0,0.0,0.0,0.0,0.1272962002711309,0.1272962002713573,0.12729620027135735,0.12729620027135735,0.12729620027135735,0.12729620027135735,0.12729620027135735,0.12729620027135735,0.12729620027135735,0.12729620027135735,0.12729620027135735,0.12729620027135735,0.12729620027135735,0.12729620027135735,0.12729620027135735,0.12729620027135735,0.12729620027135735,0.12729620027135735,0.12729620027135735,0.12729620027135735,0.12729620027135735,0.12729620027135735,0.12729620027135735,0.12729620027135735,0.12729620027135735,0.12729620027135735,0.12729620027135735,0.12729620027135735,0.12729620027135735,0.12729620027135735,0.12729620027135732,0.1272962002711309,0.0,0.0,0.0,0.0,0.0,0.0,0.0,0.0,0.0,0.0,0.0,0.0,0.0,0.0,0.0,0.0,0.0,0.0
0.0,0.0,0.0,0.0,0.0,0.0,0.0,0.0,0.0,0.0,0.0,0.0,0.0,0.0,0.0,0.0,0.0,0.0,0.127296200271131,0.1272962002713573,0.12729620027135735,0.12729620027135735,0.12729620027135735,0.12729620027135735,0.12729620027135735,0.12729620027135735,0.12729620027135735,0.12729620027135735,0.12729620027135735,0.12729620027135735,0.12729620027135735,0.12729620027135735,0.12729620027135735,0.12729620027135735,0.12729620027135735,0.12729620027135735,0.12729620027135735,0.12729620027135735,0.12729620027135735,0.12729620027135735,0.12729620027135735,0.12729620027135735,0.12729620027135735,0.12729620027135735,0.12729620027135735,0.12729620027135735,0.12729620027135735,0.12729620027135735,0.12729620027135732,0.127296200271131,0.0,0.0,0.0,0.0,0.0,0.0,0.0,0.0,0.0,0.0,0.0,0.0,0.0,0.0,0.0,0.0,0.0,0.0
0.0,0.0,0.0,0.0,0.0,0.0,0.0,0.0,0.0,0.0,0.0,0.0,0.0,0.0,0.0,0.0,0.0,0.0,0.127296200271131,0.1272962002713573,0.12729620027135735,0.12729620027135735,0.12729620027135735,0.12729620027135735,0.12729620027135735,0.12729620027135735,0.12729620027135735,0.12729620027135735,0.12729620027135735,0.12729620027135735,0.12729620027135735,0.12729620027135735,0.12729620027135735,0.12729620027135735,0.12729620027135735,0.12729620027135735,0.12729620027135735,0.12729620027135735,0.12729620027135735,0.12729620027135735,0.12729620027135735,0.12729620027135735,0.12729620027135735,0.12729620027135735,0.12729620027135735,0.12729620027135735,0.12729620027135735,0.12729620027135735,0.12729620027135732,0.127296200271131,0.0,0.0,0.0,0.0,0.0,0.0,0.0,0.0,0.0,0.0,0.0,0.0,0.0,0.0,0.0,0.0,0.0,0.0
0.0,0.0,0.0,0.0,0.0,0.0,0.0,0.0,0.0,0.0,0.0,0.0,0.0,0.0,0.0,0.0,0.0,0.0,0.127296200271131,0.1272962002713573,0.12729620027135735,0.12729620027135735,0.12729620027135735,0.12729620027135735,0.12729620027135735,0.12729620027135735,0.12729620027135735,0.12729620027135735,0.12729620027135735,0.12729620027135735,0.12729620027135735,0.12729620027135735,0.12729620027135735,0.12729620027135735,0.12729620027135735,0.12729620027135735,0.12729620027135735,0.12729620027135735,0.12729620027135735,0.12729620027135735,0.12729620027135735,0.12729620027135735,0.12729620027135735,0.12729620027135735,0.12729620027135735,0.12729620027135735,0.12729620027135735,0.12729620027135735,0.12729620027135732,0.127296200271131,0.0,0.0,0.0,0.0,0.0,0.0,0.0,0.0,0.0,0.0,0.0,0.0,0.0,0.0,0.0,0.0,0.0,0.0
0.0,0.0,0.0,0.0,0.0,0.0,0.0,0.0,0.0,0.0,0.0,0.0,0.0,0.0,0.0,0.0,0.0,0.0,0.127296200271131,0.1272962002713573,0.12729620027135735,0.12729620027135735,0.12729620027135735,0.12729620027135735,0.12729620027135735,0.12729620027135735,0.12729620027135735,0.12729620027135735,0.12729620027135735,0.12729620027135735,0.12729620027135735,0.12729620027135735,0.12729620027135735,0.12729620027135735,0.12729620027135735,0.12729620027135735,0.12729620027135735,0.12729620027135735,0.12729620027135735,0.12729620027135735,0.12729620027135735,0.12729620027135735,0.12729620027135735,0.12729620027135735,0.12729620027135735,0.12729620027135735,0.12729620027135735,0.12729620027135735,0.12729620027135732,0.127296200271131,0.0,0.0,0.0,0.0,0.0,0.0,0.0,0.0,0.0,0.0,0.0,0.0,0.0,0.0,0.0,0.0,0.0,0.0
0.0,0.0,0.0,0.0,0.0,0.0,0.0,0.0,0.0,0.0,0.0,0.0,0.0,0.0,0.0,0.0,0.0,0.0,0.127296200271131,0.1272962002713573,0.12729620027135735,0.12729620027135735,0.12729620027135735,0.12729620027135735,0.12729620027135735,0.12729620027135735,0.12729620027135735,0.12729620027135735,0.12729620027135735,0.12729620027135735,0.12729620027135735,0.12729620027135735,0.12729620027135735,0.12729620027135735,0.12729620027135735,0.12729620027135735,0.12729620027135735,0.12729620027135735,0.12729620027135735,0.12729620027135735,0.12729620027135735,0.12729620027135735,0.12729620027135735,0.12729620027135735,0.12729620027135735,0.12729620027135735,0.12729620027135735,0.12729620027135735,0.12729620027135732,0.127296200271131,0.0,0.0,0.0,0.0,0.0,0.0,0.0,0.0,0.0,0.0,0.0,0.0,0.0,0.0,0.0,0.0,0.0,0.0
0.0,0.0,0.0,0.0,0.0,0.0,0.0,0.0,0.0,0.0,0.0,0.0,0.0,0.0,0.0,0.0,0.0,0.0,0.127296200271131,0.1272962002713573,0.12729620027135735,0.12729620027135735,0.12729620027135735,0.12729620027135735,0.12729620027135735,0.12729620027135735,0.12729620027135735,0.12729620027135735,0.12729620027135735,0.12729620027135735,0.12729620027135735,0.12729620027135735,0.12729620027135735,0.12729620027135735,0.12729620027135735,0.12729620027135735,0.12729620027135735,0.12729620027135735,0.12729620027135735,0.12729620027135735,0.12729620027135735,0.12729620027135735,0.12729620027135735,0.12729620027135735,0.12729620027135735,0.12729620027135735,0.12729620027135735,0.12729620027135735,0.12729620027135732,0.127296200271131,0.0,0.0,0.0,0.0,0.0,0.0,0.0,0.0,0.0,0.0,0.0,0.0,0.0,0.0,0.0,0.0,0.0,0.0
0.0,0.0,0.0,0.0,0.0,0.0,0.0,0.0,0.0,0.0,0.0,0.0,0.0,0.0,0.0,0.0,0.0,0.0,0.127296200271131,0.1272962002713573,0.12729620027135735,0.12729620027135735,0.12729620027135735,0.12729620027135735,0.12729620027135735,0.12729620027135735,0.12729620027135735,0.12729620027135735,0.12729620027135735,0.12729620027135735,0.12729620027135735,0.12729620027135735,0.12729620027135735,0.12729620027135735,0.12729620027135735,0.12729620027135735,0.12729620027135735,0.12729620027135735,0.12729620027135735,0.12729620027135735,0.12729620027135735,0.12729620027135735,0.12729620027135735,0.12729620027135735,0.12729620027135735,0.12729620027135735,0.12729620027135735,0.12729620027135735,0.12729620027135732,0.127296200271131,0.0,0.0,0.0,0.0,0.0,0.0,0.0,0.0,0.0,0.0,0.0,0.0,0.0,0.0,0.0,0.0,0.0,0.0
0.0,0.0,0.0,0.0,0.0,0.0,0.0,0.0,0.0,0.0,0.0,0.0,0.0,0.0,0.0,0.0,0.0,0.0,0.127296200271131,0.1272962002713573,0.12729620027135735,0.12729620027135735,0.12729620027135735,0.12729620027135735,0.12729620027135735,0.12729620027135735,0.12729620027135735,0.12729620027135735,0.12729620027135735,0.12729620027135735,0.12729620027135735,0.12729620027135735,0.12729620027135735,0.12729620027135735,0.12729620027135735,0.12729620027135735,0.12729620027135735,0.12729620027135735,0.12729620027135735,0.12729620027135735,0.12729620027135735,0.12729620027135735,0.12729620027135735,0.12729620027135735,0.12729620027135735,0.12729620027135735,0.12729620027135735,0.12729620027135735,0.12729620027135732,0.127296200271131,0.0,0.0,0.0,0.0,0.0,0.0,0.0,0.0,0.0,0.0,0.0,0.0,0.0,0.0,0.0,0.0,0.0,0.0
0.0,0.0,0.0,0.0,0.0,0.0,0.0,0.0,0.0,0.0,0.0,0.0,0.0,0.0,0.0,0.0,0.0,0.0,0.127296200271131,0.1272962002713573,0.12729620027135735,0.12729620027135735,0.12729620027135735,0.12729620027135735,0.12729620027135735,0.12729620027135735,0.12729620027135735,0.12729620027135735,0.12729620027135735,0.12729620027135735,0.12729620027135735,0.12729620027135735,0.12729620027135735,0.12729620027135735,0.12729620027135735,0.12729620027135735,0.12729620027135735,0.12729620027135735,0.12729620027135735,0.12729620027135735,0.12729620027135735,0.12729620027135735,0.12729620027135735,0.12729620027135735,0.12729620027135735,0.12729620027135735,0.12729620027135735,0.12729620027135735,0.12729620027135732,0.127296200271131,0.0,0.0,0.0,0.0,0.0,0.0,0.0,0.0,0.0,0.0,0.0,0.0,0.0,0.0,0.0,0.0,0.0,0.0
0.0,0.0,0.0,0.0,0.0,0.0,0.0,0.0,0.0,0.0,0.0,0.0,0.0,0.0,0.0,0.0,0.0,0.0,0.127296200271131,0.1272962002713573,0.12729620027135735,0.12729620027135735,0.12729620027135735,0.12729620027135735,0.12729620027135735,0.12729620027135735,0.12729620027135735,0.12729620027135735,0.12729620027135735,0.12729620027135735,0.12729620027135735,0.12729620027135735,0.12729620027135735,0.12729620027135735,0.12729620027135735,0.12729620027135735,0.12729620027135735,0.12729620027135735,0.12729620027135735,0.12729620027135735,0.12729620027135735,0.12729620027135735,0.12729620027135735,0.12729620027135735,0.12729620027135735,0.12729620027135735,0.12729620027135735,0.12729620027135735,0.12729620027135732,0.127296200271131,0.0,0.0,0.0,0.0,0.0,0.0,0.0,0.0,0.0,0.0,0.0,0.0,0.0,0.0,0.0,0.0,0.0,0.0
0.0,0.0,0.0,0.0,0.0,0.0,0.0,0.0,0.0,0.0,0.0,0.0,0.0,0.0,0.0,0.0,0.0,0.0,0.127296200271131,0.1272962002713573,0.12729620027135735,0.12729620027135735,0.12729620027135735,0.12729620027135735,0.12729620027135735,0.12729620027135735,0.12729620027135735,0.12729620027135735,0.12729620027135735,0.12729620027135735,0.12729620027135735,0.12729620027135735,0.12729620027135735,0.12729620027135735,0.12729620027135735,0.12729620027135735,0.12729620027135735,0.12729620027135735,0.12729620027135735,0.12729620027135735,0.12729620027135735,0.12729620027135735,0.12729620027135735,0.12729620027135735,0.12729620027135735,0.12729620027135735,0.12729620027135735,0.12729620027135735,0.12729620027135732,0.127296200271131,0.0,0.0,0.0,0.0,0.0,0.0,0.0,0.0,0.0,0.0,0.0,0.0,0.0,0.0,0.0,0.0,0.0,0.0
0.0,0.0,0.0,0.0,0.0,0.0,0.0,0.0,0.0,0.0,0.0,0.0,0.0,0.0,0.0,0.0,0.0,0.0,0.1272962002711309,0.1272962002713573,0.12729620027135735,0.12729620027135735,0.12729620027135735,0.12729620027135735,0.12729620027135735,0.12729620027135735,0.12729620027135735,0.12729620027135735,0.12729620027135735,0.12729620027135735,0.12729620027135735,0.12729620027135735,0.12729620027135735,0.12729620027135735,0.12729620027135735,0.12729620027135735,0.12729620027135735,0.12729620027135735,0.12729620027135735,0.12729620027135735,0.12729620027135735,0.12729620027135735,0.12729620027135735,0.12729620027135735,0.12729620027135735,0.12729620027135735,0.12729620027135735,0.12729620027135735,0.12729620027135732,0.1272962002711309,0.0,0.0,0.0,0.0,0.0,0.0,0.0,0.0,0.0,0.0,0.0,0.0,0.0,0.0,0.0,0.0,0.0,0.0
0.12729620027136762,0.12729620027136734,0.12729620027136732,0.12729620027136732,0.12729620027136732,0.12729620027136732,0.12729620027136732,0.12729620027136732,0.12729620027136732,0.12729620027136732,0.12729620027136732,0.12729620027136732,0.12729620027136732,0.12729620027136732,0.12729620027136732,0.12729620027136732,0.12729620027136732,0.1272962002713674,0.1272962002713573,0.12729620027135735,0.12729620027135735,0.12729620027135735,0.12729620027135735,0.12729620027135735,0.12729620027135735,0.12729620027135735,0.12729620027135735,0.12729620027135735,0.12729620027135735,0.12729620027135735,0.12729620027135735,0.12729620027135735,0.12729620027135735,0.12729620027135735,0.12729620027135735,0.12729620027135735,0.12729620027135735,0.12729620027135735,0.12729620027135735,0.12729620027135735,0.12729620027135735,0.12729620027135735,0.12729620027135735,0.12729620027135735,0.12729620027135735,0.12729620027135735,0.12729620027135735,0.12729620027135735,0.12729620027135735,0.1272962002713573,0.1272962002713674,0.12729620027136732,0.12729620027136732,0.12729620027136732,0.12729620027136732,0.12729620027136732,0.12729620027136732,0.12729620027136732,0.12729620027136732,0.12729620027136732,0.12729620027136732,0.12729620027136732,0.12729620027136732,0.12729620027136732,0.12729620027136732,0.12729620027136732,0.12729620027136734,0.12729620027136762
0.1272962002713573,0.12729620027135727,0.12729620027135735,0.12729620027135735,0.12729620027135735,0.12729620027135735,0.12729620027135735,0.12729620027135735,0.12729620027135735,0.12729620027135735,0.12729620027135735,0.12729620027135735,0.12729620027135735,0.12729620027135735,0.12729620027135735,0.12729620027135735,0.12729620027135735,0.12729620027135735,0.12729620027135735,0.12729620027135735,0.12729620027135735,0.12729620027135735,0.12729620027135735,0.12729620027135735,0.12729620027135735,0.12729620027135735,0.12729620027135735,0.12729620027135735,0.12729620027135735,0.12729620027135735,0.12729620027135735,0.12729620027135735,0.12729620027135735,0.12729620027135735,0.12729620027135735,0.12729620027135735,0.12729620027135735,0.12729620027135735,0.12729620027135735,0.12729620027135735,0.12729620027135735,0.12729620027135735,0.12729620027135735,0.12729620027135735,0.12729620027135735,0.12729620027135735,0.12729620027135735,0.12729620027135735,0.12729620027135735,0.12729620027135735,0.12729620027135735,0.12729620027135735,0.12729620027135735,0.12729620027135735,0.12729620027135735,0.12729620027135735,0.12729620027135735,0.12729620027135735,0.12729620027135735,0.12729620027135735,0.12729620027135735,0.12729620027135735,0.12729620027135735,0.12729620027135735,0.12729620027135735,0.12729620027135735,0.12729620027135727,0.1272962002713573
0.12729620027135735,0.12729620027135735,0.12729620027135735,0.12729620027135735,0.12729620027135735,0.12729620027135735,0.12729620027135735,0.12729620027135735,0.12729620027135735,0.12729620027135735,0.12729620027135735,0.12729620027135735,0.12729620027135735,0.12729620027135735,0.12729620027135735,0.12729620027135735,0.12729620027135735,0.12729620027135735,0.12729620027135735,0.12729620027135735,0.12729620027135735,0.12729620027135735,0.12729620027135735,0.12729620027135735,0.12729620027135735,0.12729620027135735,0.12729620027135735,0.12729620027135735,0.12729620027135735,0.12729620027135735,0.12729620027135735,0.12729620027135735,0.12729620027135735,0.12729620027135735,0.12729620027135735,0.12729620027135735,0.12729620027135735,0.12729620027135735,0.12729620027135735,0.12729620027135735,0.12729620027135735,0.12729620027135735,0.12729620027135735,0.12729620027135735,0.12729620027135735,0.12729620027135735,0.12729620027135735,0.12729620027135735,0.12729620027135735,0.12729620027135735,0.12729620027135735,0.12729620027135735,0.12729620027135735,0.12729620027135735,0.12729620027135735,0.12729620027135735,0.12729620027135735,0.12729620027135735,0.12729620027135735,0.12729620027135735,0.12729620027135735,0.12729620027135735,0.12729620027135735,0.12729620027135735,0.12729620027135735,0.12729620027135735,0.12729620027135735,0.12729620027135735
0.12729620027135735,0.12729620027135735,0.12729620027135735,0.12729620027135735,0.12729620027135735,0.12729620027135735,0.12729620027135735,0.12729620027135735,0.12729620027135735,0.12729620027135735,0.12729620027135735,0.12729620027135735,0.12729620027135735,0.12729620027135735,0.12729620027135735,0.12729620027135735,0.12729620027135735,0.12729620027135735,0.12729620027135735,0.12729620027135735,0.12729620027135735,0.12729620027135735,0.12729620027135735,0.12729620027135735,0.12729620027135735,0.12729620027135735,0.12729620027135735,0.12729620027135735,0.12729620027135735,0.12729620027135735,0.12729620027135735,0.12729620027135735,0.12729620027135735,0.12729620027135735,0.12729620027135735,0.12729620027135735,0.12729620027135735,0.12729620027135735,0.12729620027135735,0.12729620027135735,0.12729620027135735,0.12729620027135735,0.12729620027135735,0.12729620027135735,0.12729620027135735,0.12729620027135735,0.12729620027135735,0.12729620027135735,0.12729620027135735,0.12729620027135735,0.12729620027135735,0.12729620027135735,0.12729620027135735,0.12729620027135735,0.12729620027135735,0.12729620027135735,0.12729620027135735,0.12729620027135735,0.12729620027135735,0.12729620027135735,0.12729620027135735,0.12729620027135735,0.12729620027135735,0.12729620027135735,0.12729620027135735,0.12729620027135735,0.12729620027135735,0.12729620027135735
0.12729620027135735,0.12729620027135735,0.12729620027135735,0.12729620027135735,0.12729620027135735,0.12729620027135735,0.12729620027135735,0.12729620027135735,0.12729620027135735,0.12729620027135735,0.12729620027135735,0.12729620027135735,0.12729620027135735,0.12729620027135735,0.12729620027135735,0.12729620027135735,0.12729620027135735,0.12729620027135735,0.12729620027135735,0.12729620027135735,0.12729620027135735,0.12729620027135735,0.12729620027135735,0.12729620027135735,0.12729620027135735,0.12729620027135735,0.12729620027135735,0.12729620027135735,0.12729620027135735,0.12729620027135735,0.12729620027135735,0.12729620027135735,0.12729620027135735,0.12729620027135735,0.12729620027135735,0.12729620027135735,0.12729620027135735,0.12729620027135735,0.12729620027135735,0.12729620027135735,0.12729620027135735,0.12729620027135735,0.12729620027135735,0.12729620027135735,0.12729620027135735,0.12729620027135735,0.12729620027135735,0.12729620027135735,0.12729620027135735,0.12729620027135735,0.12729620027135735,0.12729620027135735,0.12729620027135735,0.12729620027135735,0.12729620027135735,0.12729620027135735,0.12729620027135735,0.12729620027135735,0.12729620027135735,0.12729620027135735,0.12729620027135735,0.12729620027135735,0.12729620027135735,0.12729620027135735,0.12729620027135735,0.12729620027135735,0.12729620027135735,0.12729620027135735
0.12729620027135735,0.12729620027135735,0.12729620027135735,0.12729620027135735,0.12729620027135735,0.12729620027135735,0.12729620027135735,0.12729620027135735,0.12729620027135735,0.12729620027135735,0.12729620027135735,0.12729620027135735,0.12729620027135735,0.12729620027135735,0.12729620027135735,0.12729620027135735,0.12729620027135735,0.12729620027135735,0.12729620027135735,0.12729620027135735,0.12729620027135735,0.12729620027135735,0.12729620027135735,0.12729620027135735,0.12729620027135735,0.12729620027135735,0.12729620027135735,0.12729620027135735,0.12729620027135735,0.12729620027135735,0.12729620027135735,0.12729620027135735,0.12729620027135735,0.12729620027135735,0.12729620027135735,0.12729620027135735,0.12729620027135735,0.12729620027135735,0.12729620027135735,0.12729620027135735,0.12729620027135735,0.12729620027135735,0.12729620027135735,0.12729620027135735,0.12729620027135735,0.12729620027135735,0.12729620027135735,0.12729620027135735,0.12729620027135735,0.12729620027135735,0.12729620027135735,0.12729620027135735,0.12729620027135735,0.12729620027135735,0.12729620027135735,0.12729620027135735,0.12729620027135735,0.12729620027135735,0.12729620027135735,0.12729620027135735,0.12729620027135735,0.12729620027135735,0.12729620027135735,0.12729620027135735,0.12729620027135735,0.12729620027135735,0.12729620027135735,0.12729620027135735
0.12729620027135735,0.12729620027135735,0.12729620027135735,0.12729620027135735,0.12729620027135735,0.12729620027135735,0.12729620027135735,0.12729620027135735,0.12729620027135735,0.12729620027135735,0.12729620027135735,0.12729620027135735,0.12729620027135735,0.12729620027135735,0.12729620027135735,0.12729620027135735,0.12729620027135735,0.12729620027135735,0.12729620027135735,0.12729620027135735,0.12729620027135735,0.12729620027135735,0.12729620027135735,0.12729620027135735,0.12729620027135735,0.12729620027135735,0.12729620027135735,0.12729620027135735,0.12729620027135735,0.12729620027135735,0.12729620027135735,0.12729620027135735,0.12729620027135735,0.12729620027135735,0.12729620027135735,0.12729620027135735,0.12729620027135735,0.12729620027135735,0.12729620027135735,0.12729620027135735,0.12729620027135735,0.12729620027135735,0.12729620027135735,0.12729620027135735,0.12729620027135735,0.12729620027135735,0.12729620027135735,0.12729620027135735,0.12729620027135735,0.12729620027135735,0.12729620027135735,0.12729620027135735,0.12729620027135735,0.12729620027135735,0.12729620027135735,0.12729620027135735,0.12729620027135735,0.12729620027135735,0.12729620027135735,0.12729620027135735,0.12729620027135735,0.12729620027135735,0.12729620027135735,0.12729620027135735,0.12729620027135735,0.12729620027135735,0.12729620027135735,0.12729620027135735
0.12729620027135735,0.12729620027135735,0.12729620027135735,0.12729620027135735,0.12729620027135735,0.12729620027135735,0.12729620027135735,0.12729620027135735,0.12729620027135735,0.12729620027135735,0.12729620027135735,0.12729620027135735,0.12729620027135735,0.12729620027135735,0.12729620027135735,0.12729620027135735,0.12729620027135735,0.12729620027135735,0.12729620027135735,0.12729620027135735,0.12729620027135735,0.12729620027135735,0.12729620027135735,0.12729620027135735,0.12729620027135735,0.12729620027135735,0.12729620027135735,0.12729620027135735,0.12729620027135735,0.12729620027135735,0.12729620027135735,0.12729620027135735,0.12729620027135735,0.12729620027135735,0.12729620027135735,0.12729620027135735,0.12729620027135735,0.12729620027135735,0.12729620027135735,0.12729620027135735,0.12729620027135735,0.12729620027135735,0.12729620027135735,0.12729620027135735,0.12729620027135735,0.12729620027135735,0.12729620027135735,0.12729620027135735,0.12729620027135735,0.12729620027135735,0.12729620027135735,0.12729620027135735,0.12729620027135735,0.12729620027135735,0.12729620027135735,0.12729620027135735,0.12729620027135735,0.12729620027135735,0.12729620027135735,0.12729620027135735,0.12729620027135735,0.12729620027135735,0.12729620027135735,0.12729620027135735,0.12729620027135735,0.12729620027135735,0.12729620027135735,0.12729620027135735
0.12729620027135735,0.12729620027135735,0.12729620027135735,0.12729620027135735,0.12729620027135735,0.12729620027135735,0.12729620027135735,0.12729620027135735,0.12729620027135735,0.12729620027135735,0.12729620027135735,0.12729620027135735,0.12729620027135735,0.12729620027135735,0.12729620027135735,0.12729620027135735,0.12729620027135735,0.12729620027135735,0.12729620027135735,0.12729620027135735,0.12729620027135735,0.12729620027135735,0.12729620027135735,0.12729620027135735,0.12729620027135735,0.12729620027135735,0.12729620027135735,0.12729620027135735,0.12729620027135735,0.12729620027135735,0.12729620027135735,0.12729620027135735,0.12729620027135735,0.12729620027135735,0.12729620027135735,0.12729620027135735,0.12729620027135735,0.12729620027135735,0.12729620027135735,0.12729620027135735,0.12729620027135735,0.12729620027135735,0.12729620027135735,0.12729620027135735,0.12729620027135735,0.12729620027135735,0.12729620027135735,0.12729620027135735,0.12729620027135735,0.12729620027135735,0.12729620027135735,0.12729620027135735,0.12729620027135735,0.12729620027135735,0.12729620027135735,0.12729620027135735,0.12729620027135735,0.12729620027135735,0.12729620027135735,0.12729620027135735,0.12729620027135735,0.12729620027135735,0.12729620027135735,0.12729620027135735,0.12729620027135735,0.12729620027135735,0.12729620027135735,0.12729620027135735
0.12729620027135735,0.12729620027135735,0.12729620027135735,0.12729620027135735,0.12729620027135735,0.12729620027135735,0.12729620027135735,0.12729620027135735,0.12729620027135735,0.12729620027135735,0.12729620027135735,0.12729620027135735,0.12729620027135735,0.12729620027135735,0.12729620027135735,0.12729620027135735,0.12729620027135735,0.12729620027135735,0.12729620027135735,0.12729620027135735,0.12729620027135735,0.12729620027135735,0.12729620027135735,0.12729620027135735,0.12729620027135735,0.12729620027135735,0.12729620027135735,0.12729620027135735,0.12729620027135735,0.12729620027135735,0.12729620027135735,0.12729620027135735,0.12729620027135735,0.12729620027135735,0.12729620027135735,0.12729620027135735,0.12729620027135735,0.12729620027135735,0.12729620027135735,0.12729620027135735,0.12729620027135735,0.12729620027135735,0.12729620027135735,0.12729620027135735,0.12729620027135735,0.12729620027135735,0.12729620027135735,0.12729620027135735,0.12729620027135735,0.12729620027135735,0.12729620027135735,0.12729620027135735,0.12729620027135735,0.12729620027135735,0.12729620027135735,0.12729620027135735,0.12729620027135735,0.12729620027135735,0.12729620027135735,0.12729620027135735,0.12729620027135735,0.12729620027135735,0.12729620027135735,0.12729620027135735,0.12729620027135735,0.12729620027135735,0.12729620027135735,0.12729620027135735
0.12729620027135735,0.12729620027135735,0.12729620027135735,0.12729620027135735,0.12729620027135735,0.12729620027135735,0.12729620027135735,0.12729620027135735,0.12729620027135735,0.12729620027135735,0.12729620027135735,0.12729620027135735,0.12729620027135735,0.12729620027135735,0.12729620027135735,0.12729620027135735,0.12729620027135735,0.12729620027135735,0.12729620027135735,0.12729620027135735,0.12729620027135735,0.12729620027135735,0.12729620027135735,0.12729620027135735,0.12729620027135735,0.12729620027135735,0.12729620027135735,0.12729620027135735,0.12729620027135735,0.12729620027135735,0.12729620027135735,0.12729620027135735,0.12729620027135735,0.12729620027135735,0.12729620027135735,0.12729620027135735,0.12729620027135735,0.12729620027135735,0.12729620027135735,0.12729620027135735,0.12729620027135735,0.12729620027135735,0.12729620027135735,0.12729620027135735,0.12729620027135735,0.12729620027135735,0.12729620027135735,0.12729620027135735,0.12729620027135735,0.12729620027135735,0.12729620027135735,0.12729620027135735,0.12729620027135735,0.12729620027135735,0.12729620027135735,0.12729620027135735,0.12729620027135735,0.12729620027135735,0.12729620027135735,0.12729620027135735,0.12729620027135735,0.12729620027135735,0.12729620027135735,0.12729620027135735,0.12729620027135735,0.12729620027135735,0.12729620027135735,0.12729620027135735
0.12729620027135735,0.12729620027135735,0.12729620027135735,0.12729620027135735,0.12729620027135735,0.12729620027135735,0.12729620027135735,0.12729620027135735,0.12729620027135735,0.12729620027135735,0.12729620027135735,0.12729620027135735,0.12729620027135735,0.12729620027135735,0.12729620027135735,0.12729620027135735,0.12729620027135735,0.12729620027135735,0.12729620027135735,0.12729620027135735,0.12729620027135735,0.12729620027135735,0.12729620027135735,0.12729620027135735,0.12729620027135735,0.12729620027135735,0.12729620027135735,0.12729620027135735,0.12729620027135735,0.12729620027135735,0.12729620027135735,0.12729620027135735,0.12729620027135735,0.12729620027135735,0.12729620027135735,0.12729620027135735,0.12729620027135735,0.12729620027135735,0.12729620027135735,0.12729620027135735,0.12729620027135735,0.12729620027135735,0.12729620027135735,0.12729620027135735,0.12729620027135735,0.12729620027135735,0.12729620027135735,0.12729620027135735,0.12729620027135735,0.12729620027135735,0.12729620027135735,0.12729620027135735,0.12729620027135735,0.12729620027135735,0.12729620027135735,0.12729620027135735,0.12729620027135735,0.12729620027135735,0.12729620027135735,0.12729620027135735,0.12729620027135735,0.12729620027135735,0.12729620027135735,0.12729620027135735,0.12729620027135735,0.12729620027135735,0.12729620027135735,0.12729620027135735
0.12729620027135735,0.12729620027135735,0.12729620027135735,0.12729620027135735,0.12729620027135735,0.12729620027135735,0.12729620027135735,0.12729620027135735,0.12729620027135735,0.12729620027135735,0.12729620027135735,0.12729620027135735,0.12729620027135735,0.12729620027135735,0.12729620027135735,0.12729620027135735,0.12729620027135735,0.12729620027135735,0.12729620027135735,0.12729620027135735,0.12729620027135735,0.12729620027135735,0.12729620027135735,0.12729620027135735,0.12729620027135735,0.12729620027135735,0.12729620027135735,0.12729620027135735,0.12729620027135735,0.12729620027135735,0.12729620027135735,0.12729620027135735,0.12729620027135735,0.12729620027135735,0.12729620027135735,0.12729620027135735,0.12729620027135735,0.12729620027135735,0.12729620027135735,0.12729620027135735,0.12729620027135735,0.12729620027135735,0.12729620027135735,0.12729620027135735,0.12729620027135735,0.12729620027135735,0.12729620027135735,0.12729620027135735,0.12729620027135735,0.12729620027135735,0.12729620027135735,0.12729620027135735,0.12729620027135735,0.12729620027135735,0.12729620027135735,0.12729620027135735,0.12729620027135735,0.12729620027135735,0.12729620027135735,0.12729620027135735,0.12729620027135735,0.12729620027135735,0.12729620027135735,0.12729620027135735,0.12729620027135735,0.12729620027135735,0.12729620027135735,0.12729620027135735
0.12729620027135735,0.12729620027135735,0.12729620027135735,0.12729620027135735,0.12729620027135735,0.12729620027135735,0.12729620027135735,0.12729620027135735,0.12729620027135735,0.12729620027135735,0.12729620027135735,0.12729620027135735,0.12729620027135735,0.12729620027135735,0.12729620027135735,0.12729620027135735,0.12729620027135735,0.12729620027135735,0.12729620027135735,0.12729620027135735,0.12729620027135735,0.12729620027135735,0.12729620027135735,0.12729620027135735,0.12729620027135735,0.12729620027135735,0.12729620027135735,0.12729620027135735,0.12729620027135735,0.12729620027135735,0.12729620027135735,0.12729620027135735,0.12729620027135735,0.12729620027135735,0.12729620027135735,0.12729620027135735,0.12729620027135735,0.12729620027135735,0.12729620027135735,0.12729620027135735,0.12729620027135735,0.12729620027135735,0.12729620027135735,0.12729620027135735,0.12729620027135735,0.12729620027135735,0.12729620027135735,0.12729620027135735,0.12729620027135735,0.12729620027135735,0.12729620027135735,0.12729620027135735,0.12729620027135735,0.12729620027135735,0.12729620027135735,0.12729620027135735,0.12729620027135735,0.12729620027135735,0.12729620027135735,0.12729620027135735,0.12729620027135735,0.12729620027135735,0.12729620027135735,0.12729620027135735,0.12729620027135735,0.12729620027135735,0.12729620027135735,0.12729620027135735
0.12729620027135735,0.12729620027135735,0.12729620027135735,0.12729620027135735,0.12729620027135735,0.12729620027135735,0.12729620027135735,0.12729620027135735,0.12729620027135735,0.12729620027135735,0.12729620027135735,0.12729620027135735,0.12729620027135735,0.12729620027135735,0.12729620027135735,0.12729620027135735,0.12729620027135735,0.12729620027135735,0.12729620027135735,0.12729620027135735,0.12729620027135735,0.12729620027135735,0.12729620027135735,0.12729620027135735,0.12729620027135735,0.12729620027135735,0.12729620027135735,0.12729620027135735,0.12729620027135735,0.12729620027135735,0.12729620027135735,0.12729620027135735,0.12729620027135735,0.12729620027135735,0.12729620027135735,0.12729620027135735,0.12729620027135735,0.12729620027135735,0.12729620027135735,0.12729620027135735,0.12729620027135735,0.12729620027135735,0.12729620027135735,0.12729620027135735,0.12729620027135735,0.12729620027135735,0.12729620027135735,0.12729620027135735,0.12729620027135735,0.12729620027135735,0.12729620027135735,0.12729620027135735,0.12729620027135735,0.12729620027135735,0.12729620027135735,0.12729620027135735,0.12729620027135735,0.12729620027135735,0.12729620027135735,0.12729620027135735,0.12729620027135735,0.12729620027135735,0.12729620027135735,0.12729620027135735,0.12729620027135735,0.12729620027135735,0.12729620027135735,0.12729620027135735
0.12729620027135735,0.12729620027135735,0.12729620027135735,0.12729620027135735,0.12729620027135735,0.12729620027135735,0.12729620027135735,0.12729620027135735,0.12729620027135735,0.12729620027135735,0.12729620027135735,0.12729620027135735,0.12729620027135735,0.12729620027135735,0.12729620027135735,0.12729620027135735,0.12729620027135735,0.12729620027135735,0.12729620027135735,0.12729620027135735,0.12729620027135735,0.12729620027135735,0.12729620027135735,0.12729620027135735,0.12729620027135735,0.12729620027135735,0.12729620027135735,0.12729620027135735,0.12729620027135735,0.12729620027135735,0.12729620027135735,0.12729620027135735,0.12729620027135735,0.12729620027135735,0.12729620027135735,0.12729620027135735,0.12729620027135735,0.12729620027135735,0.12729620027135735,0.12729620027135735,0.12729620027135735,0.12729620027135735,0.12729620027135735,0.12729620027135735,0.12729620027135735,0.12729620027135735,0.12729620027135735,0.12729620027135735,0.12729620027135735,0.12729620027135735,0.12729620027135735,0.12729620027135735,0.12729620027135735,0.12729620027135735,0.12729620027135735,0.12729620027135735,0.12729620027135735,0.12729620027135735,0.12729620027135735,0.12729620027135735,0.12729620027135735,0.12729620027135735,0.12729620027135735,0.12729620027135735,0.12729620027135735,0.12729620027135735,0.12729620027135735,0.12729620027135735
0.12729620027135735,0.12729620027135735,0.12729620027135735,0.12729620027135735,0.12729620027135735,0.12729620027135735,0.12729620027135735,0.12729620027135735,0.12729620027135735,0.12729620027135735,0.12729620027135735,0.12729620027135735,0.12729620027135735,0.12729620027135735,0.12729620027135735,0.12729620027135735,0.12729620027135735,0.12729620027135735,0.12729620027135735,0.12729620027135735,0.12729620027135735,0.12729620027135735,0.12729620027135735,0.12729620027135735,0.12729620027135735,0.12729620027135735,0.12729620027135735,0.12729620027135735,0.12729620027135735,0.12729620027135735,0.12729620027135735,0.12729620027135735,0.12729620027135735,0.12729620027135735,0.12729620027135735,0.12729620027135735,0.12729620027135735,0.12729620027135735,0.12729620027135735,0.12729620027135735,0.12729620027135735,0.12729620027135735,0.12729620027135735,0.12729620027135735,0.12729620027135735,0.12729620027135735,0.12729620027135735,0.12729620027135735,0.12729620027135735,0.12729620027135735,0.12729620027135735,0.12729620027135735,0.12729620027135735,0.12729620027135735,0.12729620027135735,0.12729620027135735,0.12729620027135735,0.12729620027135735,0.12729620027135735,0.12729620027135735,0.12729620027135735,0.12729620027135735,0.12729620027135735,0.12729620027135735,0.12729620027135735,0.12729620027135735,0.12729620027135735,0.12729620027135735
0.12729620027135735,0.12729620027135735,0.12729620027135735,0.12729620027135735,0.12729620027135735,0.12729620027135735,0.12729620027135735,0.12729620027135735,0.12729620027135735,0.12729620027135735,0.12729620027135735,0.12729620027135735,0.12729620027135735,0.12729620027135735,0.12729620027135735,0.12729620027135735,0.12729620027135735,0.12729620027135735,0.12729620027135735,0.12729620027135735,0.12729620027135735,0.12729620027135735,0.12729620027135735,0.12729620027135735,0.12729620027135735,0.12729620027135735,0.12729620027135735,0.12729620027135735,0.12729620027135735,0.12729620027135735,0.12729620027135735,0.12729620027135735,0.12729620027135735,0.12729620027135735,0.12729620027135735,0.12729620027135735,0.12729620027135735,0.12729620027135735,0.12729620027135735,0.12729620027135735,0.12729620027135735,0.12729620027135735,0.12729620027135735,0.12729620027135735,0.12729620027135735,0.12729620027135735,0.12729620027135735,0.12729620027135735,0.12729620027135735,0.12729620027135735,0.12729620027135735,0.12729620027135735,0.12729620027135735,0.12729620027135735,0.12729620027135735,0.12729620027135735,0.12729620027135735,0.12729620027135735,0.12729620027135735,0.12729620027135735,0.12729620027135735,0.12729620027135735,0.12729620027135735,0.12729620027135735,0.12729620027135735,0.12729620027135735,0.12729620027135735,0.12729620027135735
0.12729620027135735,0.12729620027135735,0.12729620027135735,0.12729620027135735,0.12729620027135735,0.12729620027135735,0.12729620027135735,0.12729620027135735,0.12729620027135735,0.12729620027135735,0.12729620027135735,0.12729620027135735,0.12729620027135735,0.12729620027135735,0.12729620027135735,0.12729620027135735,0.12729620027135735,0.12729620027135735,0.12729620027135735,0.12729620027135735,0.12729620027135735,0.12729620027135735,0.12729620027135735,0.12729620027135735,0.12729620027135735,0.12729620027135735,0.12729620027135735,0.12729620027135735,0.12729620027135735,0.12729620027135735,0.12729620027135735,0.12729620027135735,0.12729620027135735,0.12729620027135735,0.12729620027135735,0.12729620027135735,0.12729620027135735,0.12729620027135735,0.12729620027135735,0.12729620027135735,0.12729620027135735,0.12729620027135735,0.12729620027135735,0.12729620027135735,0.12729620027135735,0.12729620027135735,0.12729620027135735,0.12729620027135735,0.12729620027135735,0.12729620027135735,0.12729620027135735,0.12729620027135735,0.12729620027135735,0.12729620027135735,0.12729620027135735,0.12729620027135735,0.12729620027135735,0.12729620027135735,0.12729620027135735,0.12729620027135735,0.12729620027135735,0.12729620027135735,0.12729620027135735,0.12729620027135735,0.12729620027135735,0.12729620027135735,0.12729620027135735,0.12729620027135735
0.12729620027135735,0.12729620027135735,0.12729620027135735,0.12729620027135735,0.12729620027135735,0.12729620027135735,0.12729620027135735,0.12729620027135735,0.12729620027135735,0.12729620027135735,0.12729620027135735,0.12729620027135735,0.12729620027135735,0.12729620027135735,0.12729620027135735,0.12729620027135735,0.12729620027135735,0.12729620027135735,0.12729620027135735,0.12729620027135735,0.12729620027135735,0.12729620027135735,0.12729620027135735,0.12729620027135735,0.12729620027135735,0.12729620027135735,0.12729620027135735,0.12729620027135735,0.12729620027135735,0.12729620027135735,0.12729620027135735,0.12729620027135735,0.12729620027135735,0.12729620027135735,0.12729620027135735,0.12729620027135735,0.12729620027135735,0.12729620027135735,0.12729620027135735,0.12729620027135735,0.12729620027135735,0.12729620027135735,0.12729620027135735,0.12729620027135735,0.12729620027135735,0.12729620027135735,0.12729620027135735,0.12729620027135735,0.12729620027135735,0.12729620027135735,0.12729620027135735,0.12729620027135735,0.12729620027135735,0.12729620027135735,0.12729620027135735,0.12729620027135735,0.12729620027135735,0.12729620027135735,0.12729620027135735,0.12729620027135735,0.12729620027135735,0.12729620027135735,0.12729620027135735,0.12729620027135735,0.12729620027135735,0.12729620027135735,0.12729620027135735,0.12729620027135735
0.12729620027135735,0.12729620027135735,0.12729620027135735,0.12729620027135735,0.12729620027135735,0.12729620027135735,0.12729620027135735,0.12729620027135735,0.12729620027135735,0.12729620027135735,0.12729620027135735,0.12729620027135735,0.12729620027135735,0.12729620027135735,0.12729620027135735,0.12729620027135735,0.12729620027135735,0.12729620027135735,0.12729620027135735,0.12729620027135735,0.12729620027135735,0.12729620027135735,0.12729620027135735,0.12729620027135735,0.12729620027135735,0.12729620027135735,0.12729620027135735,0.12729620027135735,0.12729620027135735,0.12729620027135735,0.12729620027135735,0.12729620027135735,0.12729620027135735,0.12729620027135735,0.12729620027135735,0.12729620027135735,0.12729620027135735,0.12729620027135735,0.12729620027135735,0.12729620027135735,0.12729620027135735,0.12729620027135735,0.12729620027135735,0.12729620027135735,0.12729620027135735,0.12729620027135735,0.12729620027135735,0.12729620027135735,0.12729620027135735,0.12729620027135735,0.12729620027135735,0.12729620027135735,0.12729620027135735,0.12729620027135735,0.12729620027135735,0.12729620027135735,0.12729620027135735,0.12729620027135735,0.12729620027135735,0.12729620027135735,0.12729620027135735,0.12729620027135735,0.12729620027135735,0.12729620027135735,0.12729620027135735,0.12729620027135735,0.12729620027135735,0.12729620027135735
0.12729620027135735,0.12729620027135735,0.12729620027135735,0.12729620027135735,0.12729620027135735,0.12729620027135735,0.12729620027135735,0.12729620027135735,0.12729620027135735,0.12729620027135735,0.12729620027135735,0.12729620027135735,0.12729620027135735,0.12729620027135735,0.12729620027135735,0.12729620027135735,0.12729620027135735,0.12729620027135735,0.12729620027135735,0.12729620027135735,0.12729620027135735,0.12729620027135735,0.12729620027135735,0.12729620027135735,0.12729620027135735,0.12729620027135735,0.12729620027135735,0.12729620027135735,0.12729620027135735,0.12729620027135735,0.12729620027135735,0.12729620027135735,0.12729620027135735,0.12729620027135735,0.12729620027135735,0.12729620027135735,0.12729620027135735,0.12729620027135735,0.12729620027135735,0.12729620027135735,0.12729620027135735,0.12729620027135735,0.12729620027135735,0.12729620027135735,0.12729620027135735,0.12729620027135735,0.12729620027135735,0.12729620027135735,0.12729620027135735,0.12729620027135735,0.12729620027135735,0.12729620027135735,0.12729620027135735,0.12729620027135735,0.12729620027135735,0.12729620027135735,0.12729620027135735,0.12729620027135735,0.12729620027135735,0.12729620027135735,0.12729620027135735,0.12729620027135735,0.12729620027135735,0.12729620027135735,0.12729620027135735,0.12729620027135735,0.12729620027135735,0.12729620027135735
0.12729620027135735,0.12729620027135735,0.12729620027135735,0.12729620027135735,0.12729620027135735,0.12729620027135735,0.12729620027135735,0.12729620027135735,0.12729620027135735,0.12729620027135735,0.12729620027135735,0.12729620027135735,0.12729620027135735,0.12729620027135735,0.12729620027135735,0.12729620027135735,0.12729620027135735,0.12729620027135735,0.12729620027135735,0.12729620027135735,0.12729620027135735,0.12729620027135735,0.12729620027135735,0.12729620027135735,0.12729620027135735,0.12729620027135735,0.12729620027135735,0.12729620027135735,0.12729620027135735,0.12729620027135735,0.12729620027135735,0.12729620027135735,0.12729620027135735,0.12729620027135735,0.12729620027135735,0.12729620027135735,0.12729620027135735,0.12729620027135735,0.12729620027135735,0.12729620027135735,0.12729620027135735,0.12729620027135735,0.12729620027135735,0.12729620027135735,0.12729620027135735,0.12729620027135735,0.12729620027135735,0.12729620027135735,0.12729620027135735,0.12729620027135735,0.12729620027135735,0.12729620027135735,0.12729620027135735,0.12729620027135735,0.12729620027135735,0.12729620027135735,0.12729620027135735,0.12729620027135735,0.12729620027135735,0.12729620027135735,0.12729620027135735,0.12729620027135735,0.12729620027135735,0.12729620027135735,0.12729620027135735,0.12729620027135735,0.12729620027135735,0.12729620027135735
0.12729620027135735,0.12729620027135735,0.12729620027135735,0.12729620027135735,0.12729620027135735,0.12729620027135735,0.12729620027135735,0.12729620027135735,0.12729620027135735,0.12729620027135735,0.12729620027135735,0.12729620027135735,0.12729620027135735,0.12729620027135735,0.12729620027135735,0.12729620027135735,0.12729620027135735,0.12729620027135735,0.12729620027135735,0.12729620027135735,0.12729620027135735,0.12729620027135735,0.12729620027135735,0.12729620027135735,0.12729620027135735,0.12729620027135735,0.12729620027135735,0.12729620027135735,0.12729620027135735,0.12729620027135735,0.12729620027135735,0.12729620027135735,0.12729620027135735,0.12729620027135735,0.12729620027135735,0.12729620027135735,0.12729620027135735,0.12729620027135735,0.12729620027135735,0.12729620027135735,0.12729620027135735,0.12729620027135735,0.12729620027135735,0.12729620027135735,0.12729620027135735,0.12729620027135735,0.12729620027135735,0.12729620027135735,0.12729620027135735,0.12729620027135735,0.12729620027135735,0.12729620027135735,0.12729620027135735,0.12729620027135735,0.12729620027135735,0.12729620027135735,0.12729620027135735,0.12729620027135735,0.12729620027135735,0.12729620027135735,0.12729620027135735,0.12729620027135735,0.12729620027135735,0.12729620027135735,0.12729620027135735,0.12729620027135735,0.12729620027135735,0.12729620027135735
0.12729620027135735,0.12729620027135735,0.12729620027135735,0.12729620027135735,0.12729620027135735,0.12729620027135735,0.12729620027135735,0.12729620027135735,0.12729620027135735,0.12729620027135735,0.12729620027135735,0.12729620027135735,0.12729620027135735,0.12729620027135735,0.12729620027135735,0.12729620027135735,0.12729620027135735,0.12729620027135735,0.12729620027135735,0.12729620027135735,0.12729620027135735,0.12729620027135735,0.12729620027135735,0.12729620027135735,0.12729620027135735,0.12729620027135735,0.12729620027135735,0.12729620027135735,0.12729620027135735,0.12729620027135735,0.12729620027135735,0.12729620027135735,0.12729620027135735,0.12729620027135735,0.12729620027135735,0.12729620027135735,0.12729620027135735,0.12729620027135735,0.12729620027135735,0.12729620027135735,0.12729620027135735,0.12729620027135735,0.12729620027135735,0.12729620027135735,0.12729620027135735,0.12729620027135735,0.12729620027135735,0.12729620027135735,0.12729620027135735,0.12729620027135735,0.12729620027135735,0.12729620027135735,0.12729620027135735,0.12729620027135735,0.12729620027135735,0.12729620027135735,0.12729620027135735,0.12729620027135735,0.12729620027135735,0.12729620027135735,0.12729620027135735,0.12729620027135735,0.12729620027135735,0.12729620027135735,0.12729620027135735,0.12729620027135735,0.12729620027135735,0.12729620027135735
0.12729620027135735,0.12729620027135735,0.12729620027135735,0.12729620027135735,0.12729620027135735,0.12729620027135735,0.12729620027135735,0.12729620027135735,0.12729620027135735,0.12729620027135735,0.12729620027135735,0.12729620027135735,0.12729620027135735,0.12729620027135735,0.12729620027135735,0.12729620027135735,0.12729620027135735,0.12729620027135735,0.12729620027135735,0.12729620027135735,0.12729620027135735,0.12729620027135735,0.12729620027135735,0.12729620027135735,0.12729620027135735,0.12729620027135735,0.12729620027135735,0.12729620027135735,0.12729620027135735,0.12729620027135735,0.12729620027135735,0.12729620027135735,0.12729620027135735,0.12729620027135735,0.12729620027135735,0.12729620027135735,0.12729620027135735,0.12729620027135735,0.12729620027135735,0.12729620027135735,0.12729620027135735,0.12729620027135735,0.12729620027135735,0.12729620027135735,0.12729620027135735,0.12729620027135735,0.12729620027135735,0.12729620027135735,0.12729620027135735,0.12729620027135735,0.12729620027135735,0.12729620027135735,0.12729620027135735,0.12729620027135735,0.12729620027135735,0.12729620027135735,0.12729620027135735,0.12729620027135735,0.12729620027135735,0.12729620027135735,0.12729620027135735,0.12729620027135735,0.12729620027135735,0.12729620027135735,0.12729620027135735,0.12729620027135735,0.12729620027135735,0.12729620027135735
0.12729620027135735,0.12729620027135735,0.12729620027135735,0.12729620027135735,0.12729620027135735,0.12729620027135735,0.12729620027135735,0.12729620027135735,0.12729620027135735,0.12729620027135735,0.12729620027135735,0.12729620027135735,0.12729620027135735,0.12729620027135735,0.12729620027135735,0.12729620027135735,0.12729620027135735,0.12729620027135735,0.12729620027135735,0.12729620027135735,0.12729620027135735,0.12729620027135735,0.12729620027135735,0.12729620027135735,0.12729620027135735,0.12729620027135735,0.12729620027135735,0.12729620027135735,0.12729620027135735,0.12729620027135735,0.12729620027135735,0.12729620027135735,0.12729620027135735,0.12729620027135735,0.12729620027135735,0.12729620027135735,0.12729620027135735,0.12729620027135735,0.12729620027135735,0.12729620027135735,0.12729620027135735,0.12729620027135735,0.12729620027135735,0.12729620027135735,0.12729620027135735,0.12729620027135735,0.12729620027135735,0.12729620027135735,0.12729620027135735,0.12729620027135735,0.12729620027135735,0.12729620027135735,0.12729620027135735,0.12729620027135735,0.12729620027135735,0.12729620027135735,0.12729620027135735,0.12729620027135735,0.12729620027135735,0.12729620027135735,0.12729620027135735,0.12729620027135735,0.12729620027135735,0.12729620027135735,0.12729620027135735,0.12729620027135735,0.12729620027135735,0.12729620027135735
0.12729620027135735,0.12729620027135735,0.12729620027135735,0.12729620027135735,0.12729620027135735,0.12729620027135735,0.12729620027135735,0.12729620027135735,0.12729620027135735,0.12729620027135735,0.12729620027135735,0.12729620027135735,0.12729620027135735,0.12729620027135735,0.12729620027135735,0.12729620027135735,0.12729620027135735,0.12729620027135735,0.12729620027135735,0.12729620027135735,0.12729620027135735,0.12729620027135735,0.12729620027135735,0.12729620027135735,0.12729620027135735,0.12729620027135735,0.12729620027135735,0.12729620027135735,0.12729620027135735,0.12729620027135735,0.12729620027135735,0.12729620027135735,0.12729620027135735,0.12729620027135735,0.12729620027135735,0.12729620027135735,0.12729620027135735,0.12729620027135735,0.12729620027135735,0.12729620027135735,0.12729620027135735,0.12729620027135735,0.12729620027135735,0.12729620027135735,0.12729620027135735,0.12729620027135735,0.12729620027135735,0.12729620027135735,0.12729620027135735,0.12729620027135735,0.12729620027135735,0.12729620027135735,0.12729620027135735,0.12729620027135735,0.12729620027135735,0.12729620027135735,0.12729620027135735,0.12729620027135735,0.12729620027135735,0.12729620027135735,0.12729620027135735,0.12729620027135735,0.12729620027135735,0.12729620027135735,0.12729620027135735,0.12729620027135735,0.12729620027135735,0.12729620027135735
0.12729620027135735,0.12729620027135735,0.12729620027135735,0.12729620027135735,0.12729620027135735,0.12729620027135735,0.12729620027135735,0.12729620027135735,0.12729620027135735,0.12729620027135735,0.12729620027135735,0.12729620027135735,0.12729620027135735,0.12729620027135735,0.12729620027135735,0.12729620027135735,0.12729620027135735,0.12729620027135735,0.12729620027135735,0.12729620027135735,0.12729620027135735,0.12729620027135735,0.12729620027135735,0.12729620027135735,0.12729620027135735,0.12729620027135735,0.12729620027135735,0.12729620027135735,0.12729620027135735,0.12729620027135735,0.12729620027135735,0.12729620027135735,0.12729620027135735,0.12729620027135735,0.12729620027135735,0.12729620027135735,0.12729620027135735,0.12729620027135735,0.12729620027135735,0.12729620027135735,0.12729620027135735,0.12729620027135735,0.12729620027135735,0.12729620027135735,0.12729620027135735,0.12729620027135735,0.12729620027135735,0.12729620027135735,0.12729620027135735,0.12729620027135735,0.12729620027135735,0.12729620027135735,0.12729620027135735,0.12729620027135735,0.12729620027135735,0.12729620027135735,0.12729620027135735,0.12729620027135735,0.12729620027135735,0.12729620027135735,0.12729620027135735,0.12729620027135735,0.12729620027135735,0.12729620027135735,0.12729620027135735,0.12729620027135735,0.12729620027135735,0.12729620027135735
0.12729620027135735,0.12729620027135735,0.12729620027135735,0.12729620027135735,0.12729620027135735,0.12729620027135735,0.12729620027135735,0.12729620027135735,0.12729620027135735,0.12729620027135735,0.12729620027135735,0.12729620027135735,0.12729620027135735,0.12729620027135735,0.12729620027135735,0.12729620027135735,0.12729620027135735,0.12729620027135735,0.12729620027135735,0.12729620027135735,0.12729620027135735,0.12729620027135735,0.12729620027135735,0.12729620027135735,0.12729620027135735,0.12729620027135735,0.12729620027135735,0.12729620027135735,0.12729620027135735,0.12729620027135735,0.12729620027135735,0.12729620027135735,0.12729620027135735,0.12729620027135735,0.12729620027135735,0.12729620027135735,0.12729620027135735,0.12729620027135735,0.12729620027135735,0.12729620027135735,0.12729620027135735,0.12729620027135735,0.12729620027135735,0.12729620027135735,0.12729620027135735,0.12729620027135735,0.12729620027135735,0.12729620027135735,0.12729620027135735,0.12729620027135735,0.12729620027135735,0.12729620027135735,0.12729620027135735,0.12729620027135735,0.12729620027135735,0.12729620027135735,0.12729620027135735,0.12729620027135735,0.12729620027135735,0.12729620027135735,0.12729620027135735,0.12729620027135735,0.12729620027135735,0.12729620027135735,0.12729620027135735,0.12729620027135735,0.12729620027135735,0.12729620027135735
0.12729620027135735,0.12729620027135735,0.12729620027135735,0.12729620027135735,0.12729620027135735,0.12729620027135735,0.12729620027135735,0.12729620027135735,0.12729620027135735,0.12729620027135735,0.12729620027135735,0.12729620027135735,0.12729620027135735,0.12729620027135735,0.12729620027135735,0.12729620027135735,0.12729620027135735,0.12729620027135735,0.12729620027135735,0.12729620027135735,0.12729620027135735,0.12729620027135735,0.12729620027135735,0.12729620027135735,0.12729620027135735,0.12729620027135735,0.12729620027135735,0.12729620027135735,0.12729620027135735,0.12729620027135735,0.12729620027135735,0.12729620027135735,0.12729620027135735,0.12729620027135735,0.12729620027135735,0.12729620027135735,0.12729620027135735,0.12729620027135735,0.12729620027135735,0.12729620027135735,0.12729620027135735,0.12729620027135735,0.12729620027135735,0.12729620027135735,0.12729620027135735,0.12729620027135735,0.12729620027135735,0.12729620027135735,0.12729620027135735,0.12729620027135735,0.12729620027135735,0.12729620027135735,0.12729620027135735,0.12729620027135735,0.12729620027135735,0.12729620027135735,0.12729620027135735,0.12729620027135735,0.12729620027135735,0.12729620027135735,0.12729620027135735,0.12729620027135735,0.12729620027135735,0.12729620027135735,0.12729620027135735,0.12729620027135735,0.12729620027135735,0.12729620027135735
0.12729620027135735,0.12729620027135735,0.12729620027135735,0.12729620027135735,0.12729620027135735,0.12729620027135735,0.12729620027135735,0.12729620027135735,0.12729620027135735,0.12729620027135735,0.12729620027135735,0.12729620027135735,0.12729620027135735,0.12729620027135735,0.12729620027135735,0.12729620027135735,0.12729620027135735,0.12729620027135735,0.12729620027135735,0.12729620027135735,0.12729620027135735,0.12729620027135735,0.12729620027135735,0.12729620027135735,0.12729620027135735,0.12729620027135735,0.12729620027135735,0.12729620027135735,0.12729620027135735,0.12729620027135735,0.12729620027135735,0.12729620027135735,0.12729620027135735,0.12729620027135735,0.12729620027135735,0.12729620027135735,0.12729620027135735,0.12729620027135735,0.12729620027135735,0.12729620027135735,0.12729620027135735,0.12729620027135735,0.12729620027135735,0.12729620027135735,0.12729620027135735,0.12729620027135735,0.12729620027135735,0.12729620027135735,0.12729620027135735,0.12729620027135735,0.12729620027135735,0.12729620027135735,0.12729620027135735,0.12729620027135735,0.12729620027135735,0.12729620027135735,0.12729620027135735,0.12729620027135735,0.12729620027135735,0.12729620027135735,0.12729620027135735,0.12729620027135735,0.12729620027135735,0.12729620027135735,0.12729620027135735,0.12729620027135735,0.12729620027135735,0.12729620027135735
0.12729620027135735,0.12729620027135735,0.12729620027135735,0.12729620027135735,0.12729620027135735,0.12729620027135735,0.12729620027135735,0.12729620027135735,0.12729620027135735,0.12729620027135735,0.12729620027135735,0.12729620027135735,0.12729620027135735,0.12729620027135735,0.12729620027135735,0.12729620027135735,0.12729620027135735,0.12729620027135735,0.12729620027135735,0.12729620027135735,0.12729620027135735,0.12729620027135735,0.12729620027135735,0.12729620027135735,0.12729620027135735,0.12729620027135735,0.12729620027135735,0.12729620027135735,0.12729620027135735,0.12729620027135735,0.12729620027135735,0.12729620027135735,0.12729620027135735,0.12729620027135735,0.12729620027135735,0.12729620027135735,0.12729620027135735,0.12729620027135735,0.12729620027135735,0.12729620027135735,0.12729620027135735,0.12729620027135735,0.12729620027135735,0.12729620027135735,0.12729620027135735,0.12729620027135735,0.12729620027135735,0.12729620027135735,0.12729620027135735,0.12729620027135735,0.12729620027135735,0.12729620027135735,0.12729620027135735,0.12729620027135735,0.12729620027135735,0.12729620027135735,0.12729620027135735,0.12729620027135735,0.12729620027135735,0.12729620027135735,0.12729620027135735,0.12729620027135735,0.12729620027135735,0.12729620027135735,0.12729620027135735,0.12729620027135735,0.12729620027135735,0.12729620027135735
0.12729620027135735,0.12729620027135735,0.12729620027135735,0.12729620027135735,0.12729620027135735,0.12729620027135735,0.12729620027135735,0.12729620027135735,0.12729620027135735,0.12729620027135735,0.12729620027135735,0.12729620027135735,0.12729620027135735,0.12729620027135735,0.12729620027135735,0.12729620027135735,0.12729620027135735,0.12729620027135735,0.12729620027135735,0.12729620027135735,0.12729620027135735,0.12729620027135735,0.12729620027135735,0.12729620027135735,0.12729620027135735,0.12729620027135735,0.12729620027135735,0.12729620027135735,0.12729620027135735,0.12729620027135735,0.12729620027135735,0.12729620027135735,0.12729620027135735,0.12729620027135735,0.12729620027135735,0.12729620027135735,0.12729620027135735,0.12729620027135735,0.12729620027135735,0.12729620027135735,0.12729620027135735,0.12729620027135735,0.12729620027135735,0.12729620027135735,0.12729620027135735,0.12729620027135735,0.12729620027135735,0.12729620027135735,0.12729620027135735,0.12729620027135735,0.12729620027135735,0.12729620027135735,0.12729620027135735,0.12729620027135735,0.12729620027135735,0.12729620027135735,0.12729620027135735,0.12729620027135735,0.12729620027135735,0.12729620027135735,0.12729620027135735,0.12729620027135735,0.12729620027135735,0.12729620027135735,0.12729620027135735,0.12729620027135735,0.12729620027135735,0.12729620027135735
0.12729620027135735,0.12729620027135735,0.12729620027135735,0.12729620027135735,0.12729620027135735,0.12729620027135735,0.12729620027135735,0.12729620027135735,0.12729620027135735,0.12729620027135735,0.12729620027135735,0.12729620027135735,0.12729620027135735,0.12729620027135735,0.12729620027135735,0.12729620027135735,0.12729620027135735,0.12729620027135735,0.12729620027135735,0.12729620027135735,0.12729620027135735,0.12729620027135735,0.12729620027135735,0.12729620027135735,0.12729620027135735,0.12729620027135735,0.12729620027135735,0.12729620027135735,0.12729620027135735,0.12729620027135735,0.12729620027135735,0.12729620027135735,0.12729620027135735,0.12729620027135735,0.12729620027135735,0.12729620027135735,0.12729620027135735,0.12729620027135735,0.12729620027135735,0.12729620027135735,0.12729620027135735,0.12729620027135735,0.12729620027135735,0.12729620027135735,0.12729620027135735,0.12729620027135735,0.12729620027135735,0.12729620027135735,0.12729620027135735,0.12729620027135735,0.12729620027135735,0.12729620027135735,0.12729620027135735,0.12729620027135735,0.12729620027135735,0.12729620027135735,0.12729620027135735,0.12729620027135735,0.12729620027135735,0.12729620027135735,0.12729620027135735,0.12729620027135735,0.12729620027135735,0.12729620027135735,0.12729620027135735,0.12729620027135735,0.12729620027135735,0.12729620027135735
0.12729620027135735,0.12729620027135735,0.12729620027135735,0.12729620027135735,0.12729620027135735,0.12729620027135735,0.12729620027135735,0.12729620027135735,0.12729620027135735,0.12729620027135735,0.12729620027135735,0.12729620027135735,0.12729620027135735,0.12729620027135735,0.12729620027135735,0.12729620027135735,0.12729620027135735,0.12729620027135735,0.12729620027135735,0.12729620027135735,0.12729620027135735,0.12729620027135735,0.12729620027135735,0.12729620027135735,0.12729620027135735,0.12729620027135735,0.12729620027135735,0.12729620027135735,0.12729620027135735,0.12729620027135735,0.12729620027135735,0.12729620027135735,0.12729620027135735,0.12729620027135735,0.12729620027135735,0.12729620027135735,0.12729620027135735,0.12729620027135735,0.12729620027135735,0.12729620027135735,0.12729620027135735,0.12729620027135735,0.12729620027135735,0.12729620027135735,0.12729620027135735,0.12729620027135735,0.12729620027135735,0.12729620027135735,0.12729620027135735,0.12729620027135735,0.12729620027135735,0.12729620027135735,0.12729620027135735,0.12729620027135735,0.12729620027135735,0.12729620027135735,0.12729620027135735,0.12729620027135735,0.12729620027135735,0.12729620027135735,0.12729620027135735,0.12729620027135735,0.12729620027135735,0.12729620027135735,0.12729620027135735,0.12729620027135735,0.12729620027135735,0.12729620027135735
0.12729620027135735,0.12729620027135735,0.12729620027135735,0.12729620027135735,0.12729620027135735,0.12729620027135735,0.12729620027135735,0.12729620027135735,0.12729620027135735,0.12729620027135735,0.12729620027135735,0.12729620027135735,0.12729620027135735,0.12729620027135735,0.12729620027135735,0.12729620027135735,0.12729620027135735,0.12729620027135735,0.12729620027135735,0.12729620027135735,0.12729620027135735,0.12729620027135735,0.12729620027135735,0.12729620027135735,0.12729620027135735,0.12729620027135735,0.12729620027135735,0.12729620027135735,0.12729620027135735,0.12729620027135735,0.12729620027135735,0.12729620027135735,0.12729620027135735,0.12729620027135735,0.12729620027135735,0.12729620027135735,0.12729620027135735,0.12729620027135735,0.12729620027135735,0.12729620027135735,0.12729620027135735,0.12729620027135735,0.12729620027135735,0.12729620027135735,0.12729620027135735,0.12729620027135735,0.12729620027135735,0.12729620027135735,0.12729620027135735,0.12729620027135735,0.12729620027135735,0.12729620027135735,0.12729620027135735,0.12729620027135735,0.12729620027135735,0.12729620027135735,0.12729620027135735,0.12729620027135735,0.12729620027135735,0.12729620027135735,0.12729620027135735,0.12729620027135735,0.12729620027135735,0.12729620027135735,0.12729620027135735,0.12729620027135735,0.12729620027135735,0.12729620027135735
0.12729620027135735,0.12729620027135735,0.12729620027135735,0.12729620027135735,0.12729620027135735,0.12729620027135735,0.12729620027135735,0.12729620027135735,0.12729620027135735,0.12729620027135735,0.12729620027135735,0.12729620027135735,0.12729620027135735,0.12729620027135735,0.12729620027135735,0.12729620027135735,0.12729620027135735,0.12729620027135735,0.12729620027135735,0.12729620027135735,0.12729620027135735,0.12729620027135735,0.12729620027135735,0.12729620027135735,0.12729620027135735,0.12729620027135735,0.12729620027135735,0.12729620027135735,0.12729620027135735,0.12729620027135735,0.12729620027135735,0.12729620027135735,0.12729620027135735,0.12729620027135735,0.12729620027135735,0.12729620027135735,0.12729620027135735,0.12729620027135735,0.12729620027135735,0.12729620027135735,0.12729620027135735,0.12729620027135735,0.12729620027135735,0.12729620027135735,0.12729620027135735,0.12729620027135735,0.12729620027135735,0.12729620027135735,0.12729620027135735,0.12729620027135735,0.12729620027135735,0.12729620027135735,0.12729620027135735,0.12729620027135735,0.12729620027135735,0.12729620027135735,0.12729620027135735,0.12729620027135735,0.12729620027135735,0.12729620027135735,0.12729620027135735,0.12729620027135735,0.12729620027135735,0.12729620027135735,0.12729620027135735,0.12729620027135735,0.12729620027135735,0.12729620027135735
0.12729620027135735,0.12729620027135735,0.12729620027135735,0.12729620027135735,0.12729620027135735,0.12729620027135735,0.12729620027135735,0.12729620027135735,0.12729620027135735,0.12729620027135735,0.12729620027135735,0.12729620027135735,0.12729620027135735,0.12729620027135735,0.12729620027135735,0.12729620027135735,0.12729620027135735,0.12729620027135735,0.12729620027135735,0.12729620027135735,0.12729620027135735,0.12729620027135735,0.12729620027135735,0.12729620027135735,0.12729620027135735,0.12729620027135735,0.12729620027135735,0.12729620027135735,0.12729620027135735,0.12729620027135735,0.12729620027135735,0.12729620027135735,0.12729620027135735,0.12729620027135735,0.12729620027135735,0.12729620027135735,0.12729620027135735,0.12729620027135735,0.12729620027135735,0.12729620027135735,0.12729620027135735,0.12729620027135735,0.12729620027135735,0.12729620027135735,0.12729620027135735,0.12729620027135735,0.12729620027135735,0.12729620027135735,0.12729620027135735,0.12729620027135735,0.12729620027135735,0.12729620027135735,0.12729620027135735,0.12729620027135735,0.12729620027135735,0.12729620027135735,0.12729620027135735,0.12729620027135735,0.12729620027135735,0.12729620027135735,0.12729620027135735,0.12729620027135735,0.12729620027135735,0.12729620027135735,0.12729620027135735,0.12729620027135735,0.12729620027135735,0.12729620027135735
0.12729620027135735,0.12729620027135735,0.12729620027135735,0.12729620027135735,0.12729620027135735,0.12729620027135735,0.12729620027135735,0.12729620027135735,0.12729620027135735,0.12729620027135735,0.12729620027135735,0.12729620027135735,0.12729620027135735,0.12729620027135735,0.12729620027135735,0.12729620027135735,0.12729620027135735,0.12729620027135735,0.12729620027135735,0.12729620027135735,0.12729620027135735,0.12729620027135735,0.12729620027135735,0.12729620027135735,0.12729620027135735,0.12729620027135735,0.12729620027135735,0.12729620027135735,0.12729620027135735,0.12729620027135735,0.12729620027135735,0.12729620027135735,0.12729620027135735,0.12729620027135735,0.12729620027135735,0.12729620027135735,0.12729620027135735,0.12729620027135735,0.12729620027135735,0.12729620027135735,0.12729620027135735,0.12729620027135735,0.12729620027135735,0.12729620027135735,0.12729620027135735,0.12729620027135735,0.12729620027135735,0.12729620027135735,0.12729620027135735,0.12729620027135735,0.12729620027135735,0.12729620027135735,0.12729620027135735,0.12729620027135735,0.12729620027135735,0.12729620027135735,0.12729620027135735,0.12729620027135735,0.12729620027135735,0.12729620027135735,0.12729620027135735,0.12729620027135735,0.12729620027135735,0.12729620027135735,0.12729620027135735,0.12729620027135735,0.12729620027135735,0.12729620027135735
0.12729620027135735,0.12729620027135735,0.12729620027135735,0.12729620027135735,0.12729620027135735,0.12729620027135735,0.12729620027135735,0.12729620027135735,0.12729620027135735,0.12729620027135735,0.12729620027135735,0.12729620027135735,0.12729620027135735,0.12729620027135735,0.12729620027135735,0.12729620027135735,0.12729620027135735,0.12729620027135735,0.12729620027135735,0.12729620027135735,0.12729620027135735,0.12729620027135735,0.12729620027135735,0.12729620027135735,0.12729620027135735,0.12729620027135735,0.12729620027135735,0.12729620027135735,0.12729620027135735,0.12729620027135735,0.12729620027135735,0.12729620027135735,0.12729620027135735,0.12729620027135735,0.12729620027135735,0.12729620027135735,0.12729620027135735,0.12729620027135735,0.12729620027135735,0.12729620027135735,0.12729620027135735,0.12729620027135735,0.12729620027135735,0.12729620027135735,0.12729620027135735,0.12729620027135735,0.12729620027135735,0.12729620027135735,0.12729620027135735,0.12729620027135735,0.12729620027135735,0.12729620027135735,0.12729620027135735,0.12729620027135735,0.12729620027135735,0.12729620027135735,0.12729620027135735,0.12729620027135735,0.12729620027135735,0.12729620027135735,0.12729620027135735,0.12729620027135735,0.12729620027135735,0.12729620027135735,0.12729620027135735,0.12729620027135735,0.12729620027135735,0.12729620027135735
0.12729620027135735,0.12729620027135735,0.12729620027135735,0.12729620027135735,0.12729620027135735,0.12729620027135735,0.12729620027135735,0.12729620027135735,0.12729620027135735,0.12729620027135735,0.12729620027135735,0.12729620027135735,0.12729620027135735,0.12729620027135735,0.12729620027135735,0.12729620027135735,0.12729620027135735,0.12729620027135735,0.12729620027135735,0.12729620027135735,0.12729620027135735,0.12729620027135735,0.12729620027135735,0.12729620027135735,0.12729620027135735,0.12729620027135735,0.12729620027135735,0.12729620027135735,0.12729620027135735,0.12729620027135735,0.12729620027135735,0.12729620027135735,0.12729620027135735,0.12729620027135735,0.12729620027135735,0.12729620027135735,0.12729620027135735,0.12729620027135735,0.12729620027135735,0.12729620027135735,0.12729620027135735,0.12729620027135735,0.12729620027135735,0.12729620027135735,0.12729620027135735,0.12729620027135735,0.12729620027135735,0.12729620027135735,0.12729620027135735,0.12729620027135735,0.12729620027135735,0.12729620027135735,0.12729620027135735,0.12729620027135735,0.12729620027135735,0.12729620027135735,0.12729620027135735,0.12729620027135735,0.12729620027135735,0.12729620027135735,0.12729620027135735,0.12729620027135735,0.12729620027135735,0.12729620027135735,0.12729620027135735,0.12729620027135735,0.12729620027135735,0.12729620027135735
0.12729620027135735,0.12729620027135735,0.12729620027135735,0.12729620027135735,0.12729620027135735,0.12729620027135735,0.12729620027135735,0.12729620027135735,0.12729620027135735,0.12729620027135735,0.12729620027135735,0.12729620027135735,0.12729620027135735,0.12729620027135735,0.12729620027135735,0.12729620027135735,0.12729620027135735,0.12729620027135735,0.12729620027135735,0.12729620027135735,0.12729620027135735,0.12729620027135735,0.12729620027135735,0.12729620027135735,0.12729620027135735,0.12729620027135735,0.12729620027135735,0.12729620027135735,0.12729620027135735,0.12729620027135735,0.12729620027135735,0.12729620027135735,0.12729620027135735,0.12729620027135735,0.12729620027135735,0.12729620027135735,0.12729620027135735,0.12729620027135735,0.12729620027135735,0.12729620027135735,0.12729620027135735,0.12729620027135735,0.12729620027135735,0.12729620027135735,0.12729620027135735,0.12729620027135735,0.12729620027135735,0.12729620027135735,0.12729620027135735,0.12729620027135735,0.12729620027135735,0.12729620027135735,0.12729620027135735,0.12729620027135735,0.12729620027135735,0.12729620027135735,0.12729620027135735,0.12729620027135735,0.12729620027135735,0.12729620027135735,0.12729620027135735,0.12729620027135735,0.12729620027135735,0.12729620027135735,0.12729620027135735,0.12729620027135735,0.12729620027135735,0.12729620027135735
0.12729620027135735,0.12729620027135735,0.12729620027135735,0.12729620027135735,0.12729620027135735,0.12729620027135735,0.12729620027135735,0.12729620027135735,0.12729620027135735,0.12729620027135735,0.12729620027135735,0.12729620027135735,0.12729620027135735,0.12729620027135735,0.12729620027135735,0.12729620027135735,0.12729620027135735,0.12729620027135735,0.12729620027135735,0.12729620027135735,0.12729620027135735,0.12729620027135735,0.12729620027135735,0.12729620027135735,0.12729620027135735,0.12729620027135735,0.12729620027135735,0.12729620027135735,0.12729620027135735,0.12729620027135735,0.12729620027135735,0.12729620027135735,0.12729620027135735,0.12729620027135735,0.12729620027135735,0.12729620027135735,0.12729620027135735,0.12729620027135735,0.12729620027135735,0.12729620027135735,0.12729620027135735,0.12729620027135735,0.12729620027135735,0.12729620027135735,0.12729620027135735,0.12729620027135735,0.12729620027135735,0.12729620027135735,0.12729620027135735,0.12729620027135735,0.12729620027135735,0.12729620027135735,0.12729620027135735,0.12729620027135735,0.12729620027135735,0.12729620027135735,0.12729620027135735,0.12729620027135735,0.12729620027135735,0.12729620027135735,0.12729620027135735,0.12729620027135735,0.12729620027135735,0.12729620027135735,0.12729620027135735,0.12729620027135735,0.12729620027135735,0.12729620027135735
0.12729620027135735,0.12729620027135735,0.12729620027135735,0.12729620027135735,0.12729620027135735,0.12729620027135735,0.12729620027135735,0.12729620027135735,0.12729620027135735,0.12729620027135735,0.12729620027135735,0.12729620027135735,0.12729620027135735,0.12729620027135735,0.12729620027135735,0.12729620027135735,0.12729620027135735,0.12729620027135735,0.12729620027135735,0.12729620027135735,0.12729620027135735,0.12729620027135735,0.12729620027135735,0.12729620027135735,0.12729620027135735,0.12729620027135735,0.12729620027135735,0.12729620027135735,0.12729620027135735,0.12729620027135735,0.12729620027135735,0.12729620027135735,0.12729620027135735,0.12729620027135735,0.12729620027135735,0.12729620027135735,0.12729620027135735,0.12729620027135735,0.12729620027135735,0.12729620027135735,0.12729620027135735,0.12729620027135735,0.12729620027135735,0.12729620027135735,0.12729620027135735,0.12729620027135735,0.12729620027135735,0.12729620027135735,0.12729620027135735,0.12729620027135735,0.12729620027135735,0.12729620027135735,0.12729620027135735,0.12729620027135735,0.12729620027135735,0.12729620027135735,0.12729620027135735,0.12729620027135735,0.12729620027135735,0.12729620027135735,0.12729620027135735,0.12729620027135735,0.12729620027135735,0.12729620027135735,0.12729620027135735,0.12729620027135735,0.12729620027135735,0.12729620027135735
0.12729620027135735,0.12729620027135735,0.12729620027135735,0.12729620027135735,0.12729620027135735,0.12729620027135735,0.12729620027135735,0.12729620027135735,0.12729620027135735,0.12729620027135735,0.12729620027135735,0.12729620027135735,0.12729620027135735,0.12729620027135735,0.12729620027135735,0.12729620027135735,0.12729620027135735,0.12729620027135735,0.12729620027135735,0.12729620027135735,0.12729620027135735,0.12729620027135735,0.12729620027135735,0.12729620027135735,0.12729620027135735,0.12729620027135735,0.12729620027135735,0.12729620027135735,0.12729620027135735,0.12729620027135735,0.12729620027135735,0.12729620027135735,0.12729620027135735,0.12729620027135735,0.12729620027135735,0.12729620027135735,0.12729620027135735,0.12729620027135735,0.12729620027135735,0.12729620027135735,0.12729620027135735,0.12729620027135735,0.12729620027135735,0.12729620027135735,0.12729620027135735,0.12729620027135735,0.12729620027135735,0.12729620027135735,0.12729620027135735,0.12729620027135735,0.12729620027135735,0.12729620027135735,0.12729620027135735,0.12729620027135735,0.12729620027135735,0.12729620027135735,0.12729620027135735,0.12729620027135735,0.12729620027135735,0.12729620027135735,0.12729620027135735,0.12729620027135735,0.12729620027135735,0.12729620027135735,0.12729620027135735,0.12729620027135735,0.12729620027135735,0.12729620027135735
0.12729620027135735,0.12729620027135735,0.12729620027135735,0.12729620027135735,0.12729620027135735,0.12729620027135735,0.12729620027135735,0.12729620027135735,0.12729620027135735,0.12729620027135735,0.12729620027135735,0.12729620027135735,0.12729620027135735,0.12729620027135735,0.12729620027135735,0.12729620027135735,0.12729620027135735,0.12729620027135735,0.12729620027135735,0.12729620027135735,0.12729620027135735,0.12729620027135735,0.12729620027135735,0.12729620027135735,0.12729620027135735,0.12729620027135735,0.12729620027135735,0.12729620027135735,0.12729620027135735,0.12729620027135735,0.12729620027135735,0.12729620027135735,0.12729620027135735,0.12729620027135735,0.12729620027135735,0.12729620027135735,0.12729620027135735,0.12729620027135735,0.12729620027135735,0.12729620027135735,0.12729620027135735,0.12729620027135735,0.12729620027135735,0.12729620027135735,0.12729620027135735,0.12729620027135735,0.12729620027135735,0.12729620027135735,0.12729620027135735,0.12729620027135735,0.12729620027135735,0.12729620027135735,0.12729620027135735,0.12729620027135735,0.12729620027135735,0.12729620027135735,0.12729620027135735,0.12729620027135735,0.12729620027135735,0.12729620027135735,0.12729620027135735,0.12729620027135735,0.12729620027135735,0.12729620027135735,0.12729620027135735,0.12729620027135735,0.12729620027135735,0.12729620027135735
0.12729620027135735,0.12729620027135735,0.12729620027135735,0.12729620027135735,0.12729620027135735,0.12729620027135735,0.12729620027135735,0.12729620027135735,0.12729620027135735,0.12729620027135735,0.12729620027135735,0.12729620027135735,0.12729620027135735,0.12729620027135735,0.12729620027135735,0.12729620027135735,0.12729620027135735,0.12729620027135735,0.12729620027135735,0.12729620027135735,0.12729620027135735,0.12729620027135735,0.12729620027135735,0.12729620027135735,0.12729620027135735,0.12729620027135735,0.12729620027135735,0.12729620027135735,0.12729620027135735,0.12729620027135735,0.12729620027135735,0.12729620027135735,0.12729620027135735,0.12729620027135735,0.12729620027135735,0.12729620027135735,0.12729620027135735,0.12729620027135735,0.12729620027135735,0.12729620027135735,0.12729620027135735,0.12729620027135735,0.12729620027135735,0.12729620027135735,0.12729620027135735,0.12729620027135735,0.12729620027135735,0.12729620027135735,0.12729620027135735,0.12729620027135735,0.12729620027135735,0.12729620027135735,0.12729620027135735,0.12729620027135735,0.12729620027135735,0.12729620027135735,0.12729620027135735,0.12729620027135735,0.12729620027135735,0.12729620027135735,0.12729620027135735,0.12729620027135735,0.12729620027135735,0.12729620027135735,0.12729620027135735,0.12729620027135735,0.12729620027135735,0.12729620027135735
0.12729620027135735,0.12729620027135735,0.12729620027135735,0.12729620027135735,0.12729620027135735,0.12729620027135735,0.12729620027135735,0.12729620027135735,0.12729620027135735,0.12729620027135735,0.12729620027135735,0.12729620027135735,0.12729620027135735,0.12729620027135735,0.12729620027135735,0.12729620027135735,0.12729620027135735,0.12729620027135735,0.12729620027135735,0.12729620027135735,0.12729620027135735,0.12729620027135735,0.12729620027135735,0.12729620027135735,0.12729620027135735,0.12729620027135735,0.12729620027135735,0.12729620027135735,0.12729620027135735,0.12729620027135735,0.12729620027135735,0.12729620027135735,0.12729620027135735,0.12729620027135735,0.12729620027135735,0.12729620027135735,0.12729620027135735,0.12729620027135735,0.12729620027135735,0.12729620027135735,0.12729620027135735,0.12729620027135735,0.12729620027135735,0.12729620027135735,0.12729620027135735,0.12729620027135735,0.12729620027135735,0.12729620027135735,0.12729620027135735,0.12729620027135735,0.12729620027135735,0.12729620027135735,0.12729620027135735,0.12729620027135735,0.12729620027135735,0.12729620027135735,0.12729620027135735,0.12729620027135735,0.12729620027135735,0.12729620027135735,0.12729620027135735,0.12729620027135735,0.12729620027135735,0.12729620027135735,0.12729620027135735,0.12729620027135735,0.12729620027135735,0.12729620027135735
0.12729620027135735,0.12729620027135735,0.12729620027135735,0.12729620027135735,0.12729620027135735,0.12729620027135735,0.12729620027135735,0.12729620027135735,0.12729620027135735,0.12729620027135735,0.12729620027135735,0.12729620027135735,0.12729620027135735,0.12729620027135735,0.12729620027135735,0.12729620027135735,0.12729620027135735,0.12729620027135735,0.12729620027135735,0.12729620027135735,0.12729620027135735,0.12729620027135735,0.12729620027135735,0.12729620027135735,0.12729620027135735,0.12729620027135735,0.12729620027135735,0.12729620027135735,0.12729620027135735,0.12729620027135735,0.12729620027135735,0.12729620027135735,0.12729620027135735,0.12729620027135735,0.12729620027135735,0.12729620027135735,0.12729620027135735,0.12729620027135735,0.12729620027135735,0.12729620027135735,0.12729620027135735,0.12729620027135735,0.12729620027135735,0.12729620027135735,0.12729620027135735,0.12729620027135735,0.12729620027135735,0.12729620027135735,0.12729620027135735,0.12729620027135735,0.12729620027135735,0.12729620027135735,0.12729620027135735,0.12729620027135735,0.12729620027135735,0.12729620027135735,0.12729620027135735,0.12729620027135735,0.12729620027135735,0.12729620027135735,0.12729620027135735,0.12729620027135735,0.12729620027135735,0.12729620027135735,0.12729620027135735,0.12729620027135735,0.12729620027135735,0.12729620027135735
0.12729620027135735,0.12729620027135735,0.12729620027135735,0.12729620027135735,0.12729620027135735,0.12729620027135735,0.12729620027135735,0.12729620027135735,0.12729620027135735,0.12729620027135735,0.12729620027135735,0.12729620027135735,0.12729620027135735,0.12729620027135735,0.12729620027135735,0.12729620027135735,0.12729620027135735,0.12729620027135735,0.12729620027135735,0.12729620027135735,0.12729620027135735,0.12729620027135735,0.12729620027135735,0.12729620027135735,0.12729620027135735,0.12729620027135735,0.12729620027135735,0.12729620027135735,0.12729620027135735,0.12729620027135735,0.12729620027135735,0.12729620027135735,0.12729620027135735,0.12729620027135735,0.12729620027135735,0.12729620027135735,0.12729620027135735,0.12729620027135735,0.12729620027135735,0.12729620027135735,0.12729620027135735,0.12729620027135735,0.12729620027135735,0.12729620027135735,0.12729620027135735,0.12729620027135735,0.12729620027135735,0.12729620027135735,0.12729620027135735,0.12729620027135735,0.12729620027135735,0.12729620027135735,0.12729620027135735,0.12729620027135735,0.12729620027135735,0.12729620027135735,0.12729620027135735,0.12729620027135735,0.12729620027135735,0.12729620027135735,0.12729620027135735,0.12729620027135735,0.12729620027135735,0.12729620027135735,0.12729620027135735,0.12729620027135735,0.12729620027135735,0.12729620027135735
0.12729620027135735,0.12729620027135735,0.12729620027135735,0.12729620027135735,0.12729620027135735,0.12729620027135735,0.12729620027135735,0.12729620027135735,0.12729620027135735,0.12729620027135735,0.12729620027135735,0.12729620027135735,0.12729620027135735,0.12729620027135735,0.12729620027135735,0.12729620027135735,0.12729620027135735,0.12729620027135735,0.12729620027135735,0.12729620027135735,0.12729620027135735,0.12729620027135735,0.12729620027135735,0.12729620027135735,0.12729620027135735,0.12729620027135735,0.12729620027135735,0.12729620027135735,0.12729620027135735,0.12729620027135735,0.12729620027135735,0.12729620027135735,0.12729620027135735,0.12729620027135735,0.12729620027135735,0.12729620027135735,0.12729620027135735,0.12729620027135735,0.12729620027135735,0.12729620027135735,0.12729620027135735,0.12729620027135735,0.12729620027135735,0.12729620027135735,0.12729620027135735,0.12729620027135735,0.12729620027135735,0.12729620027135735,0.12729620027135735,0.12729620027135735,0.12729620027135735,0.12729620027135735,0.12729620027135735,0.12729620027135735,0.12729620027135735,0.12729620027135735,0.12729620027135735,0.12729620027135735,0.12729620027135735,0.12729620027135735,0.12729620027135735,0.12729620027135735,0.12729620027135735,0.12729620027135735,0.12729620027135735,0.12729620027135735,0.12729620027135735,0.12729620027135735
0.12729620027135735,0.12729620027135735,0.12729620027135735,0.12729620027135735,0.12729620027135735,0.12729620027135735,0.12729620027135735,0.12729620027135735,0.12729620027135735,0.12729620027135735,0.12729620027135735,0.12729620027135735,0.12729620027135735,0.12729620027135735,0.12729620027135735,0.12729620027135735,0.12729620027135735,0.12729620027135735,0.12729620027135735,0.12729620027135735,0.12729620027135735,0.12729620027135735,0.12729620027135735,0.12729620027135735,0.12729620027135735,0.12729620027135735,0.12729620027135735,0.12729620027135735,0.12729620027135735,0.12729620027135735,0.12729620027135735,0.12729620027135735,0.12729620027135735,0.12729620027135735,0.12729620027135735,0.12729620027135735,0.12729620027135735,0.12729620027135735,0.12729620027135735,0.12729620027135735,0.12729620027135735,0.12729620027135735,0.12729620027135735,0.12729620027135735,0.12729620027135735,0.12729620027135735,0.12729620027135735,0.12729620027135735,0.12729620027135735,0.12729620027135735,0.12729620027135735,0.12729620027135735,0.12729620027135735,0.12729620027135735,0.12729620027135735,0.12729620027135735,0.12729620027135735,0.12729620027135735,0.12729620027135735,0.12729620027135735,0.12729620027135735,0.12729620027135735,0.12729620027135735,0.12729620027135735,0.12729620027135735,0.12729620027135735,0.12729620027135735,0.12729620027135735
0.12729620027135735,0.12729620027135735,0.12729620027135735,0.12729620027135735,0.12729620027135735,0.12729620027135735,0.12729620027135735,0.12729620027135735,0.12729620027135735,0.12729620027135735,0.12729620027135735,0.12729620027135735,0.12729620027135735,0.12729620027135735,0.12729620027135735,0.12729620027135735,0.12729620027135735,0.12729620027135735,0.12729620027135735,0.12729620027135735,0.12729620027135735,0.12729620027135735,0.12729620027135735,0.12729620027135735,0.12729620027135735,0.12729620027135735,0.12729620027135735,0.12729620027135735,0.12729620027135735,0.12729620027135735,0.12729620027135735,0.12729620027135735,0.12729620027135735,0.12729620027135735,0.12729620027135735,0.12729620027135735,0.12729620027135735,0.12729620027135735,0.12729620027135735,0.12729620027135735,0.12729620027135735,0.12729620027135735,0.12729620027135735,0.12729620027135735,0.12729620027135735,0.12729620027135735,0.12729620027135735,0.12729620027135735,0.12729620027135735,0.12729620027135735,0.12729620027135735,0.12729620027135735,0.12729620027135735,0.12729620027135735,0.12729620027135735,0.12729620027135735,0.12729620027135735,0.12729620027135735,0.12729620027135735,0.12729620027135735,0.12729620027135735,0.12729620027135735,0.12729620027135735,0.12729620027135735,0.12729620027135735,0.12729620027135735,0.12729620027135735,0.12729620027135735
0.12729620027135735,0.12729620027135735,0.12729620027135735,0.12729620027135735,0.12729620027135735,0.12729620027135735,0.12729620027135735,0.12729620027135735,0.12729620027135735,0.12729620027135735,0.12729620027135735,0.12729620027135735,0.12729620027135735,0.12729620027135735,0.12729620027135735,0.12729620027135735,0.12729620027135735,0.12729620027135735,0.12729620027135735,0.12729620027135735,0.12729620027135735,0.12729620027135735,0.12729620027135735,0.12729620027135735,0.12729620027135735,0.12729620027135735,0.12729620027135735,0.12729620027135735,0.12729620027135735,0.12729620027135735,0.12729620027135735,0.12729620027135735,0.12729620027135735,0.12729620027135735,0.12729620027135735,0.12729620027135735,0.12729620027135735,0.12729620027135735,0.12729620027135735,0.12729620027135735,0.12729620027135735,0.12729620027135735,0.12729620027135735,0.12729620027135735,0.12729620027135735,0.12729620027135735,0.12729620027135735,0.12729620027135735,0.12729620027135735,0.12729620027135735,0.12729620027135735,0.12729620027135735,0.12729620027135735,0.12729620027135735,0.12729620027135735,0.12729620027135735,0.12729620027135735,0.12729620027135735,0.12729620027135735,0.12729620027135735,0.12729620027135735,0.12729620027135735,0.12729620027135735,0.12729620027135735,0.12729620027135735,0.12729620027135735,0.12729620027135735,0.12729620027135735
0.12729620027135735,0.12729620027135735,0.12729620027135735,0.12729620027135735,0.12729620027135735,0.12729620027135735,0.12729620027135735,0.12729620027135735,0.12729620027135735,0.12729620027135735,0.12729620027135735,0.12729620027135735,0.12729620027135735,0.12729620027135735,0.12729620027135735,0.12729620027135735,0.12729620027135735,0.12729620027135735,0.12729620027135735,0.12729620027135735,0.12729620027135735,0.12729620027135735,0.12729620027135735,0.12729620027135735,0.12729620027135735,0.12729620027135735,0.12729620027135735,0.12729620027135735,0.12729620027135735,0.12729620027135735,0.12729620027135735,0.12729620027135735,0.12729620027135735,0.12729620027135735,0.12729620027135735,0.12729620027135735,0.12729620027135735,0.12729620027135735,0.12729620027135735,0.12729620027135735,0.12729620027135735,0.12729620027135735,0.12729620027135735,0.12729620027135735,0.12729620027135735,0.12729620027135735,0.12729620027135735,0.12729620027135735,0.12729620027135735,0.12729620027135735,0.12729620027135735,0.12729620027135735,0.12729620027135735,0.12729620027135735,0.12729620027135735,0.12729620027135735,0.12729620027135735,0.12729620027135735,0.12729620027135735,0.12729620027135735,0.12729620027135735,0.12729620027135735,0.12729620027135735,0.12729620027135735,0.12729620027135735,0.12729620027135735,0.12729620027135735,0.12729620027135735
0.12729620027135735,0.12729620027135735,0.12729620027135735,0.12729620027135735,0.12729620027135735,0.12729620027135735,0.12729620027135735,0.12729620027135735,0.12729620027135735,0.12729620027135735,0.12729620027135735,0.12729620027135735,0.12729620027135735,0.12729620027135735,0.12729620027135735,0.12729620027135735,0.12729620027135735,0.12729620027135735,0.12729620027135735,0.12729620027135735,0.12729620027135735,0.12729620027135735,0.12729620027135735,0.12729620027135735,0.12729620027135735,0.12729620027135735,0.12729620027135735,0.12729620027135735,0.12729620027135735,0.12729620027135735,0.12729620027135735,0.12729620027135735,0.12729620027135735,0.12729620027135735,0.12729620027135735,0.12729620027135735,0.12729620027135735,0.12729620027135735,0.12729620027135735,0.12729620027135735,0.12729620027135735,0.12729620027135735,0.12729620027135735,0.12729620027135735,0.12729620027135735,0.12729620027135735,0.12729620027135735,0.12729620027135735,0.12729620027135735,0.12729620027135735,0.12729620027135735,0.12729620027135735,0.12729620027135735,0.12729620027135735,0.12729620027135735,0.12729620027135735,0.12729620027135735,0.12729620027135735,0.12729620027135735,0.12729620027135735,0.12729620027135735,0.12729620027135735,0.12729620027135735,0.12729620027135735,0.12729620027135735,0.12729620027135735,0.12729620027135735,0.12729620027135735
0.12729620027135735,0.12729620027135735,0.12729620027135735,0.12729620027135735,0.12729620027135735,0.12729620027135735,0.12729620027135735,0.12729620027135735,0.12729620027135735,0.12729620027135735,0.12729620027135735,0.12729620027135735,0.12729620027135735,0.12729620027135735,0.12729620027135735,0.12729620027135735,0.12729620027135735,0.12729620027135735,0.12729620027135735,0.12729620027135735,0.12729620027135735,0.12729620027135735,0.12729620027135735,0.12729620027135735,0.12729620027135735,0.12729620027135735,0.12729620027135735,0.12729620027135735,0.12729620027135735,0.12729620027135735,0.12729620027135735,0.12729620027135735,0.12729620027135735,0.12729620027135735,0.12729620027135735,0.12729620027135735,0.12729620027135735,0.12729620027135735,0.12729620027135735,0.12729620027135735,0.12729620027135735,0.12729620027135735,0.12729620027135735,0.12729620027135735,0.12729620027135735,0.12729620027135735,0.12729620027135735,0.12729620027135735,0.12729620027135735,0.12729620027135735,0.12729620027135735,0.12729620027135735,0.12729620027135735,0.12729620027135735,0.12729620027135735,0.12729620027135735,0.12729620027135735,0.12729620027135735,0.12729620027135735,0.12729620027135735,0.12729620027135735,0.12729620027135735,0.12729620027135735,0.12729620027135735,0.12729620027135735,0.12729620027135735,0.12729620027135735,0.12729620027135735
0.12729620027135735,0.12729620027135735,0.12729620027135735,0.12729620027135735,0.12729620027135735,0.12729620027135735,0.12729620027135735,0.12729620027135735,0.12729620027135735,0.12729620027135735,0.12729620027135735,0.12729620027135735,0.12729620027135735,0.12729620027135735,0.12729620027135735,0.12729620027135735,0.12729620027135735,0.12729620027135735,0.12729620027135735,0.12729620027135735,0.12729620027135735,0.12729620027135735,0.12729620027135735,0.12729620027135735,0.12729620027135735,0.12729620027135735,0.12729620027135735,0.12729620027135735,0.12729620027135735,0.12729620027135735,0.12729620027135735,0.12729620027135735,0.12729620027135735,0.12729620027135735,0.12729620027135735,0.12729620027135735,0.12729620027135735,0.12729620027135735,0.12729620027135735,0.12729620027135735,0.12729620027135735,0.12729620027135735,0.12729620027135735,0.12729620027135735,0.12729620027135735,0.12729620027135735,0.12729620027135735,0.12729620027135735,0.12729620027135735,0.12729620027135735,0.12729620027135735,0.12729620027135735,0.12729620027135735,0.12729620027135735,0.12729620027135735,0.12729620027135735,0.12729620027135735,0.12729620027135735,0.12729620027135735,0.12729620027135735,0.12729620027135735,0.12729620027135735,0.12729620027135735,0.12729620027135735,0.12729620027135735,0.12729620027135735,0.12729620027135735,0.12729620027135735
0.12729620027135735,0.12729620027135735,0.12729620027135735,0.12729620027135735,0.12729620027135735,0.12729620027135735,0.12729620027135735,0.12729620027135735,0.12729620027135735,0.12729620027135735,0.12729620027135735,0.12729620027135735,0.12729620027135735,0.12729620027135735,0.12729620027135735,0.12729620027135735,0.12729620027135735,0.12729620027135735,0.12729620027135735,0.12729620027135735,0.12729620027135735,0.12729620027135735,0.12729620027135735,0.12729620027135735,0.12729620027135735,0.12729620027135735,0.12729620027135735,0.12729620027135735,0.12729620027135735,0.12729620027135735,0.12729620027135735,0.12729620027135735,0.12729620027135735,0.12729620027135735,0.12729620027135735,0.12729620027135735,0.12729620027135735,0.12729620027135735,0.12729620027135735,0.12729620027135735,0.12729620027135735,0.12729620027135735,0.12729620027135735,0.12729620027135735,0.12729620027135735,0.12729620027135735,0.12729620027135735,0.12729620027135735,0.12729620027135735,0.12729620027135735,0.12729620027135735,0.12729620027135735,0.12729620027135735,0.12729620027135735,0.12729620027135735,0.12729620027135735,0.12729620027135735,0.12729620027135735,0.12729620027135735,0.12729620027135735,0.12729620027135735,0.12729620027135735,0.12729620027135735,0.12729620027135735,0.12729620027135735,0.12729620027135735,0.12729620027135735,0.12729620027135735
0.12729620027135735,0.12729620027135735,0.12729620027135735,0.12729620027135735,0.12729620027135735,0.12729620027135735,0.12729620027135735,0.12729620027135735,0.12729620027135735,0.12729620027135735,0.12729620027135735,0.12729620027135735,0.12729620027135735,0.12729620027135735,0.12729620027135735,0.12729620027135735,0.12729620027135735,0.12729620027135735,0.12729620027135735,0.12729620027135735,0.12729620027135735,0.12729620027135735,0.12729620027135735,0.12729620027135735,0.12729620027135735,0.12729620027135735,0.12729620027135735,0.12729620027135735,0.12729620027135735,0.12729620027135735,0.12729620027135735,0.12729620027135735,0.12729620027135735,0.12729620027135735,0.12729620027135735,0.12729620027135735,0.12729620027135735,0.12729620027135735,0.12729620027135735,0.12729620027135735,0.12729620027135735,0.12729620027135735,0.12729620027135735,0.12729620027135735,0.12729620027135735,0.12729620027135735,0.12729620027135735,0.12729620027135735,0.12729620027135735,0.12729620027135735,0.12729620027135735,0.12729620027135735,0.12729620027135735,0.12729620027135735,0.12729620027135735,0.12729620027135735,0.12729620027135735,0.12729620027135735,0.12729620027135735,0.12729620027135735,0.12729620027135735,0.12729620027135735,0.12729620027135735,0.12729620027135735,0.12729620027135735,0.12729620027135735,0.12729620027135735,0.12729620027135735
0.12729620027135735,0.12729620027135735,0.12729620027135735,0.12729620027135735,0.12729620027135735,0.12729620027135735,0.12729620027135735,0.12729620027135735,0.12729620027135735,0.12729620027135735,0.12729620027135735,0.12729620027135735,0.12729620027135735,0.12729620027135735,0.12729620027135735,0.12729620027135735,0.12729620027135735,0.12729620027135735,0.12729620027135735,0.12729620027135735,0.12729620027135735,0.12729620027135735,0.12729620027135735,0.12729620027135735,0.12729620027135735,0.12729620027135735,0.12729620027135735,0.12729620027135735,0.12729620027135735,0.12729620027135735,0.12729620027135735,0.12729620027135735,0.12729620027135735,0.12729620027135735,0.12729620027135735,0.12729620027135735,0.12729620027135735,0.12729620027135735,0.12729620027135735,0.12729620027135735,0.12729620027135735,0.12729620027135735,0.12729620027135735,0.12729620027135735,0.12729620027135735,0.12729620027135735,0.12729620027135735,0.12729620027135735,0.12729620027135735,0.12729620027135735,0.12729620027135735,0.12729620027135735,0.12729620027135735,0.12729620027135735,0.12729620027135735,0.12729620027135735,0.12729620027135735,0.12729620027135735,0.12729620027135735,0.12729620027135735,0.12729620027135735,0.12729620027135735,0.12729620027135735,0.12729620027135735,0.12729620027135735,0.12729620027135735,0.12729620027135735,0.12729620027135735
0.12729620027135735,0.12729620027135735,0.12729620027135735,0.12729620027135735,0.12729620027135735,0.12729620027135735,0.12729620027135735,0.12729620027135735,0.12729620027135735,0.12729620027135735,0.12729620027135735,0.12729620027135735,0.12729620027135735,0.12729620027135735,0.12729620027135735,0.12729620027135735,0.12729620027135735,0.12729620027135735,0.12729620027135735,0.12729620027135735,0.12729620027135735,0.12729620027135735,0.12729620027135735,0.12729620027135735,0.12729620027135735,0.12729620027135735,0.12729620027135735,0.12729620027135735,0.12729620027135735,0.12729620027135735,0.12729620027135735,0.12729620027135735,0.12729620027135735,0.12729620027135735,0.12729620027135735,0.12729620027135735,0.12729620027135735,0.12729620027135735,0.12729620027135735,0.12729620027135735,0.12729620027135735,0.12729620027135735,0.12729620027135735,0.12729620027135735,0.12729620027135735,0.12729620027135735,0.12729620027135735,0.12729620027135735,0.12729620027135735,0.12729620027135735,0.12729620027135735,0.12729620027135735,0.12729620027135735,0.12729620027135735,0.12729620027135735,0.12729620027135735,0.12729620027135735,0.12729620027135735,0.12729620027135735,0.12729620027135735,0.12729620027135735,0.12729620027135735,0.12729620027135735,0.12729620027135735,0.12729620027135735,0.12729620027135735,0.12729620027135735,0.12729620027135735
0.12729620027135735,0.12729620027135735,0.12729620027135735,0.12729620027135735,0.12729620027135735,0.12729620027135735,0.12729620027135735,0.12729620027135735,0.12729620027135735,0.12729620027135735,0.12729620027135735,0.12729620027135735,0.12729620027135735,0.12729620027135735,0.12729620027135735,0.12729620027135735,0.12729620027135735,0.12729620027135735,0.12729620027135735,0.12729620027135735,0.12729620027135735,0.12729620027135735,0.12729620027135735,0.12729620027135735,0.12729620027135735,0.12729620027135735,0.12729620027135735,0.12729620027135735,0.12729620027135735,0.12729620027135735,0.12729620027135735,0.12729620027135735,0.12729620027135735,0.12729620027135735,0.12729620027135735,0.12729620027135735,0.12729620027135735,0.12729620027135735,0.12729620027135735,0.12729620027135735,0.12729620027135735,0.12729620027135735,0.12729620027135735,0.12729620027135735,0.12729620027135735,0.12729620027135735,0.12729620027135735,0.12729620027135735,0.12729620027135735,0.12729620027135735,0.12729620027135735,0.12729620027135735,0.12729620027135735,0.12729620027135735,0.12729620027135735,0.12729620027135735,0.12729620027135735,0.12729620027135735,0.12729620027135735,0.12729620027135735,0.12729620027135735,0.12729620027135735,0.12729620027135735,0.12729620027135735,0.12729620027135735,0.12729620027135735,0.12729620027135735,0.12729620027135735
0.12729620027135735,0.12729620027135735,0.12729620027135735,0.12729620027135735,0.12729620027135735,0.12729620027135735,0.12729620027135735,0.12729620027135735,0.12729620027135735,0.12729620027135735,0.12729620027135735,0.12729620027135735,0.12729620027135735,0.12729620027135735,0.12729620027135735,0.12729620027135735,0.12729620027135735,0.12729620027135735,0.12729620027135735,0.12729620027135735,0.12729620027135735,0.12729620027135735,0.12729620027135735,0.12729620027135735,0.12729620027135735,0.12729620027135735,0.12729620027135735,0.12729620027135735,0.12729620027135735,0.12729620027135735,0.12729620027135735,0.12729620027135735,0.12729620027135735,0.12729620027135735,0.12729620027135735,0.12729620027135735,0.12729620027135735,0.12729620027135735,0.12729620027135735,0.12729620027135735,0.12729620027135735,0.12729620027135735,0.12729620027135735,0.12729620027135735,0.12729620027135735,0.12729620027135735,0.12729620027135735,0.12729620027135735,0.12729620027135735,0.12729620027135735,0.12729620027135735,0.12729620027135735,0.12729620027135735,0.12729620027135735,0.12729620027135735,0.12729620027135735,0.12729620027135735,0.12729620027135735,0.12729620027135735,0.12729620027135735,0.12729620027135735,0.12729620027135735,0.12729620027135735,0.12729620027135735,0.12729620027135735,0.12729620027135735,0.12729620027135735,0.12729620027135735
0.12729620027135735,0.12729620027135735,0.12729620027135735,0.12729620027135735,0.12729620027135735,0.12729620027135735,0.12729620027135735,0.12729620027135735,0.12729620027135735,0.12729620027135735,0.12729620027135735,0.12729620027135735,0.12729620027135735,0.12729620027135735,0.12729620027135735,0.12729620027135735,0.12729620027135735,0.12729620027135735,0.12729620027135735,0.12729620027135735,0.12729620027135735,0.12729620027135735,0.12729620027135735,0.12729620027135735,0.12729620027135735,0.12729620027135735,0.12729620027135735,0.12729620027135735,0.12729620027135735,0.12729620027135735,0.12729620027135735,0.12729620027135735,0.12729620027135735,0.12729620027135735,0.12729620027135735,0.12729620027135735,0.12729620027135735,0.12729620027135735,0.12729620027135735,0.12729620027135735,0.12729620027135735,0.12729620027135735,0.12729620027135735,0.12729620027135735,0.12729620027135735,0.12729620027135735,0.12729620027135735,0.12729620027135735,0.12729620027135735,0.12729620027135735,0.12729620027135735,0.12729620027135735,0.12729620027135735,0.12729620027135735,0.12729620027135735,0.12729620027135735,0.12729620027135735,0.12729620027135735,0.12729620027135735,0.12729620027135735,0.12729620027135735,0.12729620027135735,0.12729620027135735,0.12729620027135735,0.12729620027135735,0.12729620027135735,0.12729620027135735,0.12729620027135735
0.12729620027135735,0.12729620027135735,0.12729620027135735,0.12729620027135735,0.12729620027135735,0.12729620027135735,0.12729620027135735,0.12729620027135735,0.12729620027135735,0.12729620027135735,0.12729620027135735,0.12729620027135735,0.12729620027135735,0.12729620027135735,0.12729620027135735,0.12729620027135735,0.12729620027135735,0.12729620027135735,0.12729620027135735,0.12729620027135735,0.12729620027135735,0.12729620027135735,0.12729620027135735,0.12729620027135735,0.12729620027135735,0.12729620027135735,0.12729620027135735,0.12729620027135735,0.12729620027135735,0.12729620027135735,0.12729620027135735,0.12729620027135735,0.12729620027135735,0.12729620027135735,0.12729620027135735,0.12729620027135735,0.12729620027135735,0.12729620027135735,0.12729620027135735,0.12729620027135735,0.12729620027135735,0.12729620027135735,0.12729620027135735,0.12729620027135735,0.12729620027135735,0.12729620027135735,0.12729620027135735,0.12729620027135735,0.12729620027135735,0.12729620027135735,0.12729620027135735,0.12729620027135735,0.12729620027135735,0.12729620027135735,0.12729620027135735,0.12729620027135735,0.12729620027135735,0.12729620027135735,0.12729620027135735,0.12729620027135735,0.12729620027135735,0.12729620027135735,0.12729620027135735,0.12729620027135735,0.12729620027135735,0.12729620027135735,0.12729620027135735,0.12729620027135735
0.12729620027135818,0.1272962002713581,0.1272962002713581,0.1272962002713581,0.1272962002713581,0.1272962002713581,0.1272962002713581,0.1272962002713581,0.1272962002713581,0.1272962002713581,0.1272962002713581,0.1272962002713581,0.1272962002713581,0.1272962002713581,0.1272962002713581,0.1272962002713581,0.1272962002713581,0.1272962002713581,0.1272962002713581,0.1272962002713581,0.1272962002713581,0.1272962002713581,0.1272962002713581,0.1272962002713581,0.1272962002713581,0.1272962002713581,0.1272962002713581,0.1272962002713581,0.1272962002713581,0.1272962002713581,0.1272962002713581,0.1272962002713581,0.1272962002713581,0.1272962002713581,0.1272962002713581,0.1272962002713581,0.1272962002713581,0.1272962002713581,0.1272962002713581,0.1272962002713581,0.1272962002713581,0.1272962002713581,0.1272962002713581,0.1272962002713581,0.1272962002713581,0.1272962002713581,0.1272962002713581,0.1272962002713581,0.1272962002713581,0.1272962002713581,0.1272962002713581,0.1272962002713581,0.1272962002713581,0.1272962002713581,0.1272962002713581,0.1272962002713581,0.1272962002713581,0.1272962002713581,0.1272962002713581,0.1272962002713581,0.1272962002713581,0.1272962002713581,0.1272962002713581,0.1272962002713581,0.1272962002713581,0.1272962002713581,0.1272962002713581,0.12729620027135818
