Model: 11_26_25_metacentric_relaxed_MCF10A_chr19_PMP1
Simulation: 11_26_25_metacentric_relaxed_MCF10A_chr19_PMP1_haspin_stripe
(SimID_300540363_0 (PDE Simulation)) 
Sim time range (0.0 500.0) (saved timepoints 51) 
Number of variables 46 
Variable names ['BUB1a', 'BUB1a_his', 'BUB1a_pKNL1', 'CPC_all', 'CPCa', 'CPCa_total', 'CPCi', 'CPCi_total', 'H2A', 'H3', 'H3_CPCa', 'H3_CPCi', 'HASPINa', 'HASPINi', 'KNL1', 'NDC80', 'NDC80_TTKa', 'NDC80_TTKi', 'NDC80_pTTKa', 'NDC80_pTTKi', 'PLK1a', 'PLK1i', 'SGO1', 'SGO1_CPCa', 'SGO1_CPCi', 'SGO1_ic', 'TIMEBOUNDS', 'TIMES', 'TTKa', 'TTKi', 'bound_CPC', 'bound_active_CPC', 'pH2A', 'pH2A_SGO1', 'pH2A_SGO1_CPCa', 'pH2A_SGO1_CPCi', 'pH3', 'pH3_CPCa', 'pH3_CPCi', 'pKNL1', 'pNDC80', 'pNDC80_TTKa', 'pNDC80_TTKi', 'pNDC80_pTTKa', 'pNDC80_pTTKi', 'pNDC80_total', 'pTTKa', 'pTTKi'] 
 
2D Slice for variable bound_CPC at time 370.0 in plane XY at Z = 0 
 
X in rows, Y in columns 
4.04348135426293,4.043482719911025,4.043487264425341,4.043496446417884,4.04351320061831,4.043542840432054,4.043594701026679,4.043685066868651,4.043842361066283,4.044116401335611,4.044595037563414,4.0454343155088734,4.046913603720148,4.049537019444664,4.0542208537286815,4.062640046125331,4.0778644997578395,4.105505534061959,4.155692954248477,4.246163425540494,4.405957746359464,4.67580291104805,5.090759251301237,5.610473666249391,5.989149195820391,6.1742851520112225,6.1742851456925445,5.98914917707575,5.610473636206678,5.090759212440336,4.675802864226484,4.405957693007275,4.246163367743287,4.155692894233401,4.105505474071868,4.077864442113632,4.062639993222073,4.054220807886388,4.049536982655613,4.046913577416503,4.0454343004776625,4.0445950340059635,4.044116408963881,4.043842379306786,4.043685095214574,4.043594739047647,4.043542887689568,4.043513257573615,4.0434965139037,4.043487343057411,4.043482807463282,4.0434814431717445
4.043481129717851,4.043482495682537,4.043487039620405,4.043496221629773,4.043512976425191,4.0435426167106385,4.043594477322888,4.043684842576272,4.043842135475822,4.044116173565638,4.044594806570717,4.0454340801254185,4.046913362596233,4.049536770892791,4.054220595509656,4.06263977517129,4.077864211816343,4.105505223275058,4.155692612700383,4.246163042841214,4.4059573094677225,4.67580240493331,5.0907586620192085,5.610472989642287,5.989148453071711,6.174284375360801,6.17428437056703,5.9891484388134355,5.610472966727817,5.090758632367506,4.675802369239733,4.405957268871694,4.246162998955864,4.155692567197328,4.105505177796071,4.077864168044223,4.062639734851026,4.054220560349783,4.049536742372731,4.046913341785085,4.045434067652643,4.044594802768039,4.044116178606811,4.043842149483826,4.043684865804138,4.04359451002369,4.043542658922416,4.043513028889758,4.04349628548895,4.0434871153687455,4.0434825805324985,4.0434812165031015
4.043480449996606,4.043481818035741,4.043486363382017,4.043495545792328,4.043512300447159,4.043541939845963,4.043593798730265,4.043684161240644,4.043841450176837,4.044115482712017,4.044594108033054,4.045433371095435,4.046912639346468,4.04953602835925,4.054219826712994,4.062638970451539,4.077863357842281,4.105504301847375,4.155691599429993,4.246161905916795,4.405956009154552,4.67580089563239,5.090756901606317,5.610470965564757,5.989146228594814,6.174282047077354,6.174282044803038,5.989146221762678,5.610470954411583,5.090756886942081,4.6758008778028355,4.4059559888869915,4.246161884166929,4.155691577058401,4.105504279578621,4.077863336362073,4.062638950493718,4.054219809076274,4.049536013840264,4.046912628625937,4.04543336472012,4.044594106597103,4.04411548700135,4.043841461095706,4.043684179842945,4.043593826095423,4.043541976562214,4.04351234731533,4.043495604372489,4.043486435205813,4.043481901500734,4.043480537719429
4.043479319256088,4.0434806888208,4.0434852354940976,4.043494418084304,4.043511171828224,4.043540809267107,4.043592665097487,4.043683023126168,4.043840305760679,4.044114329655083,4.0445929431935435,4.045432190162455,4.046911436351275,4.049534794953008,4.054218551186451,4.06263763647361,4.077861942864997,4.1055027751703115,4.155689920028111,4.246160020395544,4.405953850933974,4.6757983884332095,5.0907539750486395,5.61046759853016,5.989142526013423,6.174278169630431,6.1742781695957625,5.98914252579302,5.610467597896827,5.090753973887754,4.6757983867978306,4.405953849140235,4.246160018747804,4.155689918592234,4.105502773760325,4.077861941163044,4.062637634197551,4.054218548256418,4.049534791597956,4.04691143307073,4.04543218762903,4.044592942342269,4.044114331792317,4.043840312344151,4.043683035735407,4.0435926856247,4.043540839263086,4.043511212446051,4.0434944710227585,4.043485302947923,4.043480770166852,4.0434794063756865
4.0434777381231655,4.043479108536791,4.043483655732007,4.04349283795131,4.043509590028202,4.0435392245401856,4.043591076059984,4.043681427981971,4.043838702198991,4.044112714646923,4.044591312598017,4.045430538171891,4.046909754748499,4.049533072079861,4.054216770564674,4.062635775046777,4.077859968804185,4.105500645214932,4.1556875764802905,4.2461573882660595,4.405950836791341,4.6757948853042555,5.090749884323554,5.610462890605759,5.989137347432923,6.174272745107518,6.174272746953383,5.989137352755807,5.610462898774981,5.090749894446525,4.675794897142809,4.405950850259275,4.246157403080154,4.155687592008906,4.105500660486996,4.0778599826562605,4.06263578635697,4.054216778538173,4.049533076514585,4.046909756093519,4.04543053734283,4.04459131089962,4.044112713859036,4.04383870430806,4.043681434934665,4.043591090153348,4.04353924805226,4.043509624505327,4.04349288513793,4.043483718157302,4.043479185994466,4.043477822145625
4.043475707298528,4.043477077925784,4.04348162457451,4.0434908053532554,4.043507554652309,4.043537185139589,4.043589031206205,4.043679375703045,4.043836639813084,4.044110638467346,4.044589217445078,4.045428416659264,4.04690759630247,4.049530861619312,4.054214486748796,4.062633388031402,4.07785743744655,4.105497913689767,4.155684570445462,4.246154011205655,4.40594696851948,4.6757903882438585,5.0907446317007405,5.610456844387707,5.989130695743885,6.174265776627304,6.174265780125019,5.989130705913728,5.610456860181622,5.090744651474152,4.675790411422084,4.405946994587551,4.246154039288454,4.1556845992419875,4.105497941553207,4.077857462587888,4.0626334087962945,4.054214501940858,4.04953087083047,4.046907600059534,4.045428416209867,4.044589214471127,4.044110635104794,4.043836638518853,4.043679378751127,4.043589040856694,4.043537203769272,4.043507583816006,4.04349084643103,4.043481680090825,4.043477148109309,4.043475784329658
4.043473227334167,4.043474597474211,4.043479142557654,4.043488320848352,4.0435050664052445,4.04353469190846,4.0435865314954,4.043676867357489,4.043834119775507,4.044108102384942,4.0445866590847315,4.045425827039882,4.0469049624792985,4.0495281650764445,4.054211701280051,4.062630477015239,4.077854350447316,4.105494582343748,4.155680903792888,4.246149891233296,4.405942248332686,4.6757848997259455,5.090738219972574,5.610449463000113,5.989122574290091,6.174257267610738,6.174257272461354,5.989122588398783,5.6104494849032145,5.090738247344691,4.675784931657768,4.405942283913103,4.246149929063511,4.155680942015794,4.105494618821819,4.077854383027137,4.0626305038222466,4.054211721007113,4.049528177267939,4.046904967737353,4.04542582691141,4.044586655622357,4.044108097935623,4.043834117028346,4.043676868805257,4.0435865390810095,4.043534707604609,4.043505091553023,4.043488356204472,4.043479190137816,4.043474657705198,4.043473293853184
4.043470299366216,4.04347166836678,4.043476211122568,4.04348538621342,4.043502127463266,4.043531747366169,4.0435835796641975,4.043673905774325,4.043831144903027,4.044105109119989,4.044583640073761,4.045422771663621,4.046901855410417,4.049524984380651,4.054208415923444,4.062627043652411,4.077850709411946,4.105490652799424,4.15567657822817,4.246145030201394,4.405936678299143,4.675778422121232,5.090730651899299,5.610440749622991,5.989112986577424,6.174247221731689,6.174247227629706,5.989113003691264,5.61044077606531,5.090730684727218,4.675778460097686,4.405936720184652,4.246145074221631,4.155676622185385,4.105490694322435,4.077850746246453,4.062627073951446,4.054208438481172,4.049524998799872,4.046901862283741,4.045422772642902,4.044583637463173,4.044105105309496,4.043831142413556,4.04367390708732,4.04358358643147,4.04353176090964,4.043502148804432,4.043485415766005,4.043476250400988,4.043471717525126,4.043470353481664
4.043466924682535,4.043468292134217,4.043472832137702,4.043482003715155,4.043498740448913,4.043528354431807,4.043580178847721,4.0436704942153225,4.043827718497784,4.044101661940035,4.0445801635756995,4.045419253527879,4.046898277885445,4.04952132209821,4.054204633033843,4.062623090126555,4.077846516416857,4.105486127107639,4.155671595872138,4.246139430404647,4.405930260992218,4.675770958384817,5.090721930900603,5.610430708143047,5.989101936809931,6.1742356432976955,6.174235649841946,5.989101955751876,5.610430737272166,5.090721966837268,4.675770999652595,4.405930306150033,4.246139477481398,4.155671642521208,4.105486170892839,4.07784655510937,4.062623121997258,4.054204657074391,4.049521338085523,4.046898286413297,4.045419256145517,4.044580162614015,4.044101659764417,4.043827717257234,4.043670496142369,4.043580185470966,4.043528366374047,4.04349875809182,4.043482027317828,4.043472863179608,4.043468330369733,4.043466966232299
4.043463105544275,4.043464471394064,4.043469008527664,4.04347817651178,4.043494908627448,4.043524516400238,4.043576332328604,4.04366663592747,4.04382384375639,4.044097763989491,4.044576232685783,4.045415275680113,4.046894232908075,4.049517181195052,4.054200355545997,4.062618619351426,4.077841774370922,4.105481008196522,4.1556659597120005,4.246133094955726,4.40592299974759,4.675762512198877,5.090712061126739,5.610419343223112,5.989089430042092,6.174222537554289,6.174222544325944,5.9890894496055145,5.610419373197445,5.090712097917356,4.675762554195819,4.405923045427214,4.246133142307346,4.155666006402901,4.10548105187065,4.077841812942777,4.062618651279745,4.054200380046342,4.049517198262082,4.046894243163218,4.045415280358042,4.044576233730188,4.044097763609477,4.04382384383565,4.043666638322494,4.043576338549508,4.043524526691144,4.043494922716128,4.04347819441052,4.043469031902445,4.043464499725282,4.043463135687697
4.043458845228805,4.043460209758486,4.043464744182952,4.043473908627754,4.043490636020021,4.043520237215643,4.04357204394537,4.043662334644059,4.043819524319437,4.044093418837542,4.044571850922813,4.0454108416035,4.046889723938291,4.049512565119755,4.054195586908904,4.062613634792304,4.077836486778678,4.105475299639855,4.155659673429861,4.246126027702103,4.405914898664491,4.6757530880332165,5.090701047544969,5.61040666038435,5.989075472233713,6.1742079107091365,6.1742079173330975,5.989075491352506,5.610406689618011,5.090701083311457,4.675753128695835,4.405914942708808,4.246126073189987,4.155659718159074,4.105475341440979,4.07783652380298,4.062613665734822,4.054195611156588,4.0495125827743035,4.046889735628943,4.045410848257561,4.044571853858471,4.044093419848537,4.043819525159444,4.04366233680016,4.043572048714671,4.043520244814913,4.04349064599922,4.043473920874634,4.043464760515211,4.043460229540279,4.043458865841168
4.043454148140144,4.043455511783277,4.043460043800974,4.043469204790246,4.043485927290455,4.043515521437378,4.043567318141163,4.043657594698799,4.043814764428367,4.044088630658491,4.04456702241953,4.045405955408954,4.046884755079356,4.04950747797729,4.054190331236088,4.062608140581741,4.077830657812842,4.105469005686425,4.155652741403821,4.24611823322715,4.4059059626384975,4.675742691235467,5.090688896102519,5.610392666246664,5.989060070547323,6.174191770247997,6.17419177642532,5.989060088376315,5.61039269349813,5.090688929406589,4.675742729029395,4.405906003499249,4.246118275389492,4.155652782905571,4.105469044629808,4.07783069262165,4.062608170164636,4.054190355030991,4.049507495948793,4.046884767663986,4.045405963300171,4.044567026444753,4.044088632061174,4.043814764811209,4.0436575953765725,4.0435673200773365,4.043515524951736,4.043485932194308,4.043469211160698,4.043460053524672,4.04345552422979,4.043454161070936
4.043449019925013,4.0434503830766175,4.043454912968912,4.04346407050679,4.043480787819651,4.043510374312098,4.0435621600382,4.043652421105844,4.0438095690121685,4.044083404325585,4.044561752024665,4.045400621949452,4.046879331211997,4.049501924692109,4.054184593504466,4.062602141755528,4.077824292580692,4.105462131542407,4.155645168989386,4.246109717118408,4.405896197612366,4.6757313282652975,5.090675613945956,5.610377368733816,5.98904323353766,6.174174125108143,6.174174130634649,5.989043249495058,5.610377393141937,5.090675643797219,4.6757313621677925,4.405896234319903,4.2461097551235625,4.155645206647173,4.105462167264154,4.0778243250261275,4.062602169960051,4.0541846168737985,4.049501942932188,4.046879344348834,4.045400630332144,4.044561756157522,4.0440834049613805,4.04380956742654,4.043652418581279,4.043562157436871,4.043510372217776,4.043480786548308,4.043464070607082,4.043454916338219,4.04345038913748,4.043449026659658
4.04344346732967,4.043444830238131,4.043449358158221,4.043458512113366,4.043475223810764,4.043504801938253,4.043556575663286,4.043646819845176,4.043803944025323,4.044077745787641,4.0445560456991005,4.045394847214412,4.04687345836861,4.049495911351527,4.054178379864996,4.062595644536324,4.0778173973915575,4.1054546836351165,4.155636962788902,4.246100486246478,4.4058856108631606,4.67571900698612,5.09066120971275,5.610360777356579,5.989024971417122,6.174154985922808,6.1741549906967474,5.989024985204561,5.610360798462669,5.090661235575772,4.675719036464919,4.405885642970356,4.246100519795086,4.155636996485005,4.105454716196472,4.077817427645724,4.062595671509847,4.054178402822423,4.049495929742219,4.046873471801122,4.045394855567914,4.044556049139205,4.044077744698657,4.0438039392359855,4.043646812538579,4.043556566890816,4.043504792768226,4.043475215229403,4.043458505356591,4.043449355180703,4.0434448305486175,4.043443468911369
4.0434374982540024,4.043438860989059,4.043443386917678,4.0434525370184895,4.043469242575182,4.043498811585435,4.043550572296177,4.043640798240268,4.043797896856363,4.044071662508897,4.044549910984145,4.045388638818174,4.046867144229511,4.0494894456961035,4.054171698116579,4.062588656785067,4.077809980184574,4.10544667002023,4.1556281310440975,4.246090549148219,4.405874211378471,4.675705737034544,5.0906456938937215,5.610342903565884,5.989005296396165,6.174134365344728,6.174134369359552,5.989005307986251,5.610342921313375,5.090645715703713,4.67570576206339,4.405874238948158,4.246090578404501,4.155628161008518,4.1054466996664525,4.077810008469268,4.062588682671412,4.054171720638762,4.0494894640161085,4.046867157622373,4.045388646719095,4.044549913136667,4.044071658974625,4.043797888075412,4.04364078521478,4.043550556375081,4.04349879440898,4.043469225861569,4.043452522798405,4.043443377352422,4.043438855770989,4.043437495178156
4.043431122092288,4.04343248456303,4.043437008320559,4.043446154196826,4.04346285305964,4.043492412240304,4.043544159021422,4.043634365508184,4.0437914368734935,4.044065164012275,4.044543357548234,4.045382006556812,4.046860398694334,4.049482537706339,4.054164558305416,4.0625811886096015,4.077802051142839,4.105438100997138,4.155618684247691,4.246079916628824,4.405862010441989,4.675691530382306,5.0906290793663524,5.610323761255767,5.988984223159533,6.174112278503098,6.17411228183097,5.988984232756373,5.610323775944879,5.090629097478185,4.675691551362935,4.405862033927071,4.24607994207934,4.155618710938018,4.105438128064018,4.07780207761101,4.062581213392994,4.0541645802417285,4.049482555666094,4.0468604116579145,4.045382013612927,4.044543358012132,4.044065157598915,4.043791423760065,4.043634346550066,4.043544135832661,4.0434923869553545,4.043462828049569,4.043446132234982,4.043436991915154,4.043432473719772,4.043431114355143
4.043424350324402,4.043425712325302,4.043430233627756,4.0434393748898865,4.043456066577637,4.043485615362408,4.043537347501611,4.043627533543925,4.043784576213299,4.044058262667284,4.0445363979720765,4.045374963191832,4.046853234668752,4.04947520039766,4.054156973532324,4.062573253185876,4.077793623527025,4.105428989949864,4.155608635983766,4.246068602593482,4.405849022449694,4.675676402132658,5.090611382171147,5.6103033675239615,5.988961769617484,6.174088743744062,6.174088746495725,5.9889617775466375,5.6103033796604524,5.090611397198357,4.6756764197302,4.4058490425142445,4.246068624853263,4.1556086599180055,4.1054290147946455,4.077793648304804,4.062573276747585,4.054156994598715,4.049475217636926,4.046853246806778,4.045374969044018,4.044536396507554,4.044058253270866,4.043784558890848,4.043627509086146,4.04353731769148,4.04348558267006,4.043456033857964,4.043439345481324,4.043430210431491,4.043425695737092,4.043424337691902
4.043417197411294,4.043418558683375,4.043423077232378,4.043432213580208,4.043448897806649,4.043478435901091,4.043530153012709,4.043620317975265,4.043777330855638,4.044050974784879,4.044529048863248,4.045367525584075,4.046845669217122,4.049467450990137,4.054148961135631,4.062564867948253,4.077784714865418,4.105419354527665,4.155598004090415,4.24605662518736,4.405835266027737,4.675660371619524,5.090592622594699,5.6102817437413846,5.9889379579694415,6.1740637836994114,6.174063785993416,5.98893796458093,5.610281753874067,5.090592635208433,4.675660386560035,4.405835283376511,4.246056644866084,4.155598025728697,4.105419377431193,4.077784738032921,4.062564890150921,4.054148981016175,4.049467467122155,4.0468456801607235,4.04536752994475,4.044529045379665,4.044050962612537,4.043777309889833,4.043620288986935,4.043530117824426,4.043478397139811,4.043448858614583,4.043432177635333,4.043423047775497,4.043418536480329,4.043417179718166
4.043409682077661,4.04341104237567,4.043415557973755,4.043424689335219,4.043441366161435,4.043470893698678,4.043522595877183,4.0436127396281805,4.043769722124601,4.044043322156761,4.044521332434827,4.045359716310472,4.046837725213771,4.049459312587487,4.054140544388302,4.062556056293983,4.077775348655499,4.105409218334054,4.155586812326635,4.2460440084324205,4.405820765635485,4.675643463977765,5.0905728267101,5.610258917066075,5.988912816198778,6.174037426775016,6.174037428720426,5.988912821811487,5.610258925689082,5.090572837507902,4.675643476899615,4.405820780875242,4.246044026033514,4.1555868320105995,4.105409239449052,4.077775370191474,4.062556076971393,4.0541405627974,4.049459327270274,4.046837734666552,4.045359719022279,4.044521327034544,4.044043307705487,4.043769698453046,4.043612707472964,4.043522556966239,4.043470850647718,4.043441322209681,4.043424648279459,4.043415523269449,4.043411015055907,4.043409659417178
4.04340182910767,4.043403188267806,4.043407700951707,4.0434168276538545,4.043433497685441,4.043463015438945,4.0435147034765775,4.04360482660598,4.043761778834057,4.0440353342650655,4.044513278774222,4.045351565984666,4.046829433706671,4.0494508165734455,4.05413175491462,4.062546850007035,4.077765556783163,4.105398613331732,4.155575092754422,4.2460307845783785,4.40580555387863,4.675625712414769,5.090552028606208,5.610234922632641,5.988886380231656,6.174009709296042,6.174009710984408,5.988886385106244,5.61023493013506,5.09055203804317,4.675625723789649,4.4058055674370085,4.246030800425917,4.155575110661851,4.10539863267179,4.077765576558601,4.062546868943767,4.054131771599446,4.049450829554907,4.04682944149497,4.045351567067193,4.044513271789637,4.044035318291055,4.043761753663037,4.043604792883631,4.043514662727595,4.0434629701303475,4.043433450981093,4.043416783267823,4.043407662383099,4.043403156677849,4.043401801905181
4.043393671846856,4.0433950298572,4.043399540053355,4.043408663035396,4.043425327682361,4.043454837364483,4.043506513073258,4.043596617225709,4.04375354034103,4.044027051447944,4.0445049291091335,4.045343116606378,4.046820837330364,4.049442006067445,4.05412263616769,4.062537292737062,4.077755382985529,4.105387583276668,4.155562889135453,4.246016997455211,4.4057896748122225,4.675607161462836,5.0905302735936955,5.6102098067196735,5.988858697074135,6.173980678624531,6.173980680120934,5.9888587013902,5.610209813355233,5.090530281948359,4.67560717156155,4.405789686910355,4.246017011674942,4.1555629052709575,4.105387600728256,4.077755400795866,4.0625373096890725,4.054122650905289,4.0494420171926535,4.046820843427002,4.045343116262902,4.044504921076516,4.044027034886886,4.043753515012715,4.04359658362079,4.04350647244618,4.043454791928529,4.043425280367995,4.0434086172854915,4.043399499217627,4.043394995100523,4.04339364084494
4.043385255680753,4.043386612762123,4.043391121485062,4.043400242584716,4.043416904422203,4.04344640911128,4.0434980757984516,4.043588164176598,4.043745060882331,4.044018529411702,4.044496340481178,4.045334426372479,4.046811995223774,4.0494329409153575,4.054113248458543,4.062527445032396,4.077744887855876,4.105376188669232,4.1555502618118005,4.24600270727435,4.405773188658719,4.675587871616334,5.0905076227723685,5.610183631267353,5.988829829302732,6.173950397639516,6.173950398974461,5.988829833143436,5.610183637147937,5.090507630153753,4.675587880522975,4.40577319933158,4.246002719825366,4.155550276045998,4.105376204029341,4.077744903457137,4.062527459756115,4.054113261059618,4.049432950109477,4.0468119997291145,4.045334424950921,4.044496332060551,4.044018513261971,4.043745036732803,4.043588132325158,4.043498037204039,4.043446365649352,4.043416858639325,4.043400197474117,4.043391080057164,4.043386576101901,4.0433852218733035
4.043376642873193,4.043377999580839,4.043382508707024,4.043391631074875,4.043408294375376,4.043437799150295,4.043489462329815,4.043579540451995,4.043736415768948,4.044009845683595,4.044487592439484,4.045325576580738,4.046802990101789,4.049423704879475,4.054103676212439,4.062517391610514,4.077734156078122,4.105364513908903,4.1555372947483695,4.245987997540448,4.4057561785830135,4.675567925973745,5.090484159553527,5.610156480304693,5.988799861432442,6.173918951086338,6.173918952263572,5.988799864806922,5.610156485436522,5.0904841659500315,4.6755679336433635,4.40575618773975,4.245988008277745,4.155537306881754,4.105364526938327,4.077734169219536,4.062517403878378,4.054103686520296,4.0494237121215235,4.04680299319587,4.045325574506583,4.044487584321368,4.044009830895619,4.043736394006961,4.043579511823117,4.043489427506474,4.043437759602289,4.043408252131395,4.043391588525658,4.04338246835811,4.043377962384418,4.043376607444142
4.0433679193128835,4.043369276673283,4.043373789334603,4.043382918052961,4.043399589595615,4.0434291025041125,4.043480770982016,4.0435708478351655,4.043727710270847,4.044001108881955,4.044478796665725,4.045316681563752,4.046793938437591,4.04941441599806,4.0540940384293735,4.062507251843191,4.077723306863674,4.1053526776169305,4.155524105688469,4.245972985005394,4.405738760430828,4.6755474397650385,5.090459998996451,5.610128469128262,5.988768908981931,6.173886454585254,6.173886455597945,5.988768911868329,5.610128473471037,5.090460004343827,4.675547446099702,4.405738767934029,4.245972993754434,4.155524115517073,4.105352688093366,4.0777233173221346,4.062507261458923,4.054094046319348,4.049414421297635,4.046793940325834,4.045316679265237,4.04447878948863,4.044001096277484,4.0437276918951195,4.043570823632984,4.043480741369284,4.043429068502287,4.0433995526251385,4.043382879805236,4.043373751684583,4.043369240390784,4.043367883603513
4.043359203945776,4.0433605636514125,4.0433650848145986,4.043374227830446,4.04339091813778,4.043420451682345,4.043472139223331,4.0435622290302256,4.043719092364592,4.0439924720531515,4.044470110847169,4.045307903023114,4.0467850051643035,4.049405241546535,4.054084503789341,4.062497194890859,4.077712509007053,4.105340847517485,4.155510860782259,4.245957833989964,4.405721096718401,4.6755265740135235,5.090435301173182,5.610099757422003,5.988737131414608,6.173853067474518,6.1738530683159025,5.988737133789895,5.610099760932641,5.09043530540687,4.675526578923342,4.405721102451417,4.245957840612209,4.155510868153816,4.105340855281861,4.077712516626106,4.062497201720194,4.0540845091855315,4.049405244936778,4.0467850060355035,4.045307900861909,4.044470105124394,4.043992462264501,4.043719078114105,4.043562210131223,4.043472115867361,4.04342042443317,4.043390887784017,4.043374195345311,4.043365051368433,4.043360529771937,4.043359169411239
4.043350661975221,4.043352026674008,4.043356564011066,4.043365733550951,4.0433824587775105,4.043412032190147,4.043463760071538,4.043553884999376,4.0437107710183176,4.043984151862799,4.044461758689476,4.0452994707436805,4.046776424942901,4.049396419691749,4.054075312515252,4.062487461597005,4.077702002646569,4.105329261920202,4.155497795674737,4.245942776996228,4.405703416730705,4.6755055551267075,5.090410290301295,5.610070568015328,5.9887047506266144,6.173819011152586,6.173819011818532,5.988704752475392,5.610070570664086,5.090410293379351,4.675505558560466,4.40570342063534,4.245942781429485,4.15549780052632,4.105329266911415,4.07770200737242,4.062487465606454,4.054075315424603,4.049396421245547,4.046776424955882,4.045299468970371,4.044461754750243,4.0439841452799365,4.04371076133714,4.043553871923718,4.043463743589092,4.043412012427636,4.043382435931938,4.0433657079297145,4.043356536061769,4.043351996622719,4.043350630084988
4.043342523328944,4.0433438970649815,4.043348462278094,4.043357677005118,4.043374461822684,4.043404104541355,4.043455905456179,4.043546099757278,4.043703042431836,4.043976456223781,4.044454058807263,4.045291712561967,4.0467685329779375,4.0493882908939725,4.054066808084764,4.062478396234914,4.077692130789862,4.105318260803122,4.1554852459706835,4.2459281444339165,4.405686045450986,4.675484703038387,5.090385282174517,5.6100412137347035,5.988672077387411,6.173784595303572,6.173784595791426,5.988672078701654,5.6100412155097645,5.09038528408555,4.675484704991721,4.40568604753528,4.245928146701687,4.155485248341772,4.105318263076409,4.077692132695412,4.06247839752001,4.054066808626686,4.049388290748238,4.046768532274375,4.045291711311081,4.044454056774945,4.043976452965779,4.043703037448748,4.043546092663753,4.043455896047042,4.043404092547932,4.043374446928717,4.0433576589442515,4.043348440805393,4.04334387206433,4.04334249542078
4.043335108476617,4.043336497367209,4.0433411082161586,4.043350396526126,4.043367278533828,4.043397035515146,4.0434489595341,4.043539275870151,4.043696327740367,4.043969824120695,4.044447466483431,4.045285097782326,4.046761809738206,4.049381343528743,4.054059483324997,4.062470492648426,4.077683385102331,4.105308330904332,4.155473691360166,4.245914407599116,4.405669445309123,4.6754644717434894,5.090360723598814,5.610012135941749,5.988639549240737,6.173750255468968,6.1737502557772785,5.988639550020316,5.610012136851922,5.090360724364565,4.675464472257042,4.4056694456398775,4.2459144078014,4.155473691387391,4.1053083306326625,4.077683384393215,4.062470491439724,4.054059481737225,4.049381341894733,4.046761808462346,4.045285097100391,4.044447466302824,4.043969824054503,4.043696327281209,4.043539274573141,4.043448957017266,4.043397031172148,4.0433672716247395,4.043350386308798,4.043341093815929,4.043336478314831,4.043335085615614
4.043328864492598,4.043330277769082,4.043334961175209,4.043344366234412,4.043361402698433,4.043391342537361,4.043443466220722,4.043533985329517,4.043691227263707,4.0439648831076305,4.044442634135155,4.045280300190286,4.046756945980731,4.049376280302901,4.0540540475603075,4.062464461471997,4.077676472582807,4.105300171318608,4.155463819717057,4.245902240995775,4.405654276600886,4.675445507846946,5.090337249251769,5.609983960010898,5.988607784997714,6.173716607028958,6.173716607158521,5.988607785250836,5.609983960082667,5.090337248922582,4.675445507001386,4.405654275296556,4.245902239298649,4.155463817621909,4.105300168779896,4.077676469584008,4.062464458119122,4.05405404418127,4.049376277456869,4.046756944290732,4.045280300074532,4.044442635631024,4.043964885910114,4.043691230904403,4.043533989344829,4.04344347008474,4.043391345378594,4.0433614034407555,4.043344363745458,4.043334954031143,4.043330265165415,4.043328847376905
4.043324415369787,4.043325866975247,4.043330663770622,4.0433402512128795,4.043357529362185,4.043387756701085,4.0434401970328535,4.043531042521676,4.043688598660282,4.043962532456972,4.044440499030399,4.045278289694774,4.046754937498528,4.04937411515957,4.054051524658896,4.062461328302137,4.077672412907232,4.105294789185873,4.155456620482123,4.245892612979476,4.405641485197294,4.67542873538797,5.090315763903388,5.609957575424916,5.988577663320109,6.173684522997231,6.17368452295211,5.988577663063141,5.609957574697323,5.0903157625502535,4.675428733297045,4.405641482422445,4.245892609607325,4.155456616556955,4.1052947847409555,4.077672408034355,4.062461323242705,4.054051519898766,4.049374111424437,4.046754935569404,4.045278290125006,4.044440501967171,4.043962537691279,4.043688605805158,4.043531051139681,4.043440206503166,4.043387765969564,4.0433575370998165,4.043340255968893,4.0433306636620205,4.043325860903717,4.0433244042925045
4.043322632108079,4.043324143145951,4.043329115334873,4.043338985019433,4.043356637772218,4.043387312267125,4.0434402479734946,4.043531608979788,4.043689669653405,4.04396406358286,4.044442410761815,4.045280465871511,4.046757223475786,4.049376314987755,4.054053396533563,4.0624625774219005,4.077672680906951,4.105293639644454,4.155453521083852,4.2458869179711405,4.405632430245524,4.6754154791003115,5.09029756166616,5.609934251750754,5.988550436370253,6.173655246460849,6.173655246249548,5.988550435630721,5.609934250277383,5.090297559378638,4.675415475904532,4.405632426202262,4.245886913194915,4.155453515673023,4.1052936337086985,4.077672674630319,4.062462571145406,4.054053390845591,4.049376310717076,4.046757221500148,4.045280466830983,4.0444424148874365,4.043964070764248,4.0436896796157,4.043531621351935,4.043440262094754,4.043387326982719,4.043356651580221,4.043338996215657,4.043329121674164,4.043324143295927,4.043322626966296
4.04332473017044,4.04332633265034,4.043331574502581,4.043341878470624,4.043360108457861,4.043391473775934,4.043445177958005,4.0435373438873,4.04369620080398,4.043971334684931,4.044450316788923,4.045288852909436,4.046765888911025,4.0493850072807875,4.054061813624752,4.062470362687714,4.077679415587645,4.1052988310063565,4.155456586712791,4.2458871697844,4.405629070571213,4.675407643994403,5.090284499414036,5.609915807022185,5.988527894615393,6.173630553524345,6.173630553160648,5.988527893435949,5.609915804877889,5.090284496304399,4.67540763985781,4.405629065487754,4.24588716390323,4.155456580187878,4.105298824019063,4.077679408397826,4.062470355701628,4.054061807479162,4.049385002844689,4.046765887098661,4.045288854398507,4.044450321865219,4.043971343331242,4.04369621287493,4.043537359107944,4.043445195677651,4.04339149281057,4.043360127209781,4.043341895048321,4.043331586401322,4.043326338375809,4.043324730512441
4.043332404703634,4.043334147260847,4.043339802238533,4.043350772119183,4.043369888375643,4.04340231653457,4.043457206638469,4.043550620445066,4.04371072075664,4.043987024304138,4.04446703284529,4.045306384598101,4.046783961234226,4.0494032849375605,4.0540799041690265,4.0624878175239045,4.077695727334558,4.105313426114746,4.155468813422754,4.24589628485346,4.405634237290819,4.675407977508555,5.090279249476295,5.609904852702621,5.988512606296338,6.173612989921873,6.173612989424396,5.988512604734727,5.6099048499854,5.090279245681596,4.67540797261642,4.405634231411269,4.245896278176944,4.155468806159969,4.105313418513164,4.07769571971338,4.062487810322821,4.054079898025451,4.04940328070424,4.046783959806479,4.0453063866434045,4.044467038672636,4.04398703397674,4.0437107342609115,4.043550637617751,4.043457226878096,4.043402338685261,4.0433699108192345,4.043350792849557,4.043339818595958,4.0433341576653605,4.043332409804017
4.043348017674828,4.043349974286762,4.04335626083717,4.043368249633516,4.043388723598278,4.043422782738823,4.043479497065169,4.043574836982296,4.043736866384441,4.044014999694057,4.044496637353588,4.04533732133731,4.046815845396427,4.049435654136077,4.054112229126527,4.062519511124919,4.0777261499515225,4.1053418854853545,4.155494558646941,4.245918497623871,4.405652032930328,4.675420452588956,5.090285668215862,5.6099051504076956,5.988508265726748,6.173606214938306,6.17360621432989,5.9885082638534755,5.6099051472350645,5.090285663894073,4.675420447143044,4.405652026507078,4.245918490460571,4.155494551012169,4.105341877685888,4.077726142348875,4.062519504163381,4.0541122234059985,4.049435650448678,4.046815844573729,4.045337323994146,4.044496643788859,4.044015010029429,4.043736880722599,4.04357485527094,4.043479518779313,4.043422806796256,4.04338874843425,4.043368273207414,4.043356280435308,4.0433499883163,4.043348026619896
4.043374856035959,4.043377139279325,4.043384390072161,4.043397935781558,4.0434204866674515,4.043457044539848,4.043516559297142,4.043614864139745,4.043779874555238,4.044060852042982,4.044545046845813,4.045387860521781,4.046867962311679,4.04948869269039,4.054165451618031,4.0625721200470135,4.077777306002336,4.105390719078762,4.155540173641171,4.245959969807948,4.4056884157273055,4.675450827399328,5.0903093335078005,5.609922131211329,5.988520199693498,6.173615501104293,6.173615500413097,5.988520197592819,5.609922127718537,5.0903093288331265,4.675450821611794,4.405688409014338,4.245959962457227,4.155540165978762,4.105390711462136,4.0777772988180745,4.0625721137196145,4.054165446682279,4.0494886898475455,4.046867962298194,4.045387863866889,4.044545053805906,4.044060862767721,4.043779889231315,4.04361488280932,4.043516581526987,4.043457069356696,4.0434205126281055,4.043397960893351,4.043384411659561,4.043377155802779,4.043374867800003
4.043417486478645,4.043420267644108,4.0434289891320025,4.043444911416919,4.043470636116131,4.043511017841709,4.043574825968495,4.043677686997671,4.043847292552384,4.044132673640337,4.044620855030933,4.045467029580473,4.0469496853060845,4.049572017391671,4.054249321533553,4.062655416300891,4.077858885405061,4.105469444099922,4.15561493161223,4.246029682911606,4.40575205385896,4.675507461826237,5.090358327163284,5.609963650222966,5.988556102269558,6.1736484587445,6.173648458005953,5.988556100043475,5.6099636465653395,5.0903583223246684,4.675507455914929,4.405752047105225,4.2460296756551825,4.155614924234197,4.105469436998766,4.077858878976833,4.062655410932157,4.054249317675768,4.0495720156364685,4.046949686275488,4.045467033696512,4.044620862480376,4.044132684567056,4.043847307184833,4.04367770544425,4.0435748478905715,4.0435110423980065,4.043470662038364,4.043444936835635,4.043429011489421,4.043420285514902,4.043417499984303
4.0434822405636694,4.043485780082708,4.04349674265185,4.043516289332926,4.043546859595718,4.043593087611,4.043663471379543,4.043773325513717,4.043950002792784,4.044242184790923,4.044736554722187,4.045587990919478,4.047074711939595,4.049699703473934,4.054378121637712,4.062783718817906,4.07798508222066,4.105591989700308,4.155732386693971,4.246140742417468,4.405855570760344,4.675602504890665,5.090444370080368,5.610041079073282,5.988627097044925,6.173716082504472,6.173716081761012,5.988627094812654,5.610041075425178,5.0904443652795015,4.675602499076174,4.405855564205578,4.246140735514178,4.155732379874067,4.105591983393558,4.07798507681978,4.06278371465965,4.054378119079261,4.049699702986974,4.047074714022383,4.045587995877088,4.044736562653163,4.044242195801794,4.043950017110102,4.0437733432781275,4.043663492338265,4.043593111063442,4.043546884478774,4.043516313958659,4.043496764645641,4.043485798190322,4.043482254734225
4.043577874200021,4.043582567499134,4.043596941425225,4.043622009699808,4.043659970442616,4.043715128322659,4.043795573731589,4.043916150461427,4.044103697396673,4.044406364275757,4.04491031356777,4.0457699447907896,4.047263069374891,4.049892362943414,4.054572786497771,4.062978020151527,4.078176698232813,4.105778750656307,4.155912356831543,4.246312276091447,4.406017352789766,4.6757536134317155,5.090584460755322,5.610170879057915,5.988749263974877,6.173834254190039,6.173834253487271,5.98874926186373,5.610170875602984,5.090584456200572,4.675753607935717,4.40601734666594,4.246312269780517,4.155912350809658,4.105778745374077,4.078176694068305,4.062978017383461,4.054572785383675,4.04989236383342,4.047263072645103,4.045769950631209,4.044910321978951,4.044406375300231,4.044103711220319,4.043916167223235,4.043795593247357,4.043715150027774,4.043659993483614,4.043622032605463,4.043596962054925,4.043582584819936,4.043577888012851
4.04371645761666,4.043722903911894,4.043742463492641,4.043775932574975,4.043825151364303,4.043893933398853,4.0439897578916115,4.044126758244617,4.04433099327584,4.044649801241222,4.0451685470944865,4.046040896125329,4.047544037405619,4.050180178456209,4.054863997378406,4.063269091797469,4.078464211126985,4.106059577304724,4.156183803587546,4.2465721828410565,4.406264158253935,4.675986424256048,5.090803224389961,5.610376850099298,5.988945817530583,6.174025884237223,6.174025883619456,5.9889458156648265,5.610376847018545,5.090803220289963,4.675986419301884,4.406264152791965,4.246572177353044,4.156183798582811,4.106059573241319,4.078464208355346,4.0632690905302224,4.054863997772561,4.0501801807490425,4.047544041865734,4.046040902840844,4.045168555966337,4.044649812227869,4.044331006493235,4.0441267738012945,4.043989775649525,4.0438939529132565,4.0438251719728555,4.043775953033931,4.043742481932109,4.043722919558205,4.043716470156676
4.0439145657704145,4.043923670735858,4.0439510992013945,4.043997328002653,4.04406366910951,4.044153206775955,4.04427250617296,4.044434630252161,4.044664453721651,4.045008074879309,4.045549633549967,4.046441663319032,4.047960393873651,4.050607315789736,4.055296685068881,4.063701999464839,4.078892229077578,4.106478106513316,4.156588991029873,4.246961088305612,4.406634856928923,4.676338082950615,5.091136252849275,5.610693317335083,5.98925018505491,6.174323934077881,6.174323933587193,5.989250183553558,5.610693314804911,5.091136249413792,4.676338078768247,4.40663485236826,4.24696108387509,4.156588987254616,4.10647810384054,4.078892227812579,4.063701999744441,4.0552966869527785,4.05060731942069,4.047960399439673,4.046441670829689,4.045549642814204,4.045008085761607,4.044664466253176,4.044434644491341,4.044272522002058,4.044153223842874,4.044063686906687,4.043997345502891,4.043951114828791,4.043923683996094,4.043914576275979
4.044194853613252,4.044207981670139,4.044247323904053,4.044312891357115,4.044405221087627,4.044526319638008,4.044681389935288,4.044881885287169,4.045150884277762,4.045532589347552,4.046109254500903,4.047031662592322,4.048574555525242,4.051238314505401,4.055936552358843,4.064342637465169,4.07952592477413,4.107097999219182,4.157189453422896,4.247537996265635,4.407185747253768,4.676862236637343,5.09163480767295,5.611169599472363,5.9897103099011195,6.1747756339391495,6.174775633617929,5.989710308885417,5.611169597674579,5.0916348051224,4.676862233473327,4.407185743853137,4.247537993141369,4.157189451090681,4.107097998091331,4.079525925089795,4.064342639275985,4.05593655563478,4.051238319319363,4.048574562018675,4.047031670726649,4.046109264011876,4.045532600011127,4.045150896043472,4.044881898154924,4.044681403779414,4.044526334161553,4.0444052358909675,4.044312905602844,4.044247336318903,4.0442079920364,4.044194861509967
4.044588113880212,4.044607312522727,4.044664642686784,4.04475944186251,4.044891118827589,4.045060097074759,4.045269558272211,4.0455285421836775,4.045857406690564,4.046297455598171,4.046928036450676,4.047897216718844,4.049477421197458,4.0521673021199565,4.056879477760761,4.065287137586875,4.0804602772745655,4.108011868775426,4.158074499496987,4.2483883003335565,4.407998050966751,4.677636029336331,5.092372371440428,5.611876201735031,5.990394592706676,6.175448294344905,6.175448294238076,5.990394592307232,5.6118762008681635,5.092372370018207,4.677636027465906,4.40799804901293,4.24838829878269,4.158074498821387,4.10801186932311,4.080460279199822,4.065287140852537,4.05687948225958,4.052167307881368,4.049477428350289,4.047897225209507,4.046928045971414,4.046297465859787,4.045857417581888,4.045528553648509,4.045269570149243,4.045060109079781,4.044891130621707,4.044759452763193,4.0446646517134415,4.044607319704185,4.044588118799927
4.045135923665528,4.045164251318778,4.045248649891827,4.045387493239417,4.045578562541042,4.045819973176048,4.046111924161173,4.046459849507483,4.046879994093593,4.0474092323876345,4.048122429312881,4.0491634329090145,4.050801047893116,4.053531218139483,4.058265008662051,4.066675347932154,4.081833272790466,4.109353980941233,4.159373245685878,4.249635050264628,4.409188380274875,4.678769802047602,5.09345366895425,5.612913291049427,5.991399984366621,6.176437202396838,6.176437202551375,5.991399984722207,5.612913291330376,5.093453668931647,4.678769801779736,4.4091883800825675,4.249635050566317,4.159373246869532,4.109353983260433,4.0818332763046135,4.066675352520729,4.058265014157325,4.053531224550714,4.050801055365478,4.049163441406916,4.0481224385220065,4.047409241991213,4.046880003952727,4.04645985952168,4.046111934113269,4.04581998275825,4.045578571438099,4.045387500887125,4.045248655567597,4.045164255238034,4.045135925447184
4.045893984563458,4.045935985560844,4.046060957008034,4.0462659124832205,4.0465463122227145,4.046896937044642,4.04731361423678,4.0477964152669355,4.048355383436064,4.049020631764315,4.049860109666494,4.051011099501786,4.0527367365496145,4.05552870636188,4.060295631896264,4.068710046359067,4.08384465743248,4.1113182079419515,4.161271523451736,4.25145466740924,4.4109232210631655,4.680420400778335,5.095026940702834,5.614422140943558,5.992862852898714,6.177876191833695,6.177876192295936,5.992862854147801,5.614422142596644,5.095026942366365,4.680420402439724,4.410923222957578,4.251454669836816,4.161271526671973,4.11131821209012,4.083844662471949,4.06871005209763,4.060295638124674,4.05552871308735,4.052736743957241,4.051011107604199,4.049860118180445,4.049020640389613,4.0483553920447255,4.047796423734396,4.0473136222840775,4.04689694432113,4.046546318417469,4.046265917116092,4.046060959551569,4.045935986330801,4.045893983235017
4.046936241291295,4.046998627210648,4.047184137345549,4.047487897614739,4.047902106176787,4.048416780694092,4.049021393404536,4.04970808448808,4.050477577027796,4.051349677620746,4.052381667198912,4.053700600437561,4.055560715899759,4.058446984354463,4.063264171702792,4.071684198621668,4.086782438745911,4.11418326168791,4.164035475036308,4.254098694794703,4.413438790297283,4.682809241348107,5.0973004386693965,5.616600376567862,5.994973359136775,6.179951573428747,6.1799515742388715,5.9949733614002225,5.6166003797950985,5.097300442280855,4.682809245236899,4.413438794572847,4.254098699587615,4.164035480436389,4.114183267695416,4.0867824452276995,4.071684205324614,4.063264178391851,4.058446991048981,4.055560722846382,4.053700607721504,4.052381674600014,4.051349684899657,4.050477584109005,4.049708091250065,4.0490213995151985,4.048416785761704,4.047902109895558,4.047487899559161,4.0471841370973545,4.046998625086513,4.046936237030209
4.0483598136187675,4.048452429701092,4.0487278019411335,4.049178494257617,4.049792203780615,4.050552240044788,4.051438930209028,4.0524327624978245,4.053520508774998,4.0547062954661035,4.056030950315385,4.057605581570972,4.059670441806613,4.062699887232453,4.067592571175359,4.07601945303654,4.091060152537147,4.118347960145766,4.1680442726633995,4.257923673789061,4.417068022014684,4.68624657742933,5.100564330197815,5.619722003346208,5.997994187356547,6.182920202470412,6.1829202036519835,5.997994190704816,5.6197220082684085,5.100564335920916,4.68624658373944,4.417068028871275,4.257923681116576,4.168044280349624,4.118347968036869,4.091060160394135,4.076019460547366,4.067592578082636,4.0626998935782055,4.059670447917915,4.057605587623271,4.056030956180401,4.054706301008586,4.053520514012892,4.052432767339284,4.051438934286092,4.050552242945815,4.049792205224384,4.049178493850858,4.048727799278894,4.04845242500717,4.048359806689555
4.050290679925656,4.0504278581933635,4.050835839565928,4.05150381265761,4.052413411764958,4.053538667134045,4.05484690952229,4.0563016483145695,4.057868873349553,4.059528912362071,4.061297233192261,4.063260062693889,4.065635630008007,4.068881473599321,4.073886532828263,4.08232024882044,4.097269006983569,4.124380245036138,4.173835204980078,4.263431885709015,4.422276927894617,4.691163773092139,5.105219438100505,5.62416336045369,6.002284578290371,6.187132533402611,6.187132534945229,6.00228458269497,5.624163367034632,5.105219445913394,4.691163781827958,4.422276937366374,4.26343189562632,4.1738352150076405,4.124380254839188,4.09726901619661,4.082320257055507,4.073886539789503,4.0688814793542765,4.065635634970669,4.06326006714396,4.061297237125805,4.059528915789011,4.057868876413854,4.056301650972784,4.05484691139531,4.053538667829877,4.052413411059543,4.051503810173567,4.0508358348223,4.050427851251019,4.0502906706201385
4.05288988701457,4.053092312139369,4.053694698167931,4.054681968726981,4.056027852665391,4.057693839205966,4.059629076110666,4.061772577282426,4.064059557363598,4.066434331392557,4.068873314456589,4.071423888191453,4.07426954669716,4.077841123516716,4.083012082242768,4.091449458197387,4.106250433615369,4.133084903153059,4.182165393280588,4.271326493286885,4.429713166057027,4.698155786949106,5.111814503837996,5.6304362892985,6.00833068885315,6.1930615529564195,6.193061554798758,6.008330694145497,5.630436297294852,5.111814513479181,4.698155797870751,4.4297131779611005,4.27132650568646,4.182165405609306,4.133084914874968,4.106250444214541,4.091449467170496,4.083012089218991,4.077841128567423,4.07426955030492,4.071423890754894,4.068873316129103,4.066434332361096,4.064059557918543,4.0617725774465185,4.05962907553311,4.057693837568574,4.056027849832801,4.05468196432249,4.053694691574983,4.053092303229454,4.05288987563287
4.05635980533805,4.056657040734896,4.057542320474497,4.058995507397747,4.060980487270403,4.063442318616284,4.066305210977582,4.069473270083596,4.072836463941951,4.076284816425117,4.079734685315257,4.08317278770024,4.086727755900798,4.090787930587583,4.0962020635661744,4.1046333711627065,4.1191962973163365,4.145596422731187,4.194095596634188,4.282585526640882,4.440270296744458,4.708036493910828,5.121093899858581,5.639229914786459,6.016783325067551,6.20133846343108,6.201338465461221,6.01678333094062,5.639229923759898,5.121093910841797,4.708036506538121,4.440270310661661,4.2825855412059335,4.194095611068204,4.145596436301619,4.1191963093373305,4.104633380968955,4.09620207066004,4.090787934981047,4.086727758101572,4.083172788229835,4.079734684495027,4.076284814638912,4.07283646165069,4.0694732674135246,4.066305207656586,4.06344231444722,4.060980482216119,4.0589955010687815,4.057542312122474,4.056657030081107,4.056359792191784
4.06094957629196,4.061383407271831,4.06267692949246,4.064804608365657,4.067718914001147,4.071344294628831,4.075571632177636,4.080256041656018,4.085221554610865,4.0902767352514635,4.095245767196879,4.100020641244569,4.104643245411371,4.1094341863714305,4.115202679563885,4.123605874134668,4.13778585719022,4.1635049600585985,4.211102771536396,4.298560030685269,4.455171775661079,4.7219097933848975,5.134057847156545,5.651462429181337,6.028503998991285,6.212795849702767,6.2127958517773205,6.028504005042899,5.651462438553066,5.134057858827193,4.721909807040748,4.455171790946474,4.298560046868201,4.2111027876812575,4.163504975265533,4.137785870598064,4.1236058848863975,4.115202686972903,4.109434190300609,4.10464324633901,4.1000206397751295,4.095245763785909,4.0902767304954555,4.085221549184462,4.080256035844792,4.0755716258255665,4.071344287680189,4.067718906507498,4.064804599933058,4.062676919321744,4.061383395027459,4.060949561679637
4.066958389972748,4.067587122075203,4.069464243358994,4.072559639594269,4.076814100761521,4.082127859642641,4.088348788746804,4.095264569449809,4.102604195973348,4.110054746127575,4.11729935098198,4.124082216589513,4.130308014435913,4.13618926036651,4.142471840129635,4.150803272721465,4.164369960935794,4.18902448212915,4.235228813073653,4.321102141598417,4.476078922133695,4.74125943187428,5.152037021829301,5.668343993455299,6.044619923235682,6.228518697196597,6.228518699161416,6.044619929017413,5.668344002553079,5.1520370333996635,4.741259445715652,4.476078937946042,4.321102158641038,4.235228830325777,4.189024498564423,4.16436997554288,4.150803284452287,4.142471848052154,4.136189264119134,4.130308014400514,4.124082213352251,4.117299345073021,4.110054738366734,4.1026041872767856,4.095264560287018,4.088348779090761,4.0821278496021725,4.076814090503,4.072559628786342,4.069464231266322,4.0675871083773245,4.066958374174325
4.074734589627438,4.075638367908253,4.078340845521557,4.082810520243851,4.088979282622753,4.096721905537863,4.105833439702766,4.1160110421275,4.126848595023789,4.137853396952726,4.148493635825348,4.158283405484051,4.166910446395172,4.174414773741001,4.181440846232795,4.189620964446476,4.202212588667088,4.2252116206766095,4.269272225949215,4.352728077801674,4.505226263029489,4.768059617435041,5.176782594440886,5.691451051888375,6.066587757709827,6.249902841087189,6.2499028427716095,6.066587762723655,5.6914510599529455,5.1767826050059496,4.768059630475229,4.505226278357853,4.352728094751394,4.2692722434942585,4.225211637723655,4.202212604104165,4.189620977047832,4.181440854787416,4.174414777618907,4.166910445797869,4.158283400869341,4.148493627754388,4.137853386432546,4.126848583153093,4.116011029509348,4.10583342646276,4.096721892033207,4.088979269243256,4.082810506863056,4.078340831549752,4.07563835302808,4.074734573013927
4.084667869059284,4.085954921266221,4.089810343377327,4.096208808306918,4.105082089407004,4.11628389951329,4.129549161430521,4.14445747539976,4.160413939990949,4.17666245449913,4.1923456054101,4.206620433917081,4.218832441721667,4.2287467994270225,4.236845895697809,4.244738239594916,4.255795114807621,4.2762393268640695,4.31702544991955,4.396817506997895,4.545584646224874,4.804905975017351,5.210570620522054,5.722810537682695,6.096264310746587,6.27871891705592,6.278718918269038,6.096264314444994,5.722810543883939,5.210570629080605,4.804905986131503,4.5455846598811505,4.39681752270059,4.317025466751652,4.276239343749034,4.255795130570591,4.244738252832643,4.236845904905175,4.228746803669475,4.218832440940764,4.206620428389831,4.192345595697255,4.176662441683933,4.16041392522505,4.144457459345455,4.129549144431075,4.1162838822851615,4.10508207268412,4.09620879233877,4.08981032776621,4.085954905675468,4.084667852220103
4.097171137086697,4.09898454390181,4.10442769803518,4.113496445401765,4.126141914646916,4.142212336959767,4.1613827647281605,4.1830869441253045,4.206471949935269,4.230400681727831,4.2535265235609385,4.274455571675311,4.2919956505002625,4.305475769140904,4.315120760073489,4.322502732792372,4.3311748353990085,4.3477170316925795,4.383549942111233,4.457841985186567,4.601045497420703,4.855160869699013,5.256315364183947,5.764988972945401,6.135979477737203,6.3171772356052545,6.317177236173505,6.135979479608271,5.764988976465814,5.25631536968151,4.855160877633972,4.601045508050928,4.45784199832103,4.3835499570837895,4.347717047528168,4.331174850876642,4.322502746336727,4.315120769883298,4.30547577391953,4.291995649855312,4.274455565685026,4.253526512736443,4.230400667115324,4.206471932665441,4.183086924902654,4.161382744163447,4.14221231614496,4.1261418946698685,4.113496427013149,4.104427681102281,4.098984528152473,4.097171120802049
4.112648217037111,4.115172329589451,4.122765939893448,4.135472869463108,4.153300679055268,4.176127493994048,4.203584996333157,4.234937604688302,4.268989571698392,4.304061632863809,4.338080251219045,4.368808368029901,4.394214902719297,4.41294165576473,4.42480822387568,4.431333205351934,4.436358989265809,4.4470224836590395,4.475459027470741,4.541597543692657,4.6766060009650765,4.92309685435225,5.317678407772554,5.821175533257603,6.188601899512777,6.367984745350406,6.3679847451580835,6.188601899185756,5.821175533431649,5.3176784092531,4.923096857892026,4.676606007199112,4.5415975528630765,4.475459039302753,4.447022497386368,4.436359003681214,4.431333218754756,4.424808234156774,4.41294166116604,4.394214902447468,4.368808361963735,4.33808023977775,4.304061617012687,4.268989552546127,4.234937582968514,4.203584972885724,4.1761274702079785,4.153300656301717,4.1354728490417445,4.122765922075322,4.115172314274054,4.112648202170719
4.131443837315251,4.134908773203633,4.145358891502087,4.162930303272936,4.187751046947509,4.219796652541632,4.258701700324331,4.303553962568227,4.352718634705473,4.403760782108811,4.4535423702927215,4.498550826711794,4.535459615346467,4.561839905108376,4.576883948819344,4.582037273628739,4.581598887483117,4.583561829620719,4.601139019112119,4.655385830659678,4.778512008902566,5.01400517130114,5.39914814614212,5.895239048394086,6.257580677655414,6.434379034134989,6.434379033144531,6.257580674984941,5.895239044886741,5.3991481430167205,5.014005169581266,4.778512009627994,4.655385834573897,4.601139026453768,4.583561839977349,4.581598899786428,4.582037286126732,4.57688395909245,4.561839910910433,4.535459615535696,4.498550820998915,4.453542358930552,4.403760765911553,4.352718614685596,4.303553939390522,4.258701675014832,4.219796626753177,4.187751022312933,4.162930281581725,4.14535887359686,4.134908759138305,4.131443824791012
4.153773920107863,4.158455717393118,4.172614327052032,4.196546562682833,4.2306032826536475,4.274972989427121,4.3293882357173725,4.392787352965864,4.4629999377534935,4.536564926001199,4.608814624684239,4.674336712211879,4.727832722186584,4.765232715543848,4.784781608681591,4.7878391833785745,4.779417272816086,4.768797407409008,4.770777845516609,4.808041822297402,4.914281620889631,5.134212098936016,5.506047171491146,5.991726578744715,6.346937051839591,6.520116248962404,6.520116247257733,6.346937047025057,5.991726571729152,5.506047163756099,5.134212091673551,4.914281615468439,4.808041819965577,4.770777847102607,4.768797412975444,4.779417281574374,4.787839193648368,4.78478161788675,4.765232721147868,4.727832722842978,4.674336707389336,4.608814614290433,4.53656491058202,4.462999918091641,4.392787329567916,4.329388209865866,4.2749729630158955,4.2306032576077355,4.196546541088988,4.172614310294945,4.158455705654766,4.153773910892173
4.179637631409827,4.18585079571284,4.204695365233465,4.236727527580097,4.282673051072142,4.343114734528971,4.418050561066135,4.506357328029947,4.605253484558268,4.709929421694803,4.813571692331573,4.907995411005717,4.984956610429603,5.03792430850466,5.063765260461844,5.063774707513929,5.044059297101872,5.015781339551787,4.995991682800565,5.009647885797096,5.092490856003095,5.290917020131858,5.644405069962838,6.115757150506997,6.461169453951645,6.629380990227129,6.629380987933723,6.461169447326409,6.11575714042089,5.644405058037188,5.2909170076043885,5.092490844417379,5.009647876776241,4.995991677671254,5.015781338884758,5.044059300578445,5.063774713815786,5.063765267212226,5.037924313137841,4.98495661139665,4.907995407342449,4.813571683510932,4.709929408008159,4.605253466480449,4.506357305897151,4.41805053646471,4.34311470941688,4.2826730276983795,4.236727508207362,4.204695351219541,4.185850787242075,4.1796376261018295
4.20871849107235,4.216797196197922,4.2413750979350375,4.283399893885151,4.344181773645732,4.424959774749046,4.526261149668677,4.647081866688689,4.78400843133895,4.930530685917017,5.0769158114755975,5.211035912446315,5.320348990265828,5.394732846111461,5.42915940340728,5.424979487304317,5.389943244626842,5.337840867713505,5.288770174085859,5.270723276913838,5.322167262870402,5.491741669813251,5.820617537467435,6.272752778506344,6.605027002692265,6.766579335731784,6.7665793329837145,6.605026994648997,6.272752765970539,5.820617522108904,5.491741652787505,5.322167245687276,5.270723261303362,5.288770161658099,5.337840859573624,5.38994324116899,5.424979487939184,5.429159406280352,5.3947328487480775,5.320348990864295,5.211035909620475,5.076915804439542,4.9305306747765885,4.784008416138643,4.647081847618011,4.526261128506548,4.42495975331582,4.344181754313683,4.2833998790499255,4.241375088249439,4.216797191341421,4.20871848924711
4.240289923167628,4.2505546005157795,4.281881320473616,4.335771282732678,4.414383557407821,4.519959674217754,4.653932009450739,4.815720838484013,5.001360962816086,5.202310451138553,5.405018275669628,5.591929327497529,5.744396170947298,5.84720772242524,5.892955358507206,5.883403261532188,5.828694087617052,5.7460682461808625,5.659465887362851,5.600680782902216,5.611637973116582,5.74387958334128,6.040811939897453,6.467948208687906,6.783106025088109,6.9359758292397,6.935975826205541,6.783106016138748,6.467948194549898,6.040811922187115,5.743879562993329,5.61163795138218,5.600680761356025,5.659465867690832,5.746068229966786,5.828694076062992,5.883403255008802,5.892955355877505,5.847207721433941,5.744396169763986,5.591929324650446,5.405018270321249,5.202310443132426,5.001360951701163,4.815720824496476,4.653931994317253,4.519959659525281,4.414383544906615,4.33577127406561,4.281881315659967,4.250554598932179,4.2402899238176195
4.273149622143828,4.285857809306464,4.324764067652295,4.392099833237412,4.4911715192906385,4.625634288197284,4.798306728930152,5.009482176383913,5.254881286548033,5.523714671406476,5.797701186297102,6.052127013664168,6.259907880128129,6.398756135634311,6.458732180738939,6.442875995528345,6.3646818083573145,6.245534618627141,6.113746859069527,6.0054731419087215,5.966763221922524,6.052787843325523,6.309872703086743,6.705642364063951,6.99923938800022,7.1411477059877155,7.141147702911807,6.999239378869983,6.705642349450737,6.309872684359589,6.052787821075967,5.966763197049139,6.005473115724227,6.1137468331164655,6.245534594676654,6.364681788239428,6.4428759805568205,6.458732170709112,6.398756128837175,6.259907875163456,6.0521270093299995,5.797701181843262,5.52371466660967,5.254881280761142,5.009482169979762,4.798306722841365,4.625634283330833,4.49117151630432,4.392099831819131,4.324764067152409,4.285857809711317,4.27314962363902
4.305613966523045,4.320898635992792,4.367834940421596,4.449545468547436,4.570768961955604,4.736994248645286,4.95296503653631,5.220429097721299,5.535249466713319,5.8844573260572925,6.2443919050424705,6.5814681532086325,6.857228029581077,7.039268536672031,7.115982209390015,7.093523748575038,6.989891359958502,6.8308448034570715,6.648928769270211,6.484686319615961,6.3887017935874555,6.420498681546261,6.630164859838685,6.988209272809552,7.255686636603364,7.384260559734418,7.384260556792775,7.255686627826973,6.988209258572364,6.630164841157445,6.420498658649159,6.388701767014998,6.484686290380655,6.648928738659804,6.830844773197775,6.9898913320925455,7.093523724872346,7.115982190657734,7.039268522071298,6.85722801864833,6.581468145476373,6.244391900251413,5.884457324441684,5.53524946754375,5.220429101061304,4.952965041647498,4.736994254792589,4.570768968601058,4.449545474051611,4.367834943873532,4.320898638081126,4.305613968456899
4.335603660874166,4.353408681406506,4.408236476211041,4.504199646550309,4.6476635510685655,4.846277109340823,5.107198227274169,5.43427569843,5.824241978843287,6.2625803004944585,6.720468889442117,7.154563585762664,7.5115005080320945,7.742159590376705,7.836766466520947,7.808210423774793,7.68035222914416,7.482726760323874,7.25087575904911,7.028861576091173,6.8716975926618575,6.843846936335367,7.000132581797558,7.314976213527335,7.552195809685761,7.665220521767219,7.665220519036714,7.552195801470091,7.314976199946919,7.000132563494158,6.843846913242076,6.871697565121141,7.028861544996382,7.250875725565221,7.482726726006768,7.680352195693339,7.808210392648396,7.836766439321698,7.74215956722943,7.5115004897166955,7.154563572972308,6.720468882804773,6.262580301312328,5.824241986427472,5.434275711742428,5.107198243905289,4.846277126933527,4.6476635674332005,4.50419965891545,4.408236483710581,4.3534086854101925,4.335603663316634
4.3608395170031296,4.3808688962495745,4.44269106379204,4.5513910650733616,4.714966459517508,4.943313054566161,5.246259137751784,5.630296175397548,6.093990413139075,6.622821506159085,7.1850448718091355,7.7298285709433445,8.186364406061235,8.468209074682589,8.578861141020507,8.544752417985205,8.397292265268174,8.168144136799366,7.893297076069158,7.618309897233967,7.401720056449633,7.313144222757285,7.413106787690745,7.681183332125652,7.8850845742540345,7.980821223721541,7.9808212213039305,7.885084566862915,7.6811833195755215,7.413106770221562,7.3131442000085585,7.401720028607052,7.618309865108843,7.893297040794272,8.168144099809327,8.397292227868036,8.544752381117773,8.578861106558557,8.468209043477808,8.186364380266301,7.729828552950457,7.185044863318742,6.62282150968141,6.093990427935639,5.630296198077506,5.246259164754145,4.9433130828564575,4.714966485548896,4.551391084946453,4.442691076549739,4.380868903871684,4.36083952222716
4.379139812471373,4.400841557597169,4.467941017156098,4.58631793718291,4.765330032901085,5.016810382371157,5.353032799994598,5.783227473236166,6.308642252616785,6.917159158051111,7.5796837427927715,8.249229936609323,8.849983887031433,9.179321017012702,9.297308385251293,9.255562787110653,9.094728415324548,8.845627054144572,8.54095253927636,8.224638240952466,7.95686253578232,7.811931533027052,7.8567498209591795,8.077316593138045,8.246552064941346,8.324060134231058,8.324060132216326,8.246552058663598,8.077316582152774,7.856749805096267,7.811931511647976,7.956862508913759,8.224638209263826,8.540952503869637,8.845627016395536,9.094728376297308,9.255562747298596,9.297308346294816,9.179320979841327,8.849983855089116,8.249229915388103,7.5796837353692705,6.917159166362619,6.308642274918703,5.783227505175536,5.353032837114241,5.01681042033445,4.765330066724686,4.586317962378694,4.467941032878859,4.40084156601551,4.379139817460995
4.38877160944928,4.411373742309486,4.481321275676365,4.604945681428153,4.792389393845596,5.056634103585812,5.411480161967886,5.86806332442845,6.430042001051121,7.089099409785675,7.825333421452966,8.622249278528734,9.519545879697652,9.858936424963636,9.958490722147081,9.89994926728157,9.730599591410416,9.474498726638378,9.156479438333745,8.815233046274438,8.509926672923708,8.31823566190387,8.31349240927309,8.489094137138496,8.624446561176779,8.683821545929787,8.683821544326866,8.624446556106989,8.489094127981804,8.313492395438594,8.31823564249247,8.509926647730524,8.815233015711598,9.156479403406797,9.474498688744113,9.730599551789293,9.8999492265875,9.958490681951538,9.858936385937938,9.519545845008256,8.622249259572582,7.825333421799809,7.0890994267406136,6.430042031036924,5.868063363334981,5.411480205334648,5.0566341465159965,4.792389431107138,4.604945709016261,4.4813212934395015,4.411373752541774,4.38877161578331
0.0,0.0,0.0,0.0,0.0,0.0,0.0,0.0,0.0,0.0,0.0,0.0,10.421463120570817,10.514701841593526,10.539900444032268,10.448725473953484,10.274839075825634,10.023671212909433,9.708229549704186,9.359344833227773,9.032632641688252,8.807199270231402,8.76202971921802,8.898247167583616,9.002650938403974,9.045091321157006,9.045091319967673,9.00265093455367,8.898247160281398,8.762029707514126,8.807199253002066,9.032632618345087,9.35934480381115,9.708229515027224,10.023671174412035,10.274839035246126,10.448725432414374,10.53990040270401,10.514701799815894,10.421463076495638,0.0,0.0,0.0,0.0,0.0,0.0,0.0,0.0,0.0,0.0,0.0,0.0
0.0,0.0,0.0,0.0,0.0,0.0,0.0,0.0,0.0,0.0,0.0,0.0,10.966318384432203,10.988035127051793,10.974900462646486,10.877261639488585,10.712191612225638,10.476644439774127,10.175792553753173,9.83328328243234,9.4999148507169,9.254278013131438,9.179531921519972,9.28400391487839,9.36211713244708,9.38978252265667,9.3897825219005,9.362117129834855,9.2840039094551,9.179531912130622,9.254277998440713,9.499914829657701,9.833283254685202,10.17579251988455,10.476644401184128,10.712191571197971,10.87726159759968,10.974900420447957,10.988035083032733,10.96631833339843,0.0,0.0,0.0,0.0,0.0,0.0,0.0,0.0,0.0,0.0,0.0,0.0
0.0,0.0,0.0,0.0,0.0,0.0,0.0,0.0,0.0,0.0,0.0,0.0,11.327107525887808,11.326351480684687,11.297718673251042,11.202386642129865,11.049767594145905,10.832603619253462,10.550915647448926,10.222355583578112,9.892501395619705,9.637855752859773,9.543936281058864,9.624978799969977,9.68243776685443,9.698140107380523,9.69814010702139,9.68243776538985,9.624978796372336,9.54393627407266,9.63785574093956,9.892501377318773,10.222355558293366,10.550915615399532,10.832603581507795,11.049767553125774,11.202386599488253,11.297718628700267,11.326351434134201,11.327107473204624,0.0,0.0,0.0,0.0,0.0,0.0,0.0,0.0,0.0,0.0,0.0,0.0
0.0,0.0,0.0,0.0,0.0,0.0,0.0,0.0,0.0,0.0,0.0,0.0,11.573183358857431,11.5647514088783,11.530478448616735,11.43911348146516,11.297254450107976,11.095884939706162,10.831943026196628,10.518652909197403,10.196940468002063,9.940538347409928,9.835779359224734,9.901125100049839,9.94375468626616,9.95059388103569,9.95059388104865,9.943754685897346,9.901125098240891,9.835779354679312,9.940538338576369,10.196940453357362,10.518652887911353,10.831942998075231,11.095884905227951,11.297254411287662,11.439113439951951,11.53047840299846,11.564751360529597,11.57318330720006,0.0,0.0,0.0,0.0,0.0,0.0,0.0,0.0,0.0,0.0,0.0,0.0
0.0,0.0,0.0,0.0,0.0,0.0,0.0,0.0,0.0,0.0,0.0,0.0,11.730362826956021,11.71915831545566,11.683023921532842,11.59489388896322,11.460429164224148,11.270059246847504,11.019115040372286,10.718031387805556,10.4043739970478,10.149423044401097,10.039461531889275,10.095532382318412,10.128782506112847,10.129852425661506,10.129852426088696,10.128782506997148,10.095532382627166,10.03946153037188,10.14942303971462,10.40437398776142,10.718031372766502,11.019115018858843,11.270059218304207,11.460429129253361,11.594893849857103,11.683023877970271,11.719158268221944,11.730362778294127,0.0,0.0,0.0,0.0,0.0,0.0,0.0,0.0,0.0,0.0,0.0,0.0
0.0,0.0,0.0,0.0,0.0,0.0,0.0,0.0,0.0,0.0,0.0,0.0,11.807624587020669,11.795491514201261,11.758842387469631,11.672441324480486,11.541676513274744,11.356866495842912,11.112683817732998,10.818245876969343,10.509388703080841,10.255988235067601,10.14409964333498,10.195954132635514,10.224710217619593,10.222957864109516,10.222957864917404,10.224710219698034,10.195954135031588,10.14409964485375,10.255988234629951,10.50938869946985,10.818245868795511,11.11268380397508,11.356866475122231,11.541676484342563,11.672441289560533,11.75884234820599,11.795491470915955,11.807624543211901,0.0,0.0,0.0,0.0,0.0,0.0,0.0,0.0,0.0,0.0,0.0,0.0
0.0,0.0,0.0,0.0,0.0,0.0,0.0,0.0,0.0,0.0,0.0,0.0,11.807624585073837,11.795491511415628,11.758842383139303,11.672441318438254,11.541676505953603,11.356866488030404,11.112683810389607,10.818245870917211,10.509388698525317,10.255988231956733,10.14409964146216,10.195954131724235,10.224710217412147,10.222957864337138,10.222957865373424,10.224710220283402,10.195954135686975,10.144099645485802,10.255988235245571,10.509388700096789,10.818245869096774,11.112683803760143,11.35686647506403,11.541676484815081,11.672441290153026,11.758842350064416,11.795491474283992,11.807624547693832,0.0,0.0,0.0,0.0,0.0,0.0,0.0,0.0,0.0,0.0,0.0,0.0
0.0,0.0,0.0,0.0,0.0,0.0,0.0,0.0,0.0,0.0,0.0,0.0,11.730362820790077,11.719158306859585,11.683023908411787,11.594893870982053,11.460429142849073,11.270059224403578,11.019115019393846,10.718031370271996,10.404373983619188,10.149423035054356,10.039461526089763,10.095532379346691,10.128782505319368,10.129852426321193,10.129852427595301,10.128782508981947,10.095532384784118,10.039461532254794,10.14942304113565,10.404373988874838,10.718031373278354,11.019115018689355,11.27005921847383,11.460429130197031,11.594893851491141,11.683023883537523,11.719158277812479,11.730362791293437,0.0,0.0,0.0,0.0,0.0,0.0,0.0,0.0,0.0,0.0,0.0,0.0
0.0,0.0,0.0,0.0,0.0,0.0,0.0,0.0,0.0,0.0,0.0,0.0,11.573183347578002,11.564751393934827,11.530478426741285,11.439113452535288,11.297254416808766,11.095884905524265,10.831942994436924,10.518652882309285,10.196940447080022,9.940538332591386,9.83577934980115,9.901125095000504,9.94375468463298,9.95059388169534,9.950593882993187,9.943754688413893,9.901125100826462,9.835779356851347,9.940538340175124,10.196940454667965,10.51865288869049,10.83194299829185,11.095884905920343,11.297254412552366,11.439113442919249,11.530478411591252,11.564751374429717,11.573183327276277,0.0,0.0,0.0,0.0,0.0,0.0,0.0,0.0,0.0,0.0,0.0,0.0
0.0,0.0,0.0,0.0,0.0,0.0,0.0,0.0,0.0,0.0,0.0,0.0,11.327107508334636,11.326351458924801,11.29771864342968,11.202386604710957,11.049767552737944,10.832603577620302,10.550915608848655,10.222355550541732,9.892501369554973,9.63785573401465,9.543936268692246,9.624978792959245,9.68243776406483,9.69814010740907,9.698140108555307,9.682437767402943,9.624978798198068,9.543936275294708,9.63785574138027,9.892501377500512,10.222355558577004,10.550915615710753,10.832603582987513,11.049767555693277,11.202386604418415,11.297718638330098,11.326351449521647,11.327107498029786,0.0,0.0,0.0,0.0,0.0,0.0,0.0,0.0,0.0,0.0,0.0,0.0
0.0,0.0,0.0,0.0,0.0,0.0,0.0,0.0,0.0,0.0,0.0,0.0,10.966318360046301,10.988035098752025,10.97490042687432,10.87726159708075,10.712191566873813,10.476644394833846,10.17579251200328,9.833283246253723,9.499914821645572,9.25427799151848,9.179531906824204,9.284003906035457,9.362117128226878,9.38978252149552,9.389782522303394,9.362117130537658,9.284003909723133,9.17953191187234,9.254277997568286,9.499914828463435,9.833283254092978,10.175792520149704,10.476644403184261,10.712191574889006,10.877261603818315,10.974900430296822,10.988035098578235,10.966318359304193,0.0,0.0,0.0,0.0,0.0,0.0,0.0,0.0,0.0,0.0,0.0,0.0
0.0,0.0,0.0,0.0,0.0,0.0,0.0,0.0,0.0,0.0,0.0,0.0,10.4214630908577,10.514701808669887,10.539900405694114,10.448725430221566,10.274839029947994,10.023671167672815,9.708229507368337,9.359344795956103,9.03263261106513,8.80719924678319,8.76202970266814,8.898247156888873,9.002650932359233,9.045091318230487,9.045091318675368,9.002650933566237,8.898247158767045,8.762029705606095,8.807199251046997,9.032632616535192,9.359344803031142,9.708229516052263,10.023671177703294,10.274839041093825,10.448725441155789,10.539900414522547,10.51470181539768,10.42146309755883,0.0,0.0,0.0,0.0,0.0,0.0,0.0,0.0,0.0,0.0,0.0,0.0
4.388771615357909,4.411373748803651,4.4813212848613615,4.6049456943148055,4.792389412347189,5.056634125488795,5.411480183102508,5.8680633410132685,6.430042009979476,7.089099408609968,7.825333408918381,8.62224925541318,9.519545848961913,9.858936389859638,9.958490683117427,9.89994922396472,9.730599546507754,9.474498682336343,9.156479396499375,8.815233008874253,8.509926641531793,8.318235637213936,8.313492391149637,8.489094124539971,8.624446553091024,8.683821540919325,8.683821540996535,8.624446553344772,8.489094125097917,8.313492392531257,8.31823564010271,8.509926646323542,8.815233015934206,9.156479406242715,9.474498694253192,9.730599560462622,9.89994923822565,9.958490696091367,9.858936401713892,9.519545860226222,8.622249263506015,7.82533340985255,7.0890994013380135,6.43004199557519,5.868063321703805,5.41148016144823,5.056634104046539,4.792389394090909,4.604945682097117,4.481321278466406,4.411373746914884,4.388771614002613
4.379139814266688,4.400841559237203,4.467941021716601,4.586317946082641,4.765330047604004,5.016810400333204,5.353032817482566,5.783227487299985,6.308642260544898,6.9171591572232085,7.579683731469179,8.249229914776013,8.849983856712631,9.179320981387756,9.297308346149345,9.255562744252027,9.094728371013625,8.845627010261728,8.540952497584852,8.22463820327855,7.956862503586501,7.811931507046898,7.856749801045374,8.077316578281794,8.246552054437496,8.324060126809838,8.324060126627574,8.246552054090051,8.077316578251663,7.856749801996823,7.811931509736684,7.9568625088485465,8.22463821158191,8.540952509388177,8.845627024929499,9.094728388233005,9.255562762036593,9.297308363211837,9.179320997934425,8.849983872074116,8.249229925889535,7.579683735668931,6.91715915402766,6.308642251219944,5.783227474131933,5.353032802776914,5.01681038579158,4.765330034916259,4.586317937652118,4.46794101873105,4.400841561640247,4.379139816947082
4.360839511895554,4.380868890807361,4.442691060626317,4.551391066148563,4.714966466417915,4.943313065379799,5.24625915007396,5.630296187202721,6.093990421806147,6.622821508841924,7.185044866343945,7.729828555967442,8.1863643822481,8.468209044247217,8.578861105693719,8.544752377813909,8.3972922226402,8.168144093916188,7.893297034967428,7.618309859699473,7.401720023776294,7.313144195628673,7.413106765899371,7.681183314736001,7.885084560929819,7.9808212135358945,7.980821213287612,7.88508456043994,7.681183314671318,7.413106767116279,7.313144198915897,7.401720030082621,7.6183098695818465,7.893297048660864,8.168144110699567,8.397292241689122,8.54475239686516,8.578861123362259,8.468209060602787,8.186364396410358,7.729828565476011,7.185044869710987,6.622821506597884,6.093990415218322,5.630296178451517,5.246259141632667,4.9433130590286884,4.71496646289684,4.551391066354434,4.442691065491135,4.380868900955358,4.360839523055436
4.335603647387197,4.353408668181453,4.408236465376219,4.504199640054025,4.6476635504724015,4.846277113607661,5.107198235171476,5.434275708330195,5.824241988250896,6.262580306652259,6.7204688898090446,7.154563578490165,7.511500492795873,7.742159568311007,7.8367664386516145,7.808210389824674,7.680352191171409,7.482726720895673,7.250875720571744,7.028861540374488,6.8716975608485384,6.843846909013851,7.000132558741152,7.3149761939471585,7.552195793693108,7.665220508926355,7.6652205087411645,7.552195793376468,7.314976194131624,7.000132560312819,6.8438469128019435,6.871697567715823,7.028861550830094,7.250875734543974,7.482726737548228,7.680352209047561,7.808210406651561,7.836766453296596,7.742159581173372,7.511500503305755,7.154563584986664,6.720468891659952,6.262580304712503,5.824241983898632,5.434275703134993,5.107198231044859,4.846277112692747,4.647663553779446,4.504199647618255,4.40823647742632,4.353408685749816,4.33560366766049
4.30561394761783,4.320898617802665,4.367834924932729,4.449545457260153,4.570768955930265,4.7369942474212765,4.9529650397157825,5.220429104022796,5.535249474322774,5.884457332931459,6.244391908787413,6.581468151892839,6.857228022210175,7.039268523404795,7.115982190325494,7.093523722740874,6.989891328543003,6.83084476914656,6.648928734728075,6.4846862867186434,6.388701763429995,6.420498654670154,6.630164836070114,6.988209251556284,7.255686618430691,7.384260544712296,7.384260544679078,7.255686618512713,6.988209252237235,6.630164838082926,6.4204986588048865,6.388701770398203,6.484686296858324,6.6489287477047725,6.830844783995467,6.989891343271408,7.093523735292646,7.115982200224901,7.039268531693875,6.8572280289473655,6.581468156211993,6.244391910637232,5.884457333170007,5.535249474209102,5.220429104373054,4.952965041189705,4.736994251588157,4.5707689640458655,4.449545469310201,4.367834940892316,4.320898638695055,4.305613972036341
4.273149600654737,4.285857788911822,4.32476404992052,4.392099818971757,4.491171508930043,4.6256342818032605,4.798306726669026,5.009482177457186,5.254881290093319,5.523714676193583,5.797701190371259,6.052127015382933,6.259907878320154,6.398756129838263,6.45873217028288,6.442875978748243,6.364681785347998,6.245534591412749,6.1137468299868996,6.005473112788078,5.966763193971368,6.052787817230543,6.30987267890624,6.705642341506187,6.999239368052556,7.141147689160079,7.141147689327667,6.999239368646711,6.705642342833964,6.309872681454463,6.052787821580129,5.9667632005905675,6.005473121737915,6.113746840724225,6.245534602969696,6.364681795746425,6.4428759865482785,6.4587321757046565,6.39875613444073,6.259907882682186,6.052127019156945,5.797701193712636,5.523714679668099,5.25488129465132,5.009482183659723,4.798306734423729,4.625634291618409,4.491171521711803,4.392099834720276,4.324764068739677,4.28585781145078,4.273149626704196
4.240289900841809,4.250554579599983,4.281881301756557,4.335771266386173,4.414383543468715,4.519959663173979,4.653932001734265,4.815720834056751,5.001360961657485,5.202310452447385,5.405018278002721,5.5919293297840005,5.744396172187417,5.847207721924134,5.892955355209274,5.883403253320557,5.828694073563047,5.746068227162923,5.659465864969941,5.600680758720666,5.611637948418752,5.743879558965985,6.04081191615594,6.46794818560628,6.78310600399601,6.935975811021992,6.935975811357142,6.783106005009232,6.467948187424659,6.040811918991122,5.743879563080177,5.611637954008277,5.600680765612187,5.659465872497432,5.74606823444449,5.82869407912543,5.883403256665932,5.8929553571988125,5.847207724380496,5.744396175864428,5.591929334501853,5.405018283928421,5.202310459771595,5.001360970772172,4.815720845362078,4.65393201493375,4.519959677817261,4.414383559982383,4.335771284834199,4.281881322710327,4.250554603511585,4.240289928165445
4.20871846899336,4.216797175668417,4.2413750789474935,4.283399876366537,4.344181757500813,4.424959760521767,4.526261137621548,4.647081857377265,4.784008425286278,4.930530682767703,5.0769158106095915,5.211035913450589,5.320348992390046,5.394732848710356,5.429159405393577,5.424979486339591,5.389943238942865,5.3378408570199305,5.288770159033793,5.270723258580549,5.322167242445729,5.49174164826034,5.820617515311429,6.272752756006324,6.605026981355745,6.766579316729777,6.766579317133487,6.60502698252984,6.272752757924807,5.820617517967231,5.491741651612338,5.322167246407569,5.27072326282431,5.288770162922439,5.337840859893027,5.3899432399976765,5.424979485997794,5.429159405072287,5.394732850366747,5.320348996690538,5.211035920032027,5.076915819495322,4.930530693990796,4.784008438735523,4.64708187300511,4.526261154970156,4.424959778578359,4.3441817763462875,4.283399896182193,4.241375100759018,4.216797200143266,4.20871849687351
4.179637610208048,4.185850776126817,4.204695346639741,4.236727509833175,4.282673033845976,4.343114718054742,4.418050545559958,4.506357314511333,4.605253473888291,4.709929414020353,4.813571687756716,4.907995409623659,4.984956611909963,5.037924312563159,5.063765266149752,5.0637747123343315,5.044059298617051,5.015781336525833,4.9959916750223945,5.009647873778833,5.092490840686606,5.290917002407991,5.644405050408917,6.1157571295161075,6.461169433109089,6.629380970973802,6.629380971382372,6.461169434267433,6.11575713125337,5.644405052537274,5.290917004630007,5.092490842650851,5.009647875105797,4.995991675252426,5.015781335314848,5.044059295855763,5.063774709133954,5.063765264328769,5.037924314196418,4.984956617594733,4.907995418652384,4.813571699646782,4.709929428574985,4.605253490827698,4.506357333433633,4.418050565852425,4.3431147384994,4.282673054054562,4.2367275301100165,4.204695368297387,4.18585080034643,4.179637637926631
4.153773900164295,4.158455699123926,4.1726143093901,4.196546545329704,4.230603264931271,4.274972971238621,4.329388217513293,4.392787336056987,4.462999923175341,4.53656491431693,4.608814616519799,4.674336708133862,4.727832722402853,4.7652327201276385,4.784781616756879,4.787839192384965,4.779417279969289,4.768797410902541,4.770777844503258,4.808041816728527,4.914281611252647,5.134212085818833,5.506047155366458,5.991726560061307,6.346937032171628,6.52011622997102,6.520116230310924,6.346937033091942,5.991726561276275,5.5060471565582505,5.13421208653992,4.914281611000384,4.808041815156623,4.770777841403983,4.768797406238107,4.77941727424404,4.787839187131759,4.784781613957334,4.765232721845924,4.727832729284093,4.674336719414563,4.608814631233039,4.536564931745058,4.462999942845581,4.392787357391849,4.3293882397499575,4.274972993151154,4.230603285652267,4.196546565295521,4.172614330121613,4.158455722463408,4.15377392721163
4.1314438186197595,4.134908756173306,4.145358874795395,4.162930286429331,4.187751028973377,4.219796633140176,4.258701680223672,4.303553943179029,4.352718617195779,4.403760767373283,4.4535423593275,4.498550820468914,4.535459614407609,4.561839909687957,4.576883958109615,4.582037285260946,4.58159889869856,4.583561838359066,4.601139024081551,4.6553858312590775,4.77851200505856,5.014005163186843,5.3991481340114085,5.895239032676113,6.257580659806043,6.434379015907796,6.434379016078158,6.257580660213198,5.895239033016507,5.399148133901807,5.014005162115426,4.778512002523751,4.65538582700536,4.601139018149878,4.583561830982146,4.5815988908400485,4.582037278670612,4.576883954762987,4.5618399114317825,4.53545962180508,4.4985508329271795,4.453542375836847,4.40376078681411,4.352718638776895,4.303553966195601,4.258701703755464,4.219796655942385,4.187751049809705,4.162930305804804,4.145358894393925,4.134908778393897,4.131443844654749
4.11264819935051,4.1151723134536455,4.122765923828562,4.135472852917792,4.153300660874434,4.176127473803099,4.2035849750829275,4.234937583842067,4.268989552528116,4.30406161644734,4.338080238729835,4.368808360603193,4.394214901057721,4.4129416601165765,4.424808233636224,4.431333218539498,4.436359003317535,4.447022496413373,4.475459037350737,4.541597549659674,4.676606002445843,4.923096851117186,5.31767839981786,5.8211755209316705,6.188601884019466,6.367984728369248,6.367984728278586,6.188601883666455,5.8211755201105895,5.317678398213573,4.92309684821524,4.6766059978109,4.541597543136762,4.4754590291542815,4.4470224869946575,4.436358993907793,4.4313332109533725,4.424808229814626,4.4129416616690165,4.394214908307407,4.368808373025221,4.338080255540532,4.304061636507386,4.268989574826964,4.234937607574188,4.203584999248627,4.17612749709669,4.153300681863439,4.135472872052922,4.122765942797005,4.11517233487672,4.112648224393515
4.097171119757321,4.09898452795315,4.104427682021228,4.11349642880787,4.126141896317879,4.142212316513478,4.161382743223334,4.183086923018277,4.206471930466652,4.230400665002655,4.2535265108008335,4.274455564058407,4.291995648712754,4.305475773465812,4.315120770155817,4.32250274701798,4.331174851425372,4.347717047369722,4.383549955734929,4.457841995440524,4.601045503347656,4.855160870727677,5.256315360094405,5.7649889640009535,6.135979464815541,6.317177220205338,6.317177219845796,6.135979463669969,5.764988961976874,5.256315357040475,4.85516086618228,4.601045496935337,4.457841987088861,4.383549945755911,4.347717036390319,4.331174840790376,4.322502738462106,4.315120765537445,4.305475774266296,4.291995655093278,4.274455575450676,4.253526526609291,4.230400684286749,4.206471952191237,4.183086946320505,4.161382767118546,4.14221233969269,4.126141917419202,4.113496448217795,4.104427701311386,4.098984549579313,4.097171144616156
4.084667851227307,4.085954904639087,4.089810326722301,4.096208791339095,4.10508207109293,4.116283879471025,4.12954914064728,4.144457455195898,4.160413921452476,4.176662438691582,4.192345593554336,4.2066204271354755,4.218832440593616,4.228746804246499,4.236845906290272,4.244738254626702,4.255795132179961,4.276239344535547,4.317025466161649,4.396817520349341,4.545584655489242,4.804905979396758,5.210570619678998,5.7228105318240665,6.096264300391177,6.278718903437839,6.278718902831129,6.096264298527213,5.72281052871853,5.210570615365515,4.80490597349126,4.545584647652557,4.396817510552689,4.317025454749715,4.276239332262797,4.255795120432159,4.244738244994289,4.236845900462206,4.228746803597392,4.218832445272218,4.206620436582628,4.1923456072800205,4.17666245597598,4.1604139413826555,4.144457476947905,4.129549163324728,4.1162839018750255,4.10508209215069,4.096208811416778,4.089810347238017,4.085954927583,4.084667877009109
4.074734570600206,4.075638349973241,4.078340827765116,4.08281050274734,4.088979264531093,4.096721886472762,4.105833420467567,4.116011023834301,4.126848578570478,4.137853383306936,4.1484936261077,4.158283400622654,4.166910446788781,4.174414779661759,4.18144085760763,4.189620980168701,4.202212606903735,4.225211639546729,4.269272243767779,4.352728093084243,4.505226274500902,4.768059624198191,5.176782596116996,5.691451048646306,6.0665877497331735,6.2499028293205106,6.249902828504874,6.066587747279817,5.691451044667571,5.176782590794951,4.768059617216968,4.505226265551224,4.352728082159452,4.2692722312061395,4.225211626146418,4.202212594017881,4.189620969251098,4.181440850161819,4.1744147769149755,4.166910448930285,4.158283407210079,4.148493636765466,4.1378533975069605,4.126848595587821,4.116011043010099,4.105833441088488,4.096721907579921,4.08897928540464,4.082810523705014,4.078340850028393,4.075638374914002,4.074734598074447
4.066958369344835,4.067587102542746,4.069464224345821,4.072559621579814,4.076814083092736,4.082127841995924,4.0883487717521,4.09526455400146,4.102604182749302,4.110054735875796,4.117299344577564,4.124082214659236,4.130308017177126,4.136189267986344,4.142471852581387,4.150803289092978,4.1643699796577955,4.189024501509762,4.23522883154771,4.321102157774233,4.476078934790874,4.741259440116541,5.152037025275958,5.668343992252122,6.044619917302541,6.2285186872217695,6.228518686256954,6.044619914435,5.668343987660664,5.1520370192374525,4.741259432356677,4.476078925016208,4.321102145987968,4.235228818080091,4.189024487132307,4.164369965591147,4.150803276635612,4.142471843085308,4.136189262532819,4.13030801599681,4.124082217506205,4.1172993512674525,4.110054746078867,4.102604195940775,4.095264569756167,4.088348789630407,4.082127861392236,4.07681410360459,4.072559643418269,4.069464248474397,4.067587129674801,4.066958398817918
4.060949553970351,4.061383386165214,4.062676909322493,4.064804590005343,4.067718897036728,4.0713442788600815,4.075571618107968,4.080256029934687,4.0852215456231065,4.090276729413038,4.095245765047343,4.100020643079366,4.104643251215694,4.109434196216332,4.115202693373077,4.1236058911632,4.1377858761138455,4.163504979404522,4.211102789928606,4.298560046900782,4.455171788620433,4.721909802274458,5.13405785163348,5.651462429392998,6.0285039946693475,6.212795841330206,6.212795840287391,6.02850399158458,5.65146242447524,5.134057845208998,4.721909794081273,4.455171778345443,4.298560034521748,4.211102775759775,4.163504964164052,4.137785860837499,4.123605876950873,4.1152026814354405,4.109434187527351,4.104643246054651,4.100020641431756,4.095245767001272,4.090276734891781,4.085221554325517,4.080256041673368,4.0755716327499485,4.071344296184417,4.067718916881228,4.064804612454876,4.062676935045583,4.061383415251007,4.060949585311985
4.0563597815937005,4.056657018422942,4.057542299555616,4.058995489137283,4.0609804715221856,4.063442305322666,4.066305200523524,4.069473262826546,4.072836459923499,4.076284815698845,4.079734688068896,4.083172793898628,4.086727765285048,4.090787943040508,4.0962020789623645,4.104633388883742,4.119196316253554,4.145596441652102,4.194095614388638,4.282585542217576,4.440270309265541,4.7080365027103666,5.121093904669026,5.639229915780738,6.016783321857178,6.2013384563535245,6.201338455303785,6.016783318750255,5.639229910824193,5.121093898199331,4.708036494447436,4.440270298844276,4.282585529551769,4.194095599735504,4.145596425645519,4.119196299746593,4.104633372773143,4.096202064315172,4.090787930761746,4.086727755718989,4.0831727872560935,4.079734684744617,4.076284815926735,4.072836463678659,4.069473270158968,4.066305211589263,4.0634423202176535,4.060980490221451,4.058995511608551,4.057542326179425,4.0566570487664855,4.056359814208244
4.0528898625028456,4.053092289363502,4.053694677275822,4.054681951357856,4.056027838912591,4.057693829107152,4.059629069910308,4.06177257502955,4.064059558770591,4.066434336182087,4.068873322473011,4.071423899068721,4.074269559914068,4.077841138768245,4.083012099348781,4.091449476618995,4.106250452432062,4.133084921370964,4.18216540998569,4.2713265077097144,4.429713177560176,4.698155795048893,5.111814508364788,5.630436290470914,6.0083306862367,6.193061546810706,6.193061545816741,6.008330683281421,5.630436285733447,5.111814502152929,4.698155787036262,4.429713167315093,4.2713264950639225,4.182165395095935,4.133084904738299,4.106250434733302,4.091449458583163,4.083012081914891,4.077841122793273,4.074269545818108,4.07142388725945,4.0688733136328965,4.066434330876332,4.06405955729345,4.061772577683872,4.059629077106341,4.057693841146481,4.056027855806948,4.054681972963932,4.053694703723821,4.0530923198476785,4.05288989535691
4.050290655651286,4.05042783603218,4.050835819811677,4.051503797264539,4.052413400976303,4.053538661004808,4.054846908138605,4.056301651440216,4.057868880420969,4.059528922815559,4.061297246542432,4.063260078257517,4.06563564702475,4.06888149160993,4.07388655159281,4.082320267854252,4.097269025535147,4.124380262331456,4.173835220340621,4.263431898616803,4.422276937961114,4.691163780030359,5.105219441855857,5.624163361305203,6.0022845758249375,6.187132527854553,6.187132526954719,6.002284573135839,5.624163356968254,5.105219436121113,4.69116377250523,4.4222769281416685,4.263431886246678,4.173835205458991,4.124380245278322,4.097269006806919,4.082320248044967,4.073886531539226,4.068881472123315,4.065635628592726,4.063260061446604,4.061297232274226,4.0595289119677735,4.057868873606611,4.056301649219674,4.054846911138842,4.053538669642365,4.052413415238167,4.051503816897462,4.050835844746902,4.050427865245912,4.050290687386608
4.048359790856803,4.048452409486429,4.048727784675989,4.049178482112291,4.0497921970234145,4.0505522386710755,4.0514389341407595,4.0524327712506905,4.053520521562254,4.054706311482921,4.056030968782225,4.057605601532037,4.059670462314661,4.062699907714838,4.06759259134147,4.076019472459471,4.091060170620371,4.118347976315698,4.168044286469467,4.257923684951151,4.417068030381103,4.686246582913281,5.100564332868866,5.619722003547268,5.997994184740143,6.182920197271912,6.182920196474437,5.997994182352827,5.619721999685794,5.1005643277192645,4.686246576013396,4.417068021154888,4.257923673051528,4.168044271821064,4.118347959103347,4.091060151164597,4.076019451230886,4.0675925690879815,4.0626998851912965,4.059670440045961,4.0576055801967446,4.056030949479609,4.054706295352942,4.053520509490878,4.05243276402966,4.051438932574224,4.050552243244826,4.0497922076910475,4.049178498524776,4.0487278066267445,4.0484524358652925,4.04835981993
4.0469362214740565,4.046998610413263,4.047184124039865,4.047487890061957,4.047902104537179,4.048416784834717,4.049021403077195,4.049708098992498,4.050477595396643,4.051349698862175,4.05238169030486,4.053700624252641,4.055560739352346,4.058447006800848,4.063264192830503,4.071684218077958,4.086782456081958,4.114183276520878,4.164035487130981,4.25409870408725,4.413438796851306,4.682809245261984,5.097300440127071,5.616600375964648,5.994973356206869,6.179951568418268,6.179951567714964,5.9949733541033,5.616600372563157,5.097300435564029,4.6828092390254605,4.413438788308519,4.254098692808931,4.164035472938265,4.1141832594620595,4.086782436319524,4.071684195958149,4.063264169004662,4.058446981949518,4.055560713997227,4.053700599130652,4.05238166662209,4.051349677940762,4.050477578319477,4.0497080867289235,4.049021396565652,4.048416784622013,4.047902110578172,4.047487901950645,4.047184141502285,4.046998632354961,4.046936246281748
4.045893969151041,4.0459359736598115,4.046060949115229,4.046265910815224,4.046546316710141,4.0468969473673075,4.047313629963475,4.047796435506367,4.04835540707911,4.0490206576948795,4.049860136730331,4.051011126431796,4.052736762218181,4.055528730103341,4.0602956534159835,4.068710065395789,4.083844673686408,4.111318221218275,4.161271533718197,4.251454674798602,4.4109232258222315,4.6804204031542005,5.095026940965088,5.61442213951555,5.992862849591048,6.177876186908,6.177876186286789,5.992862847733285,5.614422136512421,5.095026936924209,4.6804203975484775,4.410923217994204,4.251454664262204,4.161271520210513,4.111318204667873,4.083844654117318,4.0687100430282745,4.060295628784389,4.055528703789369,4.0527367346980725,4.051011098442747,4.0498601095074855,4.049020632643106,4.0483553853915675,4.047796418261801,4.047313618188271,4.046896941680512,4.046546317123038,4.046265916921283,4.04606096064636,4.045935989615503,4.045893988124912
4.0451359140121665,4.0451642456649815,4.045248648707214,4.045387498567454,4.045578573987236,4.045819990187051,4.0461119461045785,4.046459875319356,4.046880022558529,4.047409262327239,4.048122459512109,4.049163462082253,4.050801074932326,4.053531242414113,4.058265029936764,4.066675366054896,4.081833287616505,4.109353992460219,4.159373254055721,4.249635055790889,4.40918838334456,4.678769803009355,5.0934536681255285,5.612913288853228,5.991399980677541,6.1764371974934456,6.176437196941088,5.9913999790241865,5.612913286179376,5.093453664528169,4.678769797979761,4.409188376237815,4.249635046098152,4.159373241457193,4.109353976783795,4.081833268766084,4.066675344129134,4.058265005333841,4.053531215585879,4.050801046263744,4.049163432246898,4.048122429692901,4.047409233910641,4.046879996765985,4.046459853270288,4.046111928869033,4.045819978473581,4.04557856791631,4.045387497790186,4.045248653026432,4.045164254230697,4.0451359257036215
4.044588111106694,4.044607314209924,4.044664649220532,4.044759455008714,4.044891137805932,4.0450601210662125,4.045269586421466,4.045528573264111,4.045857439409316,4.046297488769451,4.046928068881995,4.047897247197914,4.049477448713727,4.052167326137568,4.0568794981443554,4.065287154314275,4.0804602903626925,4.108011878389377,4.158074505963425,4.248388304093718,4.4079980524988835,4.6776360290452335,5.092372369658062,5.6118761988621895,5.990394588670997,6.175448289436094,6.175448288937971,5.990394587181809,5.611876196459945,5.09237236644493,4.6776360245535145,4.4079980461249955,4.2483882953373815,4.158074494477305,4.108011863927618,4.080460272731703,4.065287133502615,4.056879474404178,4.0521672997592795,4.0494774199406445,4.04789721657031,4.046928037448084,4.04629745780592,4.045857410093665,4.04552854669671,4.045269563682191,4.045060102972236,4.04489112462724,4.044759446505429,4.044664645315393,4.0446073142336445,4.044588114288907
4.044194858501026,4.044207991431313,4.044247338785913,4.044312912777455,4.044405247854753,4.044526350646708,4.044681424085443,4.044881921191728,4.045150920589325,4.045532624920679,4.0461092882432865,4.0470316934462085,4.048574582646819,4.0512383375078365,4.0559365712468045,4.064342652370155,4.079525935879916,4.107098006850537,4.157189458041218,4.247537998399257,4.407185747422516,4.676862235262742,5.091634805079378,5.611169596026788,5.989710305577314,6.174775629026134,6.174775628567548,5.989710304215324,5.61116959385181,5.091634802213924,4.67686223129257,4.407185741802579,4.247537990664056,4.15718944784428,4.107097993903454,4.079525919918057,4.064342633286144,4.0559365491443975,4.051238312490895,4.048574554769362,4.047031663049628,4.046109256164273,4.045532592247764,4.045150888389792,4.044881890496579,4.044681395962712,4.044526326040805,4.044405227215021,4.044312896020041,4.044247325988992,4.044207982110853,4.044194852276479
4.043914578690694,4.043923688876907,4.043951122624605,4.043997357740481,4.0440637035620846,4.044153244543991,4.044272545898261,4.0444346703897285,4.044664492891034,4.0450081120154975,4.045549667724596,4.046441693689702,4.047960419815098,4.050607337107615,4.055296701944269,4.0637020122053515,4.078892238035277,4.10647811215066,4.156588993902233,4.246961088979634,4.406634855921142,4.676338080666153,5.091136249590696,5.610693313428161,5.989250180516148,6.174323929183836,6.174323928752011,5.989250179248315,5.610693311440095,5.091136247039277,4.676338077201452,4.40663485106993,4.246961082334314,4.156588985142877,4.106478100974295,4.0788922241302386,4.063701995379649,4.055296682152152,4.050607314249843,4.047960393720875,4.046441664453577,4.045549635912544,4.045008078466141,4.044664458499687,4.04443463607309,4.044272512694359,4.044153213531208,4.044063675387803,4.043997332523062,4.043951100630995,4.043923669803582,4.043914562557747
4.04371647849477,4.043722930280632,4.043742495191775,4.0437759702413185,4.043825193013343,4.043893977344555,4.043989802523297,4.044126801872389,4.044331034509826,4.044649839126353,4.045168580907825,4.046040925274911,4.047544061516188,4.050180197556077,4.054864011851709,4.063269102141772,4.078464217856697,4.1060595809941125,4.156183804847344,4.246572182236634,4.406264156263662,4.675986421243817,5.090803220625112,5.610376845856873,5.9889458128656985,6.174025879404655,6.174025878988658,5.988945811659842,5.610376844008343,5.090803218337855,4.6759864182475175,4.4062641521729216,4.246572176721419,4.156183797634454,4.10605957178693,4.078464206315076,4.063269087997355,4.054863994908106,4.050180177501893,4.047544037935647,4.04604089798947,4.045168550179149,4.044649805504008,4.04433099866683,4.0441267645721295,4.043989764749581,4.043893940288763,4.0438251575191595,4.0437759366682275,4.04374246403376,4.043722901423998,4.043716452353938
4.043577902508622,4.043582601481769,4.043596980679363,4.043622054476854,4.043660018410808,4.043715177534317,4.043795622353572,4.043916196688509,4.044103739855969,4.044406402138739,4.044910346332141,4.04576997212428,4.047263091164135,4.04989237945552,4.054572798332459,4.062978027997067,4.078176702750591,4.105778752504481,4.155912356643057,4.246312274401402,4.40601735001564,4.675753609881992,5.090584456658359,5.610170874626742,5.988749259293537,6.173834249480918,6.173834249069898,5.9887492581151065,5.6101708728617306,5.090584454568866,4.675753607293469,4.4060173466468475,4.246312270013788,4.155912351023211,4.105778745377157,4.078176693763036,4.062978016814911,4.054572784613138,4.049892362674662,4.047263070654038,4.045769947423045,4.044910317386673,4.044406369194411,4.044103703333425,4.043916157170473,4.043795580739163,4.043715135074711,4.043659976115038,4.043622012962567,4.0435969407056165,4.043582563159973,4.043577866641025
4.043482275342367,4.043485820624518,4.043496788308975,4.043516339998183,4.0435469126378845,4.0435931408645365,4.043663522842406,4.043773373311681,4.0439500455986614,4.044242221907554,4.044736585858264,4.045588015988706,4.04707473108423,4.049699717200935,4.054378130759373,4.0627837242008615,4.077985084650005,4.105591989889084,4.155732385267426,4.24614073985757,4.4058555674103355,4.675602500999737,5.090444365835197,5.6100410746164435,5.988627092473619,6.173716077993941,6.173716077576339,5.988627091286953,5.61004107287851,5.09044436387385,4.675602498744654,4.405855564693443,4.246140736538492,4.155732381200577,4.105591984833772,4.077985078257911,4.062783716087704,4.054378120451398,4.049699703971495,4.047074714019597,4.045587994344816,4.044736559272539,4.0442421903248205,4.043950009178553,4.04377333244302,4.043663478309237,4.0435930939041205,4.0435468643680155,4.04351629128112,4.043496740195011,4.04348577350313,4.043482230403501
4.043417526380983,4.043420313295705,4.043429039654693,4.043444966385728,4.043470692658087,4.043511073635288,4.043574878915484,4.0436777352152715,4.043847334789785,4.044132709328406,4.044620884060063,4.045467052077648,4.046949701646011,4.049572028305879,4.054249328028271,4.062655419396914,4.077858885982528,4.105469442897514,4.155614929219482,4.246029679736757,4.405752050161836,4.675507457798525,5.09035832295587,5.609963645905145,5.988556097935171,6.173648454506169,6.173648454070714,5.988556096707759,5.6099636441449325,5.09035832105782,4.675507455793005,4.405752047991866,4.246029677360978,4.155614926566715,4.105469439775385,4.077858882065056,4.062655414270116,4.054249321112328,4.049572018697197,4.046949688206335,4.04546703379523,4.044620860280273,4.044132679711946,4.0438472992421,4.043677693927749,4.04357483253073,4.043511023300242,4.043470639532072,4.043444911536839,4.043428984431189,4.0434202584152015,4.043417473418239
4.043374899400829,4.043377188266438,4.043384443602981,4.0433979931657476,4.043420544859904,4.043457101141648,4.043516612200706,4.0436149115249025,4.043779915279735,4.044060885657085,4.044545073378797,4.045387880267028,4.04686797583845,4.049488700923714,4.054165455725074,4.062572121167068,4.077777305076074,4.105390716840005,4.155540170618381,4.245959966318128,4.405688411939953,4.675450823451392,5.090309329522237,5.609922127185684,5.9885201957065854,6.173615497196547,6.173615496733125,5.988520194409664,5.609922125357347,5.090309327619513,4.675450821593705,4.405688410171538,4.2459599646937995,4.155540169146449,4.105390715388479,4.077777303357213,4.062572118759083,4.054165451974573,4.049488694789689,4.046867965995774,4.045387865467143,4.0445450527053355,4.044060858514098,4.043779881335913,4.043614870775351,4.043516565123775,4.0434570487276,4.043420488247727,4.043397933579633,4.043384382675782,4.043377127070845,4.043374839873668
4.043348062615064,4.043350024597203,4.043356315279391,4.043368307314881,4.043388781386979,4.043422838251114,4.043479548278628,4.043574882216562,4.043736904638415,4.044015030624818,4.044496661079072,4.04533733826188,4.046815856235193,4.049435659963456,4.054112231225601,4.0625195107062115,4.077726147973101,4.1053418826414845,4.155494555382392,4.245918494153062,4.405652029330863,4.675420448947104,5.090285664633515,5.609905146813751,5.988508262178357,6.173606211402272,6.173606210900357,5.98850826078034,5.6099051448616555,5.09028566263907,4.675420447106333,4.40565202777692,4.245918493030086,4.155494554777782,4.105341882490209,4.0777261480384475,4.0625195105824625,4.0541122302237405,4.049435656954688,4.046815849757202,4.045337326875411,4.044496643649631,4.044015006339184,4.043736872956415,4.0435748429430936,4.043479501708312,4.043422785168417,4.043388722864239,4.043368244684468,4.043356250426587,4.043349958939678,4.043347998395227
4.043332449207774,4.043334196745655,4.043339855351883,4.043350827840106,4.043369943590379,4.0434023689760235,4.043457254463605,4.043550662189385,4.043710755591954,4.043987051980588,4.044467053519624,4.045306398728082,4.0467839696247205,4.04940328875687,4.054079904760048,4.062487816110472,4.077695724840174,4.105313423154506,4.155468810336924,4.245896281749579,4.405634234161099,4.675407974397347,5.090279246471971,5.6099048496697055,5.988512603265353,6.173612986788933,6.173612986235081,5.9885126017245245,5.609904847519134,5.090279244272477,4.675407972411172,4.4056342325975555,4.245896280829962,4.1554688102197,4.105313423842212,4.077695726158224,4.062487817695391,4.054079905928291,4.0494032883460935,4.046783966092276,4.045306390502098,4.0444670393029645,4.043987030793331,4.043710726723301,4.043550625267568,4.0434572095865695,4.043402316696594,4.043369884887863,4.043350764114961,4.043339788690496,4.04333412885715,4.043332382544995
4.0433247722184,4.043326379141311,4.04333162401772,4.043341929943897,4.0433601589177774,4.04339152117639,4.043445220722198,4.043537380834087,4.043696231307723,4.0439713585785455,4.044450334228072,4.045288864352293,4.046765895190449,4.049385009590669,4.054061813299287,4.062470360898022,4.077679413166673,4.1052988284499925,4.155456584237953,4.245887167392091,4.405629068180622,4.675407641622262,5.09028449714641,5.609915804667202,5.988527892172564,6.173630550821647,6.17363055019908,5.9885278904373145,5.609915802228678,5.090284494610786,4.675407639306326,4.4056290663546775,4.245887166338246,4.15545658417339,4.105298829442573,4.077679415114536,4.062470363505418,4.054061815928376,4.049385011100347,4.046765894020739,4.045288858867772,4.044450323034573,4.043971340586937,4.0436962056807,4.043537347044701,4.043445178669892,4.043391471184038,4.043360101864493,4.043341867265322,4.043331557930362,4.04332631155143,4.043324705660122
4.043322669799603,4.043324184589645,4.043329159087196,4.043339030054687,4.043356681399841,4.043387352765132,4.043440284108839,4.043531639909292,4.043689694979615,4.0439640832174355,4.044442424835972,4.045280474800849,4.046757228056143,4.049376316358244,4.054053395938871,4.062462575909616,4.077672679165083,4.105293638014998,4.1554535196449525,4.245886916619305,4.405632428840332,4.675415477647918,5.090297560265529,5.609934250167403,5.988550434571307,6.173655244207637,6.173655243498989,5.988550432588624,5.609934247350451,5.090297557261142,4.675415474810847,4.405632426482062,4.24588691506464,4.155453519158297,4.105293638727585,4.077672681057062,4.0624625787739195,4.054053399219882,4.049376318990192,4.046757228531697,4.04528047150025,4.044442416341398,4.0439640683900455,4.043689672900569,4.043531609925025,4.043440245932093,4.0433873065153305,4.043356627860056,4.043338970663845,4.043329096103655,4.043324119994649,4.04332260605861
4.043324447055173,4.043325901572989,4.043330699843769,4.043340287851736,4.0433575643000905,4.043387788640362,4.0434402251553685,4.04353106636371,4.0436886180720135,4.043962547429855,4.044440509664242,4.045278296331485,4.0467549408332415,4.049374116191111,4.054051524455538,4.062461327716593,4.0776724124323,4.105294788981723,4.155456620476706,4.245892612967611,4.405641484991551,4.675428735000903,5.0903157634634155,5.609957574672882,5.988577662194442,6.173684521195884,6.173684520387051,5.988577659920283,5.609957571398917,5.09031575986865,4.6754287314581084,4.4056414818298695,4.2458926105352095,4.155456619075355,4.105294788804983,4.077672413549656,4.062461330025784,4.0540515275162585,4.04937411906591,4.046754942141703,4.045278294554133,4.044440503437446,4.04396253562494,4.043688599734318,4.043531040748965,4.043440191814065,4.043387747528368,4.043357516105707,4.043340233976973,4.043330642488861,4.043325842663864,4.043324388836388
4.043328888887316,4.043330304103167,4.043334988036164,4.043344392883314,4.043361427425856,4.0433913645642585,4.043443485210838,4.043534001228785,4.043691240182351,4.043964893121162,4.0444426413167385,4.045280304787124,4.046756948528987,4.049376281579802,4.05405404837494,4.062464462416562,4.077676473910554,4.105300172985102,4.15546382149225,4.24590224257688,4.405654277766018,4.675445508630769,5.090337249827348,5.609983960112586,5.988607784542082,6.173716605657965,6.173716604740546,5.988607781947617,5.609983956322333,5.0903372455396365,4.675445504216357,4.405654273547387,4.245902238904748,4.155463818694744,4.105300171316675,4.077676473536003,4.062464463352374,4.054054050326066,4.049376283786587,4.0467569498103115,4.045280303807394,4.044442636845741,4.043964884101998,4.043691225674237,4.043533980440337,4.043443457563739,4.043391329889208,4.043361386301399,4.043344346618652,4.043334938669332,4.043330253384189,4.04332883870302
4.043335124742917,4.043336514494186,4.043341124822606,4.043350412072929,4.043367291976909,4.043397046675306,4.043448968616854,4.043539283251278,4.04369633379627,4.043969829018834,4.044447470282239,4.045285100619939,4.0467618119407165,4.0493813455803105,4.054059485705165,4.062470495635076,4.077683388675524,4.105308334799512,4.15547369518681,4.2459144109626425,4.405669447964446,4.675464473759732,5.090360725205868,5.610012136883603,5.988639549418617,6.173750254479931,6.1737502534516455,5.988639546491668,5.610012132541541,5.090360720150624,4.675464468339652,4.4056694424715515,4.245914405729974,4.155473690556571,4.105308331083548,4.077683386137153,4.062470494420991,4.0540594856903125,4.0493813462262285,4.046761812331407,4.045285099682908,4.044447466998956,4.043969822468039,4.043696323105289,4.043539267630007,4.043448947396541,4.043397019587437,4.043367259453877,4.043350375258853,4.043341085493238,4.0433364741220155,4.0433350847468015
4.043342531116855,4.04334390456617,4.043348468144642,4.043357680903018,4.043374463442598,4.043404104363121,4.043455904273355,4.04354609838638,4.043703041515289,4.043976456032108,4.044454059398625,4.045291713954483,4.046768535245434,4.049388294169377,4.054066812464279,4.062478401643592,4.077692136916519,4.105318267160814,4.15548525201564,4.245928149688642,4.405686049654969,4.675484706300686,5.090385284787973,5.610041215466394,5.98867207812943,6.173784594621152,6.173784593484924,5.988672074873534,5.610041210563682,5.090385278926696,4.67548469978512,4.405686042724959,4.245928142642856,4.155485245198456,4.105318260933501,4.077692131636624,4.06247839759243,4.054066809704356,4.049388292420974,4.046768533916071,4.045291712308048,4.044454056702295,4.043976451564277,4.04370303452694,4.043546088137205,4.043455890044797,4.043404085796348,4.043374440769458,4.043357655018851,4.043348440473735,4.0433438762211,4.043342502969447
4.043350661424159,4.043352024663982,4.0433565592304195,4.043365725857255,4.043382448618912,4.043412020737731,4.04346374873407,4.0435538750368405,4.043710763330908,4.043984146832889,4.044461756383355,4.04529947104764,4.046776427648697,4.0493964245429614,4.054075319192369,4.0624874696513205,4.077702011473108,4.1053292708222635,4.155497803974524,4.245942784148705,4.405703422466909,4.675505559594372,5.0904102938529725,5.610070570449784,5.988704751834242,6.1738190106794635,6.173819009441512,5.9887047482650795,5.610070565001718,5.090410287183284,4.675505551944494,4.405703414008844,4.245942775133373,4.1554977947341545,4.105329261751234,4.077702003008457,4.062487462204601,4.054075313025213,4.0493964196657934,4.046776423840764,4.045299467971322,4.044461753656766,4.043984143997264,4.043710759816925,4.043553870200376,4.043463741847706,4.043412011343153,4.043382436681841,4.0433657119343165,4.0433565443194315,4.043352009451082,4.043350646188716
4.043359195650368,4.043360552749669,4.043365070038099,4.043374209199396,4.043390896833436,4.043420429572286,4.043472118335032,4.043562211062348,4.043719078458053,4.043992462701042,4.044470106115459,4.045307902648019,4.046785008639658,4.049405248216643,4.054084512914885,4.062497205650766,4.07771252051336,4.105340858886015,4.1555108712284525,4.245957842924364,4.405721103876122,4.675526579580501,5.090435305552399,5.610099760444159,5.988737132972071,6.173853067102419,6.173853065769807,5.988737129110295,5.610099754480047,5.090435298101066,4.675526570810979,4.405721093882854,4.245957831895899,4.155510859464111,4.1053408467882235,4.077712508577014,4.06249719440876,4.05408450283497,4.049405239618889,4.046785001704748,4.045307897478415,4.0444701027337935,4.0439924609759,4.043719078059775,4.043562211487207,4.043472118883885,4.04342042966153,4.043390896094234,4.0433742077570045,4.043365068402319,4.043360551127706,4.043359193720736
4.043367904255039,4.043369257943237,4.043373765719285,4.043382889692175,4.0433995583378834,4.043429070891712,4.0434807416338066,4.043570822872754,4.043727691051414,4.044001095995935,4.04447879015017,4.045316680978755,4.04679394297448,4.049414424620814,4.0540940500058165,4.062507265208692,4.07772332087371,4.105352691227089,4.155524118035692,4.245972995482787,4.4057387687978125,4.675547446253162,5.090460004052229,5.610128472606883,5.988768910770165,6.173886454206375,6.173886452784969,5.988768906634482,5.610128466160449,5.090459995869082,4.675547436429719,4.405738757341218,4.245972982499935,4.155524103768336,4.105352676059718,4.077723305338804,4.062507249950681,4.054094035696864,4.049414411890551,4.0467939324094875,4.045316673137198,4.044478785499879,4.044001094796649,4.043727693276168,4.043570828197452,4.043480749415321,4.043429080385159,4.043399568780971,4.043382900689979,4.04337377724341,4.0433692696854795,4.043367915324374
4.043376622322996,4.043377974438241,4.043382477833919,4.043391594674848,4.043408254865156,4.043437759692718,4.043489426068096,4.0435795098957525,4.043736392459303,4.044009830285307,4.044487584920359,4.0453255762998115,4.046802995953858,4.04942371548939,4.054103690108308,4.062517407338024,4.077734172281166,4.105364529416472,4.155537308646706,4.245988009231739,4.405756187873306,4.675567933150492,5.090484165102771,5.6101564840971205,5.988799863334364,6.173918950598835,6.173918949091687,5.988799858938087,5.610156477202381,5.090484156251262,4.675567922368537,4.405756175070901,4.24598799441631,4.155537291982151,4.105364511250732,4.077734153169856,4.062517388025222,4.054103671455641,4.049423698416009,4.046802981432262,4.045325565334281,4.044487578446574,4.044009829003738,4.043736396700415,4.043579519543736,4.043489440551581,4.043437778070852,4.043408275947571,4.043391617475815,4.043382501749484,4.043377998629399,4.043376645398123
4.043385231072325,4.043386582856782,4.043391085251785,4.043400200225031,4.043416858795448,4.0434463639038185,4.04349803456607,4.043588129754379,4.043745034951379,4.044018512679427,4.044496332807204,4.045334426904761,4.046812002583724,4.049432953448255,4.054113264427853,4.062527462765211,4.077744905843904,4.105376205656754,4.155550276863866,4.246002719825469,4.4057731985775535,4.675587879248455,5.0905076286330635,5.610183635232697,5.988829831205308,6.173950396945581,6.173950395350455,5.988829826548061,5.610183627904852,5.090507619154167,4.675587867580463,4.405773184532206,4.246002703304419,4.155550257944851,4.105376184643101,4.0777448833045,4.062527439527658,4.054113241517483,4.049432932039757,4.046811983993468,4.045334412548942,4.044496324082688,4.044018510744111,4.043745040523962,4.043588142942119,4.043498054874801,4.043446390174686,4.043416889410168,4.043400233575056,4.043391120140629,4.043386617927036,4.043385264529872
4.043393644639607,4.04339499693585,4.043399500545724,4.043408617069645,4.04342527841147,4.043454788846291,4.043506469120238,4.043596580902494,4.0437535134101115,4.044027034618571,4.0445049221060705,4.045343118380723,4.04682084628,4.049442020338002,4.054122653856532,4.06253731203897,4.077755402307004,4.105387601323504,4.15556290497948,4.246017010577115,4.405789685144361,4.675607169396875,5.090530279652294,5.610209810765236,5.988858698887222,6.1739806776251855,6.173980675926423,5.988858693925497,5.610209802945453,5.090530269492474,4.6756071568148005,4.405789669868217,4.246016992412688,4.1555628839268905,4.105387577647047,4.077755376585237,4.062537285164839,4.054122626985835,4.04944199485132,4.046820823770181,4.045343100614878,4.044504910896412,4.044027031553531,4.043753519591961,4.043596596661567,4.0435064940369,4.043454821542857,4.043425316881043,4.043408659108435,4.043399544380231,4.043395040735717,4.043393686321651
4.043401800649846,4.043403154032033,4.043407660300957,4.043416780575643,4.043433447457191,4.043462966273504,4.043514659244136,4.0436047904648005,4.043761752555761,4.044035318515894,4.044513273141938,4.04535156926771,4.0468294441640715,4.049450832252582,4.0541317738646,4.062546870393337,4.077765577000702,4.1053986320950715,4.155575109161854,4.246030798150621,4.405805564586471,4.675625720662538,5.090552034891272,5.610234926775185,5.988886381923313,6.174009707889444,6.174009706040382,5.9888863765226725,5.610234918264668,5.090552023829512,4.675625706958345,4.4058055479174145,4.246030778261721,4.155575086009723,4.105398605929212,4.077765548414272,4.062546840324973,4.054131743557448,4.049450803221431,4.046829418185656,4.045351548369998,4.044513259460528,4.04403531399557,4.043761758632911,4.043604807675099,4.043514687233687,4.0434630034781875,4.043433491565685,4.0434168288937045,4.043407710536451,4.043403203957791,4.043401848005182
4.043409653502461,4.043411008359333,4.043415518209387,4.043424643624345,4.043441317726791,4.043470846626999,4.043522553854725,4.0436127057231035,4.0437696980357405,4.044043308470951,4.044521328640072,4.045359721132007,4.046837736898471,4.049459329209897,4.054140564071145,4.062556077282317,4.077775369408374,4.105409237619789,4.1555868292792715,4.246044022582474,4.4058207769349815,4.675643472781147,5.090572833439705,5.610258921463043,5.988912817810942,6.174037424853335,6.174037422764946,5.9889128117191754,5.610258911890387,5.090572821048328,4.67564345751595,4.405820758478367,4.24604400068761,4.155586803925072,4.1054092090854555,4.077775338313088,4.062556044589188,4.05414053105897,4.04945929744013,4.0468377082239275,4.045359697716698,4.044521312797639,4.044043302378432,4.043769703359185,4.043612723160488,4.043522583105998,4.043470886024167,4.043441364793967,4.043424695369997,4.043415571927935,4.043411061521029,4.043409703763849
4.043417169604591,4.04341852618318,4.0434230401509375,4.043432171530071,4.0434488537856375,4.043478393542672,4.043530115546042,4.0436202881505565,4.043777310216431,4.044050963826559,4.044529047061689,4.045367531702889,4.046845681651046,4.049467467994164,4.054148981022016,4.062564889137897,4.077784735943579,4.105419374343649,4.155598021809441,4.24605664030476,4.4058352783987775,4.675660381461507,5.090592630181689,5.610281748682835,5.9889379596026835,6.174063781142393,6.174063778690923,5.98893795246602,5.6102817375161935,5.090592615831015,4.675660363969628,4.405835257535179,4.246056615927848,4.155597994006254,4.105419343476568,4.077784702675621,4.062564854446493,4.054148946175621,4.049467434514371,4.0468456513503845,4.045367506714403,4.044529029685369,4.044050956302692,4.043777314274611,4.043620304572553,4.043530144070108,4.043478432536199,4.043448900805509,4.043432223563094,4.043423094226766,4.043418579568058,4.043417219949844
4.043424323985674,4.043425682407791,4.043430200703385,4.043439338428534,4.043456029211915,4.043485579946243,4.0435373165392114,4.043627509224261,4.0437845598550295,4.044058254696279,4.04453639799221,4.04537497014121,4.046853247241569,4.049475217192069,4.054156993159335,4.062573274319017,4.077793644921781,4.10542901053138,4.155608654913813,4.246068619278759,4.405849036571194,4.675676413677179,5.090611391178229,5.610303373406077,5.988961771424668,6.174088740432982,6.174088737467612,5.988961762810838,5.610303359993449,5.090611374095412,4.675676393140736,4.405849012534042,4.246068591810243,4.155608624295214,4.105428977265317,4.077793609752971,4.062573238249824,4.054156957408107,4.049475183160247,4.046853216576613,4.045374944754105,4.044536379973953,4.044058246148421,4.043784562347428,4.0436275235063075,4.043537342362986,4.0434856158888035,4.043456073089223,4.043439387524156,4.04343025196265,4.043425732992838,4.043424371625497
4.043431097874124,4.043432458143199,4.043436980675225,4.043446124729759,4.043462823943552,4.043492385298365,4.043544135834763,4.043634347502257,4.043791425097194,4.044065158864346,4.044543358926111,4.04538201374351,4.046860410787242,4.049482553767712,4.054164577335401,4.062581209584285,4.077802073021941,4.1054381227660155,4.155618704998615,4.246079935605871,4.4058620270828,4.675691544366341,5.090629090419599,5.610323768528287,5.988984225335341,6.174112274347716,6.174112270707311,5.988984214782847,5.610323752177145,5.0906290697930165,4.67569151993726,4.405861999078032,4.2460799043945245,4.155618671133722,4.105438086964998,4.077802036171685,4.062581172719869,4.054164541580217,4.049482520334221,4.046860381036324,4.045381989200285,4.044543341314586,4.044065149908261,4.043791425962739,4.043634358778467,4.043544157254541,4.043492415809029,4.043462861815671,4.043446167830273,4.043437026057178,4.0434325029758496,4.0434311400820775
4.043437476939728,4.043438838951677,4.043443365353843,4.043452515333475,4.043469222439276,4.043498793689014,4.0435505572364825,4.043640786593704,4.043797889402584,4.044071659664708,4.044549913045443,4.045388645610522,4.046867155327226,4.04948946066381,4.05417171639621,4.062588677667189,4.0778100028331945,4.105446693473443,4.15562815426982,4.246090571140884,4.405874231257792,4.67570575411868,5.090645707548224,5.610342912632014,5.989005299123373,6.17413436028029,6.174134355830827,5.989005286246406,5.610342892763599,5.090645682705716,4.6757057250981395,4.4058741986184105,4.246090535615538,4.155628116765873,4.1054466550110265,4.077809964487339,4.06258864049591,4.0541716814028845,4.049489428824953,4.0468671276169825,4.045388623072079,4.0445498968979265,4.044071650989095,4.043797888791618,4.043640794367703,4.043550573061898,4.043498816964689,4.043469251993163,4.043452549795173,4.043443402069557,4.043438875239424,4.043437511082873
4.043443450002457,4.043444813560619,4.043449343235379,4.043458498376944,4.043475212444583,4.043504792584425,4.043556568037137,4.043646813757939,4.043803940059379,4.044077744475488,4.044556047706079,4.045394853034035,4.046873468133555,4.049495925087808,4.054178397447809,4.062595665563906,4.077817421183525,4.105454709239974,4.1556369890180065,4.2461005117914965,4.405885634463713,4.675719027561683,5.0906612262620845,5.610360788412827,5.989024974769204,6.17415497988523,6.174154974566184,5.989024959396798,5.610360764778994,5.090661196920495,4.675718993645148,4.405885596874476,4.246100471664516,4.155636947678807,4.1054546680641,4.077817381458276,4.062595628393953,4.054178363735283,4.049495895537968,4.04687344328663,4.045394833425171,4.044556033896656,4.044077736713191,4.043803938342145,4.043646818003711,4.043556577764797,4.043504807597916,4.043475232115916,4.043458522133704,4.0434493688829765,4.043444838756602,4.043443473581218
4.043449008078374,4.043450372905103,4.043454905082421,4.04346406433819,4.043480784165968,4.04351037203967,4.0435621582272505,4.043652419037063,4.0438095671588465,4.044083403543579,4.044561753285937,4.045400626355073,4.04687933951671,4.049501937317385,4.0541846106475266,4.062602163276286,4.0778243179022455,4.105462159645499,4.155645198476059,4.246109746359793,4.405896224964931,4.6757313522612085,5.090675633249872,5.610377381614606,5.989043237366854,6.174174118000123,6.174174111882441,5.989043219700267,5.610377354512597,5.090675599747099,4.675731313783366,4.405896182717983,4.2461097018579075,4.15564515345521,4.105462115845451,4.077824276863963,4.062602126210756,4.05418457838025,4.049501910292007,4.0468793179041125,4.0454006101904305,4.0445617423457385,4.044083397248079,4.043809564939376,4.043652420189568,4.043562162055957,4.04351037858579,4.043480793218746,4.043464076000774,4.0434549177293,4.043450384768977,4.04344901874262
4.04345414368756,4.043455509439931,4.0434600432635275,4.0434692054186065,4.043485929693786,4.043515524127184,4.043567319946509,4.0436575947464615,4.043814763076413,4.044088629230578,4.044567022267956,4.045405958066065,4.046884761893039,4.049507489759367,4.054190348350672,4.062608162981091,4.077830684924463,4.105469036357899,4.155652773987446,4.2461182657787075,4.405905993181568,4.675742717994229,5.090688917498096,5.610392680374373,5.989060074471839,6.174191761959221,6.174191755254022,5.989060055115048,5.610392650709037,5.09068888089482,4.675742676069048,4.40590594733731,4.246118217804019,4.155652725948554,4.105468990324536,4.0778306427054005,4.062608125933884,4.054190317298555,4.049507465031157,4.046884743424165,4.045405945371418,4.044567014337771,4.044088624809805,4.043814760947795,4.04365759345316,4.043567318626394,4.043515522757988,4.0434859282189635,4.0434692043436895,4.043460041534721,4.04345550610615,4.043454139250947
4.04345885036107,4.043460216669719,4.043464751347201,4.043473915213376,4.043490642697247,4.043520242555284,4.043572046962194,4.0436623348751946,4.043819522063175,4.044093415712592,4.044571848756421,4.045410842253533,4.0468897291905455,4.049512576189866,4.054195604283541,4.062613658319947,4.077836515686004,4.105475332530851,4.1556597083981455,4.246126062555974,4.405914931208116,4.675753116312061,5.090701069862615,5.610406674791306,5.9890754756692735,6.174207901159841,6.17420789421055,5.989075455602987,5.61040664402743,5.090701031879798,4.675753072775041,4.405914883575591,4.2461260127324465,4.1556596586242875,4.10547528509003,4.077836472616618,4.062613621195183,4.054195574097636,4.049512553336258,4.046889713415235,4.04541083255178,4.044571843506672,4.044093413116065,4.043819520194968,4.043662331750313,4.043572041564541,4.0435202343134105,4.043490631371585,4.043473901406539,4.043464734466712,4.0434601967544905,4.043458828905551
4.043463122304381,4.043464488813187,4.0434690237796715,4.04347818846556,4.0434949182811994,4.043524522632776,4.043576334540957,4.043666634565281,4.0438238394920845,4.044097758514492,4.044576228176562,4.045415274283358,4.046894236639379,4.049517191529329,4.054200373068632,4.062618643737493,4.077841804507233,4.105481042337233,4.155665995687968,4.246133130428627,4.405923032470144,4.67576254021931,5.090712082787225,5.610419356674079,5.989089432310141,6.174222526755774,6.174222519981758,5.989089412739863,5.610419326635739,5.090712045614429,4.675762497475474,4.405922985504719,4.246133081051953,4.15566594610045,4.105480994878125,4.077841761391919,4.062618606811608,4.054200343599865,4.049517170029436,4.046894222700497,4.045415266563198,4.044576224705638,4.044097757055415,4.043823837615749,4.0436666300740205,4.043576325931155,4.043524508375779,4.043494897834268,4.043478162334374,4.043468991599413,4.043464451613721,4.043463082507617
4.043466954313746,4.043468320675066,4.043472855616003,4.043482020649429,4.04349875245139,4.043528360947216,4.043580179556346,4.043670490366894,4.043827711592106,4.044101653913673,4.0445801567913655,4.045419250319894,4.046898280320692,4.049521331648053,4.054204650217591,4.062623114404633,4.077846546351234,4.105486160652791,4.155671630689851,4.246139464149171,4.405930291538616,4.675770983963306,5.090721950043731,5.610430719240368,5.989101937197672,6.174235631355997,6.174235625222332,5.9891019194671005,5.61043069197965,5.090721916175772,4.675770944797077,4.4059302481459115,4.2461394180355665,4.155671583801186,4.105486115203301,4.077846504604501,4.0626230784034405,4.0542046214728344,4.049521310828858,4.0468982670478235,4.04541924321682,4.044580153779832,4.044101652493695,4.043827709078244,4.043670484280643,4.043580167566832,4.043528340772151,4.0434987234232675,4.043481982930806,4.043472808716187,4.043468266422315,4.043466895949128
4.043470341990766,4.043471707866788,4.043476242659793,4.043485407909028,4.043502141541356,4.043531754288001,4.043583579468474,4.043673900055591,4.043831135830405,4.044105099050031,4.044583631556099,4.045422767087286,4.046901856712021,4.049524992808717,4.054208431782916,4.062627066187938,4.077850736969276,4.105490683186283,4.155676609101781,4.246145059380322,4.405936703961156,4.675778442850794,5.090730666554907,5.610440756945833,5.989112984412052,6.174247208836343,6.174247203803992,5.989112969859695,5.610440734528321,5.090730638540118,4.675778410153357,4.405936667211509,4.2461450195738735,4.155676567720854,4.105490642130264,4.07785069838288,4.0626270321726645,4.054208404009938,4.049524972135769,4.046901842971104,4.045422759128988,4.044583627425803,4.044105096172063,4.043831131316205,4.043673891039805,4.043583563033665,4.0435317279389,4.0435021044644275,4.043485359458487,4.0434761821020535,4.043471637600956,4.04347026602409
4.043473281894993,4.043474647009889,4.04347918172641,4.043488347534869,4.043505082812097,4.04353469966954,4.04358653134749,4.04367686116601,4.043834110042543,4.0441080916491545,4.044586649933922,4.045425821770996,4.046904962729377,4.049528171701781,4.054211714291192,4.062630495522118,4.0778543727895835,4.105494606431681,4.155680927504966,4.246149912742902,4.405942266287887,4.675784913213062,5.090738228289269,5.61044946532582,5.989122569127586,6.174257254151738,6.174257250625196,5.989122558926753,5.610449449562406,5.0907382083696575,4.675784889548329,4.4059422389475476,4.246149882069557,4.155680894372152,4.1054945722685,4.077854339436428,4.062630464934759,4.054211688138075,4.049528150990816,4.046904947618943,4.04542581153972,4.044586642950982,4.04410808543238,4.043834101655994,4.0436768476023,4.043586509458193,4.043534666857416,4.043505037812275,4.04348828870547,4.0434791086023765,4.043474562236859,4.0434731901226355
4.04347577155649,4.043477135708708,4.043481670342002,4.043490837485633,4.043507574662953,4.043537195355167,4.0435890330955075,4.043679371331525,4.043836631808881,4.0441106292246936,4.044589209188964,4.045428411324364,4.046907595171131,4.04953086519802,4.054214494803248,4.062633399635893,4.077857451142214,4.105497927786257,4.155684583357329,4.246154021727586,4.405946975955029,4.675790392288535,5.090744632136149,5.61045684083721,5.989130687402347,6.174265763071059,6.17426576131311,5.989130682326306,5.6104568329535915,5.090744621893026,4.6757903795675455,4.405946960232186,4.2461540026208935,4.155684561013596,4.105497902995037,4.077857425231343,4.06263337421778,4.054214471419437,4.0495308449663,4.046907578554599,4.045428397988122,4.044589197862693,4.044110617750224,4.043836617540643,4.043679351379369,4.043589004241922,4.043537154972295,4.043507521036722,4.043490768448942,4.043481586261895,4.043477038791626,4.043475666874915
4.043477809690511,4.043479172894192,4.043483707097174,4.043492875877878,4.043509615434582,4.043539239860201,4.043591083253229,4.043681428933966,4.043838699176969,4.044112709563853,4.044591306968976,4.045430533205601,4.046909751208622,4.049533070247395,4.054216770292119,4.062635775804289,4.077859969779144,4.105500645495351,4.155687575269805,4.246157385085136,4.405950831582864,4.675794878307577,5.090749875743926,5.610462880467997,5.989137335636601,6.1742727315812305,6.174272731660118,5.989137335898432,5.610462880832203,5.090749875705005,4.675794877270985,4.405950828527196,4.2461573790158065,4.1556875656784715,4.105500632507243,4.077859954056686,4.0626357583395025,4.0542167521435735,4.0495330522739295,4.046909733871903,4.045430516420714,4.044591289948045,4.044112690767588,4.043838676504707,4.043681399854245,4.043591044900981,4.043539189948397,4.04350955210275,4.043492797082311,4.043483613883546,4.043479066615393,4.043477695749641
4.043479395568938,4.0434807584025005,4.043485292298545,4.04349446239308,4.043511204302318,4.0435408320294375,4.043592680225045,4.0436830320087696,4.043840309808232,4.044114329940492,4.044592940388136,4.045432184733081,4.046911428637091,4.049534785224633,4.054218539669434,4.0626376233175865,4.077861928134267,4.1055027588943585,4.1556899023002964,4.246160001506353,4.4059538314692235,4.675798369169836,5.090753956607787,5.610467581321472,5.9891425106511065,6.174278156346271,6.17427815828976,5.989142516349833,5.610467590135192,5.090753967088821,4.675798380283468,4.405953841756672,4.246160009447221,4.155689906799184,4.105502759428104,4.077861924661397,4.06263761610814,4.05421852911611,4.0495347716645895,4.046911412229256,4.045432165381202,4.0445929176351845,4.0441143028332664,4.043840276894893,4.043682991471092,4.043592630073131,4.043540770670228,4.043511130144122,4.043494373935388,4.04348519075977,4.043480644909817,4.043479275453311
4.043480527750457,4.043481891026968,4.043486425614078,4.043495597130989,4.043512341256063,4.043541971581627,4.043593823070105,4.043684178877299,4.043841461609815,4.044115488172218,4.044594107362297,4.045433364000143,4.046912625715836,4.049536008488564,4.054219801333869,4.062638940599876,4.077863324685026,4.105504266561977,4.155691563172376,4.246161869873447,4.405955974613387,4.675800863885659,5.090756873607497,5.610470942040051,5.989146210814413,6.174282035511643,6.174282039223202,5.989146221685678,5.610470958957624,5.090756894310932,4.675800887042338,4.405955998488073,4.246161892573654,4.15569158310701,4.1055042825542385,4.077863335896524,4.062638946414065,4.05421980125433,4.049536002081111,4.046912612608781,4.04543334391176,4.04459408004741,4.044115453189551,4.043841418142583,4.043684125931508,4.043593759787229,4.04354189748657,4.043512255745187,4.043495499756059,4.043486317707038,4.043481774430598,4.043480406339475
4.0434812057433245,4.043482569663472,4.043487105357596,4.043496278359669,4.043513024394707,4.043542656573645,4.0435945099412045,4.043684867682909,4.0438421525107575,4.044116181837371,4.044594805204758,4.045434068361402,4.0469133401828135,4.049536738352073,4.05422055416458,4.062639726949143,4.077864158948997,4.105505168046508,4.155692557315962,4.246162989399628,4.405957259964561,4.675802361123263,5.09075862510033,5.610472960623468,5.989148433835303,6.174284366612121,6.174284371957667,5.989148449491664,5.610472985081758,5.09075865547989,4.675802396011398,4.405957297559842,4.246163027587274,4.1556925940981015,4.1055052016292475,4.077864187685188,4.062639749273603,4.054220568571457,4.049536743450961,4.046913334809471,4.045434051688736,4.044594776786706,4.044116141459491,4.043842100017089,4.0436848032111214,4.043594434145763,4.043542570465679,4.043512928735774,4.043496173848922,4.043486993017072,4.043482451625102,4.043481083648869
4.043481431534973,4.043482795869984,4.043487332398915,4.043496506421645,4.043513253235763,4.043542885464943,4.043594738491646,4.043685095919915,4.043842380573816,4.044116410015914,4.044595034119908,4.0454342990347065,4.046913574034499,4.049536977285916,4.05422080078689,4.062639984855266,4.077864433035975,4.105505464870492,4.155692885494504,4.246163359981686,4.405957686552512,4.675802859144818,5.090759208664719,5.610473633917811,5.989149175931155,6.174285145365689,6.174285151840787,5.989149194874384,5.610473663561688,5.090759245854126,4.6758029025649535,4.405957734395584,4.2461634099385535,4.155692935258672,4.105505512239118,4.077864475847323,4.062640020929901,4.054220827940904,4.04953699346018,4.046913577471772,4.045434288426916,4.044595008744873,4.0441163697639775,4.043842325841955,4.043685027695743,4.043594658285315,4.043542794926377,4.043513153662346,4.043496399031309,4.043487218102926,4.043482677826204,4.0434813102501135
