Model: 11_26_25_metacentric_relaxed_MCF10A_chr19_PMP1
Simulation: 11_26_25_metacentric_relaxed_MCF10A_chr19_PMP1_haspin_stripe
(SimID_300540363_0 (PDE Simulation)) 
Sim time range (0.0 500.0) (saved timepoints 51) 
Number of variables 46 
Variable names ['BUB1a', 'BUB1a_his', 'BUB1a_pKNL1', 'CPC_all', 'CPCa', 'CPCa_total', 'CPCi', 'CPCi_total', 'H2A', 'H3', 'H3_CPCa', 'H3_CPCi', 'HASPINa', 'HASPINi', 'KNL1', 'NDC80', 'NDC80_TTKa', 'NDC80_TTKi', 'NDC80_pTTKa', 'NDC80_pTTKi', 'PLK1a', 'PLK1i', 'SGO1', 'SGO1_CPCa', 'SGO1_CPCi', 'SGO1_ic', 'TIMEBOUNDS', 'TIMES', 'TTKa', 'TTKi', 'bound_CPC', 'bound_active_CPC', 'pH2A', 'pH2A_SGO1', 'pH2A_SGO1_CPCa', 'pH2A_SGO1_CPCi', 'pH3', 'pH3_CPCa', 'pH3_CPCi', 'pKNL1', 'pNDC80', 'pNDC80_TTKa', 'pNDC80_TTKi', 'pNDC80_pTTKa', 'pNDC80_pTTKi', 'pNDC80_total', 'pTTKa', 'pTTKi'] 
 
2D Slice for variable H3_CPCi at time 270.0 in plane XY at Z = 0 
 
X in rows, Y in columns 
0.7092263960713976,0.7092212230070425,0.7092055827034484,0.7091790746498927,0.7091408887592036,0.7090895513494722,0.7090224724449724,0.7089351599980582,0.7088198759727914,0.7086633408493613,0.7084428035393066,0.7081192790401749,0.7076258389189434,0.7068472091952132,0.7055840646290297,0.7034905231453638,0.6999655784135365,0.6939688088575512,0.6837233635797981,0.6662881392852318,0.6370909407868895,0.5898529466265449,0.5182542237037298,0.42477412799228137,0.37529318770274434,0.35578990774076164,0.3557899074761434,0.375293186663262,0.4247741257532657,0.5182542184519793,0.5898529395913655,0.6370909337585475,0.666288133452788,0.6837233591157016,0.6939688052062559,0.699965574842115,0.7034905191530981,0.7055840599812727,0.7068472037316041,0.707625832551804,0.7081192720645626,0.708442796730821,0.7086633347931944,0.7088198701515377,0.7089351530516365,0.7090224638963939,0.7090895428555324,0.7091408830738962,0.7091790735519555,0.7092055863968161,0.7092212320488993,0.7092264120167823
0.7092236560560465,0.7092184828445728,0.7092028427156092,0.709176334621952,0.7091381478837498,0.7090868096597831,0.7090197301420377,0.7089324174127623,0.7088171333745508,0.708660598260609,0.7084400610330663,0.7081165373207128,0.7076230996988743,0.7068444753049417,0.7055813402412278,0.7034878144937636,0.6999628951798742,0.6939661663375815,0.6837207856867586,0.6662856620296788,0.6370886150487819,0.5898508392766606,0.5182524231658416,0.42477276845992423,0.37529200920641614,0.3557887930767951,0.35578879174499645,0.37529200563890314,0.4247727636267835,0.5182524167115907,0.5898508333740565,0.6370886100420503,0.6662856575781605,0.6837207813389095,0.6939661617807404,0.6999628902471989,0.7034878090424515,0.7055813341087981,0.7068444684787633,0.7076230925763328,0.7081165306986904,0.7084400555712329,0.7086605937192216,0.7088171284629979,0.7089324107638297,0.7090197217514643,0.7090868014335373,0.7091381428818765,0.7091763361087134,0.7092028529943808,0.7092184984693033,0.7092236730200029
0.7092154321564343,0.7092102587988056,0.7091946186187097,0.709168109622591,0.7091299213563896,0.7090785812602499,0.7090115000519085,0.708924186038683,0.7088089010280378,0.7086523654782877,0.7084318292317622,0.7081083093158098,0.7076148801532516,0.7068362715510675,0.7055731638711189,0.7034796840247869,0.6999548402323157,0.6939582338853523,0.6837130486247034,0.666278229042503,0.6370816384760436,0.589844518424778,0.5182470216749823,0.42476868850795463,0.375288472299213,0.35578544891281594,0.3557854470228028,0.3752884675602756,0.4247686828572035,0.5182470155629951,0.5898445140754501,0.6370816352658167,0.6662782258241601,0.6837130445822271,0.6939582287226768,0.6999548340370568,0.703479677056493,0.7055731565461922,0.706836264560241,0.707614874271355,0.7081083047424044,0.7084318251068055,0.7086523603723615,0.7088088941661882,0.7089241780475888,0.7090114926454215,0.7090785766882187,0.7091299222771648,0.7091681181388595,0.7091946328043968,0.7092102729033379,0.7092154387875045
0.7092017139309251,0.709196541253608,0.7091809005487593,0.7091543895834196,0.7091161987235542,0.7090648559880304,0.7089977723063287,0.7089104559270893,0.7087951689213232,0.7086386326576124,0.7084180984143318,0.7080945851362036,0.7076011700463282,0.7068225874404268,0.7055595249900537,0.70346612138056,0.6999414035284701,0.6939450018274138,0.6837001430281074,0.6662658311637014,0.6370700021279363,0.5898339755837347,0.518238011667238,0.4247618823598773,0.37528257230116724,0.3557798714909837,0.3557798698911004,0.3752825682794878,0.4247618775347269,0.5182380064234201,0.5898339717686777,0.6370699990769337,0.6662658277750896,0.6837001385110183,0.6939449958748648,0.6999413962838705,0.7034661133830231,0.7055595171404474,0.7068225807588324,0.7076011650204775,0.7080945810701568,0.7084180936739731,0.7086386260356925,0.7087951609642754,0.7089104488492662,0.7089977687012642,0.7090648577712508,0.7091162065866223,0.7091544016222835,0.7091809124688153,0.7091965479004557,0.7092017105203016
0.709182485971664,0.7091773139520112,0.7091616713409198,0.7091351575033582,0.7090969634244169,0.7090456172616467,0.708978529913574,0.7088912098647703,0.7087759199679143,0.7086193828527495,0.7083988515087775,0.708075347371038,0.7075819516226267,0.706803405000304,0.7055404055784966,0.7034471086689992,0.6999225674249703,0.6939264527783902,0.6836820517019868,0.666248451383895,0.6370536893943509,0.5898191950997264,0.5182253794923692,0.4247523399519545,0.37527430102601667,0.3557720534462278,0.3557720526966496,0.37527429895720116,0.4247523369843586,0.5182253753755816,0.589819190983495,0.6370536851926079,0.6662484466384909,0.6836820460010758,0.6939264459675363,0.6999225597545982,0.7034471008078858,0.7055403983445299,0.7068033988478425,0.707581946238308,0.7080753418052018,0.7083988449211123,0.7086193754152023,0.7087759132466078,0.7088912063254769,0.7089785317605409,0.7090456250660462,0.7090969750158823,0.7091351683251621,0.7091616763130366,0.7091773108204957,0.7091824795131433
0.7091577258522924,0.7091525526577884,0.709136907477313,0.7091103903663329,0.7090721923787081,0.7090208416245919,0.7089537491957009,0.7088664242021098,0.7087511305164699,0.7085945921725613,0.7083740642169315,0.708050571333345,0.7075571999424862,0.7067786992058844,0.7055157806726512,0.7034226210560709,0.6998983071773766,0.6939025619991167,0.6836587499329684,0.6662260652830758,0.6370326767446355,0.5898001553050332,0.5182091067305404,0.42474004762690765,0.3752636467757902,0.3557619833469713,0.3557619833152851,0.37526364638653403,0.4247400462891249,0.5182091035183148,0.5898001506079021,0.6370326710482569,0.6662260588628252,0.6836587429186756,0.6939025545835291,0.6998982997717648,0.703422614157959,0.7055157744468595,0.7067786932179949,0.7075571934775841,0.7080505641028138,0.708374056797357,0.7085945858857853,0.7087511270651721,0.7088664252513704,0.7089537555670794,0.7090208520606645,0.7090722029278678,0.7091103957133754,0.7091369042828168,0.7091525443926537,0.7091577219392414
0.7091274026469987,0.7091222272902462,0.7091065794261284,0.7090800585630639,0.7090418556556628,0.708990498921769,0.7089233999252044,0.7088360685908993,0.7087207699156978,0.7085642295553728,0.7083437051041762,0.7080202253324889,0.7075268831856878,0.7067484382021518,0.7054856184052,0.703392626600757,0.699868590695779,0.6938732972926086,0.683630205686729,0.6661986415337929,0.6370069343836644,0.5897768290330271,0.5181891701523966,0.424724987557318,0.37525059363333885,0.3557496455169178,0.35574964569770046,0.3752505937717944,0.42472498675929043,0.5181891671328291,0.5897768238000833,0.637006927670571,0.6661986340565841,0.6836301979964645,0.6938732898419347,0.699868583848674,0.7033926204564318,0.7054856125895437,0.7067484320179477,0.7075268762440561,0.7080202181590696,0.7083436990763421,0.7085642262255665,0.708720770393104,0.7088360732632228,0.7089234080491049,0.7089905078803053,0.7090418610877596,0.70908005673057,0.7091065717837033,0.7091222203795928,0.7091274018861707
0.7090914790572656,0.7090863017291414,0.7090706510115287,0.7090441256474103,0.7090059165795721,0.7089545523262551,0.7088874450848205,0.7088001056949764,0.7086848004374988,0.7085282569186724,0.7083077358246613,0.7079842708395818,0.7074909626771951,0.7067125831456454,0.7054498796946601,0.7033570859318998,0.6998333783832017,0.6938386190861979,0.683596379867986,0.6661661421684081,0.6369764263224396,0.5897491833173721,0.5181655410935446,0.42470713733278986,0.37523512148876664,0.3557350205242223,0.3557350204617613,0.3752351210590701,0.4247071359238908,0.5181655374121219,0.5897491776036129,0.6369764193196947,0.6661661346440833,0.6835963724416674,0.6938386121491045,0.6998333720455611,0.7033570800241484,0.7054498738680549,0.7067125771266028,0.7074909566387643,0.7079842656352088,0.7083077327581115,0.7085282570763854,0.7086848040534164,0.7088001118996957,0.7088874518616987,0.7089545566086056,0.7090059154328521,0.7090441194202847,0.7090706444916615,0.7090862988997241,0.7090914793235944
0.7090499119690101,0.7090447332716119,0.7090290792877254,0.7090025484004456,0.7089643316944414,0.708912958141726,0.7088458406738803,0.7087584911605072,0.7086431773922782,0.7084866292919607,0.7082661111699718,0.7079426624083528,0.7074493926833164,0.7066710879404602,0.7054085180416666,0.7033159522074641,0.6997926232571432,0.6937984806003137,0.683557226376772,0.6661285223994418,0.6369411099285472,0.5897171787936949,0.5181381850367219,0.4246864700206888,0.37521720646256285,0.3557180856896997,0.3557180851967205,0.37521720496707706,0.42468646739316523,0.518138180191338,0.5897171726459656,0.6369411031493083,0.666128515512697,0.6835572197678685,0.6937984744380531,0.6997926174732866,0.7033159466435747,0.7054085126765439,0.7066710830180161,0.7074493887077086,0.7079426600906512,0.7082661112649297,0.7084866321649085,0.708643182441956,0.7087584965665614,0.7088458437991377,0.7089129567896626,0.7089643261839073,0.7090025425238843,0.7090290766018996,0.7090447333168132,0.709049912607423
0.7090026521243483,0.7089974724564653,0.7089818145063723,0.7089552767843358,0.7089170506887083,0.7088656657644471,0.7087985357642778,0.7087111737335636,0.7085958492165239,0.7084392948039485,0.7082187789344208,0.7078953474450143,0.7074021201612046,0.7066238990678111,0.7053614795016301,0.7032691712029749,0.699746271046997,0.693752827834569,0.6835126919142785,0.666085730258125,0.6369009355010009,0.5896807694002257,0.5181070616311421,0.4246629544157144,0.37519682120276093,0.3556988152109833,0.35569881434684747,0.3751968187515025,0.4246629506401081,0.5181070556997561,0.5896807629411573,0.6369009291157768,0.6660857241601528,0.6835126862112004,0.6937528225535096,0.6997462661267386,0.7032691666224276,0.705361475475474,0.7066238960728941,0.7074021187292726,0.7078953479398752,0.7082187814447065,0.7084392989557002,0.7085958537881157,0.7087111765545206,0.7087985346801766,0.7088656606730689,0.708917044738864,0.7089552737415211,0.7089818145639148,0.7089974736568202,0.7090026541199452
0.7089496436712244,0.7089444629434329,0.7089288000406555,0.7089022539238463,0.7088640164404686,0.7088126177825934,0.7087454726184028,0.7086580953308927,0.7085427574489808,0.7083861945630305,0.7081656797361643,0.7078422660286913,0.7073490846359277,0.7065709555390798,0.7053087026763055,0.7032166812696717,0.6996942600617154,0.6937015993390753,0.6834627157069502,0.6660377063567835,0.6368558461660128,0.5896399024686588,0.5180721249303558,0.4246365551842649,0.3751739348568384,0.35567717992637493,0.35567717885921774,0.3751739318595884,0.42463655071919354,0.518072118354117,0.5896398958936118,0.636855840191668,0.6660377010053664,0.6834627109121835,0.6937015950828748,0.6996942563610319,0.7032166782105971,0.7053087005247075,0.706570954740348,0.7073490855655843,0.7078422686721241,0.7081656835691438,0.7083861985860986,0.7085427601884694,0.7086580951273368,0.7087454688391958,0.7088126122625623,0.7088640125486491,0.7089022530232229,0.7089288008766664,0.7089444648791248,0.708949647042856
0.7088908238037318,0.7088856414628825,0.7088699724212375,0.7088434161730901,0.7088051650739696,0.7087537500179347,0.7086865866962189,0.7085991909858587,0.7084838366203354,0.7083272625252378,0.7081067469052582,0.7077833508458791,0.7072902181742327,0.7065121888673144,0.705250118628551,0.7031584131597345,0.6996365209374641,0.6936447259399736,0.683407229286441,0.6659843837896733,0.636805777921265,0.5895945188594904,0.5180333234818509,0.4246072327813184,0.3751485128448157,0.35565314701182027,0.3556531458788863,0.375148509661114,0.4246072280789889,0.5180333167454416,0.5895945124400175,0.6368057724690762,0.6659843792651885,0.6834072255293532,0.6936447228877927,0.699636518639493,0.7031584117461455,0.7052501183235335,0.7065121899606015,0.7072902208031114,0.7077833546683026,0.7081067509710826,0.7083272655096281,0.7084838372919783,0.7085991888511626,0.7086865827244677,0.7087537464343155,0.7088051633833046,0.7088434160362664,0.7088699734859942,0.7088856440685737,0.7088908271095352
0.7088261226557138,0.7088209379118546,0.7088052614451101,0.708778693164592,0.7087404259541522,0.7086889914800425,0.7086218065631236,0.7085343887218374,0.7084190141245531,0.7082624253924155,0.7080419064195898,0.7077185271515158,0.7072254453393119,0.7064475229808277,0.7051856507362326,0.7030942898298116,0.6995729764242002,0.6935821305497384,0.6833461563524836,0.6659256880507565,0.6367506595787257,0.589544552870802,0.517990600140081,0.4245749432115359,0.375120516601362,0.3556266797757928,0.355626678637519,0.37512051341967667,0.42457493857870127,0.5179905936781495,0.5895445469750118,0.6367506549085286,0.6659256845438499,0.6833461537852041,0.6935821287921881,0.6995729755025233,0.7030942898746001,0.7051856519000578,0.7064475253547469,0.7072254488002959,0.7077185311408041,0.7080419098787304,0.7082624271289607,0.7084190135457327,0.7085343864509049,0.7086218042150443,0.7086889902822144,0.7087404257448887,0.7087786936493885,0.7088052630846946,0.7088209405956309,0.7088261249544197
0.7087554634105254,0.7087502754811086,0.708734590222083,0.7087080077906494,0.7086697216376127,0.7086182642810684,0.7085510537702743,0.7084636094248155,0.70834821010639,0.7081916025194886,0.7079710768206954,0.7076477126739441,0.7071546830680463,0.7063768740690466,0.7051152145193378,0.703024226271145,0.6995035412355474,0.693513728036837,0.6832794126424396,0.6658615368725006,0.6366904125469542,0.5894899319590782,0.5179438917608109,0.42453963779897325,0.37508990341776793,0.3555977376013163,0.3555977364936671,0.375089900370432,0.4245396334959986,0.5179438860055738,0.5894899270041961,0.6366904089488378,0.6658615345246179,0.6832794112851737,0.6935137274939985,0.6995035414981026,0.7030242274433095,0.705115216668724,0.7063768770903871,0.7071546866116727,0.7076477161114242,0.7079710793169409,0.7081916034041198,0.7083482094818458,0.7084636083685396,0.7085510534786993,0.7086182648964009,0.7086697226932881,0.7087080094112738,0.7087345924238683,0.7087502777887673,0.7087554652588152
0.708678762456571,0.7086735706784094,0.7086578751291563,0.7086312761458582,0.7085929678021072,0.7085414835396605,0.7084742427483735,0.7083867667415682,0.7082713373617968,0.7081147058058787,0.7078941690842181,0.7075708174566063,0.7070778404853915,0.7063001503817031,0.705038717441669,0.7029481293267472,0.6994281218814938,0.6934394250591945,0.683206905742401,0.6657918399951284,0.6366249505578051,0.5894305764536731,0.5178931289621821,0.4245012630487971,0.3750566263668881,0.3555662759054912,0.35556627489852666,0.3750566236559239,0.42450125938110317,0.5178931243358438,0.5894305727855399,0.6366249482111579,0.6657918388061782,0.6832069054552113,0.693439425500319,0.699428123022721,0.7029481312321619,0.7050387200998157,0.7063001535505382,0.7070778436912034,0.7075708201405443,0.7078941708111002,0.708114706517596,0.7082713375810249,0.7083867673320762,0.7084742441534444,0.708541485539373,0.7085929702324256,0.7086312788558669,0.7086578775920117,0.7086735730348778,0.708678764789358
0.7085959294586816,0.7085907332575498,0.7085750257348139,0.7085484074520462,0.7085100731519358,0.7084585572803436,0.7083912807161544,0.7083037669893038,0.7081883012319281,0.7080316395615506,0.707811086452275,0.7074877436585026,0.7069948186806079,0.7062172519910138,0.7049560586670619,0.7028658974446078,0.699346616416339,0.693359119803396,0.6831285348180085,0.6657164988965665,0.6365541794107887,0.5893663993372236,0.5178382359658757,0.42445976054424794,0.37502063421228765,0.3555322460096165,0.3555322452021012,0.3750206320858404,0.4244597578054822,0.517838232767475,0.5893663971087635,0.6365541783107628,0.6657164987280163,0.6831285353657772,0.6933591209339985,0.6993466180968664,0.7028658996943304,0.7049560614232172,0.7062172549803665,0.7069948214563639,0.7074877458307951,0.7078110879498128,0.7080316407243115,0.7081883026428664,0.7083037690738729,0.7083912834696117,0.7084585605455438,0.7085100767110861,0.7085484107387117,0.70857502860259,0.7085907365078341,0.7085959324681437
0.7085068673159401,0.7085016661263217,0.7084859447136419,0.70845930395008,0.7084209392972564,0.7083693863221011,0.7083020675718836,0.708214509033962,0.7080989994588565,0.7079423003348466,0.7077217242317285,0.707398385324738,0.7069055104537395,0.7061280705166924,0.7048671287632038,0.7027774203596721,0.6992589141012515,0.6932727016366632,0.6830441902712996,0.6656354064719416,0.6364779966885135,0.5892973060039796,0.5177791303988256,0.42441506678428015,0.37498187124641064,0.3554955949419717,0.3554955944073742,0.37498186986966664,0.4244150651174666,0.5177791286786503,0.589297305119494,0.6364779966472608,0.6656354070893404,0.6830441913957791,0.6932727031867203,0.6992589160430809,0.702777422667407,0.7048671313512337,0.706128073176133,0.7069055128975501,0.7073983873824823,0.7077217260493309,0.7079423023455379,0.7080990020803677,0.7082145123737165,0.7083020714942582,0.7083693906114953,0.7084209434704413,0.7084593076871177,0.7084859485633994,0.7085016706577516,0.7085068707419958
0.7084114720508453,0.7084062652511736,0.7083905277290687,0.708363860762915,0.7083254606210384,0.7082738641409756,0.7082064957333847,0.7081188841041958,0.7080033219752975,0.7078465766780707,0.7076259695356512,0.7073026281049375,0.7068098000114255,0.7060324887979382,0.7047718093478735,0.7026825787139618,0.6991648950014324,0.6931800506891578,0.6829537533206826,0.6655484466252557,0.636396291372275,0.5892231939063028,0.5177157229770077,0.4243671129254298,0.3749402770599243,0.35545626522347934,0.3554562649664014,0.37494027641885175,0.4243671122430249,0.5177157225090576,0.5892231940644513,0.6363962920857797,0.6655484477572041,0.6829537547873171,0.6931800524565591,0.6991648970368411,0.702682580953779,0.7047718116973019,0.7060324911479847,0.7068098022861001,0.7073026303547795,0.7076259720030589,0.7078465797002723,0.7080033257378008,0.7081188885195527,0.7082065005661441,0.7082738690191306,0.7083254652088622,0.7083638653752569,0.708390532925217,0.7084062708419091,0.7084114758666511
0.7083096326576972,0.7083044195126666,0.7082886632713985,0.7082619657424597,0.7082235241228831,0.7081718766823147,0.7081044499129779,0.7080167755338796,0.7079011506153664,0.7077443488261654,0.7075237009325562,0.7072003488771469,0.7067075625684376,0.7059303804735415,0.7046699726474756,0.7025812435938251,0.6990644295033202,0.6930810373537383,0.6828570954885417,0.6654554937547366,0.63630894333957,0.5891439520819175,0.5176479170833442,0.4243158244512537,0.3748957862647245,0.3554141946420895,0.35541419460011064,0.37489578618134944,0.42431582448128513,0.517647917463922,0.5891439528929288,0.6363089444894825,0.6654554951610678,0.6828570971194552,0.6930810392082347,0.6990644315547758,0.7025812457622208,0.7046699748401368,0.7059303826645738,0.7067075648561264,0.7072003514849599,0.7075237041418991,0.7077443528347099,0.7079011553842426,0.7080167807906105,0.7081044552872962,0.7081718818914426,0.7082235293774214,0.7082619715879133,0.708288669641852,0.7083044257459943,0.7083096370016566
0.7082012308918726,0.708196010489035,0.708180232454866,0.7081534992708625,0.7081150091894137,0.7080633020934928,0.707995806819556,0.7079080584276884,0.7077923587340952,0.7076354882686646,0.7074147879756773,0.7070914152406693,0.7065986638092976,0.705821609416622,0.7045614809093029,0.7024732759240646,0.6989573776944786,0.6929755216548785,0.6827540779640502,0.6653564121196778,0.6362158227529136,0.5890594605894447,0.5175756082791776,0.4242611207974355,0.37484832818243063,0.35536931599011,0.35536931607221717,0.37484832841591725,0.4242611212163052,0.5175756090911003,0.5890594617037654,0.6362158240909743,0.6653564136394164,0.6827540796569586,0.6929755235291881,0.6989573797312786,0.7024732780565003,0.704561483072633,0.7058216116459253,0.7065986663001117,0.7070914183002438,0.7074147918777592,0.7076354930833071,0.707792364241993,0.7079080642123146,0.707995812510564,0.7080633077558707,0.7081150153762334,0.7081535061756064,0.7081802394992502,0.7081960169897762,0.7082012356665469
0.7080861409714554,0.7080809121744533,0.7080651087441641,0.708038333952999,0.7079997872453706,0.7079480103500175,0.7078804347543761,0.7077925992074331,0.7076768106944975,0.7075198571787036,0.7072990905782766,0.7069756848412532,0.7064829591669315,0.70570602897224,0.7044461856061457,0.7023585256498217,0.6988435885336876,0.6928633524179885,0.682644550783179,0.6652510550461043,0.6361167893137598,0.5889695898414138,0.5174986837498372,0.4242029149319891,0.37479782649094906,0.3553215567389347,0.3553215568677116,0.3747978268430014,0.42420291548894973,0.5174986846952049,0.5889695910304374,0.6361167906946393,0.6652510566015768,0.6826445525039776,0.692863354298224,0.6988435905554531,0.7023585277802663,0.7044461878392553,0.70570603140065,0.7064829620174198,0.7069756884050238,0.7072990950531183,0.707519862517894,0.7076768165947348,0.7077926052756709,0.707880440821287,0.7079480167197527,0.7079997942605312,0.7080383413436374,0.7080651159055893,0.708080918589835,0.7080861459202732
0.7079642291728944,0.7079589905981775,0.7079431575399314,0.7079163341527666,0.7078777212631131,0.7078258627347066,0.7077581930322105,0.7076702549601996,0.7075543611459728,0.707397307628327,0.7071764581682675,0.7068530044647547,0.706360292856721,0.7055834809371234,0.7043239263714477,0.7022368306407025,0.6987228987408367,0.6927443661636667,0.6825283517474743,0.6651392638931628,0.6360116913060297,0.5888741997635114,0.5174170216200065,0.42414111284195183,0.3747441987931233,0.35527083862621056,0.35527083875909615,0.37474419915794827,0.424141113411251,0.5174170225651107,0.5888742009344234,0.6360116926762648,0.6651392654631477,0.6825283535015308,0.6927443680745513,0.6987229007845718,0.7022368328189161,0.7043239287439753,0.7055834836494225,0.7063602961267803,0.7068530084999677,0.7071764630414696,0.7073973132080864,0.7075543671764669,0.7076702612486073,0.7077581996349519,0.7078258698290122,0.7078777286815419,0.7079163414362055,0.707943164348338,0.7079589966901558,0.7079642342322549
0.7078353532690579,0.7078301032501042,0.7078142355566396,0.7077873553463678,0.7077486650879464,0.7076967110920213,0.7076289311362268,0.7075408724972969,0.7074248540001491,0.7072676804882901,0.7070467285129441,0.7067232087877592,0.7062304965575965,0.7054537941798972,0.7041945295703933,0.7021080152273712,0.6985951313173042,0.6926183856348277,0.6824053049853983,0.665020866681013,0.6359003643299719,0.5887731386821965,0.5173304900449526,0.4240756128506662,0.37468735604507875,0.3552170771136719,0.3552170772407751,0.37468735640054607,0.4240756134126959,0.5173304909873578,0.588773139846204,0.6359003657019031,0.6650208682768691,0.6824053067934501,0.6926183876202218,0.6985951334529755,0.7021080175341919,0.704194532145363,0.7054537971902504,0.7062305001873469,0.7067232131500744,0.7070467335792804,0.7072676861171976,0.7074248600731663,0.7075408790379947,0.7076289382418006,0.7076967185851663,0.7077486724408576,0.7077873621654378,0.7078142417998401,0.7078301090720653,0.7078353585399848
0.7076993617002822,0.7076940982162636,0.7076781899420506,0.707651243225538,0.7076124624678598,0.7075603967353655,0.7074924874984234,0.7074042870207254,0.7072881209899068,0.7071308038792717,0.706909726064178,0.7065861186247425,0.7060933875751004,0.7053167827374108,0.7040578063477412,0.7019718882193177,0.6984600935542548,0.6924852178209706,0.6822752190252642,0.6648956762543221,0.6357826296078425,0.5886662418328344,0.5172389459818361,0.4240063046869252,0.3746272017755034,0.355160180658906,0.35516018079015627,0.3746272021485835,0.4240063052811172,0.5172389469877654,0.5886662430574869,0.635782631035266,0.6648956779125094,0.682275220918497,0.6924852199274357,0.6984600958547955,0.7019718907372707,0.7040578091730847,0.7053167860114773,0.7060933914313106,0.7065861231179067,0.7069097311471596,0.7071308094778797,0.7072881271102887,0.7074042937506722,0.7074924947799677,0.7075604041355387,0.7076124694447877,0.7076512495496541,0.707678195800576,0.7076941040235218,0.7076993670752684
0.7075560923477273,0.7075508129498898,0.7075348570474776,0.7075078323977347,0.7074689456120279,0.707416748850011,0.7073486877611832,0.70726032024623,0.7071439796437483,0.7069864909900946,0.706765259624725,0.7064415384591509,0.7059487662617653,0.7051722431527221,0.7039135499125403,0.7018282401653785,0.698317574298787,0.6923446512635689,0.6821378841816018,0.6647634878030432,0.6356582917060098,0.5885533293593547,0.5171422335403716,0.42393306822900134,0.37456363102839807,0.3551000497364115,0.35510004988985905,0.3745636314658327,0.4239330689161199,0.5171422346942555,0.588553330725549,0.6356582932578032,0.6647634895767723,0.6821378862012467,0.6923446535301401,0.6983175768073907,0.701828242931808,0.7039135529907495,0.7051722466273512,0.705948770214203,0.7064415429319927,0.7067652646226529,0.7069864965250944,0.7071439857544015,0.7072603269171092,0.707348694753921,0.7074167557503167,0.7074689521187647,0.7075078384649027,0.7075348629168001,0.7075508188358481,0.7075560973725353
0.7074053707800109,0.7074000725524534,0.7073840606565821,0.7073569444610182,0.7073179330762784,0.7072655822012939,0.7071973423100578,0.7071087777416182,0.7069922304098455,0.70683453698244,0.7066131190466032,0.7062892529603746,0.7057964123856142,0.7050199507334036,0.7037615317285224,0.7016768395211953,0.6981673401457263,0.6921964523230397,0.6819930689560613,0.6646240754696068,0.6355271354377694,0.5884342036139416,0.5170401817714798,0.42385577182437045,0.3744965289528125,0.3550365755341936,0.3550365757284248,0.3744965295026763,0.42385577266514796,0.517040183147734,0.5884342051853875,0.6355271371676198,0.66462407740463,0.6819930711383346,0.6921964547719236,0.6981673428649584,0.7016768425138394,0.7037615350092742,0.7050199543337511,0.7057964163511052,0.7062892573462186,0.7066131239147843,0.7068345423828022,0.706992236325563,0.707108784014495,0.7071973486587363,0.7072655884329418,0.7073179391873806,0.7073569505310304,0.7073840667000575,0.7074000782189134,0.7074053749472509
0.7072470077927684,0.7072416873108023,0.7072256093822321,0.7071983851915795,0.7071592267368219,0.7071066938852688,0.7070382427651803,0.7069494451219305,0.7068326525390831,0.7066747145711639,0.7064530705343681,0.7061290220458011,0.705636079994397,0.7048596542687129,0.7036014961427042,0.7015174272549046,0.6980091300916457,0.6920403599582007,0.6818405150282106,0.6644771876525187,0.6353889216018723,0.5883086454674882,0.5169326016719687,0.42377427002842216,0.3744257689187737,0.35496963821902694,0.35496963846753954,0.374425769616971,0.42377427106851245,0.5169326033190684,0.5883086472734681,0.6353889235240318,0.6644771897568551,0.6818405173769321,0.6920403625818717,0.6980091329916817,0.7015174304167608,0.7036014995511478,0.70485965792442,0.705636083928136,0.7061290263220552,0.7064530752268918,0.7066747197032276,0.7068326580195565,0.7069494507447592,0.7070382483648191,0.7071066995070943,0.7071592325502064,0.7071983912281256,0.7072256152524813,0.7072416922253355,0.7072470108773826
0.7070807959201838,0.7070754491106882,0.7070592928792995,0.707031940524469,0.706992607510213,0.7069398587204707,0.7068711569711373,0.7067820825941656,0.7066649981810994,0.7065067676962674,0.7062848499335493,0.7059605738380771,0.7054674901051879,0.7046910685258456,0.7034331527727725,0.7013497092192597,0.6978426479939579,0.6918760783837112,0.6816799302359569,0.6643225404538774,0.6352433810669739,0.5881764092184021,0.5168192820808237,0.4236884005242214,0.37435120996947163,0.3548991045999567,0.3548991049073924,0.37435121082908396,0.4236884017802339,0.5168192840077208,0.5881764112463136,0.6352433831490321,0.6643225426847372,0.6816799327055222,0.6918760811345113,0.6978426510201158,0.7013497124850847,0.7034331562392327,0.7046910721782202,0.7054674939688944,0.7059605779694144,0.7062848543741878,0.7065067724159048,0.7066650030598605,0.7067820875020759,0.7068711619166387,0.7069398638589452,0.7069926129605765,0.7070319460887953,0.707059297900443,0.7070754528442483,0.7070807979988847
0.7069065044237608,0.7069011262632767,0.70688487645015,0.706857370877118,0.7068178292895938,0.7067648226726626,0.7066958218190444,0.7066064171380979,0.7064889839283791,0.7063304024615347,0.7061081531171424,0.7057835945765376,0.7052903202399211,0.7045138635261411,0.7032561656532,0.7011733453064349,0.6976675518816831,0.6917032666950994,0.6815109786903977,0.6641598084870677,0.6350902065085396,0.5880372155161104,0.5166999840069363,0.42359797988333187,0.37427269333210705,0.3548248249381831,0.35482482529988507,0.37427269434010896,0.4235979813350939,0.5166999861743391,0.5880372177118286,0.6350902086818295,0.6641598107638209,0.6815109811936726,0.6917032694854744,0.6976675549510952,0.7011733486012335,0.7032561691128499,0.7045138671210208,0.705290323984305,0.7057835985041169,0.706108157228182,0.7063304066906686,0.706488988182557,0.7066064214090664,0.7066958262253618,0.7067648273176507,0.7068178340681632,0.706857375356504,0.7068848800558102,0.7069011286633026,0.7069065056547664
0.7067238721109637,0.7067184561793027,0.7067020934637681,0.7066744031444733,0.7066346103181181,0.7065812934453902,0.7065119329603401,0.7064221313075947,0.7063042787066108,0.706145274145399,0.7059226221880549,0.7055977141263349,0.7051041893938936,0.704327649153561,0.7030701376828626,0.7009879339451511,0.6974834387207574,0.691521524131886,0.6813332667865434,0.6639886119185913,0.634929040809401,0.5878907414716812,0.5165744327390016,0.42350279768808147,0.3741900375969858,0.35474662854732086,0.3547466289523665,0.37419003872087786,0.4235027992841584,0.5165744350650538,0.5878907437494337,0.6349290429875352,0.6639886141480367,0.681333269218246,0.6915215268463633,0.6974834417176013,0.7009879371657808,0.7030701410535737,0.7043276526272858,0.70510419296295,0.7055977177962138,0.7059226259337316,0.7061452778999974,0.7063042824213691,0.7064221350365252,0.7065119368046465,0.7065812973609016,0.7066346139870268,0.7066744061018156,0.7067020954687665,0.7067184572922675,0.7067238725397031
0.7065325971772918,0.7065271351143327,0.7065106347291272,0.7064827193873887,0.7064426209121897,0.7063889270448924,0.7063191301026953,0.7062288472028304,0.7061104864090131,0.7059509685373516,0.7057278256270078,0.7054024851133895,0.704908636388247,0.7041319529973514,0.7028745882590378,0.7007929898445944,0.6972898225966857,0.6913303690385225,0.6811463233034929,0.6638084981090864,0.6347594606957327,0.5877366067682178,0.5164423068109472,0.42340260833462445,0.37410303201436945,0.35466431768464485,0.35466431812051946,0.3741030332151792,0.4234026100108495,0.5164423091956852,0.5877366090312521,0.6347594627926202,0.663808500204167,0.6811463255600734,0.69133037155024,0.6972898253790965,0.7007929928542193,0.702874591428394,0.7041319562684861,0.7049086397260267,0.705402488492825,0.7057278290120979,0.70595097187845,0.7061104896772581,0.7062288504066278,0.7063191332122847,0.7063889298764952,0.7064426231220509,0.7064827207210086,0.7065106352582253,0.7065271350131994,0.7065325966729037
0.7063323230106813,0.7063268038548796,0.7063101335699339,0.7062819408420492,0.7062414660436738,0.7061873086786234,0.7061169760497358,0.7060261035382663,0.7059071209567254,0.705746975062122,0.7055232296605125,0.7051973528079223,0.7047030886162162,0.7039261883678225,0.7026689210139788,0.7005879119306279,0.6970861033443259,0.6911292086936958,0.6809495709621588,0.6636189154741193,0.6345809535373244,0.5875743540562677,0.5163032224932013,0.4232971195446649,0.37401142712523133,0.3545776590254291,0.35457765948184433,0.3740114283705682,0.4232971212472672,0.5163032248527119,0.5875743562236317,0.634580955480922,0.6636189173599679,0.6809495729489158,0.6911292108787388,0.6970861057649743,0.700587914578287,0.7026689238502996,0.7039261913377308,0.7047030916578391,0.7051973558612196,0.70552323267741,0.7057469780084868,0.7059071237899722,0.7060261061480981,0.7061169782283411,0.7061873101719461,0.7062414666803509,0.70628194067701,0.7063101327995992,0.7063268025142682,0.7063323212935444
0.7061226184766921,0.706117027737514,0.7061001448657718,0.7060716053774069,0.7060306607261085,0.705975925680662,0.7059049268581602,0.7058133228251032,0.7056935704544611,0.7055326480340116,0.7053081568976189,0.7049816115599579,0.7044868168041151,0.7037096079983266,0.702452377136938,0.7003719370061297,0.6968715212851289,0.6909172958770812,0.6807422856001197,0.6634191760983869,0.63439288430049,0.5874034211501366,0.5161567118920681,0.4231859761918834,0.3739149216067677,0.3544863717104413,0.35448637218063905,0.37391492287707756,0.4231859778918198,0.5161567141826106,0.5874034231765021,0.6343928860414854,0.6634191777130088,0.6807422872337058,0.6909172976275203,0.6968715232161767,0.7003719391557005,0.7024523795096744,0.7037096105526273,0.7044868194549924,0.7049816142078394,0.70530815947219,0.7055326505042113,0.705693572752543,0.7058133247313498,0.7059049280212958,0.7059759258331777,0.7060306599077177,0.7060716038629004,0.7061001428196422,0.7061170249939196,0.7061226152319315
0.7059029505968247,0.705897268810705,0.7058801157390537,0.705851135869127,0.705809595351038,0.7057541291830439,0.7056822893367238,0.705589764383568,0.705469045657632,0.7053071507728933,0.7050817265143663,0.7047543416758326,0.704258869381157,0.7034812368484523,0.7022239676448142,0.7001440725748329,0.6966450917111661,0.6906936661320199,0.6805235373576678,0.6632084020502513,0.6341944482713393,0.5872231014168192,0.5160021918806451,0.42306873743375756,0.3738131437260656,0.35439011052073216,0.35439011099948936,0.37381314500997087,0.423068739122365,0.5160021940960435,0.5872231032936024,0.6341944497865637,0.6632084033503912,0.6805235385759136,0.6906936673705262,0.696645093062071,0.7001440741216236,0.7022239694341054,0.7034812388553064,0.704258871504447,0.704754343780063,0.7050817284984541,0.7053071525926777,0.7054690472332354,0.7055897654650931,0.7056822895298928,0.7057541282178601,0.7058095933269686,0.705851133074624,0.7058801122626126,0.7058972644261889,0.7059029456839698
0.7056726467569245,0.7056668472331525,0.7056493448055406,0.705619796051695,0.705577487001547,0.7055210798904785,0.7054481605097062,0.705354457059129,0.7052325058732493,0.7050693749635016,0.7048427676765926,0.7045143178311432,0.7040179770950958,0.7032397743581406,0.7019823748554711,0.6999029991865495,0.6964055097743996,0.690457046868911,0.6802921056816355,0.6629854480329821,0.6339846031779216,0.5870324871220974,0.5158389198370251,0.4229448442423582,0.3737056250842044,0.35428844209810667,0.35428844257777165,0.37370562636647287,0.42294484591226356,0.5158389219836684,0.5870324888616327,0.6339846044696602,0.6629854490056896,0.6802921064597781,0.6904570475616975,0.6964055104973291,0.6999030000563843,0.7019823759499699,0.7032397756698922,0.7040179785210132,0.7045143192150045,0.7048427688838033,0.7050693759181997,0.7052325065002002,0.7053544571746427,0.7054481598025448,0.7055210780833224,0.7055774840336292,0.7056197920046896,0.7056493397198692,0.7056668410796009,0.7056726403882368
0.7054308426426675,0.7054248880802112,0.7054069258544482,0.7053766291398327,0.7053333112247742,0.7052756714648665,0.7052013414828444,0.7051061029474307,0.7049825524229696,0.7048178242316098,0.7045896941148454,0.7042598760298721,0.7037624141876991,0.702983452021254,0.7017258087707413,0.699646928151283,0.6961510120703046,0.6902057253291444,0.6800463561658034,0.6627487896399762,0.6337619714578658,0.5868303881532468,0.5156659303767738,0.42281357313895535,0.37359176330610144,0.3541808112083017,0.35418081167753007,0.3735917645618149,0.4228135747709392,0.5156659324525544,0.5868303897731056,0.6337619725506828,0.6627487903092717,0.6800463565245196,0.6902057254879213,0.6961510121548109,0.6996469282939345,0.7017258090685644,0.702983452487836,0.7037624147370191,0.7042598765070859,0.7045896943570493,0.7048178241181926,0.7049825518865496,0.7051061019270435,0.7052013398439505,0.705275668946703,0.7053333074885092,0.7053766239309799,0.7054069192031541,0.7054248803550431,0.7054308353157726
0.7051764109630092,0.7051702485131868,0.7051516703908361,0.7051203727756558,0.7050757066515988,0.705016422522722,0.7049402151521118,0.7048429398382012,0.7047172755570545,0.7045504460376043,0.7043203223150194,0.7039887201863562,0.7034897961431599,0.7027098256111677,0.7014517974478589,0.6993733938984569,0.6958791748444159,0.6899373564252077,0.6797840617366517,0.6624963615890795,0.6335246992491005,0.5866152151676349,0.5154819447129532,0.422673970108295,0.37347076887823516,0.35406649273706753,0.354066493186069,0.37347077008447777,0.42267397168215454,0.5154819467141095,0.5866152166904669,0.6335247001853386,0.6624963620080961,0.6797840617303184,0.6899373560931578,0.6958791743065814,0.6993733932869118,0.7014517968690279,0.7027098251007856,0.7034897956457841,0.703988719570667,0.7043203214114644,0.7045504446915923,0.7047172737002271,0.7048429375155257,0.7049402124126246,0.7050164191797443,0.7050757021778903,0.7051203666377392,0.7051516626109672,0.7051702397889748,0.7051764031360553
0.7049078646123742,0.7049014186950803,0.7048820016179755,0.704849341600566,0.7048028420887672,0.7047413248644344,0.7046625730384857,0.7045625450458084,0.7044340347378958,0.7042643890928089,0.7040316080229938,0.7036976408859009,0.7031967849215232,0.7024154719223583,0.7011568808320304,0.6990789507466765,0.6955866195583368,0.689648682813573,0.6795021427616277,0.6622253232814538,0.6332702527035173,0.5863848113997598,0.5152852406490958,0.42252475609001733,0.37334158930314876,0.35394452328981457,0.3539445237177584,0.3733415904584868,0.4225247576092063,0.5152852425959088,0.5863848128649205,0.6332702535378009,0.6622253235136724,0.6795021424538291,0.6896486820442562,0.6955866184306566,0.6990789493806748,0.7011568793312632,0.7024154703349305,0.7031967832228916,0.7036976389890265,0.7040316057965262,0.704264386393935,0.7044340314902667,0.7045625413170292,0.7046625689698836,0.7047413203996385,0.7048028367784839,0.7048493348852923,0.7048819934496959,0.7049014097029022,0.7049078564483555
0.7046232261697644,0.7046163879023858,0.7045958101604812,0.7045612659366577,0.7045122321606371,0.7044476310315853,0.7043653708165251,0.7042615562781767,0.7041291438557726,0.7039556538107355,0.7037192647936691,0.7033821067827126,0.7028786595984916,0.7020955463230972,0.7008361637338683,0.6987587302043513,0.6952685833967256,0.6893351272045799,0.6791962893852297,0.6619317190791734,0.6329951237916003,0.586136210585825,0.5150734661223351,0.4223641918461032,0.37320280091975966,0.3538136037580351,0.35381360417225005,0.3732028020437335,0.42236419334065334,0.5150734680649438,0.5861362120510976,0.6329951245832286,0.6619317191834408,0.6791962888327306,0.6893351260505518,0.6952685817230384,0.698758728108484,0.7008361612993456,0.7020955435917419,0.7028786565690696,0.7033821034316908,0.7037192610825652,0.7039556496738927,0.7041291392189574,0.7042615511367353,0.704365365270102,0.7044476251678404,0.7045122258802907,0.7045612589575793,0.7045958022746763,0.7046163792143105,0.7046232176856826
0.704319853553949,0.7043124650399615,0.704290259151725,0.7042530716633878,0.7042004831108061,0.7041315583659241,0.7040443844466729,0.7039352756458492,0.7037974214142608,0.7036185898119098,0.703377212959263,0.7030356720891611,0.7025286920124718,0.7017431382220188,0.7004826640963234,0.6984057955891233,0.6949182937013793,0.6889901995272143,0.678860413621209,0.6616099868553842,0.6326944061150114,0.58586528916104,0.5148433722576068,0.4221898850995205,0.3730524549027809,0.35367196081574626,0.3536719612183861,0.37305245600336084,0.4221898865885496,0.5148433742383273,0.5858652906785171,0.6326944069158399,0.6616099868822359,0.6788604128764156,0.6889901980443752,0.694918291536383,0.6984057928046012,0.7004826607399791,0.7017431343168996,0.7025286875765284,0.7030356671716808,0.7033772076449868,0.7036185841627866,0.703797415399187,0.7039352691653165,0.7040443774745354,0.7041315510775935,0.7042004758155198,0.7042530644892384,0.7042902517524404,0.7043124569267675,0.7043198450291609
0.7039942094222876,0.7039860403700089,0.7039615233312255,0.7039205823862069,0.703862944843503,0.7037878791807797,0.7036937288662083,0.703577110269704,0.7034315501942041,0.7032451760603786,0.7029967861946745,0.702649119997257,0.702137241499657,0.701348334778349,0.7000863654286874,0.6980102038004071,0.6945260594610779,0.6886046375043613,0.6784858570381245,0.6612522494984043,0.6323611855069514,0.5855662684427277,0.5145904326762923,0.4219985163836615,0.372887858922948,0.3535171508457576,0.3535171512203412,0.37288785996149865,0.4219985178299954,0.5145904346765118,0.585566270020751,0.6323611863431764,0.6612522494880649,0.6784858561554772,0.6886046357577731,0.6945260568699421,0.6980102003807099,0.700086361188026,0.7013483297250422,0.7021372356718923,0.7026491135034338,0.702996779223812,0.7032451688150775,0.7034315427619456,0.7035771025568104,0.7036937207466543,0.703787870789429,0.7038629366496596,0.7039205747938185,0.7039615160956412,0.7039860328826211,0.7039942014738977
0.7036415598930115,0.7036322730572104,0.7036044437969218,0.7035581205330236,0.7034932386675865,0.7034093573281442,0.7033051886497705,0.7031777866798451,0.7030211705482958,0.7028239946238455,0.7025655942142186,0.7022092296758315,0.7016904478321485,0.700896866445882,0.6996328448961635,0.6975576472071915,0.6940779577544967,0.6881651665960272,0.6780602507186394,0.6608472989306798,0.6319856694935029,0.5852310063552665,0.5143083040002747,0.42178545188045685,0.37270526964577577,0.35334578422037166,0.35334578453614984,0.37270527054479,0.4217854531913817,0.5143083059264453,0.5852310079363322,0.6319856703464112,0.6608472988999845,0.678060249744531,0.6881651646504663,0.6940779548070178,0.697557643221846,0.6996328398487294,0.7008968603426639,0.7016904407280228,0.7022092217036704,0.702565585614643,0.7028239857219969,0.7030211616305059,0.7031777778337555,0.7033051797671397,0.7034093483611551,0.7034932298484552,0.7035581122651613,0.7036044362485416,0.7036322660965213,0.703641552898811
0.7032555870231474,0.703244687720491,0.7032120775595356,0.7031579795043671,0.7030826228747049,0.7029859805824462,0.7028672948717177,0.7027242559497707,0.7025516055718914,0.7023387771877242,0.7020659024720628,0.7016970116925356,0.7011683546818914,0.7003681586300663,0.6991012983939506,0.6970274993127318,0.6935539461994392,0.6876527222604566,0.6775658860824587,0.660379149779013,0.6315539533382032,0.5848479980165104,0.5139880679669306,0.42154420166161266,0.37249946375465426,0.353153141295837,0.3531531415294505,0.3724994644486089,0.42154420274054794,0.5139880696876307,0.5848479994862722,0.6315539541355553,0.6603791497037815,0.677565885032727,0.687652720158635,0.6935539429574188,0.6970274948462599,0.6991012926578645,0.7003681516342546,0.7011683464879876,0.7016970024298259,0.7020658923908989,0.7023387667007333,0.7025515951826227,0.702724246041151,0.7028672854888143,0.7029859714693475,0.703082613805511,0.7031579706659734,0.7032120695352332,0.7032446809398012,0.7032555804292625
0.7028279001737389,0.7028146634907674,0.7027751199289864,0.7027097354262564,0.7026191513093267,0.7025039267925937,0.7023640652190232,0.7021981825045809,0.7020020846937829,0.7017663636080993,0.7014723419011407,0.7010852017139219,0.7005422353013464,0.6997325495576417,0.6984617186246819,0.6963900238840824,0.6929251720969396,0.6870399226163592,0.6769774071971189,0.6598249996443717,0.6310462883294687,0.5844009803874411,0.5136171786385665,0.4212656705177935,0.3722631468430074,0.35293264428903753,0.3529326444383364,0.3722631473117588,0.4212656713016693,0.5136171800188712,0.5844009815956804,0.6310462889533771,0.6598249994557647,0.6769774060456278,0.6870399203654131,0.692925168602163,0.6963900190213816,0.6984617123322082,0.6997325418462323,0.7005422262394915,0.7010851914347931,0.701472330658089,0.7017663518470261,0.7020020730406934,0.7021981715827913,0.7023640553103823,0.7025039176276997,0.702619142367195,0.7027097265877613,0.7027751116727862,0.7028146562473273,0.7028278926087207
0.7023474353768061,0.7023308024662045,0.7022811795263195,0.7021993662310468,0.7020865754700014,0.7019441916920766,0.7017733071251679,0.7015738833877567,0.7013432959062504,0.7010738646490804,0.7007487039114239,0.7003347348879638,0.699770817016349,0.6989473545333539,0.697670900781539,0.6956024277681356,0.6921501745761225,0.6862875128186554,0.676258577801207,0.6591523858363328,0.6304346813625739,0.5838670094593564,0.5131780200286326,0.42093713691839535,0.37198615113866407,0.3526751421406996,0.352675142209868,0.3719861513733618,0.42093713734551885,0.5131780209112244,0.5838670102221671,0.6304346816590789,0.6591523854280952,0.6762585764852772,0.6862875103967039,0.6921501708540987,0.6956024225882036,0.6976708940632418,0.6989473462897818,0.6997708073450462,0.7003347239620153,0.7007486919941528,0.7010738521437281,0.7013432833912923,0.7015738715409551,0.7017732964639619,0.7019441822566647,0.7020865668557769,0.702199357985399,0.7022811713259436,0.7023307941318289,0.7023474256984834
0.7017997411032975,0.7017781730581387,0.7017138928954981,0.7016081506536217,0.7014629416542134,0.7012808012384816,0.7010643703369394,0.7008155607062129,0.7005340601725338,0.7002147706584452,0.6998435117372368,0.6993898466935508,0.6987950145860198,0.697951363987696,0.6966668558287996,0.6946033456804847,0.6911695908546586,0.685339427194009,0.675357812983228,0.658315278036269,0.629679617138129,0.5832138521930975,0.5126459626270082,0.420540885529272,0.37165436618578435,0.35236795994348613,0.35236795991579245,0.371654366127332,0.4205408854810021,0.5126459627922395,0.5832138522766436,0.6296796169069633,0.6583152772558046,0.6753578114035823,0.685339424564705,0.6911695869401822,0.6946033402872159,0.6966668488505858,0.6979513554451086,0.6987950046292373,0.6993898355577073,0.699843499686055,0.700214757987435,0.700534047286035,0.700815548171304,0.7010643588185075,0.7012807912449892,0.701462933176679,0.7016081429486744,0.7017138846735657,0.7017781635325002,0.7017997293237261
0.7011661662118757,0.7011374407434535,0.7010518821090999,0.7009113346418427,0.7007188463662374,0.7004785376197252,0.7001952333717878,0.6998736568017622,0.6995168944600848,0.6991237049998119,0.6986839999062113,0.6981713716223545,0.697530696064959,0.696657268851449,0.6953611154228171,0.6933052526496404,0.6898988932244321,0.6841160423251306,0.6742021063282048,0.6572488015299581,0.6287256630009098,0.5823965157123756,0.5119867963951285,0.4200524134530516,0.37124834397427786,0.3519936628987759,0.3519936627383427,0.371248343522985,0.4200524127747745,0.5119867955892715,0.5823965148392436,0.6287256619783509,0.6572488001539406,0.6742021043349831,0.6841160394415629,0.6898988891835248,0.6933052472113203,0.695361108438291,0.6966572603366226,0.6975306862097299,0.6981713607031502,0.6986839881696215,0.6991236926317931,0.6995168816883177,0.6998736440335519,0.7001952212632283,0.7004785269307874,0.7007188373875435,0.7009113265781789,0.7010518734019103,0.7011374305455205,0.7011661532249621
0.7004229949791749,0.700383928371166,0.7002675893726704,0.7000765838193274,0.6998153437429926,0.6994901360974947,0.699108831107265,0.6986801759601647,0.698212232128596,0.6977095084569664,0.6971681047760069,0.6965677668423872,0.6958589482385976,0.6949414426139665,0.6936283462680931,0.6915842368779703,0.6882186282305591,0.6825051499145035,0.6726889511414031,0.6558622654138725,0.6274957066371943,0.5813527343230744,0.5111534206729991,0.41943813522547035,0.37074152561061785,0.35152849064123426,0.35152849033591566,0.37074152473361643,0.4194381338520958,0.5111534187320619,0.5813527322428843,0.6274957045289402,0.6558622631650282,0.6726889485389099,0.682505146706544,0.6882186241321072,0.6915842315941471,0.6936283395863093,0.6949414345071233,0.6958589388793456,0.6965677565022009,0.697168093690983,0.6977094967674987,0.6982122199518941,0.6986801635422987,0.6991088189179259,0.6994901247272254,0.6998153334810302,0.7000765742376586,0.7002675796401718,0.7003839179780567,0.7004229813900045
0.699540619042498,0.6994866948317805,0.6993260730699336,0.6990622962285419,0.698701560110737,0.698252976425974,0.6977286008399631,0.6971428873395641,0.6965111375267687,0.695846402912847,0.6951541230237893,0.6944234334203693,0.693613347071607,0.6926305434540223,0.6912927244607164,0.6892665997657216,0.6859616661229728,0.6803502176866895,0.6706758957630801,0.6540302119421723,0.6258836168289916,0.5799972707911758,0.5100817012393959,0.418652534845946,0.3700980563784982,0.3509404362106525,0.35094043581198847,0.37009805520604205,0.41865253291225596,0.5100816982133292,0.5799972673975669,0.6258836134245788,0.6540302085876182,0.6706758923603068,0.6803502140415267,0.6859616619550867,0.6892665947452996,0.6912927183149284,0.6926305360767954,0.6936133385536787,0.6944234239888843,0.695154112928003,0.6958463923053951,0.6965111264283688,0.6971428757643673,0.6977285889376783,0.698252964416662,0.6987015481750584,0.6990622845750027,0.6993260619050676,0.6994866838458635,0.699540604513817
0.6984829000590905,0.698407788098133,0.6981839256145925,0.6978159395129756,0.6973121790733254,0.6966854222812601,0.6959533768652189,0.6951384994392926,0.6942665489374237,0.6933631997057552,0.6924479296854497,0.691524157457708,0.6905640003313924,0.6894846692835231,0.6881107917481739,0.6861120157830201,0.6828972210337967,0.6774357377621066,0.6679675769433974,0.651581376081065,0.6237452576606992,0.5782149962099071,0.5086854830131394,0.41763476755113077,0.3692701986268457,0.35018698209172155,0.35018698169893975,0.36927019741167566,0.41763476535238353,0.5086854791676446,0.5782149916182993,0.6237452529564693,0.6515813715445237,0.66796757261326,0.6774357335189019,0.6828972166471885,0.6861120109579504,0.6881107862025343,0.6894846628303861,0.6905639929407503,0.6915241492786933,0.6924479209662217,0.6933631905934573,0.6942665393032247,0.6951384889642169,0.6959533653376817,0.6966854097228941,0.6973121657598604,0.6978159260872595,0.6981839126521887,0.6984077752564306,0.6984828839552847
0.6972069601777908,0.6971019173964806,0.696788579125317,0.6962727109230992,0.6955651346904672,0.6946831869988539,0.6936520486830823,0.6925052496302541,0.6912835117769118,0.6900310242688885,0.6887882317703309,0.6875801502760733,0.6863988457165181,0.6851775533472195,0.6837512814142757,0.6817937300517275,0.678712096038172,0.6734700788087546,0.6643005987269499,0.6482858675985609,0.6208881115126589,0.5758529482470724,0.5068509072397656,0.4163048189626064,0.36819542996706467,0.3492125736275993,0.349212573323849,0.3681954289296768,0.4163048167889161,0.5068509029271633,0.5758529427546681,0.6208881057164769,0.6482858619693102,0.6643005934191254,0.673470073796702,0.6787120912155303,0.6817937252552044,0.6837512764217947,0.6851775479134159,0.6863988396768073,0.6875801436523484,0.6887882247243974,0.6900310168641856,0.6912835037348668,0.6925052403567898,0.6936520376679615,0.6946831742440508,0.695565120689507,0.6962726962487503,0.696788563963307,0.6971019016731911,0.6972069426596845
0.6956637342823815,0.695516895194985,0.6950783997197283,0.6943550031710699,0.6933601076733857,0.692116458592679,0.6906588756532508,0.6890359794139193,0.6873096651454929,0.6855510223523646,0.6838315267453797,0.6822085497507355,0.680704229153085,0.6792759337419711,0.6777740789929184,0.6758778993445187,0.672991108523932,0.6680675729269738,0.6593277166444519,0.6438417478807864,0.6170604051551754,0.5727120133746275,0.5044304731741851,0.4145595117112196,0.3667934449767317,0.34794602121980744,0.3479460210272363,0.36679344419640125,0.4145595097225399,0.5044304686947535,0.5727120073295765,0.6170603985607999,0.6438417413217471,0.6593277103751272,0.6680675670582389,0.6729911031436933,0.6758778944767536,0.6777740745034981,0.679275929348807,0.6807042245688404,0.682208544821968,0.6838315214286208,0.6855510165472272,0.6873096585388444,0.6890359714300993,0.6906588656444728,0.692116446333666,0.6933600934863065,0.694354987300537,0.6950783822281432,0.6955168769886013,0.6956637164866448
0.6937997123985105,0.693595308047378,0.6929841233225387,0.6919733883468158,0.6905787648986287,0.6888290246516556,0.6867710746850021,0.6844737657683261,0.6820285796007459,0.6795452315160215,0.677140562110614,0.6749197676599784,0.6729496456315421,0.6712233115778463,0.6696136364935324,0.6678072389355689,0.6652014545855476,0.6607339995399325,0.6526047802084313,0.6378637155899888,0.6119417545561007,0.5685396408551145,0.5012377672511887,0.41226894256088964,0.3649634822999244,0.34629819267982587,0.34629819257865085,0.3649634817566853,0.41226894081504006,0.5012377628238791,0.568539634562471,0.6119417474444259,0.6378637082980564,0.6526047731062568,0.6607339929127478,0.665201448716528,0.66780723399806,0.6696136324213885,0.6712233080983764,0.6729496424079997,0.6749197643694801,0.6771405584165507,0.6795452270778876,0.6820285741600292,0.6844737590703918,0.686771066179358,0.6888290135370926,0.6905787506747971,0.6919733711406679,0.692984104193406,0.6935952891611619,0.6937996955449688
0.6915603614000599,0.6912779546244897,0.690432323136458,0.6890300737927771,0.6870880866591969,0.68464127832917,0.6817512672093494,0.6785135848132418,0.6750604972950247,0.6715563990395103,0.6681833902362739,0.665116054551847,0.6624861006469206,0.6603382865836052,0.6585772690212743,0.6568990927314755,0.6546903038025611,0.6508635405464829,0.6435870711072613,0.6298790555047469,0.6051390968665012,0.5630261690979924,0.4970445114326528,0.4092743646420248,0.3625826923172167,0.3441605981551622,0.34416059813465605,0.3625826920074154,0.4092743632046166,0.49704450726687804,0.5630261628501994,0.605139089556904,0.6298790478071175,0.6435870635098649,0.6508635334766926,0.6546902976417786,0.6568990877057177,0.658577265128716,0.6603382836688052,0.6624860984634701,0.6651160526852468,0.6681833880451001,0.6715563958608805,0.6750604928092456,0.6785135790601642,0.681751259940689,0.6846412683723515,0.6870880726753847,0.6890300560564151,0.690432304089795,0.6912779369780517,0.6915603459728423
0.6888956922458804,0.6885095864316155,0.6873516591282953,0.6854259609610509,0.682748492492762,0.6793596406896936,0.6753384403221371,0.6708151186764714,0.665977388566222,0.6610657635628235,0.6563543092669721,0.65211580032691,0.6485735137539008,0.6458441816173706,0.6438754904650219,0.6423745858646193,0.6407109151893035,0.6377604735878792,0.6316459142004538,0.6193392622459971,0.5961940204451558,0.5558089097221284,0.49158254883039276,0.4053890948312722,0.3595066390825253,0.34140577763497354,0.3414057777039924,0.3595066390411985,0.40538909380090743,0.49158254516987393,0.555808903882805,0.5961940134049285,0.619339254693115,0.6316459066694843,0.6377604665399944,0.6407109089810803,0.6423745807087184,0.6438754864564655,0.6458441788065203,0.64857351207652,0.652115799380333,0.6563543082282021,0.6610657614787342,0.6659773848267242,0.6708151132087299,0.6753384331642859,0.6793596311880817,0.6827484795680347,0.6854259449554453,0.6873516424167334,0.6885095709513563,0.6888956781838133
0.6857682663531814,0.6852473281527927,0.68368254629971,0.6810724132483069,0.6774286047349707,0.6727953076709946,0.6672718131951574,0.6610330574596962,0.6543411335385854,0.6475404892955052,0.6410314890599486,0.6352214012726843,0.6304575752838845,0.6269521257099935,0.6247072024818658,0.6234410871697796,0.6224977802433093,0.6207035205761147,0.6161203754336229,0.6056588953589955,0.584609951630758,0.546489754772228,0.4845544093514882,0.40040463187169634,0.3555734355660732,0.33789072862153874,0.3378907287505362,0.35557343572986216,0.4004046312379152,0.4845544063721418,0.5464897497483878,0.5846099454457557,0.6056588886468252,0.6161203686330209,0.6207035140682029,0.6224977743301725,0.6234410820661478,0.6247071983564894,0.6269521226971295,0.6304575733735506,0.6352214001418687,0.6410314880345677,0.6475404874955836,0.6543411300872187,0.6610330517509213,0.6672718052092785,0.6727952979448406,0.6774285938087261,0.6810724014064732,0.6836825338028838,0.6852473152122323,0.6857682539088968
0.6821635446648131,0.6814717597316815,0.6793904709201718,0.6759084173765636,0.6710280600996118,0.6647948014987265,0.6573315724211034,0.6488708028775099,0.6397731176688637,0.6305217398987758,0.6216850487430531,0.6138470279871184,0.6075144831921028,0.6030174422477438,0.600420173054597,0.5994481236824971,0.5994098132427377,0.5990700404778729,0.5964188491682766,0.5882937224614749,0.5699083949263998,0.5346728039567362,0.4756566732432625,0.3941045538463812,0.35061328353399757,0.3334648351237351,0.333464835186824,0.3506132835907872,0.3941045532944913,0.4756566708203162,0.5346727999776855,0.5699083900982992,0.5882937172561314,0.5964188437797411,0.5990700350850611,0.5994098081380851,0.5994481191488322,0.6004201692200126,0.6030174389891192,0.6075144802059461,0.6138470250140576,0.6216850456975526,0.6305217366440803,0.639773113572921,0.6488707968474638,0.6573315639239494,0.6647947917577398,0.6710280513803637,0.6759084102504531,0.6793904634857096,0.6814717505077702,0.6821635347946451
0.6781018378362742,0.6771999573851852,0.674482377991751,0.6699228014302784,0.6635084141262201,0.6552829043432301,0.6453977082177185,0.634159487133862,0.6220576905870214,0.6097560009484307,0.5980377825195403,0.5877075095978818,0.5794635646318101,0.5737684667391493,0.570745772327166,0.5701164593623533,0.5711428205445113,0.5725231455097091,0.5721751959232908,0.5668636538358621,0.5517196617523614,0.5200266210441028,0.46461952806383877,0.38628843046906924,0.3444650290690143,0.3279836482428615,0.32798364806169195,0.34446502855107625,0.38628842942085656,0.46461952563668,0.5200266178571155,0.5517196583963094,0.5668636506130912,0.5721751927419898,0.5725231420584158,0.5711428168842546,0.5701164558113795,0.570745768966533,0.573768463077919,0.5794635598726106,0.5877075034180801,0.5980377755371058,0.60975599421069,0.6220576844254321,0.6341594806483919,0.645397700338951,0.6552828956967083,0.6635084071621996,0.6699227974343707,0.6744823753955176,0.6771999537802599,0.6781018313595373
0.6736502565951177,0.672498844003667,0.6690243348626309,0.6631794518214661,0.6549296338176491,0.6443146867949278,0.631522272005146,0.6169552179447023,0.6012684922786596,0.5853528748489927,0.5702541151088194,0.5570351370465662,0.5466062885468046,0.5395605589184194,0.5360588575314691,0.535793768988923,0.5379711885876572,0.5412307546730436,0.5434381906520548,0.5413079119098381,0.5299020534682808,0.5023691388360475,0.45126247979833545,0.37680627801341326,0.33700034348606156,0.3213291074954049,0.32132910700276773,0.337000342164655,0.37680627604000755,0.4512624766576374,0.502369135659487,0.5299020509837524,0.5413079105963823,0.5434381904230324,0.541230754428699,0.5379711872447298,0.5357937663380979,0.5360588537440985,0.5395605538014401,0.5466062814029714,0.5570351274799813,0.5702541038574407,0.5853528636075026,0.6012684825250029,0.616955209934062,0.6315222650124799,0.6443146804271668,0.6549296288195362,0.6631794495984674,0.6690243360815455,0.6724988460819867,0.673650252828908
0.6689321563083153,0.667496160614856,0.6631572148089806,0.6558412285561966,0.6454861565714043,0.6321278407652123,0.6160018545547271,0.597634509968071,0.5778875624668,0.557925628080789,0.5390968013868118,0.5227457013413896,0.5099964764863484,0.5015491242192984,0.49755282745807894,0.4976309684646822,0.5009240849520483,0.506038325356382,0.5108348701563176,0.5120313778708577,0.5046639966540689,0.4817611880437371,0.4355594379732419,0.36560053239225276,0.32815396934931923,0.3134351161203935,0.31343511539958285,0.32815396740551106,0.36560052959924866,0.43555943391585633,0.48176118410881896,0.504663993837881,0.5120313772833794,0.5108348724401148,0.5060383292587471,0.5009240872916394,0.49763096697790765,0.49755282184377425,0.5015491154711429,0.5099964655892274,0.5227456886988529,0.5390967872302082,0.5579256132119766,0.5778875484812351,0.5976344987021743,0.6160018472414973,0.6321278372850636,0.6454861551244472,0.6558412289965564,0.66315721811302,0.6674961642673524,0.668932153109506
0.6641309290144544,0.6623855735513238,0.6571058552130055,0.6481861131302956,0.6355329962869425,0.6191811427090023,0.5994291622928316,0.576956736733733,0.5528723355055265,0.5286522256765889,0.5059690756655875,0.48645070877617663,0.4714205196334091,0.4616499018614731,0.4571946011946974,0.45754717746980134,0.46177377603741554,0.4684881304847427,0.4756200927359034,0.47997584015679207,0.47664353084046335,0.45858047573312577,0.4176976097784984,0.3527475289671205,0.31795527358254816,0.3043148643692701,0.3043148635228384,0.317955271290857,0.35274752572573337,0.41769760525470606,0.45858047111373307,0.4766435268984629,0.4799758382569668,0.475620094737734,0.468488136712783,0.46177378268271324,0.4575471788008412,0.45719459430936255,0.4616498881077604,0.47142050273438835,0.4864506918294583,0.5059690594015201,0.5286522092158661,0.5528723187451617,0.5769567221317035,0.5994291541107791,0.6191811418637575,0.635532999615162,0.6481861173193278,0.6571058580908695,0.6623855729240348,0.664130925587902
0.6594850078735185,0.6574223139460604,0.6511766379183022,0.6406080102919263,0.6255905746859236,0.6061626075906713,0.5827006658257778,0.556062655753394,0.527630875371837,0.49920866445755724,0.4727862646395284,0.45025204938937324,0.4331164852690115,0.4222163416744163,0.4173908738201993,0.4179140163473387,0.4227644690792734,0.43061204152518767,0.43954161166883654,0.44655325269140966,0.4468948946404239,0.4335405175283815,0.39810815915992775,0.33848601944015433,0.3065531621250803,0.29408366726505897,0.2940836663368466,0.30655315961134383,0.33848601597010003,0.39810815465781463,0.4335405128707701,0.4468948899575165,0.4465532484933761,0.4395416095527474,0.4306120439971833,0.4227644760144822,0.4179140210839834,0.41739086892899824,0.42221632554760224,0.43311646239703605,0.45025202607539483,0.4727862444206859,0.4992086469555747,0.5276308589962494,0.5560626422777877,0.5827006594454237,0.606162607838259,0.6255905799642553,0.6406080157355682,0.6511766381295588,0.6574223080651488,0.6594850068101255
0.65527193480315,0.6529066952797766,0.6457393173899101,0.6335955447873328,0.616318420818411,0.5939542573601269,0.5669653924044304,0.5363957551337415,0.5038998376169007,0.47158444539621175,0.4417074451529111,0.4163665611598024,0.3972829048587427,0.3855048328395793,0.38044713756715876,0.38103644940826564,0.3861411736910858,0.39453151307373774,0.404527683246848,0.4134272684618171,0.4167576783594741,0.40762911090520804,0.3774486709289922,0.32321960659387977,0.29422516351219047,0.2829697848366365,0.28296978383001387,0.29422516077648464,0.3232196028864341,0.3774486665416659,0.4076291065545328,0.41675767354878607,0.41342726237089433,0.40452767554528113,0.3945315056754256,0.3861411707143447,0.38103645111924334,0.3804471360594336,0.3855048206104456,0.3972828818974924,0.4163665334411078,0.4417074192285672,0.47158442509996346,0.5038998240858875,0.536395750774097,0.5669653898194511,0.5939542564840871,0.6163184220869612,0.6335955460139505,0.6457393148512803,0.6529066904289266,0.6552719381421919
0.6517813870489043,0.6491550229295298,0.6411915022772746,0.6276856025512966,0.6084529278931602,0.5835488415542466,0.5535150828200749,0.5195606918759037,0.48356743131922036,0.447866823094166,0.41486855901915304,0.3867593004532984,0.36552515780990924,0.353117771316687,0.3480309615037721,0.348638427748648,0.3536642243192272,0.3620142155283043,0.3723031572362627,0.3822057077837779,0.38763565617416035,0.38197058066162015,0.35653160525965066,0.3074857902282709,0.28136407552531967,0.27130725231998193,0.2713072512888921,0.28136407268298463,0.30748578633612167,0.3565316008396328,0.38197057630572157,0.38763565093801416,0.3822056998165856,0.37230314416238286,0.3620141965749143,0.3536642038392459,0.34863841393144535,0.3480309554701553,0.35311776618165985,0.36552514384068474,0.38675927673939553,0.4148685316024245,0.4478668003538965,0.48356742501288935,0.5195606912665306,0.5535150836764151,0.5835488394584339,0.6084529225982065,0.6276855969935365,0.6411914992413495,0.6491550241666543,0.6517813925729358
0.6492799019296546,0.64646058608708,0.6379083393167603,0.6233939903774877,0.6027117820693958,0.5759231096512455,0.5436269287271722,0.5071462970381477,0.46850229639539626,0.43011566206984136,0.3943342972991655,0.3630835341550276,0.3383102227479958,0.3256114813217446,0.3208616415531814,0.32157292466968684,0.32631317482571676,0.33416823517526517,0.344084821363154,0.35415767479236815,0.360759491652274,0.357651354800923,0.3362146219045674,0.29189577658202537,0.2684421918309147,0.25950957293911897,0.2595095720538834,0.26844218930652275,0.29189577292939206,0.3362146174986807,0.35765134977971724,0.36075948463527047,0.35415766345712035,0.34408480267505054,0.33416820646117257,0.3263131374572134,0.3215728886999055,0.32086162003573976,0.32561147289407316,0.3383102205038068,0.36308352427691143,0.39433427920300984,0.43011564937626157,0.4685022858833313,0.5071462938396163,0.543626928705847,0.575923107310013,0.6027117751698766,0.6233939820881265,0.6379083369696449,0.6464605901495727,0.6492799072947322
0.6479730542298012,0.6450509932958118,0.6361850694482621,0.6211328721062342,0.5996765341565028,0.5718794188167556,0.5383677021716197,0.5005149928941413,0.46038593354863405,0.42035909230567353,0.38247381551977,0.347577720808834,0.31401512537174053,0.3023872506347489,0.29877237082315816,0.2998734407593446,0.30428179331981425,0.311375168905773,0.32045969924201584,0.3300540699344664,0.33701566128864596,0.3355665800725951,0.31728586787899676,0.27706099212895946,0.25596122278444683,0.24802956291882103,0.24802956241918653,0.2559612212047646,0.2770609894398321,0.31728586383840884,0.3355665737821037,0.3370156507606233,0.330054052678393,0.320459673136129,0.3113751324033555,0.3042817461160682,0.2998733882009603,0.2987723278876338,0.30238723074068163,0.3140151221203445,0.34757772795974273,0.38247381880330905,0.42035908364168956,0.46038592211492263,0.5005149835388889,0.5383676967602349,0.5718794154451651,0.5996765302434568,0.621132868856379,0.6361850683750176,0.6450509934881841,0.6479730664536963
0.0,0.0,0.0,0.0,0.0,0.0,0.0,0.0,0.0,0.0,0.0,0.0,0.28517210380427654,0.28230938497456093,0.2812745972258575,0.28312068189308837,0.28721285023083204,0.2934332781051707,0.3014497874762171,0.3101626675582483,0.3168879743615546,0.31633400883990875,0.30037904945690436,0.2635275161961173,0.24440131651310018,0.23731548025539673,0.23731548031905808,0.24440131636389087,0.2635275150823518,0.3003790461460063,0.31633400093080805,0.31688795918199203,0.3101626426019209,0.3014497521041308,0.2934332340623357,0.2872127993694083,0.28312062513823544,0.28127454042681965,0.2823093437749975,0.28517209302315283,0.0,0.0,0.0,0.0,0.0,0.0,0.0,0.0,0.0,0.0,0.0,0.0
0.0,0.0,0.0,0.0,0.0,0.0,0.0,0.0,0.0,0.0,0.0,0.0,0.26947972244851637,0.26881771179333086,0.2689270794307029,0.27088286146694424,0.2744707206986556,0.27978244762472904,0.2866876617628661,0.2943619484593664,0.3005067356409676,0.30028956232871656,0.28593854749509046,0.25173516980193855,0.23418197480338984,0.22777409465109832,0.22777409528669026,0.2341819761329179,0.25173517035913995,0.2859385449363953,0.3002895527558309,0.30050671593606704,0.2943619165856077,0.2866876182348873,0.279782396851206,0.27447066836353734,0.2708828089920268,0.2689270248443674,0.2688176618230202,0.2694797026448499,0.0,0.0,0.0,0.0,0.0,0.0,0.0,0.0,0.0,0.0,0.0,0.0
0.0,0.0,0.0,0.0,0.0,0.0,0.0,0.0,0.0,0.0,0.0,0.0,0.2597569652077953,0.25971018373726784,0.26022248444435314,0.26206557198241937,0.26516810368369,0.2696960883873112,0.27562395116459015,0.2823133461828888,0.28776643232560384,0.2875474247118384,0.27423336951801036,0.24200659755874995,0.22564157165599696,0.21974734158024742,0.21974734262652748,0.22564157404508173,0.2420065992799463,0.2742333673109205,0.2875474137206021,0.2877664095568006,0.2823133109385643,0.27562390486313754,0.2696960355325007,0.26516805154569184,0.2620655261608506,0.26022244463703115,0.2597101418326207,0.2597569525028458,0.0,0.0,0.0,0.0,0.0,0.0,0.0,0.0,0.0,0.0,0.0,0.0
0.0,0.0,0.0,0.0,0.0,0.0,0.0,0.0,0.0,0.0,0.0,0.0,0.25342131099488074,0.2535632733307773,0.2541973095228136,0.25589733938280124,0.25862790001920427,0.26257038515245373,0.2677479457552826,0.27363901240917937,0.27846134018451235,0.27808916874785816,0.2654015554103739,0.23455985229216253,0.2190342428504861,0.21350310435829573,0.21350310556049237,0.21903424562697893,0.23455985437740054,0.26540155307065383,0.27808915702374953,0.2784613169334283,0.2736389788023784,0.2677479045954378,0.26257033912365957,0.2586278538740845,0.255897300333531,0.2541972778881855,0.25356326150906405,0.25342130833289783,0.0,0.0,0.0,0.0,0.0,0.0,0.0,0.0,0.0,0.0,0.0,0.0
0.0,0.0,0.0,0.0,0.0,0.0,0.0,0.0,0.0,0.0,0.0,0.0,0.24949915535522543,0.2497016478262501,0.25036346088523675,0.25195371773901215,0.25444192651386005,0.25800520890952694,0.2626858481904731,0.2680280142754308,0.27238587981892365,0.2718438477246469,0.25950077650143916,0.22953166282038456,0.2145374019350891,0.20923585348653875,0.20923585454569008,0.21453740436004826,0.22953166453142815,0.25950077401233823,0.27184383696403014,0.2723858597759148,0.2680279875400328,0.2626858192074429,0.25800517888689256,0.2544418938511744,0.25195368383898237,0.2503634458228314,0.2497016499325246,0.24949916062579416,0.0,0.0,0.0,0.0,0.0,0.0,0.0,0.0,0.0,0.0,0.0,0.0
0.0,0.0,0.0,0.0,0.0,0.0,0.0,0.0,0.0,0.0,0.0,0.0,0.24760669670708352,0.24782719086660135,0.2484917046582217,0.25002461025885325,0.25239451310892885,0.25577297919960906,0.2602081092633427,0.265273104842733,0.2693875989443058,0.2687414967393867,0.25654881130022156,0.2270000115726429,0.21226226299162052,0.20707139022627263,0.2070713907525405,0.21226226415704083,0.2270000122076011,0.2565488092920031,0.26874148974195855,0.26938758658144313,0.26527308963823065,0.26020809517988874,0.2557729676022006,0.25239449970275657,0.2500245980370859,0.24849169834852622,0.24782719087607313,0.2476066966178264,0.0,0.0,0.0,0.0,0.0,0.0,0.0,0.0,0.0,0.0,0.0,0.0
0.0,0.0,0.0,0.0,0.0,0.0,0.0,0.0,0.0,0.0,0.0,0.0,0.24760670244129815,0.24782719493077776,0.24849169955958259,0.250024598111735,0.25239450180561773,0.2557729722699382,0.26020810353723284,0.26527309821920125,0.26938759258213674,0.2687414926356194,0.2565488099492465,0.22700001191759525,0.21226226375480675,0.2070713905769865,0.2070713902783251,0.21226226293898992,0.22700001078868284,0.2565488086446399,0.2687414916342989,0.26938759182990285,0.26527309759334283,0.2602081041955353,0.25577297764966606,0.2523945131509939,0.25002460934091925,0.24849170132152976,0.2478271851208344,0.24760668792068605,0.0,0.0,0.0,0.0,0.0,0.0,0.0,0.0,0.0,0.0,0.0,0.0
0.0,0.0,0.0,0.0,0.0,0.0,0.0,0.0,0.0,0.0,0.0,0.0,0.24949916490074456,0.24970165148615522,0.2503634452694211,0.25195368775673044,0.2544418979985378,0.2580051882444211,0.262685828606831,0.26802799409541783,0.27238586295431405,0.2718438375576629,0.2595007733162581,0.22953166375953024,0.21453740385761322,0.20923585429209815,0.2092358531802055,0.21453740106505523,0.2295316607598557,0.259500772306091,0.2718438419294064,0.2723858737021859,0.2680280096026874,0.2626858465021136,0.25800520882354633,0.25444192610268396,0.2519537151328608,0.2503634557329932,0.24970163905923803,0.2494991454669946,0.0,0.0,0.0,0.0,0.0,0.0,0.0,0.0,0.0,0.0,0.0,0.0
0.0,0.0,0.0,0.0,0.0,0.0,0.0,0.0,0.0,0.0,0.0,0.0,0.2534213099797773,0.2535632602383305,0.2541972838620628,0.255897303975426,0.25862786462014725,0.26257034881128527,0.26774791096723405,0.2736389818349329,0.2784613174891853,0.27808915623187486,0.2654015519237675,0.23455985357978565,0.2190342451193661,0.21350310507323494,0.21350310347070348,0.21903424113956146,0.23455984943299654,0.26540155094682966,0.2780891637669985,0.2784613360891814,0.2736390104978561,0.26774794563473275,0.2625703850173667,0.25862789830579225,0.25589733489959055,0.2541973015113866,0.25356326325584994,0.2534213054575417,0.0,0.0,0.0,0.0,0.0,0.0,0.0,0.0,0.0,0.0,0.0,0.0
0.0,0.0,0.0,0.0,0.0,0.0,0.0,0.0,0.0,0.0,0.0,0.0,0.25975695037552876,0.25971014936722314,0.2602224496422702,0.2620655371756503,0.2651680608925498,0.26969604173041684,0.27562390758003236,0.28231331111711944,0.28776640854328706,0.2875474124769916,0.27423336625909883,0.24200659857283505,0.22564157341869132,0.21974734176613941,0.2197473401447445,0.22564156944469804,0.2420065945859362,0.27423336583675667,0.28754742151897694,0.28776643049898915,0.2823133459316775,0.2756239512931339,0.26969608737587036,0.265168100185582,0.2620655650530692,0.26022247528569126,0.25971017757909687,0.2597569667099438,0.0,0.0,0.0,0.0,0.0,0.0,0.0,0.0,0.0,0.0,0.0,0.0
0.0,0.0,0.0,0.0,0.0,0.0,0.0,0.0,0.0,0.0,0.0,0.0,0.26947970953526107,0.26881767116581895,0.26892703381646665,0.27088281701220923,0.2744706745633631,0.27978239998277904,0.28668761847231944,0.29436191525172745,0.3005067143696221,0.30028955157783815,0.28593854408580444,0.2517351696455199,0.23418197526169854,0.22777409404681734,0.22777409286777872,0.23418197249598752,0.251735167271721,0.285938545195496,0.30028956109899874,0.3005067356278421,0.29436194889286754,0.28668766132878803,0.2797824450560042,0.27447071514362825,0.27088285380019833,0.2689270737388374,0.26881771238622326,0.2694797265684725,0.0,0.0,0.0,0.0,0.0,0.0,0.0,0.0,0.0,0.0,0.0,0.0
0.0,0.0,0.0,0.0,0.0,0.0,0.0,0.0,0.0,0.0,0.0,0.0,0.28517211027636397,0.28230934786083506,0.28127454673151353,0.28312063086597583,0.2872128028873292,0.29343323497263535,0.30144975107393235,0.3101626408216878,0.31688795762998934,0.31633399990976113,0.3003790453557264,0.2635275142302386,0.2444013152011792,0.2373154788025158,0.23731547840463735,0.24440131450060695,0.26352751445113426,0.3003790486365146,0.3163340092379048,0.31688797536318325,0.31016266788748464,0.3014497858992989,0.29343327395459456,0.287212844207908,0.28312067718884687,0.281274597421352,0.28230938845598696,0.28517210367047335,0.0,0.0,0.0,0.0,0.0,0.0,0.0,0.0,0.0,0.0,0.0,0.0
0.647973046723148,0.645050983848535,0.6361850591073474,0.6211328655123759,0.5996765344936749,0.5718794233331052,0.5383677009672341,0.5005149789391993,0.46038591157547615,0.4203590755151832,0.38247380989691027,0.34757771499623286,0.31401512479144195,0.30238723610747203,0.29877233332806497,0.29987339177064215,0.3042817474349718,0.3113751319984648,0.3204596717714454,0.3300540510760778,0.337015649423927,0.33556657282051655,0.3172858629543008,0.27706098840953197,0.255961219831114,0.24802956081650746,0.2480295612893246,0.2559612213916587,0.27706099136525686,0.3172858683293348,0.33556658141510065,0.33701566241087044,0.33005406957496586,0.320459696660528,0.3113751646064655,0.3042817896248867,0.2998734407488418,0.2987723736704475,0.302387250426341,0.3140151192929254,0.34757771281925814,0.38247380856237756,0.42035908990394677,0.46038593752350565,0.5005150011732264,0.5383677100245872,0.5718794217981603,0.5996765308287323,0.6211328656414876,0.6361850670785151,0.6450510018501865,0.6479730711745858
0.6492798972303327,0.6464605817794479,0.6379083346899704,0.6233939868492303,0.6027117826025831,0.5759231112010147,0.5436269255044583,0.5071462864483474,0.4685022809306581,0.43011564423571147,0.3943342770193738,0.3630835266887851,0.33831022538438466,0.325611478497288,0.3208616241523312,0.3215728904588426,0.32631313738979445,0.3341682055110508,0.3440848014555166,0.35415766221105677,0.3607594834720948,0.35765134873825927,0.33621461643473405,0.29189577177620774,0.268442187897143,0.25950957060360597,0.2595095717783508,0.2684421912427539,0.29189577678817347,0.3362146231977172,0.3576513563097862,0.3607594922593883,0.3541576737633301,0.3440848188329047,0.334168232627992,0.326313174481307,0.3215729266798829,0.32086164137942225,0.3256114756697898,0.33831021551799517,0.3630835283205645,0.394334296619021,0.4301156681669323,0.4685023064624213,0.5071463054022682,0.5436269307804332,0.5759231049642127,0.6027117750848264,0.6233939885489149,0.637908348376702,0.6464606023609345,0.6492799175472886
0.6517813830032463,0.6491550222917878,0.641191504095044,0.6276856037741606,0.6084529262353016,0.5835488378390947,0.5535150792902531,0.5195606887506735,0.48356742356312443,0.4478668035478982,0.4148685319920595,0.3867592809035987,0.3655251493403412,0.35311777100994496,0.3480309582572802,0.34863841454614314,0.3536642031289141,0.3620141954954202,0.37230314314639146,0.38220569881258254,0.3876356498173521,0.38197057509435695,0.35653159958695524,0.30748578516299807,0.28136407144071607,0.2713072502097109,0.27130725175643744,0.2813640757012125,0.30748579113841373,0.35653160685588065,0.38197058182239696,0.3876356562053756,0.38220570669894344,0.3723031558429389,0.3620142151623576,0.3536642252510243,0.3486384272498342,0.34803095649791727,0.35311776485263746,0.3655251530741244,0.3867593010678423,0.41486856632035934,0.44786683424700285,0.48356744048877526,0.5195606940663016,0.5535150776595187,0.5835488343814319,0.608452926776009,0.6276856120715796,0.6411915180255819,0.6491550380393568,0.6517813942535233
0.6552719349281659,0.6529066954567327,0.645739321160065,0.6335955494303135,0.6163184216284089,0.5939542544704193,0.5669653893690989,0.5363957519995762,0.5038998283742695,0.47158442530770567,0.44170742256987133,0.4163665386973151,0.39728288716617766,0.38550482451163665,0.38044713801775704,0.38103645135656106,0.3861411699818581,0.3945315047329227,0.40452767471794715,0.4134272615319427,0.41675767247855783,0.4076291052627959,0.37744866522043435,0.3232196018281989,0.2942251598743816,0.2829697832609888,0.2829697848501542,0.2942251642090882,0.3232196077971212,0.3774486723857287,0.407629111633271,0.41675767819627074,0.4134272678915945,0.4045276830143042,0.39453151334351116,0.3861411728954854,0.3810364453217049,0.38044713208735603,0.38550482902737343,0.39728290608157973,0.41636656838954866,0.44170745567041536,0.4715844540403645,0.5038998401278373,0.5363957512314182,0.5669653867073986,0.5939542569871482,0.6163184299930461,0.6335955602662688,0.645739332344834,0.6529067028555635,0.6552719310872239
0.6594850107906496,0.6574223140211067,0.6511766415689887,0.6406080163586467,0.6255905796627579,0.6061626088281316,0.5827006622180044,0.556062646360181,0.5276308601644701,0.499208649334576,0.47278624897089067,0.45025203122102725,0.43311646675910187,0.4222163284750871,0.4173908703885617,0.4179140213627923,0.4227644755812416,0.4306120433469299,0.4395416089626477,0.4465532479018641,0.4468948891485698,0.4335405117993171,0.39810815354313095,0.33848601519704186,0.3065531591691074,0.294083666323882,0.29408366774869965,0.30655316305816355,0.33848602058729227,0.3981081602646075,0.4335405179807325,0.4468948945872716,0.44655325254470446,0.4395416115408283,0.4306120406307011,0.4227644660966404,0.417914012224884,0.41739087107044165,0.42221634300422706,0.433116491570798,0.45025205841321403,0.47278627195349654,0.49920866652364115,0.5276308724268113,0.5560626520844083,0.5827006670122852,0.6061626164680038,0.6255905891311202,0.6406080251342461,0.6511766462805613,0.6574223111429448,0.6594849985020577
0.6641309310210497,0.6623855761167494,0.6571058594555758,0.6481861184108659,0.6355330015829239,0.6191811449644982,0.5994291576553308,0.5769567245143331,0.552872321233976,0.5286522133490994,0.5059690642898219,0.4864506962146557,0.4714205059162264,0.46164989005287277,0.4571945952965927,0.45754717908310943,0.46177378247645506,0.46848813629437536,0.47562009436691005,0.4799758379874574,0.47664352656808995,0.4585804705953241,0.4176976046685667,0.3527475254102739,0.3179552713717628,0.3043148640435495,0.3043148652173495,0.31795527458190587,0.3527475299098018,0.4176976105172815,0.4585804760093081,0.4766435308115222,0.4799758398773223,0.47562009186115395,0.46848812842728965,0.46177377327987174,0.4575471758021899,0.4571946023922683,0.46164990660897304,0.47142052654063726,0.48645071480597424,0.5059690780230144,0.5286522242001049,0.5528723334654332,0.5769567387544905,0.5994291707810568,0.6191811559912084,0.6355330098924631,0.6481861215425052,0.657105853997216,0.6623855645423972,0.6641309220718282
0.6689321563058019,0.6674961656873885,0.663157219867742,0.6558412316934376,0.645486158267489,0.6321278402453796,0.6160018499145642,0.5976345015036192,0.5778875526132318,0.5579256182005499,0.5390967919098926,0.5227456922643838,0.5099964678616721,0.5015491167271657,0.49755282245493504,0.49763096715282795,0.5009240871210889,0.5060383289051782,0.5108348721676625,0.5120313772632903,0.5046639939984284,0.4817611842655378,0.4355594340267693,0.36560052982603475,0.32815396799630464,0.3134351163744532,0.31343511724740997,0.32815397036960886,0.36560053314795204,0.43555943841021505,0.48176118810932217,0.5046639964108703,0.5120313771787212,0.5108348688201504,0.5060383236571676,0.5009240840977297,0.4976309695955882,0.49755283091762376,0.501549129026051,0.509996480827017,0.5227457037335288,0.5390968018116711,0.5579256283711099,0.5778875654596219,0.5976345176310763,0.6160018662668518,0.6321278530076232,0.6454861642775147,0.6558412278395173,0.6631572071098815,0.6674961527035954,0.6689321545045052
0.6736502543409643,0.672498847878121,0.6690243388378155,0.6631794526930429,0.6549296316213429,0.6443146831192939,0.6315222678785848,0.6169552137798465,0.6012684872880194,0.5853528684025032,0.5702541078636093,0.557035130344581,0.5466062832007218,0.5395605548241311,0.5360588542772993,0.5357937665241008,0.5379711871290417,0.5412307541292195,0.5434381902031004,0.5413079107121758,0.529902051473714,0.5023691363500007,0.4512624773763928,0.37680627673120937,0.3370003431395731,0.32132910827091316,0.32132910877816173,0.3370003444988913,0.37680627864356875,0.45126248002785313,0.502369138715815,0.5299020530690801,0.5413079112262931,0.543438189830398,0.5412307543265167,0.5379711894844957,0.5357937714622416,0.5360588610603678,0.5395605622654762,0.5466062907429537,0.557035138344938,0.570254117005006,0.5853528791090101,0.6012684998093132,0.6169552281393575,0.6315222825045065,0.6443146938220047,0.6549296337750623,0.6631794450970542,0.6690243273211924,0.6724988405093528,0.6736502568194903
0.6781018329222628,0.6771999563856069,0.6744823781277057,0.6699228000272454,0.6635084099252601,0.6552828988899653,0.6453977041202814,0.6341594849953075,0.6220576888337909,0.609755998106778,0.5980377785938359,0.5877075056187884,0.5794635613840544,0.5737684641031218,0.5707457696570951,0.5701164562295465,0.571142817039719,0.5725231420233471,0.5721751927326267,0.5668636508999609,0.5517196591017802,0.520026618870134,0.46461952673551327,0.3862884303855761,0.34446502970120507,0.3279836494012361,0.32798364950963677,0.34446503001246365,0.3862884310270578,0.4646195282452319,0.5200266209762007,0.551719661594805,0.5668636537387554,0.5721751961425304,0.5725231463819576,0.5711428222597352,0.5701164618590384,0.5707457751618129,0.57376846931228,0.5794635668157687,0.5877075122150953,0.5980377869906682,0.609756008150897,0.6220576998751737,0.6341594963011216,0.6453977142684484,0.6552829047516651,0.6635084089409312,0.6699227948034722,0.6744823744916443,0.6771999565122576,0.6781018372770875
0.6821635368854118,0.6814717530079345,0.6793904656607782,0.675908412818347,0.6710280548320999,0.6647947958376565,0.6573315682337202,0.648870800979967,0.6397731171947912,0.6305217395588903,0.6216850478807535,0.6138470266010808,0.6075144813956196,0.6030174399465564,0.6004201700396781,0.5994481198539738,0.5994098087069566,0.5990700355258919,0.5964188442134521,0.5882937178910926,0.5699083910763719,0.5346728012448085,0.47565667215664953,0.39410455438513403,0.35061328474916514,0.3334648364262577,0.3334648362462292,0.3506132843705373,0.3941045544037019,0.4756566735968831,0.5346728042446243,0.5699083953103287,0.5882937231108918,0.5964188502739016,0.5990700420869974,0.5994098152647392,0.5994481260198943,0.6004201756734463,0.6030174452105026,0.607514486733974,0.613847032622658,0.6216850550675417,0.6305217478591459,0.6397731258203952,0.6488708085641887,0.6573315732295724,0.6647947973428997,0.6710280543624197,0.6759084142056117,0.6793904704979672,0.6814717592477919,0.6821635441483559
0.685768255919415,0.6852473170918434,0.68368253599795,0.6810724048100611,0.6774285981153655,0.6727953023663975,0.667271809240727,0.6610330552148023,0.6543411329421461,0.6475404897257562,0.6410314896716913,0.6352214013089768,0.6304575742575917,0.62695212347889,0.6247071991599242,0.6234410829384337,0.6224977752483887,0.6207035149908167,0.6161203695840928,0.6056588897421745,0.5846099467977715,0.5464897513272983,0.4845544079621299,0.40040463244855606,0.35557343688426113,0.33789072989303737,0.3378907296467897,0.3555734363953281,0.40040463255850556,0.4845544100448765,0.5464897555340384,0.5846099525547934,0.605658896570846,0.6161203770692955,0.620703522646359,0.6224977826455919,0.6234410898431415,0.6247072055850373,0.6269521295828817,0.6304575801957881,0.6352214072413492,0.6410314958041015,0.6475404960481781,0.6543411387579237,0.6610330591854506,0.6672718105915663,0.6727953027046015,0.6774286011861667,0.6810724125559539,0.6836825466341381,0.6852473284318936,0.6857682677951671
0.6888956795625231,0.6885095728096868,0.6873516455488832,0.6854259493196727,0.6827484840975967,0.6793596351351391,0.6753384364032129,0.6708151158805981,0.6659773870458398,0.6610657632757658,0.6563543095994944,0.652115800371873,0.6485735128205555,0.6458441794847457,0.6438754872309653,0.6423745816672367,0.6407109101188796,0.6377604677950817,0.631645908005767,0.6193392561594224,0.5961940150881611,0.5558089057743087,0.49158254706155396,0.40538909521557714,0.3595066403236677,0.3414057789356412,0.3414057787915019,0.35950664012495703,0.4053890957941723,0.49158254992137584,0.5558089109160287,0.5961940218067581,0.6193392638595269,0.6316459161921132,0.6377604760625368,0.6407109181470754,0.6423745892487869,0.6438754943518005,0.6458441862572136,0.6485735192838117,0.6521158064203464,0.6563543150904848,0.6610657680139498,0.6659773905685547,0.670815117674083,0.675338437105118,0.679359637503798,0.6827484910301971,0.6854259607882233,0.6873516598706747,0.6885095887551695,0.6888956955351028
0.6915603471508163,0.691277939816133,0.6904323082770636,0.6890300605943429,0.6870880766005951,0.6846412714697698,0.6817512623894101,0.6785135810504723,0.6750604944752581,0.6715563972785716,0.668183389222969,0.6651160536263706,0.6624860992392984,0.660338284423619,0.6585772660167777,0.6568990888192812,0.654690298976164,0.6508635349548857,0.643587065063332,0.6298790494539216,0.6051390913910614,0.5630261649183317,0.4970445094117451,0.4092743648746851,0.36258269355643846,0.3441605996588613,0.3441605996758664,0.3625826937813659,0.4092743660120564,0.4970445129640219,0.5630261707017055,0.6051390986582791,0.6298790575496338,0.6435870735011253,0.6508635434395608,0.6546903072871731,0.6568990967590982,0.6585772734995436,0.660338291497879,0.6624861059249006,0.6651160597323513,0.6681833943789234,0.6715564011514147,0.6750604970217191,0.6785135828690196,0.6817512651158901,0.6846412772220432,0.6870880863381739,0.6890300741214361,0.6904323253146107,0.6912779586730378,0.6915603650298523
0.6937996975874743,0.6935952932104212,0.692984108568715,0.6919733748903268,0.6905787536378096,0.6888290159218587,0.6867710680959513,0.6844737605642481,0.682028575356741,0.6795452281227745,0.6771405593771479,0.6749197652598392,0.6729496432701372,0.6712233090334786,0.6696136335455749,0.6678072353736366,0.665201450312297,0.6607339946224424,0.6526047748274624,0.6378637100247425,0.6119417492895586,0.5685396366550851,0.5012377651107632,0.41226894271451553,0.3649634836102443,0.3462981944657992,0.34629819464248596,0.36496348426619,0.4122689444208863,0.5012377693052247,0.5685396429272684,0.6119417568424153,0.6378637181704455,0.6526047831143026,0.6607340028558154,0.6652014584094311,0.667807243240185,0.6696136410866431,0.6712233162055276,0.6729496500222945,0.6749197713808396,0.6771405644901947,0.6795452320093816,0.6820285784518914,0.6844737641791074,0.6867710739157346,0.6888290248427246,0.6905787656615502,0.6919733903022525,0.6929841270716106,0.6935953123084619,0.6937997158971754
0.6956637199157717,0.6955168813837855,0.695078385760373,0.6943549899228727,0.6933600956829071,0.692116448265039,0.6906588671934288,0.6890359725662465,0.6873096594121813,0.6855510173376719,0.6838315222341109,0.6822085456757487,0.680704225509385,0.6792759304536028,0.6777740758579636,0.6758778961155064,0.6729911050119357,0.6680675690232976,0.6593277122990016,0.6438417431634329,0.6170604004321072,0.5727120094278121,0.5044304710847837,0.41455951182534073,0.366793446336182,0.3479460232386347,0.3479460235524418,0.36679344737747904,0.41455951405084474,0.5044304758072528,0.5727120159711271,0.6170604079467646,0.6438417509907931,0.6593277200549168,0.6680675766018235,0.6729911124744241,0.6758779035387122,0.6777740832311115,0.6792759376677016,0.6807042323883088,0.6822085519820392,0.6838315277401712,0.6855510221181241,0.6873096642142239,0.6890359787414657,0.6906588758893457,0.6921164597599727,0.6933601099665666,0.6943550068206314,0.6950784039284035,0.6955168990228919,0.6956637386599478
0.6972069467851864,0.6971019052556763,0.6967885663167688,0.6962726980917371,0.6955651224529881,0.6946831757976786,0.6936520388501577,0.6925052412255492,0.6912835044664333,0.6900310176055308,0.6887882255465897,0.6875801445803732,0.6863988407399236,0.6851775491705195,0.6837512779397162,0.6817937270606679,0.6787120932579955,0.6734700759493313,0.6643005955346803,0.6482858639793907,0.6208881077126887,0.5758529449649775,0.5068509055024966,0.4163048191404898,0.36819543137997646,0.3492125758394766,0.3492125762404764,0.3681954326700609,0.41630482167497845,0.5068509103951989,0.5758529513237894,0.6208881147008496,0.648285871061427,0.6643006024487813,0.6734700826659934,0.6787120999214203,0.6817937338771877,0.6837512850158116,0.6851775564069259,0.6863988478803065,0.6875801513758549,0.6887882319504354,0.6900310239595779,0.6912835115656352,0.6925052500338666,0.6936520499655944,0.6946831893907702,0.695565138320025,0.6962727150698362,0.696788582989627,0.697101921574796,0.6972069662109284
0.6984828874929461,0.6984077775755082,0.6981839142282891,0.6978159275922609,0.6973121671800323,0.6966854108432385,0.695953366178098,0.6951384896885205,0.6942665400553836,0.6933631914539641,0.692447921966123,0.6915241504211562,0.6905639942283751,0.6894846642873159,0.6881107878681697,0.6861120128546282,0.6828972187467196,0.6774357357329442,0.6679675748265199,0.6515813736952585,0.6237452551247246,0.578214994037713,0.508685482032256,0.4176347680287438,0.3692702002423508,0.35018698456933045,0.35018698497368445,0.3692702015382013,0.4176347704931153,0.5086854865210246,0.5782149996101451,0.6237452610530185,0.6515813796332913,0.6679675806774084,0.677435741541104,0.6828972246648068,0.6861120191093417,0.6881107946312439,0.6894846715261103,0.6905640017187895,0.6915241579658501,0.6924479296523671,0.6933631997358704,0.6942665495838466,0.695138500979305,0.6959533794152346,0.6966854258784697,0.6973121831857703,0.6978159433257626,0.6981839295690708,0.6984077934778704,0.698482907042094
0.6995406067965917,0.6994866853245317,0.6993260631855402,0.6990622857837284,0.6987015491332449,0.6982529651504376,0.6977285896284369,0.6971428765342446,0.6965111273261971,0.6958463933637226,0.6951541141710541,0.6944234254147307,0.6936133401378851,0.6926305377980426,0.6912927201703591,0.689266596739605,0.6859616640760908,0.6803502162451445,0.6706758945845609,0.6540302108082927,0.6258836157335324,0.5799972700323115,0.51008170138443,0.4186525359247881,0.3700980584383612,0.35094043907678524,0.3509404393896381,0.3700980594633752,0.4186525379005168,0.5100817048932532,0.5799972743097046,0.6258836202289065,0.654030215357558,0.6706758992472144,0.680350221142953,0.685961669345096,0.6892666025495215,0.6912927266794684,0.6926305450427784,0.6936133480142138,0.6944234338430153,0.6951541233091474,0.6958464036189431,0.6965111391123654,0.6971428899848836,0.6977286044872122,0.6982529806448691,0.6987015641619763,0.6990623001553804,0.6993260779741362,0.6994867011201875,0.6995406253757982
0.7004229828100327,0.7003839192109086,0.7002675806640705,0.7000765749202935,0.6998153339696983,0.6994901253179332,0.6991088197359111,0.6986801645430574,0.6982122210886968,0.697709498059775,0.6971680951825406,0.6965677582034892,0.6958589407532149,0.6949414364978262,0.6936283416534594,0.6915842337214316,0.6882186263123735,0.6825051489254905,0.6726889507786503,0.6558622654413561,0.6274957069540475,0.5813527350583153,0.5111534221501522,0.4194381371243067,0.3707415282792373,0.3515284939247806,0.35152849407498993,0.37074152882456696,0.4194381383035589,0.5111534242959386,0.5813527377776085,0.6274957098995101,0.655862268568578,0.672688954242481,0.6825051529131485,0.6882186309635278,0.6915842391491601,0.6936283479668316,0.694941443774563,0.6958589490257905,0.696567767528755,0.6971681057355424,0.6977095100919287,0.6982122347093216,0.6986801794978422,0.6991088352999656,0.6994901403962149,0.6998153480006261,0.7000765887198235,0.700267595265218,0.7003839343842965,0.7004229994912884
0.7011661545108396,0.7011374316276267,0.7010518739168047,0.700911326713518,0.700718837687554,0.7004785276824367,0.7001952223887168,0.6998736453566934,0.699516883124724,0.6991236942013063,0.6986839899249494,0.6981713626607898,0.6975306883280835,0.6966572625449411,0.695361110680484,0.6933052494667041,0.6898988914557808,0.6841160417381152,0.6742021066635064,0.6572488025509449,0.6287256645624274,0.5823965178417717,0.5119867992035237,0.42005241620738343,0.3712483472305548,0.35199366647926067,0.35199366643599045,0.3712483472031062,0.4200524164557361,0.5119867998480896,0.5823965189708215,0.6287256660384571,0.6572488043895822,0.6742021090394541,0.684116044864632,0.6898988954916855,0.6933052545094244,0.6953611168095274,0.6966572698615777,0.697530696966178,0.6981713727760321,0.698684001660254,0.6991237075881633,0.6995168979138676,0.6998736609015828,0.7001952377191576,0.7004785420501141,0.700718851351776,0.7009113405236738,0.7010518880224569,0.7011374454063398,0.7011661687469896
0.7017997306393735,0.7017781641511228,0.7017138846538994,0.7016081429200525,0.7014629336875057,0.7012807923347596,0.7010643602754505,0.7008155498167397,0.7005340490479952,0.7002147598754618,0.6998435017360203,0.6993898377748027,0.6987950069648277,0.6979513578233918,0.6966668512165961,0.6946033426342142,0.6911695892980452,0.6853394269694091,0.6753578138826325,0.6583152798499952,0.6296796197209253,0.5832138555098834,0.5126459665930246,0.42054088900927067,0.37165436986906614,0.3523679636327017,0.3523679633976043,0.3716543692729523,0.42054088834110803,0.5126459657967763,0.5832138551672402,0.6296796199019298,0.6583152806078932,0.6753578153646033,0.6853394293656665,0.6911695927689214,0.6946033472859519,0.6966668571356646,0.697951365136837,0.6987950158600822,0.6993898484362261,0.699843514220568,0.7002147739735987,0.7005340641866327,0.7008155651149579,0.7010643749098255,0.7012808061945836,0.7014629473360678,0.7016081565301396,0.7017138976559617,0.7017781759751719,0.7017997422168469
0.7023474266372509,0.702330794177678,0.7022811711801665,0.7021993582852497,0.7020865678024633,0.7019441836953912,0.7017732982159902,0.7015738734931104,0.7013432854806325,0.7010738543562665,0.7007486943415626,0.7003347264353881,0.6997708098897213,0.6989473488276462,0.6976708965424169,0.6956024250166809,0.6921501732906524,0.6862875129113934,0.6762585791296193,0.6591523882446103,0.6304346847282815,0.5838670136966726,0.5131780248783699,0.4209371409242151,0.3719861550715829,0.3526751457949524,0.3526751453868464,0.3719861539679163,0.42093713945199085,0.5131780228436301,0.5838670121060957,0.6304346838339524,0.6591523881385105,0.6762585799243895,0.6862875147469205,0.6921501762984468,0.6956024293042782,0.6976709022178599,0.6989473560446442,0.6997708188459111,0.7003347372731288,0.7007487069877752,0.7010738683978806,0.7013433001826728,0.7015738880336698,0.7017733121548628,0.7019441972284521,0.7020865811260107,0.7021993709699956,0.7022811825293663,0.7023308038509262,0.7023474357855897
0.7028278929360314,0.7028146561306352,0.7027751119262787,0.7027097274329598,0.7026191437219964,0.7025039193690814,0.70236405736169,0.7021981738544539,0.7020020754469071,0.7017663543513137,0.7014723332608508,0.7010851941267284,0.700542228972334,0.699732544547589,0.6984617149519373,0.6963900215700058,0.6929251711507031,0.6870399230067272,0.6769774088530569,0.65982500247582,0.6310462922421747,0.5844009852542166,0.513617184072722,0.4212656748594463,0.3722631509002095,0.3529326478388782,0.3529326472872245,0.3722631493847697,0.4212656727569956,0.5136171810989182,0.584400982725052,0.6310462905350742,0.6598250017154912,0.6769774091312595,0.6870399244194556,0.6929251737909934,0.6963900255303488,0.6984617203473676,0.6997325515372048,0.7005422377238002,0.7010852046957508,0.7014723454420445,0.7017663676253807,0.7020020891257404,0.7021981873927408,0.7023640706156119,0.7025039323414891,0.702619156044806,0.7027097385037933,0.7027751213119923,0.702814663874181,0.7028279003569226
0.7032555805358947,0.7032446812584672,0.7032120704173321,0.7031579719646084,0.7030826154665925,0.7029859735140125,0.7028672878739387,0.7027242486397068,0.7025515978806608,0.7023387694521771,0.7020658951951964,0.701697005286989,0.7011683493694927,0.7003681544877726,0.6991012954417702,0.6970274975661443,0.6935539456762507,0.6876527229694344,0.6775658880164448,0.6603791529076091,0.6315539575920572,0.5848480032440981,0.5139880737145613,0.42154420617842353,0.37249946784308907,0.353153144699102,0.35315314404508286,0.3724994660401539,0.4215442036539386,0.513988070141979,0.5848480001246088,0.6315539553605295,0.6603791516997717,0.677565887912379,0.6876527240432432,0.693553947997654,0.6970275012074608,0.6991013004978932,0.700368161083241,0.7011683576068279,0.7016970151305667,0.7020659063622009,0.7023387814391984,0.7025516101742122,0.7027242609598375,0.7028673001134863,0.7029859853148022,0.703082626172576,0.7031579810917534,0.7032120779089933,0.7032446876552347,0.7032555870233248
0.7036415534326552,0.7036322671223021,0.7036044376523791,0.7035581138903905,0.7034932318178483,0.7034093507457767,0.7033051824764186,0.7031777807153821,0.7030211645769171,0.7028239886878993,0.7025655885925952,0.7022092246963391,0.7016904437275883,0.7008968633261732,0.6996328427941267,0.697557646133896,0.6940779577326884,0.6881651676662106,0.6780602529227904,0.6608473022811346,0.6319856739392556,0.5852310117372765,0.5143083098454657,0.42178545643110027,0.3727052736678805,0.3533457874245957,0.3533457867181771,0.37270527171713924,0.4217854536938174,0.5143083059868572,0.585231008340582,0.6319856714487845,0.6608473008214899,0.6780602525581821,0.688165168459858,0.6940779597464631,0.6975576494223191,0.6996328474105686,0.7008968693255125,0.7016904511281767,0.702209233399702,0.702565598323202,0.7028239990510053,0.7030211752312986,0.7031777914727206,0.7033051930946776,0.7034093607063748,0.7034932405552611,0.7035581211514326,0.7036044437171219,0.7036322728234216,0.7036415593845639
0.7039942027066829,0.7039860344740075,0.7039615178703502,0.7039205767799852,0.7038629390058954,0.703787873504321,0.7036937237007879,0.7035771056426844,0.7034315459112491,0.7032451719799532,0.7029967823760661,0.7026491166352776,0.7021372387870477,0.7013483328270986,0.7000863642786831,0.6980102034713723,0.6945260599955457,0.6886046389751914,0.6784858595215721,0.6612522530322854,0.6323611900534374,0.585566273846391,0.5145904384694446,0.42199852085369455,0.37288786278760044,0.35351715380629206,0.3535171530951604,0.37288786081639314,0.42199851807825867,0.5145904345609624,0.5855662703978481,0.6323611875012655,0.661252251481953,0.6784858590112337,0.6886046395480284,0.6945260617006237,0.6980102063417017,0.7000863683180948,0.7013483380113402,0.70213724505589,0.7026491238647222,0.7029967903590432,0.7032451804595193,0.7034315546467287,0.7035771143958124,0.7036937321238095,0.703787881197776,0.703862945713231,0.7039205825294775,0.7039615230999519,0.7039860398429078,0.703994208078375
0.7043198467525951,0.7043124588767842,0.704290253919931,0.7042530669424995,0.7042004785603607,0.7041315540304154,0.7040443805802816,0.7039352724043699,0.7037974187331524,0.7036185875249357,0.703377210978913,0.7030356704554285,0.7025286908190715,0.7017431375398638,0.7004826639637132,0.6984057960487027,0.6949182948292548,0.6889902014277339,0.6788604163931022,0.6616099905522218,0.6326944107133049,0.58586529451852,0.5148433779231119,0.422189889429701,0.37305245856915314,0.3536719635349761,0.3536719628515929,0.3730524566645986,0.42218988673343694,0.5148433741153103,0.585865291153601,0.6326944082172858,0.6616099890151391,0.6788604158213355,0.6889902018270578,0.6949182962145969,0.6984057984183109,0.7004826672741938,0.7017431417048113,0.7025286957250422,0.7030356759763753,0.7033772169822751,0.7036185938649996,0.7037974252209996,0.7039352787629645,0.7040443865066885,0.7041315593805357,0.7042004834102857,0.7042530715611824,0.704290258640846,0.7043124639153785,0.7043198514601512
0.704623219656681,0.7046163815380153,0.7045958049413649,0.7045612618555978,0.7045122288767797,0.7044476282416529,0.7043653684907948,0.7042615545424046,0.7041291427565715,0.7039556532405055,0.7037192645963747,0.7033821068648491,0.7028786599389224,0.7020955469338797,0.7008361646462039,0.6987587314840863,0.6952685851504836,0.6893351295600604,0.6791962924562416,0.6619317229340612,0.6329951284279481,0.5861362158854111,0.5150734716585572,0.422364196046592,0.37320280441737913,0.3538136062925572,0.353813605648733,0.3732028026159111,0.4223641934870732,0.5150734680333121,0.5861362126763338,0.6329951260420155,0.6619317214487133,0.679196291847983,0.6893351297883571,0.6952685861776885,0.6987587332596454,0.7008361670850748,0.7020955499143666,0.7028786633245464,0.7033821105335901,0.7037192684579132,0.7039556572167471,0.70412914672156,0.704261558302839,0.7043653719235233,0.7044476314410069,0.7045122321385148,0.704561265516164,0.7045958090925755,0.7046163861338163,0.7046232239082721
0.7049078587391098,0.7049014125443406,0.7048819965899329,0.7048493380377829,0.7048028398560423,0.7047413235440377,0.7046625723420122,0.7045625449419229,0.7044340352625443,0.7042643901699644,0.7040316094778325,0.7036976425522279,0.703196786700224,0.7024154737778422,0.7011568827824091,0.6990789528658677,0.6955866219673098,0.6896486856528738,0.6795021461570867,0.6622253273182164,0.6332702574050935,0.586384816679387,0.5152852461100995,0.42252476021910695,0.3733415927053338,0.35394452572008345,0.3539445251116427,0.37334159100330033,0.4225247578059093,0.5152852426956728,0.5863848136520152,0.6332702551342073,0.6622253258634794,0.6795021454702979,0.6896486856516384,0.695586622558828,0.6990789539462565,0.7011568842297995,0.702415475454675,0.7031967884688395,0.7036976442959817,0.7040316111205672,0.7042643916762137,0.7044340366103812,0.7045625461325885,0.7046625734788173,0.7047413248763339,0.7048028417278137,0.7048493406760873,0.7048819999646684,0.7049014167176508,0.7049078629393056
0.7051764059829888,0.70517024314404,0.7051516660143322,0.7051203698417373,0.7050757052784659,0.705016422447188,0.7049402160061188,0.704842941396801,0.7047172777112889,0.7045504486628378,0.7043203252387858,0.7039887232390176,0.7034897992034752,0.7027098286164998,0.7014518003967583,0.6993733968553204,0.6958791779293737,0.6899373597840102,0.6797840655047109,0.6624963658662504,0.6335247040819041,0.5866152204994257,0.5154819501759271,0.422673974233027,0.37347077225837017,0.35406649513428257,0.354066494551234,0.37347077063360673,0.4226739719441385,0.5154819469508336,0.5866152176293375,0.6335247018838847,0.6624963643728717,0.6797840646455845,0.6899373594451449,0.6958791779743255,0.6993733971354216,0.70145180075978,0.7027098289169013,0.7034897993120574,0.7039887230514565,0.7043203246933029,0.7045504477679204,0.7047172765709161,0.704842940227251,0.7049402151061338,0.7050164221398046,0.7050757058292636,0.7051203713510908,0.7051516685590961,0.7051702470327285,0.7051764103926771
0.7054308387463171,0.7054248839880438,0.7054069226358842,0.7053766271328469,0.705333310704286,0.7052756724479589,0.705201343708243,0.7051061060522231,0.704982556095021,0.704817828242448,0.7045896982988779,0.7042598802571266,0.7037624183537615,0.7029834560536153,0.7017258126484353,0.69964693192167,0.6961510158440071,0.6902057292493227,0.6800463603699756,0.6627487942348024,0.633761976504738,0.5868303936183509,0.515665935913761,0.42281357730923735,0.3735917667135304,0.3541808136230953,0.3541808130582333,0.37359176514440634,0.42281357510682965,0.5156659328110912,0.586830390825293,0.6337619742885177,0.6627487925957609,0.680046359214003,0.6902057284382852,0.6961510152142016,0.6996469312987172,0.7017258118631763,0.7029834549570747,0.7037624168268001,0.7042598782165598,0.7045896957140125,0.7048178251752036,0.7049825527570107,0.7051061028158268,0.7052013410072209,0.7052756706389154,0.7053333099722686,0.7053766275691079,0.7054069244972379,0.705424887652957,0.705430843290986
0.7056726441240843,0.7056668447158357,0.7056493431071813,0.7056197953170669,0.7055774875217974,0.7055210819048623,0.7054481639323736,0.7053544614839167,0.7052325108328206,0.7050693801354503,0.7048427729012152,0.7045143230240439,0.7040179821824432,0.703239779273723,0.7019823795706719,0.6999030037340586,0.6964055142470947,0.6904570513926702,0.6802921103816999,0.6629854530132473,0.6339846085094245,0.5870324927885658,0.5158389255039453,0.42294484848924774,0.37370562854539796,0.35428844456346,0.3542884440144911,0.37370562701773247,0.42294484633130347,0.5158389224278226,0.5870324899501692,0.6339846061454212,0.6629854510949492,0.6802921087891115,0.6904570499673409,0.6964055128138257,0.6999030021171537,0.7019823776062423,0.7032397768194529,0.7040179791286567,0.7045143193090914,0.7048427685323836,0.7050693752251777,0.7052325056555063,0.7053544564859724,0.7054481596306729,0.7055210787071878,0.7055774856349899,0.7056197949043261,0.7056493444508284,0.7056668480294023,0.7056726484915159
0.7059029494047726,0.7058972679783929,0.7058801157212206,0.7058511366734008,0.7058095971951915,0.7057541323611385,0.7056822938601867,0.7055897698746725,0.7054690516143559,0.7053071568460342,0.7050817325529687,0.7047543476248589,0.7042588751981542,0.7034812424923049,0.7022239730979195,0.7001440778591382,0.6966450968886798,0.6906936712899945,0.68052354259165,0.6632084074547256,0.6341944539283677,0.5872231073284581,0.5160021977160966,0.4230687417762476,0.3738131472520019,0.35439011305100077,0.3543901125161954,0.37381314575273844,0.4230687396212094,0.516002194566796,0.5872231043134066,0.6341944512757267,0.663208405114823,0.6805235404208664,0.6906936691155556,0.6966450945396405,0.7001440751829301,0.7022239699611569,0.7034812387750183,0.7042588708009213,0.7047543424972379,0.7050817267272245,0.705307150466513,0.7054690449734842,0.7055897634290166,0.7056822881718267,0.7057541279344022,0.7058095943606861,0.7058511356262199,0.7058801165687997,0.7058972707077732,0.7059029532670703
0.7061226188532338,0.7061170285986037,0.7061001465528619,0.7060716078737574,0.7060306641528882,0.7059759302100806,0.7059049324503217,0.7058133291603342,0.7056935771253948,0.7055326547511266,0.7053081635300666,0.7049816180656827,0.7044868231707213,0.7037096142249469,0.7024523832307791,0.7003719429789065,0.6968715271546192,0.690917301673428,0.6807422913754844,0.6634191819337594,0.6343928902918154,0.5874034273201036,0.5161567179090029,0.4231859806331413,0.37391492519121977,0.35448637429432334,0.3544863737664344,0.3739149236979412,0.4231859784396515,0.516156714605076,0.5874034240235263,0.6343928872320554,0.6634191790469405,0.6807422885032363,0.690917298641967,0.6968715238143947,0.7003719392195911,0.7024523789680808,0.7037096093750705,0.7044868176477606,0.7049816118191861,0.7053081565971059,0.7055326472868625,0.7056935694141582,0.7058133216311403,0.7059049256678971,0.7059759247760257,0.7060306605339083,0.706071606229618,0.7061001467812256,0.706117030558045,0.7061226220060104
0.7063323249713019,0.7063268063970709,0.7063101369661848,0.7062819451124317,0.7062414711980026,0.7061873146534443,0.7061169826598481,0.7060261105389853,0.705907128117406,0.7057469822129351,0.705523236704886,0.7051973597120725,0.7047030953958188,0.7039261950637211,0.7026689276589735,0.7005879185247363,0.6970861098575094,0.6911292150940153,0.6809495772531771,0.6636189217183779,0.634580959839849,0.5875743604564223,0.5163032286583952,0.4232971240556673,0.3740114307355305,0.354577661622881,0.3545776610885073,0.374011429216097,0.4232971217860967,0.5163032251499413,0.5875743568210214,0.6345809563024202,0.6636189182034952,0.6809495736015877,0.6911292111499755,0.6970861055089997,0.7005879137129722,0.7026689223537609,0.7039261892233952,0.7047030889543966,0.7051973526187213,0.705523228991335,0.7057469740342368,0.7059071197457024,0.7060261023579592,0.7061169751772972,0.7061873084747804,0.7062414668413943,0.7062819427270154,0.7063101364008862,0.706326807498257,0.7063323273366147
0.7065326006121548,0.7065271393377892,0.7065106398864034,0.7064827254731335,0.7064426277660469,0.7063889343592014,0.7063191375909527,0.7062288547285829,0.7061104939254832,0.7059509759961933,0.7057278329716987,0.7054024923253013,0.70490864350786,0.7041319600932563,0.7028745953768889,0.7007929969714286,0.6972898296642573,0.6913303759646123,0.6811463300475562,0.6638085047081671,0.6347594672484038,0.5877366133169821,0.5164423130265828,0.42340261283898867,0.3741030355834627,0.3546643202317592,0.35466431967910683,0.37410303401296885,0.4234026104735524,0.5164423093031822,0.5877366093371582,0.6347594632212193,0.6638085005482909,0.6811463256090866,0.6913303711267578,0.697289824361749,0.7007929911948773,0.7028745891431766,0.7041319534024664,0.7049086363245356,0.7054024846109684,0.705727824755711,0.7059509674313684,0.7061104852798158,0.7062288463402265,0.7063191298525399,0.7063889277292518,0.7064426226830126,0.7064827221643557,0.7065106383661389,0.7065271395178273,0.7065326021716101
0.7067238768558138,0.706718462082138,0.7067021004362055,0.7066744109949493,0.70663461864438,0.7065813018035701,0.7065119411152245,0.7064221392634601,0.706304286540248,0.7061452818782559,0.7059226297979935,0.7055977216226972,0.7051041968386188,0.7043276566217511,0.7030701452124576,0.700987941506813,0.697483446223301,0.6915215314645523,0.6813332738774667,0.6639886187748779,0.6349290475044581,0.5878907480323963,0.5165744388450558,0.4235028020624195,0.37419004102252723,0.3547466309619726,0.35474663039206206,0.3741900394073627,0.42350279961808995,0.5165744349419745,0.5878907437507058,0.6349290430343343,0.6639886140268068,0.6813332687279798,0.6915215258335091,0.6974834400894396,0.7009879348996628,0.7030701381859443,0.7043276492184598,0.7051041890677535,0.705597713475881,0.7059226213089513,0.706145273192898,0.7063042779255617,0.7064221310252716,0.7065119335110174,0.7065812950408231,0.706634612964188,0.7066744067138627,0.7067020978387196,0.7067184612339907,0.7067238775794771
0.7069065103675124,0.7069011337944967,0.7068848851531643,0.7068573802462362,0.7068178387009724,0.7067648317226691,0.7066958304534715,0.7066064254848581,0.7064889921003751,0.7063304104912541,0.7061081610113525,0.7057836023808879,0.7052903280309899,0.7045138713656565,0.7032561735519247,0.701173353211751,0.6976675596892513,0.6917032742852941,0.6815109859770077,0.6641598154518514,0.635090213190323,0.5880372219116713,0.5166999898086807,0.4235979839776092,0.37427269648560596,0.35482482712169905,0.35482482655247805,0.3742726948718324,0.42359798151395534,0.5166999858083156,0.5880372174177093,0.635090208383085,0.6641598102463241,0.6815109802719391,0.6917032680323595,0.697667552898207,0.7011733459395508,0.7032561658849508,0.7045138633939961,0.7052903198210848,0.7057835939686248,0.706108152440779,0.7063304018906824,0.7064889837188337,0.7066064176019379,0.7066958232221706,0.7067648251205466,0.7068178327232274,0.7068573751683821,0.7068848814603352,0.7069011318047095,0.7069065101603483
0.7070808030493415,0.7070754581057689,0.7070593029612385,0.707031950934448,0.7069926175807542,0.7069398682199175,0.706871166005465,0.7067820913293364,0.7066650067088377,0.7065067760509557,0.7062848581580133,0.7059605820033902,0.7054674982797395,0.7046910767400312,0.7034331610012323,0.7013497173831441,0.6978426559785822,0.6918760860701414,0.6816799375372955,0.6643225473387815,0.6352433875453882,0.5881764152559685,0.5168192873867657,0.4236884041939791,0.3743512127179437,0.35489910644202466,0.3548991058990556,0.3743512111701471,0.4236884017941723,0.5168192834090778,0.5881764106878101,0.6352433825660416,0.6643225418707195,0.681679931491442,0.6918760794136958,0.6978426487388412,0.7013497096383755,0.7034331528696991,0.7046910683597121,0.7054674897765673,0.7059605734679516,0.7062848496602395,0.7065067676986643,0.7066649986956357,0.7067820838780005,0.7068711592077306,0.7069398619496452,0.7069926116522315,0.7070319454307439,0.7070592983670658,0.7070754549644768,0.707080801735394
0.707247016112721,0.7072416974413285,0.7072256202462548,0.70719839606092,0.7071592371500194,0.7071067037645303,0.7070382522075715,0.7069494542292541,0.7068326613934063,0.7066747232620393,0.7064530791520467,0.706129030646407,0.7056360885910374,0.7048596628404136,0.7036015046344986,0.701517435575093,0.698009138122536,0.6920403675836352,0.6818405221640507,0.6644771942630965,0.6353889276816023,0.5883086509639701,0.5169326063224773,0.423774273163197,0.37442577115402936,0.35496963961546074,0.3549696391154863,0.3744257697187681,0.42377427090138053,0.5169326025052808,0.5883086465011064,0.6353889227422916,0.6644771887671881,0.6818405160217677,0.6920403607674885,0.6980091306728892,0.7015174275891601,0.7036014962537602,0.7048596542332976,0.7056360799297821,0.7061290220880014,0.7064530708286384,0.7066747152838356,0.7068326538629638,0.7069494472421473,0.707038245793292,0.7071066978216255,0.7071592314773838,0.7071983905534975,0.7072256151696339,0.7072416933011706,0.707247013496976
0.7074053801634969,0.707400083346388,0.7073840716835407,0.7073569553492731,0.7073179436879649,0.707265592460401,0.707197352141646,0.7071087871531684,0.7069922395391883,0.7068345460306438,0.7066131281355741,0.7062892620710448,0.7057964214223722,0.7050199596064162,0.7037615403697175,0.70167684785556,0.6981673480742512,0.6921964597384335,0.6819930757730628,0.6646240816450354,0.6355271409560386,0.5884342084202587,0.5170401856507214,0.4238557743585053,0.3744965306138417,0.35503657641389896,0.35503657595660937,0.3744965293011643,0.42385577228141813,0.5170401821280876,0.5884342042579207,0.6355271362828926,0.6646240763605481,0.6819930697820561,0.6921964530221033,0.6981673406886777,0.7016768399082842,0.7037615320000187,0.7050199509785231,0.7057964127321165,0.7062892535517594,0.706613120024714,0.7068345384867537,0.7069922325760601,0.7071087806800895,0.7071973460701824,0.7072655867450017,0.7073179382674539,0.7073569501022997,0.7073840665607295,0.707400078463289,0.7074053761694185
0.7075561024449105,0.707550823922647,0.7075348678917823,0.707507843174901,0.707468956367505,0.7074167593805896,0.7073486978374686,0.707260329865306,0.7071439890500401,0.7069865004664365,0.7067652692559512,0.7064415481025949,0.7059487756967759,0.7051722522240477,0.7039135585536461,0.7018282483418381,0.6983175819562619,0.6923446583207896,0.6821378905551688,0.6647634934346235,0.6356582965617108,0.5885533333836193,0.5171422365811487,0.4239330701358006,0.37456363210367283,0.35510005008045187,0.3551000496579489,0.374563630906985,0.4239330682743074,0.5171422334682587,0.5885533296937856,0.6356582923529428,0.6647634885775322,0.6821378849558765,0.6923446519763716,0.6983175749339523,0.7018282407390446,0.7039135504770334,0.7051722438045823,0.7059487671337206,0.7064415396956906,0.7067652613557213,0.7069864933183633,0.7071439826411797,0.7072603239488376,0.7073486921584511,0.707416753864755,0.7074689510894954,0.7075078381421814,0.7075348628566841,0.7075508185239181,0.7075560972213646
0.7076993720178137,0.7076941090593666,0.7076782006469262,0.7076512539937245,0.7076124732508764,0.7075604072531592,0.7074924975833027,0.7074042967978137,0.707288130775473,0.7071308138937478,0.7069097362502728,0.706586128710781,0.7060933972668079,0.7053167918557778,0.7040578148361114,0.7019718960783468,0.6984601007781206,0.692485224372028,0.6822752248417119,0.6648956812705711,0.6357826337631668,0.588666245054964,0.5172389481752699,0.4240063059719343,0.37462720228970625,0.3551601804986724,0.3551601801140492,0.37462720122420484,0.42400630436645015,0.5172389455615868,0.5886662419580039,0.6357826301672979,0.664895677028289,0.6822752198667171,0.6924852186682676,0.6984600944026963,0.7019718890982194,0.7040578073176059,0.7053167838972977,0.7060933890569353,0.706586120566977,0.7069097285765118,0.7071308070201736,0.7072881247633528,0.7074042913891603,0.707492492394969,0.7075604020554974,0.7076124680543344,0.707651248872258,0.7076781954151933,0.7076941032274874,0.7076993658801578
0.7078353633843923,0.7078301139191783,0.7078142463362289,0.7077873661587623,0.7077486756621383,0.707696721280504,0.707628941067312,0.707540882488941,0.70742486431303,0.7072676911052966,0.7070467391569263,0.7067232190991563,0.7062305062635326,0.7054538031465585,0.7041945377621678,0.7021080226511742,0.6985951379862428,0.6926183915523488,0.6824053101361951,0.6650208710224135,0.6359003677855963,0.5887731411468728,0.5173304914493196,0.4240756135555033,0.37468735604836995,0.35521707651437545,0.3552170761894848,0.37468735516588136,0.4240756122638897,0.5173304893983344,0.5887731387143086,0.6359003649124793,0.6650208675614651,0.6824053059979404,0.6926183867173551,0.698595132476552,0.7021080165052562,0.7041945310334531,0.705453795924828,0.7062304987077753,0.7067232114657549,0.7070467317985213,0.7072676843887781,0.7074248584506032,0.70754087739131,0.7076289363600614,0.7076967165266375,0.7077486705739785,0.7077873606624915,0.707814240479078,0.7078301075594965,0.7078353566081491
0.7079642389019807,0.7079590011697396,0.7079431683877154,0.7079163447971414,0.707877731382863,0.7078258724873334,0.707758202873522,0.7076702653019845,0.7075543720467413,0.7073973187598817,0.7071764690484229,0.7068530147113248,0.7063603022899799,0.70558348951954,0.7043239341079021,0.7022368375291297,0.6987229047786098,0.6927443713695054,0.682528356156068,0.6651392675133062,0.6360116940750518,0.5888742015479767,0.5174170223452822,0.4241411130458347,0.3747441983591298,0.3552708376731329,0.3552708374376155,0.3747441977246568,0.4241411121274628,0.5174170209026335,0.5888741998297647,0.6360116920152519,0.6651392649703533,0.682528353012643,0.692744367555755,0.6987229002794284,0.7022368323820473,0.7043239283878285,0.705583483317852,0.7063602957062414,0.7068530078765924,0.707176462181007,0.7073973121935884,0.7075543661342378,0.7076702602066255,0.707758198386804,0.7078258680674339,0.7078777264147925,0.7079163389242689,0.7079431617705901,0.7079589941183978,0.707964231590253
0.708086150310752,0.7080809225557678,0.7080651192540499,0.7080383440379305,0.7079997968349437,0.7079480198712182,0.707880444770865,0.7077926100049311,0.7076768220559091,0.7075198685424678,0.707299101372456,0.7069756947317442,0.7064829680749293,0.7057060369460539,0.7044461926998133,0.7023585318725323,0.6988435938717449,0.692863356885311,0.6826445544380522,0.66525105794103,0.6361167914166685,0.5889695910129532,0.5174986839042759,0.42420291472476485,0.3747978257072196,0.3553215555329075,0.35532155540858373,0.37479782536983125,0.4242029142287448,0.5174986831177889,0.5889695900621998,0.636116790238494,0.6652510563912426,0.6826445523623024,0.692863354173136,0.6988435904980227,0.7023585278951524,0.7044461882100586,0.7057060320108985,0.7064829627138846,0.7069756889464859,0.7072990952288797,0.7075198622702243,0.7076768160431797,0.707792604604636,0.7078804400242183,0.7079480153577806,0.7079997918583986,0.7080383380390433,0.7080651121938651,0.7080809148291403,0.7080861425300186
0.7082012397669757,0.7081960202765004,0.7081802420789496,0.708153508551522,0.7081150184092746,0.7080633117350739,0.707995817260386,0.7079080696433361,0.7077923702552938,0.7076354994450356,0.7074147983005831,0.7070914245052651,0.7065986720106646,0.705821616623197,0.704561487191193,0.7024732813269683,0.698957382242078,0.6929755253752595,0.682754080910577,0.6653564143410382,0.6362158242214669,0.5890594611695592,0.5175756078959304,0.4242611202208112,0.37484832711710264,0.3553693146421716,0.3553693146430084,0.3748483271162399,0.42426112020582873,0.5175756078449864,0.58905946104974,0.6362158239530925,0.6653564137810332,0.6827540799021569,0.6929755238159334,0.6989573801221772,0.7024732787021349,0.7045614841160173,0.7058216131070808,0.7065986680141564,0.707091419954047,0.7074147931271967,0.7076354937031957,0.707792364229329,0.7079080637506776,0.7079958117860825,0.7080633065864567,0.7081150131332381,0.7081535025948397,0.7081802350596053,0.7081960122924634,0.708201231847835
0.7083096407522355,0.7083044282118285,0.7082886717829965,0.7082619743532574,0.7082235332543562,0.7081718866616656,0.7081044607885553,0.7080167869422807,0.7079011618998464,0.707744359353766,0.7075237103875748,0.7072003572516549,0.7067075699313139,0.7059303868482223,0.704669978048179,0.7025812480820784,0.6990644331789695,0.6930810403079478,0.6828570977740107,0.6654554953688557,0.6363089441990586,0.5891439520275736,0.5176479160762845,0.4243158234485131,0.37489578492450015,0.3554141932538977,0.3554141934013859,0.37489578532644396,0.42431582401875445,0.5176479168934088,0.5891439528138691,0.6363089448365393,0.6654554957536261,0.6828570978150273,0.6930810399580076,0.6990644324317364,0.7025812469304091,0.7046699764590548,0.7059303847823593,0.706707567351368,0.7072003540655912,0.7075237064006219,0.707744354381467,0.7079011560196269,0.7080167805562019,0.708104454387319,0.7081718805323592,0.7082235273279479,0.708261968262511,0.7082886650591255,0.708304420703013,0.7083096334176008
0.7084114789713312,0.7084062726931002,0.7083905354075251,0.7083638691017402,0.7083254698802842,0.708273874418599,0.7082065067881388,0.7081188953071179,0.7080033325509665,0.7078465861068212,0.7076259777718713,0.7073026353628451,0.706809806432068,0.7060324943394237,0.7047718139142611,0.7026825823205967,0.6991648978014864,0.693180052861773,0.682953754948921,0.6655484476488334,0.6363962916057057,0.5892231931185686,0.5177157211716102,0.4243671113556011,0.3749402753808146,0.3554562638561715,0.3554562641867513,0.3749402762897365,0.42436711265856875,0.5177157230265358,0.5892231949028135,0.6363962931607914,0.6655484489650622,0.6829537560537872,0.6931800537685326,0.6991648984645732,0.7026825826268805,0.7047718137469916,0.7060324936580015,0.7068098052478825,0.7073026335881172,0.7076259750971604,0.7078465821121239,0.7080033270577617,0.7081188886357913,0.708206499587177,0.7082738672805291,0.7083254630582283,0.7083638625177019,0.7083905289291544,0.7084062662798786,0.708411473093455
0.7085068730091297,0.7085016726519936,0.7084859520556377,0.708459312332918,0.7084209487451971,0.7083693967238046,0.7083020784192633,0.708214519467669,0.7080990087331381,0.7079423082505079,0.7077217310568054,0.7073983913902534,0.7069055158920644,0.7061280752272102,0.7048671325649075,0.7027774231950505,0.6992589161133973,0.6932727030538035,0.683044191217376,0.6656354068572502,0.6364779962297786,0.5892973043751409,0.5177791276388842,0.4244150645147827,0.3749818691438237,0.35549559359599453,0.35549559414122994,0.37498187064716987,0.42441506666959006,0.5177791306700977,0.5892973072572033,0.6364779987708142,0.6656354091645944,0.6830441934332095,0.6932727052190347,0.6992589181189167,0.7027774248402606,0.7048671336932584,0.7061280758120642,0.7069055159687984,0.7073983908817805,0.7077217296445837,0.7079423054166442,0.7080990040316277,0.7082145129518681,0.7083020707494855,0.7083693887466814,0.7084209410260238,0.7084593051558836,0.7084859457492602,0.70850166749139,0.7085068691629158
0.7085959344760534,0.7085907394673719,0.7085750330395776,0.7085484159224384,0.7085100827382733,0.7084585676092018,0.7083912908684414,0.7083037759178633,0.7081883085559941,0.7080316456889402,0.7078110919253275,0.7074877486908625,0.7069948232095716,0.7062172558453695,0.7049560616805367,0.7028658995570615,0.6993466177338746,0.6933591205285327,0.6831285350753763,0.6657164985870102,0.6365541781983219,0.589366396829636,0.5178382322384032,0.424459757566613,0.3750206316646846,0.35553224463799127,0.3555322453898062,0.37502063374636807,0.42445976056482926,0.5178382364625721,0.5893664008746851,0.6365541818296887,0.6657165019896771,0.683128538451452,0.6933591239147573,0.699346620981659,0.7028659024359225,0.7049560640099369,0.706217257543592,0.7069948242510112,0.7074877490470151,0.7078110914870052,0.7080316441058843,0.7081883051763266,0.7083037702482772,0.7083912832398532,0.7084585590865301,0.7085100743995807,0.7085484085100386,0.7085750270841471,0.7085907354038334,0.7085959326398344
0.7086787677512101,0.7086735770441575,0.708657882459054,0.7086312846480666,0.7085929773942883,0.7085414933702793,0.7084742514178946,0.7083867733650918,0.7082713423473922,0.708114710215895,0.7078941735094855,0.7075708217544788,0.707077844243832,0.7063001533367868,0.7050387195404274,0.702948130629298,0.6994281225025692,0.6934394251333481,0.6832069053355504,0.66579183898815,0.6366249486072935,0.5894305731610749,0.5178931244505236,0.42450125952465223,0.37505662346438523,0.3555662744589851,0.3555662753592501,0.37505662598067274,0.42450126320317544,0.5178931297282239,0.5894305783491792,0.6366249534005578,0.6657918435710156,0.6832069099055884,0.6934394297139411,0.6994281269472328,0.7029481347095168,0.7050387230097093,0.7063001559558593,0.7070778458606076,0.7075708224477903,0.7078941735643035,0.7081147097063996,0.7082713406455883,0.7083867693804263,0.7084742447356402,0.7085414849619722,0.7085929689529081,0.7086312775205875,0.7086578772333115,0.7086735740538779,0.7086787673628706
0.7087554698028087,0.708750282270325,0.7087345977656341,0.7087080164264427,0.7086697308467913,0.7086182725737724,0.7085510597973508,0.7084636132441378,0.70834821302595,0.7081916057442901,0.707971080580121,0.7076477164094342,0.7071546860942248,0.7063768760679217,0.7051152155745811,0.7030242266199566,0.6995035410649646,0.6935137274353261,0.6832794115986398,0.6658615352315174,0.6366904099779014,0.5894899280995105,0.5179438867791368,0.424539633988034,0.37508990032323214,0.3555977360707093,0.35559773705078757,0.37508990309945317,0.4245396381343508,0.5179438928962421,0.589489934325271,0.6366904159187267,0.6658615410110688,0.6832794173703572,0.6935137332054981,0.6995035466944007,0.7030242318607169,0.7051152200704733,0.7063768794032955,0.7071546880131289,0.7076477170983472,0.7079710806618462,0.7081916057754594,0.708348212800058,0.7084636115815847,0.7085510554482878,0.7086182656647935,0.7086697231193071,0.7087080099068794,0.7087345935164,0.708750280518017,0.7087554701078298
0.7088261304358874,0.7088209454402965,0.7088052697040981,0.7087787019953744,0.7087404338206201,0.7086889966690257,0.7086218089959537,0.7085343900445095,0.7084190159626543,0.7082624281889169,0.7080419096996654,0.7077185301504768,0.707225447428831,0.7064475239223109,0.7051856506965561,0.703094289152377,0.6995729753745238,0.6935821292233321,0.6833461546996114,0.6659256858897722,0.6367506565905753,0.5895445487239359,0.5179905950050863,0.42457493933730645,0.3751205134496162,0.35562667819261806,0.35562667923803754,0.3751205164366438,0.42457494386158523,0.5179906018234415,0.5895445558548179,0.6367506635726584,0.6659256927817485,0.6833461616033822,0.6935821361136798,0.6995729820850984,0.7030942953824123,0.7051856560093624,0.706447527841822,0.7072254496916263,0.7077185309436482,0.7080419096550081,0.7082624281181037,0.7084190164049771,0.7085343906348751,0.7086218082456408,0.7086889932038161,0.7087404281580197,0.7087786964206514,0.7088052663327911,0.7088209447762444,0.7088261308499959
0.708890832787748,0.7088856501720686,0.7088699816530473,0.7088434244823,0.7088051700795781,0.7087537510360431,0.7086865858797848,0.7085991911122325,0.7084838385340907,0.7083272653282102,0.7081067494970789,0.7077833526327084,0.7072902189354182,0.7065121885832889,0.7052501174828687,0.7031584114793353,0.6996365190154316,0.6936447239074933,0.6834072271038486,0.665984381274913,0.6368057747634438,0.5895945147187619,0.5180333184493565,0.42460722896886083,0.3751485096878436,0.35565314542000803,0.35565314659861563,0.375148513028721,0.4246072339760954,0.5180333259737161,0.5895945226367518,0.6368057826023787,0.6659843890676195,0.6834072349117848,0.6936447316665305,0.699636526519722,0.7031584183951083,0.7052501233926265,0.7065121931110948,0.7072902218962709,0.7077833540718509,0.7081067496834335,0.7083272649260903,0.7084838387371624,0.7085991929523034,0.7086865887275929,0.7087537524492182,0.7088051683769591,0.7088434209362259,0.708869979058766,0.7088856498387508,0.7088908329441113
0.708949653545374,0.7089444728683296,0.7089288092254324,0.7089022597785595,0.708864017350844,0.7088126154253426,0.7087454706958104,0.7086580959882773,0.7085427599626746,0.7083861970754213,0.7081656810970614,0.7078422661147439,0.7073490837238628,0.7065709538461853,0.7053087003859241,0.7032166786474766,0.6996942573803329,0.6937015967364132,0.6834627131512595,0.6660377036854063,0.6368558430933565,0.5896398986223969,0.5180721202444053,0.42463655154558255,0.3751739317524661,0.35567717840549923,0.355677179819695,0.3751739356650721,0.4246365572057392,0.518072128510964,0.5896399071938426,0.6368558515462707,0.6660377120549389,0.6834627214601019,0.6937016049067833,0.6996942652384105,0.7032166859280304,0.7053087067896617,0.7065709591583371,0.7073490878376423,0.7078422688769508,0.7081656822831077,0.7083861968805665,0.70854275966392,0.7086580976487642,0.708745475334597,0.7088126212827288,0.7088640211950962,0.708902260362663,0.7089288081477172,0.7089444721667852,0.708949652990376
0.709002662566331,0.7089974823622781,0.7089818210554603,0.7089552780207207,0.708917047959788,0.7088656629343992,0.7087985355982829,0.7087111759460827,0.7085958518273218,0.7084392961563352,0.7082187785123476,0.707895345604633,0.7074021174622275,0.706623895887237,0.705361476083653,0.7032691677889027,0.699746267829771,0.6937528248687675,0.6835126891427705,0.6660857275696354,0.6369009326768673,0.589680766049034,0.5181070575277876,0.4246629511673333,0.3751968184102761,0.3556988140217901,0.3556988157001567,0.3751968229494401,0.4246629575032227,0.5181070664688022,0.589680775096437,0.6369009414664101,0.6660857361424568,0.6835126974794687,0.6937528329127208,0.6997462755515187,0.7032691751443341,0.7053614829752036,0.7066239022054985,0.7074021230666571,0.7078953501621775,0.7082187814829273,0.7084392972600617,0.7085958517712074,0.7087111766888382,0.708798539488949,0.7088656706484368,0.7089170570590331,0.7089552846767263,0.7089818234636908,0.7089974818141467,0.7090026606568144
0.7090499222140974,0.7090447404712688,0.7090290805539793,0.7090025448763653,0.7089643281312419,0.7089129581857732,0.70884584374316,0.7087584944456685,0.7086431789473149,0.7084866286757577,0.7082661087249147,0.7079426586986896,0.7074493883068769,0.7066710834436742,0.7054085138158878,0.703315948412066,0.6997926198476162,0.6937984774684909,0.6835572234768466,0.6661285197122663,0.636941107289888,0.5897171758268671,0.5181381815539067,0.4246864674758243,0.3752172045675859,0.35571808541574546,0.35571808720896064,0.37521720943253506,0.4246864742780946,0.5181381910734427,0.5897171852416185,0.6369411161477648,0.6661285280897268,0.6835572314043644,0.6937984849476776,0.6997926270054506,0.7033159555089307,0.7054085210753996,0.7066710908541931,0.7074493955411673,0.7079426651978951,0.7082661138929168,0.7084866320792121,0.7086431805388953,0.7087584950541819,0.7088458456880312,0.7089129645397717,0.7089643394778009,0.7090025571711847,0.7090290883898067,0.7090447420649783,0.7090499188722119
0.7090914873128538,0.7090863034697867,0.7090706469116775,0.7090441206248166,0.7090059160115659,0.7089545566119009,0.7088874502882289,0.7088001083874749,0.7086847999495788,0.708528254112055,0.7083077314686439,0.7079842654267942,0.7074909569268203,0.7067125779197678,0.7054498754083762,0.703357082364516,0.6998333751229353,0.6938386159804716,0.683596376985295,0.6661661394709235,0.6369764235250804,0.5897491801542125,0.5181655379135277,0.42470713579266434,0.37523512124002123,0.3557350218910057,0.3557350234925719,0.3752351258280826,0.42470714270652016,0.5181655480395048,0.5897491900352151,0.6369764322374913,0.6661661471728882,0.6835963840509927,0.6938386226368823,0.6998333815315452,0.7033570888940873,0.7054498826278791,0.7067125861156865,0.7074909656611538,0.7079842738019949,0.7083077388429652,0.7085282602548927,0.708684804478841,0.7088001108123696,0.7088874515108626,0.7089545600504427,0.7090059252350729,0.7090441345863947,0.7090706595472259,0.7090863092161551,0.709091484206276
0.7091274064710323,0.7091222232666674,0.7091065736346648,0.7090800570148678,0.7090418601886063,0.7089905058490663,0.7089234045329812,0.7088360690712632,0.7087207671595047,0.7085642248667766,0.7083436990901818,0.7080202185945833,0.7075268768744258,0.706748433263405,0.7054856147502365,0.7033926235022234,0.69986858774705,0.6938732945881829,0.6836302032184557,0.6661986388369321,0.6370069309424664,0.5897768250465364,0.5181891670034496,0.4247249871785904,0.37525059531299204,0.3557496487820136,0.35574965007722587,0.3752505993131688,0.4247249938467885,0.5181891774747975,0.5897768353293869,0.6370069393681143,0.6661986454551416,0.6836302089224545,0.6938733002112972,0.6998685935842769,0.7033926296157136,0.7054856215583043,0.7067484414008429,0.707526886345995,0.7080202285215346,0.7083437085982877,0.7085642337470214,0.7087207751487664,0.7088360750530471,0.7089234075964591,0.7089905074910098,0.7090418645012385,0.7090800669473175,0.709106586669729,0.7091222330126695,0.7091274068676963
0.7091577241014366,0.7091525465555742,0.7091369053010971,0.709110395045,0.7090722005647142,0.7090208478882103,0.7089537509420468,0.7088664220022826,0.7087511258654353,0.7085945859256284,0.7083740570839838,0.7080505645693584,0.7075571946320508,0.7067786953026708,0.705515777412519,0.7034226180973152,0.699898304784041,0.693902560201179,0.6836587480438411,0.6662260624284805,0.6370326727100989,0.5898001509515909,0.5182091038759508,0.42474004797830756,0.3752636495245664,0.3557619880202984,0.3557619893850787,0.37526365352026847,0.42474005429330186,0.5182091135547123,0.5898001604432245,0.6370326804139483,0.666226068102654,0.6836587524747718,0.6939025646766761,0.6998983101995276,0.7034226244030841,0.7055157841446023,0.7067787025968728,0.7075572032719336,0.7080505749285894,0.7083740685358421,0.7085945975413243,0.708751137041344,0.7088664318306643,0.7089537576845572,0.7090208504170424,0.709072200699807,0.7091103975059349,0.7091369130466963,0.7091525570764623,0.709157730242892
0.7091824807981262,0.7091773118065428,0.7091616758633398,0.7091351666200184,0.7090969710054046,0.7090456199750933,0.7089785282786032,0.7088912055903162,0.7087759136927166,0.7086193754400835,0.7083988448813873,0.7080753427775797,0.7075819483352714,0.706803401685869,0.7055404021728778,0.7034471060763865,0.699922565902215,0.6939264514749203,0.6836820496795064,0.6662484484719896,0.6370536860085285,0.5898191917741471,0.5182253770842518,0.42475233999356654,0.3752743035287575,0.35577205884421315,0.3557720605627745,0.3752743080582852,0.4247523460100066,0.5182253847723979,0.5898191985734123,0.6370536918143885,0.6662484535456318,0.6836820541286925,0.6939264557172926,0.6999225708545136,0.7034471123329639,0.7055404091653436,0.7068034084495869,0.7075819552843153,0.7080753517858669,0.7083988570176779,0.7086193894732598,0.7087759275763909,0.7088912182671165,0.7089785386475221,0.709045625557419,0.7090969705605126,0.7091351631477397,0.709161675778789,0.7091773182491092,0.7091824907304823
0.7092017104014207,0.7091965469135545,0.7091809107805341,0.7091543981318058,0.7091162015486399,0.7090648540015567,0.7089977683408885,0.7089104500613705,0.708795161267319,0.70863862575274,0.7084180944757328,0.7080945832081901,0.7076011677897969,0.7068225843980096,0.7055595224482992,0.7034661198728899,0.6999414021049358,0.6939449996427498,0.6837001404331005,0.6662658289495084,0.6370700003737996,0.5898339736719992,0.5182380095380966,0.4247618818136301,0.37528257420886724,0.35577987705314146,0.35577987876315176,0.3752825784398057,0.42476188674646875,0.5182380146378265,0.5898339773671678,0.6370700038129188,0.6662658333757596,0.6837001459522892,0.6939450053469833,0.6999414073093941,0.7034661250525861,0.7055595284673528,0.7068225911033242,0.7076011744963981,0.708094590729913,0.7084181051106603,0.7086386402667281,0.7087951772498977,0.708910464564521,0.7089977805241531,0.7090648631246954,0.7091162045739017,0.7091543943840644,0.7091809049305867,0.7091965458990328,0.7092017187037505
0.7092154358753124,0.7092102708071275,0.7091946294922138,0.709168113090139,0.7091299181675157,0.7090785763357422,0.7090114941163148,0.7089241786416102,0.7088088942028136,0.7086523614876952,0.7084318274201414,0.7081083075687296,0.7076148780369751,0.706836270112942,0.7055731632121153,0.7034796828604817,0.6999548377522857,0.6939582307938247,0.6837130461143351,0.6662782274746543,0.6370816373121405,0.5898445170352996,0.5182470202207841,0.4247686884661039,0.37528847441212104,0.35578545421622326,0.35578545510461124,0.37528847644982977,0.42476869061699707,0.5182470224081995,0.5898445192041595,0.6370816402303251,0.6662782318845604,0.6837130522469547,0.6939582377887824,0.699954843954568,0.7034796874767384,0.7055731674913687,0.706836275985611,0.7076148857426673,0.7081083159797523,0.7084318367786036,0.708652373735515,0.7088089095762199,0.7089241941377453,0.7090115071250802,0.7090785872864656,0.7091299266061897,0.7091681143649889,0.7091946232581157,0.709210263469827,0.709215437693619
0.7092236692591588,0.7092184953180453,0.7092028477201402,0.709176331845359,0.7091381427701422,0.7090868027587959,0.7090197218670367,0.7089324107768494,0.7088171301047436,0.7086605964155989,0.7084400583886147,0.7081165345771909,0.7076230986427003,0.7068444756084937,0.7055813398940851,0.7034878125053149,0.6999628923579337,0.6939661637290027,0.6837207834230288,0.6662856597893135,0.637088612900191,0.5898508378206545,0.518252423223675,0.42477277033375704,0.3752920126473172,0.35578879788698836,0.3557887971429528,0.3752920108601993,0.4247727686141973,0.5182524228259757,0.5898508402363305,0.637088617548848,0.6662856655743259,0.6837207895954721,0.6939661700584332,0.6999628986225724,0.703487818141864,0.7055813447555215,0.7068444809649681,0.7076231063459377,0.7081165447587393,0.7084400691522621,0.7086606066811584,0.7088171413504524,0.708932424396396,0.7090197362175764,0.7090868151301047,0.7091381528307975,0.7091763393324932,0.7092028476781925,0.7092184881226571,0.7092236618667667
0.7092264089234425,0.7092212251995269,0.7092055816160113,0.7091790738819334,0.7091408838157152,0.7090895413481451,0.709022462814632,0.7089351547313386,0.708819873200686,0.7086633377460196,0.7084428009299942,0.7081192788095203,0.7076258400750964,0.7068472091952195,0.7055840630150186,0.7034905216493448,0.6999655781008582,0.6939688088286742,0.6837233624310457,0.6662881368009776,0.6370909381703614,0.5898529458429377,0.5182542263423776,0.4247741327316963,0.3752931928301932,0.35578991175689223,0.3557899096605185,0.37529318798026,0.42477412810248094,0.5182542246914378,0.5898529494037871,0.637090944691052,0.6662881434520557,0.6837233675168284,0.6939688126537235,0.6999655825840483,0.7034905281659517,0.7055840706010189,0.7068472159727475,0.7076258463896199,0.708119287070164,0.7084428117419659,0.7086633486904842,0.7088198831145074,0.7089351663270616,0.7090224778410147,0.7090895558635251,0.7091408930770168,0.7091790795969204,0.7092055880352509,0.7092212286005467,0.7092264010435417
