Model: _09_16_25_CPC_metacentric_relaxed_model
Simulation: _09_16_25_metacentric_relaxed_model
(SimID_0 (PDE Simulation)) 
Sim time range (0.0 500.0) (saved timepoints 51) 
Number of variables 44 
Variable names ['Haspini', 'Haspina', 'Plk1a', 'H3', 'pH3', 'pKnl1', 'pKnl1_Bub1a', 'Bub1a', 'H2A', 'pH2A', 'Bub1a_his', 'Sgo1', 'pH2A_Sgo1', 'CPCi', 'pH3_CPCi', 'pH2A_Sgo1_CPCi', 'CPCa', 'pH3_CPCa', 'pH2A_Sgo1_CPCa', 'Plk1i', 'Mps1i', 'pMps1i', 'Mps1a', 'pMps1a', 'Ndc80', 'pNdc80', 'Ndc80_Mps1i', 'Ndc80_pMps1i', 'pNdc80_Mps1i', 'pNdc80_pMps1i', 'Ndc80_Mps1a', 'Ndc80_pMps1a', 'pNdc80_Mps1a', 'pNdc80_pMps1a', 'Knl1', 'Sgo1_CPCi', 'Sgo1_CPCa', 'H3_CPCi', 'H3_CPCa', 'I', 'CPC_all', 'CPCi_total', 'CPCa_total', 'pH2_all'] 
 
2D Slice for variable pH2A_Sgo1 at time 90.0 in plane XY at Z = 0 
 
X in rows, Y in columns 
2.22228197798641,2.222281771343672,2.2222811531514095,2.2222801486129806,2.2222787914023145,2.2222771323301176,2.22227523197282,2.2222731641822917,2.2222710152327902,2.222268882139976,2.2222668722132455,2.222265101644765,2.2222636944662817,2.222262781399726,2.2222624984087505,2.2222629856019838,2.2222643858438813,2.2222668433089527,2.222270502142941,2.2222755051614453,2.2222819924823054,2.222290100212425,2.2222999591561137,2.222311693630932,2.22232542041652,2.222341247703273,2.222359274080061,2.222379587599499,2.222402264974436,2.2224192118519976,2.222430480544784,2.2224361060996802,2.222436106148644,2.2224304807778474,2.222419212353249,2.222402265730099,2.2223795886033275,2.2223592752668933,2.2223412489520733,2.222325421552927,2.2223116944221037,2.2222999594259147,2.2222900998367736,2.2222819914246204,2.2222755034833113,2.2222704998875624,2.222266840457397,2.2222643823821264,2.2222629815731834,2.2222624938517073,2.2222627762994565,2.2222636888165783,2.2222650957050565,2.222266866529613,2.2222688769816252,2.222271010769077,2.222273160767339,2.222275229913411,2.222277132694147,2.222278794212115,2.2222801514984516,2.222281156226737,2.2222817730948288,2.2222819812589663
2.2222662554621753,2.222266046018128,2.222265418897528,2.2222643985662196,2.2222630186727765,2.2222613296960625,2.2222593933580956,2.2222572839050327,2.2222550882420484,2.2222529038229246,2.2222508384891078,2.222249008989658,2.2222475398863133,2.2222465625198593,2.2222462134970487,2.2222466335655056,2.2222479662402925,2.222250356354936,2.2222539487133464,2.2222588867783624,2.2222653113025306,2.2222733590276436,2.222283161380312,2.2222948432354497,2.2223085218550462,2.222324305864044,2.222342294260779,2.2223625754923577,2.2223852265975594,2.2224021535907093,2.222413408982131,2.222419027950862,2.2224190281523906,2.22241340964306,2.2224021546968116,2.2223852279965066,2.22236257704095,2.2223422957650802,2.2223243071524714,2.222308522830194,2.2222948437812264,2.2222831613974496,2.222273358411015,2.222265310034224,2.222258885001928,2.2222539465742166,2.222250353864148,2.2222479633309478,2.2222466302345945,2.2222462097886826,2.222246558382663,2.222247535083071,2.2222490035005236,2.2222508328096504,2.2222528981977203,2.2222550827618153,2.2222572788534354,2.2222593887158384,2.222261326753209,2.2222630182347,2.2222643993809417,2.222265421347732,2.2222660485289505,2.222266260076455
2.2222190978861676,2.2222188780364003,2.2222182206324446,2.22221714957897,2.2222157002348757,2.2222139224041966,2.2222118793533365,2.222209646196797,2.2222073112845386,2.2222049734021354,2.22220274191181,2.222200735309909,2.2221990799319316,2.222197908999679,2.222197361048614,2.2221975788092885,2.2221987078296945,2.2222008949625867,2.222204287020285,2.2222090294468617,2.2222152649027764,2.222223131962682,2.222232763832088,2.222244287069761,2.2222578204702765,2.2222734740280736,2.2222913479452813,2.222311531772339,2.222334103527676,2.222350970371091,2.2223621853469275,2.2223677839897156,2.222367784125311,2.2223621858495086,2.2223509713085194,2.2223341047992524,2.2223115332272587,2.2222913493843692,2.222273475352067,2.222257821724939,2.222244288271299,2.2222327649163156,2.2222231326942494,2.222215265065116,2.2222090290655516,2.222204286238514,2.2222008937780227,2.22219870604085,2.222197576249286,2.222197357765077,2.2221979051376213,2.2221990752591947,2.2222007295423554,2.22220273556401,2.222204966959549,2.222207305060539,2.2222096406815792,2.2222118739145715,2.222213917822484,2.222215697905958,2.2222171493772396,2.2222182222558176,2.222218880279185,2.2222191019614916
2.2221405258853046,2.222140288693316,2.222139580451488,2.222138423853699,2.2221368571059834,2.2221349299399753,2.2221327075828925,2.222130266844236,2.2221276982795417,2.222125103117809,2.2221225932551762,2.2221202899927515,2.2221183226117307,2.22211682746563,2.2221159463375333,2.222115825260006,2.2221166131565555,2.222118460243695,2.222121516666028,2.222125931169897,2.222131849647074,2.2221394137669694,2.2221487596817475,2.222160016749138,2.2221733063644704,2.222188740895093,2.2222064226126794,2.222226442837794,2.222248881147972,2.222265646690832,2.22227679352087,2.2222823578527144,2.2222823578286186,2.222276793537895,2.2222656468584296,2.222248881499158,2.2222264433663717,2.2222064232258374,2.2221887414869537,2.2221733068662566,2.2221600171434783,2.2221487600243215,2.222139413922712,2.2221318493481492,2.2221259302992435,2.2221215153630047,2.222118458670159,2.22211661121188,2.2221158226754776,2.222115943056781,2.2221168238447864,2.2221183186898763,2.2221202853276796,2.222122588115121,2.2221250979338403,2.2221276932451377,2.2221302627476907,2.2221327038644816,2.2221349263589416,2.2221368547628604,2.222138423637004,2.222139581442607,2.2221402908166477,2.222140529215558
2.2220305757887675,2.2220303142402518,2.2220295342578438,2.2220282576619415,2.222026524941457,2.2220243868552663,2.2220219110884623,2.222019177042836,2.2220162781985136,2.222013319218943,2.2220104156688354,2.2220076928722974,2.22200528430824,2.22200333072272,2.222001978483359,2.222001378290466,2.222001683827575,2.2220030500987997,2.222005631984092,2.2220095828782895,2.2220150532212437,2.22202218906478,2.2220311307183684,2.2220420114644113,2.2220549563387086,2.222070081067054,2.222087490945466,2.2221072798932178,2.222129529684911,2.2221461522035395,2.2221572028743606,2.222162718856527,2.2221627187758277,2.2221572026839778,2.2221461519621077,2.222129529438866,2.2221072797041046,2.222087490827298,2.2220700809404423,2.222054956014163,2.22204201081598,2.2220311298556985,2.222022188048854,2.2220150519353847,2.222009581161809,2.2220056299086095,2.2220030479006088,2.222001681531051,2.222001375570286,2.222001975016118,2.2220033267581183,2.2220052801271963,2.222007688074061,2.2220104103025857,2.22201331370635,2.2220162724367114,2.2220191719335443,2.2220219071143883,2.222024383465048,2.2220265223092635,2.2220282571157384,2.2220295351395403,2.222030317140961,2.222030579316133
2.2218893001074553,2.2218890067124115,2.2218881323389703,2.221886699356647,2.221884750122172,2.221882337313972,2.2218795315503255,2.221876415649877,2.2218730868995884,2.2218696543477106,2.2218662382676264,2.221862969164481,2.2218599860242447,2.2218574353472933,2.2218554694900177,2.2218542452530836,2.221853922498878,2.2218546624628046,2.2218566262209523,2.2218599732432995,2.2218648598961757,2.2218714379482227,2.2218798531339687,2.221890243850978,2.221902739891729,2.2219174613338524,2.221934517392206,2.2219540053842715,2.2219760099446475,2.2219924464914107,2.222003372214564,2.2220088254544925,2.222008825435656,2.2220033721811876,2.22199244643824,2.2219760098252714,2.221954005156434,2.221934517060093,2.221917460879971,2.2219027391591752,2.2218902426844633,2.22187985158652,2.2218714361459244,2.221864857869599,2.221859970876793,2.2218566235379638,2.2218546596860533,2.2218539197640985,2.2218542423513066,2.221855465960869,2.221857431160435,2.221859981553764,2.2218629641449397,2.2218662325849743,2.221869648728657,2.22187308119297,2.221876410059446,2.2218795271010805,2.221882333985662,2.221884747703112,2.2218866988695942,2.221888133499489,2.22188901040027,2.2218893042814294
2.221716766212384,2.221716433544469,2.2217154419001615,2.2217138148803377,2.2217115966706156,2.221708842653895,2.2217056270123234,2.2217020367912106,2.2216981740501724,2.2216941533000787,2.2216901007094085,2.221686153164134,2.2216824564484563,2.2216791642038785,2.2216764362262342,2.221674436916386,2.22167333381332,2.2216732958750485,2.2216744918681472,2.221677088821161,2.221681250481266,2.2216871357444674,2.221694897110527,2.221704679332952,2.2217166180905674,2.2217308388168098,2.2217474555679364,2.221766569902412,2.221788270016258,2.2218044756752016,2.2218152462611216,2.221820621581184,2.22182062162027,2.221815246389666,2.2218044758852207,2.221788270255339,2.2217665700524054,2.2217474555330847,2.221730838553278,2.221716617515913,2.221704678384959,2.2216948958112077,2.2216871341725253,2.2216812486648596,2.2216770866193496,2.221674489238239,2.221673292972271,2.221673330822342,2.2216744338379257,2.2216764327056633,2.221679160000654,2.221682451987994,2.2216861483911843,2.2216900950680936,2.2216941475261494,2.221698168455947,2.221702030992886,2.2217056218016493,2.2217088383618524,2.221711593419842,2.221713813404883,2.2217154420914067,2.2217164366246447,2.2217167701699827
2.2215130584424028,2.2215126782990238,2.2215115452784087,2.221509684456021,2.221507142160193,2.2215039771609155,2.2215002678231226,2.221496106255901,2.221491600270687,2.221486870930028,2.221482051565762,2.2214772867914507,2.2214727305749173,2.2214685451317955,2.2214648991981734,2.2214619663324524,2.22145992334458,2.2214589485155636,2.221459219877532,2.22146091354644,2.2214642021311715,2.221469253085186,2.22147622705584,2.221485276465823,2.2214965441199723,2.2215101619116093,2.221526249673218,2.2215449140416297,2.2215662475156925,2.2215821750744293,2.221592758756362,2.2215980401417186,2.221598040133515,2.221592758741418,2.2215821750654805,2.221566247526098,2.221544914007649,2.22152624947012,2.2215101614496033,2.2214965433227913,2.2214852753051715,2.2214762255272835,2.2214692512590366,2.221464200074695,2.221460911158682,2.221459217110352,2.2214589454632563,2.2214599201352048,2.2214619630715093,2.221464895712878,2.221468540994819,2.221472726180954,2.221477282676879,2.2214820469792684,2.2214868660136555,2.2214915956522523,2.2214961014151675,2.221500263335163,2.2215039732961728,2.221507139206338,2.2215096830429117,2.2215115450471496,2.221512680702795,2.2215130615886385
2.221278279158507,2.221277842902404,2.2212765432209025,2.2212744065822716,2.2212714819381447,2.2212678321595027,2.2212635404828256,2.221258705002081,2.2212534403100133,2.2212478751520512,2.2212421512844407,2.2212364224617267,2.2212308523642124,2.221225613345304,2.2212208846905988,2.2212168507471732,2.2212136992403977,2.2212116194420206,2.22121080032377,2.221211428725229,2.221213687690636,2.2212177547586833,2.2212238001813955,2.221231985392907,2.221242461592713,2.2212553683297975,2.2212708322581327,2.221288965997837,2.2213098671443015,2.2213254667744584,2.221335830060466,2.221341000698993,2.2213410006528616,2.221335829912579,2.221325466507741,2.221309866810667,2.2212889656316284,2.221270831772195,2.2212553676270645,2.2212424605923022,2.2212319840797345,2.2212237985451213,2.2212177528604453,2.2212136856076596,2.2212114264097007,2.221210797756911,2.2212116166826257,2.2212136963207083,2.221216847780688,2.221220881746721,2.221225609820469,2.2212308481187044,2.2212364184984508,2.2212421473428057,2.221247870876416,2.2212534363194805,2.2212587007041966,2.221263536426209,2.221267828714223,2.221271479293453,2.22127440545324,2.221276542799523,2.221277844816696,2.2212782814052083
2.2210125491934596,2.221012047701993,2.2210105543991716,2.2210080972722936,2.2210047284211094,2.2210005154665344,2.22099554724268,2.220989928834892,2.220983782729753,2.220977246621008,2.220970472034028,2.2209636232859102,2.2209568753331568,2.220950412306456,2.220944425759716,2.2209391126020708,2.2209346732460182,2.220931309711614,2.2209292236744695,2.220928614461316,2.2209296772424865,2.2209326012413517,2.2209375678691528,2.2209447490458665,2.2209543057139167,2.220966386346535,2.220981125560512,2.220998642914442,2.2210190419265134,2.2210342607186715,2.2210443680698844,2.221049410133501,2.221049410109682,2.2210443679564844,2.221034260443768,2.221019041514809,2.2209986424215717,2.2209811249326927,2.2209663854756037,2.2209543044820066,2.220944747463758,2.2209375659945723,2.220932599159354,2.2209296750348733,2.220928612136822,2.2209292212378293,2.2209313072073122,2.2209346706325745,2.2209391098932074,2.220944423321869,2.2209504097958925,2.22095687190821,2.22096361966941,2.220970468609753,2.2209772430407884,2.2209837796905907,2.2209899256329138,2.2209955440142677,2.221000512690225,2.2210047261874135,2.2210080965490846,2.2210105539400806,2.221012049164735,2.2210125502969955
2.220716010298005,2.2207154340175492,2.2207137182875885,2.220710892962335,2.220707013853566,2.220702154009705,2.220696408647444,2.220689890888844,2.220682732273247,2.220675080777096,2.2206670992000164,2.2206589639991567,2.2206508630849617,2.2206429940932724,2.220635562621698,2.2206287800024573,2.22062286124009,2.220618022987516,2.220614481472516,2.2206124503744684,2.22061213883587,2.2206137495146354,2.2206174766458915,2.220623504223774,2.2206320043719727,2.2206431357952394,2.220657042300696,2.220673851444,2.2206936735344587,2.2207084547628266,2.2207182680655153,2.220723162409477,2.2207231624292487,2.2207182680554096,2.220708454607345,2.220693673190126,2.220673850930865,2.2206570416254916,2.2206431348491553,2.2206320029666737,2.2206235023666285,2.220617474462948,2.220613747126039,2.2206121363338727,2.220612447823787,2.2206144789184243,2.2206180205462567,2.2206228589182357,2.2206287775538467,2.220635560389945,2.2206429924544624,2.2206508611488625,2.2206589616601096,2.2206670968271944,2.2206750779828144,2.2206827299367777,2.2206898887460875,2.2206964064496404,2.220702152159052,2.2207070122859736,2.2207108929389334,2.220713718354764,2.2207154357507464,2.220716010964769
2.220388826816711,2.220388165648686,2.2203861966129264,2.2203829520290266,2.2203784919417346,2.2203728955485094,2.2203662653340777,2.22035872355842,2.220350412080148,2.220341490527508,2.220332134519146,2.2203225343236745,2.220312892619845,2.2203034224541836,2.2202943453889885,2.2202858891454205,2.2202782853412844,2.220271767314161,2.2202665678621294,2.2202629169904666,2.220261039762908,2.2202611541683592,2.220263469055449,2.2202681822116155,2.2202754785589995,2.2202855284459253,2.2202984861327475,2.2203144883381545,2.220333653113924,2.2203479357652727,2.2203574139998756,2.2203621399951765,2.2203621400331723,2.2203574140417817,2.2203479356905156,2.2203336528017337,2.2203144877324443,2.2202984852989687,2.220285527337622,2.220275476992665,2.2202681801595348,2.22026346664438,2.2202611515472612,2.220261037024272,2.22026291420741,2.2202665650957334,2.220271764769238,2.2202782832701455,2.2202858871854065,2.220294343335419,2.220303421069622,2.220312891738183,2.2203225334500822,2.2203321337874327,2.2203414892985585,2.220350410832114,2.220358722472899,2.2203662641065707,2.2203728944754144,2.2203784907579514,2.2203829521961462,2.220386196879631,2.2203881677477955,2.2203888278067163
2.2200311885310646,2.2200304316645774,2.2200281761857608,2.220024457568479,2.2200193405950146,2.220012911370531,2.220005280636396,2.219996580937783,2.2199869658342575,2.2199766081158385,2.2199656978728717,2.21995444093929,2.2199430566322564,2.2199317754167804,2.2199208368987127,2.2199104873249613,2.2199009770912914,2.219892558405032,2.219885482826804,2.2198799988385303,2.219876349515262,2.219874770227711,2.219875486387047,2.2198787113887617,2.219884644708006,2.219893469956788,2.219905353240393,2.2199204416962117,2.2199388621947573,2.2199525802697946,2.2199616790600136,2.2199662143830756,2.2199662143839682,2.2199616790410643,2.2199525802088402,2.219938861970486,2.2199204411593882,2.219905352419414,2.2198934688422933,2.2198846431419788,2.2198787092593215,2.2198754838076624,2.219874767450638,2.2198763466771045,2.219879995994435,2.219885479989747,2.2198925556894276,2.2199009749826173,2.2199104858477345,2.2199208353501714,2.219931774085486,2.2199430559230913,2.2199544405330123,2.219965698028036,2.219976608427075,2.2199869661946123,2.219996581467946,2.2200052809904904,2.2200129117130682,2.220019340369695,2.2200244580110553,2.220028176297921,2.2200304335751295,2.220031189663987
2.219643313758603,2.2196424494839433,2.2196398720093757,2.2196356205790155,2.219629765243035,2.219622399800777,2.219613644308661,2.219603642807558,2.219592561997459,2.2195805894393152,2.219567931476614,2.2195548114373134,2.219541467303685,2.2195281490816314,2.2195151165969538,2.2195026368863036,2.2194909814484975,2.2194804236840593,2.219471236252937,2.219463688458899,2.2194580436632507,2.2194545568262307,2.219453472086266,2.2194550204654333,2.2194594178667,2.2194668629566414,2.219477535279651,2.2194915937721715,2.219509175342827,2.2195222570070148,2.219530928085934,2.219535248518284,2.2195352484921504,2.2195309280188846,2.219522256953743,2.2195091752172664,2.219491593364181,2.219477534539977,2.219466861902209,2.2194594163813943,2.2194550183437873,2.219453469394295,2.219454553901459,2.2194580407270132,2.2194636856020846,2.2194712334924014,2.219480420936944,2.219490979096306,2.2195026355281815,2.219515115743538,2.2195281483963254,2.2195414671655076,2.219554811556225,2.2195679319978163,2.219580590402212,2.2195925632154045,2.219603644309389,2.2196136457987463,2.2196224014792607,2.2196297664544997,2.219635622004605,2.2196398725778725,2.219642451486396,2.2196433151791415
2.2192254532904987,2.2192244689060363,2.219221531315907,2.2192166839907745,2.2192100028424155,2.2192015902250097,2.2191915766297328,2.2191801188838425,2.219167398353642,2.219153619075148,2.2191390054848945,2.219123800404429,2.2191082626291165,2.2190926639960735,2.2190772868887114,2.2190624215225796,2.219048362976635,2.219035408345721,2.219023853877185,2.219013992211089,2.2190061095066955,2.219000482730153,2.218997377100173,2.2189970435422315,2.2189997164875286,2.2190056116279675,2.219014923770506,2.2190278252164033,2.2190444642682077,2.2190568308200933,2.219065021256135,2.2190691002500555,2.2190691002830287,2.219065021319749,2.2190568308998344,2.21904446426732,2.2190278249076987,2.219014923049081,2.219005610541503,2.2189997149977687,2.218997041426385,2.2189973743513383,2.219000479688229,2.2190061065024524,2.219013989400283,2.219023851349501,2.2190354059861743,2.219048360776087,2.219062420138532,2.2190772863865926,2.2190926639020927,2.2191082631922816,2.219123801380629,2.21913900668581,2.2191536206213227,2.2191674001214547,2.219180120837257,2.219191578514914,2.2192015923932793,2.2192100049321444,2.2192166863027363,2.2192215326559115,2.219224471476264,2.219225455505623
2.2187778951625066,2.2187767769933386,2.2187734385444142,2.218767927876864,2.2187603273897674,2.2187507489169995,2.2187393345818966,2.218726255334811,2.2187117087830797,2.2186959172374228,2.2186791251824274,2.2186615970136265,2.2186436145299973,2.218625473761396,2.2186074821263047,2.218589955544022,2.218573215272902,2.2185575847908097,2.218543386642836,2.2185309394995456,2.2185205550521587,2.2185125349776937,2.2185071681833364,2.218504728052167,2.218505469954899,2.2185096288286337,2.21851741682383,2.218529021445346,2.218544603947472,2.2185561686573965,2.2185638200114073,2.218567628146833,2.2185676282292732,2.2185638201629674,2.218556168773487,2.218544603946541,2.2185290211400983,2.2185174160632,2.218509627638824,2.2185054683712537,2.218504725939354,2.218507165477386,2.2185125319229972,2.218520552058563,2.218530936769153,2.21854338430151,2.2185575829370325,2.218573213702245,2.2185899545173324,2.218607481994473,2.2186254741445017,2.218643615508251,2.21866159851993,2.218679126972304,2.218695919378153,2.2187117111323027,2.2187262577824827,2.218739336793963,2.218750751219603,2.218760329776265,2.2187679305247845,2.218773440357065,2.2187767800740055,2.218777898317014
2.2183009710459056,2.218299704558161,2.2182959219994838,2.2182896763527675,2.218281057154325,2.2182701866557446,2.2182572198899657,2.2182423433400476,2.2182257724646237,2.2182077496596695,2.2181885414499827,2.218168435964265,2.2181477402595493,2.2181267769366397,2.218105880982199,2.2180853966667806,2.2180656741458455,2.218047066094204,2.2180299242763897,2.218014596332717,2.2180014224548525,2.2179907320419527,2.2179828406425783,2.217978046992136,2.21797663020466,2.2179788470670148,2.2179849294907377,2.217995082382713,2.2180094818355314,2.2180201484350017,2.2180271958248654,2.2180307004076374,2.2180307004864277,2.218027195938638,2.2180201484354907,2.2180094816806117,2.2179950819590983,2.217984928629545,2.21797884573823,2.2179766284734277,2.217978044860866,2.2179828380659066,2.217990729129922,2.2180014196195543,2.2180145938415756,2.2180299221817372,2.218047064610131,2.21806567317029,2.218085396133219,2.2181058812909202,2.2181267779015936,2.2181477417447373,2.2181684379069466,2.2181885436544597,2.218207752200478,2.2182257752157755,2.218242346231691,2.218257222527223,2.2182701891736656,2.2182810596954075,2.2182896790202915,2.2182959239263975,2.2182997077664064,2.218300974776829
2.217795064323026,2.2177936342396705,2.217789362093852,2.217782306164729,2.2177725638094814,2.2177602686044144,2.217745589759229,2.2177287307099682,2.2177099264019633,2.2176894411297,2.217667565414281,2.2176446132363745,2.217620919165925,2.2175968347467903,2.2175727250293438,2.2175489652892817,2.2175259373831464,2.2175040261046757,2.2174836155182103,2.217465085437072,2.217448807833108,2.217435143195956,2.217424437109747,2.2174170170156726,2.217413189064708,2.2174132350387357,2.217417409523026,2.2174259374870413,2.217439012180906,2.2174486726694544,2.2174550432680284,2.217458207613706,2.217458207670892,2.2174550433324267,2.217448672586928,2.2174390119100043,2.2174259369662397,2.2174174086071043,2.217413233652629,2.2174131872329115,2.217417014832093,2.2174244346590894,2.217435140531339,2.2174488052538694,2.217465083293954,2.217483613856515,2.217504025061485,2.2175259369708136,2.2175489652563187,2.2175727256477473,2.217596836085989,2.21762092107195,2.217644615561476,2.217667567935567,2.21768944391686,2.217709929342372,2.2177287338333085,2.217745592738903,2.2177602714427525,2.2177725666633874,2.217782309014421,2.217789364244646,2.217793637493396,2.2177950682813186
2.2172606208219245,2.2172590113671964,2.2172542025968633,2.2172462584674872,2.2172352848809065,2.217221427635153,2.217204871347541,2.2171858377606397,2.2171645828376914,2.217141394483088,2.217116589070415,2.2170905083954437,2.2170635166193926,2.2170359964681245,2.2170083454407075,2.216980972354459,2.2169542935221984,2.2169287288344037,2.2169046978568216,2.2168826160181716,2.216862890719069,2.216845917362377,2.2168320755325226,2.216821725378042,2.21681520405104,2.2168128221940266,2.2168148607050413,2.2168215679535916,2.216833157275566,2.2168416889686284,2.216847299927045,2.216850082278497,2.216850082299324,2.2168472999414117,2.2168416888634783,2.2168331569668314,2.2168215673788962,2.216814859775509,2.2168128208558593,2.2168152022669974,2.2168217232107725,2.216832073201869,2.2168459150167834,2.216862888502802,2.216882614243418,2.216904696638298,2.2169287282351156,2.216954293653367,2.21698097293821,2.2170083465023707,2.2170359981462284,2.2170635188122585,2.2170905109282133,2.2171165917080864,2.2171413972739566,2.2171645856601505,2.217185840754864,2.217204874373523,2.2172214306791638,2.2172352880885646,2.2172462617086595,2.2172542052783513,2.2172590149094367,2.2172606249729228
2.2166981623067397,2.2166963576132255,2.2166909648299393,2.2166820539531638,2.216669740140145,2.216654182241061,2.216635581419371,2.21661417897755,2.2165902532409953,2.2165641171432893,2.2165361144512192,2.216506616409072,2.2164760184597108,2.2164447363439272,2.216413202060921,2.2163818602297116,2.21635116415577,2.2163215717267915,2.216293541286319,2.216267527553994,2.2162439774303,2.2162233256389774,2.2162059904728055,2.2161923696874024,2.2161828363797307,2.216177734928949,2.216177377215301,2.216182039333816,2.2161919585462373,2.2161992199225016,2.2162039754850236,2.216206327543417,2.216206327521813,2.2162039754439884,2.2161992198103966,2.2161919582215597,2.2161820386850697,2.216177376198011,2.216177733589764,2.2161828347155392,2.2161923676671487,2.2162059883032437,2.2162233236354405,2.2162439757207655,2.2162675263378104,2.2162935406822024,2.216321571681736,2.216351164772625,2.216381861344844,2.2164132035714363,2.216444738341932,2.216476020834946,2.2165066190057607,2.21653611706187,2.2165641197879227,2.2165902557884243,2.2166141816541582,2.216635584268452,2.216654185248069,2.216669743456458,2.2166820574665382,2.216690968087226,2.2166963616386717,2.216698166830912
2.2161083043139596,2.2161062890779104,2.216100266523422,2.216090313003133,2.2160765535956592,2.216059160913532,2.2160383535694224,2.216014393405419,2.215987582125726,2.215958258652862,2.215926795091376,2.215893593100874,2.2158590803907243,2.2158237067872397,2.215787940104514,2.2157522624050854,2.215717166035513,2.215683149476446,2.215650713065337,2.215620354697436,2.2155925653438224,2.2155678242376338,2.2155465941109416,2.215529316480244,2.2155164067735926,2.2155082495038374,2.215505193735068,2.2155075490618197,2.2155155818279493,2.2155214065449593,2.2155251938391696,2.215527058582022,2.215527058523593,2.215525193728179,2.21552140636502,2.215515581426307,2.2155075483136994,2.215505192611545,2.2155082481433075,2.2155164053015857,2.2155293148294217,2.2155465923050173,2.2155678226307423,2.215592564159094,2.2156203540790287,2.215650713157555,2.2156831501519183,2.215717167218447,2.215752263965857,2.215787941901549,2.215823708901561,2.21585908272053,2.2158935955551002,2.2159267975258006,2.2159582610815787,2.2159875844219066,2.2160143958190384,2.216038356248367,2.216059163789326,2.2160765567841674,2.2160903164748387,2.2161002699973356,2.2161062933260824,2.2161083091014366
2.2154917794477815,2.2154895399808754,2.215482846705418,2.2154717825618078,2.2154564830746972,2.215437135142541,2.215413975387581,2.215387286678497,2.21535739447102,2.2153246638458906,2.215289495216481,2.2152523204759214,2.2152135993397835,2.215173815486708,2.215133472549507,2.2150930904863135,2.2150532017693743,2.215014347394659,2.214977072613152,2.21494192251843,2.2149094373215017,2.2148801470245445,2.214854565999452,2.214833187473958,2.2148164776654307,2.2148048698618648,2.214798758819451,2.2147984956351734,2.214804382917664,2.2148085710013197,2.2148112539191636,2.2148125624472628,2.2148125623598784,2.2148112537206015,2.214808570678898,2.2148043823842345,2.214798494836,2.2147987577049073,2.2148048685262993,2.2148164763409603,2.2148331862322044,2.214854564743284,2.214880145994226,2.214909436777096,2.21494192251416,2.2149770732912364,2.215014348714813,2.2150532035198394,2.21509309248471,2.2151334745961777,2.2151738176412707,2.2152136015205994,2.2152523226531735,2.215289497324236,2.21532466592522,2.2153573964448285,2.215387288817073,2.2154139779214708,2.215437137924268,2.2154564860976618,2.215471785813418,2.2154828499813934,2.2154895439089004,2.215491783971735
2.2148494679759243,2.2148469938178024,2.214839598539737,2.214827371827953,2.214810459959135,2.2147890643129675,2.2147634395480402,2.2147338893007316,2.2147007621154815,2.214664448070092,2.2146253742412827,2.2145840006872963,2.214540816780393,2.214496337626154,2.214451100480822,2.214405661592341,2.214360592912662,2.2143164786033913,2.214273911067319,2.2142334866161826,2.2141958005838567,2.214161441461463,2.214130984602891,2.214104985588016,2.2140839729745143,2.2140684408169284,2.214058841505541,2.21405557899298,2.2140590024171813,2.2140613069634125,2.214062716913935,2.2140633837154806,2.2140633836271073,2.2140627166764504,2.2140613065300516,2.214059001777382,2.21405557820716,2.2140588405540567,2.2140684396700068,2.214083971811131,2.2141049846547025,2.2141309838766,2.214161441063626,2.2141958007598546,2.214233487323454,2.214273912315916,2.2143164804318483,2.214360595085015,2.2144056638931127,2.2144511026912523,2.214496339778306,2.2145408188179703,2.214584002589665,2.2146253759955106,2.214664449724215,2.214700763662079,2.214733891061685,2.21476344185826,2.2147890669875796,2.2148104628654908,2.214827374907586,2.214839601487502,2.2148469970622364,2.2148494716703686
2.2141824380675295,2.2141797244990467,2.214171613095205,2.2141582003039244,2.2141396431744926,2.214116157300282,2.2140880146122845,2.214055538121937,2.2140190972225615,2.213979103761388,2.2139360072589724,2.2138902908365137,2.2138424677813355,2.213793078607208,2.213742688381808,2.2136918846092466,2.2136412751108243,2.2135914856023957,2.2135431565408377,2.2134969392227015,2.213453490880445,2.213413468264622,2.2133775201926613,2.21334627929034,2.213320352710429,2.2133003123602637,2.213286685402089,2.2132799450436407,2.2132805018697623,2.213280608982803,2.2132805309103483,2.21328044667941,2.21328044661112,2.2132805306980754,2.213280608563676,2.213280501260874,2.21327994433741,2.2132866846717536,2.213300311573401,2.2133203519282487,2.213346278763428,2.213377520010995,2.213413468470791,2.2134534916675266,2.2134969405471545,2.213543158296353,2.2135914878145706,2.213641277555067,2.2136918870366946,2.213742690589363,2.2137930806123927,2.213842469598942,2.2138902924510027,2.213936008711749,2.213979105074726,2.214019098407506,2.214055539509724,2.2140880166051105,2.214116159706216,2.2141396458122453,2.21415820311899,2.2141716156229463,2.21417972691779,2.214182440632979
2.213491998528046,2.2134890503097195,2.213480237051834,2.2134656618026147,2.2134454920146154,2.213419956575721,2.2133893428125377,2.2133539900612176,2.213314283970603,2.2132706517981893,2.2132235573278556,2.213173496893117,2.213120996558701,2.213066610433073,2.2130109197067607,2.212954532505921,2.212898083996925,2.2128422360079316,2.2127876755576574,2.2127351119968903,2.212685272364325,2.2126388943853215,2.212596717466126,2.2125594720702813,2.212527867379854,2.2125025780671286,2.2124842312002353,2.212473393355664,2.2124705585287936,2.2124680568882447,2.2124662080284607,2.2124652287611632,2.21246522870999,2.212466207851338,2.212468056569978,2.2124705581125323,2.212473392871971,2.212484230753872,2.212502577714501,2.212527867155745,2.2125594721000406,2.2125967178631516,2.212638895171143,2.21268527365429,2.212735113767464,2.2127876776773494,2.2128422384662616,2.2128980866035266,2.2129545349701,2.2130109218185217,2.213066612169886,2.2131209980272297,2.213173498135249,2.213223558483877,2.2132706528817523,2.213314284962055,2.213353991210081,2.2133893444849853,2.213419958525319,2.213445494059173,2.2134656639870776,2.213480238843339,2.213489051715787,2.2134919998305747
2.2127797680838626,2.2127766049949735,2.21276714918481,2.2127515099723,2.2127298644182103,2.212702452968461,2.212669574962123,2.2126315806471344,2.212588863893991,2.212541856322225,2.2124910217739324,2.2124368526280103,2.2123798681706774,2.212320615119994,2.2122596696810315,2.212197640906265,2.21213517472492,2.2120729572517566,2.2120117164403137,2.211952221308931,2.211895278077058,2.211841722527476,2.2117924088254535,2.2117481953560243,2.2117099277332044,2.2116784202759625,2.211654437359439,2.211638674901562,2.211631743083685,2.2116260775337224,2.211622075043793,2.2116200054358255,2.2116200053948134,2.211622074892552,2.2116260773361147,2.211631742933642,2.2116386747857573,2.2116544373295035,2.2116784204144064,2.211709928138844,2.211748196054988,2.2117924098483837,2.2118417238939356,2.211895279850637,2.2119522234350777,2.2120117187695487,2.2120729597478817,2.2121351772776294,2.2121976432515944,2.2122596716140714,2.212320616560976,2.2123798692619103,2.2124368534843284,2.2124910226340906,2.2125418572185915,2.2125888647833327,2.2126315816579987,2.2126695763686066,2.2127024544199094,2.2127298656921437,2.2127515111851803,2.2127671498103947,2.2127766050171305,2.212779767865834
2.2120477658822,2.2120444308947413,2.2120344614026175,2.2120179725463207,2.211995149794149,2.211966242502405,2.2119315567585884,2.211891445079587,2.2118462966114754,2.211796529394773,2.2117425840733826,2.211684920715892,2.211624019231967,2.2115603835863373,2.211494548949697,2.211427091093536,2.2113586370825304,2.211289875007444,2.2112215611552672,2.2111545230726097,2.2110896574013688,2.21102792155616,2.210970319397892,2.2109178816510706,2.2108716417137666,2.210832608892455,2.2108017411169003,2.2107799177876974,2.210767914586579,2.2107583150886723,2.210751626508848,2.210748194542653,2.2107481945404053,2.210751626470788,2.210758315118842,2.2107679147815555,2.210779918147482,2.2108017416534342,2.2108326096307858,2.210871642808921,2.2109178831060707,2.210970321083098,2.2110279234284143,2.2110896595342266,2.2111545254216165,2.2112215635433192,2.211289877357426,2.211358639364437,2.2114270931505216,2.211494550626014,2.2115603847804723,2.2116240200582884,2.211684921327101,2.21174258473291,2.2117965301264517,2.2118462973511552,2.211891445841469,2.211931557771374,2.2119662433766347,2.2119951502389745,2.212017972616012,2.212034460575786,2.21204442921985,2.212047763868721
2.211298529235867,2.211295100407908,2.2112848514562016,2.211267903009829,2.211244447547614,2.211214739833837,2.211179085284775,2.2111378258477123,2.2110913261595586,2.211039962747544,2.21098411634823,2.2109241693989756,2.2108605097407104,2.2107935407928667,2.2107236970726203,2.2106514637318395,2.2105773983634305,2.2105021516627947,2.2104264840771406,2.2103512756550803,2.2102775271408546,2.2102063509305894,2.210138952040473,2.210076600112402,2.210020593941194,2.2099722217431137,2.20993272033057,2.20990323463807,2.209884780449168,2.209870153232374,2.2098600206470604,2.2098548386552466,2.209854838711572,2.2098600208070893,2.209870153631529,2.209884781129184,2.2099032356109243,2.209932721597994,2.2099722232193697,2.210020595743028,2.210076602270541,2.2101389542964442,2.210206353141901,2.210277529421798,2.210351278057295,2.2104264864316403,2.2105021538312037,2.210577400335023,2.2106514654620057,2.210723698459934,2.2107935417577402,2.2108605103724015,2.2109241698811153,2.2109841169052875,2.2110399633422575,2.2110913266694703,2.211137826163047,2.211179085631275,2.211214739898031,2.2112444470248303,2.211267901813391,2.211284849076254,2.2112950969648697,2.211298525385836
2.210535265976822,2.21053187368343,2.2105217367254415,2.210504981525562,2.210481806619945,2.210452468261191,2.2104172616021254,2.21037650004689,2.210330494740343,2.2102795385539933,2.2102238958195644,2.210163800493855,2.210099464857276,2.2100310991130034,2.2099589404284834,2.209883289210062,2.209804549308882,2.209723267004585,2.209640163685894,2.209556157433612,2.209472370007294,2.209390117074107,2.2093108818792087,2.20923627400312,2.20916797604481,2.209107683362936,2.2090570418997726,2.2090175870746354,2.2089906880289636,2.2089694486959015,2.2089547726094683,2.2089472777543055,2.2089472778910233,2.208954773033255,2.208969449556364,2.208990689317807,2.209017588792266,2.209057044035833,2.2091076857121106,2.2091679785690443,2.2092362767309357,2.2093108845289486,2.209390119466865,2.209472372289874,2.2095561597420037,2.2096401658938136,2.209723268948768,2.209804550976104,2.2098832906408132,2.209958941555828,2.210031099866473,2.210099465308762,2.210163800870734,2.2102238963055894,2.2102795390466787,2.2103304950287725,2.210376499862733,2.2104172611086104,2.21045246724153,2.2104818048428707,2.2105049788293862,2.210521732698522,2.2105318684994635,2.210535260417774
2.2097620499648447,2.2097589016501384,2.2097495000037943,2.209733979254744,2.209712544956577,2.209685451829384,2.2096529736434993,2.2096153714682623,2.2095728620076027,2.2095255925247708,2.209473625651528,2.2094169378426716,2.209355435338888,2.209288988391816,2.209217481929197,2.2091408791019567,2.209059291811814,2.2089730501722578,2.20888276207753,2.2087893547821293,2.208694092238809,2.2085985646805755,2.2085046506803243,2.208414454666776,2.2083302251006116,2.208254261547745,2.2081888187389636,2.2081360134213504,2.208097740365372,2.208067558032348,2.2080467195385176,2.2080360826950014,2.2080360829629715,2.2080467203297687,2.2080675594341046,2.20809774236205,2.20813601596529,2.208188821755711,2.2082542647735055,2.2083302283411017,2.208414457880349,2.208504653611226,2.2085985671738197,2.208694094455707,2.208789356876338,2.20888276398201,2.2089730517831985,2.2090592931563724,2.209140880278471,2.209217482898538,2.209288989046831,2.2093554356873217,2.2094169381037094,2.2094736259649435,2.2095255927821005,2.2095728619652664,2.2096153707225215,2.2096529722158325,2.2096854495507134,2.20971254170845,2.209733974902288,2.209749494315502,2.209758894808355,2.2097620428760862
2.2089840697790635,2.208981485297419,2.2089737808385923,2.208961104120332,2.2089436734819174,2.2089217430031773,2.2088955545950224,2.2088652876259913,2.208831008558639,2.2087926300752017,2.208749886414162,2.2087023307780203,2.2086493614257594,2.2085902782472275,2.2085243677313593,2.208451010627949,2.20836980228774,2.2082806726242357,2.2081839906210634,2.2080806396537707,2.2079720526838513,2.2078602014240887,2.2077475396845205,2.207636906343573,2.2075313974965307,2.2074342212209865,2.2073485480937047,2.207277368152351,2.2072233639142365,2.2071807692923326,2.207151358152347,2.2071363446998373,2.207136345102513,2.207151359324491,2.2071807712428475,2.207223366660903,2.207277371549513,2.20734855193148,2.207434225224061,2.2075314013821004,2.2076369099746636,2.2077475428338382,2.2078602039591737,2.2079720547728647,2.208080641473873,2.2081839921802535,2.2082806739052017,2.2083698033592714,2.2084510115860705,2.208524368568194,2.20859027883465,2.208649361708538,2.208702330904763,2.2087498864296147,2.2087926298835305,2.208831007957321,2.2088652861504574,2.2088955521112883,2.208921739383312,2.2089436687281085,2.208961098164868,2.208973773625113,2.208981476957645,2.2089840613523575
2.2082079412910494,2.208206402966255,2.2082018475427154,2.2081944491433396,2.2081844548017346,2.208172128768404,2.2081576763915436,2.2081411628555125,2.2081224315111907,2.2081010355975503,2.2080761955482995,2.2080467918815434,2.2080114046714687,2.207968403766434,2.2079160877592696,2.2078528627235308,2.2077774442487326,2.2076890610193747,2.2075876344203063,2.207473910556013,2.2073495258437896,2.2072169960991013,2.2070796293745736,2.2069413722171656,2.2068066067756895,2.206679921317101,2.2065658756676814,2.206468780296216,2.2063925039968884,2.206332289690632,2.2062906890230423,2.2062694466185317,2.206269447135822,2.2062906905668944,2.2063322922018673,2.206392507478109,2.2064687844878415,2.2065658802443,2.2066799259726233,2.2068066111386715,2.2069413761033623,2.2070796326301236,2.207216998591742,2.207349527738535,2.2074739121236733,2.2075876357503548,2.207689062109726,2.2077774451376495,2.207852863453715,2.2079160883721434,2.207968404192824,2.2080114048576265,2.2080467918774276,2.208076195234385,2.208101034823593,2.20812243012729,2.2081411604200154,2.208157672670575,2.2081721237322802,2.2081844485925766,2.208194441766214,2.2082018390482636,2.2082063933759164,2.2082079317540293
2.207442095209172,2.2074423181085763,2.207443066617828,2.2074445677808225,2.207447132911878,2.2074510683627144,2.2074565545438336,2.2074635138905734,2.207471476916579,2.2074794666751814,2.207485922369854,2.207488679863732,2.2074850274185094,2.2074718457354434,2.207445831315839,2.207403789394751,2.2073429698455462,2.2072614093458918,2.207158236682976,2.2070339001175734,2.206890284412368,2.2067307001298233,2.206559745965471,2.206383061191881,2.206206999391043,2.2060382623624704,2.205883530179389,2.205749118752448,2.2056406883134856,2.2055549928355793,2.205495745973294,2.205465481365684,2.2054654819997586,2.2054957479100756,2.205554995922096,2.2056406924456664,2.205749123594689,2.2058835353482604,2.206038267467734,2.2062070039582924,2.206383065103671,2.206559749194517,2.206730702513967,2.206890286096377,2.207033901487413,2.2071582378993724,2.207261410378141,2.20734297066313,2.2074037899798076,2.2074458317300922,2.2074718459822114,2.2074850274539255,2.207488679621704,2.2074859215708598,2.2074794650970846,2.2074714744738877,2.2074635102451814,2.2074565494259835,2.207451061868629,2.20744712531503,2.2074445591775724,2.207443057128205,2.207442307600988,2.2074420848659284
2.2066972495143666,2.2067002792521513,2.2067094868946304,2.2067252034962017,2.2067478765953505,2.2067779278140693,2.2068155607461994,2.2068605462164856,2.206912001428122,2.2069681933370755,2.2070264003443802,2.2070828638832674,2.2071328610216945,2.207170916834352,2.2071911587206072,2.2071877924886136,2.207155657593664,2.207090799478589,2.206990985766462,2.206856094475288,2.206688317993347,2.2064921525947496,2.206274175698867,2.2060426418271244,2.205806952191877,2.2055770655571147,2.2053629121483906,2.205173862087218,2.205018284069752,2.2048951958199026,2.2048100438432727,2.2047665322563534,2.2047665329735535,2.2048100460608024,2.2048951993245907,2.20501828864083,2.2051738673582046,2.205362917655427,2.205577070817209,2.205806956703633,2.206042645597566,2.206274178787253,2.2064921548305136,2.2066883195492966,2.206856095765179,2.206990986943221,2.2070908005045684,2.207155658423797,2.207187793076302,2.2071911590567415,2.207170916911348,2.2071328607567553,2.2070828631061046,2.2070263987113594,2.2069681906320358,2.206911997664968,2.206860541208317,2.2068155542120684,2.206777919938591,2.206747867728115,2.206725193845804,2.206709476662629,2.206700268140998,2.20669723866052
2.205986973107226,2.2059943206331027,2.206016553631087,2.2060542012384907,2.20610798396978,2.206178588261409,2.206266362339906,2.2063709680534167,2.2064910164735303,2.206623732950045,2.2067647066467244,2.2069077799479144,2.207045131723498,2.2071675918570306,2.207265197244468,2.2073279612369174,2.2073467885732256,2.2073144311697184,2.2072263592577,2.20708142206204,2.206882199028458,2.2066349887874006,2.206349440955402,2.206037888287435,2.2057144764621563,2.2053942088388654,2.2050920137264822,2.2048219190006053,2.2045963869036185,2.2044178216982875,2.2042942445953324,2.2042310875898967,2.204231088337826,2.2042942469056066,2.2044178253597853,2.2045963915854325,2.2048219243042078,2.205092019102749,2.2053942138694795,2.2057144807781155,2.206037891904112,2.2063494438818965,2.206634990904559,2.2068822005785917,2.2070814233681806,2.2072263604200923,2.207314432199724,2.2073467894606065,2.2073279618948285,2.2072651975059125,2.2071675916437257,2.20704513091285,2.2069077783242714,2.206764703891991,2.2066237288948916,2.206491011224837,2.2063709616063454,2.2062663544396472,2.2061785791432524,2.2061079740059215,2.206054190751773,2.2060165428979963,2.2059943091426506,2.205986961902993
2.205328340266172,2.205342165509891,2.205383962355035,2.205454625251323,2.2055553966740566,2.205687513731918,2.205851729272771,2.2060477506680045,2.2062736401229346,2.20652524535306,2.206795748501641,2.2070754287273315,2.20735173346585,2.2076097313475636,2.207832975739671,2.208004743286522,2.2081095397823725,2.2081346973400366,2.208071845705221,2.2079180366042594,2.2076763450994736,2.2073558551076617,2.206971039723595,2.206540643718716,2.2060862434836115,2.2056306884657704,2.2051966106668477,2.2048051431305815,2.2044749244556536,2.204213408802013,2.2040324220215566,2.203939928975417,2.203939929717359,2.204032424241067,2.2042134122896755,2.2044749287840677,2.204805147925972,2.2051966154329525,2.2056306930046574,2.206086247559029,2.2065406471562876,2.206971042476479,2.207355857177799,2.207676346709826,2.207918037949048,2.208071846911187,2.2081346984701606,2.2081095407738047,2.208004743911101,2.2078329756944255,2.2076097305621136,2.207351731844007,2.2070754260421817,2.20679574446708,2.206525239806777,2.2062736332391193,2.2060477427016347,2.2058517200978596,2.205687503612284,2.205555385935046,2.2054546142742106,2.20538395143736,2.2053421538403812,2.2053283287908827
2.204742663709282,2.204766022562914,2.2048366513958246,2.204956098801204,2.2051265677212473,2.205350368007673,2.20562916807725,2.205963097291917,2.2063497639301834,2.206783291549605,2.2072535128636184,2.207745482955586,2.208239479769255,2.20871163214606,2.209135246102231,2.2094827914240946,2.2097283803205507,2.209850442421094,2.209834217235139,2.209673672300323,2.209372531163006,2.2089442466976155,2.208410942284127,2.207801520437331,2.20714925881768,2.2064892529162656,2.205856026896742,2.2052815455460535,2.204793738782178,2.2044075531342173,2.204140394151962,2.204003904476288,2.2040039051474936,2.2041403960343975,2.204407556022824,2.204793742260961,2.2052815494122187,2.2058560308449473,2.206489256864416,2.207149262486439,2.2078015234869346,2.2084109448173375,2.2089442487898356,2.2093725328437457,2.209673673729194,2.2098342186285818,2.2098504437607875,2.2097283813667503,2.2094827917717845,2.209135245433504,2.208711630490078,2.208239477076262,2.207745478971311,2.20725350734874,2.206783284380256,2.2063497553777665,2.2059630879148364,2.2056291579096583,2.2053503572618784,2.2051265565835694,2.2049560876354293,2.2048366404940465,2.2047660107927465,2.2047426519740085
2.2042562753739237,2.2042934466504445,2.20440591202838,2.2045963612368853,2.2048687092766333,2.2052272600873692,2.2056755488241357,2.206214919690508,2.20684292880504,2.2075517225028873,2.2083266087942657,2.2091450928435976,2.209976672735065,2.210783662029713,2.2115231993857143,2.2121504233551996,2.212622555408698,2.2129033951623485,2.212967562667472,2.2128037859872145,2.21241666138727,2.2118265911596025,2.211067948967982,2.2101858449619587,2.209232077698532,2.20826091415576,2.2073252518481388,2.2064735426020756,2.2057476341921705,2.205173512158719,2.2047766833132445,2.2045740639127533,2.204574064415052,2.2047766846002843,2.205173514081781,2.205747636497984,2.206473545329992,2.207325254872806,2.2082609173340897,2.209232080689563,2.210185847480451,2.2110679513000946,2.2118265932301795,2.21241666302801,2.2128037875111537,2.2129675642969144,2.212903396648241,2.2126225563560618,2.2121504232631266,2.2115231979520646,2.210783659309654,2.2099766687024447,2.2091450872747056,2.208326601598748,2.2075517137074785,2.206842918808464,2.206214909266039,2.2056755380646633,2.205227249035012,2.2048686979413428,2.2045963499663603,2.204405901152877,2.2042934347506966,2.2042562633615894
2.203901297222891,2.203958207545706,2.2041305649808955,2.2044230041516335,2.204842410738584,2.205396664569568,2.2060928711037295,2.2069351332988227,2.207921976249779,2.2090436373711286,2.2102795568861535,2.211596516088908,2.212947942932777,2.2142748865027606,2.2155090079087043,2.2165776317043457,2.2174104796384224,2.217947256462225,2.2181449139489624,2.2179833218440312,2.217468295076448,2.216631439964979,2.215526930853647,2.214225920865287,2.2128096691121075,2.2113625379267603,2.209965818100697,2.2086929916478595,2.2076066341477683,2.206748845988496,2.2061567432748976,2.2058546803342476,2.205854680539805,2.2061567437133593,2.206748846663894,2.207606635092902,2.2086929930772308,2.2099658200012122,2.211362540119879,2.2128096713425003,2.214225922901865,2.2155269329029355,2.2166314417710056,2.2174682965372643,2.2179833234348005,2.2181449156874327,2.217947257897059,2.217410480328988,2.2165776310819236,2.215509005616548,2.21427488253389,2.2129479373328276,2.2115965088034066,2.210279548043719,2.209043627183956,2.2079219651915016,2.206935122193371,2.2060928600105085,2.205396653325402,2.204842399242567,2.204422992783589,2.2041305541530476,2.203958195591888,2.2039012851035595
2.2037163065267538,2.203801070404063,2.2040581064230076,2.204495294208277,2.20512455390786,2.2059599937634884,2.20701525043671,2.208300044192724,2.2098160688425903,2.2115525016753206,2.213481635019982,2.215555356953778,2.21770338389469,2.2198341805507273,2.2218392978423753,2.2236013623891764,2.22500519532803,2.2259506771290343,2.226365274710909,2.2262139012540074,2.2255041561354956,2.2242859516361535,2.2226457711295957,2.2206969107001964,2.2185677181972316,2.216389913732871,2.2142886481280266,2.2123752622076083,2.210742965812167,2.2094570997709435,2.2085711323516826,2.208119680131059,2.208119679922228,2.20857113173184,2.2094570989714697,2.210742965231381,2.2123752621791772,2.214288648723219,2.216389914774401,2.218567719568422,2.220696912111515,2.222645772653361,2.224285953114362,2.225504157597474,2.226213902971631,2.226365276372994,2.2259506782685996,2.2250051954578054,2.2236013608421774,2.2218392943124203,2.2198341751027812,2.217703376707143,2.2155553481348034,2.213481624822367,2.2115524904511883,2.2098160570716248,2.2083000326006927,2.2070152390434057,2.205959982289671,2.2051245422638983,2.2044952827705453,2.2040580956419964,2.2038010584164605,2.203716294466743
2.2037467511393274,2.203870338646623,2.2042456617139257,2.2048859071003397,2.2058113462451,2.2070466698349436,2.208617064335175,2.2105429698543464,2.2128336016854355,2.215479583795602,2.218445417851239,2.2216629459911084,2.225027356106537,2.228397457463802,2.2316017265625567,2.2344508340448592,2.2367560187933537,2.2383510269631426,2.2391138949691327,2.238984253621528,2.237972471300526,2.2361587750956717,2.2336828828230466,2.2307267811813816,2.2274944421589313,2.2241922593665246,2.221013055300618,2.218125139916904,2.2156665456597087,2.21373559670147,2.2124082675860346,2.2117329111153086,2.2117329104986494,2.2124082659651965,2.2137355944828396,2.2156665435105567,2.2181251382626583,2.2210130543768183,2.224192259014071,2.227494442412548,2.2307267817642633,2.233682883812861,2.2361587764841584,2.2379724729114923,2.2389842552843895,2.2391138962729493,2.2383510275378513,2.2367560179708175,2.2344508311343882,2.2316017215102137,2.2283974504880084,2.225027347451091,2.2216629358397633,2.2184454065361363,2.2154795718236358,2.2128335894990157,2.2105429579332965,2.208617052677014,2.2070466581642494,2.205811334559822,2.204885895653011,2.204245650947129,2.2038703265423885,2.2037467390927494
2.204044912135123,2.204221945462068,2.204760501244911,2.205682280430234,2.20702113182025,2.208819331268604,2.21112193250916,2.213968942254931,2.217385260522205,2.221368736671692,2.225877324228733,2.23081712492251,2.2360339339334456,2.241311440633686,2.246379105331102,2.2509315441880964,2.254658888742455,2.2572844224732878,2.2586028155546796,2.2585108270632106,2.257023412204017,2.2542716993654053,2.2504840081790047,2.2459551203163604,2.2410110276710515,2.235976050784306,2.2311471916265915,2.2267778888139578,2.223070892100407,2.2201703380004525,2.218182199784536,2.2171724301011606,2.217172429236621,2.218182197512451,2.220170334766004,2.2230708886013772,2.2267778854959883,2.2311471890448855,2.2359760489231024,2.241011026695907,2.245955120007864,2.250484008592299,2.2542717004996495,2.257023413561385,2.2585108283011053,2.258602816397651,2.257284422375282,2.254658886712789,2.2509315397154332,2.24637909864956,2.241311432031509,2.2360339237548725,2.2308171135333845,2.2258773121002853,2.22136872437858,2.2173852483350407,2.2139689302687233,2.2111219207373587,2.2088193195629207,2.2070211202876857,2.2056822691173346,2.2047604906399854,2.2042219334089377,2.204044900240664
2.2046691475830835,2.2049188072545642,2.2056797707722553,2.2069871397278673,2.2088964095292996,2.2114784775921588,2.214811759656792,2.218970787490849,2.224010873446305,2.229949019258957,2.236742272469815,2.2442661811365787,2.2522976492992974,2.2605078650193584,2.2684712812105143,2.2756950055390615,2.281668875710259,2.285930421265572,2.2881326813128418,2.288099364229861,2.285853542021038,2.281613055257163,2.275755251125926,2.2687615344695984,2.261155653359393,2.2534483188578647,2.246096337044736,2.2394791492637194,2.233891295865483,2.229538670821044,2.2265653997688317,2.225058498980729,2.225058498063259,2.226565397215552,2.229538667006009,2.233891291379803,2.239479144573915,2.2460963329607897,2.253448315571888,2.2611556511048914,2.268761533162308,2.2757552507537104,2.2816130557577874,2.2858535426809454,2.2880993647067207,2.288132681319657,2.285930419868991,2.2816688718900346,2.275694999219489,2.268471272778113,2.260507854820418,2.252297637892976,2.2442661690167007,2.2367422600636737,2.2299490070031975,2.224010861438729,2.2189707755369463,2.2148117478736356,2.211478466023614,2.2088963983056167,2.206987128678251,2.2056797605245055,2.2049187954668388,2.2046691360939965
2.2056820929924963,2.2060290810912293,2.2070889764268546,2.2089175646051262,2.211604182607667,2.2152653813092114,2.220034374009765,2.226044929345694,2.23340852858811,2.242184384070448,2.252343493742292,2.2637303982711687,2.2760294945731285,2.2887458990055696,2.3012124965025667,2.3126330415707868,2.3221643850753653,2.329029277603398,2.3326380586162174,2.332689172993804,2.3292209440345624,2.3226011909986073,2.3134606965241673,2.3025919980109366,2.290840628387319,2.279011835787699,2.2678061930251068,2.257787223517755,2.249376493913348,2.242859604221435,2.2384257040923408,2.2361841256721706,2.236184124901555,2.2384257017325417,2.2428596003066965,2.249376488781352,2.257787217750723,2.2678061875935875,2.279011831205296,2.290840624904694,2.302591995700329,2.313460695199736,2.322601190457354,2.3292209434235094,2.3326891719100535,2.332638056683645,2.3290292738956677,2.322164379056892,2.3126330334526393,2.3012124865371986,2.2887458876796796,2.2760294825604332,2.263730385888586,2.2523434812267236,2.2421843717860424,2.233408516673309,2.226044917510551,2.2200343624371017,2.2152653701506306,2.2116041718614126,2.2089175539231056,2.207088966643178,2.206029069568578,2.2056820818721325
2.2071474597540552,2.207622917930715,2.209078662031421,2.2116017588823667,2.2153333916931084,2.2204614633417745,2.2272072890369192,2.2358037737462966,2.246462393131656,2.259327149161551,2.2744159173711145,2.291553680515756,2.3103080357830734,2.3299440973652787,2.349420985924412,2.367451487438703,2.382635866166838,2.393658820113811,2.3995106292291144,2.399673290835731,2.3942152634934963,2.383767960673839,2.3693980981620806,2.3524208048555946,2.3342068996564245,2.3160262297591196,2.2989481176943416,2.283800163939636,2.2711736291839113,2.2614501659051367,2.2548651620220843,2.2515456469600874,2.2515456463062167,2.254865159871441,2.26145016204672,2.2711736236729854,2.2838001573929976,2.2989481111067325,2.3160262240161478,2.3342068950008805,2.3524208014115158,2.369398095505246,2.3837679584700275,2.3942152608665785,2.399673287336891,2.399510624586515,2.3936588138051236,2.3826358580210303,2.367451477457831,2.349420974330797,2.329944085039617,2.3103080233060895,2.2915536679811024,2.274415905003409,2.2593271373054202,2.246462381835507,2.2358037625565,2.2272072780233425,2.2204614527166537,2.215333381406751,2.2116017485347563,2.2090786526735613,2.207622906688185,2.207147449022323
2.209125089626,2.2097673032283907,2.2117386582546295,2.215172510061102,2.220287785775048,2.227381560278784,2.2368137676146977,2.248979346469454,2.2642624006367384,2.2829675097185995,2.3052261298708348,2.3308822523356545,2.3593718432075934,2.3896242485701262,2.4200268244372682,2.448498646327509,2.472704672499737,2.4904010757836264,2.499842756490427,2.5001343719334694,2.491406392630669,2.4747614053891,2.4520247558371335,2.4253954717126756,2.3971034965955673,2.3691485197539666,2.343150808846278,2.3203070609101775,2.3014233710872993,2.2869836598954874,2.2772563618933206,2.2723689032903027,2.2723689025449945,2.2772563595255395,2.286983655896774,2.301423365469765,2.320307054046087,2.3431508015158267,2.36914851302314,2.3971034907058892,2.4253954667141806,2.452024751083343,2.4747614005662104,2.49140638707881,2.500134365298207,2.499842748750773,2.4904010667078325,2.4727046618302113,2.448498633961158,2.420026811189636,2.389624235629457,2.3593718306606895,2.330882240149722,2.30522611827695,2.282967498779153,2.26426239015256,2.2489793359315238,2.2368137571073703,2.227381550132415,2.2202877760008,2.2151725001749694,2.211738649243148,2.2097672922828733,2.209125079464729
2.2116640273698733,2.2125186676501705,2.2151493255149868,2.21975624893758,2.226672265353827,2.2363577231381297,2.2493857581104604,2.266409926278174,2.2881041172614043,2.315064005685075,2.3476619268018033,2.3858556074797037,2.428968224689452,2.4754834410234574,2.5229295191479517,2.567947130782952,2.6066218739777898,2.6350907622818127,2.650304472513035,2.6507033023618667,2.6365496202033953,2.6098033112559462,2.573625304001129,2.5317185391270725,2.4877178936403306,2.4447609653313744,2.4052762218233035,2.37095669187006,2.3428569608445056,2.3215417379097394,2.3072687513670926,2.300123956383915,2.300123955444784,2.3072687486196375,2.321541733787463,2.342856955548122,2.3709566853654542,2.405276214300732,2.444760957628517,2.4877178860409392,2.5317185316365167,2.5736252959301846,2.609803302550822,2.6365496106958948,2.6507032918253963,2.6503044611180284,2.6350907499656633,2.6066218604911966,2.56794711640903,2.522929505175184,2.4754834280649374,2.4289682121408425,2.385855595494102,2.347661915572926,2.3150639950183085,2.2881041070586194,2.2664099161616846,2.2493857482838564,2.236357713898163,2.226672256527252,2.219756239809741,2.215149317000042,2.212518657314245,2.2116640182137175
2.2147936044746146,2.215913179979503,2.219369425948081,2.2254567631207745,2.2346706669824457,2.247709628089449,2.26546669657589,2.288997974895607,2.3194505728741674,2.357928787830967,2.4052775969529945,2.4617721148404534,2.5267271575938723,2.5980879528943164,2.672128552055154,2.743446559671898,2.805450737434001,2.8514228667467103,2.875966247434285,2.876339154966151,2.85309257953184,2.8097752289308997,2.7519253281936495,2.685815195272612,2.6173696718812245,2.5514783529439664,2.4917232363860697,2.4404254048790843,2.398878753272126,2.367646528392034,2.3468735007362778,2.33651817805027,2.3365181769686094,2.346873497729196,2.3676465241649787,2.398878748259079,2.4404253990362763,2.4917232292041422,2.5514783445285913,2.6173696623603826,2.6858151846410308,2.751925315947857,2.809775215274507,2.8530925648576737,2.8763391392091715,2.8759662311038303,2.8514228502003625,2.8054507207251094,2.743446543400696,2.6721285371802854,2.5980879391286797,2.5267271444058497,2.4617721028257327,2.405277586025111,2.3579287777035676,2.3194505636161398,2.2889979658856485,2.2654666878951875,2.2477096198365842,2.234670658735934,2.2254567543974058,2.2193694179535033,2.2159131708165543,2.214793597102014
2.2185129195386994,2.21995504965749,2.2244207315778355,2.232333138486209,2.2444134228842354,2.2616977874281856,2.2855462556174033,2.317624466827728,2.359830248491628,2.41412647608162,2.482234965027608,2.5651517335212635,2.662476346652111,2.7716247808756145,2.8871255632207222,3.000358288396985,3.1001879827951786,3.174802194758205,3.2145082344219613,3.214439726169742,3.1757959495948223,3.1051254011732823,3.0122381649897094,2.9078008800806003,2.8014411052036254,2.7006925685755423,2.6107161633702978,2.5345476317780675,2.473605840725354,2.4282516922167914,2.3983109278162886,2.3834543437939995,2.383454342891316,2.3983109253729613,2.42825168871705,2.473605836461587,2.5345476267139975,2.6107161568365043,2.70069255970338,2.801441093445492,2.9078008652931646,3.0122381471889113,3.105125380798887,3.1757959276526218,3.2144397029384724,3.214508211139108,3.174802172526815,3.1001879619663186,3.0003582694820796,2.887125546554548,2.77162476592253,2.66247633340143,2.565151722167619,2.4822349548211156,2.4141264668159415,2.359830240121427,2.3176244585976957,2.285546247554484,2.2616977793594244,2.244413414809282,2.232333130434327,2.2244207247888452,2.2199550424551324,2.218512914553278
2.22277966079884,2.224603788454938,2.230270280507567,2.2403725881785608,2.255934915761335,2.27845724579742,2.3099600622902776,2.3530035123328155,2.4106388637243503,2.4862280442973708,2.583044081732838,2.7035542896029905,2.8483156837285675,3.0145209527031342,3.194469206513559,3.374600512446229,3.536086809746584,3.657918994863109,3.722390453613063,3.72078479103834,3.6557945720512732,3.539733750772759,3.3901389079404862,3.225163400205449,3.0603323373282714,2.907047646945931,2.7724913110527467,2.660345131693921,2.5718206803201564,2.5066629741562614,2.4640003670192283,2.442938072472365,2.4429380718991407,2.464000365500985,2.5066629716814868,2.57182067671908,2.6603451268394167,2.7724913041641015,2.907047636978003,3.0603323227931147,3.2251633803475137,3.3901388833612893,3.5397337220284286,3.655794540887583,3.7207847583102556,3.722390421522087,3.6579189653435797,3.536086783217791,3.374600489188774,3.1944691867393926,3.0145209361538914,2.8483156701140424,2.703554278063649,2.5830440714443177,2.4862280351908654,2.4106388554792777,2.3530035045896973,2.309960054847558,2.2784572385380883,2.2559349089291043,2.2403725820261116,2.2302702758963986,2.22460378392671,2.2227796586149786
2.2274998941451565,2.229762167669723,2.236812325264827,2.249460582646449,2.269123016527408,2.2979132100360817,2.338751999094341,2.3954651416454245,2.472812026948545,2.57634765198239,2.711966160555328,2.884921109314989,3.0981061157291387,3.349494762144352,3.629011896105766,3.915855106485077,4.178297309618219,4.378544591249352,4.483601684301692,4.47776373555162,4.367245996096616,4.175612859113404,3.9343927411504023,3.6743490950438917,3.4201639043399954,3.1886301021999484,2.989230021564377,2.8258557658381824,2.698775434891651,2.6063517772892166,2.546370494557277,2.516919200455901,2.516919200313955,2.5463704940078955,2.606351775827315,2.698775431897866,2.825855760650029,2.989230013145933,3.188630089425762,3.4201638859029484,3.674349069060592,3.9343927081777332,4.175612819553106,4.367245952561823,4.477763689878715,4.483601639900085,4.378544551115297,4.178297274231302,3.9158550762956925,3.6290118717278705,3.349494742960885,3.0981061007013255,2.8849210971391717,2.7119661506661905,2.5763476438920763,2.472812019797595,2.3954651349561136,2.3387519929000162,2.297913204274168,2.2691230113842074,2.2494605786081037,2.2368123228293895,2.2297621657343347,2.2274998944870537
2.2325211141524917,2.235267440718708,2.243853373673564,2.259353074746626,2.2836674151754415,2.3196868492806937,2.371507018382742,2.4446678884228112,2.5463499531781904,2.6853947994057377,2.8719130576883694,3.116104547212558,3.425788985360133,3.8021693138682013,4.233813370487327,4.690168010791585,5.118363676804779,5.449723210987713,5.621267290288584,5.604793596346619,5.414992176103895,5.0975886635089145,4.709253799607353,4.301505586205869,3.912672181564114,3.5665011950693533,3.2745055631777227,3.0396263727003756,2.8597741050168892,2.730623909870435,2.6475915332946323,2.607056748634546,2.607056748658597,2.647591533129641,2.7306239084989703,2.8597741015047258,3.0396263659168254,3.274505551417187,3.5665011769354864,3.9126721556193993,4.301505551504318,4.709253755344448,5.097588609682899,5.4149921162394845,5.604793533851331,5.621267229985289,5.4497231572640885,5.1183636304492435,4.690167972885491,4.233813341131941,3.8021692914818472,3.425788968512317,3.1161045342448994,2.8719130479617023,2.685394791963054,2.5463499462804107,2.4446678822671557,2.3715070129338356,2.3196868447018386,2.2836674117579387,2.2593530732680125,2.243853374108198,2.235267442045345,2.2325211176483046
2.237631289765399,2.2408890208974745,2.2511049844471143,2.269658250266108,2.2990186196774394,2.3430094495862788,2.4071800348804437,2.499271599407233,2.629717058252085,2.8120223118182675,3.0627053757564244,3.400190203829033,3.8416784133578417,4.39671557571033,5.05643316260307,5.779338695033361,6.479498881055492,7.031346849540969,7.3109113255703555,7.268931991660619,6.940661575097921,6.415419330497582,5.7940625752498365,5.160907426549305,4.5733519420641064,4.063013175478142,3.6419390473208644,3.3097160699898636,3.05946255730406,2.8821169096636154,2.7692033102790807,2.7144094766656814,2.714409476694581,2.7692033099763314,2.882116907879833,3.0594625526721386,3.3097160609004086,3.641939031416468,4.0630131502346565,4.573351905987761,5.160907379450213,5.794062516688328,6.415419258563926,6.940661493338114,7.268931906001114,7.310911242371131,7.031346775892364,6.479498819464733,5.779338646273119,5.056433125747504,4.396715548430467,3.8416783935265513,3.4001901897701816,3.062705366103487,2.8120223040528485,2.629717051721855,2.499271594504753,2.407180031199566,2.3430094474398535,2.299018619465351,2.269658252622959,2.251104988382886,2.2408890253016374,2.23763129613237
2.2425665200873084,2.2463358268499167,2.2581895432230263,2.2798371564566486,2.314374474540782,2.366674475790951,2.443970300731623,2.556647106622146,2.7192210960906307,2.9513789032469657,3.2787148535562287,3.732339842999749,4.3457437458924755,5.146220641600632,6.137425202256504,7.271184473737141,8.414652396924646,9.339034013399656,9.789745362885295,9.688669571544793,9.120143863129124,8.257609751834751,7.27617899280225,6.3086431612411795,5.436506147812127,4.69823440099714,4.102758837095573,3.642092349116565,3.3007960191728962,3.062131911301383,2.911658366439052,2.8390750731531007,2.839075072863221,2.9116583651757404,3.062131907936581,3.300796012339686,3.642092336731022,4.102758816512393,4.69823436885082,5.436506100769988,6.308643098641948,7.276178914440435,8.257609658086245,9.1201437538095,9.688669455727315,9.789745248461658,9.339033913326178,8.41465231526636,7.271184411122188,6.137425157124159,5.146220609604373,4.3457437239840795,3.7323398290567673,3.2787148436968905,2.9513788955392886,2.7192210907152545,2.5566471038691145,2.443970299810742,2.3666744766592402,2.314374477575519,2.27983716205613,2.2581895499900564,2.2463358340037063,2.242566529595395
2.2470289709754767,2.2512755674752065,2.264663416980768,2.2892323626064845,2.328713039870556,2.3890651943135524,2.4793137335564897,2.612755560714151,2.808598822618217,3.094014038240233,3.506325061652991,4.094450894461278,4.917396612530365,6.035207703556084,7.484510147411323,9.229012766237082,11.083028113879587,12.640268009667743,13.345607449894356,13.113441873809686,12.137537315698843,10.746677165420898,9.231270999109613,7.788504829206084,6.5258334380896335,5.483974115016552,4.662140687337187,4.038444440704036,3.583749253015863,3.269866255568728,3.0738376454914893,2.979829201650619,2.979829200704991,3.0738376422873865,3.2698662491654984,3.5837492419177353,4.03844442291066,4.662140660007505,5.483974074407243,6.525833379324945,7.788504748887623,9.231270898379051,10.746677047148541,12.137537178994977,13.11344172733175,13.345607302720051,12.640267879208013,11.08302800730341,9.22901268595282,7.4845100901946875,6.0352076644526615,4.917396587856105,4.094450877940605,3.5063250506282366,3.094014031586845,2.8085988200732914,2.612755561148266,2.479313735643589,2.3890651980815227,2.3287130460661536,2.2892323711149833,2.2646634263614307,2.251275577338662,2.2470289837513455
2.250714833776646,2.2553660721021638,2.270059019111606,2.2971299047424694,2.340886014343282,2.4082924676231525,2.510072485672689,2.6623696486747126,2.889161574919138,3.225609484689679,3.7223679615352796,4.450290875097231,5.503339024432918,6.993647575494512,9.025108207518874,11.620859734110667,14.574818189722867,17.220876044837844,18.24918249237577,17.747868449909824,16.113343275427,13.94340244635228,11.68532007819739,9.60814100783965,7.840263060030085,6.415688197627544,5.314709152441029,4.493731090762798,3.9039943639320067,3.501696950885976,3.2526410116626865,3.1338440406812973,3.1338440389269793,3.2526410061226256,3.5016969407865606,3.903994347822519,4.493731066510692,5.314709117445192,6.415688147216666,7.840262988037722,9.608140908093215,11.685319949719739,13.943402295217455,16.11334310138985,17.7478682727465,18.249182313307788,17.220875883911642,14.574818060806063,11.6208596377108,9.025108140459704,6.993647535289527,5.503338999114261,4.4502908590102805,3.722367952116958,3.225609480472433,2.8891615746594006,2.6623696507347248,2.510072489510721,2.40829247382689,2.340886023858398,2.297129916463892,2.2700590318384464,2.2553660856170166,2.250714850208473
2.253349357771277,2.2582955446423427,2.2739423171964432,2.3028512632251283,2.3497724279459296,2.422454164461237,2.532968886732334,2.6997798994530093,2.950881259384985,3.328457668260984,3.895563154608593,4.745067571759692,6.009878903947302,7.869408260441583,10.536286535783988,14.182671795707957,18.724016435231103,23.3092778951441,24.57782865621785,23.598900829818927,20.97546327926178,17.75786401851427,14.560557599430213,11.708741948775792,9.337858657251594,7.464256526539923,6.040455251800572,4.994200255826006,4.2519620053904665,3.750746863335531,3.4427882831805827,3.296581392220652,3.296581389586861,3.4427882750534193,3.750746849168144,4.251961983836366,4.994200224605683,6.040455208390185,7.464256465919089,9.33785857253432,11.708741831564675,14.56055744571276,17.757863833744008,20.975463069318174,23.598900619443164,24.57782845212448,23.30927770935249,18.72401628767473,14.18267168177071,10.536286462979879,7.869408213256325,6.009878874254237,4.745067554118777,3.895563145672007,3.3284576654691174,2.9508812607304895,2.699779903684479,2.5329688942173996,2.422454175452535,2.3497724424054685,2.3028512787588618,2.2739423329146877,2.2582955609475293,2.253349374612416
2.254723282948576,2.259825171998793,2.2759763112446976,2.3058604069278394,2.354468948999652,2.4299814623495073,2.5452227539300383,2.7199721526825478,2.984555136317669,3.3853626832538075,3.99320784203758,4.9156447923247475,6.314174816376523,8.42551514215998,11.579702447808414,16.189261853976678,22.640931894108576,30.97293525929277,31.944639794078537,30.321451081433782,26.313927753834708,21.857706632508997,17.62702535764493,13.942148706308162,10.925864516922632,8.571991244674997,6.803303144056291,5.516983527340385,4.61281920176118,4.00699099644044,3.6369611500631054,3.461941469832979,3.461941466482632,3.6369611397880663,4.006990978796448,4.612819175261869,5.516983489314678,6.803303091956689,8.571991173410044,10.925864420361137,13.94214857435038,17.627025183556572,21.857706425605976,26.313927516424293,30.321450843706206,31.94463957583583,30.97293506838992,22.640931750693117,16.18926175197016,11.5797023745923,8.425515093096841,6.314174785993018,4.915644775382502,3.9932078346699518,3.385362682733818,2.9845551408563336,2.7199721612378576,2.545222766321079,2.429981477745019,2.3544689665511087,2.3058604242835963,2.2759763276116307,2.2598251896907677,2.2547233008955647
0.0,0.0,0.0,0.0,0.0,0.0,0.0,0.0,0.0,0.0,0.0,0.0,0.0,0.0,0.0,0.0,0.0,115.07261350154543,114.7601384890164,113.6544633508408,108.03182577045466,104.95582090508667,102.03039220853097,97.6617479922764,87.3972270761721,69.44722944282272,53.48326139016089,41.970794031475286,34.106187631335,28.967975937365026,25.88622153308017,24.44422605276572,24.44422602801054,25.886221456266743,28.96797580248333,34.10618742357893,41.970793727696666,53.48326096606375,69.4472288685342,87.39722636111371,97.66174721122563,102.030391385887,104.95582010602013,108.03182501167558,113.65446269281777,114.76013794179977,115.07261301892369,0.0,0.0,0.0,0.0,0.0,0.0,0.0,0.0,0.0,0.0,0.0,0.0,0.0,0.0,0.0,0.0,0.0
0.0,0.0,0.0,0.0,0.0,0.0,0.0,0.0,0.0,0.0,0.0,0.0,0.0,0.0,0.0,0.0,0.0,116.31489809010633,115.93821503666314,114.7657070868276,109.21733232660128,105.94255913875068,103.16131845386063,99.71913416623391,92.66026439837563,76.52747724602402,58.771391198172246,45.55533851103116,36.5235628169922,30.646326174049275,27.135063841594633,25.496409222819434,25.49640919910951,27.135063767638332,30.646326039745507,36.52356260210709,45.55533819288275,58.7713907543744,76.52747665934399,92.66026373192975,99.71913350699977,103.16131779144222,105.9425585020883,109.21733175636169,114.76570660362015,115.93821463987997,116.31489764768882,0.0,0.0,0.0,0.0,0.0,0.0,0.0,0.0,0.0,0.0,0.0,0.0,0.0,0.0,0.0,0.0,0.0
0.0,0.0,0.0,0.0,0.0,0.0,0.0,0.0,0.0,0.0,0.0,0.0,0.0,0.0,0.0,0.0,0.0,116.74019164937607,116.35140541954415,115.17083718234204,109.7767243675272,106.46872719726782,103.7729563107432,100.771343844506,95.38293879102329,81.8788127446197,63.26605344640768,48.66647515049132,38.6329585843507,32.1120104056704,28.224596553770503,26.413351041395,26.413351020707964,28.224596489033974,32.112010285850154,38.63295838670848,48.66647485041731,63.26605302753729,81.87881220084734,95.38293822494596,100.77134332107877,103.77295581090951,106.46872672510295,109.77672396356124,115.17083684164655,116.35140507346753,116.74019127478559,0.0,0.0,0.0,0.0,0.0,0.0,0.0,0.0,0.0,0.0,0.0,0.0,0.0,0.0,0.0,0.0,0.0
0.0,0.0,0.0,0.0,0.0,0.0,0.0,0.0,0.0,0.0,0.0,0.0,0.0,0.0,0.0,0.0,0.0,116.89204159393806,116.50075838699978,115.32330679075086,110.03205642201902,106.7388117279395,104.1040442730809,101.33837918886569,96.804857046482,85.42567339704443,66.72866404412669,51.12776575209951,40.31488522731847,33.28389528279415,29.096275444655205,27.146855342275604,27.146855327265342,29.09627539428292,33.28389518691127,40.31488507111455,51.12776551322975,66.72866369838842,85.42567296703474,96.80485662681335,101.33837881258106,104.10404394910543,106.73881141662368,110.03205617246215,115.32330650838726,116.50075812241423,116.89204130578786,0.0,0.0,0.0,0.0,0.0,0.0,0.0,0.0,0.0,0.0,0.0,0.0,0.0,0.0,0.0,0.0,0.0
0.0,0.0,0.0,0.0,0.0,0.0,0.0,0.0,0.0,0.0,0.0,0.0,0.0,0.0,0.0,0.0,0.0,116.94385539150888,116.55218489173855,115.37816074493506,110.14293101006498,106.86934377067946,104.27495417692727,101.63737267226472,97.54065774190725,87.48574435870069,69.05009079742393,52.821865733544385,41.481711782480865,34.09954425652178,29.703765790954577,27.658236461913393,27.658236451687372,29.703765759197942,34.099544197388575,41.48171168721541,52.82186558767109,69.0500905852036,87.4857440957204,97.54065749519107,101.63737246749939,104.27495402440184,106.86934360937177,110.14293082964356,115.3781605519916,116.55218470998459,116.94385518724768,0.0,0.0,0.0,0.0,0.0,0.0,0.0,0.0,0.0,0.0,0.0,0.0,0.0,0.0,0.0,0.0,0.0
0.0,0.0,0.0,0.0,0.0,0.0,0.0,0.0,0.0,0.0,0.0,0.0,0.0,0.0,0.0,0.0,0.0,116.95895351246598,116.5672849035215,115.39502454769327,110.18375013360047,106.92159860468571,104.347267622268,101.76699524107653,97.85776758074543,88.41640016810175,70.2073560734698,53.68295059045371,42.07820516789837,34.51756576893636,30.015464343354793,27.920732561546384,27.920732559225602,30.015464335708998,34.517565754381444,42.07820514258555,53.68295055772217,70.20735603268129,88.41640011298242,97.85776752371393,101.7669952151096,104.3472676017979,106.92159852399439,110.1837500274787,115.3950244284824,116.56728480746628,116.95895339047439,0.0,0.0,0.0,0.0,0.0,0.0,0.0,0.0,0.0,0.0,0.0,0.0,0.0,0.0,0.0,0.0,0.0
0.0,0.0,0.0,0.0,0.0,0.0,0.0,0.0,0.0,0.0,0.0,0.0,0.0,0.0,0.0,0.0,0.0,116.95895345881496,116.56728485774052,115.39502450801497,110.1837500837592,106.92159852975065,104.34726755719412,101.76699515878097,97.857767464699,88.41640006170256,70.20735599490408,53.68295053057913,42.07820512677477,34.517565746539915,30.01546433113241,27.920732558263566,27.920732565964276,30.015464352122482,34.51756577995508,42.0782051847567,53.68295061982339,70.2073561166964,88.41640021842046,97.85776762070061,101.76699528952145,104.34726762216123,106.92159855166751,110.18375005917463,115.39502446156972,116.56728484146066,116.9589534256641,0.0,0.0,0.0,0.0,0.0,0.0,0.0,0.0,0.0,0.0,0.0,0.0,0.0,0.0,0.0,0.0,0.0
0.0,0.0,0.0,0.0,0.0,0.0,0.0,0.0,0.0,0.0,0.0,0.0,0.0,0.0,0.0,0.0,0.0,116.94385524416609,116.55218475194017,115.37816062079514,110.14293085231576,106.8693435502515,104.27495396420848,101.63737240988173,97.54065744005639,87.48574404428712,69.05009054776598,52.82186556288056,41.48171167474796,34.099544194108624,29.70376575891225,27.658236452519017,27.658236466090653,29.703765799924234,34.099544268628065,41.4817117985656,52.82186575684371,69.05009082643409,87.48574439777373,97.54065778230589,101.63737266109881,104.27495414870404,106.86934368850378,110.14293092824765,115.37816065910651,116.55218482062661,116.94385528559002,0.0,0.0,0.0,0.0,0.0,0.0,0.0,0.0,0.0,0.0,0.0,0.0,0.0,0.0,0.0,0.0,0.0
0.0,0.0,0.0,0.0,0.0,0.0,0.0,0.0,0.0,0.0,0.0,0.0,0.0,0.0,0.0,0.0,0.0,116.89204135653716,116.50075815563,115.3233065480775,110.03205613397128,106.7388113758699,104.10404388559625,101.33837874133077,96.80485656590027,85.4256729243566,66.72866367497069,51.127765498247086,40.31488506241624,33.28389518471555,29.096275394768398,27.146855327688062,27.146855343923647,29.096275449931717,33.28389529014572,40.314885235327566,51.12776576403788,66.72866405814241,85.42567341365623,96.8048570401592,101.33837914765756,104.10404421549448,106.73881162881217,110.03205633028468,115.32330670136943,116.50075830366593,116.89204146917275,0.0,0.0,0.0,0.0,0.0,0.0,0.0,0.0,0.0,0.0,0.0,0.0,0.0,0.0,0.0,0.0,0.0
0.0,0.0,0.0,0.0,0.0,0.0,0.0,0.0,0.0,0.0,0.0,0.0,0.0,0.0,0.0,0.0,0.0,116.7401913206457,116.35140508722473,115.17083678238612,109.7767239305008,106.4687266809919,103.77295575456002,100.77134326208447,95.38293817475198,81.87881216606446,63.26605300816548,48.66647483616439,38.63295837543243,32.1120102800194,28.22459648711749,26.41335101924321,26.41335103960236,28.224596554324812,32.11201040853721,38.63295858585343,48.66647515187764,63.26605344791104,81.87881272034832,95.38293874020091,100.77134378067004,103.77295622481947,106.46872709225529,109.77672426570548,115.17083708302633,116.35140531517429,116.74019150188619,0.0,0.0,0.0,0.0,0.0,0.0,0.0,0.0,0.0,0.0,0.0,0.0,0.0,0.0,0.0,0.0,0.0
0.0,0.0,0.0,0.0,0.0,0.0,0.0,0.0,0.0,0.0,0.0,0.0,0.0,0.0,0.0,0.0,0.0,116.31489767980793,115.93821459177977,114.76570652711854,109.21733170033824,105.94255846321624,103.16131774542951,99.71913344803339,92.66026367054887,76.52747661087008,58.77139072422369,45.55533817125254,36.52356258381776,30.646326026414965,27.135063759458763,25.496409193234673,25.496409216383416,27.135063835352604,30.646326168930894,36.523562810922556,45.55533850244952,58.77139117284777,76.52747719596081,92.6602643201332,99.719134074881,103.16131834030163,105.94255902951234,109.2173322173687,114.76570697668383,115.9382149073609,116.31489791641107,0.0,0.0,0.0,0.0,0.0,0.0,0.0,0.0,0.0,0.0,0.0,0.0,0.0,0.0,0.0,0.0,0.0
0.0,0.0,0.0,0.0,0.0,0.0,0.0,0.0,0.0,0.0,0.0,0.0,0.0,0.0,0.0,0.0,0.0,115.07261296826502,114.76013790038252,113.65446263154935,108.03182495684709,104.95582006414932,102.03039133718875,97.66174714537286,87.39722628754096,69.44722880742157,53.48326092496778,41.97079369855657,34.1061873989613,28.967975781958835,25.886221440585206,24.44422601556253,24.444226039892722,25.88622151902095,28.96797592378936,34.106187614129844,41.9707940029004,53.483261342287655,69.44722937221863,87.39722698141436,97.66174787294204,102.03039207052868,104.95582078412588,108.0318256497503,113.65446322865397,114.76013833765278,115.07261330390222,0.0,0.0,0.0,0.0,0.0,0.0,0.0,0.0,0.0,0.0,0.0,0.0,0.0,0.0,0.0,0.0,0.0
2.2547233020442583,2.2598251915475607,2.275976327077146,2.3058604223929393,2.3544689626574926,2.4299814728218125,2.545222759722351,2.719972152779848,2.984555130602155,3.3853626699658084,3.9932078188306166,4.915644755279411,6.31417476040727,8.425515060524855,11.579702333172598,16.189261700935386,22.640931704627086,30.972935032556776,31.944639549745236,30.32145081381569,26.313927489334134,21.857706405375936,17.627025166938427,13.942148558916632,10.92586440652522,8.571991162065459,6.803303083738858,5.516983483400968,4.612819170415829,4.006990974565653,3.6369611361635337,3.461941463424744,3.461941466882213,3.636961146803579,4.006990992919309,4.612819197264477,5.516983520846365,6.803303135142825,8.571991232313502,10.925864501353376,13.9421486833893,17.627025327419137,21.857706599820748,26.3139277148164,30.32145103675508,31.94463973577572,30.972935188549624,22.640931836734193,16.189261811300565,11.579702416539266,8.425515119256788,6.314174799534393,4.915644779737997,3.993207832207953,3.385362674981973,2.984555129109551,2.7199721468101172,2.5452227497098336,2.4299814593521956,2.3544689464214175,2.305860404269401,2.2759763080003643,2.2598251679824153,2.254723278626618
2.2533493734267305,2.258295561356978,2.2739423312232,2.3028512767946157,2.349772438670615,2.4224541710368186,2.5329688884700743,2.699779896180067,2.9508812516725937,3.3284576540182775,3.895563131304823,4.745067535593182,6.00987885046123,7.8694081833248966,10.536286427080746,14.182671647404472,18.724016243376873,23.30927766451357,24.577828413453926,23.598900580137684,20.975463032905452,17.757863804603527,14.56055742246788,11.708741811848183,9.33785855563562,7.464256451910169,6.040455197758366,4.994200216805579,4.251961977622727,3.7507468437810645,3.4427882702104666,3.296581385289893,3.296581388228822,3.44278827877234,3.7507468580877186,4.2519619990262285,4.9942002477936605,6.040455241488588,7.46425651245003,9.337858639602976,11.708741924534545,14.56055756998794,17.75786398523844,20.975463238540115,23.598900783226632,24.577828597538755,23.30927782978452,18.724016378657492,14.182671752205351,10.536286503557099,7.869408236564683,6.0098788861168035,4.7450675583776505,3.895563144400553,3.328457659713838,2.950881251215393,2.6997798915354756,2.532968879979232,2.422454159266938,2.3497724237371704,2.3028512596018555,2.2739423135219554,2.2582955403903897,2.253349353074654
2.2507148497764558,2.2553660858370557,2.27005903019276,2.29712991422286,2.3408860200990746,2.4082924691880447,2.510072483473406,2.6623696429469517,2.889161565459553,3.225609469272086,3.7223679385613027,4.450290842043762,5.503338978226897,6.993647511769128,9.02510812117274,11.620859615427158,14.574818030014761,17.2208758513674,18.249182282895347,17.747868241195064,16.113343070549067,13.943402268970269,11.685319928297492,9.608140890092734,7.840262972587034,6.415688133983213,5.314709106858209,4.493731058461207,3.9039943413863796,3.501696935238032,3.2526410010625852,3.133844034245998,3.1338440362607907,3.252641006870461,3.501696945170906,3.9039943571539064,4.4937310827146995,5.314709142552622,6.415688184510219,7.84026304320381,9.608140986154702,11.685320053539712,13.94340241816724,16.113343240206856,17.74786840905447,18.249182442659894,17.220875992909672,14.574818143131916,11.620859696685544,9.025108178951951,6.9936475538090175,5.5033390076796,4.450290862012938,3.7223679516700634,3.225609477399913,2.8891615688390933,2.6623696425482986,2.510072479596281,2.408292462235466,2.3408860094826816,2.2971299004504537,2.2700590149859847,2.2553660675397125,2.250714828413732
2.2470289839754205,2.2512755765668455,2.2646634245738086,2.289232367817518,2.3287130413773096,2.3890651924289488,2.479313728583735,2.6127555524972492,2.80859881016838,3.0940140201385584,3.5063250378038413,4.094450863509157,4.91739657243262,6.035207651084883,7.484510074447813,9.229012668562323,11.083027985399399,12.640267856845355,13.345607281721588,13.113441705677253,12.137537157132696,10.746677027682493,9.231270882015258,7.78850473498884,6.525833367243902,5.483974063663883,4.662140650920926,4.03844441571243,3.5837492360559167,3.2698662440901223,3.073837637617987,2.9798291961426724,2.979829197140435,3.0738376407252455,3.269866250174529,3.5837492467745524,4.038444433322853,4.662140678470281,5.483974103603217,6.525833423069485,7.788504810678124,9.231270978385151,10.746677141795843,12.137537286598914,13.113441839035826,13.345607408877802,12.640267967464803,11.083028074663485,9.229012732996704,7.484510120821127,6.035207682847868,4.917396596273775,4.094450881126001,3.5063250506364083,3.094014029705189,2.8085988164582236,2.6127555558910105,2.4793137292223784,2.389065190405,2.3287130358520485,2.2892323586961116,2.264663413162824,2.2512755631841994,2.2470289655906206
2.242566529616445,2.246335831775863,2.258189547545781,2.2798371575568313,2.3143744716384798,2.3666744697077315,2.4439702915605737,2.5566470942781474,2.71922108022476,2.951378884142104,3.2787148320406216,3.732339817743518,4.345743714045358,5.1462205978523325,6.137425144534466,7.27118439588941,8.414652297539583,9.339033895606,9.789745231953868,9.688669439379206,9.120143737487552,8.257609643288191,7.276178901786037,6.308643087843188,5.436506091377994,4.69823436028328,4.102758808857304,3.6420923303917845,3.3007960070549394,3.062131903242798,2.9116583607707334,2.8390750684170465,2.8390750685615487,2.9116583616397054,3.0621319060606353,3.300796013296902,3.642092342158988,4.1027588288561985,4.6982343907454345,5.436506134464398,6.308643145515546,7.276178975146083,8.257609731509294,9.120143838968213,9.68866954305229,9.789745330824294,9.339033981363736,8.414652367319102,7.271184448263254,6.137425181277517,5.146220624952001,4.3457437330882716,3.7323398327803123,3.2787148446219763,2.95137889509508,2.7192210892002175,2.5566471012213254,2.443970296370232,2.366674472373375,2.3143744713201833,2.2798371532600346,2.258189540042319,2.246335823155593,2.242566515346278
2.2376312947274366,2.240889021610464,2.251104984744609,2.269658246802017,2.299018612369784,2.343009439488352,2.4071800225212607,2.499271585182974,2.629717042266242,2.8120222944519337,3.062705356612659,3.400190181011086,3.841678384396312,4.3967155386526615,5.056433114700636,5.779338632992712,6.479498804576378,7.031346760908765,7.310911228239845,7.268931892416396,6.940661480155532,6.415419246666849,5.794062506478702,5.160907370714584,4.573351898445544,4.063013143351187,3.6419390250426846,3.30971605542002,3.0594625480148725,2.8821169035912098,2.769203305835242,2.7144094725086325,2.714409472345044,2.7692033058197976,2.8821169048518116,3.0594625519956353,3.309716063782542,3.6419390400703358,4.063013166746196,4.573351931092032,5.160907414261788,5.794062561474326,6.415419314582181,6.940661556711499,7.26893197023176,7.31091130168841,7.031346825190311,6.4794988578834865,5.779338674420851,5.056433144782133,4.396715560644749,3.841678401370262,3.4001901947777675,3.0627053687698633,2.812022305600296,2.6297170523103444,2.4992715941133183,2.407180030171717,2.343009445833858,2.29901861649386,2.2696582472543234,2.251104981618593,2.24088901770438,2.2376312859347096
2.232521113788336,2.2352674367310983,2.2438533692342677,2.259353066359976,2.2836674040241842,2.319686836365711,2.3715070043926074,2.444667873466082,2.546349937469029,2.685394783351837,2.871913040529797,3.1161045266222436,3.4257889603705305,3.802169283149464,4.233813331371562,4.6901679616370675,5.118363618148669,5.449723144744697,5.621267217876567,5.604793522158328,5.414992104897843,5.097588599346362,4.709253746403579,4.301505543831654,3.9126721490426792,3.5665011710241226,3.2745055458503542,3.0396263609566607,2.859774097275599,2.7306239046020266,2.6475915292803247,2.6070567447814565,2.6070567446988937,2.647591529308653,2.730623905600005,2.8597741002628796,3.0396263671533656,3.2745055566442054,3.5665011873729564,3.9126721723670426,4.301505576340991,4.709253788502269,5.097588650541109,5.414992161355604,5.604793579653659,5.621267272316439,5.449723192749415,5.118363659404075,4.690167995473319,4.2338133574298,3.80216930257587,3.4257889757718876,3.116104539477094,2.8719130518672396,2.6853947947400387,2.5463499485770713,2.4446678839498235,2.371507014092025,2.319686845455144,2.283667411715652,2.259353071222003,2.2438533702769,2.235267437091728,2.232521110405785
2.2274998888813555,2.229762159282217,2.236812317240395,2.249460571234828,2.269123003533464,2.297913195878249,2.338751984515055,2.395465126673241,2.472812012143195,2.5763476369498632,2.711966143490313,2.8849210902454643,3.098106093414651,3.3494947353650497,3.6290118629768715,3.9158550667396774,4.178297264180686,4.378544540986477,4.48360163000164,4.477763680229783,4.367245943066829,4.175612810665878,3.9343927002693238,3.6743490621095227,3.420163879871018,3.1886300840563884,2.9892300080320098,2.8258557558476407,2.6987754277064324,2.6063517720820113,2.54637049036472,2.5169191966502034,2.5169191967258113,2.5463704907943847,2.60635177331275,2.6987754304715246,2.825855760777314,2.9892300155894196,3.188630095324881,3.42016389649678,3.674349086700341,3.9343927319551546,4.175612848534874,4.367245984158937,4.47776372229908,4.483601670382152,4.378544577161922,4.178297295961222,3.9158550942830206,3.6290118857777216,3.3494947532627077,3.0981061079751164,2.884921102534294,2.7119661550686556,2.5763476479778458,2.472812023408106,2.3954651382164682,2.3387519959150342,2.2979132070945036,2.2691230138558147,2.2494605796135163,2.2368123220076073,2.22976216377874,2.2274998902223957
2.2227796519414333,2.22460377673824,2.2302702696717875,2.2403725742257166,2.255934900876447,2.278457230149308,2.309960046903032,2.353003497096423,2.4106388487958283,2.486228028698365,2.583044065007197,2.703554271594641,2.848315663522318,3.014520929004157,3.1944691787614414,3.3746004808217718,3.536086774781796,3.657918957121297,3.722390413642365,3.720784750711403,3.6557945333661297,3.5397337148282637,3.390138876786449,3.2251633744041404,3.060332317449604,2.907047632123769,2.7724912994989435,2.660345122226703,2.5718206724227035,2.50666296782416,2.464000361847336,2.442938068244378,2.4429380686914284,2.464000363123834,2.506662970048891,2.571820675767375,2.6603451266000793,2.772491305126243,2.9070476403254277,3.060332330165333,3.2251633926616083,3.3901388998129303,3.5397337418638806,3.65579456236968,3.7207847806790553,3.7223904430615886,3.6579189843466065,3.5360867994603473,3.3746005030261763,3.194469198470779,3.014520945865857,2.8483156779358914,2.703554284447532,2.5830440768418472,2.486228040210738,2.410638860301727,2.353003509036778,2.30996005922903,2.278457242914228,2.255934913306097,2.240372585543221,2.2302702778298524,2.22460378491841,2.222779657182119
2.218512907139031,2.2199550348442836,2.2244207181257303,2.2323331226500125,2.244413407089088,2.26169777142791,2.2855462403139915,2.3176244519628613,2.3598302337617167,2.4141264606259383,2.4822349488070983,2.5651517160615205,2.662476327265047,2.7716247591506726,2.887125539202182,3.000358261892371,3.1001879544656985,3.174802165374384,3.2145082044301487,3.2144396966248974,3.1757959215117704,3.105125374899266,3.0122381417140076,2.907800860267666,2.801441088818589,2.7006925553539576,2.610716152590636,2.5345476224270813,2.4736058322257,2.428251684748991,2.398310921610135,2.3834543391264353,2.3834543398452728,2.398310923634349,2.42825168781113,2.473605835917619,2.534547626564897,2.6107161575418036,2.700692562237734,2.8014410986573006,2.907800873299743,3.0122381576840582,3.10512539333519,3.1757959412503682,3.2144397174491166,3.2145082256806923,3.1748021862059996,3.100187974535229,3.000358280778385,2.887125556673042,2.7716247752193293,2.6624763418804287,2.565151729721238,2.4822349615283654,2.414126472872785,2.359830245830989,2.3176244642294663,2.285546252998309,2.261697784704114,2.244413420324003,2.2323331356321496,2.2244207289420332,2.219955046316907,2.218512916288705
2.2147935891892145,2.21591316300632,2.219369410978609,2.225456746716333,2.234670651390839,2.247709612565688,2.2654666815370503,2.2889979597505254,2.3194505577317437,2.357928772025014,2.4052775803137743,2.461772097108258,2.5267271385931256,2.598087932771969,2.672128530441484,2.7434465364876934,2.8054507139224913,2.8514228437480296,2.875966225083777,2.8763391335951245,2.853092559491495,2.8097752101791253,2.7519253111957935,2.685815180223621,2.617369658267414,2.5514783406147004,2.491723225279105,2.440425395018631,2.398878744178023,2.3676465201621184,2.346873493839413,2.3365181730380984,2.336518173898905,2.346873496250872,2.3676465236521818,2.3988787481581553,2.440425399374756,2.491723230444202,2.551478346758323,2.6173696657357617,2.685815189073523,2.751925321597548,2.809775221995275,2.853092572319721,2.876339147652237,2.8759662402227355,2.8514228597818043,2.805450730752876,2.7434465534089765,2.6721285466812805,2.5980879482597863,2.5267271533048783,2.4617721112410202,2.4052775939139086,2.357928785012974,2.3194505704623687,2.2889979726733847,2.2654666944056827,2.247709625926933,2.2346706648736814,2.225456760500205,2.2193694235116683,2.2159131768380465,2.214793601614322
2.2116640101456184,2.212518649598969,2.215149309941904,2.2197562325616786,2.226672249791885,2.2363577071342893,2.2493857421494745,2.2664099103325497,2.288104101433946,2.3150639896341065,2.3476619100317966,2.3858555899989926,2.428968206490337,2.4754834220723327,2.522929499019481,2.567947110185234,2.6066218544004407,2.635090744206507,2.6503044557468374,2.650703286794245,2.6365496058686717,2.6098032979502905,2.5736252915999147,2.5317185275165164,2.4877178821550903,2.4447609539140416,2.405276210532028,2.370956681436684,2.342856951514786,2.321541729729696,2.3072687445840745,2.3001239513385525,2.300123952066505,2.3072687467056836,2.321541733005923,2.342856955678817,2.3709566863111933,2.405276215913933,2.444760959325761,2.487717887741783,2.531718533221296,2.573625297795979,2.609803304830567,2.6365496136429143,2.6507032958905374,2.650304466255945,2.635090756379562,2.6066218684785234,2.56794712552205,2.522929514494918,2.4754834372651153,2.4289682213239643,2.385855604504313,2.347661924377798,2.3150640034264587,2.2881041150507966,2.2664099240197753,2.24938575576433,2.236357720869892,2.2266722632127465,2.2197562463751392,2.215149323239921,2.21251866467614,2.2116640248433055
2.2091250713785713,2.2097672849049976,2.211738642396243,2.2151724936274038,2.220287769959587,2.2273815438759414,2.2368137512346364,2.2489793303869674,2.2642623847407135,2.282967493541986,2.3052261128780382,2.330882234714502,2.359371825009079,2.3896242298107206,2.4200268053941834,2.4484986282369015,2.4727046563066857,2.490401061536809,2.4998427439472164,2.5001343607640414,2.4914063826610304,2.4747613962779997,2.452024746989816,2.4253954627347736,2.397103486850268,2.3691485093239257,2.343150797810578,2.3203070501648955,2.301423361444496,2.286983651814822,2.277256355410999,2.272368898341629,2.272368898881308,2.2772563571342688,2.2869836547906637,2.301423365744413,2.3203070552568636,2.3431508029738444,2.3691485139149324,2.397103490926876,2.425395466091405,2.452024750069697,2.474761399552524,2.49140638677556,2.5001343662471185,2.4998427509799543,2.4904010705846495,2.472704667900788,2.448498642050414,2.4200268202898245,2.389624244987589,2.3593718401615433,2.3308822496627197,2.3052261277507333,2.282967507964625,2.264262398994866,2.248979344708315,2.236813765599698,2.2273815581393275,2.220287783557367,2.2151725073512227,2.2117386558664522,2.209767300190744,2.209125087136651
2.20714744115358,2.20762289977393,2.209078646034468,2.211601742535453,2.2153333757288416,2.2204614468067816,2.227207272483386,2.2358037572830995,2.246462376654069,2.259327132236313,2.2744158998201534,2.29155366261544,2.310308017666934,2.3299440793044175,2.3494209686950582,2.367451471974284,2.382635852788554,2.393658808965764,2.3995106201505227,2.3996732831718957,2.394215256775995,2.383767954423973,2.3693980916053157,2.352420797593527,2.334206891227076,2.316026220337624,2.2989481074427274,2.283800153566921,2.271173619636583,2.2614501579085795,2.2548651556526638,2.251545641974819,2.2515456424318034,2.2548651572137848,2.261450160716622,2.2711736237421545,2.283800158282344,2.298948111954586,2.316026224109925,2.3342068941664613,2.3524207993895936,2.3693980926474163,2.383767955237541,2.3942152582167155,2.3996732858955707,2.3995106244739794,2.393658815420294,2.3826358620031343,2.3674514840043086,2.349420982756187,2.3299440944241456,2.3103080332093233,2.2915536781547905,2.2744159152647603,2.2593271472994667,2.246462391464158,2.235803772112477,2.2272072873308035,2.2204614615771727,2.2153333897850915,2.21160175637734,2.2090786597105967,2.207622914912529,2.2071474572597465
2.205682074580355,2.2060290633265676,2.207088960276736,2.208917548310663,2.211604166458453,2.2152653645108926,2.2200343570887258,2.226044912375497,2.2334085115535816,2.2421843667717862,2.25234347615761,2.2637303805526945,2.276029476967515,2.288745882034756,2.3012124810154244,2.3126330281093757,2.322164373964359,2.3290292691946455,2.332638052419916,2.3326891679816075,2.329220939618894,2.3226011866591194,2.3134606914920672,2.3025919920569162,2.290840621263822,2.279011827598564,2.267806183963795,2.2577872139490136,2.2493764846987983,2.242859596057295,2.2384256973937076,2.2361841204482236,2.2361841209980797,2.2384256991545586,2.2428595989513695,2.2493764884178167,2.2577872179116745,2.2678061874907276,2.279011830412655,2.2908406231854817,2.3025919928245866,2.3134606913385047,2.3226011859385447,2.329220939204837,2.3326891686481304,2.3326380546739194,2.329029273617897,2.3221643811193355,2.312633038239441,2.301212493796233,2.2887458966422023,2.276029492555737,2.263730396506214,2.252343492146257,2.2421843825117844,2.23340852701595,2.226044927664719,2.220034372252759,2.2152653795545767,2.21160418080666,2.2089175623037853,2.2070889742365236,2.2060290781870635,2.2056820906240997
2.204669129451159,2.2049187897451885,2.2056797543775857,2.2069871232954665,2.208896393125746,2.211478460653323,2.2148117426470764,2.2189707704970805,2.224010856291221,2.22994900193719,2.236742254950709,2.2442661636176573,2.2522976323174984,2.2605078492679174,2.26847126739977,2.275694994064551,2.2816688669892917,2.2859304153247884,2.2881326771821926,2.2880993609120677,2.2858535390679666,2.2816130521739977,2.2757552472173996,2.268761529657397,2.261155647571017,2.2534483120341786,2.2460963293733793,2.2394791408026298,2.233891287278229,2.229538662620113,2.226565392692043,2.2250584934361597,2.225058494165722,2.226565394682616,2.229538665446757,2.2338912903225343,2.2394791437286736,2.2460963317372977,2.25344831380004,2.26115564851568,2.2687615296702868,2.2757552463834227,2.2816130506601393,2.2858535376196496,2.288099360245296,2.2881326779315176,2.285930418208411,2.2816688725491,2.275695002547463,2.2684712787416097,2.2605078629113446,2.252297647426677,2.24426617948978,2.2367422711082385,2.2299490180778165,2.2240108722837033,2.2189707861463366,2.2148117580908595,2.211478475884326,2.2088964077268445,2.20698713749722,2.205679768561144,2.2049188043038446,2.2046691452620513
2.2040448941998516,2.204221928064975,2.204760484708315,2.2056822639413456,2.207021115269394,2.2088193143929615,2.2111219155801227,2.2139689252978814,2.2173852431904235,2.2213687192725415,2.225877306913755,2.2308171080662267,2.236033918188377,2.241311426568457,2.246379093432336,2.2509315347885788,2.2546588820679876,2.2572844180629756,2.258602812453654,2.2585108246558576,2.2570234100823616,2.2542716970747,2.2504840052093664,2.2459551166353737,2.241011023263942,2.2359760454416824,2.2311471854956824,2.226777881763074,2.2230708845417144,2.220170330319225,2.218182192814971,2.2171724243853776,2.2171724251322864,2.2181821946081177,2.220170332598776,2.223070886579849,2.2267778833787255,2.2311471865039296,2.235976045982408,2.2410110231485443,2.245955115935416,2.2504840039734715,2.254271695395786,2.2570234084650873,2.2585108235298423,2.2586028123834296,2.257284419847697,2.254658886347392,2.2509315418651905,2.2463791033475746,2.2413114389681565,2.236033932390109,2.230817123404065,2.2258773228525883,2.221368735507782,2.2173852594857006,2.2139689411470416,2.2111219311746666,2.208819329713963,2.2070211301055926,2.2056822783249874,2.204760499010725,2.2042219423380995,2.204044909662964
2.203746733337989,2.203870321282391,2.2042456451398915,2.2048858906006337,2.2058113296372177,2.2070466530897708,2.2086170475088434,2.210542952937646,2.2128335843562916,2.21547956669175,2.2184454013179833,2.2216629303819717,2.2250273419359052,2.228397445115437,2.2316017164335498,2.2344508264213054,2.236756013594519,2.238351023492209,2.2391138925926573,2.238984251889417,2.237972469620477,2.2361587731957013,2.2336828805258104,2.2307267784549225,2.227494439015586,2.224192255523402,2.2210130507966226,2.218125134503395,2.2156665394677963,2.213735590050339,2.2124082612114244,2.211732905512101,2.211732906014678,2.2124082623468686,2.2137355913310577,2.2156665402669065,2.218125134715669,2.2210130504614756,2.2241922548587163,2.227494437915668,2.2307267771159442,2.233682879001948,2.2361587715905977,2.2379724682340565,2.238984250882943,2.239113892338104,2.2383510246488245,2.2367560168467544,2.2344508322422083,2.231601724977622,2.2283974561429534,2.225027354932792,2.221662944822414,2.2184454167102103,2.215479582764808,2.2128336007312663,2.210542968832,2.2086170630529978,2.207046668293566,2.205811344534309,2.204885905096961,2.2042456595261735,2.203870335404627,2.2037467484336157
2.2037162888449804,2.2038010530832173,2.204058089847893,2.20449527768547,2.2051245373421895,2.205959977220663,2.207015233810815,2.2083000275037223,2.20981605189711,2.211552485260541,2.2134816195807607,2.215555342746188,2.2177033713093914,2.219834169868272,2.2218392893816494,2.2236013563109522,2.22500519131654,2.22595067445445,2.2263652729138634,2.2262138998247254,2.2255041545404324,2.2242859500019545,2.2226457694707578,2.2206969088425237,2.21856771615956,2.216389911224336,2.2142886450461354,2.212375258298746,2.210742961066588,2.2094570944564054,2.208571126908815,2.208119674880753,2.2081196749949723,2.2085711271409085,2.2094570945048675,2.210742960606204,2.212375257300271,2.2142886436417393,2.216389909613127,2.2185677143365425,2.2206969070442195,2.2226457677399267,2.224285948467997,2.225504153379515,2.2262138990640326,2.226365272772479,2.2259506753390537,2.225005193822327,2.2236013610664442,2.2218392966780995,2.219834179540509,2.217703382962827,2.2155553560181493,2.213481634110637,2.2115525008731214,2.209816068104362,2.2083000433492015,2.207015249225836,2.205959992176507,2.2051245520937126,2.2044952921799594,2.2040581042701963,2.203801067164521,2.203716303652616
2.203901279703466,2.2039581902987093,2.2041305484186453,2.2044229876276646,2.204842394311984,2.205396648267227,2.2060928547559406,2.2069351170352394,2.207921960028639,2.2090436219744785,2.2102795428380038,2.211596503569884,2.2129479321561063,2.214274877551706,2.215509000928229,2.216577626771872,2.2174104764141442,2.217947254285875,2.2181449123798056,2.217983320436794,2.2174682936503425,2.216631438814076,2.215526929828022,2.214225919689539,2.212809667932717,2.2113625365156184,2.209965816231955,2.208692989085061,2.2076066307816675,2.206748842012792,2.2061567387668486,2.205854675423782,2.2058546751865333,2.2061567381587066,2.2067488409175566,2.207606629216637,2.2086929870971046,2.2099658140080716,2.2113625342222893,2.2128096656373835,2.2142259176035477,2.2155269279763594,2.2166314373575027,2.2174682926998606,2.2179833199517023,2.2181449124724373,2.2179472551580517,2.2174104785043314,2.216577630721224,2.2155090071090306,2.21427488588054,2.212947942352375,2.211596515421391,2.210279556151086,2.2090436367030866,2.207921975668835,2.2069351326358264,2.2060928700118314,2.205396662967052,2.204842408799932,2.2044230019931996,2.2041305627804633,2.203958204365649,2.203901294280523
2.204256258127414,2.2042934295286543,2.204405895494842,2.204596344716541,2.204868692993275,2.2052272439969225,2.2056755328429674,2.206214904125787,2.2068429137255285,2.207551708545496,2.2083265964782783,2.209145082229896,2.2099766637820073,2.210783654626773,2.2115231935809483,2.2121504192559085,2.212622552719874,2.2129033932727014,2.2129675611411135,2.212803784596731,2.212416660216804,2.211826590344042,2.2110679482651907,2.2101858442804656,2.209232077260425,2.208260913664504,2.2073252510072874,2.2064735412564884,2.2057476321105924,2.205173509366656,2.204776679599987,2.2045740592643206,2.204574058775207,2.2047766783242704,2.20517350734002,2.205747629596296,2.2064735384382033,2.207325248174736,2.2082609109339173,2.209232074716542,2.2101858421005214,2.211067946460524,2.211826589084963,2.212416659581595,2.212803784489262,2.2129675615595525,2.2129033942935337,2.2126225546496503,2.2121504226267548,2.211523198761173,2.2107836616271674,2.209976672464573,2.209145092517448,2.208326608312482,2.2075517219703973,2.206842928304981,2.2062149191180773,2.2056755478204972,2.205227258489954,2.204868707242173,2.204596358913462,2.2044059097113116,2.204293443527563,2.204256272435903
2.204742646827095,2.204766005592593,2.204836634877611,2.2049560822851992,2.2051265516309058,2.205350352253124,2.20562915274461,2.2059630828301993,2.206349750403243,2.2067832793181346,2.2072535023441366,2.2077454741065803,2.2082394723827297,2.208711626051737,2.2091352413215866,2.209482788038937,2.2097283780056842,2.2098504406397774,2.2098342156572404,2.2096736709019327,2.2093725300645413,2.208944245907868,2.2084109417478546,2.207801520216527,2.2071492589798836,2.2064892531030265,2.2058560268671967,2.2052815452502808,2.2047937378406672,2.2044075513171966,2.2041403910943167,2.204003900080536,2.2040038994360547,2.2041403893479083,2.204407548632976,2.204793734600533,2.2052815417996245,2.205856023589412,2.2064892500830755,2.2071492563581403,2.207801518153164,2.208410940214971,2.208944245034913,2.2093725298847446,2.2096736712682774,2.2098342164719873,2.2098504419165312,2.2097283799670064,2.209482791061271,2.2091352456974485,2.208711631862369,2.2082394796360814,2.2077454828528706,2.207253512613704,2.2067832911668126,2.2063497634804943,2.205963096725201,2.205629167091478,2.2053503664159977,2.2051265656448424,2.2049560963353465,2.2048366489364994,2.204766019478411,2.204742660814833
2.2053283237329833,2.2053421486682607,2.2053839458403752,2.2054546088334335,2.2055553810104813,2.2056874986741835,2.205851715034232,2.2060477377135386,2.2062736284015143,2.206525234919759,2.206795739660347,2.2070754214176724,2.2073517274251877,2.2076097263787084,2.2078329717948204,2.208004740365968,2.2081095375941766,2.208134695530989,2.2080718440852007,2.2079180351963976,2.2076763439487044,2.207355854285015,2.2069710393675908,2.206540643787559,2.206086243919595,2.2056306891105746,2.2051966113332844,2.2048051436740006,2.204474924356716,2.2042134076407445,2.2040324194348804,2.203939924844526,2.2039399241478024,2.2040324174742207,2.2042134046626276,2.204474920758595,2.204805139902397,2.2051966078051897,2.2056306859535684,2.2060862413616533,2.206540641949876,2.2069710381996632,2.2073558538859843,2.20767634428149,2.2079180360501214,2.2080718453039694,2.208134697118268,2.208109539734981,2.2080047432978107,2.207832975673895,2.20760973127607,2.2073517334463304,2.2070754287342047,2.2067957483756007,2.2065252450552157,2.206273639668845,2.2060477500229876,2.2058517282043835,2.205687512101775,2.205555394601324,2.2054546227112137,2.205383959788787,2.2053421624785674,2.205328337473546
2.2059869568938035,2.2059943039954155,2.2060165373015206,2.2060541852357765,2.2061079691383396,2.2061785743232627,2.206266349530186,2.2063709567569183,2.2064910065367576,2.206623724217647,2.2067646993246273,2.206907773973347,2.2070451268136537,2.207167587769177,2.2072651938506977,2.20732795851507,2.207346786394606,2.2073144293643407,2.2072263576724374,2.207081420641123,2.2068821977882194,2.206634987949676,2.206349440716791,2.206037888465319,2.205714477029654,2.2053942098483934,2.205092014897968,2.204821919987353,2.204596387179155,2.2044178208100536,2.2042942422750422,2.204231083728659,2.2042310830888434,2.204294240403444,2.2044178179584075,2.204596383682148,2.2048219162975813,2.2050920114231634,2.205394206804957,2.205714474680976,2.206037886881705,2.2063494398951113,2.2066349879999994,2.2068821985978224,2.2070814219302664,2.207226359248266,2.2073144312452775,2.207346788761942,2.207327961516274,2.2072651974927378,2.2071675920571074,2.207045131884098,2.2069077800624806,2.20676470659184,2.2066237326717126,2.206491015952164,2.206370967257411,2.2062663610852127,2.206178586495904,2.206107981882369,2.206054198688053,2.2060165510380303,2.2059943177094756,2.205986970517585
2.2066972336970005,2.2067002630389223,2.206709471062835,2.206725188265836,2.2067478629358854,2.20677791528481,2.2068155495145887,2.2068605365500615,2.2069119931499688,2.206968186180681,2.2070263943870176,2.207082859007673,2.207132856945908,2.2071709133370416,2.2071911556697796,2.207187789876793,2.207155655444201,2.207090797708965,2.2069909842063975,2.2068560930159093,2.2066883167028206,2.2064921517834812,2.2062741755286472,2.2060426420983057,2.205806952905621,2.205577066735545,2.2053629134063457,2.205173863043305,2.205018284312561,2.204895194933572,2.2048100416412755,2.2047665286431153,2.2047665281307243,2.2048100400915,2.204895192560701,2.205018281348064,2.2051738598504773,2.205362910341766,2.205577064074051,2.205806950906668,2.2060426408206952,2.2062741750384256,2.2064921522097336,2.2066883178945247,2.206856094661856,2.206990986098274,2.207090799865557,2.2071556580245786,2.2071877929658115,2.207191159182319,2.2071709172413803,2.207132861352155,2.2070828641077034,2.2070264003565008,2.206968193070994,2.206912000838586,2.2068605452680874,2.2068155592706904,2.2067779258294076,2.2067478744113176,2.206725200931274,2.2067094843216237,2.2067002764635952,2.2066972471810304
2.207442079986994,2.207442302631417,2.207443051611374,2.2074445535881004,2.207447120602558,2.2074510573935515,2.207456544969794,2.2074635058236547,2.207471470174857,2.207479460907866,2.207485917518966,2.207488675779696,2.2074850238863815,2.207471842639012,2.207445828564106,2.2074037869466663,2.2073429677666185,2.207261407592723,2.2071582351230616,2.2070338986612184,2.2068902831573554,2.206730699367328,2.2065597458280712,2.2063830615310147,2.206207000142968,2.206038263402882,2.205883531140211,2.20574911936988,2.205640688280221,2.205554991787191,2.2054957437927634,2.2054654779902925,2.205465477618964,2.2054957426596022,2.2055549900814695,2.205640686141633,2.2057491170094745,2.2058835287995047,2.2060382613343275,2.2062069986224127,2.206383060664314,2.2065597457207176,2.2067307001424936,2.2068902846475393,2.207033900571263,2.2071582372821243,2.207261410005832,2.2073429705196586,2.2074037900521444,2.2074458319238808,2.2074718462569263,2.2074850278299465,2.2074886801183724,2.2074859223802332,2.2074794663780857,2.20747147626615,2.2074635128485083,2.207456552929461,2.207451066203021,2.207447130617469,2.207444565209963,2.2074430641090568,2.207442315484272,2.20744209312657
2.2082079269272707,2.208206388564738,2.2082018337168323,2.208194436290553,2.2081844440249485,2.208172119468761,2.208157668472532,2.208141156250592,2.2081224260557684,2.2081010308967066,2.2080761914629394,2.2080467883096633,2.2080114015171386,2.2079684010200253,2.2079160853378244,2.2078528605083987,2.207777442284319,2.2076890593148533,2.207587632924388,2.207473909207463,2.207349524686337,2.20721699534671,2.207079629182999,2.2069413724800397,2.2068066073304786,2.2066799219790503,2.206565876152626,2.206468780425823,2.206392503535983,2.206332288394368,2.206290686857327,2.2062694435555246,2.2062694433198464,2.206290686163799,2.2063322874149756,2.206392502346568,2.206468779077949,2.206565874737983,2.2066799206700183,2.2068066064285516,2.2069413721538766,2.2070796295650243,2.207216996520173,2.2073495264425795,2.2074739112900503,2.2075876352532484,2.207689061903445,2.2077774451367604,2.2078528635493684,2.2079160884864146,2.207968404359293,2.208011405106581,2.208046792094922,2.2080761954615507,2.2081010351572403,2.208122430712727,2.2081411616969344,2.2081576747038127,2.208172126543095,2.208184452480992,2.2081944466616754,2.2082018452166396,2.2082064006352784,2.2082079395327203
2.208984056555862,2.208981472277137,2.208973768504691,2.20896109288242,2.208943664368869,2.208921735386451,2.208895548216995,2.2088652822624737,2.2088310041198227,2.208792626192803,2.20874988290961,2.208702327612387,2.2086493586030063,2.2085902758271723,2.208524365614917,2.208451008637726,2.2083698004544945,2.2082806710338923,2.208183989284562,2.2080806384958005,2.2079720516508874,2.2078602006513677,2.2077475393562818,2.207636906363234,2.207531397636926,2.2074342213573095,2.207348548029562,2.207277367732247,2.207223363000611,2.207180767787466,2.2071513560573295,2.2071363420169585,2.2071363419213608,2.2071513558149016,2.207180767524864,2.2072233627512494,2.2072773674364248,2.2073485476516814,2.2074342209691546,2.2075313974933657,2.2076369066455253,2.20774754025257,2.207860202224812,2.207972053656977,2.208080640707871,2.2081839917031685,2.2082806737101186,2.20836980335018,2.208451011592027,2.208524368545644,2.2085902788835456,2.2086493618681864,2.208702330955821,2.2087498862359283,2.208792629465787,2.20883100755179,2.2088652862844653,2.2088955528195124,2.208921740761169,2.2089436711901724,2.2089611018034017,2.208973778786782,2.20898148339827,2.2089840684880717
2.2097620381551044,2.209758890265966,2.209749489409573,2.2097339698361407,2.209712537558621,2.209685445828403,2.2096529686623887,2.2096153671698127,2.209572858397513,2.2095255893089583,2.2094736226307883,2.2094169350152693,2.209355432770025,2.2092889862042844,2.2092174800460365,2.209140877335917,2.209059290167513,2.208973048773319,2.208882760947567,2.2087893538084886,2.2086940912987,2.208598563866304,2.2085046501772254,2.2084144543692927,2.208330224750143,2.208254261102804,2.2081888180941105,2.20813601245725,2.2080977390616265,2.2080675563770336,2.20804671752579,2.208036080399902,2.2080360804534513,2.208046717741233,2.208067556800385,2.2080977396852632,2.208136013169416,2.208188818783223,2.2082542617502767,2.208330225473477,2.2084144552905443,2.208504651544118,2.2085985657693663,2.2086940935144286,2.2087893561359766,2.2088827634175936,2.2089730514622006,2.2090592930314403,2.209140880181627,2.209217482796841,2.209288989021972,2.209355435733134,2.2094169379634656,2.209473625411187,2.2095255918072283,2.2095728608455274,2.2096153699690717,2.2096529718041458,2.2096854496246903,2.2097125427474382,2.2097339771620947,2.209749498258825,2.209758900230428,2.2097620492423125
2.210535255854466,2.2105318641584373,2.210521728051914,2.2105049740169287,2.2104818008861407,2.2104524637385357,2.210417257849143,2.210376496652596,2.2103304917815882,2.21027953583639,2.2102238931550033,2.210163797912789,2.210099462465461,2.2100310970863757,2.209958938747201,2.209883287718449,2.20980454795228,2.2097232658560353,2.209640162739808,2.209556156569937,2.2094723690964524,2.209390116192084,2.209310881186887,2.2092362733819555,2.209167975224239,2.20910768234767,2.209057040692351,2.2090175856341507,2.2089906864247397,2.2089694469383394,2.208954770710554,2.2089472758800763,2.208947276078231,2.20895477135832,2.208969447995056,2.2089906878262533,2.209017587247521,2.2090570423680447,2.2091076840081345,2.2091679768405745,2.209236274996818,2.2093108830530697,2.209390118416576,2.209472371505132,2.2095561589992645,2.2096401652172766,2.2097232684499755,2.2098045506482227,2.2098832903882197,2.2099589413533605,2.2100310997363186,2.210099465170043,2.2101638005073925,2.2102238954924416,2.2102795377594076,2.210330493493768,2.2103764984690955,2.2104172597708245,2.210452466177532,2.210481804577728,2.210504979747916,2.2105217353251403,2.2105318727134757,2.2105352658080566
2.2112985210388776,2.2112950928978155,2.2112848447688638,2.211267897333705,2.2112444432983134,2.2112147365895756,2.211179082570833,2.211137823192081,2.211091323683089,2.211039960390492,2.2109841139719,2.2109241670620534,2.2108605075635617,2.2107935389531392,2.210723695583864,2.2106514624848645,2.2105773972682767,2.2105021507271334,2.210426483269148,2.210351274867201,2.210277526243303,2.2102063499515516,2.210138951104425,2.21007659912285,2.2100205926701397,2.209972220221469,2.2099327186617206,2.2099032328652384,2.209884778691715,2.2098701514961645,2.2098600189695734,2.2098548372321494,2.209854837537942,2.2098600199407663,2.2098701530504528,2.209884780726111,2.2099032352357955,2.209932721177655,2.2099722227602934,2.2100205951126286,2.210076601468619,2.2101389535470215,2.2102063525530067,2.210277528858022,2.2103512773916556,2.210426485736132,2.2105021531839464,2.2105773997302793,2.210651464923696,2.2107236980145473,2.2107935414193336,2.210860509999585,2.210924169314297,2.210984115933578,2.211039961901429,2.2110913248903463,2.2111378242786373,2.2111790835456695,2.211214737952193,2.2112444457517357,2.21126790164356,2.2112848504790485,2.211295099875796,2.2112985295523306
2.21204775973532,2.21204442543317,2.2120344566507204,2.21201796853171,2.211995146809476,2.21196624033046,2.2119315549105534,2.211891443026689,2.2118462944950417,2.2117965273038473,2.2117425819359022,2.211684918616978,2.2116240172990724,2.2115603819689764,2.211494547669724,2.2114270900645296,2.211358636196194,2.2112898742286036,2.2112215604516123,2.211154522338102,2.211089656471889,2.211027920387967,2.2109703181130027,2.210917880243673,2.2108716400514727,2.210832607005014,2.2108017391458903,2.2107799158325214,2.2107679128114883,2.2107583135111493,2.2107516251718473,2.21074819359863,2.2107481939582576,2.2107516263075166,2.2107583153687047,2.210767915304749,2.2107799188075585,2.2108017423423045,2.2108326102513525,2.2108716432026467,2.210917883305015,2.2109703211872715,2.211027923432926,2.2110896593273828,2.211154524970495,2.211221562930522,2.21128987658622,2.2113586384333623,2.211427092218496,2.2114945498212752,2.211560384162547,2.211624019435412,2.211684920551793,2.2117425835929514,2.2117965285377794,2.21184629538816,2.211891443616675,2.2119315552126646,2.211966240907052,2.2119951483083122,2.2120179716463326,2.2120344609202403,2.212044430824904,2.2120477666283547
2.212779763966582,2.2127766014821395,2.2127671462341074,2.212751507458549,2.2127298625421243,2.2127024516918965,2.2126695737966484,2.212631579053818,2.2125888620448126,2.21254185443909,2.212491019831502,2.212436850731658,2.2123798664667715,2.212320613734443,2.2122596686429428,2.2121976401148844,2.2121351740229946,2.212072956548137,2.212011715734491,2.2119522205298803,2.211895277027558,2.2118417210952077,2.211792407145384,2.211748193541488,2.211709925777545,2.211678418205684,2.2116544352834464,2.2116386729160245,2.211631741388128,2.2116260762037134,2.211622074130866,2.2116200050125956,2.211620005406835,2.2116220753503457,2.2116260782340484,2.2116317441793183,2.211638676297812,2.2116544389450743,2.2116784219665218,2.211709929513716,2.2117481972576836,2.2117924108302742,2.2118417245874764,2.2118952801445433,2.2119522233075237,2.2120117182864902,2.2120729588724237,2.212135176066626,2.2121976419628795,2.212259670456887,2.2123206156108646,2.2123798683105855,2.2124368523983535,2.21249102124399,2.2125418554780967,2.2125888627562422,2.2126315793549147,2.2126695736891553,2.2127024517311704,2.212729863295625,2.212751509551813,2.2127671492260683,2.212776605414322,2.21277976923356
2.2134919962697133,2.2134890485040764,2.213480235639539,2.2134656605573846,2.2134454910659014,2.213419956011515,2.2133893421654176,2.213353988840491,2.213314282401051,2.2132706502029134,2.213223555675665,2.213173495251627,2.2131209950738304,2.2130666092242155,2.213010918841166,2.2129545318807824,2.2128980833994825,2.2128422352551365,2.21278767467188,2.212735111011728,2.212685271117521,2.212638892725267,2.2125967155018134,2.2125594699668714,2.2125278652290183,2.2125025759418526,2.2124842291878313,2.2124733915060624,2.212470557023545,2.21246805586881,2.2124662075519472,2.2124652288179814,2.2124652292505886,2.2124662088392792,2.212468058000217,2.212470559959718,2.2124733950679194,2.2124842330951084,2.2125025800572695,2.2125278694281634,2.212559474188298,2.2125967196399037,2.2126388965698554,2.2126852745058856,2.2127351140191336,2.2127876773901387,2.2128422375991943,2.2128980852926055,2.212954533489967,2.213010920396473,2.2130666108490726,2.2131209966640486,2.2131734966523275,2.2132235568069363,2.213270651018898,2.213314282963608,2.213353988983583,2.213389341857536,2.2134199557293206,2.213445491273811,2.2134656618156745,2.213480237557193,2.2134890511700274,2.2134920000171396
2.2141824374021226,2.214179724091051,2.214171612910682,2.214158200069258,2.214139642958726,2.2141161572873527,2.2140880143787918,2.2140555372408977,2.214019095959764,2.2139791025113174,2.213936005979604,2.213890289511838,2.213842466503049,2.2137930774749033,2.2137426875355555,2.213691884004435,2.2136412745317227,2.2135914847698372,2.2135431554231877,2.213496937943373,2.2134534893660236,2.2134134663864558,2.213377518047112,2.213346277051323,2.213320350487858,2.2133003102616597,2.2132866835346943,2.213279943438525,2.213280500651885,2.2132806083204195,2.213280530849845,2.2132804471565706,2.2132804476136303,2.213280532166634,2.213280610474924,2.213280503598765,2.213279947012431,2.213286687537101,2.2133003145827264,2.213320354965852,2.213346281567004,2.2133775224783454,2.2134134705199346,2.213453493051202,2.2134969412295544,2.2135431583143435,2.2135914871118287,2.213641276315653,2.2136918854961203,2.2137426889817298,2.2137930789575853,2.2138424678766038,2.2138902906375324,2.213936006816766,2.213979103113938,2.2140190963986113,2.2140555372920296,2.2140880139945094,2.214116156851116,2.214139642820345,2.2141582006880483,2.214171613956041,2.2141797256782967,2.21418243975814
2.2148494685763067,2.2148469944531155,2.2148395992262353,2.214827372306906,2.2148104602516208,2.2147890646919017,2.214763439659872,2.2147338887644112,2.2147007611821024,2.2146644471413364,2.2146253733066334,2.214583999693536,2.2145408157422173,2.214496336556815,2.214451099557857,2.2144056608645806,2.2143605922272998,2.2143164776512556,2.2142739097228423,2.214233485017652,2.214195798746452,2.214161439321012,2.2141309822774016,2.214104983298304,2.2140839708358024,2.2140684388956555,2.214058839884284,2.214055577720719,2.214059001582139,2.2140613067165233,2.2140627172714606,2.214063384597346,2.2140633850563294,2.2140627185625057,2.21406130880105,2.214059004413629,2.2140555811673415,2.214058843819479,2.2140684432102744,2.2140839753790083,2.2141049879598427,2.214130986925461,2.2141614437030754,2.2141958027047006,2.214233488548408,2.214273912743483,2.214316480004382,2.214360594011033,2.2144056623778225,2.214451100997499,2.2144963379281606,2.2145408168871614,2.214584000568439,2.214625373939718,2.214664447626668,2.2147007615356413,2.214733888747604,2.214763439260027,2.2147890642240475,2.214810459952708,2.214827372490264,2.2148395996139705,2.2148469951498746,2.2148494696772323
2.2154917809550883,2.21548954130669,2.2154828479313893,2.2154717835015636,2.2154564836921344,2.215437135780363,2.215413975794486,2.215387286510156,2.215357393902156,2.215324663186246,2.215289494509335,2.21525231973195,2.2152135985542727,2.2151738145407944,2.2151334715553195,2.2150930895522487,2.2150532008271946,2.2150143461863694,2.2149770709649337,2.2149419205577363,2.2149094351682335,2.214880144707806,2.214854563602907,2.2148331851960292,2.2148164756558026,2.2148048681890136,2.2147987575318675,2.2147984947888864,2.214804382563872,2.214808571232271,2.214811254710214,2.2148125637260763,2.21481256415527,2.214811255898712,2.214808573138297,2.2148043851578034,2.2147984979756217,2.2147987612445923,2.214804872342438,2.214816480144541,2.2148331898862392,2.2148545683160816,2.214880149207781,2.214909439337983,2.2149419243184605,2.2149770741444295,2.2150143486529315,2.2150532027471,2.215093091174714,2.2151334729968215,2.2151738157625482,2.215213599475709,2.215252320444955,2.2152894950675384,2.2153246636331194,2.2153573941681706,2.215387286418767,2.2154139754160678,2.2154371353710682,2.2154564833615975,2.2154717833953703,2.2154828478322766,2.2154895412695277,2.215491780923011
2.2161083063927496,2.2161062908026907,2.216100268037381,2.2160903142206076,2.2160765543828997,2.2160591616385488,2.2160383541290236,2.216014393542463,2.2159875819336547,2.2159582582601294,2.2159267945348633,2.2158935924786825,2.2158590797567834,2.215823705952161,2.2157879390658417,2.2157522612760583,2.2157171648230394,2.215683148010675,2.2156507111562265,2.2156203524099234,2.2155925628686566,2.2155678217607253,2.215546591740255,2.215529314314759,2.215516404926023,2.2155082480842982,2.215505192813666,2.2155075486839424,2.215515581973915,2.2155214072327545,2.2155251950331976,2.215527060229487,2.2155270606154858,2.2155251960887066,2.215521408909789,2.21551558426469,2.2155075515393254,2.2155051962318995,2.2155082520012366,2.2155164092317685,2.215529318837472,2.215546596342274,2.215567826308287,2.215592567220943,2.2156203563420536,2.215650714440823,2.215683150591002,2.215717166906084,2.215752263029104,2.2157879405241867,2.2158237070849633,2.215859080606161,2.2158935931901222,2.2159267951009127,2.21595825866294,2.215987582085004,2.2160143933992367,2.2160383538412067,2.216059161367446,2.216076554080944,2.2160903138812653,2.216100267545937,2.216106290155888,2.216108305364746
2.216698164624183,2.2166963594533007,2.2166909663854195,2.216682055293947,2.216669740999797,2.2166541829159008,2.2166355819489474,2.2166141792707355,2.216590253374303,2.2165641170529016,2.2165361140802426,2.2165066158562534,2.2164760178406446,2.216444735508502,2.2164132009355404,2.2163818588717334,2.216351162614617,2.216321569970402,2.216293539202226,2.21626752513506,2.2162439747892915,2.2162233230144945,2.2162059881095635,2.2161923677051156,2.216182834816937,2.2161777338522723,2.2161773766923005,2.2161820393986593,2.2161919591236687,2.2161992209800063,2.2162039770044073,2.216206329491383,2.216206329838454,2.21620397794222,2.2161992224339824,2.2161919610977625,2.216182041893943,2.216177379753718,2.2161777374170217,2.21618283877095,2.2161923719261414,2.2162059925455813,2.21622332753194,2.2162439791211748,2.2162675290135625,2.2162935424926173,2.2163215726969456,2.21635116492686,2.216381860812575,2.2164132024891194,2.2164447367025915,2.216476018801448,2.2165066166627883,2.2165361146316953,2.2165641173531645,2.2165902534208706,2.2166141791498934,2.2166355818064316,2.21665418276294,2.2166697406651092,2.216682054702425,2.2166909655565563,2.2166963583125265,2.2166981627905877
2.2172606230688503,2.2172590130634346,2.217254203961827,2.2172462597972187,2.2172352857991897,2.217221428287374,2.2172048718217843,2.2171858381147724,2.2171645831641147,2.2171413946233085,2.217116588881873,2.2170905078771717,2.2170635158814416,2.2170359954821146,2.2170083441884216,2.2169809708220907,2.2169542916850276,2.216928726727215,2.2169046955245557,2.2168826135356734,2.216862888139161,2.2168459147977675,2.2168320732542792,2.2168217236011,2.216815202817979,2.2168128215009295,2.2168148605659996,2.216821568378865,2.216833158180105,2.216841690316765,2.2168473017169146,2.21685008446613,2.216850084772938,2.2168473025438598,2.2168416915578333,2.216833159829755,2.2168215704739223,2.216814863187503,2.2168128246201166,2.216815206354243,2.2168217274899913,2.2168320774324175,2.2168459190511305,2.216862892194188,2.2168826172698135,2.216904698881572,2.21692872966463,2.216954294204339,2.216980972906463,2.217008345889572,2.2170359968880056,2.217063517077315,2.2170905088097492,2.2171165894090357,2.2171413948484453,2.217164583180035,2.217185838043915,2.2172048717429287,2.2172214280762135,2.2172352852751014,2.217246258904352,2.217254202819484,2.217259011507207,2.217260620629987
2.2177950662798964,2.2177936356241954,2.217789363065109,2.2177823072518854,2.2177725646394926,2.2177602692502,2.2177455902439496,2.217728731099843,2.2177099267457168,2.217689441311266,2.2176675653260545,2.217644612760566,2.2176209182963413,2.2175968335187783,2.2175727235648246,2.2175489636568266,2.2175259354897943,2.217504023876485,2.217483612997453,2.2174650828053886,2.2174488052724923,2.2174351407878317,2.2174244350351318,2.217417015479011,2.2174131881285297,2.2174132346705178,2.2174174097110053,2.2174259382301234,2.2174390134008197,2.217448674317447,2.2174550453103197,2.2174582099737665,2.217458210221872,2.2174550459861058,2.2174486753073155,2.217439014687773,2.2174259398752763,2.2174174118227685,2.2174132372723454,2.217413191174291,2.2174170189330407,2.2174244388117543,2.217435144685648,2.2174488091169553,2.2174650865193084,2.2174836164008442,2.2175040268368016,2.217525938018789,2.217548965840391,2.2175727255177082,2.217596835232366,2.2176209197164876,2.2176446137722947,2.2176675658672718,2.2176894415838175,2.2177099268167333,2.217728731009673,2.217745590064819,2.2177602688569986,2.2177725639506276,2.2177823061607245,2.2177893616467457,2.217793633670434,2.2177950633827526
2.2183009725899696,2.2182997056093527,2.2182959225423775,2.2182896770142415,2.2182810575927046,2.218270187080603,2.218257220293373,2.218242343708774,2.21822577269481,2.21820774968901,2.2181885413163074,2.2181684355787046,2.2181477394664335,2.2181267756407035,2.2181058792672466,2.218085394770055,2.218065672139785,2.218047063889894,2.2180299217969615,2.218014593656709,2.2180014198486657,2.21799072971202,2.217982838749952,2.2179780456951277,2.217976629567422,2.217978847027795,2.2179849300131504,2.2179950834514464,2.2180094833858828,2.218020150399498,2.2180271981152617,2.218030702912109,2.218030703083138,2.218027198596344,2.218020151105295,2.218009484292545,2.217995084620364,2.2179849315598568,2.217978849033339,2.2179766320395995,2.2179780486331815,2.2179828420789756,2.217990733286516,2.2180014235200383,2.218014597238998,2.218029925020907,2.218047066732236,2.2180656747476033,2.2180853972343653,2.2181058815185963,2.2181267774878672,2.218147740887322,2.2181684365833823,2.2181885419586886,2.2182077501234136,2.2182257728480677,2.2182423435300698,2.218257219969313,2.2182701865877155,2.218281056917879,2.21828967581459,2.218295920770956,2.218299703186265,2.2183009693196434
2.2187778962028113,2.2187767777591345,2.2187734387904414,2.21876792815747,2.218760327223571,2.218750748800381,2.218739334658539,2.21872625557262,2.2187117088736037,2.218695917028058,2.2186791247836344,2.2186615965180287,2.2186436138163095,2.2186254726490087,2.2186074804697187,2.2185899534942477,2.2185732130559748,2.218557582511823,2.2185433842819005,2.218530936980034,2.2185205525466483,2.218512532779209,2.218507166489721,2.2185047270013416,2.2185054695987607,2.2185096290774897,2.218517417631591,2.2185290227855177,2.218544605761576,2.2185561708485935,2.2185638224441853,2.2185676306931024,2.2185676307822035,2.2185638227204194,2.2185561712829394,2.2185446063355116,2.21852902354687,2.2185174186808174,2.2185096305253147,2.2185054714993906,2.2185047293836417,2.218507169300027,2.2185125359164735,2.2185205558421957,2.218530940188812,2.2185433872350964,2.218557585328368,2.218573215834241,2.218589956133587,2.2186074827161306,2.2186254743676974,2.218643615209895,2.2186615976807023,2.218679125690099,2.2186959176268393,2.2187117090349844,2.2187262553038782,2.2187393343174175,2.218750748415184,2.2187603266752847,2.2187679267718643,2.2187734365368463,2.2187767748613476,2.2187778927182173
2.2192254536016254,2.2192244692316287,2.219221531190041,2.2192166839633845,2.2192100021042536,2.2192015894389048,2.2191915761306764,2.2191801187423352,2.2191673982321887,2.219153618696901,2.2191390048161934,2.219123799545511,2.2191082616043016,2.219092662832539,2.219077285400475,2.219062419640942,2.2190483608240297,2.219035406102849,2.2190238516775507,2.2190139899774737,2.219006107276376,2.2190004807666597,2.2189973756482186,2.2189970427653094,2.218999716405869,2.2190056121201245,2.2190149247853577,2.219027826704746,2.2190444661584063,2.219056832993989,2.2190650235979392,2.2190691026784783,2.2190691027115825,2.2190650237278193,2.219056833218688,2.2190444664511646,2.2190278271027206,2.219014925379163,2.2190056130315927,2.218999717730098,2.218997044575121,2.2189973779120007,2.2190004833718158,2.2190061100231895,2.2190139926686805,2.2190238543040257,2.2190354087751705,2.2190483634786133,2.2190624221134647,2.2190772875224276,2.219092664644474,2.219108263332362,2.2191238010908862,2.2191390059629588,2.219153619335855,2.219167398388427,2.219180118522447,2.219191575899053,2.219201589160512,2.219210001509689,2.2192166822351322,2.219221528524559,2.219224466093483,2.2192254502107667
2.219643313217198,2.2196424491905815,2.219639871232453,2.2196356201359864,2.2196297640754787,2.2196223985107886,2.219613643186212,2.2196036420120278,2.2195925613873433,2.219580588802245,2.2195679306656775,2.219554810329644,2.219541465879065,2.2195281475896613,2.2195151149936265,2.2195026350670193,2.219490979472616,2.219480421630264,2.2194712342547853,2.2194636865537674,2.2194580418525223,2.21945455525492,2.219453470966179,2.219455019974233,2.2194594180038916,2.2194668636072747,2.2194775363970494,2.219491595287166,2.21950917717282,2.2195222590329413,2.219530930255634,2.2195352508063966,2.219535250790201,2.2195309302403783,2.219522259011756,2.2195091771147033,2.219491595252148,2.2194775364957073,2.219466863967492,2.219459418736624,2.219455021176561,2.2194534726138486,2.219454557213775,2.219458043968999,2.219463688748327,2.2194712365634994,2.219480424041912,2.219490981901134,2.219502637451439,2.2195151172239482,2.2195281497043373,2.2195414679314984,2.219554812028614,2.2195679318336645,2.2195805895085217,2.2195925617711563,2.21960364207208,2.219613643054303,2.2196223980996894,2.21962976318536,2.219635618098867,2.2196398684579486,2.219642446138691,2.2196433101929305
2.2200311873295924,2.2200304307754957,2.2200281744736254,2.220024456245763,2.220019338715462,2.220012909592741,2.2200052789831153,2.219996579475256,2.2199869645074215,2.2199766068551066,2.2199656966770314,2.219954439628218,2.2199430550172363,2.2199317737787494,2.2199208352706563,2.219910485555094,2.219900975273386,2.2198925566048824,2.219885481075287,2.219879997199752,2.2198763480194144,2.2198747689759,2.219875485558986,2.2198787111432594,2.2198846450229186,2.2198934707234006,2.219905354396552,2.2199204431814685,2.2199388639445696,2.2199525821685206,2.219961681080109,2.2199662164929013,2.2199662164335425,2.2199616809276006,2.2199525818913095,2.2199388635024473,2.2199204426557873,2.219905353916669,2.219893470433971,2.2198846450746665,2.2198787116787537,2.21987548658787,2.21987477036322,2.219876349648844,2.219879999040078,2.219885483132449,2.219892558821473,2.2199009776297602,2.21991048797744,2.2199208375934028,2.219931776047166,2.2199430571548886,2.2199544413174204,2.219965697918195,2.219976607762455,2.2199869651332387,2.219996579683618,2.2200052787974243,2.220012909052091,2.220019337853081,2.2200244544363286,2.220028171990667,2.2200304279642182,2.220031184651901
2.2203888255177593,2.2203881645791883,2.2203861942323075,2.220382949625776,2.220378488821355,2.2203728928302864,2.2203662628820338,2.2203587214000535,2.220350410070318,2.2203414886165054,2.2203321328209022,2.2203225327490292,2.2203128908445384,2.220303420661608,2.2202943437307816,2.2202858874183686,2.220278283581057,2.2202717656682647,2.2202665663476293,2.2202629156155043,2.2202610385388653,2.220261153175475,2.2202634684368387,2.2202681821127737,2.2202754789871455,2.220285529305139,2.220298487327067,2.220314489825173,2.2203336548313075,2.220347937565713,2.2203574158151653,2.220362141765945,2.2203621416444053,2.2203574154769745,2.2203479369892487,2.2203336539998606,2.2203144888394717,2.2202984863138404,2.220285528421443,2.220275478445618,2.2202681820930787,2.2202634689557166,2.2202611540982513,2.22026103976243,2.220262917123232,2.2202665681648237,2.2202717677735726,2.2202782859396657,2.2202858898558424,2.220294346120352,2.22030342306658,2.220312893022128,2.2203225344730004,2.2203321342234084,2.220341489667219,2.220350410747793,2.22035872159317,2.220366262722099,2.2203728924900274,2.2203784884620887,2.2203829483261996,2.2203861920003964,2.220388161881129,2.2203888229933626
2.2207160093887244,2.220715433166479,2.2207137159462063,2.2207108901299852,2.2207070097278216,2.220702150247809,2.2206964051261946,2.220689887816035,2.2206827294326534,2.2206750780968374,2.2206670968320372,2.220658961981107,2.2206508610874987,2.2206429920948483,2.2206355608555515,2.220628778308993,2.2206228595338207,2.220618021461385,2.220614480209128,2.2206124493262114,2.2206121379420645,2.2206137488005253,2.220617476229497,2.2206235042810722,2.220632004952152,2.220643136772068,2.2206570435102506,2.2206738528419803,2.2206936750680897,2.2207084562992154,2.2207182695099523,2.220723163690844,2.220723163505131,2.2207182689949225,2.220708455491929,2.220693673996311,2.2206738515917106,2.220657042164011,2.220643135476632,2.2206320039939405,2.2206235038889424,2.220617476403006,2.2206137493787192,2.220612138817145,2.220612450511478,2.2206144817974898,2.2206180234588038,2.2206228617948316,2.2206287805943257,2.220635563165388,2.2206429944479167,2.220650863137684,2.2206589637264535,2.2206670984559005,2.220675079400948,2.2206827303675833,2.220689888323665,2.220696405395473,2.2207021503702182,2.2207070098014876,2.2207108889069094,2.2207137135733146,2.220715430429845,2.2207160068561533
2.2210125487919554,2.221012047001156,2.221010552359432,2.2210080947639086,2.2210047241639748,2.2210005112935067,2.220995543067832,2.220989925033617,2.220983779059363,2.220977242965868,2.2209704686008496,2.220963620375823,2.2209568728439475,2.2209504099889266,2.220944423815217,2.220939111004004,2.220934671753619,2.220931308378454,2.220929222648126,2.220928613770538,2.220929676807386,2.2209326009764445,2.2209375678056786,2.220944749330687,2.2209543063922594,2.220966387280786,2.220981126558073,2.220998643927869,2.221019042959479,2.221034261740626,2.221044369008284,2.221049410902092,2.221049410691437,2.2210443684364147,2.221034260907712,2.2210190419105382,2.2209986426858914,2.2209811251459097,2.220966385824959,2.2209543051997622,2.220944748639721,2.2209375676133654,2.220932601149053,2.2209296772997025,2.2209286146717626,2.2209292240696468,2.2209313102467654,2.220934673814429,2.2209391131028924,2.2209444260860383,2.2209504123124666,2.2209568748807413,2.220963622360825,2.2209704705745126,2.220977244492162,2.2209837800867076,2.2209899256272654,2.2209955434158513,2.221000511385572,2.2210047239989557,2.2210080931408958,2.22101055000172,2.2210120446865087,2.221012546636404
2.2212782792676795,2.221277842078106,2.2212765410310165,2.2212744042816825,2.221271477826907,2.2212678278710767,2.2212635360614597,2.2212587009659424,2.221253436482613,2.2212478713632056,2.221242147496893,2.221236418960017,2.2212308494287853,2.221225610692699,2.2212208823977058,2.2212168489781954,2.221213697760156,2.2212116181136974,2.221210799273712,2.221211428092645,2.221213687438845,2.2212177547153256,2.2212238002794953,2.2212319857179654,2.221242462205087,2.221255369150562,2.221270833081032,2.221288966711844,2.2213098677678493,2.2213254673625524,2.2213358305998696,2.221341001126368,2.221341000951458,2.2213358301214794,2.2213254666564324,2.221309866824754,2.2212889654924775,2.221270831611554,2.221255367610299,2.2212424609130226,2.221231984866501,2.221223799845396,2.221217754615687,2.2212136877132513,2.221211428884594,2.221210800639217,2.2212116198876086,2.2212136997105354,2.221216851109492,2.22122088482268,2.221225613113808,2.2212308516146786,2.221236421148676,2.2212421493667898,2.221247872468935,2.2212534370236274,2.221258701181161,2.2212635361097526,2.221267827669982,2.2212714772133313,2.2212744024720217,2.221276539258677,2.2212778405249334,2.2212782776556295
2.221513059412458,2.221512677669813,2.2215115429031176,2.2215096822283344,2.2215071382318605,2.221503972735076,2.2215002629903893,2.2214961017642003,2.2214915960637143,2.2214868669799235,2.221482047736948,2.221477283020909,2.221472727269606,2.2214685421352125,2.2214648964984436,2.221461964262881,2.221459921819782,2.2214589472542414,2.221459218846202,2.221460912877577,2.2214642018493986,2.2214692530285363,2.221476227112146,2.221485276660662,2.2214965445520054,2.2215101626029243,2.22152625044655,2.2215449147118664,2.221566248022951,2.2215821754355987,2.221592758982203,2.2215980402131192,2.221598040048018,2.221592758516376,2.221582174698695,2.221566246978967,2.2215449133627767,2.2215262489170486,2.2215101611405554,2.2214965434291325,2.2214852759784174,2.2214762268184294,2.2214692530778395,2.2214642022896065,2.2214609137850165,2.2214592201641667,2.2214589488178467,2.2214599235664263,2.221461966319986,2.2214648988014547,2.221468544234335,2.2214727290583416,2.2214772846657698,2.221482048909592,2.2214868676360817,2.221491596483783,2.2214961021032518,2.2215002633036582,2.221503972751169,2.221507137720594,2.221509681044311,2.221511542406919,2.221512677052458,2.221513058496627
2.2217167681574916,2.2217164334085244,2.221715439417028,2.2217138125852185,2.221711592920725,2.221708838350953,2.221705621911572,2.221702031730365,2.22169816911874,2.221694148627117,2.2216900964175927,2.221686149108882,2.2216824530249815,2.221679161290602,2.2216764335379495,2.221674434693208,2.221673332163398,2.2216732945943702,2.2216744908296806,2.2216770880865635,2.22168125011311,2.221687135642905,2.2216948971574553,2.2217046794926074,2.221716618451912,2.2217308394377517,2.2217474563188033,2.2217665705862317,2.221788270501147,2.2218044759018345,2.2218152462142124,2.221820621260714,2.221820621050733,2.2218152456117672,2.2218044749462247,2.2217882691998034,2.221766569005648,2.2217474546610783,2.22173083796919,2.221716617375189,2.2217046788602395,2.22169489694911,2.2216871358881063,2.2216812508619017,2.221677089312561,2.2216744923611103,2.2216732962816286,2.221673334020964,2.2216744367649475,2.2216764355535954,2.221679162893434,2.221682454362783,2.2216861502919483,2.2216900972143407,2.221694149197832,2.221698169567974,2.2217020321739627,2.221705622274883,2.2217088382897816,2.221711592527739,2.2217138122104667,2.221715440225654,2.2217164335364563,2.2217167679214285
2.2218893032442995,2.2218890075722304,2.2218881304202447,2.221886697389205,2.221884746763266,2.2218823335598543,2.2218795269246185,2.221876410787499,2.221873081863412,2.2218696493671044,2.221866233799392,2.221862965107639,2.2218599826860332,2.221857432701369,2.221855467079712,2.221854243067147,2.221853920704326,2.2218546610236394,2.221856625033101,2.2218599722987227,2.2218648592459447,2.221871437565779,2.2218798529500985,2.221890243799768,2.221902739995036,2.2219174615833053,2.221934517689735,2.2219540055989335,2.2219760099692945,2.221992446268848,2.222003371722521,2.222008824724175,2.2220088245459353,2.2220033711950156,2.2219924454413538,2.2219760089050964,2.2219540043589916,2.221934516419188,2.221917460463631,2.221902739161308,2.2218902433203436,2.2218798528558827,2.221871437917151,2.2218648600592097,2.2218599734931623,2.2218566264435315,2.2218546625633255,2.2218539223668805,2.221854244736415,2.221855468450448,2.2218574337374712,2.2218599837624518,2.2218629662155522,2.2218662347759786,2.22186965032023,2.221873082551799,2.2218764113600495,2.221879527381653,2.2218823337540496,2.2218847469820098,2.221886697874849,2.221888132058778,2.22188900802129,2.221889303211793
2.2220305800461766,2.2220303159867254,2.2220295331887043,2.2220282560398235,2.2220265217171873,2.2220243830581685,2.2220219063766495,2.222019172253215,2.222016273420186,2.2220133143656273,2.2220104110442342,2.222007688382424,2.2220052802945918,2.222003327509806,2.2220019758163776,2.222001375979866,2.222001681914781,2.222003048614003,2.222005630876193,2.2220095820835053,2.222015052718122,2.222022188816677,2.222031130651517,2.222042011476171,2.2220549563915193,2.222070081107181,2.2220874909215826,2.2221072797568437,2.222129529381771,2.2221461517425443,2.2221572022798726,2.2221627181879176,2.2221627181429406,2.2221572021241465,2.2221461514841594,2.222129529050553,2.2221072793547716,2.22208749051284,2.222070080773665,2.222054956193798,2.2220420114623285,2.2220311308685914,2.2220221893516747,2.222015053594427,2.2220095832345383,2.2220056321930364,2.2220030500508097,2.222001683410596,2.2220013773423886,2.2220019768454806,2.222003328381685,2.2220052812897206,2.2220076892367446,2.2220104116645003,2.222013314913818,2.2220162737176636,2.2220191727971867,2.222021907204814,2.2220243838746376,2.2220265227795273,2.2220282573835095,2.2220295353350337,2.2220303168146,2.2220305798533504
2.2221405304735047,2.2221402907785874,2.2221395807831748,2.2221384234946098,2.222136855252822,2.222134927303284,2.2221327036399763,2.2221302623645585,2.222127693705639,2.2221250985009355,2.2221225888291034,2.22212028563603,2.222118318501925,2.2221168240831513,2.2221159437454383,2.222115823251253,2.222116611620602,2.222118459177648,2.2221215160374994,2.2221259308706114,2.2221318495810336,2.2221394138655794,2.2221487598654344,2.222160016927216,2.222173306484966,2.22218874089782,2.2222064224829188,2.2222264425651543,2.2222488806748553,2.222265646011849,2.2222767926619498,2.222282356876726,2.2222823568422423,2.222276792548179,2.2222656458274277,2.2222488804556644,2.222226442347318,2.222206422323,2.2221887408543073,2.2221733066330263,2.2221600173168823,2.2221487604890076,2.222139414720827,2.2221318506385606,2.2221259320603393,2.2221215172913,2.2221184604639657,2.2221166128665293,2.2221158243307526,2.2221159446234733,2.222116824949422,2.222118319352091,2.2221202860835683,2.222122589034654,2.2221250988367043,2.2221276940993757,2.2221302631917417,2.222132704571967,2.2221349280273794,2.2221368562580994,2.2221384247640983,2.2221395826545196,2.2221402919087354,2.2221405297646797
2.2222191026155196,2.2222188801670146,2.2222182217326933,2.222217149484401,2.2222156989241277,2.2222139202195774,2.2222118756472566,2.222209641231131,2.2222073057139657,2.2222049677885525,2.222202736773919,2.2222007306427844,2.2221990756036276,2.2221979052920457,2.2221973581771053,2.2221975766377335,2.2221987061842676,2.2222008938052507,2.22220428635647,2.2222090292034027,2.2222152649713927,2.22222313223715,2.222232764198398,2.222244287470829,2.2222578209090003,2.222273474508358,2.222291348445629,2.2223115321685114,2.222334103624065,2.2223509700458273,2.222362184590683,2.222367782899867,2.222367782818015,2.2223621843361463,2.222350969614413,2.2223341030935533,2.2223115317092597,2.2222913482106055,2.2222734745765194,2.2222578213300213,2.2222442882590787,2.22223276529258,2.22222313355414,2.2222152664443673,2.2222090307397973,2.2222042878659884,2.222200895181714,2.2221987072816956,2.2221975773609657,2.222197358582665,2.2221979055429455,2.2221990756246583,2.222200730306673,2.2222027365812997,2.2222049681115226,2.2222073062322254,2.2222096418560793,2.2222118759471416,2.2222139204328646,2.222215699865916,2.2222171509807445,2.2222182238855215,2.222218881837661,2.2222191017121147
2.2222662599697305,2.222266047898926,2.222265420016655,2.222264398219369,2.222263017735551,2.2222613283216672,2.222259391313788,2.2222572808258625,2.222255084331476,2.222252899494743,2.2222508342626064,2.2222490050562147,2.22224753598585,2.2222465586881603,2.222246209998809,2.222246630417338,2.222247963338804,2.2222503536988616,2.222253946418964,2.222258884934761,2.222265309909024,2.222273358005001,2.2222831605962146,2.222294842653196,2.222308521484868,2.2223243056753623,2.222342294144842,2.222362575225963,2.222385225963943,2.2224021524703277,2.22241340737933,2.2224190260050865,2.222419025986726,2.2224134072905755,2.2224021522446775,2.22238522560394,2.222362574847293,2.2223422938919883,2.2223243056429594,2.222308521711857,2.222294843176837,2.2222831614160596,2.222273359101395,2.222265311283529,2.2222588864758976,2.222253947957156,2.2222503550411123,2.222247964332078,2.2222466310257656,2.222246210268425,2.222246558660916,2.222247535576011,2.2222490043842726,2.2222508338814944,2.222252899592824,2.2222550845359104,2.2222572810881,2.222259391609795,2.222261329322579,2.2222630198355255,2.2222644004471785,2.2222654228526904,2.2222660501397273,2.222266262113862
2.222281980879864,2.222281772237071,2.22228115444843,2.222280149449694,2.2222787921290297,2.222277132198608,2.222275231205053,2.222273162396034,2.222271012396722,2.2222688784684306,2.2222668682019853,2.2222650977966123,2.2222636906601383,2.222262777526364,2.2222624946926586,2.222262982140563,2.2222643825697173,2.2222668402038366,2.2222704993368376,2.2222755028147865,2.222281990669633,2.2222900989095935,2.2222999582315794,2.222311693010798,2.2223254200669196,2.2223412475587874,2.222359274052713,2.222379587539189,2.2224022647237236,2.2224192112805135,2.2224304796401895,2.22243610504654,2.222436105091217,2.222430479702298,2.222419211276911,2.222402264717368,2.2223795876863517,2.222359274477689,2.2223412482875893,2.2223254210481715,2.2223116942260743,2.222299959670383,2.22229010058329,2.2222819926047936,2.2222755048431346,2.222270501160573,2.2222668414978783,2.222264383158034,2.2222629820639077,2.2222624940359954,2.222262776330585,2.2222636890424816,2.2222650962357555,2.222266867237787,2.2222688781118367,2.2222710123223157,2.222273162645885,2.2222752320164183,2.2222771343943695,2.222278796250876,2.222280154327118,2.222281160648943,2.222281775284237,2.222281983718991
