Model: 01_14_26 CPC_metacentric_tensed_MCF10A_chr19_PMP1_CPCactive_newKcat
Simulation: 01_14_26_metacentric_relaxed_MCF10A_chr19_PMP1_active_kpp_CPCaIC
(SimID_300632276_0 (PDE Simulation)) 
Sim time range (0.0 20.0) (saved timepoints 21) 
Number of variables 44 
Variable names ['BUB1a', 'BUB1a_his', 'BUB1a_pKNL1', 'CPC_all', 'CPCa', 'CPCi', 'H2A', 'H3', 'H3_CPCa', 'H3_CPCi', 'HASPINa', 'HASPINi', 'I', 'KNL1', 'NDC80', 'NDC80_TTKa', 'NDC80_TTKi', 'NDC80_pTTKa', 'NDC80_pTTKi', 'PLK1a', 'PLK1i', 'SGO1', 'SGO1_CPCa', 'SGO1_CPCi', 'TIMEBOUNDS', 'TIMES', 'TTKa', 'TTKi', 'bound_CPC', 'bound_active_CPC', 'pH2A', 'pH2A_SGO1', 'pH2A_SGO1_CPCa', 'pH2A_SGO1_CPCi', 'pH3', 'pH3_CPCa', 'pH3_CPCi', 'pKNL1', 'pNDC80', 'pNDC80_TTKa', 'pNDC80_TTKi', 'pNDC80_pTTKa', 'pNDC80_pTTKi', 'pNDC80_total', 'pTTKa', 'pTTKi'] 
 
2D Slice for variable BUB1a_his at time 19.0 in plane XY at Z = 0 
 
X in rows, Y in columns 
7.370910928054249e-06,7.392260838770602e-06,7.45533230037528e-06,7.557241420617076e-06,7.693349062072267e-06,7.857503563596094e-06,8.042364079037086e-06,8.239788440335852e-06,8.441265541042277e-06,8.63836904994552e-06,8.82320711493304e-06,8.988841913731274e-06,9.12965370251165e-06,9.241626544447279e-06,9.322537151010061e-06,9.372034043724199e-06,9.391601174711834e-06,9.384407721593287e-06,9.355053401503916e-06,9.309225717903388e-06,9.253291501679309e-06,9.19384948424793e-06,9.137273144530005e-06,9.089273570294382e-06,9.054510595062274e-06,9.036277180319068e-06,9.0362771802829e-06,9.05451059495504e-06,9.08927357011981e-06,9.137273144294003e-06,9.193849483958157e-06,9.253291501344661e-06,9.309225717533406e-06,9.355053401108206e-06,9.38440772118097e-06,9.391601174291135e-06,9.37203404330207e-06,9.322537150592e-06,9.241626544037223e-06,9.129653702112008e-06,8.988841913343069e-06,8.82320711455611e-06,8.638369049578795e-06,8.441265540684115e-06,8.239788439984357e-06,8.042364078690436e-06,7.857503563252834e-06,7.693349061731524e-06,7.557241420278742e-06,7.455332300040286e-06,7.392260838441434e-06,7.370910927734665e-06
7.819470898827164e-06,7.842656952531375e-06,7.911149731811457e-06,8.02180842240358e-06,8.169580220073279e-06,8.347764256675769e-06,8.548363404483921e-06,8.76250660998079e-06,8.980920117545763e-06,9.194422405311193e-06,9.394415222698305e-06,9.573342146746146e-06,9.725086855865635e-06,9.845286023188959e-06,9.93153634913559e-06,9.983481573716604e-06,1.0002772925864808e-05,9.992904812096722e-06,9.958935955420076e-06,9.907113983643652e-06,9.844428009709818e-06,9.778118547074774e-06,9.715176832769066e-06,9.661866149849104e-06,9.62329608943028e-06,9.603077061911888e-06,9.603077061874815e-06,9.623296089320336e-06,9.66186614967004e-06,9.715176832526806e-06,9.778118546777001e-06,9.844428009365435e-06,9.907113983262192e-06,9.958935955011114e-06,9.992904811669362e-06,1.0002772925427229e-05,9.983481573275758e-06,9.931536348696974e-06,9.845286022756567e-06,9.72508685544198e-06,9.573342146332382e-06,9.39441522229444e-06,9.194422404916346e-06,8.980920117158477e-06,8.762506609599356e-06,8.548363404106695e-06,8.347764256301473e-06,8.16958021970126e-06,8.021808422034036e-06,7.91114973144587e-06,7.84265695217335e-06,7.819470898482684e-06
9.218548555085074e-06,9.247560213328951e-06,9.333253137702223e-06,9.471670473326553e-06,9.65644537311377e-06,9.879132099458496e-06,1.0129648076185606e-05,1.039680561071787e-05,1.0668906500572865e-05,1.0934368062097053e-05,1.1182345759112141e-05,1.1403316070531516e-05,1.1589583951624945e-05,1.1735682479308812e-05,1.1838638051455401e-05,1.1898082575814349e-05,1.1916203901746218e-05,1.1897536559536176e-05,1.1848605784847455e-05,1.177744790278352e-05,1.1693038596567233e-05,1.1604666738316907e-05,1.1521294899891657e-05,1.1450948233619863e-05,1.1400171198804613e-05,1.137358688766744e-05,1.1373586887626236e-05,1.1400171198682447e-05,1.1450948233420934e-05,1.1521294899622603e-05,1.160466673798628e-05,1.1693038596184864e-05,1.1777447902359854e-05,1.184860578439289e-05,1.1897536559060472e-05,1.1916203901258051e-05,1.1898082575321e-05,1.1838638050962557e-05,1.1735682478820525e-05,1.1589583951143688e-05,1.1403316070058324e-05,1.118234575864682e-05,1.0934368061638434e-05,1.0668906500119115e-05,1.039680561026683e-05,1.0129648075735147e-05,9.879132099006899e-06,9.656445372660081e-06,9.471670472871033e-06,9.333253137247102e-06,9.247560212880027e-06,9.218548554653575e-06
1.1734459358726897e-05,1.1774292102402756e-05,1.1891933416649206e-05,1.2081907663821082e-05,1.233540181960639e-05,1.2640720963001433e-05,1.2983897689936958e-05,1.3349427063229216e-05,1.3721090911093738e-05,1.408282841754077e-05,1.4419604760277225e-05,1.4718226852048189e-05,1.4968055743354392e-05,1.5161569414824131e-05,1.52947376209296e-05,1.5367181798424595e-05,1.538210704497263e-05,1.5346008676821433e-05,1.526817155122365e-05,1.5159994818783518e-05,1.503418682449643e-05,1.4903883560403708e-05,1.4781748815914586e-05,1.4679114795987049e-05,1.460521865994397e-05,1.4566583626977844e-05,1.4566583626931179e-05,1.4605218659805596e-05,1.4679114795761672e-05,1.4781748815609603e-05,1.4903883560028559e-05,1.5034186824061855e-05,1.515999481830078e-05,1.5268171550703795e-05,1.534600867627469e-05,1.5382107044407947e-05,1.536718179784939e-05,1.5294737620349596e-05,1.5161569414243398e-05,1.4968055742775397e-05,1.4718226851471924e-05,1.4419604759703375e-05,1.4082828416967916e-05,1.3721090910519587e-05,1.3349427062650912e-05,1.2983897689351479e-05,1.2640720962406062e-05,1.2335401818999287e-05,1.2081907663201945e-05,1.1891933416020295e-05,1.1774292101770644e-05,1.1734459358104909e-05
1.5665462841154353e-05,1.5722979686907146e-05,1.5892829950520418e-05,1.6167049803335653e-05,1.653281743189335e-05,1.6973110793737776e-05,1.74675897716051e-05,1.7993663189796772e-05,1.852768951855634e-05,1.904624945447404e-05,1.9527420143789217e-05,1.995197596028769e-05,2.0304440687267877e-05,2.0573921524263898e-05,2.0754666781749204e-05,2.0846305956973366e-05,2.085375190284628e-05,2.0786768232196147e-05,2.0659228825247494e-05,2.048811816746874e-05,2.0292339323170532e-05,2.0091409211494305e-05,1.9904127673257096e-05,1.9747307412178727e-05,1.9634646630334888e-05,1.957581582997759e-05,1.9575815829927717e-05,1.9634646630186806e-05,1.974730741193696e-05,1.9904127672928668e-05,2.0091409211088044e-05,2.029233932269631e-05,2.0488118166936672e-05,2.0659228824667297e-05,2.0786768231576644e-05,2.085375190219513e-05,2.0846305956296956e-05,2.0754666781052652e-05,2.0573921523551153e-05,2.0304440686541747e-05,1.995197595954984e-05,1.9527420143040114e-05,1.904624945371291e-05,1.8527689517781136e-05,1.7993663189004275e-05,1.7467589770791273e-05,1.697311079289833e-05,1.653281743102455e-05,1.616704980243524e-05,1.589282994958842e-05,1.5722979685946353e-05,1.5665462840171547e-05
2.147573743535386e-05,2.1560850397858777e-05,2.181216978928682e-05,2.221783880028592e-05,2.27587609778917e-05,2.3409571374369434e-05,2.4139942491154806e-05,2.491616902967745e-05,2.5702957661215955e-05,2.646533113893723e-05,2.717054211453154e-05,2.7789883286894098e-05,2.830027913777114e-05,2.8685552015126447e-05,2.8937272225182206e-05,2.9055127392489582e-05,2.9046778743083347e-05,2.8927208284830843e-05,2.8717597665227364e-05,2.8443813286143843e-05,2.8134599990311515e-05,2.7819605072567346e-05,2.7527364313067113e-05,2.728338203245796e-05,2.7108428571433386e-05,2.701716245310651e-05,2.7017162453062164e-05,2.710842857130111e-05,2.7283382032239956e-05,2.752736431276663e-05,2.781960507218818e-05,2.813459998985754e-05,2.8443813285618604e-05,2.8717597664633912e-05,2.892720828417178e-05,2.9046778742361113e-05,2.905512739170678e-05,2.8937272224341987e-05,2.868555201423257e-05,2.8300279136827923e-05,2.7789883285905976e-05,2.7170542113502393e-05,2.6465331137869568e-05,2.5702957660110204e-05,2.491616902853151e-05,2.413994248996405e-05,2.3409571373127342e-05,2.2758760976590963e-05,2.2217838798919514e-05,2.1812169787847712e-05,2.156085039633633e-05,2.1475737433730823e-05
2.984793523020672e-05,2.997530776341479e-05,3.0351381276969216e-05,3.0958322927043386e-05,3.176739941285188e-05,3.274042346463039e-05,3.3831704820008775e-05,3.4990426283326437e-05,3.6163337910939694e-05,3.729763522112417e-05,3.834386396944323e-05,3.9258678398231385e-05,4.000727569501185e-05,4.056533940171462e-05,4.092034974809583e-05,4.10721583250692e-05,4.1032775101684756e-05,4.0825372806597086e-05,4.048257148560596e-05,4.0044118890545525e-05,3.95541253142176e-05,3.905804105856382e-05,3.85995791769551e-05,3.821778548988065e-05,3.7944443596394475e-05,3.780197707824501e-05,3.780197707822619e-05,3.794444359633631e-05,3.821778548977819e-05,3.8599579176800236e-05,3.905804105834555e-05,3.955412531392254e-05,4.004411889015895e-05,4.048257148511296e-05,4.08253728059841e-05,4.103277510094114e-05,4.107215832418863e-05,4.0920349747077174e-05,4.056533940056212e-05,4.000727569373447e-05,3.925867839684128e-05,3.834386396795374e-05,3.729763521954718e-05,3.6163337909283446e-05,3.499042628159365e-05,3.3831704818195915e-05,3.274042346272813e-05,3.176739941084649e-05,3.0958322924917896e-05,3.0351381274700408e-05,2.997530776096065e-05,2.9847935227493702e-05
4.175989401174274e-05,4.195145268286694e-05,4.2517004295827054e-05,4.342962100041123e-05,4.4645894462803924e-05,4.610809543967106e-05,4.774709646831068e-05,4.948594590896491e-05,5.124393865627111e-05,5.2940984902396176e-05,5.450203907448354e-05,5.586132325529158e-05,5.696606955210943e-05,5.7779518871208434e-05,5.8282951411069606e-05,5.847658542163417e-05,5.83792603899001e-05,5.802691098729467e-05,5.7469929461733505e-05,5.67695972370527e-05,5.599383326952037e-05,5.5212551696599936e-05,5.449294203692228e-05,5.389498215859911e-05,5.346747025638913e-05,5.3244821392962206e-05,5.324482139300716e-05,5.34674702565166e-05,5.389498215878742e-05,5.449294203713689e-05,5.521255169679573e-05,5.5993833269645007e-05,5.676959723705065e-05,5.7469929461550614e-05,5.802691098688289e-05,5.837926038922173e-05,5.847658542066528e-05,5.828295140980188e-05,5.777951886964913e-05,5.6966069550279425e-05,5.586132325322152e-05,5.450203907220869e-05,5.294098489995043e-05,5.1243938653681505e-05,4.948594590624703e-05,4.774709646546621e-05,4.610809543668768e-05,4.464589445965714e-05,4.3429620997065226e-05,4.251700429222636e-05,4.195145267890718e-05,4.175989400723899e-05
5.859357984562936e-05,5.888225841070467e-05,5.973450381528964e-05,6.110960672830838e-05,6.29419069063299e-05,6.51440150551956e-05,6.761119030113023e-05,7.022671822439829e-05,7.286806727634097e-05,7.54135299422466e-05,7.774898883593856e-05,7.977439867528073e-05,8.140955418808474e-05,8.259873009806147e-05,8.331383628195815e-05,8.355582678478789e-05,8.33542273996077e-05,8.276478990330338e-05,8.186542609221082e-05,8.075070580961926e-05,7.952530709925786e-05,7.829687479180487e-05,7.716877285036211e-05,7.623320728382108e-05,7.55651558076631e-05,7.52174751922803e-05,7.521747519245512e-05,7.556515580816846e-05,7.623320728460094e-05,7.716877285132804e-05,7.829687479284274e-05,7.952530710023711e-05,8.075070581040369e-05,8.186542609266986e-05,8.276478990332322e-05,8.335422739910066e-05,8.355582678369937e-05,8.331383628027e-05,8.259873009579118e-05,8.14095541852804e-05,7.977439867201265e-05,7.774898883228803e-05,7.541352993829356e-05,7.286806727215223e-05,7.022671822001797e-05,6.761119029657396e-05,6.51440150504493e-05,6.294190690135193e-05,6.110960672302951e-05,5.973450380959595e-05,5.888225840437937e-05,5.8593579838288406e-05
8.228762382863387e-05,8.272296745080875e-05,8.400815935322734e-05,8.608166228807455e-05,8.884416037004666e-05,9.216335452351104e-05,9.588050769533363e-05,9.981852936634056e-05,0.0001037912835513891,0.00010761368778293389,0.00011111205878240633,0.0001141340737253625,0.00011655767410405738,0.00011829825756327329,0.00011931358888705441,0.00011960601131493915,0.00011922173989676177,0.00011824724768253896,0.00011680298677608699,0.00011503489349973195,0.00011310428865204444,0.00011117688649167107,0.0001094116652306889,0.00010795033155463449,0.00010690804229876575,0.0001063659412419621,0.00010636594124237227,0.00010690804229995483,0.00010795033155648185,0.00010941166523300474,0.00011117688649421272,0.00011310428865453702,0.00011503489350189198,0.00011680298677764661,0.00011824724768326866,0.00011922173989648904,0.00011960601131356114,0.00011931358888454323,0.00011829825755967313,0.00011655767409947359,0.00011413407371994427,0.00011111205877632463,0.00010761368777635761,0.00010379128354446241,9.981852935916464e-05,9.588050768795504e-05,9.216335451591801e-05,8.884416036217168e-05,8.60816622797932e-05,8.400815934432665e-05,8.272296744088406e-05,8.228762381697203e-05
0.00011554922313269174,0.00011620578793967588,0.00011814401656109584,0.0001212709560776881,0.00012543648046751504,0.00013044040419825617,0.0001360422434001121,0.0001419733478846746,0.0001479509614899408,0.00015369357696183263,0.00015893676237092405,0.00016344848354446877,0.00016704286592640258,0.00016959135691398778,0.00017103037923773886,0.00017136480256644616,0.0001706668813372395,0.00016907067459711743,0.00016676233367774834,0.0001639669719117718,0.0001609330820257482,0.00015791562002862418,0.00015515892411761554,0.0001528805926063952,0.00015125732554481926,0.00015041356429499545,0.00015041356429579695,0.00015125732554714303,0.00015288059261000638,0.00015515892412214612,0.00015791562003360666,0.0001609330820306575,0.00016396697191607245,0.0001667623336809412,0.00016907067459878277,0.00017066688133707093,0.00017136480256427198,0.00017103037923352977,0.0001695913569078487,0.00016704286591855098,0.0001634484835352012,0.0001589367623605758,0.0001536935769507341,0.00014795096147837724,0.00014197334787285294,0.0001360422433881403,0.00013044040418613514,0.00012543648045514112,0.00012127095606485051,0.0001181440165474244,0.00011620578792447237,0.00011554922311473593
0.0001621471279747198,0.00016313707131746216,0.00016605944316599354,0.00017077398739212036,0.0001770539925822704,0.0001845967999620385,0.0001930383134582797,0.00020197116543048884,0.00021096592995930756,0.00021959446098107288,0.00022745411170285864,0.00023419132437258947,0.00023952292633219345,0.00024325347761215298,0.0002452872112368162,0.00024563348280826704,0.00024440516216486753,0.000241809993422099,0.0002381355442920427,0.0002337288871613497,0.0002289725447019758,0.00022425845862990914,0.00021996179661817173,0.0002164163191195097,0.0002138928213116719,0.00021258188785464537,0.00021258188785605112,0.00021389282131574244,0.00021641631912581885,0.00021996179662605477,0.00022425845863852632,0.0002289725447103921,0.00023372888716862158,0.0002381355442973038,0.00024180999342463582,0.00024440516216417705,0.00024563348280409107,0.0002452872112291501,0.00024325347760122687,0.00023952292631843118,0.0002341913243565486,0.0002274541116851592,0.00021959446096232315,0.00021096592994003556,0.0002019711654110872,0.00019303831343896926,0.0001845967999428543,0.00017705399256306365,0.00017077398737255366,0.00016605944314546214,0.00016313707129483925,0.00016214712794805796
0.0002273155061783122,0.00022880745023568357,0.0002332118010336335,0.00024031720073145564,0.00024978168379685906,0.00026114811979860246,0.0002738656988569782,0.00028731706069198327,0.00030085025414296266,0.00031381419484094745,0.0003255957435860789,0.00033565606004534054,0.0003435636017918173,0.0003490211229740742,0.0003518843239642137,0.00035217040270467154,0.00035005559436805244,0.00034586174912547285,0.0003400329575466049,0.00033310406365900903,0.0003256635103976802,0.0003183132897151072,0.00031162881830446026,0.0003061213705813631,0.0003022053410623258,0.0003001721539710762,0.0003001721539733478,0.0003022053410688883,0.00030612137059148596,0.00031162881831700866,0.0003183132897286564,0.00032566351041065744,0.00033310406366984574,0.00034003295755388426,0.000345861749128056,0.0003500555943651708,0.0003521704026959778,0.0003518843239497883,0.0003490211229543865,0.0003435636017676509,0.00033565606001769105,0.0003255957435560355,0.00031381419480957216,0.0003008502541111809,0.0002873170606604956,0.00027386569882620256,0.0002611481197686493,0.00024978168376753285,0.00024031720070224734,0.00023321180100361198,0.00022880745020314173,0.00022731550614034208
0.0003183094277248428,0.0003205567043102245,0.00032719103604519976,0.00033789438872793503,0.00035215163637822327,0.00036927311649875453,0.0003884262967828325,0.0004086761663769782,0.000429033307820428,0.00044850774618417576,0.00046616574392331796,0.0004811858916065556,0.0004929103218062715,0.0005008867978000644,0.0005048978803832842,0.0005049743397154208,0.0005013913419206117,0.0004946475129741289,0.0004854285393291076,0.00047455829087522314,0.00046294138647034317,0.00045150158657098334,0.00044112040051932325,0.00043257992014894477,0.0004265132624948867,0.0004233652568947157,0.00042336525689812423,0.00042651326250470043,0.000432579920163972,0.00044112040053772124,0.0004515015865904546,0.00046294138648837545,0.00047455829088934417,0.0004854285393371261,0.0004946475129743342,0.0005013913419119151,0.0005049743396974221,0.0005048978803562691,0.0005008867977649294,0.0004929103217643952,0.00048118589155963186,0.00046616574387316906,0.0004485077461325676,0.0004290333077689034,0.00040867616632672444,0.0003884262967345941,0.0003692731164527931,0.00035215163633431514,0.0003378943886853618,0.000327191036002614,0.0003205567042652057,0.000318309427673346
0.00044516754134376,0.00044855045351703147,0.0004585378102166967,0.00047465185129043564,0.0004961177578253418,0.0005218963466234364,0.0005507304826251981,0.0005812050000634978,0.0006118188783278371,0.0006410669910389884,0.0006675271637570216,0.0006899468446136761,0.0007073227387759813,0.0007189665521443272,0.0007245506782113891,0.0007241292228294253,0.0007181319999919798,0.0007073317175909602,0.0006927871121606555,0.0006757669161199079,0.0006576609813473921,0.0006398855193922205,0.0006237892881594035,0.0006105668206475772,0.0006011836865452847,0.0005963175415012374,0.0005963175415059695,0.0006011836865588386,0.0006105668206680993,0.0006237892881840421,0.000639885519417448,0.0006576609813693938,0.0006757669161349885,0.0006927871121656156,0.000707331717583395,0.0007181319999704791,0.0007241292227936538,0.0007245506781620537,0.0007189665520830419,0.0007073227387050564,0.0006899468445358588,0.000667527163675218,0.0006410669909559958,0.0006118188782461067,0.0005812049999849487,0.0005507304825510922,0.0005218963465543169,0.0004961177577610207,0.0004746518512299828,0.00045853781015829697,0.0004485504534575078,0.0004451675412779425
0.000621757500452766,0.0006268465105680532,0.000641871748403505,0.0006661168425651436,0.0006984182859769937,0.0007372123797338553,0.0007806027938918287,0.0008264490817817414,0.0008724748200171256,0.0009163916694324099,0.0009560329458915765,0.0009894877854019388,0.001015225257742288,0.0010321973095483536,0.0010399104696875335,0.0010384587978363832,0.001028514263016505,0.0010112750221080396,0.000988376238737484,0.0009617714994095322,0.0009335950950833737,0.0009060162641689543,0.000881096038833404,0.0008606559201141165,0.0008461656596938544,0.0008386553730137138,0.0008386553730196839,0.0008461656597108096,0.0008606559201393104,0.0008810960388626358,0.0009060162641970759,0.000933595095104896,0.0009617714994192433,0.000988376238731006,0.0010112750220822534,0.0010285142629698084,0.001038458797768767,0.0010399104696004852,0.0010321973094446248,0.0010152252576255644,0.0009894877852764594,0.000956032945761748,0.0009163916693024433,0.0008724748198907282,0.0008264490816618735,0.0007806027937805381,0.0007372123796321833,0.0006984182858849406,0.0006661168424816504,0.0006418717483263468,0.0006268465104934677,0.0006217575003748802
0.0008672064128474407,0.0008748565463198696,0.000897445483533808,0.0009339013313030023,0.0009824801503429,0.0010408325438944909,0.001106101166063253,0.001175050794851353,0.0012442299611711257,0.001310159158277216,0.0013695360197144468,0.0014194434649802171,0.0014575436791355969,0.0014822397824117623,0.0014927886542405696,0.001489352569911783,0.0014729834957469524,0.0014455410415677489,0.0014095519651541153,0.0013680246418231587,0.0013242352912197003,0.0012815037340857711,0.0012429752789111857,0.0012114226329636999,0.001189078289127797,0.0011775044152745413,0.0011775044152810621,0.0011890782891460139,0.0012114226329897496,0.0012429752789392097,0.0012815037341086756,0.0013242352912300594,0.0013680246418141138,0.001409551965120152,0.0014455410415052591,0.0014729834956545291,0.0014893525697902417,0.0014927886540927345,0.0014822397822420812,0.0014575436789496486,0.0014194434647841962,0.0013695360195146637,0.001310159158079661,0.0012442299609811104,0.0011750507946732295,0.0011061011659002104,0.0010408325437484152,0.0009824801502142906,0.0009339013311909331,0.0008974454834359297,0.000874856546232416,0.0008672064127649991
0.0012078538842216382,0.0012193456501851452,0.0012532819772732874,0.001308062885162906,0.0013810799647246315,0.0014688093282308708,0.001566950807720596,0.0016706178681367922,0.0017745784730565056,0.001873540509795477,0.0019624674214820574,0.002036901987534879,0.002093270522344832,0.0021291376911723617,0.0021433845975706747,0.0021362897560603636,0.0021095029883751236,0.002065914332483509,0.0020094315466317038,0.0019446887495602999,0.0018767138689316989,0.0018105835140673357,0.0017510911975035586,0.0017024497031115323,0.001668042299778635,0.0016502317680214026,0.001650231768026652,0.0016680422997925948,0.001702449703129103,0.0017510911975170838,0.0018105835140677096,0.0018767138689096405,0.0019446887495075944,0.002009431546542217,0.0020659143323538552,0.0021095029882049247,0.002136289755852126,0.002143384597329361,0.002129137690904777,0.0020932705220589425,0.0020369019872391613,0.0019624674211849453,0.0018735405095049204,0.001774578472779641,0.0016706178678796825,0.0015669508074880145,0.0014688093280260887,0.0013810799645492273,0.0013080628850166694,0.0012532819771544465,0.0012193456500912087,0.0012078538841500072
0.0016799110917822416,0.0016971606314438003,0.0017481080211791786,0.00183037174137816,0.0019400599209253957,0.0020718972680107734,0.0022194209402824545,0.0023752555602235084,0.0025314708594893274,0.002680014343043752,0.002813197675056691,0.0029242019246019536,0.0030075565264064616,0.0030595426604997354,0.0030784754808587237,0.0030648312666484135,0.0030212032977971694,0.002952090753153512,0.002863544251530701,0.00276270628393647,0.0026572925097171425,0.0025550602529865814,0.0024633047344840985,0.002388413921261554,0.0023355020614502487,0.002308132356615893,0.0023081323566161,0.002335502061448677,0.0023884139212519994,0.002463304734457404,0.0025550602529321588,0.002657292509624689,0.0027627062837975573,0.0028635442513399905,0.002952090752909409,0.003021203297501894,0.003064831266307553,0.003078475480480446,0.003059542660093855,0.00300755652598356,0.002924201924172674,0.002813197674631281,0.0026800143426318,0.0025314708590996426,0.002375255559864016,0.0022194209399600093,0.0020718972677308454,0.001940059920691662,0.0018303717411922568,0.0017481080210413021,0.001697160631355089,0.0016799110917470115
0.0023330676058499283,0.0023589396876184782,0.0024353690888350025,0.0025588227952177516,0.00272351061810099,0.002921553161013767,0.003143252084180447,0.0033774841215467805,0.003612229675875594,0.003835228268519949,0.0040347295421968915,0.004200284573111324,0.004323503550577126,0.00439869765523449,0.004423328549022316,0.004398208524914627,0.004327424808713808,0.004217996722188234,0.004079307210865619,0.003922374276636232,0.0037590393411895975,0.0036011480211570043,0.003459786758909338,0.003344620675653412,0.003263358829853858,0.0032213569206112538,0.003221356920599533,0.0032633588298163134,0.0033446206755833995,0.0034597867587973508,0.003601148020992662,0.0037590393409637963,0.003922374276343014,0.004079307210503401,0.0042179967217601845,0.004327424808227439,0.00439820852438071,0.004423328548453509,0.004398697654643993,0.004323503549977658,0.0042002845725145795,0.004034729541613496,0.003835228267959766,0.003612229675348157,0.0033774841210615974,0.003143252083746947,0.0029215531606408126,0.0027235106177960493,0.002558822794986312,0.0024353690886816945,0.002358939687551964,0.002333067605887885
0.003235359512863296,0.003274132961201867,0.003388702824441926,0.0035738487929573132,0.003820985978617959,0.004118376738873353,0.004451493363689352,0.004803574565407227,0.005156402062165826,0.005491292592460849,0.005790260049613872,0.006037260035351116,0.0062193949883327,0.006327941814061291,0.006359072095670462,0.006314168324483323,0.006199692402291537,0.0060266238349809785,0.005809541270771693,0.005565460806898069,0.0053125612493054655,0.005068920044213282,0.004851359234238237,0.0046744670900762935,0.004549827067342009,0.004485458658225885,0.004485458658190658,0.004549827067234282,0.004674467089890581,0.0048513592339673554,0.00506892004385076,0.005312561248847989,0.005565460806347363,0.005809541270135364,0.006026623834272121,0.006199692401527259,0.006314168323682576,0.00635907209485174,0.006327941813240787,0.0062193949875233336,0.006037260034562597,0.005790260048853702,0.005491292591735879,0.005156402061483898,0.004803574564778304,0.004451493363125794,0.004118376738389115,0.0038209859782270036,0.0035738487926723094,0.0033887028242759764,0.0032741329611770996,0.003235359513020051
0.004479697251105932,0.004537755595696816,0.004709362398211325,0.004986841810991121,0.005357518313198959,0.005803962916849537,0.006304459952934153,0.006833777627694096,0.007364299859868534,0.00786752547545924,0.008315870755785612,0.008684636050844376,0.008953934500086117,0.009110348881983324,0.009148093957806847,0.009069518743217127,0.008884875722786725,0.008611391490562371,0.00827177079464653,0.007892332244701952,0.007500997666208983,0.007125339137696733,0.0067908392331221265,0.006519457407837317,0.006328535318612276,0.006230028595319351,0.0062300285952422985,0.006328535318380475,0.006519457407449585,0.0067908392325787435,0.007125339137002058,0.007500997665373826,0.007892332243744879,0.008271770793593532,0.008611391489444798,0.008884875721637849,0.0090695187420681,0.009148093956683047,0.00911034888090195,0.008953934499055705,0.008684636049866292,0.00831587075485721,0.007867525474577875,0.007364299859035441,0.0068337776269171,0.006304459952228529,0.005803962916236705,0.00535751831270353,0.0049868418106381925,0.004709362398028697,0.004537755595728548,0.004479697251427417
0.0061925457082107884,0.006279399218857459,0.006536216218838948,0.006951778104978394,0.007507465281103743,0.008177499474537022,0.008929504655207457,0.009725543975391214,0.01052375151729789,0.011280592781965998,0.011953667173926662,0.012504831641666657,0.012903308920176878,0.01312838042412275,0.013171278118475028,0.013035987916470267,0.012738841222715057,0.012306962369887516,0.011775810723793686,0.011186167505215543,0.010580949206904828,0.010002186073683098,0.00948840859105943,0.009072569125239216,0.008780519814696328,0.008629992625034751,0.008629992624888344,0.008780519814259726,0.009072569124521066,0.009488408590076384,0.01000218607246216,0.01058094920548486,0.011186167503646906,0.01177581072213538,0.012306962368201935,0.012738841221061142,0.013035987914896482,0.013171278117013714,0.01312838042278728,0.012903308918962407,0.012504831640554511,0.01195366717289147,0.01128059278098407,0.01052375151635503,0.009725543974488132,0.00892950465436164,0.008177499473780568,0.0075074652804780545,0.006951778104528928,0.006536216218617315,0.006279399218940964,0.006192545708724987
0.008545343272509711,0.008675135964831604,0.00905910168021373,0.009680966914946661,0.010513554574095463,0.01151892312354993,0.012648957814291817,0.013846706417219877,0.015048696120471203,0.01618832983870486,0.017200252979451092,0.01802534227275207,0.01861575323720388,0.018939336600028715,0.018982747816851622,0.018752743752110876,0.018275454644037837,0.017593763840323875,0.016763231561197533,0.015847187070020346,0.014911651957087942,0.014020658922192546,0.013232343735585182,0.012595974525158125,0.012149896550776324,0.011920247133830197,0.011920247133574861,0.012149896550019246,0.01259597452392674,0.013232343733926896,0.014020658920175842,0.014911651954801633,0.01584718706756969,0.01676323155869662,0.01759376383788487,0.018275454641758563,0.018752743750063177,0.01898274781507291,0.01893933659851898,0.018615753235929098,0.01802534227165374,0.017200252978460208,0.016188329837757642,0.015048696119523365,0.013846706416256476,0.012648957813330676,0.011518923122638023,0.010513554573299813,0.009680966914344585,0.009059101679893404,0.008675135964917728,0.008545343273194539
0.011769322568492299,0.011963044031760238,0.012536463800394401,0.013466199554651016,0.01471290122974108,0.0162210660227257,0.017919477873468724,0.01972280627612451,0.021534824267997354,0.023253483609740635,0.024777731294438332,0.02601552326002577,0.026892088899944735,0.02735724664378587,0.027390571752997823,0.027003512502925254,0.02623808428659094,0.025162400289372246,0.023863844076834402,0.0224410094590738,0.020995567492411455,0.019625005521077998,0.01841681989407915,0.01744435171618387,0.016764131274189555,0.016414397476622742,0.01641439747620386,0.01676413127295281,0.017444351714189267,0.01841681989142674,0.019625005517906205,0.02099556748889174,0.022441009455400323,0.023863844073208285,0.025162400285981754,0.026238084283590396,0.02700351250041645,0.027390571751017924,0.027357246642304826,0.026892088898873515,0.02601552325923462,0.024777731293781927,0.02325348360908545,0.021534824267246126,0.01972280627523296,0.017919477872451312,0.016221066021649695,0.014712901228711366,0.013466199553792833,0.01253646379984959,0.011963044031717404,0.011769322569225705
0.016174422172823794,0.016463134691404986,0.017318336893207987,0.018706840011470716,0.02057224938097081,0.02283400150877196,0.025387227760340955,0.028104408965978187,0.030839697912052454,0.033436440556994775,0.03573782772131514,0.03759984267416965,0.03890491245510935,0.03957415810390114,0.03957608993337309,0.03893010715864319,0.03770414088785565,0.03600694614262566,0.03397654626258202,0.03176687994924133,0.029534697490312806,0.027428291719824773,0.02557894429403297,0.02409525038914587,0.023059927670334615,0.022528402425218703,0.02252840242456373,0.02305992766840748,0.024095250386059176,0.025578944289971237,0.02742829171503737,0.029534697485100573,0.03176687994393534,0.03397654625751471,0.036006946138097,0.03770414088409901,0.03893010715579678,0.039576089931463006,0.03957415810284035,0.038904912454714204,0.03759984267419192,0.03573782772148445,0.033436440557063934,0.03083969791183728,0.028104408965384423,0.025387227759373413,0.022834001507524918,0.020572249379603422,0.018706840010177833,0.01731833689220716,0.016463134690966327,0.016174422173313368
0.02217290560694447,0.022602417417194178,0.023875779327846482,0.025946627654562016,0.028735204356604274,0.032125731619367916,0.035964802699742573,0.040062502938398276,0.044197907943910285,0.04813008846781677,0.05161475122556162,0.0544252757015484,0.056375471381577384,0.05734033263816022,0.057270869678005064,0.05619998564671539,0.054238194022195096,0.05156016952569525,0.04838497367714405,0.04495373247190222,0.04150840475076512,0.038274300756825363,0.035447644018646605,0.03318816497418975,0.03161577072469458,0.030809865015185827,0.030809865014202027,0.03161577072180837,0.03318816496959441,0.0354476440126553,0.03827430074985514,0.04150840474331023,0.044953732464495695,0.04838497367030885,0.05156016951988943,0.05423819401775878,0.056199985643828304,0.05727086967666346,0.05734033263817942,0.05637547138262122,0.05442527570318234,0.05161475122732107,0.04813008846927871,0.04419790794475545,0.04006250293845276,0.03596480269899174,0.032125731617941106,0.02873520435473626,0.025946627652545507,0.023875779326001965,0.022602417415889937,0.022172905606636466
0.030308056524312885,0.0309456255771953,0.032837766822868084,0.03592107356931391,0.04008469877460358,0.04516440857415393,0.050937710562764804,0.05712305656535363,0.06338617065517503,0.06935583387561231,0.07464982292277061,0.07890926435811388,0.08183693103813208,0.08323284752413539,0.08301996420190388,0.08125420044287386,0.07811660337433417,0.07388958909458353,0.06892271045064029,0.06359499410332607,0.058280360105554825,0.05332056501158519,0.04900746321940102,0.04557402776227208,0.04319201005685641,0.041973462904011966,0.04197346290258513,0.04319201005268142,0.045574027755660315,0.049007463210853384,0.05332056500176166,0.05828036009522752,0.06359499409331491,0.06892271044173479,0.07388958908745795,0.07811660336946796,0.08125420044049043,0.08301996420194022,0.08323284752625074,0.08183693104175731,0.07890926436253509,0.07464982292723472,0.06935583387943603,0.06338617065783861,0.057123056566562906,0.050937710562471226,0.04516440857253122,0.040084698771988975,0.03592107356613342,0.032837766819577514,0.030945625574273775,0.03030805652228478
0.041287792650457684,0.04223162964214131,0.04503616339754068,0.04961718238988904,0.05582422967156503,0.06342832489492647,0.07211040482307943,0.08145564046461515,0.09095920418733609,0.10004819472060725,0.1081218492407898,0.11460787717894064,0.11902752088793866,0.12105745009286119,0.1205749270548043,0.11767530504180133,0.11265753898534714,0.10598164959701611,0.0982087380961272,0.08993684813790832,0.08174439961650365,0.07414853072871812,0.06758056465593275,0.062376622735403925,0.05877891527445998,0.056942457021563586,0.05694245701955847,0.05877891526860699,0.06237662272618097,0.06758056464410421,0.07414853071528303,0.081744399602619,0.08993684812478754,0.09820873808492044,0.10598164958868384,0.11265753898054463,0.11767530504079281,0.12057492705742424,0.12105745009853328,0.11902752089575357,0.11460787718778297,0.10812184924949497,0.10004819472812186,0.0909592041928547,0.08145564046766973,0.0721104048235677,0.06342832489307675,0.05582422966784941,0.049617182384909926,0.045036163391925815,0.042231629636485656,0.041287792645303786
0.05602210014791385,0.057414640211347984,0.06155853886110834,0.0683465919257224,0.07758124219124128,0.08895066801677466,0.10200419719187484,0.11613572597584794,0.13058517040315068,0.14446728718466606,0.15683336457170094,0.1667638314873496,0.17347982254194627,0.17645228166091534,0.17548280973270683,0.17073480972247182,0.16270641091862872,0.15215319631732005,0.1399817348050692,0.12713935963303644,0.11452137843654712,0.10290757883854902,0.09293001273270106,0.08506670456059211,0.07965218914873097,0.07689518715367502,0.07689518715093802,0.07965218914075975,0.08506670454809083,0.092930012716791,0.10290757882068638,0.11452137841840414,0.12713935961634873,0.13998173479145917,0.15215319630811514,0.16270641091469848,0.170734809724111,0.1754828097395878,0.1764522816721226,0.17347982255609404,0.16676383150276744,0.156833364586659,0.144467287197604,0.13058517041287088,0.11613572598164118,0.10200419719355883,0.08895066801464285,0.07758124218593847,0.06834659191807729,0.06155853885196029,0.05741464020140072,0.05602210013763973
0.07566167652818763,0.07770776807686788,0.08380703910371859,0.09383174307617441,0.10753495562685517,0.12450597467134865,0.1441213272983626,0.16550558888151615,0.18751972306585193,0.20879514937499227,0.2278266370246904,0.24312454769753772,0.2534078460581971,0.257799259511081,0.25597275761978566,0.2482102932982289,0.23535050708060276,0.21864606267164263,0.19957210153916607,0.17963518764578285,0.1602210480584693,0.14249953511409952,0.12738627766212648,0.11554803146757443,0.10743372068225757,0.10331374354218965,0.1033137435385542,0.1074337206716929,0.11554803145108214,0.1273862776412954,0.1424995350909821,0.16022104803540554,0.17963518762517935,0.19957210152324428,0.21864606266218517,0.2353505070787309,0.24821029330424751,0.2559727576331268,0.2577992595303612,0.2534078460813889,0.243124547722231,0.22782663704840694,0.20879514939550184,0.1875197230814378,0.16550558889114675,0.14412132730174257,0.1245059746688468,0.10753495561933069,0.09383174306473789,0.08380703908946156,0.07770776806057936,0.07566167651013521
0.10163293029735379,0.10462417016011459,0.1135589298158296,0.12830186922977826,0.1485681810525706,0.17384335348017718,0.2032899533824618,0.23566381560534705,0.2692701690703044,0.30199454669390724,0.3314381452927975,0.35516710416942515,0.3710490745997682,0.3776077226848345,0.374297362439334,0.3616089946295229,0.3409714775423629,0.31448331727019546,0.2845630877463444,0.25361570208146383,0.22378348215545887,0.19680842206130167,0.17399609741140595,0.156251577904492,0.14415256947195865,0.13802935778018474,0.13802935777547998,0.14415256945831592,0.15625157788329103,0.17399609738482902,0.1968084220321543,0.2237834821269196,0.2536157020567739,0.28456308772846134,0.314483317261448,0.3409714775441557,0.36160899464213714,0.37429736246186335,0.37760772271527554,0.37104907463525993,0.3551671042066078,0.33143814532823684,0.3019945467245192,0.26927016909370904,0.23566381562009767,0.2032899533881104,0.17384335347717647,0.14856818104203803,0.1283018692131648,0.1135589297945174,0.10462417013493445,0.10163293026818297
0.13566142895003597,0.14000771840227136,0.15302048841257185,0.17459076064769063,0.20443712941120312,0.24196618754512506,0.28610172657000527,0.33511610923340013,0.3865147287755981,0.4370387369529739,0.4828507561327542,0.5199387987608712,0.5447068680096536,0.5546293429835377,0.5487741552838871,0.5280065753593512,0.4947948680938187,0.4526956026867741,0.4057059265085261,0.35767707833078377,0.31191151587558824,0.27097485764523926,0.23668723528253638,0.2102292161514586,0.19229694173347592,0.1832552843977793,0.18325528439184174,0.1922969417162951,0.21022921612488069,0.23668723524947288,0.2709748576094177,0.3119115158412072,0.3576770783020905,0.4057059264893526,0.4526956026800814,0.4947948681013146,0.5280065753812424,0.5487741553188115,0.5546293430286995,0.5447068680611493,0.5199387988141654,0.4828507561832354,0.43703873699650825,0.38651472880898974,0.335116109254686,0.28610172657854016,0.24196618754145124,0.20443712939673905,0.17459076062428558,0.1530204883819313,0.14000771836520243,0.13566142890578892
0.17977209438484112,0.1860408836777948,0.20486034760534594,0.23622063893005127,0.2799432609691522,0.3354464827307285,0.40144305175966427,0.4756158885109239,0.5543526254250173,0.6326571904042922,0.7043748880848855,0.7628330118638605,0.8018807492392495,0.8171174372141882,0.8069147791635013,0.7728207761396787,0.7191680229302168,0.6520625920583638,0.5781647202238341,0.5036548283009002,0.43359518212813825,0.37170300415326896,0.3204326968070715,0.2812303817116455,0.25484198103611644,0.24159300877865716,0.24159300877134557,0.2548419810150052,0.281230381679138,0.3204326967669482,0.37170300411035107,0.4335951820878265,0.5036548282686161,0.5781647202044128,0.6520625920554693,0.719168022945861,0.7728207761739218,0.8069147792143898,0.8171174372779494,0.8018807493107231,0.7628330119371085,0.7043748881539008,0.6326571904636992,0.5543526254706521,0.47561588854020703,0.40144305177170586,0.33544648272616195,0.2799432609497352,0.23622063889808342,0.2048603475628794,0.18604088362552548,0.17977209432111238
0.23625033717545574,0.2452126610858504,0.27220121204061815,0.31744538647536386,0.381074911561805,0.46274029607760875,0.5610965166722287,0.673203105297942,0.7939594965751798,0.9157805395757229,1.028789400786736,1.1217920050411954,1.1841050682349463,1.2079008807936333,1.1902623772375596,1.134011680466935,1.0468972071835672,0.9395529684651073,0.8231656976877888,0.7076552858538107,0.6007046308185806,0.5075663352830052,0.4313816775354925,0.37373401937254747,0.33523060579510494,0.31599186090080467,0.3159918608920169,0.33523060576978736,0.3737340193337482,0.4313816774879955,0.5075663352328886,0.6007046307726169,0.707655285818746,0.8231656976695684,0.9395529684681434,1.0468972072101472,1.1340116805168767,1.1902623773081673,1.2079008808799705,1.1841050683303902,1.1217920051381989,1.0287894008777012,0.9157805396538623,0.793959496635229,0.6732031053366148,0.5610965166883458,0.46274029607189254,0.3810749115363816,0.3174453864330241,0.27220121198377106,0.24521266101497455,0.23625033708768034
0.30754488630346477,0.32022480896765926,0.3585407463512182,0.42321171678728664,0.5150618757728584,0.6344335323598204,0.7803398594761067,0.9493972195493428,1.1346889555190427,1.3248917129793718,1.5042013898127429,1.6536943533773558,1.7545063111264956,1.7923828653862905,1.7619475356370007,1.6684664231621111,1.5261033285088264,1.3536701271640872,1.170091940598266,0.9912402426294931,0.8285790836152506,0.6892415137264948,0.5769000765777541,0.49289342262514135,0.4372761594449844,0.4096365925800882,0.4096365925697788,0.43727615941535086,0.4928934225799548,0.5769000765229199,0.6892415136694896,0.8285790835643613,0.9912402425929095,1.1700919405831163,1.3536701271755383,1.5261033285493808,1.6684664232312214,1.7619475357310652,1.7923828654990333,1.7545063112496562,1.6536943535016,1.5042013899287223,1.3248917130787619,1.1346889555953887,0.9493972195985911,0.7803398594967568,0.6344335323526784,0.5150618757404369,0.4232117167328922,0.3585407462776097,0.32022480887498145,0.3075448861873221
0.39609209725052974,0.4138122847569477,0.4675652737568653,0.5589801002264968,0.6902528725614062,0.8632895084578683,1.078381574482881,1.3323869074822177,1.6165529537923071,1.9144557815057328,2.2010256326886233,2.444092492957094,2.609757687851206,2.6713525282272164,2.618641514216234,2.4617340229105853,2.227197292821583,1.9488764983379576,1.6589566586179891,1.382607763271623,1.1364513427629837,0.929542054741053,0.7654304342646804,0.6443350116458553,0.5649484184324725,0.5257343611524267,0.5257343611406232,0.5649484183986274,0.6443350115945219,0.7654304342029752,0.9295420546779565,1.1364513427083982,1.3826077632352578,1.6589566586081854,1.9488764983606075,2.2271972928793136,2.4617340230023426,2.618641514337348,2.671352528369918,2.609757688005455,2.4440924931116004,2.2010256328321485,1.914455781628351,1.616552953886361,1.3323869075428907,1.0783815745083556,0.8632895084490375,0.690252872521175,0.5589801001586915,0.46756527366457107,0.4138122846398574,0.3960920971024431
0.5040456954401744,0.5284565559988351,0.602817600064606,0.7303330124553367,0.9156876529529374,1.1638893428060195,1.4783284012295992,1.85784068630333,2.292749837220371,2.7604037994696404,3.221768636341904,3.622072912978329,3.899290190280468,4.001926953740868,3.9097660819531272,3.6428831173933665,3.2526603146304023,2.801072256391485,2.3429244916662944,1.9173940320280387,1.5474038109567008,1.24304350257067,1.0060434967933416,0.8337384507011717,0.7220027384469433,0.6671754757484203,0.6671754757352365,0.7220027384092387,0.8337384506443156,1.00604349672571,1.2430435025028015,1.5474038109001607,1.9173940319940825,2.3429244916644705,2.801072256428372,3.2526603147086757,3.6428831175113543,3.9097660821049516,4.001926953917144,3.8992901904692445,3.622072913166053,3.2217686365151983,2.760403799616964,2.29274983733301,1.8578406863758665,1.4783284012599964,1.1638893427952988,0.9156876529043992,0.7303330123733132,0.6028175999524679,0.5284565558557194,0.5040456952578637
0.6329085036780117,0.6659825030989883,0.7671892000149044,0.9422963353672352,1.2002055132257876,1.5515641514773366,2.006173005916631,2.568582757427237,3.2313462262904378,3.9660497621944284,4.71410291805609,5.382845536622077,5.8567812079604264,6.032693086882084,5.868981183524752,5.407089427834121,4.750115241725431,4.013508110671349,3.289987691741164,2.638341410316573,2.0873453708018537,1.6450002855061148,1.3075244081364126,1.0661249424525627,0.9114226450233491,0.8360561574445543,0.8360561574301961,0.9114226449824023,1.0661249423912083,1.30752440806428,1.6450002854352894,2.087345370745548,2.638341410287573,3.2899876917502313,4.013508110725794,4.7501152418280626,5.4070894279827115,5.868981183712148,6.032693087097177,5.85678120818918,5.38284553684774,4.714102918262348,3.9660497623681072,3.2313462264222634,2.568582757511729,2.0061730059518843,1.551564151464654,1.2002055131689002,0.9422963352709547,0.7671891998828357,0.6659825029296386,0.6329085034610418
0.7830864280580376,0.8270549864364564,0.9622357371443513,1.198327588133902,1.5509395423213443,2.0402543057922062,2.6880507826780025,3.5117983218207733,4.514138623710785,5.666326454285746,6.886584222324125,8.021547110467733,8.853084793441845,9.164703064077639,8.867114668523085,8.049438063186967,6.928042044754771,5.721018566015553,4.581823890811899,3.5924979995259085,2.782259405346474,2.1491912742872223,1.6768451470662635,1.3448102040774539,1.1346779062651269,1.0330815168815453,1.0330815168663094,1.1346779062218098,1.344810204012999,1.6768451469914767,2.149191274215643,2.782259405292876,3.592497999504578,4.5818238908349125,5.721018566091315,6.928042044886866,8.049438063373206,8.867114668755127,9.164703064342472,8.853084793723143,8.021547110742656,6.886584222570941,5.666326454489506,4.514138623862976,3.5117983219172846,2.6880507827179967,2.0402543057777085,1.550939542256646,1.1983275880242823,0.9622357369935965,0.8270549862424159,0.7830864278082887
0.9534196755356446,1.0106313557177442,1.1873712980872175,1.4990047009097123,1.9711421013581343,2.638989942737344,3.5448743110962213,4.731734996267913,6.228899758291781,8.024885799075474,10.022533202440695,11.981547720374726,13.488210100995357,14.061932977158337,13.504140727952162,12.01323004949705,10.069659421290577,8.087121849947092,6.3060412611758165,4.823916440639627,3.652833067568446,2.7643905373095388,2.116972138306954,1.6700609502191235,1.3908608854395306,1.256915038817384,1.256915038801645,1.3908608853949314,1.6700609501532628,2.116972138231649,2.7643905372395907,3.6528330675200174,4.82391644062847,6.306041261215666,8.087121850048508,10.06965942145982,12.01323004973387,13.504140728247412,14.061932977496788,13.488210101358655,11.981547720726146,10.02253320274651,8.024885799318607,6.228899758467646,4.731734996377065,3.544874311140996,2.6389899427214862,1.9711421012868338,1.4990047007887521,1.187371297920524,1.0106313555025408,0.953419675257633
1.140785461837584,1.2134758593860544,1.43908071697569,1.8405988244166558,2.4575364493036935,3.347035126142405,4.583745971739669,6.255518324254348,8.448809544280222,11.21198717623739,14.47653517029586,17.91434510642076,20.75880207559661,21.861566805916926,20.77666119773255,17.949877977035946,14.529426459276722,11.281910443710503,8.5356116141255,6.359470946472361,4.705869879998092,3.489508266364811,2.6242082514690654,2.037645639399953,1.6758527983500842,1.5036007858960807,1.5036007858802731,1.6758527983054459,2.0376456393345626,2.624208251395482,3.4895082662987633,4.705869879956816,6.359470946472957,8.535611614183907,11.281910443841412,14.529426459492983,17.949877977343643,20.77666119812295,21.86156680637314,20.75880207610043,17.914345106903554,14.476535170697533,11.211987176538463,8.448809544486679,6.255518324377809,4.583745971789555,3.3470351261259865,2.4575364492276837,1.8405988242874582,1.4390807167973487,1.2134758591552666,1.1407854615385637
1.339894926656139,1.4298839053032304,1.710380750849827,2.213920058500855,2.997824716670125,4.14857208775902,5.786884290577182,8.071044885682001,11.191694852783062,15.340573008560481,20.6091587837091,26.71531314670847,32.3860644914909,34.594941072749,32.40582986723199,26.7546573119998,20.66776544071897,15.41813176696157,11.28811601856682,8.186756758820925,5.923222501337657,4.308280644979596,3.185703759024887,2.437676585991197,1.9817661749663824,1.76623558375701,1.766235583741602,1.9817661749230238,2.4376765859281972,3.1857037589551465,4.30828064491924,5.923222501304374,8.186756758832606,11.288116018641595,15.418131767120009,20.667765440985573,26.754657312394514,32.40582986774802,34.59494107338437,32.38606449222247,26.715313147406537,20.6091587842611,15.340573008945736,11.19169485302939,8.071044885821815,5.786884290632488,4.148572087743028,2.997824716591883,2.21392005836753,1.710380750665564,1.4298839050643561,1.339894926345937
1.5434016262709833,1.6517685560312776,1.9908078459417764,2.6039983981440313,3.569493360141983,5.009127782179556,7.101829503918338,10.10161241581751,14.358306700235124,20.330975926287387,28.55108076182819,39.35226588502822,51.54140369175899,56.05542518281561,51.562998216995666,39.3952749589339,28.61519288848465,20.415903222307893,14.464031491727292,10.228731594752885,7.252011729191269,5.185712311420283,3.7782805236933776,2.8543124756009686,2.2969556586879136,2.0350743417168187,2.035074341702286,2.296955658647152,2.8543124755421942,3.7782805236292925,5.185712311366621,7.252011729165026,10.228731594771,14.46403149180761,20.415903222474338,28.61519288877377,39.39527495938074,51.56299821751583,56.055425183667,51.54140369272801,39.35226588601523,28.55108076257565,20.330975926774837,14.35830670052529,10.10161241597291,7.101829503978159,5.009127782164704,3.569493360064307,2.6039983980114525,1.9908078457584713,1.6517685557933872,1.5434016259615528
1.7423798899629939,1.8691968633430283,2.26713641181697,2.991118538507206,4.141240419777158,5.877058876793489,8.44086099068638,12.194443946983917,17.67828966756578,25.713513602006486,37.6045740745494,55.64778538438474,84.80317183003396,93.50311692042322,84.82646204357778,55.69420374662829,37.67381589381637,25.805317065592362,17.79271297484748,12.332255571414306,8.604063972206808,6.069587366275069,4.3698941995836105,3.2668420644250316,2.60680757512435,2.2981739692808607,2.298173969267662,2.6068075750874353,3.266842064372149,4.369894199526615,6.069587366228304,8.604063972184887,12.332255571430018,17.792712974912067,25.80531706572214,37.67381589404424,55.69420374691237,84.82646204228192,93.50311692098282,84.80317182990706,55.64778538557787,37.6045740754686,25.713513602575695,17.67828966788534,12.194443947146413,8.440860990746911,5.877058876779602,4.1412404197028225,2.9911185383806695,2.2671364116422335,1.8691968631162257,1.7423798896677063
1.927122083794011,2.071324617261088,2.5247889324004187,3.3532677879842936,4.677536854603971,6.692372092263279,9.698215790859189,14.152717609780032,20.755902400721297,30.59674363917946,45.42003252981502,68.13684828406085,103.78100348039354,114.77633644043755,103.80581655689475,68.18631768967361,45.49386501142897,30.69470618039909,20.87812835916377,14.30014009045194,9.873154935861304,6.899323764990336,4.924243628991442,3.6522035506831476,2.895262306403247,2.542514112241475,2.5425141122300334,2.8952623063713228,3.652203550637626,4.924243628942688,6.899323764950347,9.873154935840814,14.300140090456784,20.878128359192814,30.69470618045082,45.493865011531646,68.18631768993284,103.80581655699376,114.77633644261702,103.78100348104638,68.13684828543144,45.4200325307874,30.596743639756042,20.755902401031825,14.15271760993174,9.698215790913274,6.692372092249081,4.677536854535467,3.3532677878691355,2.5247889322420707,2.0713246170558217,1.9271220835267393
2.088088891450092,2.247519409058742,2.7495680262742828,3.669255875584881,5.1448001441139155,7.399944639030494,10.781012291430123,15.816289042506034,23.31078685727416,34.49833918009419,51.28564705969856,76.6311893443364,115.0616334213829,127.14909036642996,115.08774099974273,76.68324812694848,51.36337454384107,34.60153001726077,23.439643150638737,15.97189114758009,10.965961316263003,7.61923215785652,5.4069993643622,3.9881871403373483,3.146678226381534,2.7553423457069637,2.755342345697654,3.146678226355598,3.9881871403004605,5.406999364322716,7.619232157823513,10.96596131624298,15.971891147572448,23.439643150632637,34.601530017243775,51.36337454384411,76.68324812715873,115.0877410006516,127.14909036898351,115.06163342329066,76.63118934567967,51.2856470605582,34.49833918058251,23.31078685752857,15.816289042626014,10.78101229146958,7.399944639014299,5.144800144053452,3.6692558754861406,2.749568026139788,2.2475194088850303,2.0880888912241766
2.2167972394448405,2.3883896966628364,2.9291696177522795,3.921271944232939,5.516051080090143,7.958374684978407,11.62632572535716,17.09320235321038,25.222419369371067,37.31054859462666,55.29754804602597,82.05984521213763,121.7767532022149,134.3748795522662,121.80387826619017,82.11393784161226,55.37833427051539,37.417846367865174,25.35648762921196,17.25524153659993,11.819164489781302,8.187404691808695,5.790514611908679,4.256072108420961,3.3474690552297983,2.92540505672345,2.9254050567165795,3.3474690552106727,4.256072108393762,5.7905146118793835,8.187404691783245,11.819164489762468,17.255241536582826,25.356487629180986,37.417846367803,55.37833427043998,82.11393784151922,121.80387826406111,134.3748795506469,121.77675320110116,82.05984521292268,55.29754804660166,37.31054859495011,25.222419369535935,17.093202353284433,11.626325725376457,7.958374684959255,5.516051080039778,3.9212719441550514,2.9291696176481974,2.3883896965294955,2.216797239272036
2.3064847229991448,2.4865171629651037,3.054123499568137,4.096171050222878,5.772595184449346,8.341636567101988,12.20050051675663,17.94747847888031,26.474140262170504,39.098866609423716,57.75469654276446,85.24330219284016,125.56224854130609,138.3959845850466,125.59007495365258,85.29879631468448,57.837590253841384,39.2089945591308,26.611801849328355,18.113958964358847,12.39878855566646,8.577404390711154,6.055553409780838,4.441979271469898,3.4871400158490706,3.0438208343833426,3.0438208343791384,3.487140015837361,4.441979271453172,6.055553409762468,8.577404390693982,12.398788555650462,18.11395896433807,26.61180184928986,39.20899455906533,57.83759025378634,85.29879631480804,125.59007495405586,138.39598458484193,125.5622485421578,85.24330219352605,57.754696543134784,39.098866609611854,26.474140262256434,17.94747847891087,12.200500516755925,8.341636567080478,5.772595184411069,4.0961710501694135,3.054123499499622,2.4865171628790397,2.3064847228886602
2.352504421886777,2.5368505864096345,3.11814852653846,4.185608585956137,5.903358850276712,8.53602776192848,12.489624605204268,18.373261886392402,27.089339282811697,39.96186570104484,58.91428623929379,86.70970985169642,127.27074233199554,140.19780418957276,127.29892650271125,86.76591878019919,58.99825477741579,40.07343718558,27.2288341230097,18.542009216712206,12.69069561870221,8.775239185462645,6.190662181068904,4.537051948346114,3.558703086293784,3.104546844331755,3.1045468443303514,3.5587030862898446,4.53705194834031,6.19066218106187,8.775239185454199,12.690695618690379,18.542009216693085,27.22883412298154,40.07343718555986,58.998254777486224,86.7659187806932,127.29892650579738,140.19780419248897,127.27074233575055,86.70970985266572,58.91428623968859,39.9618657012059,27.089339282860514,18.373261886393124,12.489624605187554,8.536027761906194,5.903358850252159,4.185608585929499,3.1181485265088504,2.53685058637528,2.3525044218445097
2.352504421851825,2.5368505863831854,3.1181485265186013,4.185608585942461,5.903358850269623,8.53602776192829,12.489624605210045,18.373261886399693,27.0893392828081,39.96186570100457,58.91428623919109,86.70970985174168,127.27074233516734,140.1978041925013,127.29892650627602,86.7659187803078,58.99825477732069,40.07343718553194,27.228834122994694,18.54200921670872,12.690695618699909,8.775239185458636,6.1906621810635984,4.537051948340934,3.558703086290131,3.1045468443305877,3.10454684433202,3.5587030862940487,4.537051948346138,6.190662181067907,8.775239185458735,12.690695618691723,18.542009216689994,27.228834122973495,40.07343718554593,58.99825477745745,86.7659187805942,127.29892650531418,140.1978041925719,127.2707423354724,86.70970985260001,58.914286239660974,39.96186570118119,27.089339282838754,18.3732618863776,12.489624605179781,8.536027761906313,5.903358850259651,4.185608585943639,3.118148526529149,2.5368505864021365,2.3525044218798654
2.3064847228962613,2.4865171628872167,3.054123499509627,4.096171050182574,5.772595184428568,8.341636567102134,12.200500516776561,17.947478478911766,26.47414026218946,39.098866609379215,57.75469654258785,85.24330219264696,125.56224854317801,138.39598458627069,125.59007495635812,85.29879631451267,57.837590253592204,39.20899455901753,26.611801849294764,18.113958964351614,12.398788555660241,8.577404390699257,6.055553409765024,4.441979271454486,3.4871400158382166,3.0438208343798663,3.043820834384068,3.487140015849809,4.441979271470451,6.055553409780423,8.5774043907076,12.398788555654825,18.11395896432955,26.61180184926678,39.208994559024305,57.837590253704136,85.29879631458056,125.59007495328534,138.39598458449927,125.56224854067175,85.24330219323285,57.75469654300451,39.09886660951508,26.474140262182704,17.947478478861875,12.200500516732095,8.34163656708062,5.772595184433111,4.09617105021107,3.0541234995594,2.486517162958106,2.3064847229927192
2.2167972392797646,2.388389696537771,2.9291696176582303,3.9212719441680894,5.516051080056896,7.958374684980047,11.62632572539527,17.093202353281455,25.222419369460642,37.3105485946994,55.29754804600694,82.05984521177099,121.77675319925869,134.3748795484517,121.80387826371708,82.11393784093173,55.37833427017992,37.41784636773011,25.356487629176474,17.255241536593665,11.819164489772078,8.187404691789107,5.790514611882636,4.256072108395697,3.3474690552120485,2.925405056717743,2.9254050567245553,3.3474690552308948,4.256072108421905,5.790514611908784,8.187404691805927,11.819164489770763,17.255241536571564,25.35648762914896,37.41784636774845,55.37833427033894,82.11393784128427,121.80387826359477,134.3748795503527,121.77675319997154,82.05984521243178,55.29754804629134,37.310548594739345,25.222419369395084,17.093202353198166,11.626325725336049,7.95837468495905,5.516051080075182,3.921271944222007,2.9291696177442073,2.3883896966563913,2.216797239438941
2.088088891231856,2.247519408893209,2.7495680261495967,3.6692558754987115,5.1448001440697295,7.399944639033726,10.781012291486274,15.816289042619482,23.310786857445535,34.49833918031024,51.285647059901265,76.63118934435508,115.06163342082574,127.14909036560425,115.0877409990646,76.68324812626643,51.36337454346338,34.601530017121696,23.439643150609825,15.971891147577306,10.965961316251096,7.619232157829369,5.40699936432638,3.988187140302866,3.1466782263573942,2.7553423456991637,2.755342345708343,3.1466782263828526,3.988187140338531,5.406999364362771,7.619232157855058,10.965961316256246,15.971891147562024,23.43964315060157,34.60153001720319,51.363374543795686,76.68324812706278,115.08774100060364,127.14909036916143,115.06163342423173,76.63118934518639,51.2856470601015,34.49833918026794,23.310786857326168,15.816289042506272,10.781012291414676,7.3999446390139365,5.144800144100516,3.669255875574944,2.7495680262669278,2.2475194090528756,2.088088891444736
1.9271220835341907,2.0713246170637096,2.5247889322514134,3.353267787880933,4.677536854550561,6.692372092267,9.698215790928806,14.152717609926388,20.75590240095646,30.596743639504155,45.42003253017521,68.13684828429543,103.78100348046537,114.77633644161857,103.8058165573124,68.18631768910689,45.49386501110904,30.694706180303907,20.878128359158914,14.300140090457228,9.87315493584744,6.899323764955924,4.9242436289465275,3.6522035506403348,2.8952623063734184,2.5425141122317862,2.54251411224302,2.8952623064046557,3.6522035506844053,4.924243628992326,6.899323764990265,9.873154935859452,14.300140090448656,20.87812835916597,30.694706180433815,45.493865011568595,68.18631769006718,103.80581655750507,114.77633644156757,103.78100348195592,68.13684828502194,45.42003253033613,30.596743639414655,20.755902400801244,14.152717609792536,9.698215790849343,6.692372092249541,4.677536854592178,3.3532677879753865,2.524788932393799,2.0713246172558097,1.927122083789203
1.7423798896747735,1.869196863123658,2.267136411650912,2.9911185383914525,4.141240419716502,5.877058876796076,8.440860990762713,12.194443947148502,17.678289667838477,25.71351360240316,37.60457407504209,55.647785384855354,84.80317183066131,93.50311692162973,84.82646204361734,55.69420374635006,37.67381589371495,25.805317065605493,17.79271297488567,12.332255571431334,8.604063972191165,6.06958736623366,4.369894199530481,3.2668420643750182,2.6068075750897153,2.29817396926956,2.2981739692824767,2.60680757512574,3.266842064426213,4.369894199584554,6.069587366275883,8.60406397220871,12.332255571423032,17.792712974882388,25.805317065704397,37.67381589410777,55.69420374720766,84.82646204382718,93.50311692027962,84.80317183042692,55.64778538533196,37.60457407511643,25.713513602265547,17.678289667656777,12.194443947002119,8.440860990679907,5.877058876781924,4.141240419766824,2.9911185384993124,2.267136411811091,1.8691968633383387,1.7423798899587315
1.543401625968121,1.651768555800244,1.9908078457663476,2.6039983980210586,3.569493360076381,5.009127782179545,7.101829503994226,10.10161241598331,14.35830670051074,20.33097592669338,28.55108076235639,39.35226588558601,51.541403692184964,56.055425183042,51.56299821703889,39.39527495899315,28.615192888590894,20.415903222414507,14.464031491798153,10.22873159477592,7.252011729171522,5.185712311371739,3.7782805236330628,2.854312475545102,2.2969556586495172,2.035074341704251,2.0350743417184396,2.296955658689217,2.854312475601965,3.7782805236941086,5.185712311421122,7.252011729194129,10.228731594764856,14.46403149176949,20.415903222431208,28.615192888783874,39.395274959525615,51.56299821788816,56.05542518387861,51.54140369282156,39.35226588584411,28.551080762296078,20.330975926500223,14.358306700309226,10.101612415831559,7.101829503912112,5.009127782169284,3.569493360132904,2.6039983981371186,1.9908078459366363,1.6517685560271778,1.5434016262672614
1.3398949263519382,1.4298839050705727,1.7103807506725732,2.213920058375884,2.997824716602218,4.14857208775585,5.786884290647551,8.071044885836537,11.191694853035731,15.340573008925906,20.609158784185407,26.71531314724261,32.38606449196913,34.59494107309102,32.405829867498746,26.754657312238667,20.667765440919485,15.41813176710434,11.288116018645004,8.1867567588399,5.923222501310679,4.308280644923938,3.1857037589587036,2.4376765859310536,1.9817661749254016,1.7662355837435764,1.7662355837585957,1.9817661749675728,2.437676585991975,3.185703759025264,4.308280644979867,5.923222501339332,8.186756758829366,11.288116018597233,15.418131767048827,20.667765440924683,26.75465731239571,32.405829867838904,34.59494107347787,32.38606449218691,26.71531314721896,20.609158784000915,15.340573008691628,11.191694852826007,8.071044885686806,5.78688429056958,4.148572087749591,2.9978247166621985,2.213920058494908,1.7103807508454223,1.4298839052997128,1.3398949266529474
1.1407854615439776,1.2134758591608301,1.4390807168034958,1.840598824294588,2.4575364492362857,3.347035126136559,4.583745971802394,6.2555183243924235,8.448809544500657,11.21198717654594,14.476535170688582,17.91434510686736,20.758802076034886,21.861566806294014,20.77666119805588,17.94987797730719,14.529426459483817,11.281910443846117,8.535611614192169,6.35947094648028,4.705869879962333,3.489508266302895,2.6242082513987657,2.037645639337315,1.6758527983077876,1.5036007858822205,1.5036007858976146,1.6758527983511726,2.0376456394005498,2.624208251469124,3.4895082663644312,4.705869879998066,6.359470946475648,8.53561161414039,11.281910443755395,14.529426459382767,17.949877977237495,20.77666119803779,21.861566806280713,20.758802075940103,17.91434510667134,14.476535170437542,11.211987176297999,8.44880954429601,6.255518324251144,4.583745971731033,3.3470351261339064,2.4575364492969407,1.8405988244116718,1.4390807169720063,1.2134758593830983,1.1407854618348987
0.9534196752624755,1.010631355507479,1.187371297925869,1.4990047007947704,1.9711421012938632,2.6389899427299026,3.5448743111511605,4.731734996389154,6.228899758481303,8.024885799332441,10.022533202757861,11.981547720731893,13.488210101357648,14.06193297749216,13.50414072824479,12.013230049737404,10.069659421468078,8.087121850057809,6.306041261223612,4.823916440634496,3.6528330675245337,2.7643905372431643,2.1169721382346665,1.6700609501558936,1.3908608853972082,1.2569150388035417,1.256915038818861,1.3908608854405442,1.6700609502196122,2.1169721383068323,2.764390537308757,3.652833067567248,4.823916440639237,6.30604126117984,8.087121849963454,10.069659421332311,12.013230049577897,13.504140728074741,14.061932977303936,13.488210101131504,11.98154772047231,10.022533202493014,8.024885799093871,6.228899758291661,4.731734996260604,3.544874311087744,2.638989942730081,1.9711421013525996,1.4990047009056695,1.187371298084217,1.0106313557153117,0.9534196755334262
0.7830864278125984,0.8270549862467818,0.9622357369982333,1.1983275880293536,1.5509395422623626,2.0402543057843077,2.688050782725732,3.51179832192639,4.514138623873574,5.666326454501442,6.8865842225836715,8.021547110755321,8.853084793735023,9.16470306435349,8.867114668765664,8.049438063383501,6.92804204489628,5.7210185660991035,4.581823890840917,3.592497999509163,2.782259405296545,2.1491912742187784,1.676845146994274,1.344810204015507,1.1346779062240016,1.0330815168681364,1.0330815168829615,1.134677906266089,1.344810204077903,1.6768451470661079,2.1491912742863466,2.782259405344843,3.592497999523846,4.581823890810636,5.7210185660179365,6.928042044765463,8.049438063210765,8.8671146685608,9.164703064122753,8.85308479348305,8.021547110495085,6.886584222335419,5.666326454285232,4.514138623704323,3.511798321812736,2.6880507826706785,2.040254305786379,1.5509395423170047,1.1983275881307311,0.962235737141967,0.8270549864344883,0.7830864280562297
0.6329085034648659,0.6659825029334927,0.7671891998868643,0.9422963352752508,1.2002055131735845,1.551564151469856,2.006173005957739,2.568582757518375,3.2313462264298156,3.9660497623766107,4.714102918271715,5.382845536857697,5.856781208199307,6.032693087107001,5.868981183721243,5.407089427990752,4.750115241834797,4.013508110731194,3.2899876917545314,2.6383414102911233,2.087345370748654,1.645000285438128,1.3075244080669044,1.0661249423935935,0.9114226449844917,0.8360561574319345,0.8360561574459011,0.9114226450242705,1.066124942453015,1.3075244081363195,1.6450002855053611,2.087345370800316,2.638341410314221,3.2899876917382698,4.013508110668734,4.750115241724529,5.407089427836448,5.86898118353063,6.032693086889662,5.856781207966418,5.382845536623695,4.714102918052934,3.9660497621881072,3.231346226283052,2.5685827574203164,2.0061730059109033,1.5515641514729355,1.2002055132225284,0.9422963353648222,0.7671892000130437,0.6659825030974101,0.6329085036765459
0.5040456952612488,0.5284565558591189,0.6028175999559787,0.7303330123769861,0.9156876529082988,1.1638893427994865,1.4783284012645292,1.8578406863807944,2.292749837338375,2.760403799622784,3.221768636521441,3.6220729131726013,3.89929019047588,4.001926953923571,3.909766082110875,3.6428831175165732,3.2526603147131277,2.8010722564321417,2.342924491667743,1.9173940319970455,1.5474038109029415,1.2430435025054427,1.0060434967281868,0.8337384506465689,0.7220027384112051,0.6671754757368662,0.667175475749683,0.7220027384478195,0.8337384507016373,1.0060434967933483,1.2430435025701312,1.5474038109554984,1.9173940320260578,2.3429244916635033,2.8010722563880295,3.252660314626651,3.6428831173897684,3.9097660819498703,4.0019269537376125,3.8992901902765342,3.62207291297321,3.221768636335751,2.7604037994631345,2.292749837214266,1.8578406862981198,1.4783284012254525,1.1638893428028632,0.9156876529505739,0.7303330124535367,0.6028176000631631,0.5284565559975667,0.504045695438979
0.3960920971054283,0.41381228464284947,0.46756527366763756,0.5589801001618598,0.690252872524479,0.8632895084525031,1.0783815745119982,1.3323869075467154,1.6165529538903631,1.914455781632515,2.201025632836442,2.4440924931159596,2.609757688009781,2.6713525283740833,2.6186415143412343,2.461734023005885,2.227197292882521,1.948876498363551,1.658956658610956,1.3826077632379268,1.136451342710989,0.9295420546804447,0.7654304342053049,0.6443350115966268,0.5649484184004496,0.5257343611421238,0.5257343611535873,0.5649484184332884,0.6443350116463211,0.7654304342647754,0.9295420547407277,1.1364513427621565,1.3826077632701936,1.658956658615872,1.948876498335124,2.227197292818095,2.4617340229065787,2.6186415142118364,2.671352528222485,2.609757687846156,2.444092492951805,2.2010256326833297,1.9144557815007661,1.616552953787954,1.3323869074786252,1.078381574480049,0.8632895084556905,0.6902528725597273,0.5589801002251592,0.4675652737557362,0.4138122847559131,0.39609209724953864
0.3075448861899397,0.3202248088776036,0.3585407462802859,0.42321171673563995,0.5150618757432758,0.6344335323556186,0.7803398594997972,0.9493972196017202,1.1346889555985864,1.3248917130820015,1.5042013899319733,1.653694353504827,1.7545063112528176,1.7923828655020884,1.761947535733985,1.6684664232340025,1.5261033285520471,1.3536701271781273,1.1700919405856596,0.9912402425954155,0.8285790835668068,0.689241513671826,0.5769000765250856,0.4928934225818899,0.437276159417009,0.4096365925711328,0.40963659258113083,0.4372761594457217,0.4928934226255831,0.5769000765779017,0.6892415137263302,0.828579083614732,0.9912402426285584,1.170091940596848,1.3536701271621383,1.5261033285063395,1.6684664231591315,1.7619475356336156,1.7923828653826113,1.754506311122654,1.6536943533735096,1.5042013898090756,1.324891712976057,1.1346889555161992,0.9493972195470083,0.7803398594742447,0.6344335323583447,0.5150618757716644,0.42321171678627556,0.3585407463503127,0.32022480896679517,0.3075448863026235
0.2362503370899566,0.24521266101725578,0.27220121198609604,0.3174453864354076,0.3810749115388377,0.4627402960744267,0.5610965166909536,0.6732031053392824,0.7939594966379356,0.9157805396565837,1.028789400880413,1.1217920051408794,1.1841050683330234,1.2079008808825469,1.190262377310687,1.1340116805193503,1.0468972072125904,0.9395529684705684,0.8231656976719749,0.7076552858211143,0.600704630774908,0.5075663352350506,0.4313816774899736,0.37373401933549394,0.33523060577126645,0.31599186089321274,0.31599186090171777,0.3352306057957488,0.3737340193729411,0.43138167753565193,0.507566335282935,0.600704630818269,0.7076552858532297,0.8231656976869021,0.9395529684638829,1.0468972071819922,1.1340116804650284,1.1902623772353753,1.207900880791256,1.1841050682324814,1.121792005038761,1.0287894007844471,0.9157805395736712,0.7939594965734161,0.6732031052964708,0.561096516671016,0.4627402960765968,0.3810749115609305,0.31744538647457116,0.27220121203986736,0.24521266108510956,0.23625033717472468
0.17977209432307129,0.18604088362749063,0.204860347564883,0.23622063890014036,0.27994326095185856,0.33544648272835725,0.4014430517739705,0.4756158885425304,0.554352625473018,0.6326571904660889,0.7043748881562959,0.7628330119394942,0.8018807493130906,0.8171174372802964,0.8069147792167187,0.772820776176238,0.7191680229481677,0.6520625920577624,0.5781647202066762,0.5036548282708204,0.43359518208993125,0.37170300411231044,0.32043269676871766,0.281230381680681,0.25484198101629785,0.241593008772379,0.24159300877943676,0.2548419810366592,0.2812303817119747,0.3204326968072104,0.3717030041532353,0.43359518212793924,0.5036548283005315,0.5781647202232838,0.6520625920576174,0.7191680229292682,0.772820776138538,0.8069147791621982,0.817117437212773,0.8018807492377861,0.7628330118624178,0.704374888083526,0.6326571904030615,0.5543526254239357,0.4756158885099874,0.4014430517588489,0.3354464827300003,0.2799432609684766,0.2362206389294005,0.2048603476047025,0.18604088367714605,0.1797720943841949
0.13566142890745406,0.14000771836687514,0.153020488383639,0.17459076062604403,0.2044371293985616,0.24196618754334495,0.2861017265805053,0.33511610925671625,0.3865147288110741,0.437038736998633,0.48285075618538636,0.5199387988163309,0.5447068680633207,0.554629343030872,0.5487741553209823,0.5280065753834083,0.4947948681034686,0.4526956026822095,0.40570592649143267,0.3576770783040919,0.3119115158430938,0.27097485761115214,0.23668723525102106,0.2102292161262161,0.19229694171740183,0.18325528439271602,0.1832552843984288,0.192296941733918,0.21022921615171686,0.2366872352826363,0.27097485764520385,0.3119115158754344,0.35767707833052087,0.4057059265081566,0.4526956026862968,0.49479486809323353,0.5280065753586646,0.5487741552831145,0.554629342982705,0.5447068680087936,0.5199387987600185,0.4828507561319388,0.4370387369522158,0.38651472877490417,0.3351161092327648,0.28610172656941446,0.2419661875445607,0.2044371294106485,0.17459076064713386,0.15302048841200752,0.1400077184016967,0.13566142894946046
0.10163293026957945,0.10462417013633928,0.11355892979595407,0.12830186921464948,0.14856818104358419,0.17384335347879248,0.20328995338979897,0.23566381562185604,0.26927016909553014,0.30199454672639314,0.33143814533015226,0.3551671042085539,0.3710490746372269,0.37760772271725457,0.37429736246384604,0.36160899464411356,0.34097147754611234,0.3144833172633665,0.28456308773031835,0.25361570205854156,0.22378348212856766,0.1968084220336535,0.17399609738615404,0.15625157788442307,0.14415256945924473,0.13802935777620468,0.13802935778071343,0.1441525694723073,0.156251577904682,0.17399609741146124,0.19680842206124582,0.22378348215531207,0.25361570208124135,0.28456308774605626,0.31448331726984735,0.340971477541959,0.36160899462906826,0.3742973624388368,0.37760772268430687,0.3710490745992247,0.35516710416888064,0.33143814529226445,0.3019945466933931,0.26927016906981005,0.23566381560486846,0.2032899533819913,0.17384335347970645,0.14856818105209268,0.1283018692292895,0.11355892981532986,0.10462417015960514,0.10163293029684238
0.07566167651128987,0.07770776806174251,0.0838070390906532,0.0938317430659737,0.10753495562062369,0.12450597467020583,0.14412132730317181,0.16550558889264588,0.1875197230830025,0.20879514939712474,0.22782663705007858,0.243124547723941,0.25340784608312633,0.2577992595321148,0.25597275763488453,0.24821029330599578,0.23535050708045333,0.21864606266386258,0.1995721015248546,0.17963518762669864,0.16022104803680956,0.14249953509224847,0.1273862776424055,0.11554803145202282,0.1074337206724576,0.10331374353914345,0.10331374354261094,0.10743372068252441,0.11554803146770491,0.12738627766214128,0.14249953511401983,0.1602210480583146,0.17963518764556974,0.19957210153890717,0.21864606267134684,0.23535050708027638,0.24821029329787686,0.25597275761941274,0.2577992595106927,0.2534078460577992,0.24312454769713585,0.22782663702428863,0.2087951493745925,0.18751972306545353,0.1655055888811166,0.14412132729795837,0.12450597467093646,0.10753495562643291,0.09383174307574178,0.08380703910327707,0.07770776807641963,0.07566167652773752
0.05602210013858078,0.057414640202349876,0.061558538852934205,0.06834659191909054,0.07758124218700295,0.08895066801576716,0.10200419719474774,0.11613572598289565,0.13058517041418832,0.14446728719897875,0.15683336458808303,0.16676383150423096,0.173479822557586,0.1764522816736309,0.17548280974109906,0.17073480972561045,0.16270641091616958,0.15215319630953972,0.13998173479281792,0.1271393596176218,0.11452137841957247,0.10290757882173306,0.0929300127177024,0.08506670454885769,0.07965218914137787,0.07689518715140856,0.07689518715400426,0.07965218914892976,0.08506670456067492,0.09293001273268467,0.10290757883845103,0.11452137843638456,0.12713935963282447,0.13998173480482043,0.15215319631704408,0.16270641091833263,0.1707348097221606,0.17548280973238425,0.17645228166058435,0.17347982254160935,0.16676383148700857,0.15683336457135696,0.14446728718431928,0.13058517040280043,0.11613572597549308,0.10200419719151411,0.08895066801640716,0.07758124219086683,0.06834659192534161,0.0615585388607225,0.05741464021095881,0.05602210014752338
0.041287792646059876,0.04223162963724907,0.04503616339271017,0.04961718238572808,0.05582422966871184,0.06342832489399122,0.07211040482453895,0.08145564046869927,0.09095920419394093,0.1000481947292604,0.10812184925067894,0.11460787718900357,0.11902752089700044,0.12105745009979467,0.12057492705868714,0.11767530504204304,0.11265753898176699,0.1059816495898623,0.09820873808603874,0.08993684812582975,0.0817443996035703,0.07414853071613071,0.0675805646448383,0.06237662272679491,0.058778915269098064,0.05694245701992787,0.056942457021816315,0.058778915274604396,0.06237662273545117,0.06758056465589585,0.07414853072861097,0.08174439961634004,0.08993684813770111,0.09820873809588748,0.10598164959675295,0.11265753898506747,0.1176753050415102,0.12057492705450529,0.12105745009255675,0.11902752088763037,0.11460787717862948,0.10812184924047627,0.10004819472029147,0.09095920418701796,0.08145564046429438,0.07211040482275595,0.06342832489460033,0.055824229671236465,0.04961718238955852,0.04503616339720877,0.042231629641808835,0.04128779265012454
0.030308056522883917,0.030945625574879218,0.03283776682020021,0.03592107356678425,0.04008469877267678,0.04516440857326274,0.0509377105632507,0.057123056567391965,0.06338617065871625,0.06935583388035875,0.07464982292819679,0.07890926436352894,0.08183693104277369,0.08323284752727911,0.08301996420296888,0.08125420044150684,0.078116603370459,0.0738895890884101,0.0689227104426348,0.0635949940941502,0.058280360095986736,0.05332056500243526,0.04900746321143408,0.04557402775614344,0.04319201005306515,0.04197346290287052,0.04197346290420279,0.04319201005695895,0.04557402776229461,0.0490074632193533,0.05332056501147781,0.05828036010539852,0.06359499410313105,0.0689227104504158,0.07388958909433743,0.07811660337407277,0.08125420044260202,0.08301996420162522,0.08323284752385242,0.08183693103784653,0.07890926435782689,0.07464982292248297,0.06935583387532457,0.06338617065488754,0.05712305656506678,0.05093771056247892,0.04516440857386928,0.04008469877432038,0.035921073569032166,0.032837766822587613,0.030945625576916123,0.03030805652403356
0.02217290560710496,0.022602417416363672,0.02387577932648956,0.02594662765305585,0.0287352043552766,0.032125731618517006,0.0359648026996068,0.04006250293910848,0.04419790794545115,0.04813008847001164,0.051614751228086585,0.05442527570397407,0.05637547138343135,0.05734033263899896,0.05727086967748252,0.0561999856446363,0.05423819401854483,0.05156016952064262,0.04838497367101864,0.044953732465152316,0.041508404743905034,0.038274300750381025,0.03544764401310693,0.03318816496996844,0.03161577072210356,0.030809865014419156,0.030809865015327707,0.03161577072476577,0.03318816497419628,0.03544764401859563,0.03827430075672472,0.04150840475062286,0.04495373247172623,0.04838497367694165,0.051560169525472925,0.054238194021958334,0.05619998564646865,0.05727086967775183,0.05734033263790316,0.056375471381318515,0.05442527570128924,0.05161475122530334,0.048130088467560304,0.044197907943656405,0.040062502938147615,0.0359648026994956,0.032125731619124874,0.028735204356365132,0.025946627654326405,0.0238757793276137,0.022602417416963703,0.02217290560671418
0.016174422173675165,0.016463134691332322,0.017318336892584024,0.018706840010572635,0.02057224938002191,0.022834001507971543,0.025387227759851094,0.02810440896589443,0.030839697912379158,0.03343644055763552,0.035737827722082026,0.03759984267481033,0.03890491245534708,0.03957415810348036,0.039576089932102064,0.038930107156426356,0.03770414088471038,0.03600694613868156,0.03397654625806426,0.03176687994444241,0.029534697485558675,0.02742829171544121,0.025578944290316916,0.02409525038634428,0.023059927668631117,0.022528402424726503,0.022528402425322617,0.023059927670382934,0.0240952503891429,0.02557894429398385,0.027428291719735178,0.02953469749018867,0.031766879949088576,0.03397654626240629,0.03600694614243212,0.037704140887648854,0.03893010715842704,0.039576089933150815,0.03957415810367539,0.03890491245488228,0.03759984267394299,0.03573782772109031,0.03343644055677293,0.030839697911834548,0.028104408965764934,0.025387227760132813,0.02283400150856906,0.02057224938077295,0.018706840011277284,0.017318336893018014,0.01646313469121767,0.01617442217263686
0.011769322569501868,0.011963044031996838,0.012536463800137376,0.013466199554094426,0.01471290122903122,0.01622106602199127,0.017919477872816898,0.019722806275623575,0.021534824267661443,0.023253483609523805,0.024777731294240407,0.026015523259709163,0.026892088899359085,0.027357246642795627,0.027390571751507584,0.02700351250089828,0.02623808428405759,0.025162400286427675,0.023863844073626697,0.022441009455785574,0.020995567489239003,0.019625005518211572,0.01841681989168736,0.017444351714403394,0.016764131273119806,0.01641439747632413,0.016414397476697713,0.016764131274221522,0.017444351716175872,0.01841681989403483,0.019625005521001413,0.020995567492306896,0.022441009458945633,0.023863844076686885,0.02516240028920939,0.026238084286416417,0.027003512502742334,0.027390571752809338,0.02735724664359429,0.026892088899752132,0.026015523259833903,0.024777731294248675,0.02325348360955439,0.021534824267815486,0.0197228062759477,0.01791947787329737,0.016221066022559842,0.01471290122958042,0.013466199554494858,0.012536463800241716,0.011963044031610125,0.011769322568342643
0.008545343273403094,0.008675135965128759,0.00905910168011073,0.00968096691457232,0.010513554573541327,0.011518923122895935,0.012648957813606745,0.013846706416551478,0.015048696119837057,0.01618832983808876,0.017200252978806514,0.018025342272012124,0.018615753236295683,0.018939336598889286,0.018982747815442055,0.018752743750426015,0.018275454642109938,0.017593763838219756,0.016763231559010335,0.015847187067858034,0.01491165195506103,0.014020658920403434,0.013232343734120609,0.012595974524085306,0.012149896550142194,0.011920247133662468,0.011920247133883446,0.012149896550796816,0.01259597452514799,0.013232343735546968,0.014020658922129127,0.01491165195700239,0.015847187069915832,0.01676323156107722,0.017593763840190815,0.018275454643894903,0.01875274375196073,0.01898274781669665,0.01893933659987105,0.018615753237045393,0.018025342272594388,0.017200252979295578,0.01618832983855265,0.015048696120323174,0.013846706417076632,0.012648957814153669,0.011518923123416866,0.010513554573967144,0.009680966914822425,0.009059101680092623,0.008675135964712756,0.008545343272391315
0.006192545708880971,0.006279399219098773,0.006536216218779787,0.006951778104699095,0.0075074652806584145,0.008177499473973072,0.008929504654567592,0.00972554397470811,0.010523751516588853,0.011280592781230791,0.011953667173149407,0.01250483164082132,0.012903308919235168,0.013128380423062623,0.013171278117287962,0.013035987915165786,0.012738841221321637,0.012306962368449892,0.011775810722367332,0.011186167503859763,0.010580949205676008,0.01000218607262952,0.009488408590218452,0.00907256912463692,0.008780519814349016,0.008629992624951248,0.008629992625071938,0.00878051981470891,0.009072569125228665,0.009488408591027528,0.010002186073631859,0.01058094920683644,0.011186167505132287,0.011775810723697875,0.012306962369781441,0.012738841222600925,0.013035987916350161,0.01317127811835089,0.013128380423996352,0.0129033089200498,0.012504831641540296,0.011953667173802203,0.011280592781844425,0.010523751517179955,0.009725543975277416,0.008929504655098033,0.008177499474431938,0.00750746528100268,0.006951778104880768,0.0065362162187439475,0.006279399218764319,0.006192545708118059
0.004479697251543074,0.004537755595845523,0.0047093623981490675,0.004986841810764156,0.005357518312836902,0.005803962916378905,0.006304459952380509,0.006833777627079282,0.007364299859207686,0.007867525474759489,0.00831587075504694,0.008684636050062406,0.008953934499256046,0.00911034888110403,0.00914809395688415,0.00906951874226539,0.008884875721828485,0.008611391489626048,0.008271770793762862,0.007892332243900046,0.0075009976655129335,0.007125339137123599,0.006790839232681632,0.006519457407533153,0.006328535318444457,0.0062300285952868045,0.006230028595344837,0.0063285353186195,0.006519457407827297,0.006790839233096098,0.007125339137656108,0.007500997666155306,0.007892332244636853,0.008271770794571691,0.008611391490479481,0.008884875722697447,0.009069518743123063,0.009148093957709519,0.009110348881884141,0.008953934499986363,0.008684636050745192,0.008315870755687977,0.007867525475363958,0.007364299859776213,0.006833777627605138,0.006304459952848735,0.005803962916767617,0.005357518313120267,0.004986841810915178,0.004709362398137476,0.004537755595624423,0.004479697251033889
0.0032353595131051583,0.0032741329612631354,0.0033887028243644525,0.0035738487927647823,0.0038209859783247743,0.004118376738493201,0.0044514933632368745,0.004803574564896681,0.005156402061609467,0.005491292591868127,0.005790260048991722,0.00603726003470513,0.006219394987668808,0.006327941813387395,0.006359072094997504,0.006314168323825441,0.006199692401665167,0.0060266238344030935,0.005809541270257575,0.0055654608064591915,0.00531256124894807,0.005068920043938013,0.004851359234040999,0.004674467089950126,0.0045498270672795285,0.00448545865822167,0.004485458658242969,0.00454982706734568,0.004674467090067253,0.00485135923421734,0.0050689200441815145,0.0053125612492639146,0.005565460806847894,0.005809541270714105,0.006026623834917212,0.006199692402222825,0.006314168324410875,0.006359072095595437,0.0063279418139847825,0.0062193949882557095,0.006037260035274545,0.005790260049538491,0.0054912925923872894,0.005156402062094564,0.004803574565338574,0.004451493363623443,0.004118376738810146,0.003820985978557239,0.0035738487928987078,0.0033887028243849275,0.0032741329611459652,0.00323535951280768
0.002333067605950097,0.0023589396876148214,0.0024353690887462796,0.0025588227950537135,0.0027235106178671847,0.0029215531607163993,0.0031432520838274632,0.003377484121147252,0.003612229675438871,0.0038352282680551683,0.0040347295417129374,0.004200284572617154,0.00432350355008224,0.004398697654749284,0.004423328548558095,0.004398208524483113,0.004327424808326189,0.004217996721853867,0.004079307210590706,0.003922374276422788,0.00375903934103506,0.0036011480210546435,0.0034597867588494866,0.003344620675625337,0.0032633588298478984,0.0032213569206207987,0.003221356920622403,0.0032633588298552406,0.00334462067564551,0.003459786758892744,0.0036011480211324033,0.0037590393411577527,0.003922374276597966,0.004079307210821803,0.004217996722139758,0.004327424808661576,0.004398208524859536,0.004423328548965235,0.004398697655176243,0.004323503550518477,0.004200284573052957,0.004034729542139399,0.0038352282684638154,0.0036122296758211822,0.0033774841214943238,0.0031432520841300445,0.0029215531609653855,0.002723510618054466,0.0025588227951728044,0.0024353690887912523,0.0023589396875755312,0.002333067605807205
0.001679911091792232,0.001697160631400748,0.0017481080210881704,0.0018303717412410847,0.001940059920743087,0.002071897267785366,0.0022194209400179577,0.0023752555599255336,0.00253147085916467,0.002680014342700073,0.0028131976747023365,0.002924201924245871,0.0030075565260580996,0.003059542660168818,0.0030784754805548275,0.0030648312663803085,0.0030212032975719793,0.0029520907529758215,0.002863544251401804,0.0027627062838539496,0.0026572925096749653,0.002555060252975769,0.002463304734493942,0.002388413921281209,0.00233550206147044,0.002308132356630431,0.002308132356622925,0.0023355020614502183,0.0023884139212547906,0.002463304734471012,0.00255506025296765,0.002657292509692902,0.002762706283907503,0.0028635442514976274,0.0029520907531169725,0.0030212032977578224,0.0030648312666069124,0.0030784754808157104,0.003059542660455821,0.003007556526362215,0.002924201924557885,0.002813197675013244,0.0026800143430012868,0.002531470859448115,0.0023752555601837225,0.0022194209402441683,0.0020718972679739625,0.0019400599208899394,0.001830371741343853,0.0017481080211457444,0.0016971606314109397,0.0016799110917495531
0.0012078538841827175,0.0012193456501242137,0.0012532819771882882,0.001308062885051859,0.0013810799645862027,0.001468809328065192,0.0015669508075294724,0.0016706178679235903,0.0017745784728259528,0.0018735405095534495,0.0019624674212353663,0.0020369019872910235,0.0020932705221116846,0.0021291376909577543,0.0021433845973818683,0.00213628975590343,0.002109502988254292,0.0020659143324005787,0.0020094315465856443,0.0019446887495471448,0.0018767138689448233,0.0018105835140981316,0.0017510911975424546,0.001702449703149235,0.0016680422998073979,0.0016502317680361285,0.0016502317680256377,0.0016680422997777894,0.0017024497031058311,0.0017510911974932856,0.0018105835140528241,0.001876713868913325,0.0019446887495384757,0.0020094315466068703,0.002065914332456127,0.0021095029883456662,0.0021362897560293047,0.0021433845975384817,0.002129137691139481,0.0020932705223116804,0.0020369019875018327,0.00196246742144944,0.0018735405097635544,0.0017745784730254757,0.001670617868106782,0.0015669508076916604,0.001468809328202992,0.0013810799646977222,0.0013080628851368202,0.001253281977247827,0.0012193456501600874,0.00120785388419671
0.0008672064127885616,0.0008748565462561742,0.0008974454834602608,0.000933901331216182,0.000982480150240755,0.0010408325437763278,0.0011061011659297237,0.0011750507947044064,0.001244229961013917,0.0013101591581139653,0.0013695360195502384,0.0014194434648207267,0.0014575436789867448,0.001482239782279294,0.0014927886541295733,0.0014893525698261947,0.0014729834956890835,0.0014455410415379214,0.0014095519651504637,0.0013680246418416666,0.0013242352912545064,0.0012815037341297373,0.0012429752789566775,0.0012114226330034864,0.0011890782891559508,0.0011775044152871948,0.0011775044152769238,0.0011890782891265377,0.0012114226329589522,0.0012429752789031464,0.0012815037340746728,0.0013242352912058077,0.0013680246418067638,0.0014095519651355312,0.0014455410415473054,0.001472983495724988,0.00148935256988864,0.0014927886542165842,0.0014822397823872587,0.0014575436791108766,0.001419443464955553,0.0013695360196900735,0.0013101591582533262,0.0012442299611478632,0.0011750507948288106,0.0011061011660414692,0.001040832543873454,0.000982480150322549,0.0009339013312832337,0.0008974454835144822,0.0008748565463008232,0.0008672064128284895
0.00062175750039179,0.0006268465105105062,0.0006418717483437743,0.0006661168424996974,0.0006984182859038081,0.0007372123796520281,0.000780602793801462,0.0008264490816839168,0.0008724748199138658,0.0009163916693265826,0.0009560329457867313,0.0009894877853020689,0.0010152252576515301,0.0010321973094706363,0.0010399104696262027,0.001038458797793835,0.0010285142629938712,0.0010112750221049668,0.0009883762387520498,0.000961771499438331,0.0009335950951217822,0.0009060162642115621,0.000881096038874572,0.000860655920148596,0.0008461656597173921,0.0008386553730235552,0.0008386553730149079,0.0008461656596924434,0.0008606559201102062,0.0008810960388271303,0.0009060162641604801,0.0009335950950728856,0.0009617714993972369,0.0009883762387236045,0.0010112750220928116,0.0010285142630001702,0.0010384587978191871,0.001039910469669718,0.0010321973095301514,0.001015225257723916,0.000989487785383593,0.000956032945873426,0.0009163916694145929,0.0008724748199997457,0.0008264490817648646,0.0007806027938754837,0.0007372123797180341,0.000698418285961654,0.000666116842550213,0.0006418717483888853,0.0006268465105536269,0.0006217575004384085
0.0004451675412900351,0.0004485504534696847,0.000458537810170736,0.0004746518512428374,0.0004961177577744255,0.0005218963465683764,0.000550730482565874,0.0005812050000004785,0.0006118188782623657,0.0006410669909729196,0.0006675271636926976,0.000689946844553744,0.0007073227387231614,0.0007189665521011528,0.0007245506781799362,0.0007241292228110626,0.0007181319999871674,0.000707331717599124,0.0006927871121801619,0.0006757669161481513,0.0006576609813809997,0.0006398855194273558,0.0006237892881921439,0.000610566820674321,0.0006011836865631399,0.0005963175415083413,0.0005963175415017003,0.0006011836865438868,0.0006105668206443911,0.0006237892881545235,0.0006398855193857609,0.0006576609813394852,0.0006757669161106996,0.0006927871121503051,0.0007073317175796355,0.0007181319999798546,0.0007241292228166745,0.000724550678198186,0.0007189665521308386,0.0007073227387623623,0.000689946844600067,0.0006675271637435433,0.0006410669910257396,0.0006118188783148916,0.0005812050000509035,0.0005507304826129752,0.0005218963466115798,0.0004961177578138219,0.00047465185127920206,0.00045853781020568105,0.00044855045350614917,0.0004451675413329272
0.0003183094276819624,0.0003205567042738773,0.0003271910360114611,0.00033789438869448636,0.00035215163634380684,0.0003692731164627214,0.00038842629674500334,0.00040867616633763097,0.0004290333077802934,0.000448507746144396,0.0004661657438853608,0.0004811858915720839,0.0004929103217769803,0.0005008867977775004,0.0005048978803686651,0.0005049743397094741,0.0005013913419234523,0.0004946475129851911,0.00048542853934714685,0.00047455829089838804,0.0004629413864963203,0.0004515015865971997,0.00044112040054318855,0.0004325799201681071,0.00042651326250747236,0.000423365256899524,0.0004233652568947555,0.00042651326249359836,0.0004325799201463781,0.00044112040051554405,0.00045150158656607207,0.0004629413864643931,0.00047455829086833856,0.00048542853932140187,0.0004946475129657217,0.0005013913419116277,0.000504974339705985,0.0005048978803735205,0.0005008867977900918,0.0004929103217962011,0.00048118589159648736,0.0004661657439133382,0.00044850774617435473,0.0004290333078108183,0.0004086761663676136,0.00038842629677372797,0.0003692731164899065,0.0003521516363696112,0.00033789438871952346,0.000327191036036941,0.00032055670430205813,0.0003183094277167118
0.00022731550614645693,0.00022880745020929273,0.0002332118010098801,0.00024031720070870016,0.00024978168377422997,0.0002611481197756366,0.00027386569883350916,0.00028731706066813185,0.0003008502541191364,0.00031381419481781584,0.00032559574356451565,0.00033565606002633746,0.00034356360177637614,0.00034902112296308983,0.0003518843239583591,0.0003521704027043001,0.00035005559437312667,0.0003458617491355305,0.00034003295756076894,0.0003331040636760419,0.0003256635104160787,0.00031831328973323103,0.00031162881832068025,0.0003061213705942144,0.00030220534107064975,0.00030017215397413414,0.0003001721539708944,0.00030220534106119675,0.000306121370579321,0.000311628818301551,0.00031831328971138756,0.0003256635103932164,0.0003331040636538753,0.0003400329575408822,0.000345861749119247,0.0003500555943614122,0.0003521704026977066,0.0003518843239570128,0.0003490211229667223,0.0003435636017843937,0.0003356560600379166,0.00032559574357871594,0.00031381419483369555,0.00030085025413585913,0.00028731706068505213,0.00027386569885023005,0.00026114811979203485,0.0002497816837904575,0.00024031720072519535,0.00023321180102748085,0.00022880745022959547,0.00022731550617224918
0.00016214712795237712,0.00016313707129918226,0.0001660594431498831,0.00017077398737709747,0.00017705399256776977,0.0001845967999477532,0.00019303831344407994,0.000201971165416416,0.0002109659299455751,0.00021959446096805188,0.00022745411169104179,0.0002341913243625369,0.00023952292632446544,0.00024325347760723823,0.0002452872112350628,0.0002456334828098252,0.0002444051621696514,0.00024180999342977069,0.00023813554430202361,0.000233728887172857,0.00022897254471408222,0.00022425845864161977,0.00021996179662851084,0.000216416319127608,0.00021389282131684646,0.00021258188785646293,0.00021258188785436863,0.00021389282131072045,0.00021641631911790697,0.0002199617966159498,0.00022425845862710802,0.00022897254469864256,0.00023372888715753726,0.000238135544287809,0.00024180999341750543,0.00024440516215997767,0.00024563348280314516,0.0002452872112315258,0.0002432534776067548,0.000239522926326744,0.0002341913243671397,0.0002274541116974523,0.0002195944609757455,0.0002109659299540856,0.00020197116542538938,0.00019303831345331016,0.0001845967999571971,0.0001770539925775468,0.0001707739873874969,0.00016605944316144643,0.00016313707131296063,0.0001621471279702361
0.00011554922311776931,0.00011620578792752158,0.00011814401655052549,0.00012127095606803333,0.00012543648045843195,0.00013044040418955406,0.00013604224339169987,0.0001419733478765571,0.0001479509614822206,0.0001536935769547019,0.00015893676236464395,0.00016344848353933673,0.00016704286592271315,0.0001695913569119905,0.0001710303792375992,0.00017136480256821414,0.00017066688134082983,0.00016907067460230322,0.0001667623336841705,0.00016396697191896201,0.00016093308203316424,0.00015791562003569388,0.00015515892412378446,0.00015288059261117404,0.00015125732554782632,0.00015041356429598978,0.0001504135642946996,0.0001512573255440438,0.00015288059260515615,0.00015515892411593538,0.00015791562002653108,0.00016093308202327558,0.0001639669719089575,0.00016676233367463373,0.00016907067459374654,0.0001706668813336579,0.00017136480256269978,0.0001710303792338732,0.00016959135691004625,0.00016704286592242554,0.00016344848354049257,0.00015893676236697989,0.00015369357695794566,0.00014795096148612988,0.0001419733478809517,0.00013604224339648242,0.00013044040419471836,0.00012543648046406164,0.00012127095607430642,0.00011814401655776877,0.0001162057879363815,0.00011554922312940996
8.228762381908738e-05,8.272296744301006e-05,8.400815934648718e-05,8.608166228200825e-05,8.884416036445879e-05,9.216335451829052e-05,9.588050769042118e-05,9.981852936172692e-05,0.00010379128354711711,0.00010761368777909458,0.00011111205877912737,0.00011413407372279038,0.00011655767410233533,0.00011829825756251835,0.0001193135888873364,0.00011960601131626456,0.00011922173989906406,0.0001182472476856771,0.00011680298677985177,0.00011503489350385983,0.00011310428865623708,0.00011117688649561889,0.0001094116652340958,0.00010795033155724187,0.00010690804230037344,0.0001063659412424446,0.00010636594124168875,0.00010690804229815265,0.00010795033155369256,0.00010941166522943378,0.00011117688649012266,0.00011310428865022646,0.00011503489349767137,0.00011680298677381332,0.00011824724768008371,0.00011922173989415758,0.00011960601131221899,0.0001193135888842507,0.00011829825756041712,0.0001165576741011776,0.00011413407372248496,0.00011111205877955322,0.00010761368778012315,0.00010379128354863399,9.981852936364957e-05,9.588050769271034e-05,9.216335452095425e-05,8.884416036755095e-05,8.60816622856306e-05,8.400815935082282e-05,8.272296744842794e-05,8.228762382626203e-05
5.859357983975077e-05,5.8882258405848934e-05,5.973450381108859e-05,6.110960672455871e-05,6.294190690292937e-05,6.514401505208391e-05,6.761119029827127e-05,7.022671822177955e-05,7.286806727397557e-05,7.541352994017169e-05,7.77489888342098e-05,7.977439867396283e-05,8.140955418724009e-05,8.259873009773852e-05,8.331383628218069e-05,8.355582678554757e-05,8.335422740085977e-05,8.276478990496684e-05,8.186542609417248e-05,8.075070581174146e-05,7.95253071013886e-05,7.829687479378937e-05,7.71687728520546e-05,7.623320728509583e-05,7.556515580842389e-05,7.52174751924672e-05,7.521747519204905e-05,7.556515580719237e-05,7.62332072831183e-05,7.716877284943816e-05,7.829687479067373e-05,7.952530709793627e-05,8.07507058081264e-05,8.18654260905678e-05,8.276478990153265e-05,8.335422739773255e-05,8.355582678283188e-05,8.331383627994444e-05,8.259873009601229e-05,8.140955418602062e-05,7.97743986732201e-05,7.774898883389719e-05,7.541352994023718e-05,7.28680672743729e-05,7.022671822247746e-05,6.761119029925907e-05,6.514401505337308e-05,6.294190690455198e-05,6.11096067265682e-05,5.973450381357813e-05,5.8882258409010515e-05,5.859357984394163e-05
4.175989400823918e-05,4.195145267991229e-05,4.2517004293246964e-05,4.342962099811046e-05,4.464589446073491e-05,4.610809543780397e-05,4.774709646662472e-05,4.9485945907448876e-05,5.124393865492497e-05,5.294098490123086e-05,5.450203907351851e-05,5.586132325455046e-05,5.696606955161467e-05,5.7779518870975784e-05,5.828295141110342e-05,5.8476585421924025e-05,5.8379260390419436e-05,5.802691098800132e-05,5.746992946257209e-05,5.676959723795855e-05,5.599383327042426e-05,5.5212551697433213e-05,5.449294203762171e-05,5.389498215911117e-05,5.346747025667352e-05,5.324482139299423e-05,5.3244821392779165e-05,5.346747025603841e-05,5.389498215808576e-05,5.4492942036253826e-05,5.521255169578616e-05,5.599383326857308e-05,5.6769597235985464e-05,5.746992946056128e-05,5.802691098603343e-05,5.837926038856645e-05,5.847658542024487e-05,5.828295140964118e-05,5.777951886975666e-05,5.696606955064896e-05,5.586132325383549e-05,5.450203907304299e-05,5.2940984900980154e-05,5.124393865488621e-05,4.948594590761521e-05,4.774709646699777e-05,4.610809543839406e-05,4.4645894461559714e-05,4.3429620999194755e-05,4.2517004294631626e-05,4.195145268168433e-05,4.175989401056477e-05
2.984793522816902e-05,2.9975307761639368e-05,3.03513812753896e-05,3.0958322925623806e-05,3.1767399411574475e-05,3.27404234634823e-05,3.3831704818978824e-05,3.4990426282406064e-05,3.6163337910124265e-05,3.7297635220413324e-05,3.8343863968840116e-05,3.9258678397740974e-05,4.000727569463884e-05,4.056533940146109e-05,4.0920349747959504e-05,4.107215832504228e-05,4.103277510175364e-05,4.082537280674289e-05,4.048257148580582e-05,4.0044118890774367e-05,3.955412531444997e-05,3.9058041058775735e-05,3.859957917712544e-05,3.8217785489992376e-05,3.794444359643524e-05,3.780197707820755e-05,3.780197707810842e-05,3.794444359614147e-05,3.821778548951462e-05,3.859957917648126e-05,3.9058041057988956e-05,3.9554125313549984e-05,4.004411888979471e-05,4.048257148478251e-05,4.0825372805712316e-05,4.103277510075041e-05,4.1072158324097196e-05,4.092034974709789e-05,4.056533940070194e-05,4.000727569399482e-05,3.925867839721925e-05,3.834386396844389e-05,3.729763522014392e-05,3.616333790998315e-05,3.49904262823964e-05,3.383170481910623e-05,3.274042346375456e-05,3.176739941200038e-05,3.0958322926212406e-05,3.035138127615379e-05,2.9975307762608902e-05,2.9847935229404188e-05
2.147573743418003e-05,2.156085039678791e-05,2.1812169788306445e-05,2.2217838799389722e-05,2.2758760977076334e-05,2.3409571373630717e-05,2.4139942490487226e-05,2.4916169029075096e-05,2.5702957660673505e-05,2.646533113845055e-05,2.7170542114097705e-05,2.778988328651099e-05,2.830027913743683e-05,2.8685552014838568e-05,2.893727222493747e-05,2.9055127392283577e-05,2.9046778742910705e-05,2.8927208284685576e-05,2.8717597665103507e-05,2.8443813286036015e-05,2.8134599990215428e-05,2.7819605072480054e-05,2.752736431298702e-05,2.7283382032384547e-05,2.710842857136683e-05,2.701716245304725e-05,2.7017162453010563e-05,2.7108428571257356e-05,2.7283382032204126e-05,2.752736431273902e-05,2.7819605072169705e-05,2.81345999898501e-05,2.8443813285625333e-05,2.8717597664659194e-05,2.892720828422099e-05,2.904677874244011e-05,2.905512739182138e-05,2.8937272224497333e-05,2.8685552014432825e-05,2.8300279137076097e-05,2.7789883286204183e-05,2.7170542113852306e-05,2.646533113827309e-05,2.5702957660570106e-05,2.4916169029051772e-05,2.413994249054988e-05,2.3409571373784568e-05,2.275876097732504e-05,2.2217838799734577e-05,2.1812169788747065e-05,2.1560850397326176e-05,2.1475737434823726e-05
1.5665462840465813e-05,1.5722979686242297e-05,1.5892829949889348e-05,1.616704980274417e-05,1.6532817431344073e-05,1.6973110793230467e-05,1.7467589771137327e-05,1.799366318936473e-05,1.852768951815561e-05,1.90462494541001e-05,1.9527420143437806e-05,1.9951975959954955e-05,2.03044406869504e-05,2.0573921523958762e-05,2.0754666781454078e-05,2.0846305956686635e-05,2.0853751902567252e-05,2.0786768231925334e-05,2.0659228824986774e-05,2.04881181672214e-05,2.0292339322941186e-05,2.009140921128852e-05,1.9904127673080886e-05,1.9747307412037838e-05,1.963464663023411e-05,1.9575815829920128e-05,1.9575815829914734e-05,1.9634646630217337e-05,1.9747307412008002e-05,1.9904127673035614e-05,2.0091409211225324e-05,2.029233932285807e-05,2.0488118167117473e-05,2.065922882486264e-05,2.078676823178333e-05,2.0853751902411364e-05,2.0846305956522304e-05,2.0754666781287863e-05,2.0573921523797887e-05,2.030444068680239e-05,1.9951975959827354e-05,1.952742014333793e-05,1.9046249454034893e-05,1.8527689518131533e-05,1.799366318938755e-05,1.746758977121178e-05,1.6973110793359735e-05,1.6532817431529116e-05,1.6167049802983002e-05,1.5892829950176512e-05,1.5722979686568665e-05,1.566546284081771e-05
1.1734459358295859e-05,1.1774292101962812e-05,1.1891933416216035e-05,1.2081907663403432e-05,1.2335401819208406e-05,1.2640720962624295e-05,1.2983897689579802e-05,1.3349427062889749e-05,1.3721090910768754e-05,1.4082828417226597e-05,1.4419604759970116e-05,1.4718226851744663e-05,1.4968055743051522e-05,1.5161569414519794e-05,1.5294737620622747e-05,1.5367181798115486e-05,1.5382107044662982e-05,1.5346008676514594e-05,1.526817155092455e-05,1.5159994818498524e-05,1.503418682423299e-05,1.490388356016987e-05,1.4781748815718331e-05,1.46791147958356e-05,1.4605218659843085e-05,1.4566583626931237e-05,1.456658362694013e-05,1.4605218659868832e-05,1.4679114795875501e-05,1.4781748815768286e-05,1.4903883560224928e-05,1.5034186824287993e-05,1.515999481854873e-05,1.5268171550966216e-05,1.5346008676545354e-05,1.5382107044682105e-05,1.5367181798123885e-05,1.52947376206229e-05,1.5161569414515464e-05,1.4968055743047476e-05,1.471822685174632e-05,1.4419604759983182e-05,1.4082828417256738e-05,1.372109091082124e-05,1.3349427062969071e-05,1.298389768968929e-05,1.264072096276568e-05,1.233540181938136e-05,1.2081907663605021e-05,1.1891933416439904e-05,1.1774292102197656e-05,1.173445935852321e-05
9.218548554779348e-06,9.24756021300673e-06,9.333253137376497e-06,9.47167047300478e-06,9.656445372799616e-06,9.879132099153373e-06,1.0129648075889348e-05,1.0396805610429137e-05,1.066890650028947e-05,1.0934368061816323e-05,1.1182345758831265e-05,1.1403316070247912e-05,1.1589583951336586e-05,1.1735682479014553e-05,1.1838638051155226e-05,1.1898082575509602e-05,1.1916203901439726e-05,1.1897536559232291e-05,1.1848605784551954e-05,1.1777447902503368e-05,1.1693038596310208e-05,1.1604666738091088e-05,1.1521294899704839e-05,1.145094823347894e-05,1.1400171198714985e-05,1.1373586887632525e-05,1.1373586887647183e-05,1.1400171198758018e-05,1.1450948233547626e-05,1.1521294899794961e-05,1.1604666738197387e-05,1.1693038596426942e-05,1.1777447902624882e-05,1.1848605784673205e-05,1.1897536559349267e-05,1.1916203901549754e-05,1.1898082575611493e-05,1.1838638051249276e-05,1.1735682479102404e-05,1.1589583951421013e-05,1.1403316070332507e-05,1.1182345758920104e-05,1.0934368061913577e-05,1.066890650039904e-05,1.0396805610554247e-05,1.0129648076032191e-05,9.879132099314773e-06,9.656445372978732e-06,9.471670473198758e-06,9.333253137579873e-06,9.247560213209987e-06,9.218548554967252e-06
7.819470898572629e-06,7.842656952264058e-06,7.911149731538799e-06,8.021808422130553e-06,8.16958021980256e-06,8.347764256408523e-06,8.548363404220179e-06,8.762506609719629e-06,8.98092011728556e-06,9.194422405049885e-06,9.394415222433717e-06,9.573342146476337e-06,9.725086855589218e-06,9.845286022905413e-06,9.931536348845506e-06,9.983481573421874e-06,1.0002772925568702e-05,9.992904811803898e-06,9.958935955136435e-06,9.907113983376088e-06,9.844428009465825e-06,9.778118546862007e-06,9.715176832594792e-06,9.661866149719662e-06,9.62329608935059e-06,9.60307706188504e-06,9.60307706190182e-06,9.623296089400042e-06,9.661866149799225e-06,9.71517683270046e-06,9.77811854698873e-06,9.844428009607963e-06,9.907113983527917e-06,9.958935955292638e-06,9.992904811959957e-06,1.0002772925721207e-05,9.983481573568721e-06,9.93153634898593e-06,9.845286023039937e-06,9.725086855719476e-06,9.57334214660481e-06,9.394415222563438e-06,9.194422405184053e-06,8.980920117427197e-06,8.762506609871192e-06,8.54836340438324e-06,8.347764256583508e-06,8.169580219988545e-06,8.021808422325103e-06,7.911149731737679e-06,7.842656952460512e-06,7.819470898757283e-06
7.370910927813209e-06,7.392260838520688e-06,7.455332300121613e-06,7.557241420363415e-06,7.693349061820664e-06,7.857503563347348e-06,8.042364078790975e-06,8.239788440091273e-06,8.441265540797444e-06,8.638369049698244e-06,8.823207114681037e-06,8.988841913472531e-06,9.129653702244748e-06,9.241626544171722e-06,9.322537150726518e-06,9.372034043434703e-06,9.391601174419848e-06,9.384407721303681e-06,9.355053401222827e-06,9.309225717637923e-06,9.253291501437168e-06,9.193849484036928e-06,9.137273144357529e-06,9.089273570166853e-06,9.054510594984667e-06,9.036277180294494e-06,9.036277180312371e-06,9.054510595037395e-06,9.089273570251783e-06,9.137273144470525e-06,9.19384948417274e-06,9.253291501589898e-06,9.309225717801533e-06,9.355053401391615e-06,9.384407721472719e-06,9.3916011745853e-06,9.372034043594047e-06,9.322537150878613e-06,9.24162654431676e-06,9.129653702384109e-06,8.988841913608519e-06,8.823207114816583e-06,8.638369049836515e-06,8.441265540941489e-06,8.239788440243629e-06,8.042364078953357e-06,7.857503563520376e-06,7.693349062003693e-06,7.557241420554444e-06,7.455332300317105e-06,7.392260838715194e-06,7.370910927999772e-06
