Run: _005_20_26_CPC_metacentric_relaxed_MCF10A_chr19_PMP1_compare
SimID: 1105102268_0
Sim time range (0.0 500.0) (saved timepoints 51)
2D Slice for variable CPCa_total at time 320.0 in plane XY at Z = 0
X in rows, Y in columns
2.3727460486524414,2.372817227349085,2.3730443627202416,2.3734712042857455,2.3741809020812923,2.375312758975454,2.3770885465693365,2.3798514119614627,2.3841215612688895,2.390674355356434,2.400648445340855,2.4156943610112345,2.4381779368572123,2.4714581363329997,2.520264562477955,2.5912028674093053,2.693407108279544,2.83931399685091,3.0454036159709,3.3324275572724305,3.7239262326350384,4.240406144664112,4.884179064625842,5.607729397222984,6.265070865491613,6.6007863507975,6.600786350792431,6.265070865663029,5.607729397366436,4.884179064883815,4.24040614459693,3.7239262328489393,3.3324275571591135,3.045403616095719,2.839313997141482,2.6934071084236497,2.5912028677207535,2.520264562056985,2.471458135597125,2.4381779364206655,2.415694360479534,2.4006484446181244,2.3906743552350878,2.384121560950095,2.379851411988118,2.3770885469318537,2.375312759504356,2.374180902252188,2.3734712042429855,2.373044362533997,2.372817226726796,2.3727460480532554
2.3727476919828723,2.3728188669998693,2.3730459914753324,2.373472814014114,2.374182483905201,2.375314303231602,2.3770900404318382,2.37985283917192,2.3841229000551203,2.3906755768038224,2.4006495079471,2.41569520891786,2.4381784913889626,2.471458287889614,2.5202641618594055,2.591201711588878,2.693404923157586,2.839310420629011,3.0453981784294046,3.332419666284595,3.7239151783243742,4.240391146802197,4.884159419630543,5.607704794164331,6.2650419290125,6.600755150255582,6.600755150200963,6.26504192891824,5.6077047942055644,4.884159419735995,4.2403911469001185,3.723915178379813,3.3324196663409107,3.0453981785019546,2.8393104208087263,2.6934049234052364,2.5912017117233144,2.520264161719187,2.471458287377577,2.438178490649858,2.415695208216312,2.400649507265559,2.3906755762507728,2.3841228997667656,2.379852839112106,2.3770900406972224,2.3753143036937785,2.374182484244877,2.373472813935202,2.373045991194199,2.372818866682813,2.372747691635874
2.3727526371538463,2.3728238013407768,2.3730508929342933,2.373477658888076,2.374187245980163,2.375318951765017,2.3770945372894894,2.3798571359377334,2.3841269318570695,2.3906792559341943,2.400652712289702,2.415697768609402,2.4381801706932182,2.471458760279476,2.520262978405005,2.5911982621246965,2.6933983870753724,2.8392997120089714,3.045381888264195,3.332396019344158,3.72388204502778,4.240346188934105,4.8841005264076145,5.607631034259738,6.2649551753123,6.600661608709338,6.600661608629592,6.264955175168042,5.607631034194861,4.884100526248714,4.240346188960895,3.7238820449599457,3.332396019477775,3.0453818883028747,2.839299712182733,2.693398387272106,2.5911982621196223,2.520262978381478,2.4714587598553885,2.4381801701501713,2.41569776804507,2.400652711564728,2.3906792553558467,2.384126931693771,2.3798571357158043,2.3770945373527432,2.37531895187336,2.374187246145704,2.373477658862401,2.373050892811129,2.3728238014353584,2.3727526371579786
2.3727609300053083,2.3728320765368918,2.3730591133202847,2.373485784877538,2.374195234003246,2.37532675039549,2.3771020837651977,2.379864348819663,2.384133704354281,2.3906854404636095,2.4006581059196876,2.4157020894286734,2.438183025299927,2.471459604195423,2.5202610646168986,2.591192573443044,2.6933875576386788,2.839281933363806,3.045354813494817,3.3323566935168234,3.7238269215870377,4.24027137610536,4.884002510201965,5.607508265966945,6.26481077373582,6.600505905854985,6.600505905771342,6.264810773561587,5.607508265755724,4.8840025101738584,4.240271375987439,3.7238269215071886,3.3323566933877595,3.045354813493214,2.839281933325001,2.6933875577733954,2.5911925735413472,2.5202610645433836,2.4714596040738686,2.438183024851791,2.415702089059313,2.4006581057010155,2.390685440014271,2.3841337038613752,2.3798643486615085,2.377102083558274,2.3753267504165967,2.3741952340829346,2.373485784707311,2.3730591130215224,2.372832076637739,2.372760930398761
2.372772647120539,2.372843768612043,2.3730707284036856,2.3734972682054445,2.3742065245679536,2.3753377763183314,2.3771127570652193,2.3798745566061412,2.3841432955838573,2.3906942100987822,2.4006657702682364,2.4157082528293072,2.438187137745274,2.471460904673315,2.520258507455412,2.5911847367648786,2.693372530849855,2.8392571874990202,3.0453170679385826,3.332301816453588,3.7237499564695677,4.240166883500785,4.8838655807981155,5.607336736714178,6.264609006296167,6.600288341503093,6.600288341459943,6.264609006191415,5.60733673655594,4.883865580709559,4.240166883484322,3.7237499564012615,3.3323018162536333,3.0453170678187336,2.8392571873661097,2.6933725308551675,2.5911847368937164,2.520258507585925,2.4714609047925067,2.4381871375039945,2.4157082523348268,2.4006657698124063,2.390694209744819,2.38414329523734,2.379874556413261,2.3771127570395945,2.3753377763818957,2.3742065244016546,2.373497267968194,2.3730707280688654,2.3728437683717045,2.3727726473150623
2.3727878946601626,2.3728589834262763,2.37308584450299,2.3735122156603627,2.3742212246419436,2.375352137530136,2.3771266657337917,2.379887867919011,2.3841558162221217,2.3907056762349965,2.4006758170916744,2.4157163726578554,2.438192624025875,2.4714627803161755,2.520255429393599,2.5911748791967666,2.693353441054918,2.8392256188217306,3.0452688102484533,3.332231567603742,3.723651357702975,4.240032957232582,4.8836900312429785,5.607116793219324,6.264350268039302,6.600009335517244,6.600009335548788,6.264350267930137,5.6071167930603,4.883690031030314,4.240032957067855,3.7236513575382637,3.3322315674993295,3.0452688100033156,2.8392256186850893,2.6933534408302267,2.5911748793476295,2.5202554296246014,2.47146278040033,2.4381926239605662,2.415716372121928,2.4006758167098097,2.390705676012347,2.384155816006433,2.379887867908901,2.377126665805726,2.375352137331172,2.3742212245024525,2.373512215456453,2.373085844239896,2.3728589828831264,2.3727878941205165
2.3728068078070965,2.3728778569483744,2.3731045982347703,2.373530763921599,2.374239471870293,2.3753699713488046,2.3771439491237563,2.3799044231632576,2.38417140703643,2.39071998127113,2.4006883909501053,2.415726595157145,2.4381996336394254,2.471465383433499,2.5202519873808473,2.5911631642841892,2.6933304603142183,2.839187413195218,3.0452102446831537,3.33214617821252,3.723531392415743,4.239869913275664,4.883476238700785,5.606848881318427,6.264035067047485,6.5996694278496495,6.599669427763509,6.264035066852751,5.606848881035915,4.883476238349803,4.239869912949115,3.7235313922009676,3.3321461779940966,3.045210244577995,2.8391874131247214,2.6933304602869232,2.5911631642320017,2.5202519874156177,2.471465383314137,2.4381996334190106,2.4157265948710713,2.400688390657819,2.390719981253369,2.3841714071098448,2.3799044229330555,2.3771439490275457,2.375369971454094,2.3742394717840285,2.3735307638300673,2.3731045980074086,2.3728778563834223,2.372806807007467
2.372829552452579,2.3729005550656157,2.3731271556538784,2.3735530794999553,2.3742614335076135,2.3753914471691955,2.377164776158064,2.3799243923563425,2.3841902405239983,2.390737299134187,2.4007036675969426,2.415739099164984,2.4382083478957024,2.471468899919282,2.520248372937344,2.5911497911902797,2.6933037996879596,2.8391427973420735,3.045141621186133,3.3320459299297536,3.7233903877136103,4.239678138161357,4.883224664622329,5.60653354642252,6.2636640246893815,6.599269278926713,6.599269278797816,6.263664024473556,5.606533546042184,4.8832246641627215,4.239678137830485,3.7233903876139647,3.3320459299735754,3.045141621237543,2.8391427972874874,2.693303799650134,2.591149790909578,2.520248372771178,2.471468899684013,2.4382083477050633,2.4157390991075665,2.400703667389612,2.3907372990715836,2.3841902405583237,2.3799243922667093,2.3771647759030805,2.375391446882796,2.3742614335077765,2.3735530797004736,2.373127155508543,2.3729005547348567,2.3728295517235223
2.3728563236240867,2.372927273139343,2.3731537119836545,2.373579359085905,2.37428730650372,2.3754167619236806,2.377189345919389,2.3799479766582214,2.3842125189907173,2.3907578346043525,2.400721854222954,2.415754094993119,2.438218980957933,2.471473548820098,2.5202448122230128,2.5911349954846608,2.6932737083897065,2.839092039113146,3.045063235020001,3.3319311566861596,3.723228730301287,4.239458089287861,4.8829358546977595,5.606171433581419,6.2632378761813685,6.598809670074375,6.598809669959023,6.263237875855798,5.606171433197267,4.882935854357811,4.239458089035092,3.7232287302097284,3.3319311567474807,3.04506323496017,2.839092039065209,2.693273708187791,2.5911349953748486,2.520244812017259,2.471473548846312,2.438218980837587,2.4157540948544023,2.400721854140551,2.390757834433631,2.3842125190217347,2.37994797658914,2.3771893455885653,2.375416761656061,2.3742873064558463,2.3735793590921435,2.373153712120033,2.3729272729781625,2.3728563231689743
2.3728873445471432,2.372958234699377,2.3731844919676264,2.373609826676108,2.3743173163741353,2.3754461431342384,2.377217887243169,2.3799754066867274,2.3842384755556676,2.3907818226670257,2.4007431894043934,2.415771824369711,2.4382317793846924,2.4714795831175143,2.5202415656502515,2.591119049086809,2.6932404731299755,2.839035448134163,3.0449754267528686,3.3318022436167336,3.723046866409835,4.239210294619968,4.882610439243351,5.605763288000875,6.262757470405197,6.598291503660369,6.598291503610727,6.2627574702518825,5.6057632878989105,4.882610439194968,4.239210294549246,3.7230468662764284,3.331802243420591,3.0449754266207716,2.839035447974694,2.693240473018379,2.5911190490183293,2.5202415654594663,2.4714795830025422,2.4382317793712787,2.4157718243552755,2.4007431893921454,2.3907818224763444,2.3842384753181505,2.3799754065184846,2.377217886972292,2.375446142934451,2.374317316517466,2.3736098268681056,2.3731844920220047,2.3729582348142864,2.3728873448216588
2.372922867980026,2.372993691582426,2.3732197472230734,2.3736447359546182,2.374351717957347,2.375479846650443,2.3772506582579225,2.3800069424379995,2.384268372452767,2.3908095289775213,2.4007679421084758,2.4157925608307784,2.4382470219924377,2.4714872881208922,2.520238927781137,2.5911022591385158,2.693204419079459,2.8389733742918053,3.044878582527282,3.3316596271490018,3.7228453025287878,4.238935353504868,4.882249133595248,5.605309955212045,6.262223770872815,6.597715803870506,6.597715803969449,6.262223771058401,5.605309955353283,4.882249133648194,4.238935353395035,3.722845302341461,3.3316596270133036,3.044878582528205,2.838973374281642,2.6932044190879676,2.591102258915844,2.5202389275846726,2.4714872878146488,2.4382470220565304,2.4157925607895865,2.400767942085858,2.390809528858565,2.3842683720271083,2.380006942073114,2.3772506579223682,2.3754798465972145,2.374351718109487,2.3736447362438473,2.373219747548851,2.3729936920097088,2.3729228682137657
2.372963171798713,2.373033923225084,2.3732597581850055,2.373684367803861,2.3743907934273536,2.37551815681571,2.3772879448778306,2.3800428726999887,2.384302501177887,2.3908412489756805,2.4007964117390004,2.415816608441406,2.4382650191875803,2.471496981639812,2.5202372275469487,2.5910849682627632,2.6931659091953772,2.838906208905786,3.044773134105032,3.3315037958738847,3.722624605424506,4.238633936511682,4.881852738302383,5.604812381546685,6.261637855942858,6.597083716473018,6.597083716488418,6.261637856014475,5.604812381607612,4.881852738341623,4.238633936487888,3.7226246054121006,3.331503795971854,3.0447731342364697,2.838906209019973,2.693165909021228,2.5910849680661214,2.5202372272461218,2.471496981414651,2.4382650190401263,2.415816608490158,2.4007964116368847,2.390841248920116,2.3843025008997314,2.3800428721861913,2.377287944643764,2.375518156738685,2.374390793514205,2.3736843681082513,2.373259758570396,2.3730339237745603,2.372963172445181
2.3730085626917257,2.37307923559957,2.3733048313311342,2.373729030280347,2.374434852168834,2.375561384830039,2.377330061240492,2.3800835142842014,2.384341182733512,2.390877307175714,2.40082892734707,2.4158443022018345,2.438286112476618,2.4715090145701946,2.520236826854831,2.59106755497103,2.6931253439742737,2.838834384581219,3.0446595586378566,3.331335290005609,3.722385402010776,4.238306785871196,4.88142213956697,5.604271614537263,6.261000918723005,6.596396509478054,6.5963965094051105,6.261000918609034,5.60427161446427,4.88142213960475,4.2383067860415204,3.7223854022550538,3.3313352902196,3.044659558731468,2.838834384634739,2.6931253439287928,2.5910675548006767,2.5202368264940676,2.471509014304619,2.4382861121909647,2.4158443022287104,2.400828927263778,2.3908773070951277,2.3843411824852163,2.3800835139148644,2.377330061183469,2.3755613848896235,2.3744348522005327,2.3737290303312415,2.3733048317811303,2.3730792361175967,2.3730085632915325
2.3730593719253985,2.3731299605312266,2.373355299579351,2.373779056939897,2.3744842300857667,2.3756098691554612,2.3773773487934426,2.380129211913248,2.3843847655380612,2.3909180566356523,2.4008658474015694,2.4158760070295457,2.4383106742514116,2.471523769370692,2.5202381213316967,2.5910504327638937,2.693083161942825,2.838758374596602,3.0445383789849507,3.3311547018691257,3.722128380112735,4.237954715938084,4.880958309319302,5.603688802982477,6.2603142681416095,6.5956555742392435,6.59565557428001,6.260314268206245,5.603688803101427,4.880958309409859,4.237954716024635,3.7221283802299494,3.331154701985055,3.0445383791231393,2.8387583746348017,2.6930831619475764,2.5910504325864916,2.5202381212082408,2.471523769109923,2.438310674140121,2.4158760068329617,2.40086584743831,2.3909180564586276,2.3843847654019417,2.380129211784749,2.3773773486758767,2.375609869291411,2.3744842300645153,2.3737790569860735,2.3733552998173804,2.37312996090116,2.373059372367081
2.373115956135634,2.3731864546956127,2.373411520226568,2.373834807192892,2.3745392885273247,2.3756639741259677,2.377430174538729,2.380180337004661,2.384433625611618,2.3909638783170664,2.400907559278202,2.415912116759414,2.438339107952507,2.4715416601211673,2.520241540182467,2.5910340501535476,2.6930398390980095,2.8386786932604693,3.044410163815986,3.33096267594337,3.7218542880684695,4.237578612725789,4.8804623058978915,5.6030651982208655,6.259579329965727,6.594862426170552,6.59486242629998,6.259579330288946,5.603065198576511,4.880462306064328,4.237578612729441,3.7218542880034877,3.33096267590847,3.044410163818085,2.8386786932357873,2.6930398390684167,2.5910340500941946,2.5202415401504332,2.471541660157076,2.438339107967926,2.4159121166871995,2.400907559247185,2.3909638781619176,2.384433625504381,2.380180337089162,2.3774301745194593,2.375663974082378,2.3745392885620347,2.373834807254937,2.373411520355032,2.373186454897064,2.3731159562140975
2.3731786946970868,2.3732490985309598,2.373473874874353,2.3738966644432176,2.37460041353879,2.3757240885099926,2.3774889315735113,2.3802372869743977,2.384488165184367,2.391015180567361,2.400954477972595,2.4159530548922294,2.4383718466843316,2.4715631325844587,2.5202475448545743,2.5910188906000085,2.6929958887019434,2.838595895971139,3.0442755273152127,3.3307599085502737,3.7215639353127346,4.237179435523488,4.879935275141196,5.602402154786485,6.258797646949387,6.5940187044988985,6.594018704532136,6.2587976470578885,5.60240215494003,4.879935275373776,4.237179435681123,3.72156393527824,3.3307599084076607,3.0442755271192325,2.8385958958134143,2.692995888580488,2.591018890659087,2.520247544997895,2.4715631328891727,2.4383718468131312,2.4159530550837176,2.4009544778740466,2.3910151805793336,2.3844881651245076,2.380237287048321,2.3774889315294265,2.3757240883049957,2.374600413554639,2.373896664518097,2.373473875046065,2.3732490986958896,2.3731786949702545
2.3732479908813437,2.373318295203915,2.3735427680818058,2.3739650349715764,2.374668014353136,2.3757906251054113,2.377554036901232,2.3803004838325625,2.3845488120517424,2.391072398405631,2.4010070458037,2.4159992733619906,2.4384093529725197,2.4715886632525734,2.5202566295578883,2.591005472164413,2.6929518613270473,2.8385105786302174,3.0441351292609116,3.3305471488858247,3.7212581931553705,4.236758217021216,4.879378450420953,5.601701130217581,6.2579708791851365,6.593126173510226,6.593126173455944,6.257970879064284,5.60170113018985,4.879378450493455,4.236758217077571,3.7212581932169306,3.3305471488725864,3.0441351291230996,2.838510578389756,2.6929518611352736,2.5910054721473057,2.520256629823919,2.4715886635764903,2.4384093533518776,2.4159992735851112,2.4010070458836084,2.3910723984616586,2.384548812289218,2.3803004838767485,2.377554036837542,2.3757906248133724,2.3746680142440058,2.3739650351704586,2.373542768181748,2.3733182953522616,2.3732479912299143
2.3733242684758857,2.3733944689203903,2.3736186252479685,2.3740403470553177,2.3747425219277916,2.3758640189977913,2.377625930821651,2.380370373521781,2.3846160193540364,2.391135991989176,2.401065732284286,2.4160512512825023,2.4384521186873105,2.4716187587156884,2.5202693205690414,2.5909943466844814,2.6929083443518422,2.838423378212114,3.043989675851845,3.330325199222196,3.7209379949782257,4.236316063377005,4.878793152840683,5.600963686178145,6.25710080543289,6.592186723911174,6.592186723955753,6.257100805458358,5.600963686128145,4.8787931527241755,4.236316063279125,3.72093799490423,3.3303251991728104,3.0439896758263445,2.8384233781255723,2.6929083443440796,2.5909943467439147,2.52026932079021,2.4716187589552385,2.4384521190456288,2.4160512514328967,2.4010657323948803,2.3911359921137776,2.384616019724938,2.3803703736690434,2.377625930846092,2.375864018981387,2.3747425218324034,2.3740403471533806,2.373618625438056,2.373394469047071,2.3733242686360865
2.3734079706267837,2.3734780635977812,2.3737018921120585,2.3741230485556355,2.3748243880263464,2.375944726973871,2.377705075627762,2.3804474249102308,2.384690263572834,2.3912064462153513,2.401131032190577,2.41610949484891,2.4385006634872566,2.4716539553202868,2.520286175506508,2.590986100390648,2.692865962751424,2.8383349729467358,3.0438399194934576,3.33009491461117,3.720604335841298,4.235854154736228,4.878180792568213,5.60019148976005,6.256189324614547,6.591202373563513,6.591202373565805,6.256189324664359,5.600191489836016,4.878180792573335,4.235854154684175,3.720604335707844,3.3300949144383476,3.0438399193329007,2.8383349729467837,2.6928659629018945,2.5909861006804245,2.520286175806009,2.471653955563589,2.4385006635881807,2.4161094948791844,2.4011310321590456,2.3912064464338743,2.384690263806748,2.3804474252752326,2.377705075772224,2.3759447272757637,2.374824388140265,2.374123048656126,2.373701892288504,2.3734780636228017,2.3734079705807467
2.373499558822375,2.3735695409958524,2.3737930322660317,2.374213606273384,2.3749140837560385,2.3760332255201893,2.3777919538468546,2.380532128553482,2.3847720430759116,2.3912842698520365,2.4012034647357416,2.4161745363867744,2.438555534353024,2.47169481890212,2.520307783824955,2.5909813535853115,2.6928253783228686,2.8382460817392445,3.0436866583419016,3.3298572032199503,3.7202582739949808,4.235373746653284,4.8775428700506085,5.5993863142955265,6.255238455798057,6.590175268019641,6.59017526808181,6.255238455989501,5.599386314405462,4.877542870126563,4.235373746758874,3.720258273996194,3.3298572030829856,3.0436866581582476,2.838246081680023,2.6928253784547675,2.5909813539139677,2.5203077841681174,2.4716948192199113,2.4385555343852086,2.416174536262937,2.401203464675383,2.3912842699217856,2.3847720432686277,2.3805321288697616,2.3777919542396715,2.3760332259427988,2.374914084107486,2.374213606426908,2.373793032466041,2.3735695410217597,2.373499558542852
2.373599509870836,2.3736693792421266,2.373892525925717,2.374312503812622,2.375012097705218,2.376130008979978,2.377887067389099,2.380624994478285,2.384861877862163,2.3913699933599895,2.401283573033399,2.4162469331025402,2.4386173058167158,2.471741944362448,2.5203347659991273,2.5909807599878594,2.6927872893517626,2.8381574642362644,3.0435307372639886,3.3296130275111078,3.719900931413935,4.234876170678013,4.876880976179108,5.59855003995027,6.254250339982748,6.589107682510135,6.589107682596794,6.254250340192828,5.598550040147446,4.876880976347635,4.234876170783772,3.719900931536628,3.329613027561863,3.043530737299371,2.838157464265299,2.6927872894147558,2.590980760072354,2.5203347661651434,2.471741944536445,2.438617305852139,2.416246933145722,2.4012835731966784,2.3913699933366073,2.38486187793056,2.380624994608503,2.3778870678978987,2.3761300093165865,2.3750120981052216,2.3743125040801454,2.3738925261320047,2.3736693793894865,2.3735995098493987
2.373708315469603,2.37377807057294,2.374000867549654,2.374420239653361,2.375118933835216,2.376235587888377,2.3779909354647244,2.380726550952217,2.384960307442428,2.391464168403232,2.40137192331563,2.416327267216881,2.438686578663944,2.4717959546522383,2.5203677726962024,2.5909850062865285,2.692752430975771,2.838069921751264,3.0433730484702046,3.329363404672702,3.7195334943081653,4.234362834739154,4.876196793737199,5.59768465558289,6.253227241345035,6.588002022866214,6.588002022953024,6.253227241494403,5.597684655801453,4.876196793970184,4.234362834928427,3.7195334943932807,3.3293634048031504,3.0433730486749204,2.8380699219618313,2.69275243111824,2.590985006325023,2.5203677726742275,2.4717959545150903,2.4386865785773306,2.416327267350513,2.401371923593981,2.3914641686210456,2.3849603074327232,2.3807265510983884,2.377990935709247,2.3762355882064874,2.375118934044602,2.374420240050545,2.374000867727859,2.373778070790743,2.37370831568022
2.3738264785993164,2.373896118801061,2.3741185636227113,2.374537325063907,2.3752351090955734,2.3763504875962362,2.378104092107321,2.3808373435545804,2.385067889558681,2.3915673674855427,2.4014691032964226,2.416416144222607,2.4387639787352593,2.4718575001864203,2.520407485012006,2.5909948130838445,2.692721575953017,2.83798429744072,3.043214531734131,3.329109406746668,3.7191572139728626,4.2338352250737,4.875492099044851,5.596792259949791,6.252171548863353,6.586860827633589,6.586860827661571,6.252171548976339,5.596792260148875,4.875492099235215,4.233835225228556,3.7191572140634026,3.3291094069357516,3.0432145319505675,2.8379842976967327,2.6927215761300283,2.5909948132511684,2.52040748500343,2.4718574999816476,2.438763978574132,2.416416144248737,2.4014691034422926,2.391567367698949,2.3850678896955855,2.3808373438305885,2.378104092284127,2.3763504878106545,2.375235109195048,2.374537325308593,2.374118563798487,2.3738961189955887,2.3738264789817984
2.3739545114059086,2.3740240369748578,2.3742461304592806,2.3746642812431618,2.375361151722418,2.376475245323384,2.3782270854845478,2.3809579332443143,2.385185199352293,2.391680181258187,2.4015757210873176,2.4165141920331146,2.438850157023524,2.471927259401376,2.520454614947095,2.591010934824465,2.6926955344721137,2.8379014766532773,3.0430561751609293,3.328852162618924,3.718773408791531,4.233294907505311,4.874768763452762,5.595875064036449,6.251085778857767,6.585686770230111,6.585686770204441,6.251085778920632,5.595875064129878,4.874768763609076,4.233294907555522,3.718773408814533,3.3288521627452146,3.043056175433038,2.8379014769139537,2.6926955346698134,2.5910109350132364,2.520454614927056,2.471927259333167,2.438850157019582,2.416514192060578,2.4015757210141246,2.39168018118239,2.385185199527267,2.3809579334602384,2.378227085850645,2.3764752455193006,2.375361151941929,2.3746642812015866,2.3742461306306235,2.3740240370955537,2.373954511726775
2.374092932304224,2.3741623445335973,2.3743840912904055,2.374801636819827,2.3754975993226286,2.376610408693857,2.378360476158447,2.381088894047576,2.3853128270873794,2.391803217451022,2.4016924046130814,2.416622061261714,2.4389457899617577,2.4720059388487274,2.5205099054034688,2.591034160295506,2.6926751552444848,2.8378223887060567,3.042899017472419,3.3285928596045404,3.7183834659528148,4.232743530232443,4.874028756564395,5.594935393976665,6.249972577802332,6.584482662305382,6.58448266229362,6.249972577777936,5.5949353939658355,4.874028756543684,4.232743530199582,3.7183834659496444,3.3285928596738996,3.042899017690245,2.8378223889729113,2.69267515554276,2.5910341603607114,2.5205099052897593,2.472005938844518,2.4389457901124603,2.4166220613975353,2.4016924045683345,2.3918032173292527,2.385312827107973,2.3810888940992974,2.378360476278595,2.376610408919921,2.375497599629775,2.3748016369917617,2.3743840913871925,2.3741623446699407,2.3740929323047317
2.3742422628733557,2.3743115648698856,2.3745329733569838,2.374949926562018,2.3756449958555557,2.3767565335689813,2.3785048335283725,2.3812308119170127,2.3854513769874064,2.39193710123092,2.401819801995474,2.4167404254634004,2.4390515796225887,2.4720942736947915,2.520574131484544,2.5910653146826372,2.6926613284005123,2.8377480095304004,3.042744150483978,3.328332746851963,3.7179888456031147,4.232182827698664,4.873274150169605,5.5939756955896405,6.2488347272569005,6.583251458448287,6.583251458480789,6.248834727156178,5.593975695450186,4.873274149980215,4.232182827601096,3.7179888455928185,3.328332746922989,3.0427441505990647,2.8377480097277075,2.6926613286046672,2.5910653146830485,2.520574131422205,2.4720942737309004,2.439051579760276,2.4167404255434106,2.4018198020317536,2.3919371012502584,2.385451376993324,2.3812308119354095,2.378504833408248,2.3767565336740755,2.375644995986111,2.3749499269028296,2.3745329734613603,2.374311565053373,2.3742422627446294
2.374403025401401,2.374472222327989,2.3746933057475372,2.37510968772509,2.375803888827203,2.3769141814440755,2.37866073539172,2.3813842841368382,2.3856014678310316,2.3920824751792336,2.4019585819011864,2.4168699818799864,2.439168255563905,2.472193030769207,2.5206481044515376,2.59110526380661,2.6926549892597866,2.837679366286775,3.0425927248093765,3.328073141331059,3.7175910867752964,4.231614627118241,4.8725071253303645,5.592998541542452,6.247675151196079,6.581996263866408,6.581996263809157,6.247675151117945,5.592998541309936,4.872507125078626,4.2316146269367625,3.7175910867415123,3.3280731413251465,3.0425927248262137,2.837679366447991,2.692654989304356,2.5911052637250687,2.520648104460275,2.4721930308984166,2.43916825567217,2.416869981830345,2.401958581847799,2.3920824752362093,2.3856014679057984,2.381384284282734,2.3786607354883045,2.376914181328293,2.375803888787912,2.3751096877190894,2.374693305815047,2.3744722223941577,2.374403025626202
2.374575740717993,2.374644838803939,2.3748656162847204,2.3752814567997467,2.3759748282183484,2.377083918409752,2.3788287681268137,2.3815499193641623,2.3857637335084734,2.3922400008003,2.40210943606925,2.417011455733773,2.439296580218991,2.472303014629274,2.520732677898489,2.5911549210854017,2.6926571269228807,2.8376175467562486,3.042445959280678,3.3278154377769376,3.717191818106343,4.231040859732348,4.871729983969097,5.592006643485016,6.246496928489332,6.58072034658332,6.580720346511198,6.246496928360792,5.5920066432463456,4.871729983698199,4.231040859474384,3.71719181800207,3.327815437691092,3.0424459592927957,2.8376175467968383,2.69265712684917,2.5911549210253395,2.520732677978186,2.472303014683344,2.439296580200904,2.41701145562322,2.402109436021796,2.392240000869582,2.3857637335943345,2.38154991956503,2.3788287683380416,2.3770839183261945,2.3759748281478403,2.3752814565917637,2.374865616146967,2.374644838632549,2.374575740853455
2.3747609236166674,2.3748299311921297,2.3750504288422616,2.3754657692306216,2.3761583655959804,2.377266316118637,2.3790095269007465,2.381728339723545,2.385938826261461,2.392410363816906,2.4022730866537603,2.41716560878607,2.4394373584532207,2.4724250782786483,2.5208287605931967,2.591215261827361,2.6926687993345197,2.8375637150730753,3.0423051581308007,3.3275611267452203,3.7167927765097533,4.230463580157407,4.870945168992318,5.591002872535132,6.24530331355124,6.5794271587974125,6.579427158738559,6.245303313256405,5.591002872271324,4.870945168673728,4.230463579914386,3.7167927763371984,3.327561126649395,3.0423051581768523,2.837563715012302,2.6926687992005727,2.5912152617684394,2.5208287606598003,2.4724250782303483,2.4394373582511424,2.4171656086414397,2.4022730867090765,2.392410363980051,2.3859388263921675,2.381728339780678,2.3790095269070815,2.3772663161151546,2.3761583655270835,2.375465769221414,2.375050428594136,2.37482993100829,2.374760923272661
2.3749590815583095,2.375028010737641,2.3752482631249547,2.3756631597492164,2.376355054839986,2.3774619533750463,2.3792036197062334,2.381920187108037,2.386127426121794,2.392594285585188,2.402450299621503,2.417333254758166,2.4395914558854623,2.472560144498377,2.520937339632855,2.591287348181368,2.692691160225371,2.8375191406466076,3.0421717410491853,3.3273118259136503,3.7163958398064483,4.229885000049699,4.870155298495326,5.589990294365933,6.244097771965547,6.578120372718347,6.578120372577815,6.2440977715933155,5.589990293972772,4.870155298180519,4.229884999840703,3.7163958396366517,3.327311825895669,3.0421717410937164,2.8375191404869415,2.6926911600465027,2.591287348107038,2.5209373395526016,2.4725601443766174,2.43959145568135,2.4173332546864974,2.4024502996537374,2.392594285637036,2.386127426203101,2.3819201871176885,2.379203619692066,2.377461953395912,2.3763550547579264,2.3756631596366975,2.375248262979264,2.3750280106377697,2.3749590812642576
2.3751707165955422,2.375239583254885,2.37545963641671,2.375874163616174,2.3765654569065764,2.3776714231853178,2.379411678208658,2.382126137292454,2.3863302576650667,2.3927925436998194,2.402641909558489,2.417515289125719,2.4397598326565677,2.47270924295171,2.521059521146214,2.591372373683962,2.6927255065345967,2.837485248137997,3.0420472955916136,3.3270693345164015,3.7160030827514956,4.229307545508063,4.869363224729168,5.588972228870843,6.24288404139018,6.576803941598143,6.576803941434555,6.2428840410569215,5.5889722284582595,4.869363224467097,4.229307545335833,3.716003082653601,3.327069334515647,3.042047295480667,2.8374852478985986,2.6927255063574,2.5913723736167786,2.5210595210566207,2.4727092427907817,2.4397598325036434,2.417515289042682,2.402641909508543,2.3927925436105477,2.3863302576247967,2.3821261373332385,2.37941167830702,2.3776714232240734,2.376565456788893,2.375874163260476,2.3754596362609877,2.3752395831908064,2.375170716681217
2.375396328582031,2.3754651529022985,2.375685068072132,2.376099325069374,2.376790150997016,2.377895348646459,2.3796343773970348,2.382346924764439,2.386548121223694,2.393006010261941,2.4028488649387763,2.4177127405089935,2.4399436015043228,2.4728735750603192,2.5211966016117184,2.5914717395754683,2.6927733597932684,2.837463703140117,3.0419336664858827,3.326835725792648,3.715616872229032,4.228733954515503,4.868572133385671,5.587952351487663,6.241666233682505,6.575482202592346,6.575482202510044,6.241666233438064,5.587952351281104,4.868572133223184,4.2287339544247775,3.715616872160409,3.3268357256521086,3.041933666145282,2.8374637028965912,2.6927733597170054,2.5914717395798497,2.5211966015322727,2.472873574877427,2.4399436014168336,2.417712740394848,2.4028488647785875,2.39300601017356,2.3865481211724977,2.382346924794078,2.379634377398003,2.377895348553684,2.3767901508809812,2.376099324817948,2.375685067845176,2.3754651528056483,2.3753963283673625
2.375636422954088,2.3757052327874537,2.3759250923784134,2.376339214387623,2.3770297562068055,2.378134410342132,2.379872471384678,2.3825833877314464,2.3867819484363535,2.3932357176069283,2.403072304610486,2.4179268589000737,2.4401441272403708,2.4730546237998574,2.521350187328364,2.5915871835342874,2.6928366027139115,2.8374565556373725,3.0418331050020977,3.3266135014236613,3.7152400258021996,4.22816743931135,4.867785708842504,5.5869348608057665,6.240449003945102,6.574160046854138,6.574160046846895,6.240449003864288,5.586934860777175,4.867785708784004,4.228167439284868,3.715240025755795,3.326613501129327,3.0418331045601024,2.8374565554695215,2.6928366027148916,2.5915871835184694,2.521350187191065,2.4730546236553117,2.4401441271942814,2.4179268588661165,2.403072304518263,2.3932357175135825,2.3867819482981236,2.3825833876720393,2.3798724712655392,2.3781344101795128,2.377029756055778,2.376339214192516,2.3759250921083397,2.3757052326058083,2.3756364227779936
2.3758915315113187,2.3759603653987997,2.376180283283506,2.3765944569720605,2.3772849694180866,2.3783893955258666,2.3801268554448756,2.382836544805412,2.387032894373133,2.393482968014235,2.4033136859133104,2.4181592618581824,2.4403631904487217,2.473254334941797,2.521522391425441,2.591720990972146,2.692917703339787,2.837466475156931,3.0417485135441575,3.3264058439984003,3.7148760708611652,4.227611950675364,4.867008403117198,5.585924750699719,6.2392378256817,6.572843195682272,6.572843195658877,6.2392378256895915,5.585924750675789,4.867008403108857,4.227611950699969,3.714876070813452,3.326405843708317,3.041748513239366,2.8374664750293124,2.6929177032985128,2.5917209908312007,2.521522391248239,2.473254334894397,2.4403631904834384,2.4181592618911574,2.403313685870676,2.3934829678668628,2.387032894230422,2.3828365446159796,2.3801268553256234,2.3783893953891564,2.377284969144775,2.3765944566632515,2.3761802830488685,2.3759603651815664,2.375891531418722
2.376162246649772,2.3762311581973705,2.376451295044649,2.3768657847618755,2.377556630015414,2.3786612797055016,2.3803986672138477,2.3831077193897707,2.387302488276321,2.3937495119751078,2.4035749913218187,2.4184121700179215,2.4406032518053724,2.473475408133026,2.521716150306281,2.591876334353938,2.693020074247663,2.8374971273582497,3.0416838369198524,3.3262170201997114,3.7145296576785034,4.227072599227079,4.866245863905141,5.58492824383447,6.2380394279824065,6.571538639750346,6.571538639722508,6.238039427959971,5.584928243747894,4.86624586389799,4.227072599293889,3.7145296575888076,3.326217020002029,3.041683836802659,2.837497127288304,2.693020074155896,2.5918763341490765,2.5217161501706937,2.473475408182867,2.4406032518060146,2.4184121699734233,2.403574991275064,2.3937495118312238,2.387302488182587,2.383107719262431,2.380398667062619,2.3786612794644446,2.3775566297690673,2.376865784530179,2.3764512947112846,2.376231157825703,2.3761622462813645
2.3764492757977247,2.3765183427562238,2.3767389306631963,2.3771541190744987,2.3778458232721205,2.3789513558045248,2.3806894479904614,2.383398737352271,2.387592870791668,2.3940378283041475,2.4038590536430333,2.418688777355322,2.440867866586877,2.4737217537543215,2.521935719498401,2.5920578041960747,2.6931486345840363,2.8375537623752423,3.0416446724919126,3.3260530093007574,3.7142072027175423,4.2265563112337725,4.865505599994332,5.583953465258859,6.236862474552029,6.5702553213127635,6.570255321321498,6.236862474542172,5.583953465186577,4.865505600022348,4.226556311222137,3.7142072025329806,3.326053009166499,3.041644672486845,2.837553762419702,2.693148634507023,2.592057804091982,2.5219357194702705,2.473721753764672,2.440867866502646,2.418688777258868,2.4038590535475954,2.3940378282548007,2.3875928706512877,2.383398737182579,2.3806894478305023,2.3789513558263526,2.377845823072306,2.3771541186295435,2.376738930264048,2.376518342339227,2.3764492755565443
2.3767535305245966,2.376822867188394,2.3770442476619222,2.377460698567984,2.378154039831956,2.3792614339515668,2.3810013900610825,2.3837122291589767,2.3879071575978847,2.394351553684631,2.404170053350481,2.418993817808988,2.441162318745518,2.4739991909958343,2.5221874310435366,2.592272219399681,2.69331066643829,2.8376441104789425,3.0416391984942153,3.3259224581895968,3.713917865606353,4.226072822968233,4.864797990286826,5.583011462553769,6.235718591938298,6.569005166211027,6.569005166260499,6.23571859200734,5.5830114626129275,4.864797990355309,4.2260728228042295,3.7139178653897393,3.325922458069711,3.0416391985676023,2.837644110536499,2.6933106663996655,2.5922722193765497,2.5221874311086263,2.4739991910070405,2.4411623187196625,2.4189938177487953,2.4041700532355588,2.3943515534977986,2.3879071573566986,2.383712229076796,2.381001390057932,2.37926143393405,2.3781540396035648,2.377460698072155,2.377044247391403,2.3768228669081837,2.3767535301528917
2.377076257506377,2.3771460339785873,2.377368715659825,2.3777872708124215,2.378483413385572,2.379594137825171,2.381337704448584,2.384052080047839,2.388249980561303,2.39469612163496,2.4045142598013913,2.41933440897154,2.4414945647746507,2.474316486922352,2.5224808195882944,2.592529831151799,2.6935170862128075,2.837779710094302,3.0416795491486357,3.3258380944394155,3.713674993007723,4.225636149282907,4.864137772332699,5.5821177096348675,6.234623884332454,6.56780460415448,6.567804604201234,6.234623884485253,5.5821177098226125,4.864137772389196,4.225636149089957,3.7136749928729573,3.3258380944054977,3.0416795491642876,2.8377797099899453,2.6935170861305213,2.592529831211823,2.522480819736228,2.474316487003417,2.441494564867475,2.4193344089369253,2.404514259610846,2.394696121392962,2.3882499804811568,2.3840520799081446,2.381337704373621,2.3795941376705008,2.3784834131517925,2.3777872706201926,2.377368715368665,2.3771460337612904,2.3770762572352546
2.377419226622205,2.3774896979285485,2.377714443312223,2.378136366362905,2.378837061484525,2.3799533315521537,2.381703151110433,2.3844240791773106,2.388628269947016,2.395079687147013,2.4049011040792916,2.419721274156414,2.4418766011852404,2.4746868609424015,2.522830252295555,2.5928460637842763,2.6937842807156205,2.837977823670119,3.041783795367232,3.3258187594709683,3.7134981928934354,4.2252666911500745,4.863546175864666,5.581294261185076,6.233601102385007,6.566676745076434,6.566676745068423,6.2336011026204385,5.581294261467777,4.863546175875856,4.225266691043916,3.713498192832246,3.325818759521739,3.0417837952137794,2.8379778234444646,2.6937842806210917,2.592846063908498,2.5228302524039914,2.474686861066201,2.4418766012486333,2.419721274200859,2.404901104039878,2.3950796870111253,2.38862826981723,2.3844240790441322,2.381703150930518,2.379953331435641,2.378837061257294,2.3781363660977135,2.3777144431612056,2.377489697796674,2.377419226639141
2.37778499001516,2.377856537824576,2.3780844898784244,2.3785116775590334,2.379219558587022,2.3803447130075988,2.3821047781031757,2.384836828056981,2.389052350727703,2.395514425676301,2.4053446885247776,2.420170463246331,2.44232639089657,2.4751301039951885,2.523257222809589,2.5932439621933185,2.694136684782309,2.8382641227198775,3.041978715980311,3.325892247540486,3.713416226835132,4.2249941697721605,4.8630538903949745,5.580572746234264,6.232682655169371,6.565654400442758,6.565654400531188,6.232682655481454,5.580572746546025,4.863053890380999,4.224994169678717,3.713416226801,3.3258922475468924,3.0419787157957625,2.8382641225066036,2.6941366847854478,2.593243962271101,2.5232572228178807,2.4751301040405886,2.4423263909864397,2.420170463362299,2.405344688528047,2.3955144256334724,2.3890523506826846,2.384836827993669,2.382104778027007,2.380344712779386,2.379219558307037,2.3785116773789587,2.37808448973749,2.377856537728283,2.3777849898865147
2.378177220664416,2.3782504137034817,2.378483276981083,2.3789185611641805,2.3796375668001764,2.3807766098603382,2.382552918021027,2.385302969969235,2.3895374325880026,2.396018303969666,2.405865849214521,2.420705707911214,2.4428705011065603,2.475675479942017,2.523793489300891,2.5937575343547854,2.6946102947789154,2.8386763389911343,3.0423035573141544,3.3260991485182574,3.713470917017812,4.22486158297068,4.862705060803835,5.579998393996764,6.231914657629752,6.5647841418777935,6.564784142043538,6.231914657886973,5.579998394179701,4.862705060774362,4.224861582908399,3.7134709170479168,3.3260991484481757,3.042303557138488,2.838676338874485,2.694610294827647,2.593757534305207,2.5237934893466463,2.4756754799697562,2.442870501145063,2.420705707891606,2.405865849305348,2.3960183040553633,2.3895374326890595,2.3853029699241266,2.3825529178676774,2.3807766098021808,2.3796375665898104,2.378918560921472,2.378483276796989,2.3782504135339138,2.378177220650728
2.3786011357359462,2.3786768137864893,2.378917106544699,2.379364676362529,2.380100643428656,2.3812610061926853,2.383062483285408,2.3858407987720467,2.39010557091179,2.3966174212667988,2.406494892371493,2.421361553225045,2.4435476144893293,2.4763655864836402,2.524485244481141,2.594436183474983,2.6952573138488574,2.8392690768911786,3.0428149719589492,3.3264978806449275,3.713722247844286,4.224930358960233,4.862562481260553,5.579635259571381,6.23136217873792,6.564131560632422,6.564131560738075,6.231362178735481,5.57963525948473,4.862562481258902,4.224930359066514,3.71372224786901,3.3264978805303795,3.042814971812863,2.8392690768758078,2.695257313806694,2.5944361834429377,2.524485244463706,2.4763655864673675,2.443547614530464,2.4213615532821007,2.406494892470813,2.396617421442006,2.3901055708916363,2.385840798784652,2.3830624833027905,2.3812610061031685,2.3801006432451195,2.3793646760767313,2.378917106569414,2.378676813704709,2.3786011354584753
2.379063993566559,2.3791433812048495,2.3793947777471662,2.379860753971461,2.3806222271221094,2.381814812408679,2.3836545857427613,2.3864762904710806,2.3907881636875596,2.397349010531953,2.407275120483904,2.4221874059563593,2.444413074253221,2.4772613510201906,2.5253985007789654,2.5953504133593563,2.6961521071875265,2.8401199543157016,3.043593290948643,3.3271710524517686,3.71425478855385,4.2252868215458745,4.862714092720272,5.5795727469897685,6.231115784150736,6.5637878203522435,6.563787820378291,6.231115783952067,5.57957274677321,4.862714092689357,4.225286821691672,3.7142547885605164,3.3271710523343727,3.0435932909181598,2.8401199543509112,2.6961521070959913,2.5953504132515475,2.5253985006797786,2.477261351112231,2.4444130743328536,2.422187406108747,2.4072751205522622,2.3973490105652306,2.3907881638171955,2.3864762904373014,2.383654585710674,2.3818148122256506,2.3806222269495314,2.379860754070122,2.379394777709112,2.3791433811265756,2.3790639935744946
2.3795756336510503,2.3796604898040914,2.3799282722070165,2.3804214684509546,2.3812207786944133,2.382461362038878,2.384358477669722,2.387245573810233,2.391629025991974,2.3982651716205186,2.4082672506685268,2.4232526314358336,2.4455446180142624,2.478448329292392,2.5266258602637315,2.5965989656367174,2.697398605531581,2.8413371828789686,3.044750210417929,3.328233205483288,3.715185461806472,4.226049969357883,4.86328076882912,5.579933403073223,6.231299337461418,6.563877463069402,6.563877463010822,6.231299337261296,5.579933402824768,4.863280768781568,4.226049969442538,3.7151854617659583,3.328233205399391,3.0447502104891897,2.8413371828250313,2.6973986055124635,2.5965989656209945,2.526625860240044,2.4784483292746287,2.44554461812107,2.4232526314837135,2.408267250748926,2.398265171706302,2.3916290260495465,2.3872455737888636,2.384358477494405,2.3824613619512793,2.381220778639083,2.380421468509931,2.379928272330636,2.379660489851748,2.3795756334886615
2.3801489994706233,2.3802418086152204,2.380533445816937,2.381066349142175,2.381921014174035,2.3832320781452054,2.385213770344995,2.388197818668812,2.392688052433719,2.399437385824336,2.4095548178792257,2.4246528308144994,2.4470494604981385,2.4800444780506488,2.5282948303690915,2.5983175207552147,2.699139243026781,2.8430686195548756,3.046437866974905,3.329839858228917,3.716672530581879,4.227380403417304,4.864425194959579,5.580881763855885,6.2320788286095095,6.564567229156912,6.564567228958742,6.232078828317137,5.580881763669872,4.864425194984475,4.22738040343829,3.7166725305366026,3.3298398581816464,3.04643786691045,2.843068619543762,2.6991392431635597,2.598317520821599,2.5282948303982957,2.4800444779877706,2.44704946048848,2.4246528308536055,2.4095548178261863,2.3994373858757987,2.3926880524452208,2.388197818701685,2.385213770342496,2.383232077970345,2.3819210141879985,2.3810663493238016,2.38053344577733,2.3802418085220163,2.380148999570262
2.3808005500444147,2.3809047585909897,2.3812306252124515,2.381820622876075,2.3827551178804716,2.3841682005685114,2.3862728352486466,2.3893984756050863,2.394045447494777,2.400961851746295,2.4112506692618165,2.4265174658802415,2.449072933901601,2.482209621633221,2.530577880088303,2.6006890976195,2.701565478793681,2.845512239024245,3.0488591498640694,3.3321976054176417,3.718925478498932,4.229490013217755,4.866361402298997,5.582633782012592,6.233671736585714,6.566075390106345,6.566075389905691,6.233671736266282,5.582633781882371,4.866361402315103,4.229490013132158,3.718925478495546,3.3321976055130422,3.0488591498989295,2.845512239030431,2.701565478758972,2.6006890977625052,2.5305778801456893,2.4822096216683103,2.4490729337593025,2.426517465729576,2.411250669192931,2.4009618517046825,2.394045447561357,2.389398475668284,2.3862728352712184,2.384168200619173,2.3827551179078283,2.3818206227845424,2.381230625275508,2.380904758600315,2.3808005502295257
2.3815504263722334,2.381670724448512,2.3820449619634534,2.3827158286751793,2.3837637660023523,2.385322403625432,2.387603235205119,2.3909327588730265,2.3958064894389697,2.4029657085590888,2.4135047298637584,2.4290191180345837,2.4518090464275186,2.4851569916300384,2.533704570043312,2.603956378083677,2.7049299773660502,2.8489279289597786,3.052278980093488,3.3355748474562392,3.722215228777039,4.232651767989484,4.869364230692915,5.5854660608326645,6.236356121949212,6.568680774067806,6.568680773893827,6.236356121786372,5.585466060763785,4.869364230608033,4.23265176782179,3.7222152289101307,3.33557484768878,3.052278980183616,2.8489279289540197,2.7049299773246513,2.603956378125506,2.533704570083696,2.4851569915141973,2.451809046281904,2.4290191179007263,2.413504729816673,2.4029657085728213,2.395806489389746,2.3909327589705716,2.3876032353363335,2.385322403542431,2.383763766003207,2.382715828811425,2.3820449619971997,2.3816707246199713,2.3815504265812106
2.3824222028228665,2.3825648454384174,2.3830063528914676,2.3837899908027236,2.3849967282072035,2.3867600687400454,2.3892899761359,2.3929092339638482,2.3981068129526943,2.4056143069612492,2.4165134053150514,2.432384944454352,2.4555136630984817,2.4891675879649386,2.5379764315192204,2.6084364499343833,2.7095606838027,2.8536505534972525,3.0570362177535877,3.3403125641277973,3.7268839180827698,4.237208680969738,4.873777685675681,5.589723790674952,6.240478303142135,6.572730318513751,6.572730318418653,6.240478303085365,5.589723790607173,4.873777685607858,4.237208681005639,3.7268839181713314,3.3403125642296225,3.0570362179423327,2.8536505535293246,2.7095606838588813,2.6084364498194885,2.5379764313830373,2.489167587831715,2.455513662986403,2.432384944374466,2.416513405278181,2.405614307021231,2.3981068130731957,2.3929092339350677,2.389289976139967,2.3867600688578436,2.3849967282270446,2.3837899909389284,2.383006353038707,2.382564845702944,2.3824222031222906
2.3834420272802053,2.383615179810919,2.3841486961407927,2.385087085908885,2.386512752276871,2.3885599059648577,2.3914373099228428,2.3954633504844915,2.4011182576538577,2.409119877807326,2.4205313393319248,2.436911414919324,2.460521665457586,2.4946088190936186,2.5437859424413447,2.614539015075215,2.715877410277298,2.8601044258301496,3.0635558885077456,3.3468344420945133,3.7333532415567796,4.243580752701389,4.880020853752149,5.595825963458171,6.246457642347581,6.578643655245409,6.578643655351165,6.246457642454782,5.595825963489282,4.880020853715473,4.243580752793708,3.7333532416206685,3.3468344421973395,3.063555888630519,2.8601044258934647,2.7158774101839547,2.614539015032866,2.5437859423172737,2.4946088189898927,2.4605216653651647,2.4369114148245203,2.420531339398427,2.4091198779479943,2.401118257723418,2.3954633506481193,2.3914373100509803,2.388559905972727,2.3865127523894145,2.3850870860174025,2.384148696280705,2.3836151801173737,2.383442027556514
2.3846369475367357,2.3848510280775743,2.3855082308987074,2.3866554980762684,2.388378369257389,2.3908135329059297,2.3941697352704074,2.3987607233596804,2.405055405917449,2.4137522219032883,2.4258867867214207,2.4429842464949307,2.46727051815989,2.501960059542598,2.5516420778330304,2.6227900485548226,2.724412222269774,2.8688197216782627,3.0723615659152137,3.3556556300806384,3.7421302280634907,4.252268474137615,4.888589783289776,5.604266172858041,6.254786694636241,6.586912957352553,6.5869129576342305,6.254786695001958,5.60426617290209,4.888589783241341,4.2522684742286625,3.7421302281238473,3.355655630155889,3.0723615659762245,2.8688197218136433,2.72441222223602,2.6227900484636457,2.551642077795191,2.501960059471402,2.4672705181480663,2.4429842465569216,2.425886786718821,2.413752222094282,2.405055406183505,2.3987607235297,2.3941697354537084,2.3908135330087323,2.3883783693342644,2.3866554981291004,2.3855082309957045,2.3848510283856927,2.384636948299232
2.3860322501593623,2.3863002216571827,2.3871207100267036,2.388545122722819,2.390665177331654,2.3936234884049075,2.3976316759839515,2.402999816726206,2.4101829050414842,2.4198522780152913,2.433002495211226,2.451106551304483,2.476334163746698,2.5118494467108348,2.562206523772056,2.6338642143524313,2.7358358289087805,2.8804518816466906,3.084087942412102,3.3673893757221665,3.7538091680972236,4.263851283825833,4.900053542364338,5.615607117048009,6.266024795662488,6.598096107108462,6.59809610736043,6.266024795990347,5.615607117255522,4.900053542426473,4.263851283741287,3.7538091681508194,3.3673893757173556,3.0840879426251884,2.8804518817686704,2.735835828909023,2.633864214344488,2.5622065237259415,2.5118494467441788,2.4763341638079415,2.451106551387139,2.4330024955159253,2.4198522782028378,2.4101829052039188,2.402999817031891,2.397631676103351,2.39362348841961,2.3906651773691947,2.388545122800866,2.387120710410384,2.386300222225263,2.386032250698077
2.387647710327076,2.3879852466021525,2.3890171896660086,2.3908027588216183,2.3934450506011937,2.3970989213535665,2.401984942836215,2.4084132150818225,2.4168232276803923,2.4278492304061783,2.442424291402446,2.461939174276015,2.4884727258995665,2.525108092399763,2.5763463910010707,2.648630675145429,2.750992978702916,2.895805367424848,3.0994936092944587,3.3827506165845085,3.769068188271975,4.278979169712766,4.915042514534796,5.630466828471082,6.2807831110931875,6.612801217994267,6.612801218137205,6.280783111370858,5.63046682866367,4.915042514542106,4.2789791696540735,3.7690681882893835,3.382750616766401,3.099493609297604,2.8958053675221067,2.7509929788459835,2.6486306752101783,2.576346391039543,2.525108092438584,2.488472726136857,2.461939174507073,2.442424291535454,2.4278492306351636,2.4168232279271353,2.4084132152078084,2.401984942812463,2.3970989212435683,2.3934450506478258,2.3908027593476535,2.389017190152358,2.3879852473471077,2.3876477115085826
2.3894927809717994,2.3899181919951373,2.3912183005786547,2.3934654231644417,2.396782553714547,2.401347771636023,2.4074023058767846,2.415265485118084,2.425363030908004,2.438280284255576,2.454858409466679,2.4763567690233934,2.504703818410755,2.542848562056592,2.595209801236476,2.668217004696509,2.770949433641126,2.915862382584511,3.119473216385485,3.4025548416175497,3.788658403731108,4.298355264609055,4.934226846976391,5.64949465614399,6.299699271426036,6.631660684785828,6.631660684657582,6.299699271419182,5.649494656338449,4.934226847058632,4.298355264806422,3.788658403711774,3.4025548416781275,3.119473216314779,2.9158623826719547,2.770949433793705,2.6682170048006846,2.5952098014335947,2.542848562349979,2.5047038185217425,2.476356769180233,2.454858409728939,2.4382802843782807,2.425363031003076,2.415265485149217,2.407402305793275,2.4013477716069027,2.396782554044239,2.3934654236719597,2.3912183014893436,2.3899181931718974,2.3894927815664366
2.391560952181952,2.392094705307338,2.393727016604939,2.3965512608417416,2.4007236363116684,2.4064635889391135,2.414054076993082,2.4238431611905082,2.4362526162363025,2.451807573192128,2.471213485288043,2.4955182630698047,2.5263968660030196,2.5665702867293008,2.620326406219238,2.694091474373998,2.7970488346266937,2.9418134564097307,3.145065265999398,3.427708483317972,3.8133823061294323,4.322706631610057,4.958282764436794,5.673335119024321,6.323399975849184,6.65529327697844,6.655293276777642,6.323399975678339,5.673335119151682,4.958282764785269,4.322706631715485,3.8133823062249794,3.427708483210717,3.145065266048751,2.9418134563833584,2.7970488347970144,2.694091474820443,2.6203264065484095,2.5665702868278015,2.526396866206855,2.495518263324139,2.4712134854607046,2.4518075733427924,2.436252616237315,2.423843161125863,2.414054076982122,2.4064635889883896,2.400723636968173,2.396551261729644,2.393727017614128,2.3920947054939625,2.3915609515575387
2.3938237989405122,2.3944874247622456,2.3965202056094697,2.400047895742606,2.4052795472820345,2.412504302357221,2.422082432421684,2.4344280389578503,2.449985638498057,2.469215893715695,2.492629345113928,2.520934632028475,2.5553751094796966,2.5982771029608327,2.653717529530413,2.7281480652419745,2.83096451732121,2.9750767594959795,3.1774448742380943,3.4591827596715037,3.8440556262043724,4.352739333743051,4.987844188921454,5.7025779626330335,6.352450428160484,6.684253382177288,6.684253382041218,6.352450428077469,5.702577962798394,4.987844189245483,4.352739333889452,3.844055626203662,3.459182759796392,3.1774448743181796,2.9750767596949204,2.8309645176130354,2.7281480655421624,2.6537175298917437,2.598277103246537,2.555375109594578,2.5209346321316883,2.4926293453425457,2.4692158939053823,2.4499856385048475,2.434428038847601,2.422082432388357,2.412504302954823,2.405279547975924,2.400047896787382,2.3965202058031996,2.3944874240618543,2.3938237978321544
2.3962256124282337,2.3970397618287262,2.39953971311139,2.403898546236271,2.4104051863813103,2.4194597534090416,2.4315558011003,2.447238829372675,2.4670339972629756,2.491354494756203,2.5204451832812556,2.554479548831506,2.593967061902756,2.640545445445344,2.697954861423725,2.77273892822953,2.8747009362998988,3.0172720880491997,3.2178777530258835,3.4979554866287685,3.8814432307020312,4.389072452462138,5.023436940851057,5.737693248958615,6.387290273670045,6.718967427289059,6.7189674273422,6.387290273533782,5.737693249150092,5.02343694113237,4.38907245266545,3.8814432307826094,3.4979554867793556,3.217877753469849,3.0172720883429593,2.8747009364608935,2.772738928545789,2.6979548617093028,2.6405454455654533,2.593967062061014,2.5544795489313805,2.5204451834810264,2.491354494814569,2.467033997277497,2.447238829616559,2.4315558014301755,2.4194597539272786,2.410405187353973,2.4038985464263303,2.3995397126195,2.3970397609547986,2.396225611823899
2.3986799455187495,2.3996614229999316,2.4026844768150686,2.4079873203031585,2.4159724707625783,2.4272059078678274,2.4423949974707444,2.4623207676008163,2.487697641996813,2.518955213042324,2.5560086154748913,2.5982176199144824,2.6448633819410863,2.696384748083547,2.7560124960912087,2.8305214817288853,2.9304443444854495,3.0700810526769247,3.267592443238414,3.544895874037546,3.9261557320324134,4.432144808401514,5.065393314323732,5.778951433672609,6.428157059958071,6.759658934623734,6.7596589347949365,6.428157060164909,5.778951433534386,5.065393314391808,4.432144808758339,3.9261557325038856,3.5448958742716163,3.267592443481483,3.0700810530359215,2.9304443448848447,2.8305214818590585,2.7560124962514974,2.696384748234975,2.6448633819443454,2.5982176200579925,2.5560086155178476,2.5189552130676214,2.487697642278092,2.4623207677517414,2.442394997746726,2.4272059086299187,2.4159724709837866,2.4079873198998176,2.402684476200078,2.3996614225079353,2.3986799453672676
2.4010697984520752,2.4022276102361437,2.405806219723339,2.4121270900733713,2.4217426863956955,2.4354486496470176,2.454268453390658,2.4793656957419836,2.51182161939862,2.552229768442475,2.6001641699380365,2.6538274173425704,2.7105147078537715,2.768586790499915,2.8306169087717197,2.903878696326783,3.000093001581818,3.1348875098356057,3.327510782612975,3.6005614978816785,3.9784930443287907,4.482089870668211,5.1137471849469796,5.826330770261794,6.475000480002372,6.80626578597108,6.806265785998555,6.475000480194152,5.826330770185907,5.113747185068749,4.482089871135702,3.978493044707281,3.6005614983144043,3.3275107829795143,3.134887510052163,3.0000930018330574,2.9038786965052026,2.830616908913286,2.76858679054212,2.710514707695436,2.6538274172584435,2.6001641699621656,2.5522297684935236,2.5118216193513967,2.479365695978232,2.4542684539864235,2.4354486499048162,2.4217426861399214,2.4121270897111224,2.405806219450408,2.402227610219515,2.4010697983742215
2.403253302555976,2.4045841830534567,2.4087123803137236,2.416056154347336,2.427347860076218,2.4436715862544798,2.4664730585707897,2.4974719072059086,2.53836103417589,2.590163892282497,2.652243296141803,2.721354377792344,2.7917846819884677,2.8582043751527486,2.9227362311335203,2.993631717628178,3.0842856964545007,3.21209779044278,3.3977885051209102,3.664889016170042,4.038231574212105,4.538582362131061,5.168115706731085,5.8794187300036524,6.527394053252025,6.85835622844506,6.858356228503068,6.527394053156986,5.879418730207113,5.168115706796832,4.538582362405464,4.038231574766361,3.6648890164256844,3.3977885052155155,3.2120977907578316,3.084285696709816,2.993631717753186,2.922736231166173,2.8582043750784853,2.7917846819779557,2.721354377729345,2.652243295990887,2.5901638923175065,2.538361034398297,2.497471907804977,2.466473058913866,2.4436715860877687,2.4273478599816785,2.4160561542969683,2.408712380375761,2.404584183067425,2.4032533027016005
2.4050762595522386,2.406560745509286,2.4111803738001516,2.419452419861766,2.4322987129322415,2.4511204737734045,2.47785522299497,2.5149228374035704,2.564884545057111,2.6295713301171735,2.708544753676023,2.7972681921452303,2.8861386235984376,2.962345339941383,3.0293063297838594,3.0971118468717327,3.180985928997749,3.300190376428897,3.477207795816139,3.7368130355549893,4.104382586757849,4.600678061185526,5.2275842849967775,5.937320719287037,6.5844554332354255,6.915053834457795,6.915053834367246,6.584455433360975,5.93732071937091,5.227584285158387,4.600678061434946,4.104382587104051,3.736813035848748,3.477207795932207,3.3001903765012734,3.1809859291104092,3.097111847084625,3.0293063298633784,2.962345339941994,2.8861386235003317,2.797268192080954,2.7085447538871685,2.6295713303131083,2.5648845457488045,2.5149228377575987,2.477855222940891,2.4511204737982752,2.4322987130006224,2.4194524198995984,2.4111803738254998,2.406560745541344,2.405076259492378
2.406391386496281,2.407992057189345,2.412985738957393,2.4219732452587928,2.4360403505282493,2.4568731949673643,2.4868746427279733,2.5291769498483063,2.5873305421485004,2.6643317484532116,2.760758361469214,2.872435866721374,2.987828985452908,3.073482881973576,3.141950377152923,3.206831931210388,3.2843885273442424,3.394932378678918,3.562665850391138,3.8139514007714097,4.175002262874291,4.666695224261193,5.290625391959113,5.99859697945611,6.644791311484295,6.974985340724216,6.974985340830091,6.6447913116130435,5.998596979696107,5.290625392099864,4.6666952242689215,4.175002263048338,3.8139514010881395,3.5626658505538065,3.394932378698678,3.284388527146318,3.206831931100412,3.141950377137804,3.073482882044807,2.98782898551517,2.872435866894268,2.760758361868682,2.6643317493603944,2.587330542605322,2.529176949837633,2.4868746426531434,2.4568731952784395,2.4360403507460155,2.42197324525292,2.4129857386963107,2.407992057047009,2.406391386464239
2.407081564278279,2.4087450738235763,2.4139419311202186,2.423321410842564,2.438066134582126,2.4600353195270688,2.4919262462425857,2.5373506427854626,2.600600057542436,2.685773365743586,2.7952828714732094,2.929793940535873,3.0972237618935905,3.1845995681949444,3.2501349915385083,3.312268830633105,3.385695920733848,3.489623979848686,3.6492208708272345,3.8926022151262423,4.247184163990079,4.7342084919440985,5.355091707883857,6.061253359677915,6.706485851030324,7.036267729040575,7.036267729215118,6.706485851339459,6.061253359763162,5.355091707895079,4.734208491723134,4.247184163766863,3.8926022151563586,3.6492208708949905,3.4896239796711725,3.385695920377365,3.312268830127308,3.2501349914188733,3.184599568516279,3.097223762153586,2.9297939410780574,2.795282872586678,2.6857733662988403,2.6006000579486095,2.537350642838685,2.4919262464540015,2.4600353196994966,2.4380661345446724,2.423321410456961,2.413941931104393,2.408745073642874,2.4070815639750096
0.0,0.0,0.0,0.0,0.0,0.0,0.0,0.0,0.0,0.0,0.0,0.0,3.2557690169364792,3.295969867485555,3.3468905855634072,3.404757608856217,3.476345349456928,3.5769267933274898,3.7310733429191085,3.968271201266817,4.317349875914778,4.800215342803489,5.418316990280885,6.1228078229249645,6.767149963551993,7.096550349238504,7.096550349111052,6.767149963680029,6.1228078232605965,5.418316990181061,4.800215342424696,4.317349875440278,3.968271201092645,3.7310733427778335,3.5769267928520465,3.4763453489543243,3.4047576085909848,3.3468905854915905,3.2959698675396507,3.2557690171501004,0.0,0.0,0.0,0.0,0.0,0.0,0.0,0.0,0.0,0.0,0.0,0.0
0.0,0.0,0.0,0.0,0.0,0.0,0.0,0.0,0.0,0.0,0.0,0.0,3.3577077732795395,3.3829826231319955,3.4249174672572864,3.4797687184238546,3.5512889646184504,3.6514739680381836,3.8032475616188366,4.036655896920695,4.3818092623294,4.861464047346979,5.477323816460396,6.180438326157215,6.824040878682915,7.153123266848829,7.153123267100323,6.824040878653262,6.180438325949179,5.47732381651445,4.861464047144457,4.381809261830359,4.036655896150347,3.803247561082416,3.651473967875358,3.551288964294285,3.4797687180076027,3.4249174670756797,3.382982623014203,3.3577077726738396,0.0,0.0,0.0,0.0,0.0,0.0,0.0,0.0,0.0,0.0,0.0,0.0
0.0,0.0,0.0,0.0,0.0,0.0,0.0,0.0,0.0,0.0,0.0,0.0,3.428477042095586,3.448458897555257,3.485821852709946,3.5387680095148673,3.6105885316055564,3.711548148083646,3.86290467806676,4.094521341756341,4.437318127884402,4.914821149383751,5.52908807985388,6.2311949886703655,6.874249482767528,7.203094795580274,7.203094795224401,6.874249482405534,6.231194988471476,5.52908807953425,4.914821149193286,4.437318127347002,4.094521341066529,3.8629046775757008,3.711548147603536,3.6105885313490518,3.5387680093337606,3.4858218522432023,3.4484588968093335,3.428477041809355,0.0,0.0,0.0,0.0,0.0,0.0,0.0,0.0,0.0,0.0,0.0,0.0
0.0,0.0,0.0,0.0,0.0,0.0,0.0,0.0,0.0,0.0,0.0,0.0,3.4779632093656674,3.495856120836126,3.530991380186776,3.5828627427202964,3.654977361755069,3.7568703497951934,3.908631295680107,4.139669132501525,4.4812767516252565,4.957523869345263,5.570793621990709,6.2722476247122785,6.914942282048384,7.2436308316983204,7.243630831662916,6.914942281762697,6.272247624142572,5.570793621563335,4.957523869059368,4.481276751500155,4.139669132001106,3.9086312949114492,3.756870349496883,3.6549773616531946,3.5828627421691324,3.5309913793016725,3.495856120424119,3.4779632094907638,0.0,0.0,0.0,0.0,0.0,0.0,0.0,0.0,0.0,0.0,0.0,0.0
0.0,0.0,0.0,0.0,0.0,0.0,0.0,0.0,0.0,0.0,0.0,0.0,3.509926426535004,3.5269430471671352,3.5610274882381376,3.612354852978656,3.6846897000135654,3.7872990084417366,3.939600118944061,4.170600964584696,4.511716610914005,4.987332475829234,5.600060619274361,6.301147415060897,6.943637313610895,7.272236066977385,7.27223606684672,6.9436373132588605,6.301147414739464,5.60006061887245,4.987332475441958,4.511716610547071,4.17060096432233,3.939600118546102,3.787299007875784,3.684689699445697,3.612354852200484,3.5610274877006027,3.526943047038269,3.5099264266027603,0.0,0.0,0.0,0.0,0.0,0.0,0.0,0.0,0.0,0.0,0.0,0.0
0.0,0.0,0.0,0.0,0.0,0.0,0.0,0.0,0.0,0.0,0.0,0.0,3.525707494521529,3.5423931035157814,3.576057526171417,3.627163277601025,3.6996171850195965,3.8026036329716586,3.955242274166329,4.186323211306596,4.527285546954952,5.002653521445029,5.615153432673408,6.316081016508579,6.958481407629725,7.287040719346949,7.287040719364594,6.958481407700981,6.316081016405052,5.61515343228435,5.002653520897176,4.527285546465882,4.186323211124718,3.9552422738679223,3.802603632182344,3.699617183846314,3.6271632770775413,3.5760575259374296,3.5423931033433593,3.525707494397319,0.0,0.0,0.0,0.0,0.0,0.0,0.0,0.0,0.0,0.0,0.0,0.0
0.0,0.0,0.0,0.0,0.0,0.0,0.0,0.0,0.0,0.0,0.0,0.0,3.525707494550219,3.5423931036404523,3.5760575264174963,3.6271632777644736,3.699617185027367,3.8026036327282142,3.955242274290463,4.186323211381348,4.527285546791597,5.00265352145655,5.6151534325038925,6.3160810161827055,6.958481407528713,7.287040719401665,7.287040719642511,6.9584814077160795,6.316081016037312,5.615153432299841,5.00265352111018,4.527285546521474,4.1863232109703565,3.955242273722445,3.8026036319687297,3.69961718424046,3.6271632772850095,3.5760575260801906,3.542393103301876,3.5257074943264013,0.0,0.0,0.0,0.0,0.0,0.0,0.0,0.0,0.0,0.0,0.0,0.0
0.0,0.0,0.0,0.0,0.0,0.0,0.0,0.0,0.0,0.0,0.0,0.0,3.5099264270713237,3.5269430475130883,3.561027488467871,3.6123548533892356,3.684689700112693,3.787299008320301,3.9396001187317613,4.170600964728979,4.51171661097489,4.987332475358428,5.600060618759592,6.301147414796573,6.9436373134283995,7.272236067099801,7.272236066809415,6.943637313152408,6.301147414797778,5.600060618754923,4.987332475395827,4.511716610782558,4.170600964216179,3.939600117941605,3.787299007648402,3.684689699879656,3.6123548529353666,3.561027488019007,3.52694304697579,3.50992642654643,0.0,0.0,0.0,0.0,0.0,0.0,0.0,0.0,0.0,0.0,0.0,0.0
0.0,0.0,0.0,0.0,0.0,0.0,0.0,0.0,0.0,0.0,0.0,0.0,3.477963210062986,3.4958561212546995,3.530991380505075,3.5828627428799305,3.6549773619012655,3.7568703498097475,3.9086312953736884,4.139669132166643,4.4812767514270035,4.957523869161113,5.570793621745874,6.272247624358763,6.914942281752393,7.243630831354557,7.243630831404186,6.914942281608995,6.272247624134683,5.570793621744855,4.957523869197126,4.481276751199321,4.139669131597872,3.908631294922426,3.7568703496265363,3.654977361674794,3.5828627425823116,3.530991380139502,3.495856120758426,3.4779632095513477,0.0,0.0,0.0,0.0,0.0,0.0,0.0,0.0,0.0,0.0,0.0,0.0
0.0,0.0,0.0,0.0,0.0,0.0,0.0,0.0,0.0,0.0,0.0,0.0,3.4284770429460614,3.4484588979403186,3.4858218527422715,3.5387680095574643,3.610588531899811,3.711548147995123,3.8629046775484954,4.094521341177533,4.4373181275078935,4.914821149318598,5.5290880796217134,6.2311949882163775,6.874249482177578,7.203094794975745,7.203094794837285,6.874249482294679,6.231194988465216,5.529088079556371,4.914821149137341,4.437318127039443,4.094521341058995,3.862904677811784,3.7115481478939785,3.610588531634809,3.5387680094634026,3.4858218526445044,3.4484588976771686,3.4284770425218736,0.0,0.0,0.0,0.0,0.0,0.0,0.0,0.0,0.0,0.0,0.0,0.0
0.0,0.0,0.0,0.0,0.0,0.0,0.0,0.0,0.0,0.0,0.0,0.0,3.35770777379618,3.382982623335291,3.4249174673958236,3.479768718478223,3.5512889644683527,3.6514739679076764,3.803247561349489,4.036655896274832,4.381809261844731,4.861464046981256,5.477323816183342,6.1804383257627284,6.824040878207605,7.153123266325166,7.153123266573797,6.824040878370809,6.180438325752872,5.4773238162970985,4.861464046537988,4.381809261759136,4.0366558963950645,3.8032475615240897,3.651473968052289,3.5512889645770986,3.4797687183321386,3.424917467245372,3.382982623427233,3.3577077736755423,0.0,0.0,0.0,0.0,0.0,0.0,0.0,0.0,0.0,0.0,0.0,0.0
0.0,0.0,0.0,0.0,0.0,0.0,0.0,0.0,0.0,0.0,0.0,0.0,3.2557690169771925,3.2959698678561953,3.3468905857088695,3.4047576087552187,3.4763453492381475,3.5769267930504207,3.7310733427872065,3.968271200906486,4.317349875058025,4.8002153421638525,5.4183169898658985,6.12280782261063,6.767149963150758,7.0965503487912835,7.096550348711002,6.767149963111851,6.122807822758076,5.4183169894981305,4.8002153421411995,4.317349875376802,3.968271201234278,3.731073342915006,3.5769267932715456,3.476345349379481,3.4047576088056526,3.3468905856503066,3.2959698678344167,3.255769017088417,0.0,0.0,0.0,0.0,0.0,0.0,0.0,0.0,0.0,0.0,0.0,0.0
2.4070815646883426,2.4087450739969527,2.4139419310373107,2.423321410775562,2.4380661347157777,2.460035319746952,2.4919262460969183,2.5373506426843417,2.6006000573415826,2.685773365947,2.795282872091299,2.9297939418786507,3.0972237625708288,3.1845995686480877,3.2501349917563034,3.312268830485943,3.385695920311303,3.489623979496068,3.6492208704601623,3.892602214740805,4.247184163540094,4.734208491171858,5.3550917072123445,6.061253359385819,6.706485850762184,7.036267728707104,7.036267728773089,6.7064858507742855,6.061253358972371,5.35509170726232,4.73420849163273,4.247184163943347,3.892602215223158,3.6492208709043106,3.4896239799247586,3.385695920708427,3.3122688306192893,3.250134991728501,3.1845995686492623,3.0972237622458705,2.929793940978826,2.7952828718580216,2.685773366023457,2.600600057772559,2.5373506428801593,2.4919262461689704,2.4600353194024054,2.4380661345391954,2.423321410837345,2.413941931060481,2.408745073768114,2.4070815641718792
2.4063913867007876,2.4079920571897273,2.412985738743922,2.421973245350708,2.4360403507923,2.456873195069655,2.48687464257548,2.5291769495338534,2.5873305419827117,2.66433174874301,2.760758362280361,2.8724358672510824,2.987828985876729,3.0734828825419207,3.141950377404584,3.2068319308576343,3.2843885267665676,3.394932378133348,3.562665850196339,3.8139514007621473,4.175002262473886,4.666695223815928,5.290625391716296,5.998596979039758,6.644791311327566,6.974985340632099,6.974985340515645,6.6447913110462675,5.998596978976686,5.29062539199832,4.666695224235224,4.175002263054819,3.8139514010792985,3.5626658505253563,3.3949323787274253,3.2843885272647517,3.206831931346871,3.1419503775738353,3.073482882369343,2.987828985726799,2.872435866993751,2.7607583617314777,2.6643317486805276,2.5873305422628943,2.5291769498200085,2.486874642658259,2.456873194943681,2.4360403505172306,2.42197324521244,2.4129857388814773,2.407992057136803,2.406391386517994
2.4050762594862616,2.4065607454130102,2.411180373767257,2.419452419782944,2.4322987131502125,2.451120473634613,2.477855222641922,2.5149228367201597,2.564884545105864,2.629571330741354,2.7085447541551697,2.7972681926874268,2.8861386239416476,2.9623453400885755,3.0293063296910683,3.09711184662542,3.180985928695045,3.300190376209212,3.477207795540446,3.7368130355279674,4.104382586805142,4.6006780609143965,5.227584284732438,5.937320719297692,6.584455433143579,6.915053834313178,6.915053834114245,6.584455433038321,5.93732071945201,5.2275842849948075,4.600678061388324,4.1043825870566595,3.736813035767363,3.4772077957735976,3.3001903763699603,3.1809859290749847,3.097111847233957,3.029306330090401,2.9623453401595596,2.8861386238166635,2.7972681924298595,2.7085447539046905,2.6295713302298553,2.564884545096219,2.514922837419945,2.4778552229849407,2.451120473728623,2.4322987128600575,2.4194524197580076,2.4111803737916264,2.4065607455443825,2.405076259656813
2.403253302300466,2.4045841828531005,2.408712380205795,2.416056154636395,2.4273478600962233,2.4436715858053697,2.4664730577944662,2.497471907166688,2.5383610348068206,2.5901638928861614,2.652243296607795,2.721354377958565,2.7917846820487426,2.8582043750779036,2.9227362308273586,2.9936317175526006,3.084285696397326,3.2120977904024692,3.3977885050251295,3.664889016012182,4.03823157420993,4.538582362283633,5.168115706641583,5.879418729903843,6.527394053200866,6.85835622820423,6.858356228380951,6.527394053299674,5.879418730227195,5.168115706862981,4.538582362389007,4.038231574430882,3.664889016218745,3.397788505180416,3.2120977906396315,3.0842856966721905,2.993631717881013,2.922736231367413,2.8582043753907667,2.7917846821879766,2.721354377911666,2.6522432962115667,2.5901638923827366,2.5383610342874747,2.4974719072382516,2.466473058527175,2.4436715861744105,2.427347859974994,2.416056154346606,2.408712380370968,2.4045841830835446,2.4032533024903158
2.401069798259324,2.4022276103431817,2.4058062199626327,2.4121270902364738,2.421742685806452,2.4354486489304734,2.4542684531835026,2.4793656965052966,2.511821620183625,2.5522297688739415,2.6001641700109683,2.653827417185603,2.710514707644091,2.768586790341513,2.830616908717632,2.903878696157782,3.000093001608075,3.134887509748466,3.327510782454886,3.6005614978977567,3.9784930445814406,4.482089870822993,5.113747184899708,5.826330770281952,6.475000479949649,6.806265785927232,6.806265786067644,6.475000480404403,5.8263307704395615,5.113747185112042,4.482089870939057,3.9784930445826836,3.600561498070823,3.327510782749393,3.1348875098997917,3.000093001792905,2.9038786964956698,2.8306169090056055,2.76858679064996,2.7105147079142697,2.6538274174556404,2.6001641701259173,2.5522297686161806,2.5118216194738414,2.4793656957422643,2.4542684533417396,2.4354486495791012,2.421742686373807,2.412127090099071,2.4058062197047017,2.402227610170236,2.4010697983628337
2.3986799458332544,2.3996614229342734,2.4026844766969453,2.4079873196286976,2.4159724702398413,2.427205907735481,2.4423949983287474,2.4623207683499277,2.4876976423698305,2.5189552130207025,2.5560086152924275,2.5982176198408236,2.644863381812446,2.696384747959571,2.7560124959936405,2.830521481709185,2.9304443444562263,3.0700810526630478,3.267592443288294,3.5448958740193377,3.926155732287325,4.432144808783756,5.065393314460562,5.778951433511309,6.428157060036256,6.759658934978932,6.75965893502923,6.428157060152171,5.778951433706518,5.065393314557263,4.432144808750411,3.9261557323065936,3.544895874087225,3.2675924432916403,3.0700810528016427,2.9304443448019417,2.8305214819096363,2.7560124962808406,2.696384748208176,2.6448633820951253,2.5982176201142226,2.5560086156301156,2.5189552131532333,2.4876976420693215,2.462320767624702,2.4423949974580217,2.427205907795073,2.4159724707387267,2.4079873202345645,2.40268447679018,2.3996614229238946,2.398679945623714
2.396225612116855,2.3970397614044154,2.3995397125400992,2.403898545834733,2.4104051864854577,2.4194597542652874,2.431555801597847,2.4472388296905088,2.4670339972917423,2.4913544945582493,2.520445183211883,2.554479548777496,2.593967061774591,2.6405454454250803,2.697954861467581,2.772738928200294,2.874700936380742,3.017272088199141,3.217877753163474,3.4979554867503175,3.8814432308695332,4.389072452776712,5.023436941153493,5.737693248995314,6.387290273871633,6.718967427593577,6.71896742750812,6.3872902736998,5.737693249119161,5.023436941301108,4.389072452762746,3.8814432308320015,3.4979554866695834,3.217877753189675,3.017272088337777,2.8747009365025376,2.7727389283716244,2.697954861691427,2.640545445681396,2.5939670620740576,2.554479548955875,2.520445183411494,2.491354494894124,2.467033997358403,2.44723882937811,2.431555801004051,2.419459753308792,2.410405186309383,2.403898546203856,2.3995397130883953,2.3970397618058716,2.396225612440503
2.393823798006354,2.3944874242677177,2.396520205211105,2.4000478961893394,2.405279548030168,2.4125043027281974,2.4220824326444785,2.434428038869522,2.4499856382970653,2.4692158936129,2.492629345101449,2.5209346319134727,2.5553751093965795,2.598277102863656,2.653717529750294,2.7281480654985217,2.830964517363998,2.9750767595934824,3.1774448745051336,3.459182759895507,3.8440556264072905,4.352739333870208,4.987844189341486,5.70257796307947,6.352450428335018,6.684253382338754,6.684253382328586,6.352450428288887,5.702577962922394,4.987844189238828,4.352739333902823,3.8440556263080534,3.459182759707459,3.177444874472919,2.975076759761072,2.830964517551274,2.72814806557789,2.6537175298829316,2.598277103116802,2.5553751095458606,2.5209346321272603,2.492629345251496,2.4692158938130593,2.4499856384751255,2.4344280388353035,2.4220824322919885,2.412504302327431,2.4052795472096546,2.400047895716699,2.396520205488391,2.394487424659525,2.393823798752467
2.3915609517198453,2.3920947049787635,2.393727016977552,2.3965512614438365,2.4007236366746705,2.406463589165315,2.4140540769616696,2.423843160981958,2.4362526158702287,2.4518075730194857,2.4712134852962535,2.4955182629535613,2.5263968658772327,2.566570286867514,2.6203264063495464,2.6940914746741114,2.7970488350451306,2.9418134566500997,3.1450652662325225,3.4277084835592335,3.8133823062519068,4.322706631941658,4.958282764909741,5.673335119485037,6.323399975916106,6.655293277050543,6.6552932769837545,6.323399975947952,5.673335119317068,4.95828276468219,4.322706631706426,3.8133823061746446,3.427708483420717,3.145065266287724,2.9418134567270355,2.7970488349327245,2.694091474701675,2.6203264064299274,2.566570286784694,2.5263968660393643,2.4955182631569817,2.471213485341236,2.45180757311137,2.4362526161009184,2.4238431610797826,2.4140540769621786,2.4064635888809964,2.400723636226895,2.3965512606556256,2.3937270164608564,2.3920947051126924,2.391560952102936
2.3894927810794666,2.389918192085507,2.391218301181823,2.3934654235116244,2.396782553886037,2.4013477716354994,2.407402305659804,2.4152654847801323,2.4253630306673455,2.4382802841676776,2.4548584093755883,2.476356769059936,2.5047038185145842,2.542848562074773,2.5952098015356575,2.668217005196116,2.77094943406938,2.9158623829566053,3.1194732166461407,3.4025548417650024,3.7886584038835953,4.298355264859202,4.934226847380058,5.649494656604639,6.299699271663519,6.631660684709548,6.631660684744903,6.299699271644671,5.649494656409668,4.93422684706905,4.298355264620263,3.788658403678163,3.402554841858117,3.119473216690345,2.9158623828788532,2.770949433888626,2.6682170049373863,2.5952098013584792,2.5428485620533,2.504703818422317,2.4763567690267623,2.4548584093809085,2.438280284129393,2.4253630308107277,2.4152654850671595,2.4074023058045633,2.4013477715021665,2.3967825535526934,2.39346542301631,2.39121830048019,2.3899181918661703,2.389492780984539
2.387647710528319,2.387985247188738,2.3890171899434556,2.3908027589813616,2.393445050682934,2.3970989211162803,2.401984942535099,2.4084132148971253,2.4168232275593464,2.427849230444605,2.4424242914612577,2.4619391742363637,2.48847272603981,2.525108092739692,2.5763463913564033,2.6486306755211957,2.7509929791121954,2.895805367824261,3.0994936095230967,3.382750616741967,3.7690681884899453,4.278979169945649,4.915042514830637,5.630466828781802,6.280783111442016,6.612801218039828,6.612801218061988,6.280783111286881,5.630466828586534,4.915042514522201,4.278979169701724,3.7690681883328936,3.382750616872326,3.0994936095282943,2.8958053676470334,2.750992978888559,2.6486306752845405,2.5763463910218105,2.5251080923482228,2.4884727258891646,2.4619391742446344,2.442424291319051,2.427849230326191,2.416823227553796,2.4084132149853796,2.401984942683542,2.397098921255816,2.3934450504643996,2.3908027588514797,2.3890171895128804,2.3879852465426725,2.3876477103031157
2.3860322508450564,2.3863002217967857,2.387120709975139,2.388545122757401,2.3906651771782705,2.39362348821866,2.397631675779974,2.402999816642118,2.4101829051282566,2.4198522780342686,2.4330024951860825,2.451106551574769,2.476334164111979,2.511849446977677,2.562206524101389,2.6338642146034283,2.7358358292082623,2.8804518819672023,3.0840879425242633,3.3673893760675044,3.753809168299398,4.263851284004893,4.900053542431898,5.615607117327559,6.266024795996322,6.598096107273485,6.598096107270751,6.2660247958462945,5.615607117124413,4.9000535423020795,4.263851283785682,3.7538091682163954,3.367389375952753,3.0840879425879466,2.880451881801548,2.735835828978517,2.6338642143821462,2.562206523731578,2.5118494466880925,2.476334163769444,2.4511065512723764,2.433002495109496,2.419852277854288,2.410182904914576,2.4029998166000808,2.397631675927913,2.3936234883426337,2.3906651772986924,2.3885451226767396,2.3871207098615748,2.386300221627468,2.3860322501513194
2.384636947569552,2.384851027973509,2.385508230708522,2.3866554979319825,2.3883783691478198,2.390813532739661,2.3941697353019387,2.3987607234448727,2.4050554059443146,2.4137522220089105,2.4258867869977996,2.442984246747632,2.467270518431023,2.5019600597922658,2.551642078000166,2.6227900487248714,2.724412222337181,2.8688197218515925,3.0723615662247976,3.3556556303437484,3.7421302283046307,4.252268474291527,4.8885897833136385,5.604266172930295,6.254786694882957,6.586912957687663,6.586912957604492,6.254786694713998,5.604266172847067,4.888589783142934,4.252268474143233,3.7421302282243962,3.3556556302201512,3.0723615659975008,2.868819721716914,2.7244122222547476,2.62279004854613,2.5516420778247717,2.5019600595562053,2.46727051811923,2.4429842463763594,2.425886786557339,2.4137522217805336,2.405055405881991,2.3987607233259514,2.3941697352508964,2.3908135328083193,2.388378369215943,2.386655497924666,2.3855082308296205,2.3848510280914286,2.384636947624263
2.3834420272275754,2.383615179577138,2.384148696090053,2.3850870858133555,2.386512752278698,2.3885599060166545,2.3914373098735324,2.3954633505313794,2.4011182579305483,2.4091198781401872,2.420531339542337,2.436911415121149,2.4605216655724074,2.4946088192269094,2.5437859425504925,2.614539015091445,2.7158774103685506,2.860104425961307,3.0635558888589864,3.346834442261799,3.7333532417776687,4.24358075277764,4.8800208537420415,5.595825963399972,6.2464576424468605,6.578643655569387,6.578643655420403,6.2464576423234055,5.595825963339407,4.880020853650165,4.243580752727257,3.733353241614417,3.346834442106081,3.0635558885427305,2.860104425834521,2.715877410263928,2.6145390150744108,2.543785942407249,2.494608819008834,2.4605216653068136,2.4369114147892184,2.420531339269024,2.409119877833921,2.4011182576666306,2.395463350485725,2.391437309800594,2.3885599058787372,2.3865127521782328,2.385087085827738,2.38414869616416,2.3836151798800755,2.3834420274071
2.38242220245109,2.382564845347188,2.383006352918081,2.3837899910555445,2.384996728280163,2.3867600687113306,2.389289976321538,2.392909234228868,2.3981068131581003,2.405614307270654,2.4165134055298103,2.4323849445305417,2.4555136632304575,2.4891675879709076,2.5379764314919515,2.6084364499432158,2.709560683738452,2.853650553722055,3.0570362179790473,3.3403125643858114,3.7268839181629434,4.237208680997082,4.873777685670954,5.589723790595111,6.240478303175805,6.5727303185644415,6.57273031851733,6.240478303101307,5.589723790504048,4.873777685583605,4.23720868091485,3.726883918071087,3.340312564156916,3.0570362178218033,2.853650553491586,2.7095606837315582,2.608436449863943,2.5379764314066313,2.4891675878168136,2.4555136630099446,2.432384944415901,2.416513405379919,2.4056143070050626,2.3981068129552985,2.3929092338888323,2.3892899760354482,2.386760068661062,2.384996728128384,2.3837899908357265,2.383006352936798,2.3825648455243154,2.3824222028720934
2.381550426081412,2.3816707246179396,2.3820449622987563,2.3827158288331893,2.3837637661061173,2.3853224038487886,2.3876032355313077,2.3909327590983276,2.395806489691837,2.402965708710046,2.413504729916085,2.4290191180770746,2.451809046454109,2.485156991638827,2.533704570017274,2.603956378076011,2.7049299773891873,2.848927929025483,3.052278980233324,3.335574847681802,3.722215228895465,4.232651768000762,4.869364230621243,5.585466060727874,6.236356121863208,6.568680774011743,6.568680774036769,6.236356121823446,5.58546606058805,4.869364230597776,4.232651767944438,3.722215228841786,3.3355748475450615,3.052278980101756,2.848927928824205,2.704929977223039,2.603956378007475,2.5337045699557477,2.4851569915477745,2.4518090463942728,2.429019118052723,2.41350472991671,2.4029657085796936,2.395806489455384,2.390932758772832,2.3876032351924605,2.3853224035216685,2.3837637660142192,2.382715828720851,2.3820449620007516,2.381670724514588,2.3815504264058833
2.3808005503465366,2.3809047588605554,2.381230625474301,2.3818206231682164,2.382755118052664,2.3841682007109575,2.3862728355705407,2.389398475836675,2.394045447664018,2.400961851857755,2.4112506693009355,2.4265174659554742,2.4490729338337958,2.4822096215279807,2.5305778801819603,2.6006890976515553,2.7015654788664656,2.8455122389163803,3.048859149933604,3.332197605534959,3.7189254786619665,4.22949001323653,4.866361402232443,5.582633781913813,6.233671736422886,6.56607538997127,6.566075389923302,6.233671736324826,5.582633781851639,4.866361402302886,4.229490013280383,3.7189254785889383,3.3321976053949225,3.0488591497362245,2.8455122388444263,2.7015654787275385,2.600689097626593,2.5305778800326237,2.482209621543498,2.4490729338497235,2.4265174659329736,2.4112506693111846,2.4009618518265756,2.3940454475112483,2.3893984755810473,2.386272835213481,2.3841682004826166,2.382755117952763,2.381820622884392,2.3812306252672366,2.3809047586584002,2.3808005501142
2.3801489997121337,2.3802418090229454,2.3805334462423517,2.3810663493103315,2.381921014322711,2.3832320783790433,2.385213770452005,2.388197818826866,2.3926880525675713,2.399437385923714,2.4095548179967667,2.4246528308626156,2.4470494603928583,2.4800444779991024,2.5282948303336896,2.598317520856681,2.699139243094428,2.8430686195802295,3.0464378669905314,3.329839858232431,3.716672530630856,4.227380403373779,4.864425194959084,5.580881763856227,6.232078828405282,6.564567228853789,6.564567228900617,6.232078828464515,5.580881763873232,4.8644251950110595,4.227380403450688,3.716672530577457,3.3298398581493864,3.0464378668519134,2.8430686194783306,2.6991392430640007,2.59831752073276,2.52829483024792,2.4800444779428283,2.4470494605155295,2.424652830916476,2.409554817998496,2.3994373859379894,2.3926880524337153,2.388197818678508,2.3852137702412644,2.3832320781306437,2.3819210142286917,2.381066349173982,2.380533445885354,2.380241808660083,2.3801489995459963
2.3795756341494787,2.379660490179147,2.379928272442988,2.3804214687600074,2.381220778908627,2.382461362139934,2.3843584776208155,2.3872455738020775,2.3916290261300484,2.3982651717361705,2.40826725076133,2.42325263154691,2.4455446180548637,2.4784483293064445,2.526625860219177,2.5965989656525266,2.697398605527467,2.841337182930463,3.0447502104005655,3.3282332054556307,3.7151854617620588,4.22604996941213,4.863280768835729,5.579933402948497,6.231299337235472,6.563877462862632,6.563877462952267,6.231299337477319,5.579933403092237,4.863280768818961,4.226049969416508,3.7151854618254867,3.3282332054470203,3.044750210365116,2.8413371828451925,2.69739860552712,2.5965989655294592,2.5266258601372615,2.478448329281445,2.445544618127499,2.423252631562616,2.4082672508304177,2.398265171683262,2.3916290259902593,2.387245573765934,2.384358477584915,2.3824613620866875,2.381220778744718,2.380421468494443,2.3799282722429864,2.379660489832657,2.3795756336094143
2.379063993730387,2.379143381533213,2.3793947780119273,2.3798607541669434,2.380622227289038,2.381814812385839,2.3836545856771316,2.38647629044894,2.390788163766868,2.39734901068145,2.4072751205795893,2.422187406016343,2.4444130744380104,2.477261351100352,2.52539850080162,2.5953504132816585,2.6961521071383796,2.8401199542923425,3.043593290887111,3.327171052397519,3.714254788513138,4.225286821611437,4.862714092756129,5.579572746821213,6.231115783975593,6.563787820268132,6.563787820332192,6.231115784128037,5.579572747004229,4.862714092835509,4.2252868216983055,3.7142547886009276,3.3271710524030036,3.043593290882005,2.8401199542520907,2.696152107123123,2.595350413291206,2.5253985007335555,2.4772613511117934,2.4444130743790984,2.42218740610067,2.407275120591233,2.3973490105742474,2.3907881636834656,2.386476290397946,2.3836545857326588,2.3818148124603438,2.380622227171793,2.379860753988559,2.3793947777106723,2.3791433811552545,2.3790639934727875
2.3786011360686214,2.378676814022887,2.3789171067068446,2.3793646764330667,2.380100643353759,2.381261006078717,2.3830624831845175,2.3858407987575103,2.3901055710506736,2.3966174213803337,2.4064948925145546,2.421361553376603,2.443547614632649,2.476365586587528,2.5244852444813626,2.5944361834189196,2.6952573138128013,2.8392690767906332,3.0428149719064694,3.326497880517793,3.713722247726512,4.22493035903024,4.862562481365385,5.579635259539523,6.231362178685279,6.564131560572695,6.564131560638136,6.231362178813442,5.579635259749317,4.862562481489727,4.22493035909222,3.7137222478117633,3.3264978805771417,3.0428149718803277,2.839269076860404,2.695257313817843,2.5944361834740626,2.5244852445215615,2.4763655865865863,2.4435476145854835,2.42136155337789,2.4064948924409975,2.396617421321209,2.3901055708603463,2.385840798736108,2.383062483274244,2.381261006193709,2.380100643451685,2.3793646762829304,2.3789171064902015,2.3786768136898626,2.378601135625575
2.3781772209139613,2.3782504138546274,2.3784832770525863,2.3789185610170414,2.3796375665697425,2.380776609669258,2.382552917922463,2.3853029700068964,2.389537432660792,2.3960183041668244,2.405865849370662,2.420705708103178,2.4428705011438723,2.475675480027025,2.5237934892687592,2.5937575343741193,2.6946102947717,2.8386763388966036,3.0423035571787893,3.326099148344171,3.7134709169534865,4.224861582951803,4.862705060844518,5.579998394117191,6.231914657705215,6.564784142004379,6.564784142057588,6.231914657819318,5.579998394242569,4.862705060984147,4.224861583014135,3.713470916983386,3.326099148493252,3.0423035573106625,2.838676338977012,2.6946102948050097,2.593757534363741,2.5237934893738796,2.475675479999882,2.4428705012369214,2.420705708048154,2.405865849289681,2.396018303973526,2.389537432484618,2.385302969925936,2.3825529179355014,2.3807766098365444,2.3796375667422054,2.3789185610897214,2.3784832769040567,2.3782504136185785,2.3781772206871388
2.3777849903654626,2.3778565379112,2.3780844898568314,2.3785116773148363,2.3792195582903304,2.3803447128795843,2.3821047779293876,2.3848368280437673,2.389052350807681,2.3955144257164105,2.4053446886905308,2.420170463366955,2.4423263910028754,2.4751301040333544,2.5232572228381183,2.5932439622514796,2.694136684734134,2.83826412257718,3.04197871582578,3.3258922474082686,3.7134162268014586,4.224994169668667,4.863053890365605,5.5805727464306045,6.232682655433004,6.56565440068656,6.56565440064222,6.232682655344195,5.580572746419357,4.863053890533645,4.2249941698120415,3.713416226868542,3.3258922475912502,3.0419787159761214,2.838264122712563,2.69413668480893,2.5932439622156958,2.523257222859878,2.475130104097304,2.4423263910674393,2.420170463336213,2.4053446885592473,2.395514425564378,2.389052350607331,2.3848368279414744,2.382104777955258,2.380344712982881,2.379219558513512,2.3785116774989,2.378084489826512,2.3778565377949783,2.3777849900570445
2.3774192266972167,2.3774896979052516,2.3777144431396136,2.3781363661985173,2.3788370613016383,2.3799533313657366,2.381703151016079,2.384424079081402,2.3886282699502854,2.395079687008611,2.4049011041146313,2.4197212741975056,2.4418766013064976,2.4746868610009587,2.5228302524389274,2.592846063854565,2.693784280700964,2.8379778235636857,3.04178379512581,3.3258187593884885,3.7134981927918442,4.2252666910657,4.863546175917648,5.581294261437591,6.233601102652148,6.566676745206027,6.56667674517937,6.233601102545083,5.581294261371966,4.86354617598538,4.225266691249231,3.713498192936897,3.3258187595272206,3.041783795330277,2.8379778236832434,2.693784280742757,2.5928460638574817,2.522830252354923,2.4746868610807224,2.4418766013081745,2.4197212741671548,2.4049011039864645,2.3950796869365285,2.388628269821673,2.38442407899774,2.381703151010344,2.379953331494135,2.378837061447822,2.3781363663316717,2.377714443235868,2.3774896979020412,2.3774192265821723
2.3770762572752115,2.377146033859311,2.3773687155233874,2.377787270616971,2.3784834132515953,2.3795941376999625,2.381337704299431,2.3840520800038885,2.3882499803926627,2.3946961215278804,2.4045142596461577,2.419334408971179,2.4414945647903417,2.474316487022292,2.5224808197454003,2.592529831271774,2.6935170862490647,2.8377797099622684,3.041679548954358,3.3258380943585792,3.7136749929319977,4.225636149271302,4.864137772383675,5.582117709741945,6.2346238844887445,6.567804604284902,6.567804604291515,6.234623884520224,5.582117709808697,4.864137772451026,4.225636149329709,3.713674993053417,3.3258380944283816,3.0416795491620663,2.8377797101345963,2.6935170863067968,2.59252983120701,2.522480819657685,2.474316486989194,2.44149456477492,2.419334408860911,2.4045142595972764,2.394696121459758,2.388249980427053,2.3840520798812044,2.3813377043820574,2.379594137829731,2.3784834133553883,2.3777872706846996,2.3773687155344367,2.3771460338872274,2.377076257278643
2.3767535303375364,2.376822867038711,2.3770442474302103,2.3774606982659123,2.37815403962407,2.3792614338099414,2.3810013899682434,2.3837122290966355,2.387907157448913,2.394351553533947,2.4041700531965975,2.4189938176818275,2.441162318727284,2.473999191091975,2.5221874311266106,2.59227221941892,2.6933106664349142,2.8376441103644745,3.0416391985047824,3.325922458207903,3.7139178655668554,4.226072822896623,4.8647979901831295,5.583011462521509,6.235718592057336,6.569005166412576,6.5690051663689815,6.235718592101843,5.583011462668764,4.864797990338417,4.226072822948967,3.7139178656379563,3.3259224581973905,3.041639198559102,2.8376441105638905,2.693310666516502,2.592272219382821,2.5221874310507166,2.473999190950434,2.441162318625671,2.4189938176092043,2.404170053184495,2.3943515535723474,2.38790715744315,2.3837122290672985,2.3810013900288993,2.3792614339235683,2.378154039685023,2.377460698334547,2.3770442474720994,2.3768228670074083,2.3767535303725382
2.3764492756476803,2.3765183425642147,2.376738930431048,2.3771541186061476,2.377845822922618,2.3789513556170685,2.380689447930034,2.3833987372027816,2.387592870663114,2.3940378281257373,2.403859053577388,2.418688777257505,2.4408678666056707,2.4737217537448237,2.521935719433564,2.5920578041541855,2.6931486344731823,2.8375537624022233,3.041644672613735,3.3260530093237026,3.7142072026305186,4.226556311111969,4.865505599841827,5.5839534652339555,6.2368624746606685,6.570255321461249,6.570255321413977,6.236862474624668,5.583953465312428,4.8655055999620025,4.226556311231993,3.714207202740034,3.3260530093756633,3.041644672508204,2.8375537624296476,2.69314863455462,2.5920578041251487,2.5219357193967,2.4737217536195693,2.4408678664392296,2.418688777181022,2.4038590535329916,2.394037828173708,2.387592870699603,2.3833987372568104,2.3806894479231744,2.378951355681028,2.3778458229928874,2.377154118802041,2.3767389305460065,2.3765183425894243,2.376449275675951
2.376162246562523,2.3762311579239204,2.3764512946582257,2.3768657843510455,2.3775566296234882,2.3786612795588846,2.3803986670051303,2.3831077192282986,2.3873024880855027,2.3937495118643413,2.4035749913134348,2.4184121699889576,2.440603251785681,2.4734754081078294,2.521716150242403,2.591876334301067,2.6930200741544064,2.8374971273693497,3.0416838368775636,3.3262170200971357,3.714529657581814,4.227072599138863,4.866245863877525,5.584928243840206,6.238039428044931,6.571538639757039,6.57153863975489,6.238039428014703,5.584928243821666,4.866245863886832,4.227072599221096,3.7145296576968247,3.326217020184264,3.041683836857818,2.8374971272936946,2.693020074141183,2.5918763342424103,2.5217161501717977,2.473475408020222,2.440603251630756,2.418412169900147,2.4035749912618822,2.393749511836175,2.3873024881667932,2.3831077192349586,2.3803986670803265,2.3786612794860313,2.377556629763525,2.376865784641229,2.3764512948690686,2.376231158060435,2.3761622466593257
2.3758915314757063,2.3759603651242616,2.3761802828825638,2.3765944566467203,2.377284969140894,2.3783893952671162,2.380126855227187,2.382836544617443,2.3870328942192054,2.393482967896084,2.403313685783642,2.418159261857693,2.4403631904491605,2.4732543349632925,2.5215223914855875,2.5917209908977354,2.6929177032656604,2.8374664750574405,3.041748513302893,3.326405843803721,3.7148760707652944,4.227611950597585,4.867008403146346,5.585924750696706,6.239237825671131,6.572843195612288,6.572843195652521,6.239237825723002,5.585924750650892,4.8670084030744265,4.227611950600266,3.714876070800785,3.3264058438201785,3.0417485134157087,2.837466475035832,2.6929177032294795,2.591720990875696,2.521522391321887,2.4732543348165072,2.4403631902977727,2.4181592618073693,2.403313685758955,2.393482967877545,2.387032894205047,2.3828365446046584,2.3801268552996557,2.3783893953692714,2.377284969250346,2.37659445683483,2.376180283165729,2.3759603653685866,2.375891531571804
2.375636422640682,2.3757052325745964,2.375925092079017,2.3763392140809954,2.3770297559635014,2.3781344100186215,2.3798724713208324,2.382583387634307,2.3867819482001726,2.3932357174008265,2.403072304459981,2.41792685890129,2.4401441272687503,2.4730546238734696,2.521350187311804,2.5915871834151543,2.692836602706782,2.837456555513105,3.0418331047335014,3.3266135011898035,3.715240025628411,4.228167439207652,4.867785708775324,5.586934860715653,6.240449003796265,6.5741600468089745,6.5741600468810715,6.240449003903766,5.586934860700695,4.867785708658858,4.228167439158055,3.7152400255864464,3.326613501206822,3.0418331048308196,2.8374565555629387,2.6928366026468167,2.59158718343128,2.5213501871931863,2.473054623666016,2.440144127110382,2.4179268588042864,2.403072304431236,2.3932357174524057,2.386781948249141,2.382583387610533,2.379872471317596,2.3781344101752113,2.377029756131905,2.3763392142750233,2.375925092274011,2.375705232773117,2.375636422875962
2.375396328367547,2.3754651527140886,2.3756850676908945,2.3760993247427202,2.3767901507954865,2.3778953485179257,2.3796343773059965,2.382346924639876,2.3865481210456094,2.393006010144363,2.40284886484567,2.4177127404820102,2.4399436015129656,2.472873575012832,2.5211966014746228,2.5914717395199034,2.692773359799333,2.837463703047692,3.0419336663089225,3.326835725536085,3.7156168719967066,4.228733954358707,4.868572133174461,5.587952351206151,6.241666233413434,6.575482202505539,6.575482202548314,6.241666233476377,5.587952351242487,4.868572133080529,4.228733954263091,3.715616871959924,3.3268357256134466,3.0419336663647014,2.837463703082934,2.6927733596830086,2.591471739461205,2.5211966014546117,2.4728735748695,2.4399436014042575,2.4177127403619507,2.4028488648046187,2.3930060101702657,2.3865481211346458,2.3823469246902267,2.379634377310522,2.377895348606114,2.3767901508927505,2.376099324882006,2.3756850679943846,2.375465152899755,2.3753963285684794
2.375170716526765,2.375239583061845,2.3754596361772053,2.3758741632799834,2.376565456651904,2.3776714230697285,2.3794116781432786,2.3821261372750584,2.386330257596003,2.3927925436823254,2.4026419095496854,2.41751528904182,2.439759832594429,2.4727092428371296,2.5210595210022366,2.591372373669498,2.692725506486056,2.837485248042257,3.0420472954552906,3.3270693342804343,3.716003082550045,4.229307545300977,4.8693632244156735,5.588972228427918,6.242884041005131,6.576803941346599,6.5768039413464985,6.242884041046534,5.588972228462869,4.869363224431071,4.229307545208512,3.716003082550075,3.3270693343516573,3.0420472955088185,2.837485248044673,2.69272550640151,2.591372373488929,2.5210595209393425,2.4727092428295303,2.439759832546573,2.417515289055691,2.4026419095278073,2.3927925436683477,2.386330257606417,2.3821261373062357,2.3794116781843364,2.377671423094841,2.3765654567131387,2.375874163460508,2.37545963644817,2.3752395832463806,2.375170716567843
2.374959081165761,2.3750280105692414,2.375248262967705,2.3756631594946347,2.3763550545521857,2.3774619532666263,2.3792036197002764,2.3819201871079625,2.3861274262064605,2.392594285618243,2.4024502995870147,2.417333254704642,2.4395914558354437,2.4725601443627276,2.520937339554021,2.5912873481498493,2.6926911601209653,2.837519140512181,3.042171740897257,3.3273118257229433,3.716395839628849,4.229884999834984,4.870155298119901,5.589990293881812,6.244097771454427,6.578120372292838,6.578120372312348,6.244097771538049,5.589990293989261,4.87015529819444,4.229884999815082,3.716395839638138,3.3273118257545753,3.0421717409488025,2.83751914050737,2.6926911600458188,2.591287347981182,2.520937339448818,2.47256014442472,2.439591455869135,2.4173332548074136,2.402450299628722,2.3925942856216604,2.3861274261860417,2.381920187051452,2.3792036196355437,2.3774619532601795,2.3763550546586534,2.3756631597055557,2.375248263115246,2.37502801069555,2.374959081452614
2.3747609232282585,2.374829930883055,2.3750504284567717,2.3754657690701806,2.3761583654514267,2.3772663160918968,2.379009526938844,2.381728339680971,2.3859388262841827,2.3924103639011807,2.4022730867048505,2.4171656088041096,2.4394373583372495,2.4724250781508217,2.5208287606089503,2.5912152617601176,2.692668799231832,2.837563714919813,3.0423051579628306,3.327561126621115,3.716792776369328,4.230463579835313,4.8709451685637,5.59100287208373,6.245303313008879,6.579427158299861,6.5794271583938215,6.2453033131456825,5.5910028722529574,4.870945168684409,4.230463579981706,3.7167927763509545,3.327561126611208,3.0423051579900355,2.837563714905639,2.69266879917061,2.5912152616117585,2.520828760544117,2.4724250782761623,2.4394373585193176,2.417165608864262,2.4022730867575546,2.392410363909373,2.3859388262010968,2.3817283396645528,2.379009526889402,2.377266315997027,2.376158365440983,2.375465769199263,2.375050428847864,2.374829931202518,2.374760923694481
2.3745757406079613,2.37464483851627,2.374865616048978,2.3752814565619564,2.3759748280889625,2.3770839182877235,2.378828768205508,2.3815499193905607,2.3857637335195396,2.3922400008891755,2.402109436124391,2.41701145577871,2.4392965801094264,2.472303014551526,2.5207326779007375,2.591154921057186,2.692657126851128,2.8376175466287976,3.04244595916084,3.3278154377153397,3.7171918179234065,4.2310408593259465,4.871729983530122,5.592006643040157,6.24649692800144,6.58072034615363,6.58072034620176,6.246496928183312,5.59200664317776,4.87172998375904,4.231040859572882,3.7171918179525583,3.327815437633302,3.042445959165871,2.8376175466152134,2.69265712676775,2.5911549209701468,2.520732677891804,2.4723030146715703,2.4392965803920115,2.417011455875757,2.402109436141817,2.392240000827837,2.3857637334601844,2.3815499193950007,2.3788287680818176,2.377083918203585,2.375974828152489,2.3752814568352925,2.374865616420491,2.3746448389791395,2.3745757410373587
2.3744030255028123,2.374472222334577,2.3746933057754265,2.375109687663284,2.3758038886528876,2.3769141811576526,2.3786607353406204,2.3813842841917667,2.38560146795979,2.3920824752727365,2.401958581976967,2.4168699818194237,2.4391682554768774,2.472193030806239,2.520648104468465,2.5911052638107877,2.6926549892136644,2.837679366246962,3.042592724732177,3.3280731412675526,3.7175910865591435,4.231614626768974,4.872507124928949,5.5929985411204575,6.247675150781045,6.581996263525298,6.5819962635548,6.247675150927818,5.5929985412400995,4.872507125161839,4.2316146269942525,3.7175910866795583,3.328073141209356,3.0425927247057913,2.8376793662215793,2.692654989145566,2.5911052637665244,2.5206481045012836,2.472193030919144,2.439168255706523,2.416869981933505,2.401958582016136,2.3920824752229715,2.385601467824901,2.3813842841295183,2.378660735234981,2.3769141813649326,2.3758038889123267,2.3751096879305713,2.374693305981141,2.374472222621568,2.3744030256857136
2.3742422627281106,2.3743115649365105,2.374532973397011,2.3749499267377456,2.3756449957868715,2.376756533556331,2.3785048333695116,2.381230811924336,2.3854513770058943,2.3919371012841033,2.40181980209456,2.416740425398711,2.439051579623645,2.472094273747903,2.5205741315179027,2.5910653147049394,2.6926613283782377,2.8377480095161163,3.0427441505104533,3.3283327467518373,3.717988845410811,4.232182827470809,4.873274149901561,5.593975695217411,6.2488347269445725,6.583251458206789,6.583251458239456,6.2488347269463365,5.593975695373087,4.873274150054203,4.232182827637942,3.7179888455260923,3.3283327468047363,3.042744150484145,2.837748009473161,2.692661328350597,2.5910653147057467,2.520574131570792,2.472094273794245,2.4390515797361174,2.4167404256018665,2.40181980211019,2.39193710120658,2.385451376960067,2.3812308118852683,2.3785048334751178,2.3767565337028937,2.3756449960759354,2.3749499268033065,2.37453297360368,2.374311565124627,2.374242262972137
2.374092932196187,2.374162344519011,2.374384091256767,2.374801636833628,2.375497599497055,2.3766104088861857,2.3783604762219297,2.381088894066379,2.3853128270769126,2.3918032173985555,2.401692404527475,2.4166220612506644,2.4389457901007194,2.4720059389347218,2.5205099053647215,2.5910341602045612,2.692675155251737,2.837822388815722,3.0428990175697614,3.3285928594947785,3.7183834657961556,4.232743530160222,4.874028756411367,5.594935393780603,6.24997257763128,6.584482662130038,6.58448266204431,6.249972577553007,5.594935393893809,4.8740287565264415,4.232743530239443,3.7183834659326385,3.3285928596132166,3.0428990175142547,2.837822388719167,2.692675155243732,2.5910341602878657,2.5205099054900995,2.4720059389903364,2.438945790094915,2.416622061352127,2.40169240461208,2.391803217433439,2.385312827152442,2.3810888940579678,2.378360476320128,2.376610408932139,2.3754975995151915,2.3748016369759837,2.374384091552986,2.3741623447412437,2.374092932490801
2.3739545115595906,2.3740240369776293,2.374246130530278,2.3746642810757885,2.3753611518144764,2.3764752454343703,2.3782270857846397,2.380957933403148,2.3851851995460085,2.391680181240342,2.4015757209040975,2.416514191987698,2.438850157088409,2.471927259419439,2.52045461487427,2.591010934729118,2.6926955344461323,2.837901476822086,3.043056175289614,3.328852162596524,3.718773408701733,4.233294907536092,4.874768763459514,5.5958750640497605,6.25108577877538,6.585686770083615,6.58568677003797,6.251085778778096,5.595875064016241,4.874768763522332,4.2332949075649,3.7187734088164484,3.328852162737946,3.043056175211459,2.837901476625543,2.692695534401442,2.5910109349076857,2.5204546150827856,2.4719272594983948,2.4388501570991616,2.416514192060344,2.4015757211323647,2.391680181359671,2.3851851994379896,2.3809579333777027,2.378227085704797,2.3764752454848517,2.375361151811479,2.3746642814625862,2.3742461307716454,2.374024037211871,2.373954511774245
2.3738264789140704,2.373896118913635,2.3741185636856894,2.374537325108253,2.3752351090163613,2.376350487749861,2.3781040922292105,2.3808373437953407,2.385067889781254,2.3915673676623825,2.4014691033359035,2.4164161442608756,2.4387639786669624,2.471857500003507,2.520407484823497,2.590994812983395,2.692721576031286,2.837984297591069,3.043214531804626,3.3291094067936626,3.7191572140596993,4.233835225152545,4.875492099182633,5.596792260068636,6.252171548942806,6.586860827549055,6.586860827573929,6.2521715489301615,5.596792260059393,4.8754920991426856,4.233835225166043,3.719157214082743,3.329109406818083,3.043214531696772,2.8379842974181195,2.6927215759674468,2.590994813173534,2.520407485078979,2.4718575002637384,2.438763978841361,2.4164161443265773,2.401469103442794,2.391567367620075,2.3850678896007143,2.3808373436953114,2.3781040922766015,2.3763504877295554,2.3752351092529826,2.374537325434829,2.3741185639306472,2.3738961191109706,2.373826478947062
2.373708315633512,2.3737780706431866,2.3740008675434714,2.374420239828182,2.375118933913877,2.37623558819063,2.377990935632255,2.380726551129828,2.384960307483593,2.3914641685136995,2.4013719235591546,2.4163272674180303,2.4386865786605916,2.4717959544468435,2.520367772455503,2.5909850061626445,2.6927524310370012,2.8380699218341814,3.043373048539906,3.3293634047452403,3.719533494432821,4.234362834874815,4.876196793946734,5.5976846558066935,6.253227241534214,6.588002022920378,6.588002022980656,6.253227241442651,5.597684655735075,4.8761967939202275,4.234362834846449,3.7195334943603524,3.329363404669045,3.0433730484734025,2.8380699217032936,2.692752430978088,2.5909850063787823,2.520367772785679,2.471795954849742,2.4386865788574346,2.4163272673751255,2.4013719234860966,2.3914641683954763,2.384960307451642,2.3807265511110844,2.3779909356695983,2.3762355880452275,2.3751189341441226,2.374420240031583,2.374000867792309,2.3737780709045713,2.373708315819616
2.3735995097177427,2.373669379221955,2.373892525948749,2.374312503892937,2.375012098023297,2.3761300092714466,2.3778870678238824,2.3806249946809266,2.384861877887523,2.3913699932575536,2.401283573237895,2.416246933240611,2.438617305900537,2.471741944395926,2.5203347659713695,2.590980759979458,2.6927872893121063,2.8381574641636407,3.0435307372233367,3.3296130276067757,3.719900931534975,4.234876170845385,4.876880976373862,5.598550040241781,6.254250340241762,6.589107682720537,6.589107682651357,6.254250340184156,5.598550040134293,4.876880976264012,4.234876170743266,3.7199009314668787,3.3296130274981293,3.043530737183192,2.838157464213356,2.692787289432159,2.5909807601525063,2.520334766229546,2.471741944613795,2.4386173059894642,2.416246933249901,2.4012835730719377,2.391369993281177,2.384861877957692,2.380624994705825,2.377887067609197,2.3761300091962663,2.375012098025338,2.3743125040502817,2.373892526233356,2.3736693795627675,2.3735995100666725
2.3734995584207184,2.373569540878001,2.3737930322892438,2.3742136062314434,2.374914084034719,2.376033225840426,2.3777919542461965,2.3805321289056516,2.38477204318424,2.3912842699254435,2.401203464769363,2.4161745363740414,2.43855553434976,2.4716948190387,2.5203077840430463,2.5909813538476634,2.692825378383808,2.838246081615182,3.0436866582049316,3.329857203162327,3.720258274078495,4.235373746822858,4.877542870242389,5.5993863145628975,6.255238456071494,6.590175268244713,6.59017526820022,6.255238455949182,5.599386314393031,4.877542870175147,4.235373746731348,3.7202582739239722,3.32985720312651,3.043686658336417,2.838246081830237,2.692825378557377,2.5909813538238047,2.5203077840516994,2.471694819107226,2.4385555344470915,2.416174536497205,2.401203464715904,2.3912842698756345,2.3847720432646193,2.3805321288018617,2.377791953990473,2.3760332257225745,2.374914083998449,2.374213606518162,2.3737930325339462,2.373569541209425,2.37349955887478
2.3734079704800157,2.373478063425787,2.3737018920719946,2.374123048465776,2.374824388049331,2.3759447272122642,2.3777050758326617,2.3804474252448866,2.384690263770386,2.3912064465178773,2.401131032285573,2.4161094949414545,2.43850066346467,2.471653955422544,2.5202861757383697,2.5909861006287005,2.6928659629091283,2.838334972976647,3.043839919477039,3.330094914555527,3.720604335860271,4.235854154767499,4.8781807927079,5.600191489909977,6.25618932484641,6.591202373707885,6.591202373656046,6.256189324740527,5.600191489870276,4.878180792643354,4.235854154666334,3.7206043357939227,3.3300949146340586,3.0438399196336325,2.8383349731887537,2.6928659629675957,2.5909861005894266,2.5202861756960107,2.4716539554614805,2.4385006636368516,2.4161094949543473,2.4011310321792867,2.391206446302439,2.3846902637828267,2.380447425061414,2.3777050757531737,2.375944727185129,2.3748243881682396,2.374123048777985,2.3737018923059114,2.37347806371355,2.3734079707172913
2.3733242684479094,2.373394468818826,2.373618625212068,2.374040346988972,2.374742521737283,2.3758640190113174,2.3776259308812273,2.3803703736300332,2.384616019773849,2.3911359922315705,2.401065732511187,2.416051251415256,2.4384521188958477,2.471618758865238,2.520269320760491,2.5909943467694756,2.6929083444302226,2.8384233783175903,3.0439896759778087,3.3303251993452556,3.720937995008348,4.2363160633772905,4.8787931528200925,5.60096368623898,6.257100805512547,6.59218672400196,6.592186724044364,6.257100805523519,5.600963686233152,4.878793152898136,4.236316063410739,3.720937995027306,3.330325199373207,3.043989676063005,2.8384233783857367,2.6929083445343376,2.5909943468719825,2.520269320787361,2.4716187589178373,2.4384521188465946,2.4160512512901926,2.401065732298727,2.3911359921022113,2.3846160194927677,2.3803703735867936,2.3776259309753662,2.3758640190407467,2.37474252199193,2.374040347216879,2.373618625385252,2.3733944690239452,2.3733242686155815
2.3732479910330353,2.373318295147357,2.373542767988857,2.3739650349896944,2.3746680142150765,2.3757906248872085,2.3775540368251913,2.3803004838819053,2.3845488123663823,2.3910723985953997,2.4010070459533503,2.415999273491272,2.4384093532303086,2.471588663557723,2.520256629876223,2.591005472294622,2.6929518612972156,2.8385105786150815,3.0441351293070316,3.3305471490166165,3.721258193257304,4.236758217162997,4.879378450516432,5.601701130242218,6.257970879105079,6.593126173514342,6.593126173539553,6.257970879241415,5.601701130423521,4.879378450581716,4.236758217109915,3.721258193294726,3.330547149003965,3.0441351294289007,2.8385105787813742,2.6929518615284405,2.5910054724242713,2.520256629769881,2.471588663435885,2.4384093530289035,2.415999273333615,2.401007045794881,2.391072398464915,2.384548812091677,2.380300483879214,2.3775540369440744,2.3757906250316276,2.3746680144367147,2.3739650351101127,2.3735427681764008,2.3733182953572065,2.3732479909545003
2.373178694817864,2.3732490985207297,2.373473874842682,2.3738966643714146,2.3746004136130985,2.375724088334062,2.3774889314883363,2.3802372870683346,2.384488165221271,2.3910151807072073,2.400954477871975,2.415953054986406,2.438371846810645,2.4715631329632513,2.5202475451504234,2.591018890852732,2.6929958888205214,2.8385958959470283,3.0442755272540873,3.3307599084858452,3.7215639353435224,4.237179435662609,4.879935275419503,5.602402154966837,6.258797646985431,6.594018704517213,6.594018704630316,6.25879764724641,5.602402155054528,4.879935275296204,4.237179435591705,3.7215639353598102,3.3307599087053164,3.0442755274715383,2.838595896166751,2.6929958889570442,2.591018890805012,2.5202475450385076,2.4715631326873724,2.438371846631083,2.415953054839688,2.40095447797783,2.391015180579985,2.3844881651155734,2.380237287009781,2.37748893147394,2.375724088457384,2.374600413644664,2.3738966645692443,2.373473874940937,2.373249098556635,2.37317869469322
2.3731159560453636,2.3731864547542276,2.373411520151668,2.3738348072032385,2.374539288637527,2.375663974008957,2.377430174466584,2.380180337115202,2.384433625628497,2.3909638782776392,2.4009075592384588,2.415912116690978,2.4383391080745427,2.4715416603197595,2.52024154032727,2.5910340502715203,2.693039839210561,2.838678693355421,3.044410163897581,3.3309626758934954,3.7218542880021173,4.237578612764142,4.8804623060916095,5.603065198468015,6.25957933028982,6.594862426478357,6.594862426457872,6.259579330265476,5.603065198402859,4.880462305926282,4.237578612782184,3.7218542881926533,3.330962676124075,3.0444101640239785,2.838678693479714,2.69303983932464,2.5910340502720293,2.5202415402969063,2.4715416600903395,2.4383391078685754,2.415912116729902,2.4009075592524036,2.39096387818235,2.384433625568356,2.380180336993388,2.3774301744267374,2.3756639740988876,2.3745392885600647,2.373834807182996,2.373411520302735,2.373186454650882,2.3731159559934154
2.3730593722220577,2.3731299607643193,2.373355299665448,2.373779057019768,2.37448423003574,2.3756098691614813,2.3773773486179475,2.3801292118718522,2.384384765604192,2.39091805658454,2.4008658474743054,2.4158760069366605,2.4383106742739553,2.471523769297234,2.520238121326161,2.5910504327102655,2.6930831619913516,2.8387583746912894,3.0445383791316467,3.3311547020487535,3.722128380218155,4.23795471599674,4.880958309381674,5.603688803150101,6.260314268398382,6.595655574506194,6.595655574506847,6.260314268295185,5.6036888030496055,4.880958309414093,4.237954716026092,3.722128380290497,3.331154702078688,3.0445383791609935,2.838758374782461,2.6930831620368236,2.5910504328176516,2.520238121341255,2.4715237692570384,2.438310674158906,2.415876007008777,2.4008658473395372,2.3909180565345016,2.384384765584509,2.380129211798976,2.3773773486026877,2.375609869031009,2.374484230153534,2.3737790571027517,2.373355299568648,2.3731299605263563,2.373059372206152
2.3730085631706284,2.3730792359794064,2.3733048317020806,2.373729030352848,2.3744348520772536,2.375561384778421,2.37733006123537,2.3800835141452104,2.384341182757121,2.390877307175519,2.400828927328671,2.415844302365219,2.4382861123326363,2.4715090143534924,2.520236826587427,2.5910675548689794,2.693125343968645,2.8388343846928126,3.0446595587755505,3.331335290167606,3.7223854022370944,4.23830678615632,4.881422139716878,5.604271614596668,6.261000918740909,6.596396509568419,6.596396509611965,6.261000918833405,5.604271614663061,4.881422139639885,4.238306786014084,3.722385402141255,3.331335290149053,3.044659558791227,2.8388343846910047,2.6931253439980827,2.5910675549730815,2.520236826758064,2.471509014433222,2.4382861124686017,2.4158443022600595,2.400828927230326,2.3908773071926315,2.3843411826566228,2.3800835140187613,2.377330061052519,2.3755613848868076,2.3744348523171017,2.373729030347645,2.373304831442156,2.3730792358133885,2.3730085630586184
2.372963172301329,2.3730339236380096,2.3732597585482584,2.373684368072899,2.374390793443293,2.3755181567914847,2.377287944878034,2.3800428725207348,2.3843025010793326,2.3908412489457294,2.4007964117173763,2.4158166085680204,2.4382650191164754,2.471496981444757,2.520237227305803,2.5910849681084933,2.6931659091418974,2.8389062090500294,3.044773134246482,3.3315037960210696,3.7226246055952306,4.238633936598833,4.8818527383754216,5.60481238166279,6.26163785606105,6.59708371662363,6.597083716630758,6.2616378560714905,5.604812381650046,4.881852738345955,4.238633936578405,3.7226246055460264,3.331503796004946,3.0447731342251667,2.838906208924152,2.6931659091572113,2.5910849681848456,2.5202372274248455,2.4714969815823054,2.438265019280051,2.4158166084394783,2.4007964116503047,2.3908412489120883,2.3843025009252767,2.3800428725418765,2.3772879448779247,2.375518156910976,2.3743907936734194,2.373684367957022,2.373259758285182,2.373033923569478,2.372963172137989
2.3729228680187733,2.3729936919354677,2.37321974755646,2.373644736289904,2.374351718209779,2.3754798468300926,2.3772506582511013,2.3800069423345316,2.384268372050088,2.390809528877667,2.4007679421281805,2.415792560823257,2.4382470220349783,2.4714872878991088,2.520238927731422,2.5911022590279953,2.6932044191049265,2.838973374366648,3.0448785826723817,3.3316596271878063,3.7228453024441195,4.238935353390317,4.8822491336675276,5.605309955333772,6.262223771167133,6.597715804146203,6.597715803977338,6.262223770943612,5.605309955179827,4.882249133628279,4.238935353570833,3.722845302601764,3.331659627266065,3.044878582558092,2.8389733742532344,2.6932044189888025,2.5911022590239843,2.520238927708491,2.4714872881782664,2.438247022105071,2.415792560688145,2.40076794203255,2.390809528846414,2.3842683723410163,2.38000694246671,2.3772506583697526,2.375479846938862,2.3743517180935947,2.3736447359796076,2.3732197474982772,2.372993691803841,2.3729228679155203
2.372887344689424,2.372958234874418,2.3731844921179763,2.3736098270359514,2.374317316738749,2.375446143204047,2.3772178872696523,2.3799754066134367,2.3842384752537757,2.390781822458883,2.4007431894370854,2.4157718243905797,2.4382317794600126,2.4714795831512744,2.520241565535106,2.591119049111689,2.693240473204314,2.8390354481969915,3.0449754267386058,3.3318022435023877,3.7230468662639167,4.239210294531689,4.882610439194253,5.605763287956753,6.262757470376337,6.59829150370242,6.5982915036632,6.2627574703466085,5.605763287991299,4.882610439272833,4.239210294654477,3.723046866479108,3.3318022436990105,3.0449754267137608,2.8390354480446383,2.693240473036233,2.5911190490248797,2.520241565646854,2.4714795832380014,2.438231779325614,2.415771824269978,2.400743189407654,2.390781822592439,2.3842384756195134,2.379975406934082,2.3772178874163106,2.375446143170124,2.3743173164264872,2.3736098267684347,2.37318449216859,2.372958234694893,2.372887344353935
2.3728563232884015,2.3729272731281754,2.373153712273341,2.3735793592853933,2.3742873066610355,2.3754167619157243,2.3771893457428352,2.379947976520895,2.3842125189855294,2.390757834453993,2.4007218542333995,2.415754094960303,2.438218981002784,2.4714735489712574,2.520244812219402,2.5911349955680603,2.6932737083536997,2.8390920391347447,3.0450632349989384,3.331931156760345,3.72322873019077,4.239458089126642,4.882935854379805,5.606171433265842,6.263237875951387,6.598809669933752,6.598809669996437,6.263237876142837,5.6061714336092,4.882935854711278,4.239458089266103,3.7232287303547125,3.331931156707018,3.045063234972526,2.839092039059533,2.6932737083107594,2.591134995430024,2.5202448122363217,2.471473548849795,2.4382189809191757,2.415754095089217,2.4007218542189275,2.3907578346651577,2.384212519293053,2.3799479767315788,2.3771893458489015,2.375416761970918,2.374287306462717,2.3735793592095114,2.3731537120280977,2.3729272727123543,2.3728563230894535
2.3728295519755296,2.3729005548563924,2.3731271556298505,2.3735530798491147,2.374261433676702,2.3753914470785067,2.3771647758933776,2.379924392166968,2.384190240582655,2.390737299263064,2.4007036675398226,2.4157390992407293,2.4382083478987866,2.4714688999486336,2.5202483729391716,2.591149791007598,2.6933037997229063,2.839142797322451,3.0451416212810702,3.33204592999855,3.7233903877309626,4.239678137869829,4.88322466421738,5.60653354610374,6.263664024446148,6.599269278728705,6.599269278854229,6.263664024724671,5.6065335464191515,4.883224664550594,4.239678138156908,3.7233903877907215,3.332045929936013,3.0451416211122546,2.8391427972361845,2.6933037995405953,2.591149791080559,2.520248373044779,2.471468899970396,2.43820834796757,2.41573909920939,2.400703667624168,2.3907372992612164,2.3841902405343975,2.3799243922474056,2.3771647760184305,2.375391447038228,2.3742614335021592,2.373553079563491,2.3731271554734357,2.372900554716055,2.372829551982297
2.372806807178864,2.372877856407494,2.3731045980868237,2.373530763932483,2.3742394719455944,2.375369971543631,2.37714394897737,2.379904422971141,2.3841714072492803,2.390719981419103,2.4006883908190915,2.4157265951964857,2.4381996337028653,2.4714653834705134,2.520251987473012,2.5911631643048487,2.693330460343321,2.8391874131753676,3.0452102446181946,3.332146178048373,3.723531392300313,4.239869912996712,4.883476238389368,5.606848881056489,6.264035066786943,6.599669427685739,6.599669427830477,6.264035067036997,5.6068488812453054,4.883476238621265,4.2398699132970545,3.723531392410076,3.332146178068663,3.0452102445175027,2.839187412985623,2.6933304601186174,2.591163164329043,2.520251987479123,2.471465383414683,2.4381996337387797,2.415726595162086,2.400688390852481,2.390719981233929,2.384171406948671,2.3799044229125927,2.377143949076821,2.3753699713997976,2.3742394719804882,2.3735307638467593,2.373104597813285,2.372877856648835,2.3728068076215485
2.37278789414612,2.3728589828383315,2.373085844286675,2.373512215590812,2.3742212247148737,2.375352137355716,2.3771266658002346,2.3798878680259103,2.384155816243732,2.39070567624814,2.4006758170083793,2.4157163723210484,2.4381926240795577,2.4714627804796097,2.520255429723245,2.591174879447829,2.693353440890308,2.8392256187320197,3.0452688100007266,3.33223156761105,3.723651357591038,4.240032957101179,4.883690031043648,5.607116792950944,6.264350267816852,6.600009335431541,6.600009335433098,6.264350267910496,5.607116793072878,4.883690031173787,4.240032957150334,3.723651357563548,3.332231567424427,3.0452688100287446,2.839225618577239,2.6933534409891675,2.591174879371576,2.520255429406112,2.471462780441771,2.4381926240840874,2.4157163725270507,2.400675817022573,2.3907056760646976,2.3841558159878007,2.37988786792507,2.3771266657121743,2.3753521375341555,2.37422122463759,2.3735122154522528,2.3730858443773926,2.372858983359882,2.372787894607697
2.3727726472226904,2.3728437683279022,2.3730707281661356,2.373497268221705,2.3742065245823385,2.375337776403915,2.3771127570916843,2.379874556618132,2.3841432954886645,2.3906942099462793,2.4006657699558507,2.415708252466582,2.438187137643882,2.4714609049254985,2.5202585076940167,2.591184736950614,2.693372530895326,2.8392571873176244,3.04531706785737,3.332301816301255,3.723749956397542,4.240166883420337,4.883865580590816,5.607336736411125,6.264609006033681,6.6002883413135285,6.6002883413548155,6.264609006151684,5.60733673658745,4.883865580701816,4.240166883411156,3.723749956382157,3.3323018163121176,3.0453170677574164,2.839257187374528,2.6933725309995307,2.591184736895605,2.5202585074810475,2.4714609047614413,2.4381871376936077,2.415708252610509,2.4006657699302045,2.390694209920233,2.3841432956078967,2.3798745566794564,2.3771127570830286,2.3753377764367145,2.374206524570194,2.3734972682780433,2.3730707283197714,2.372843768607932,2.372772647455417
2.3727609303024173,2.372832076684518,2.3730591132717302,2.3734857850045907,2.374195234099757,2.375326750446214,2.3771020837521046,2.379864348914487,2.3841337039678194,2.3906854401255795,2.400658105828549,2.4157020891982803,2.4381830249740757,2.471459604163782,2.5202610646179626,2.591192573577904,2.6933875577849204,2.8392819332964105,3.045354813553146,3.3323566933898,3.7238269214355424,4.240271375934829,4.8840025100351125,5.60750826563102,6.264810773460879,6.600505905633151,6.600505905704601,6.264810773560615,5.607508265842085,4.884002510131812,4.240271376093092,3.7238269215740147,3.332356693388816,3.045354813349074,2.839281933375752,2.693387557784314,2.5911925733249515,2.5202610646688006,2.4714596042746813,2.438183025047481,2.4157020891283243,2.400658105830879,2.390685440454753,2.384133704489104,2.379864348740018,2.377102083719609,2.3753267506595868,2.3741952340447234,2.3734857849064603,2.37305911342087,2.372832076712226,2.372760930323852
2.372752637215203,2.3728238016221694,2.37305089314539,2.3734776590490725,2.3741872462354774,2.375318951942226,2.377094537454722,2.379857135776559,2.3841269318353633,2.3906792555245153,2.4006527117314898,2.415697768207083,2.438180170300406,2.4714587599991757,2.5202629784946176,2.591198262223535,2.6933983872309057,2.8392997122208694,3.0453818883275807,3.3323960194512763,3.7238820449104466,4.240346188837442,4.884100526173435,5.607631034076008,6.264955174988569,6.6006616084072105,6.600661608461513,6.264955175144892,5.607631034176199,4.88410052639648,4.2403461889873,3.723882044971838,3.3323960192090656,3.045381888141763,2.839299712043272,2.693398386954806,2.591198262167163,2.5202629785281236,2.4714587601006808,2.438180170413603,2.4156977683888847,2.4006527121240935,2.3906792560064316,2.384126931946867,2.3798571359046843,2.377094537499339,2.3753189519101796,2.3741872462380185,2.3734776590397635,2.3730508929978438,2.3728238015107004,2.3727526372559677
2.3727476918884616,2.372818867039219,2.373045991518943,2.373472814021115,2.3741824842083816,2.3753143037230124,2.377090040891057,2.3798528393570657,2.384122900015066,2.390675576467866,2.400649507472679,2.415695208402007,2.4381784908283746,2.4714582875248836,2.5202641617759074,2.5912017116748247,2.6934049233338255,2.839310420829157,3.0453981785021917,3.332419666249016,3.723915178297192,4.240391146799595,4.8841594195517395,5.607704793973791,6.265041928660483,6.600755149983368,6.600755150071389,6.2650419289248145,5.607704794182273,4.8841594196764415,4.240391146757976,3.7239151781690816,3.3324196660458516,3.045398178270746,2.8393104206001394,2.6934049231003576,2.5912017116456965,2.5202641618114643,2.471458287621393,2.4381784910948587,2.4156952088269144,2.400649508054946,2.39067557709084,2.3841229000745026,2.3798528391166927,2.3770900407271265,2.375314303536397,2.3741824840706007,2.373472814010703,2.3730459915329387,2.3728188670210684,2.3727476917173567
2.3727460483671816,2.372817227214095,2.373044362708535,2.373471204143279,2.3741809021748943,2.375312759690706,2.3770885471866205,2.379851412260948,2.3841215612061353,2.3906743554270085,2.400648444800887,2.41569436060853,2.438177936513971,2.4714581355919356,2.5202645619993183,2.5912028675571492,2.6934071084434326,2.839313997200276,3.0454036160191973,3.3324275570941895,3.723926232672785,4.240406144409286,4.884179064636589,5.607729397152134,6.265070865492306,6.600786350556954,6.600786350666125,6.265070865517452,5.607729397219038,4.8841790645666485,4.240406144397522,3.7239262323168596,3.3324275569456083,3.045403616053206,2.8393139967989853,2.6934071083677584,2.591202867669846,2.5202645622342086,2.471458135948418,2.438177936777151,2.415694361005158,2.4006484455768042,2.390674355657419,2.3841215611382895,2.3798514121874423,2.377088546940118,2.3753127590967757,2.3741809020249636,2.3734712042921027,2.3730443627830904,2.3728172271612267,2.3727460482317704
