Run: _005_20_26_CPC_metacentric_relaxed_MCF10A_chr19_PMP1_compare
SimID: 1105102268_0
Sim time range (0.0 500.0) (saved timepoints 51)
2D Slice for variable SGO1_CPCa at time 60.0 in plane XY at Z = 0
X in rows, Y in columns
0.0024064080138069526,0.0024063841026350347,0.002406312568749297,0.002406194005779615,0.0024060294237909347,0.002405820195917425,0.002405568187321208,0.002405275640724872,0.0024049452593759794,0.002404580210207928,0.00240418414720726,0.0024037612287421085,0.002403316151737982,0.0024028541590306323,0.0024023810788327787,0.0024019033384128914,0.002401428005042815,0.0024009627642912683,0.002400515878350725,0.0024000961159336407,0.0023997126007658364,0.002399374545881786,0.0023990908883519254,0.002398869822751674,0.002398718237595505,0.002398641129207389,0.0023986411288699277,0.002398718237681756,0.0023988698216363276,0.0023990908833607404,0.00239937454281242,0.002399712605744745,0.0024000961257423627,0.002400515885975452,0.0024009627675499207,0.0024014280044042497,0.0024019033326154625,0.0024023810706387356,0.002402854157274687,0.002403316157405949,0.0024037612410883476,0.0024041841566754428,0.0024045802126614847,0.002404945253924654,0.0024052756352954206,0.002405568186175733,0.0024058201963979282,0.002406029411752399,0.002406194010342885,0.0024063125817025102,0.0024063841197826986,0.002406408028490824
0.0024064711497682697,0.0024064472484399482,0.0024063757332344463,0.0024062572035654125,0.0024060926469573127,0.002405883478876171,0.0024056315305627787,0.002405339050219662,0.0024050087470293955,0.0024046437800739765,0.002404247808653391,0.002403824993427803,0.0024033800162287953,0.002402918117413162,0.002402445129451506,0.0024019674855775604,0.0024014922445424144,0.0024010270903743816,0.0024005802900609234,0.0024001606062436626,0.0023997771552156434,0.002399439155588978,0.0023991555475168067,0.0023989345200963645,0.002398782957852994,0.002398705859820673,0.0023987058577882316,0.0023987829528394357,0.00239893451432588,0.002399155543403505,0.0023994391556293286,0.0023997771599360467,0.0024001606127218144,0.002400580297317199,0.00240102709778415,0.002401492246712273,0.0024019674795809232,0.0024024451213257797,0.0024029181147303823,0.002403380019030786,0.002403825001586429,0.0024042478190052486,0.0024046437852833042,0.0024050087446187774,0.002405339048013831,0.0024056315269687704,0.0024058834761243415,0.0024060926412494653,0.0024062571997932403,0.0024063757399203902,0.002406447258693546,0.002406471160764165
0.0024066606504180364,0.0024066367688385035,0.0024065653055125712,0.0024064468633340714,0.0024062824245195237,0.0024060734156107987,0.002405821643673098,0.002405529380297827,0.0024051993109304856,0.0024048346038466352,0.002404438909348174,0.002404016382519736,0.002403571691484993,0.00240311008448679,0.0024026373898513326,0.0024021600386631807,0.0024016850781149,0.002401220189709545,0.0024007736402713027,0.0024003541845606957,0.0023999709321024525,0.0023996331025087974,0.0023993496371928643,0.002399128718918201,0.0023989772289144925,0.0023989001672653897,0.0023989001646333207,0.0023989772224673423,0.0023991287126177764,0.0023993496355041656,0.002399633105215381,0.0023999709344869682,0.002400354186438372,0.002400773646797205,0.002401220198841404,0.0024016850798933087,0.0024021600324950813,0.0024026373863601683,0.0024031100875912662,0.002403571695417691,0.0024040163807880458,0.002404438911963816,0.00240483460905089,0.0024051993147262874,0.002405529380327774,0.00240582164514287,0.002406073410819914,0.0024062824223698293,0.0024064468552497335,0.002406565302800422,0.0024066367672296845,0.0024066606532882717
0.0024069767855332646,0.002406952931512014,0.0024068815648468685,0.002406763260998909,0.0024065990356228607,0.0024063902823772214,0.0024061388272751316,0.002405846915521935,0.0024055172477359323,0.0024051529767608673,0.002404757742146807,0.0024043356872660636,0.0024038914915748715,0.0024034303809951562,0.002402958180680764,0.0024024813184424995,0.0024020068319352606,0.0024015423908433655,0.002401096259768357,0.0024006771893828206,0.002400294277203791,0.0023999567341496998,0.0023996735026518006,0.0023994527650017263,0.0023993013985708347,0.0023992244015261224,0.0023992244024060487,0.0023993013981104382,0.002399452761475756,0.002399673500187559,0.0023999567329348746,0.002400294273786989,0.0024006771878144237,0.002401096265089636,0.002401542398362306,0.0024020068340307125,0.002402481318097849,0.0024029581839969884,0.0024034303849875256,0.0024038914909675813,0.002404335683717759,0.002404757737427281,0.0024051529791773853,0.0024055172549183814,0.0024058469205601183,0.0024061388273457535,0.002406390283695037,0.0024065990334969697,0.0024067632556246284,0.0024068815509670186,0.0024069529242487964,0.002406976783669208
0.0024074200102252967,0.0024073962003425616,0.0024073249569816673,0.002407206867229159,0.0024070429376647265,0.0024068345598149787,0.002406583547399175,0.0024062921430259344,0.002405963042337871,0.002405599386418477,0.002405204801071977,0.002404783427038067,0.002404339931650126,0.002403879529308179,0.002403408033682505,0.002402931863904135,0.002402458050575372,0.002401994249030031,0.0024015487096984826,0.0024011301813724,0.002400747751465548,0.0024004106195590043,0.002400127724199525,0.002399907245368872,0.002399756053871296,0.0023996791457377804,0.0023996791492676434,0.002399756056810346,0.0023999072427395105,0.0024001277224836586,0.0024004106186932715,0.002400747746204294,0.0024011301763665746,0.0024015487109150797,0.0024019942520690646,0.0024024580547165318,0.0024029318721619664,0.0024034080419978285,0.0024038795298530723,0.0024043399258914864,0.0024047834232411277,0.002405204797624583,0.002405599384019302,0.002405963044739479,0.002406292148157138,0.002406583548937652,0.0024068345600780933,0.0024070429366867185,0.0024072068635825556,0.00240732494619598,0.0024073961936603595,0.0024074200108386234
0.002407990963312101,0.002407967213816134,0.0024078961330921416,0.002407778330903092,0.0024076147848610518,0.0024074068976513503,0.0024071564685331647,0.002406865732785344,0.002406537370285946,0.0024061745215518725,0.0024057807935660923,0.0024053603130343546,0.0024049177324350886,0.0024044582618639484,0.0024039876928742742,0.0024035124320364114,0.0024030395023718894,0.0024025765386209894,0.002402131775520707,0.0024017139532783193,0.0024013321535155986,0.002400995564144063,0.0024007131136765483,0.0024004929755310133,0.0024003420127488534,0.002400265216970992,0.0024002652187680444,0.0024003420136064703,0.0024004929733506147,0.002400713115244573,0.0024009955678011303,0.002401332150883717,0.0024017139473903383,0.002402131773103095,0.0024025765382279874,0.002403039505317803,0.0024035124418038587,0.002403987700182623,0.002404458259742574,0.002404917728411774,0.002405360310318808,0.0024057807899186723,0.002406174517296991,0.0024065373725188958,0.002406865736054919,0.0024071564699511944,0.0024074068985550415,0.0024076147845818745,0.0024077783242082416,0.0024078961288420127,0.002407967209010076,0.002407990967519701
0.0024086904780253617,0.002408666789055101,0.002408595927722515,0.0024084784759337676,0.0024083154183931724,0.0024081081441457036,0.0024078584461907026,0.002407568546970039,0.0024072411133047433,0.0024068792700266397,0.0024064866174440323,0.0024060672563506616,0.002405625827673519,0.0024051675242799005,0.0024046981183534787,0.002404223997524126,0.002403752169177774,0.0024032902532744194,0.0024028464658722264,0.002402429532081989,0.002402048523257391,0.0024017126122899595,0.002401430716079467,0.00240121100233032,0.0024010603267351177,0.0024009836741576552,0.002400983675714217,0.002401060327249729,0.0024012110010648118,0.002401430719121071,0.0024017126160259953,0.002402048519602388,0.0024024295258519156,0.002402846464434475,0.002403290254611374,0.002403752171578267,0.00240422400349527,0.0024046981223927004,0.002405167521859661,0.00240562582389556,0.0024060672538051544,0.002406486615353893,0.002406879270376727,0.002407241114742554,0.0024075685484244128,0.0024078584481262754,0.0024081081464543052,0.002408315419360549,0.002408478473003218,0.002408595924317948,0.002408666788033226,0.00240869047184994
0.0024095195440465324,0.0024094959403481004,0.0024094253379607134,0.002409308320181392,0.002409145862017883,0.0024089393311888326,0.0024086905247745812,0.002408401645874904,0.0024080753419549496,0.0024077147225094026,0.0024073233757085015,0.002406905382428004,0.0024064653580286115,0.0024060084739116433,0.0024055404836758124,0.002405067751751941,0.002404597262163228,0.002404136620485332,0.0024036940211602143,0.0024032781710049316,0.0024028981249704325,0.002402563039402183,0.002402281816904698,0.0024020626179769317,0.0024019122929092394,0.00240183581797906,0.002401835820274503,0.0024019122966031977,0.0024020626202663426,0.002402281819098933,0.002402563039555129,0.0024028981198506473,0.0024032781652467364,0.002403694020487459,0.0024041366233298286,0.0024045972655185595,0.0024050677546875853,0.0024055404854700937,0.0024060084725995956,0.002406465355158934,0.0024069053801545836,0.002407323375434681,0.002407714724018171,0.0024080753411741627,0.00240840164320407,0.0024086905245207114,0.0024089393343607593,0.0024091458634326476,0.0024093083242773456,0.0024094253419916687,0.0024094959403218484,0.0024095195358082044
0.002410479352093725,0.0024104558513101996,0.0024103855638148144,0.0024102690650280086,0.002410107314277065,0.0024099016785083787,0.0024096539331228428,0.0024093662724192074,0.0024090413217108834,0.002408682169830421,0.002408292381887516,0.00240787602050984,0.0024074376715737186,0.0024069824811427075,0.002406516182309903,0.002406045109972018,0.002405576223322677,0.002405117101510622,0.0024046759174613957,0.002404261357760294,0.0024038824586830824,0.0024035483593717803,0.0024032679452106204,0.002403049363400136,0.002402899454376646,0.0024028231894111926,0.00240282319246779,0.0024028994595453675,0.0024030493665902117,0.002403267947240351,0.0024035483601409476,0.002403882457684321,0.0024042613567459396,0.0024046759176679297,0.0024051171009895934,0.0024055762211541414,0.0024060451070108293,0.0024065161817222605,0.0024069824844817522,0.002407437673124814,0.0024078760189801336,0.0024082923798015086,0.002408682168381343,0.0024090413194684324,0.002409366268779835,0.0024096539311892263,0.0024099016795153653,0.00241010731801135,0.0024102690691601967,0.0024103855700065772,0.00241045585588778,0.002410479349997751
0.00241157126682214,0.0024115478998497,0.0024114779799542766,0.0024113620847291384,0.002411201170217835,0.002410996588718515,0.002410750093645567,0.0024104638677656786,0.002410140515706831,0.002409783094890588,0.002409395145129781,0.0024089807041761946,0.0024085443301550256,0.002408091138922132,0.0024076268311405535,0.0024071577132472105,0.0024066907138172713,0.002406233382645878,0.0024057938671591694,0.0024053808270339382,0.0024050032765003154,0.002404670336958628,0.0024043908760152527,0.0024041730225535314,0.0024040236043860316,0.002403947583931064,0.002403947583001117,0.0024040236031036204,0.0024041730227383575,0.002404390877807968,0.0024046703399546285,0.0024050032804003325,0.002405380831090866,0.0024057938686324184,0.0024062333790410683,0.0024066907062801394,0.0024071577062843154,0.0024076268288760715,0.002408091141509048,0.002408544333081963,0.0024089807039550815,0.0024093951429660938,0.002409783091983301,0.0024101405130049097,0.002410463866873397,0.0024107500931495533,0.0024109965883574495,0.002411201173061991,0.0024113620870004626,0.0024114779816076615,0.002411547901715029,0.002411571275484303
0.002412796846792884,0.002412773620728715,0.0024127041317163686,0.0024125889409743794,0.0024124290048907512,0.0024122256524895616,0.0024119806231590085,0.0024116960705978167,0.0024113745799640516,0.0024110191815864637,0.002410633379275015,0.0024102211797298904,0.0024097871128515606,0.002409336256341711,0.0024088742698887976,0.0024084074289730025,0.002407942628538826,0.0024074873867516704,0.0024070498192434214,0.0024066385542994193,0.00240626257821636,0.0024059309902188407,0.0024056526377824864,0.002405435631787476,0.002405286785341845,0.0024052110507265887,0.002405211047154885,0.0024052867785592526,0.002405435628106182,0.0024056526380006964,0.002405930991647567,0.0024062625805862242,0.0024066385579058357,0.0024070498210552677,0.002407487383970922,0.0024079426225551387,0.0024084074250410813,0.0024088742686846553,0.0024093362541037,0.0024097871121115354,0.002410221181193738,0.002410633379109067,0.002411019178806257,0.002411374578763528,0.0024116960697704542,0.0024119806214159475,0.0024122256513836623,0.0024124290046525095,0.0024125889440255793,0.002412704132803703,0.00241277362465179,0.0024127968522138768
0.002414157795849599,0.002414134737292587,0.0024140657454555133,0.002413951378435562,0.0024137925718401352,0.002413590646088302,0.002413347315568334,0.0024130647042068664,0.0024127453730455432,0.0024123923197396486,0.0024120090083163273,0.002411599408280341,0.002411168012741861,0.002410719857206171,0.002410260562562791,0.002409796360935944,0.0024093341078965432,0.002408881284546279,0.0024084459697040587,0.0024080367602832414,0.00240766261180302,0.002407332589827156,0.0024070555159620625,0.0024068394859043524,0.0024066913003522148,0.0024066159013434946,0.0024066158996896825,0.002406691297221202,0.0024068394838441354,0.0024070555143998764,0.002407332587631941,0.0024076626115383036,0.0024080367631954557,0.002408445971389678,0.002408881281467068,0.002409334103379027,0.0024097963598668,0.0024102605622934835,0.0024107198542077566,0.0024111680118131533,0.0024115994115030937,0.0024120090088984485,0.0024123923167640427,0.002412745371776347,0.002413064704414284,0.0024133473132824457,0.0024135906428698894,0.0024137925703445083,0.0024139513808194863,0.002414065750422506,0.0024141347438336085,0.0024141578008646486
0.0024156560134607867,0.0024156331480400697,0.002415564733012274,0.002415451315387437,0.002415293809067561,0.0024150935270039558,0.0024148521550783546,0.0024145717882067663,0.002414254948494769,0.0024139045979957967,0.0024135241616703145,0.002413117559807183,0.0024126892398644486,0.002412244197842275,0.002411788005430497,0.0024113268454319667,0.002410867530391756,0.002410417494313459,0.00240998477349013,0.0024095779301648063,0.00240920588274297,0.002408877661288361,0.002408602059864717,0.0024083871536808594,0.002408239729915638,0.0024081647178040362,0.0024081647181573617,0.0024082397301599077,0.002408387152961498,0.00240860205951758,0.0024088776624272374,0.002409205883953883,0.002409577931162667,0.002409984774410897,0.002410417492828935,0.002410867527600201,0.0024113268427294115,0.00241178800199723,0.0024122441975947626,0.0024126892437133685,0.0024131175639785216,0.0024135241619976998,0.0024139045960770355,0.0024142549484566303,0.002414571791136787,0.0024148521562835355,0.0024150935259490314,0.0024152938098169177,0.0024154513136201475,0.0024155647344205715,0.002415633151325417,0.0024156560152885677
0.002417293568454285,0.002417270926028696,0.0024172031712697954,0.0024170908388403737,0.0024169348360569497,0.0024167364431942535,0.002416497323007367,0.002416219535117374,0.00241590555621756,0.002415558309244466,0.0024151811736217808,0.0024147780169349723,0.0024143532335641625,0.0024139117660444895,0.0024134591309279895,0.002413001460563205,0.0024125455171114616,0.0024120986825251814,0.0024116689415601316,0.002411264808889651,0.0024108951655970982,0.0024105690072293243,0.0024102950954131663,0.0024100814825869896,0.0024099349336519534,0.002409860359851855,0.0024098603575538028,0.002409934929756011,0.0024100814821714856,0.0024102950990854194,0.0024105690114361402,0.0024108951669200825,0.0024112648075762305,0.002411668941400567,0.002412098684998024,0.002412545519760427,0.00241300145982506,0.002413459128925556,0.0024139117673384353,0.0024143532390829506,0.0024147780216717332,0.002415181174590078,0.0024155583099410402,0.0024159055591142613,0.0024162195380938666,0.0024164973248738736,0.0024167364454098592,0.0024169348390809275,0.0024170908381173266,0.00241720316578718,0.0024172709201278142,0.002417293564120528
0.002419072697009046,0.0024190503052438656,0.002418983302937792,0.0024188722201263268,0.0024187179437416815,0.0024185217181625185,0.002418285179412868,0.002418010345555869,0.00241769964604103,0.0024173559533709446,0.0024169825967002697,0.0024165833864442893,0.0024161626530446916,0.0024157252771425594,0.0024152767162128326,0.0024148230393114616,0.0024143709488192305,0.002413927773444755,0.002413501439889434,0.002413100408160021,0.002412733514569485,0.0024124097144568512,0.0024121377356960904,0.002411925600733527,0.0024117800482052407,0.00241170597347745,0.002411705969779249,0.0024117800436784143,0.002411925602870804,0.002412137741002284,0.002412409717020821,0.002412733514607752,0.0024131004075580455,0.0024135014393974054,0.0024139277768514002,0.0024143709547529008,0.0024148230429030114,0.002415276718680076,0.0024157252819144892,0.0024161626590796233,0.0024165833893641914,0.0024169825987861546,0.002417355956847725,0.002417699648808475,0.002418010344692955,0.0024182851782170943,0.0024185217201997283,0.002418717945131735,0.002418872220652079,0.0024189832979516213,0.002419050295774507,0.0024190726882633
0.002420995789358486,0.0024209736894414044,0.0024209075511659626,0.002420797899982424,0.0024206455934564696,0.002420451849795559,0.0024202182626729906,0.002419946807073451,0.0024196398604344567,0.0024193002341851323,0.002418931197420963,0.002418536494472383,0.0024181203854456725,0.002417687684960034,0.0024172437800589965,0.002416794663603673,0.0024163469699403682,0.0024159079663352563,0.0024154855170275993,0.002415088022170797,0.002414724266604889,0.00241440315990133,0.0024141333846641553,0.0024139229283104595,0.002413778509836768,0.0024137050078976915,0.0024137050050545166,0.002413778509294464,0.0024139229352828145,0.0024141333891640015,0.0024144031589339162,0.002414724269502074,0.002415088027849721,0.0024154855173105275,0.0024159079656211092,0.0024163469730819538,0.002416794666023693,0.0024172437821811323,0.0024176876913361935,0.0024181203901062005,0.0024185364948054746,0.0024189311996128857,0.0024193002387202533,0.002419639861501948,0.0024199468047709895,0.0024202182613604285,0.0024204518496238176,0.0024206455912916688,0.002420797896783964,0.0024209075466983146,0.002420973681184247,0.00242099578474492
0.0024230654116101924,0.002423043641712092,0.002422978497043309,0.0024228704783986377,0.0024227204232034403,0.002422529515148132,0.0024222992985703075,0.0024220316992854623,0.0024217290365565977,0.002421394053811237,0.002421029948092655,0.002420640388771207,0.0024202295566466236,0.0024198021853196637,0.002419363584617689,0.0024189196682888737,0.0024184769888192844,0.002418042738202903,0.0024176247110762146,0.002417231241305379,0.002416871057360017,0.002416553016736215,0.0024162857480661726,0.0024160771998125237,0.0024159340716007416,0.002415861224596396,0.0024158612227952072,0.0024159340738713333,0.0024160772079100017,0.0024162857489107726,0.002416553012612219,0.0024168710632884623,0.002417231251130464,0.0024176247122485654,0.0024180427355060406,0.002418476989023289,0.0024189196692832936,0.00241936358530971,0.0024198021857262182,0.002420229553501566,0.0024206403853406313,0.00242102994985881,0.0024213940576035056,0.0024217290365986213,0.002422031698188473,0.0024222992990698116,0.002422529512570807,0.002422720418548436,0.0024228704740758295,0.002422978491898156,0.0024230436362219334,0.0024230654064302777
0.002425284276039149,0.002425262883387816,0.0024251988722697347,0.0024250927179804266,0.002424945234317093,0.0024247575620356026,0.0024245311920434508,0.00242426799115464,0.0024239702123263858,0.0024236405225336525,0.00242328203700272,0.002422898341159513,0.002422493522775252,0.0024220722209458406,0.002421639657789738,0.0024212016584802473,0.0024207646846035945,0.002420335842932993,0.0024199228486712705,0.0024195339580943657,0.0024191778318846387,0.0024188632707541667,0.0024185988492269462,0.002418392471602354,0.0024182508116237012,0.0024181787089617404,0.0024181787069982243,0.0024182508129970887,0.002418392478241938,0.00241859884856521,0.002418863264843756,0.0024191778330619937,0.002419533962458798,0.0024199228485216238,0.0024203358430147748,0.0024207646898763537,0.002421201662814655,0.0024216396565627366,0.002422072214372515,0.002422493514055748,0.0024228983360150805,0.0024232820377825806,0.0024236405235963493,0.0024239702088701366,0.002424267988042995,0.0024245311902274013,0.0024247575569258063,0.0024249452309505746,0.002425092718805506,0.002425198871617462,0.002425262880918294,0.0024252842695882773
0.0024276552467247877,0.0024276342878506293,0.0024275715666330286,0.0024274675404501057,0.0024273229862583766,0.0024271390015010693,0.0024269170180873886,0.0024266588325483392,0.002426366621084953,0.002426042961846616,0.00242569087449849,0.0024253138510629295,0.0024249158788221957,0.002424501487543351,0.002424075793218021,0.002423644520263714,0.0024232140290964418,0.0024227913327939206,0.002422384058883125,0.0024220003726060303,0.002421648851917952,0.002421338235409854,0.0024210770462739337,0.002420873137477564,0.0024207331429427358,0.0024206618795980027,0.0024206618779226375,0.002420733143209324,0.002420873141789978,0.002421077047924421,0.00242133823393751,0.0024216488495323162,0.0024220003685632,0.002422384055796218,0.0024227913374770885,0.0024232140390975645,0.002423644524228387,0.0024240757877173444,0.0024245014792207173,0.002424915874381986,0.0024253138504743347,0.0024256908751048908,0.002426042958503739,0.002426366613451834,0.002426658826834022,0.002426917013808625,0.0024271389973965865,0.0024273229862548677,0.0024274675443115333,0.0024275715685235636,0.002427634285827053,0.0024276552453874113
0.0024301813300858957,0.002430160865366823,0.0024300996154725772,0.0024299980135880765,0.0024298567977392815,0.0024296770129373815,0.00242946002626237,0.0024292075542500006,0.0024289216848193008,0.0024286048937545907,0.0024282600907162776,0.0024278906580517553,0.0024275004699013747,0.002427093935571313,0.002426676050739777,0.002426252423414794,0.0024258292981877232,0.002425413578279751,0.0024250127919286527,0.0024246350088625466,0.0024242887140472407,0.00242398257244632,0.0024237250494664867,0.002423523940650054,0.002423385831312041,0.0024233155158998126,0.0024233155155068877,0.0024233858301355125,0.002423523940117297,0.0024237250533602596,0.0024239825781652473,0.0024242887149560186,0.0024246350058591735,0.002425012791625767,0.0024254135844598897,0.002425829303722147,0.0024262524214368787,0.002426676043659432,0.0024270939321760854,0.002427500471494562,0.0024278906605925787,0.0024282600902253613,0.0024286048875637118,0.002428921678580454,0.0024292075518401643,0.0024294600253920062,0.0024296770137032576,0.002429856798981505,0.002429998013281896,0.0024300996128005276,0.0024301608639720703,0.0024301813336438686
0.002432865655796128,0.0024328457526004285,0.0024327861783020586,0.002432687341460527,0.002432549931061508,0.002432374932718875,0.0024321636378158633,0.002431917671048304,0.0024316390180470293,0.0024313300437802756,0.0024309935334911057,0.0024306327363383933,0.0024302513957066723,0.002429853787557534,0.002429444773622055,0.0024290298309078842,0.0024286150711033314,0.0024282072668462156,0.0024278138342006942,0.0024274427419292127,0.002427102373422971,0.0024268013044209166,0.0024265479334855,0.002426349995442741,0.002426214021567597,0.002426144777710342,0.0024261447773231315,0.002426214017469034,0.0024263499908646737,0.002426547937704727,0.0024268013122334007,0.002427102376328612,0.0024274427435523947,0.0024278138401283085,0.0024282072711368573,0.002428615069275584,0.002429029828399228,0.0024294447751237,0.0024298537905765257,0.002430251397265991,0.002430632736098157,0.002430993528697861,0.002431330037674363,0.0024316390168747696,0.002431917672327826,0.002432163639778566,0.002432374936131715,0.002432549931451032,0.002432687337091276,0.002432786176828651,0.002432845756120598,0.0024328656607153307
0.002435711469197634,0.002435692205121478,0.0024356345402331203,0.0024355388537445175,0.002435405780147141,0.002435236236911719,0.002435031428058498,0.002434792869824619,0.0024345224286325493,0.0024342223470897764,0.002433895269583342,0.0024335442933011283,0.002433173011111643,0.002432785546468338,0.002432386604861778,0.0024319815144924263,0.002431576243360596,0.002431177419020576,0.0024307923237178813,0.00243042881076767,0.0024300951553207608,0.0024297998335374373,0.002429551162646625,0.0024293568092472826,0.0024292232504718753,0.0024291552213533013,0.0024291552224103593,0.0024292232478540315,0.002429356804640592,0.002429551165679189,0.002429799840488769,0.0024300951574069054,0.002430428812358952,0.002430792328083873,0.0024311774169197223,0.002431576238727458,0.0024319815195530474,0.0024323866155366606,0.0024327855501930047,0.002433173010461871,0.0024335442913091428,0.0024338952632747836,0.002434222343363743,0.002434522430222811,0.002434792869059961,0.002435031425847925,0.002435236238067773,0.002435405780720692,0.002435538852199595,0.002435634545874298,0.0024356922152660413,0.002435711477353273
0.0024387221208867407,0.0024387035852000707,0.0024386480992375065,0.0024385560013608664,0.002438427869816816,0.0024382645399017083,0.0024380671174144813,0.002437836997140614,0.002437575907838473,0.0024372859444232817,0.002436969592147896,0.0024366297801334505,0.0024362699305139463,0.0024358939906688705,0.0024355064846529302,0.00243511257023531,0.0024347180566122503,0.0024343294118759325,0.0024339537640722837,0.0024335988336961147,0.0024332727788969805,0.0024329839641018232,0.0024327406076825766,0.0024325503033232132,0.0024324194763500014,0.0024323528250080467,0.0024323528281673936,0.00243241947903514,0.0024325503014664294,0.002432740609298815,0.0024329839702019887,0.0024332727817894372,0.0024335988350150262,0.0024339537622444494,0.0024343294031208104,0.0024347180512219197,0.0024351125782128866,0.0024355064925857483,0.0024358939891910465,0.0024362699292908153,0.0024366297811330455,0.0024369695897059696,0.002437285943350144,0.0024375759095655223,0.002437836994649966,0.0024380671121366,0.002438264538457981,0.0024384278699911615,0.0024385560036246224,0.002438648106484164,0.002438703597381631,0.002438722129635907
0.002441901044599388,0.0024418833438540613,0.002441830341146355,0.0024417423362654085,0.002441619838406413,0.002441463586924341,0.0024412745751755775,0.002441054063995922,0.0024408036234793867,0.0024405251750632675,0.002440221022400127,0.002439893901795901,0.0024395470390822936,0.0024391841842916822,0.0024388096607653835,0.002438428427141153,0.0024380461078611043,0.0024376689957225314,0.002437304049094289,0.002436958835359714,0.002436641379162921,0.0024363599209084757,0.0024361225707687714,0.002435936843087408,0.002435809106423901,0.0024357440135598595,0.002435744017753241,0.0024358091124062555,0.0024359368429605456,0.0024361225701865006,0.0024363599242601115,0.002436641381981022,0.002436958835293458,0.0024373040454792583,0.002437668989320157,0.0024380461047219383,0.002438428429305388,0.0024388096604255724,0.0024391841798735193,0.002439547038236345,0.002439893903334768,0.0024402210220016976,0.0024405251739161252,0.002440803622639842,0.002441054062509806,0.0024412745726915103,0.0024414635840044143,0.002441619838162697,0.0024417423401689666,0.0024418303468023454,0.002441883350829387,0.00244190104992735
0.0024452517477914775,0.002445234997893358,0.002445184824697282,0.0024451014855311755,0.002444985411911769,0.0024448372331287685,0.0024446578065314716,0.0024444482385509365,0.002444209920932963,0.002443944577539847,0.0024436543038583833,0.0024433416142929133,0.0024430095045591747,0.002442661503077108,0.0024423017113686025,0.002441934861738532,0.0024415663635539053,0.002441202313528348,0.0024408494834487187,0.0024405152654078223,0.0024402075294230625,0.0024399343809183376,0.0024397038172450673,0.0024395232643748717,0.0024393990200627783,0.0024393356838769776,0.0024393356873641104,0.0024393990258093933,0.0024395232652840073,0.0024397038160818745,0.0024399343804839173,0.0024402075264015294,0.002440515259228289,0.002440849480945247,0.002441202315373331,0.0024415663640711236,0.002441934859586224,0.0024423017095342343,0.002442661502995801,0.00244300950378998,0.0024433416122848005,0.0024436543017959775,0.0024439445728443327,0.0024442099157194397,0.0024444482356861977,0.0024446578033325735,0.0024448372295636385,0.002444985414299302,0.0024451014930940195,0.002445184831274136,0.0024452349987515777,0.0024452517458141807
0.0024487777781109256,0.002448762109189675,0.002448715164288985,0.002448637144641677,0.0024485283966969077,0.002448389424160298,0.002448220925739184,0.002448023828825526,0.0024477993178239395,0.002447548889870108,0.0024472744041064104,0.0024469781225167613,0.002446662778717283,0.0024463316432006437,0.0024459885650708266,0.0024456380238947685,0.002445285186104621,0.0024449359260143425,0.002444596806286701,0.0024442750223133847,0.00244397826961792,0.0024437145066294923,0.002443491608814678,0.0024433169009832603,0.0024431965959627313,0.0024431352374905575,0.002443135239360876,0.0024431965975757683,0.0024433169013444835,0.0024434916097465925,0.002443714505928912,0.0024439782627684197,0.002444275012704666,0.0024445968037930406,0.0024449359294806557,0.002445285186015888,0.0024456380199194706,0.0024459885654329267,0.00244633164822582,0.0024466627790516652,0.002446978119029539,0.0024472744013624356,0.0024475488853746142,0.0024477993100204846,0.0024480238224404657,0.00244822092196849,0.0024483894234695967,0.0024485284006808003,0.002448637152738331,0.0024487151678380453,0.0024487621040991375,0.0024487777708203447
0.0024524826883329347,0.002452468255500952,0.002452424999321171,0.0024523530535068344,0.002452252661735471,0.0024521241865575975,0.0024519681500285045,0.0024517852697618857,0.0024515764904894494,0.0024513430460685846,0.0024510865206401116,0.0024508088944930357,0.0024505126059452685,0.0024502006243300933,0.002449876507841028,0.0024495444544665465,0.0024492093589231503,0.002448876838949413,0.002448553221620613,0.0024482454884302888,0.002447961142925133,0.002447707978300547,0.002447493732606243,0.0024473256157569534,0.0024472097489275212,0.0024471506213432554,0.0024471506200838137,0.0024472097443195002,0.0024473256119282912,0.002447493732124565,0.0024477079785708874,0.0024479611409019292,0.0024482454859647454,0.0024485532195870977,0.002448876836836755,0.0024492093550305544,0.002449544449065396,0.0024498765084835362,0.002450200628674055,0.002450512605513836,0.0024508088920626838,0.0024510865206149564,0.0024513430446126906,0.0024515764837198155,0.002451785264409666,0.0024519681530177874,0.002452124191583421,0.0024522526631389095,0.002452353052522136,0.002452424993853519,0.0024524682469921704,0.0024524826900014004
0.002456370018037044,0.002456356997934733,0.0024563179557023453,0.002456252949277755,0.0024561620994625628,0.002456045606514865,0.0024559037867504393,0.0024557371144641412,0.002455546263581232,0.0024553321663230996,0.002455096085763056,0.0024548396760546917,0.0024545650402107524,0.0024542748074743766,0.002453972202866966,0.0024536611062516943,0.002453346104858658,0.0024530325257172726,0.0024527264322110848,0.002452434569686032,0.002452164231656583,0.002451923026557853,0.002451718534379621,0.0024515578384672033,0.0024514469713653193,0.0024513903609081054,0.002451390357668899,0.002451446965569101,0.0024515578314396845,0.0024517185273998693,0.0024519230235075665,0.0024521642363499727,0.0024524345752373914,0.0024527264309049065,0.002453032521791998,0.002453346101341171,0.002453661104223229,0.002453972204008171,0.002454274807778534,0.002454565037837931,0.002454839673928631,0.0024550960861154485,0.0024553321647109664,0.002455546259191691,0.0024557371139793554,0.0024559037932614224,0.002456045611273066,0.002456162097135397,0.002456252942617364,0.0024563179491920825,0.0024563570017529395,0.0024563700378283796
0.0024604432547581452,0.0024604318477299933,0.002460397617463766,0.002460340539327647,0.0024602605933251795,0.0024601577896915866,0.002460032200101916,0.0024598840167626337,0.002459713605048869,0.002459521554747136,0.002459308757627036,0.0024590764854051923,0.0024588264588526944,0.002458560922001154,0.0024582827208997505,0.002457995372593963,0.002457703119258059,0.002457410963412717,0.002457124673118677,0.002456850730014764,0.0024565961938518084,0.002456368468214468,0.002456174959575344,0.002456022615081648,0.0024559173748073797,0.0024558635981514246,0.002455863597414004,0.002455917374330905,0.0024560226104082625,0.0024561749493676142,0.002456368463111664,0.002456596198959,0.002456850735092065,0.002457124672903428,0.0024574109622887076,0.002457703120481547,0.002457995375556712,0.0024582827203214344,0.0024585609190963015,0.0024588264585319623,0.002459076485983864,0.0024593087561646213,0.0024595215522824486,0.002459713604205434,0.00245988401794998,0.0024600321993282536,0.0024601577866719304,0.002460260591435715,0.0024603405389390337,0.0024603976258809404,0.002460431872165668,0.0024604432827387665
0.0024647057768351277,0.002464696215237505,0.0024646674894489838,0.002464619476011084,0.0024645519936867546,0.0024644648320222826,0.0024643577835847296,0.00246423071136796,0.002464083616507932,0.002463916696106082,0.0024637304195028052,0.0024635256179645383,0.00246330356927018,0.0024630660783167987,0.0024628155615226683,0.0024625551218828714,0.002462288611670049,0.002462020675925549,0.002461756754620365,0.0024615030302972533,0.00246126630131477,0.002461053751950371,0.0024608726019975454,0.002460729652580657,0.0024606307379992265,0.0024605801438772655,0.0024605801455751023,0.0024606307397940655,0.00246072965090185,0.0024608725963031035,0.0024610537508469553,0.0024612663043658153,0.0024615030326634083,0.0024617567566346623,0.0024620206791764743,0.0024622886148800427,0.0024625551202688235,0.0024628155556220468,0.0024630660763385144,0.002463303572900018,0.002463525622580969,0.002463730421115891,0.0024639166968060643,0.002464083618044905,0.002464230710472131,0.002464357775885404,0.002464464826247703,0.0024645519971430866,0.0024646194859816667,0.0024646675110584523,0.0024646962430815394,0.0024647057783989674
0.0024691607963461437,0.00246915335009918,0.0024691309301563356,0.002469093294847754,0.002469040072229139,0.0024689707950551663,0.0024688849391223365,0.002468781987480113,0.0024686615122321565,0.0024685232526488717,0.002468367193812033,0.0024681936628518962,0.002468003427248129,0.0024677977904851733,0.002467578678873278,0.0024673487248486965,0.0024671113431039794,0.002466870778876829,0.0024666321052429106,0.002466401172380149,0.002466184492302604,0.0024659890117308173,0.0024658217537244496,0.002465689363044692,0.0024655975515793815,0.002465550527404673,0.0024655505267341727,0.0024655975489572208,0.0024656893615077015,0.0024658217550331007,0.002465989014017886,0.0024661844948103803,0.00246640117411591,0.0024666321094110513,0.002466870784916859,0.0024671113444733276,0.0024673487182552624,0.0024675786728945172,0.0024677977918457095,0.002468003432132401,0.0024681936666115646,0.0024683671965226475,0.0024685232535124175,0.0024686615118666624,0.0024687819833183163,0.0024688849331421475,0.002468970797078101,0.0024690400828883343,0.002469093312026857,0.002469130949046548,0.00246915334913535,0.0024691607660583064
0.002473811307348073,0.002473806284195978,0.00247379108825172,0.0024737653455519345,0.0024737284575842046,0.0024736796527028617,0.0024736180380846,0.002473542660842427,0.0024734525971191715,0.0024733470484754917,0.002473225439328954,0.0024730875180566515,0.0024729334668872464,0.0024727640112285005,0.002472580521003559,0.002472385099783919,0.002472180668768133,0.002471971020447998,0.0024717608192336717,0.0024715555535224673,0.002471361426347984,0.002471185124085976,0.0024710334610495693,0.002470912914675729,0.0024708290655096475,0.002470786040473642,0.002470786036687088,0.002470829061089895,0.00247091291551723,0.0024710334655234376,0.0024711851268668346,0.002471361427536616,0.0024715555534336672,0.0024717608189371,0.002471971023245192,0.0024721806711559585,0.0024723850986611818,0.0024725805233810354,0.002472764016187401,0.0024729334665633453,0.0024730875140239472,0.0024732254362333974,0.0024733470443427693,0.0024734525909520123,0.0024735426550439813,0.0024736180399422504,0.0024736796621818553,0.002473728472543193,0.002473765362966919,0.002473791088146701,0.002473806255332039,0.0024738112960479954
0.002478660010288937,0.0024786577645636,0.0024786508504087146,0.0024786387404269294,0.002478620577465684,0.0024785952325814906,0.002478561375081553,0.002478517545189164,0.0024784622460289414,0.00247839405571066,0.002478311745673674,0.0024782143961567023,0.002478101514773635,0.002477973163599173,0.0024778300777367236,0.0024776737649717974,0.0024775065909536905,0.0024773318378571553,0.00247715371713372,0.0024769773289381983,0.0024768085432443796,0.00247665376396217,0.0024765195813622972,0.0024764122928681576,0.002476337350431154,0.002476298796799826,0.0024762987949708474,0.0024763373504885543,0.0024764122965432976,0.002476519585392115,0.002476653767394551,0.0024768085450165424,0.0024769773253092374,0.0024771537077697323,0.002477331834533562,0.0024775065946579873,0.002477673771039239,0.0024778300848408634,0.0024779731661024604,0.002478101506976496,0.002478214385026621,0.0024783117385396274,0.0024783940517364073,0.002478462240340864,0.0024785175444888767,0.0024785613837727915,0.002478595243989015,0.0024786205899117943,0.002478638742099206,0.00247865082687849,0.002478657753004702,0.0024786600295088534
0.0024837092111123257,0.0024837101566854212,0.0024837127522321996,0.00248371628575484,0.0024837196033118936,0.002483721164101182,0.002483719121189591,0.002483711417452604,0.0024836958902122266,0.002483670394970619,0.002483632943251592,0.0024835818397876616,0.002483515816025116,0.0024834341734902552,0.0024833369211587314,0.002483224889540987,0.0024830998185937443,0.0024829644228940044,0.002482822417433541,0.0024826784829323715,0.0024825381301879263,0.0024824074653856647,0.0024822928386041034,0.002482200362375134,0.002482135363722179,0.002482101803940969,0.0024821018063654666,0.0024821353667444147,0.002482200364886689,0.0024822928392716132,0.0024824074675558147,0.002482538132406493,0.0024826784789510597,0.0024828224084925497,0.002482964417314951,0.002483099820507489,0.0024832248950217143,0.002483336923067251,0.002483434168080969,0.002483515805244484,0.0024835818293901224,0.0024836329402466184,0.002483670397051615,0.002483695892951402,0.002483711425602301,0.0024837191335882465,0.0024837211741382957,0.0024837196018418555,0.0024837162622674425,0.002483712735615407,0.002483710168541316,0.002483709214775739
0.002488960714695469,0.002488965330698844,0.002488978860690646,0.0024890003721184445,0.002489028361057055,0.00248906080798441,0.0024890952652004356,0.0024891289728414794,0.002489158989221503,0.0024891823285944654,0.0024891961169611764,0.002489197755304417,0.0024891850808701705,0.002489156524256106,0.0024891112634477307,0.0024890493556561236,0.002488971837323488,0.0024888807970032895,0.0024887794114138075,0.002488671902541214,0.0024885633961608243,0.0024884596921030005,0.0024883668917976276,0.0024882909307231637,0.002488237011877148,0.0024882090188877225,0.002488209020342923,0.002488237015719104,0.0024882909335092627,0.0024883668894161715,0.002488459685750801,0.002488563393426963,0.0024886719030933688,0.002488779412060196,0.0024888807948517115,0.002488971838633455,0.002489049357784598,0.002489111258188557,0.0024891565152464572,0.0024891850748342795,0.0024891977510625475,0.002489196116490294,0.0024891823338388506,0.002489158998771988,0.0024891289834234067,0.0024890952724677096,0.0024890608091998876,0.002489028341614663,0.002489000352418425,0.0024889788684482267,0.002488965329639441,0.002488960713360259
0.002494415711350178,0.002494424548773436,0.002494450659966883,0.0024944928578140182,0.002494549220223155,0.002494617164158555,0.0024946935407339833,0.002494774768538169,0.0024948569914022382,0.00249493623976924,0.0024950086047246865,0.0024950704353200563,0.0024951185317341217,0.002495150322060446,0.0024951640337998343,0.0024951588448082493,0.0024951350013406558,0.0024950939053757573,0.0024950381493755083,0.002494971456504085,0.002494898551084131,0.0024948249170704123,0.0024947564189867107,0.0024946988230731748,0.00249465721542916,0.0024946353973542513,0.0024946353964662603,0.002494657220213321,0.0024946988303502053,0.002494756416165599,0.002494824905246511,0.0024948985435431174,0.002494971459714852,0.0024950381563838588,0.002495093908091762,0.0024951350015522396,0.0024951588430385634,0.002495164026723804,0.002495150316337471,0.0024951185322428147,0.0024950704364420967,0.0024950086047186002,0.0024949362454364534,0.0024948570021110146,0.002494774770459954,0.0024946935383967513,0.002494617152054563,0.0024945492024020027,0.0024944928642013334,0.00249445066638451,0.0024944245509964324,0.0024944156972265567
0.0025000746267255436,0.0025000883261914663,0.002500128928976951,0.002500194953169532,0.002500283984388677,0.0025003927736120288,0.0025005173501604083,0.0025006531701023127,0.0025007953019495115,0.002500938618878878,0.0025010780041456334,0.0025012085821759194,0.0025013259445849255,0.0025014263578385975,0.002501506959888684,0.002501565932473961,0.0025016026383780153,0.0025016177233904684,0.002501613142425875,0.0025015920944204835,0.002501558893598364,0.0025015187115573945,0.002501477197416531,0.0025014399593076423,0.002501411973298444,0.002501396974443871,0.0025013969763915773,0.002501411975252904,0.0025014399615727817,0.0025014771984711057,0.002501518706969097,0.0025015588866370364,0.0025015920971352217,0.002501613148248824,0.002501617724547649,0.002501602634355989,0.0025015659268749707,0.0025015069528813625,0.0025014263551359716,0.0025013259504775938,0.0025012085904351344,0.0025010780074791656,0.0025009386242880287,0.002500795307390253,0.00250065317183676,0.0025005173444876596,0.00250039275866303,0.0025002839889182948,0.0025001949611454465,0.002500128932580242,0.0025000883166160235,0.002500074609008432
0.0025059369374558263,0.0025059562485430587,0.0025060135691941854,0.002506107068840462,0.002506233759021596,0.002506389607059564,0.002506569675585597,0.002506768289841611,0.0025069792493579383,0.0025071960640341995,0.002507412203154442,0.0025076213608477772,0.0025078177182817274,0.0025079961919625637,0.002508152666943885,0.0025082841976697243,0.0025083891610265343,0.0025084673660370634,0.0025085200776146016,0.002508549959585699,0.0025085609183106315,0.0025085578388912887,0.002508546178918641,0.0025085314136431653,0.0025085184312118136,0.0025085109441814538,0.002508510945645067,0.0025085184278435136,0.0025085314056597567,0.002508546181371743,0.002508557843897027,0.0025085609164101704,0.0025085499572950086,0.0025085200776211007,0.0025084673627993417,0.002508389154527965,0.002508284191689159,0.002508152665709224,0.0025079961957150854,0.0025078177297955216,0.002507621372489752,0.0025074122060315114,0.0025071960635127738,0.002506979255996869,0.0025067682983531607,0.002506569664806851,0.0025063896113861088,0.0025062337734141895,0.002506107067240161,0.0025060135552292836,0.0025059562291410028,0.002505936912941164
0.0025120009663358363,0.0025120267624462746,0.0025121033942952053,0.002512228620263337,0.002512398779463058,0.0025126089192182345,0.00251285296189687,0.0025131238984459664,0.002513414032804682,0.002513715268172061,0.002514019408430176,0.0025143184664158636,0.00251460497330233,0.0025148722762638118,0.0025151148177375267,0.00251532836981249,0.0025155102092965773,0.0025156592247414546,0.002515775951010622,0.0025158625131316923,0.0025159224334801718,0.002515960350735171,0.002515981569032915,0.002515991481495897,0.0025159949553431,0.0025159956937900315,0.0025159956941026274,0.0025159949523478995,0.0025159914753418895,0.0025159815688551353,0.002515960357191664,0.0025159224343690527,0.0025158625062112706,0.002515775945742947,0.002515659217910222,0.0025155102033731645,0.0025153283735247322,0.002515114830674333,0.0025148722884344756,0.0025146049814921572,0.0025143184701918774,0.0025140194068780817,0.002513715269381113,0.002513414041833268,0.002513123888761003,0.002512852959365122,0.002512608937479215,0.0025123987805113304,0.002512228607732402,0.002512103370335693,0.0025120267389706487,0.002512000977415696
0.0025182636480451477,0.0025182969432001644,0.0025183959057974454,0.0025185578127165965,0.0025187782152575992,0.00251905107815444,0.002519368976269031,0.002519723323688169,0.0025201046609470462,0.0025205029964781014,0.0025209081632176986,0.0025213101849366785,0.0025216996547609573,0.002522068093762593,0.0025224082755226558,0.0025227145071571914,0.0025229828355339268,0.0025232111507185497,0.0025233992342454537,0.0025235486807988054,0.002523662682397793,0.0025237456852234322,0.002523802912225962,0.0025238397739308213,0.0025238611762573443,0.002523870862310633,0.002523870866277209,0.0025238611810924705,0.002523839774650425,0.002523802911816405,0.0025237456881980797,0.0025236626843547338,0.0025235486763074437,0.002523399227424546,0.002523211143231784,0.0025229828320696614,0.00252271451915356,0.002522408293004412,0.0025220681005344494,0.002521699650107148,0.0025213101814530003,0.0025209081707125384,0.0025205030071931574,0.002520104647279643,0.002519723309575831,0.0025193689908127198,0.0025190510741533658,0.002518778207249317,0.0025185577899592554,0.002518395885249106,0.0025182969545002494,0.0025182636549895333
0.00252472023900757,0.002524762214665927,0.002524887030038946,0.0025250913993002063,0.0025253699491640295,0.002525715372929409,0.0025261186543067376,0.002526569343759216,0.002527055897992094,0.0025275660815771215,0.0025280873864611075,0.0025286074775044782,0.002529114661004134,0.002529598319239444,0.002530049287521098,0.0025304601969889373,0.00253082571616557,0.0025311426682773632,0.0025314100692123338,0.0025316290251810726,0.0025318024750933983,0.002531934770889293,0.0025320311898613,0.0025320972664260935,0.002532138047253416,0.0025321573918361184,0.0025321573938161895,0.002532138052496627,0.002532097268607676,0.0025320311891352154,0.002531934770157849,0.002531802473879767,0.002531629027250586,0.002531410068618607,0.002531142664397383,0.002530825714805095,0.0025304602024479816,0.00253004928891075,0.002529598311155797,0.0025291146527759733,0.00252860748551889,0.002528087406138147,0.002527566077762544,0.0025270558798563686,0.0025265693564693282,0.0025261186478758566,0.002525715365912675,0.0025253699255606402,0.0025250913856110268,0.0025248870394095945,0.0025247622169138773,0.0025247202427380764
0.0025313639717643075,0.0025314160088087015,0.002531570790761051,0.0025318243745034484,0.002532170304128474,0.0025325997791330627,0.0025331019131620497,0.002533664057134767,0.0025342721969632493,0.002534911424213622,0.0025355664425808794,0.002536222112875187,0.00253686402760934,0.002537479041669293,0.002538055732991038,0.0025385848127720562,0.0025390594085679154,0.002539475213671088,0.0025398304879090047,0.0025401259283723944,0.0025403643349199423,0.0025405501538546117,0.0025406888817364683,0.002540786343193618,0.0025408478687008627,0.002540877521359915,0.002540877516870887,0.0025408478635238975,0.0025407863431589025,0.002540688879525616,0.002540550145828423,0.00254036432985392,0.002540125930047298,0.002539830494209536,0.002539475217866426,0.0025390594097554325,0.002538584803346051,0.0025380557173765297,0.0025374790332839607,0.0025368640368559118,0.00253622213322133,0.0025355664446662556,0.0025349114098751776,0.0025342722108061297,0.002533664052788042,0.0025331019102096475,0.0025325997550738485,0.0025321702934616988,0.0025318243860047106,0.0025315707969058737,0.0025314160079786467,0.0025313639790674946
0.002538185661614905,0.002538249371342747,0.002538438921823948,0.002538749606255352,0.0025391737038051323,0.0025397006679801575,0.0025403174183267797,0.002541008712356464,0.002541757599940303,0.00254254597749542,0.0025433552156526773,0.002544166825981166,0.0025449631564851295,0.002545728054688899,0.0025464474563429663,0.002547109862612084,0.002547706689738684,0.0025482324420310724,0.002548684675650155,0.0025490637951021073,0.0025493726769215907,0.0025496161009244712,0.0025498000368071243,0.002549930822033318,0.002550014258030447,0.0025500547702997927,0.002550054764261382,0.002550014248347718,0.002549930819820478,0.0025498000347813124,0.0025496160924151777,0.002549372670542595,0.002549063795967303,0.002548684682023359,0.002548232452069808,0.002547706690238038,0.0025471098458785886,0.002546447443783583,0.002545728062901028,0.002544963179494661,0.0025441668300213104,0.0025433551974193957,0.0025425459878269264,0.0025417576001295597,0.0025410087112389223,0.0025403173978904314,0.002539700658970772,0.002539173705099972,0.0025387496154166207,0.0025384389292519554,0.002538249382582039,0.0025381856615175453
0.002545173245322059,0.002545250507530402,0.0025454804245422977,0.0025458574093305897,0.002546372279425192,0.0025470124596173507,0.0025477623008274587,0.002548603500444263,0.002549515616939973,0.0025504767253720037,0.0025514641927798817,0.0025524554999537177,0.0025534290877626724,0.0025543652063869868,0.0025552466676460376,0.0025560594185023975,0.00255679297736758,0.002557440618818065,0.0025579992895667664,0.002558469325541432,0.002558853983191535,0.0025591587177860474,0.0025593903128075302,0.002559555933596172,0.0025596621279631816,0.002559713878375077,0.002559713874786492,0.0025596621223668648,0.0025595559325025403,0.0025593903103255686,0.0025591587157596744,0.002558853988653955,0.0025584693325532144,0.0025579992901196068,0.002557440620392794,0.0025567929753505954,0.0025560594109586337,0.0025552466685905125,0.0025543652270856635,0.0025534290959616152,0.002552455477344822,0.0025514641938015102,0.0025504767294212815,0.002549515614815141,0.0025486034865777594,0.002547762303434128,0.002547012455313696,0.002546372280471594,0.0025458574125815582,0.002545480436734303,0.0025452505145720015,0.0025451732400612543
0.0025523112409087463,0.0025524042428095276,0.00255268104197343,0.0025531350470573105,0.002553755406612586,0.0025545272085818974,0.002555431808967637,0.0025564472974958737,0.0025575490836589588,0.002558710666516716,0.0025599045791124546,0.002561103408852948,0.002562280859308025,0.0025634128439038797,0.0025644784409617916,0.0025654606349615103,0.0025663468346540535,0.0025671290682412994,0.0025678038555417755,0.0025683718158542417,0.002568837009362578,0.002569206036716029,0.002569486979255964,0.0025696882761180036,0.002569817578458476,0.002569880675928849,0.002569880673403065,0.0025698175763040638,0.002569688275739108,0.002569486979297545,0.002569206041119631,0.002568837022213687,0.0025683718219250418,0.0025678038482552317,0.0025671290587769052,0.002566346833160232,0.002565460641964817,0.0025644784594008926,0.002563412858151304,0.0025622808348137334,0.0025611033990211294,0.002559904587461397,0.00255871066136914,0.00255754907067631,0.002556447307791676,0.002555431810521713,0.0025545272151637154,0.0025537554097444285,0.002553135051191616,0.0025526810435892804,0.002552404238959359,0.0025523112383334956
0.002559580118665245,0.0025596913951633805,0.0025600226382523138,0.0025605661321775825,0.0025613091413714596,0.0025622340880001055,0.0025633188654351604,0.00256453732921641,0.0025658599648185443,0.002567254779321667,0.002568688434838033,0.002570127531183559,0.002571539978481682,0.0025728963999851456,0.0025741713748959135,0.0025753444217158188,0.0025764005987074542,0.002577330731818877,0.002578131231647371,0.0025788034889814445,0.0025793529684581757,0.002579788083757364,0.0025801188859301103,0.002580355679618085,0.0025805076889872255,0.002580581841376203,0.0025805818413698286,0.0025805076921092004,0.0025803556850564962,0.0025801188909108774,0.002579788088116983,0.0025793529651120185,0.0025788034790426985,0.002578131223696463,0.0025773307250025984,0.002576400598565487,0.002575344443979377,0.0025741714026292868,0.002572896380820951,0.0025715399613005703,0.002570127540419176,0.0025686884298645072,0.0025672547714128955,0.0025658599710435626,0.0025645373249931864,0.0025633188745477495,0.002562234098181075,0.0025613091490096123,0.002560566133024905,0.0025600226310888694,0.0025596913916161664,0.002559580117869034
0.0025669555910618415,0.0025670880633364506,0.00256748248733532,0.0025681299182833926,0.0025690155294185108,0.0025701187453112365,0.0025714135012713927,0.0025728687257096606,0.0025744490721715902,0.00257611593709441,0.002577828813298882,0.002579546917727988,0.0025812309954521425,0.0025828451337898367,0.0025843584365890203,0.0025857463053925657,0.002586991196757299,0.002588082894084121,0.0025890181583270414,0.002589799849508196,0.0025904357153089187,0.0025909369119689477,0.0025913163394885672,0.0025915869550391045,0.0025917601899308512,0.0025918445467732628,0.002591844554368926,0.0025917602060504677,0.002591586968275992,0.0025913163441169972,0.0025909369076013472,0.0025904356983648793,0.0025897998305639204,0.002589018152972773,0.0025880828991203877,0.002586991211310941,0.0025857463276352595,0.0025843584273495326,0.002582845114729361,0.002581231004294211,0.002579546907689502,0.0025778288148486754,0.0025761159467982894,0.00257444906296589,0.0025728687292676873,0.002571413507932195,0.0025701187489047725,0.0025690155332122365,0.002568129917405983,0.0025674824830813916,0.002567088061736276,0.002566955595025305
0.0025744078125042526,0.0025745648280691346,0.002575032462768395,0.002575800472293521,0.0025768517750277904,0.0025781624973851627,0.0025797021274275847,0.002581433922433507,0.002583315653838566,0.002585300745525953,0.002587339886805711,0.002589383116489348,0.0025913821984717583,0.0025932930476074037,0.0025950779948135773,0.002596707494682716,0.002598161175959225,0.0025994280389344824,0.002600505885175765,0.0026014000979480783,0.002602121931904259,0.002602686534336089,0.00260311084302064,0.00260341151060417,0.0026036029891389587,0.002603695916455727,0.0026036959263002687,0.0026036030059431226,0.002603411520435892,0.0026031108447262283,0.002602686526858383,0.0026021219169155498,0.0026014000883181608,0.0026005058866854247,0.002599428057380421,0.0025981612011788217,0.002596707479804427,0.0025950779645106084,0.002593293061024204,0.002591382182501518,0.0025893831222969783,0.0025873398950473497,0.002585300736923361,0.0025833156597902186,0.0025814339303295896,0.0025797021238883355,0.002578162495121041,0.002576851777426304,0.0025758004731485182,0.0025750324611891603,0.0025745648289373295,0.002574407823014014
0.002581900497156484,0.002582085857894346,0.002582638112909064,0.0025835457074240378,0.002584789235863217,0.0025863413210789683,0.0025881665743843585,0.0025902218228615673,0.0025924567716372744,0.002594815226832781,0.0025972370128998982,0.0025996606420831242,0.0026020264654640387,0.0026042800190804604,0.0026063751040347844,0.002608276224874386,0.002609959899379224,0.002611414807621608,0.002612640888715911,0.002613647533691181,0.0026144511950034572,0.0026150727250729812,0.00261553467807747,0.0026158587383699862,0.0026160634237112263,0.002616162222216974,0.0026161622248232095,0.0026160634254319944,0.002615858734736336,0.0026155346754633876,0.0026150727191720726,0.0026144511908370396,0.002613647535888452,0.002612640902590086,0.0026114148313624618,0.002609959891246185,0.0026082761931261046,0.0026063751142880592,0.0026042800016093733,0.0026020264818769536,0.0025996606491517564,0.002597237000268263,0.0025948152272985865,0.00259245678095931,0.0025902218209387755,0.002588166572519729,0.00258634132107125,0.002584789235420645,0.0025835457087035195,0.0025826381165953705,0.0025820858662031,0.0025819005000842607
0.002589389977015258,0.002589607941648857,0.0025902576250414994,0.00259132625759748,0.002592792205420156,0.0025946245669467897,0.002596782799413656,0.002599216600251832,0.0026018663307585802,0.002604664222186055,0.00260753663171762,0.0026104074240236785,0.002613202239208203,0.0026158531608265756,0.0026183031387621504,0.002620509348171714,0.0026224449471630444,0.0026240991226195343,0.0026254755725333904,0.0026265898260882108,0.002627465874050424,0.00262813257137013,0.002628620154594182,0.002628957055348664,0.0026291671801985874,0.002629267741995879,0.002629267737012745,0.0026291671688110957,0.0026289570452044607,0.002628620144407662,0.002628132564580298,0.0026274658783209596,0.0026265898412189434,0.0026254755958125832,0.00262409911739916,0.002622444909215982,0.002620509357038236,0.0026183031277464317,0.0026158531841272655,0.0026132022491776635,0.0026104074194956807,0.0026075366293030226,0.002604664221517031,0.0026018663250110567,0.0025992166037296935,0.002596782803030634,0.0025946245639722433,0.002592792201351547,0.0025913262579933065,0.002590257634558454,0.002589607949243563,0.002589389968476511
0.0025968242469747932,0.0025970794896554425,0.002597840713502402,0.002599094200376482,0.002600816443532439,0.002602973310608045,0.002605519126337712,0.002608395965018599,0.0026115335662730073,0.0026148503277869713,0.002618255839239812,0.002621655139424925,0.0026249545633380525,0.0026280684779416558,0.002630925680079818,0.0026334742080045105,0.0026356837425246787,0.002637545329713562,0.0026390688633608213,0.00264027905463921,0.002641210650249898,0.002641903568614361,0.0026423983962790254,0.0026427324763373793,0.0026429367159965253,0.0026430331189386817,0.0026430331126344113,0.0026429367033478043,0.002642732462075865,0.0026423983827421117,0.0026419035682183145,0.002641210663242741,0.002640279081757555,0.002639068870657188,0.0026375452900515694,0.002635683742512192,0.0026334741939654845,0.0026309257011094063,0.0026280684870319854,0.002624954566068651,0.0026216551384067696,0.002618255837139568,0.0026148503183459097,0.0026115335666082604,0.0026083959706877757,0.002605519127109453,0.0026029733099949583,0.002600816439378709,0.002599094197789683,0.002597840718208323,0.002597079487200231,0.002596824245482716
0.0026041420597757155,0.0026044395705964573,0.0026053274851803774,0.0026067916504383874,0.002608807429167699,0.0026113382466316417,0.0026143338510915604,0.002617728653351658,0.002621440701428953,0.002625372072457941,0.0026294114265562013,0.00263343930783104,0.0026373362843835,0.0026409928022005,0.002644318798194099,0.0026472508369068475,0.0026497552554210573,0.002651827200448246,0.002653486434825781,0.0026547712033224303,0.0026557314062187628,0.0026564220367858685,0.00265689741050176,0.0026572064392320002,0.0026573889508506128,0.0026574729771787326,0.002657472971685811,0.0026573889377665564,0.00265720642432581,0.0026568974059342733,0.002656422045431745,0.0026557314295935983,0.002654771222458154,0.0026534864032854177,0.0026518271942821054,0.002649755246094,0.002647250858756453,0.0026443187957791037,0.002640992799397413,0.002637336284826123,0.0026334393055195407,0.002629411415176847,0.0026253720741088913,0.0026214407039265937,0.0026177286489736697,0.002614333852374574,0.002611338250712027,0.002608807427195451,0.0026067916491954233,0.0026053274808945644,0.0026044395652944337,0.0026041420696211615
0.0026112721845773235,0.0026116170874118647,0.0026126473648891285,0.0026143492711929706,0.002616698324555319,0.002619657037523126,0.00262317201564091,0.0026271708260434097,0.00263155937486375,0.0026362209270819168,0.0026410180750931498,0.002645799147430092,0.0026504094853523,0.002654706368279593,0.002658574064600328,0.0026619345886187877,0.0026647517226087306,0.0026670285199678037,0.0026688001925064654,0.0026701247024352335,0.00267107303346337,0.0026717204099458835,0.002672139044666539,0.0026723925620909636,0.002672531903581524,0.002672592499170887,0.0026725924942079594,0.0026725318910087756,0.00267239255550851,0.002672139052032172,0.002671720428668415,0.0026710730513495266,0.002670124670787406,0.0026688001832977848,0.0026670285208646805,0.0026647517462877563,0.0026619345924815993,0.0026585740663428127,0.0026547063592456833,0.0026504094776358136,0.0026457991425315745,0.0026410180751541357,0.0026362209292379334,0.00263155937400677,0.00262717081788174,0.0026231720134158097,0.002619657038597545,0.0026166983296347563,0.002614349272548831,0.0026126473559289743,0.0026116170903891407,0.002611272175951912
0.0026181329997810214,0.002618530259242701,0.0026197182267874595,0.0026216848172565125,0.002624407706159173,0.002627851068004878,0.002631961145253028,0.0026366609988760724,0.002641845301674165,0.002647376594443183,0.0026530854205021946,0.0026587771626761718,0.0026642477083621847,0.002669306830021698,0.0026738028865078496,0.0026776395616400347,0.0026807804330392744,0.002683243022616036,0.0026850865358653345,0.0026863974051135153,0.0026872755490052603,0.0026878228483947545,0.002688134336885101,0.0026882918752492687,0.0026883598850509158,0.0026883826342145364,0.002688382632391115,0.00268835988096047,0.0026882918757012843,0.0026881343560244218,0.002687822874514151,0.002687275519980248,0.0026863973785804583,0.002685086541340702,0.002683243049081975,0.002680780442055583,0.002677639572154327,0.0026738028831903523,0.002669306818776521,0.0026642477020368187,0.002658777162916217,0.0026530854238052902,0.0026473765961622154,0.002641845300419757,0.0026366609959998562,0.002631961137722792,0.0026278510687360876,0.002624407709999951,0.002621684811458415,0.0026197182271460195,0.0026185302506795682,0.0026181329946770872
0.0026246326508203594,0.0026250866354024017,0.0026264459679631326,0.002628701941806985,0.0026318372524940323,0.002635821673611355,0.0026406058109418764,0.0026461130664464823,0.002652230434107127,0.0026587998075052236,0.0026656133806989835,0.0026724187818235722,0.002678940127223134,0.0026849161146875653,0.002690143468788694,0.002694503552805174,0.0026979656370689515,0.0027005732398586303,0.0027024227455983672,0.0027036413079328183,0.0027043678516575007,0.0027047385572440985,0.00270487671033413,0.0027048860736255415,0.0027048468653011093,0.002704813524071843,0.0027048135281248333,0.002704846868762159,0.002704886085316988,0.0027048767385257125,0.002704738547445708,0.0027043678231665584,0.002703641318763145,0.002702422766510768,0.0027005732492422613,0.002697965646851412,0.0026945035516165307,0.0026901434634949936,0.002684916113523342,0.0026789401252724967,0.0026724187829148855,0.002665613380354904,0.002658799805538717,0.002652230436545883,0.002646113069166542,0.002640605808197887,0.002635821672231536,0.002631837246471977,0.0026287019386220197,0.0026264459632719026,0.002625086633078378,0.0026246326505016955
0.0026306700437368183,0.0026311839318322707,0.002632724857217628,0.00263528964812638,0.0026388697777193176,0.00264344614842697,0.002648981068664087,0.0026554069615469605,0.0026626115945600002,0.0026704210132014565,0.0026785845434064096,0.002686772075736731,0.002694599406073541,0.002701692666212007,0.002707772264558079,0.0027126952323596703,0.0027164503647666167,0.002719127567195122,0.0027208806367244906,0.0027218941633117156,0.002722358407897801,0.002722452257161979,0.002722332638469384,0.002722128490075686,0.0027219377170622496,0.002721825914131174,0.002721825920860591,0.0027219377382109943,0.0027221285196080028,0.0027223326323839673,0.0027224522277155346,0.002722358433526381,0.002721894184898761,0.0027208806492915994,0.00271912757436477,0.002716450358400192,0.0027126952237766385,0.0027077722682850944,0.0027016926695667158,0.002694599411298927,0.002686772077550356,0.0026785845394303393,0.0026704210088500983,0.002662611595384064,0.0026554069619829307,0.002648981070484201,0.002643446143965779,0.0026388697741239987,0.0026352896419336806,0.0026327248550563898,0.0026311839353872135,0.00263067004921984
0.002636136985130165,0.002636712034369907,0.002638439089327547,0.002641322936223007,0.0026453682801162296,0.002650574224191353,0.00265692518019347,0.0026643766421760324,0.002672833826905567,0.002682121788404595,0.00269194994071564,0.002701886093296502,0.0027113756752239317,0.0027198521736893563,0.0027269213164191892,0.002732423070095696,0.002736396658145028,0.0027390138692778825,0.0027405160807165564,0.0027411670600331443,0.002741222345120062,0.0027409116199563167,0.00274042973871043,0.002739932890073612,0.0027395375520748795,0.0027393207534241386,0.002739320767615974,0.0027395375980252172,0.002739932905509842,0.0027404297004251727,0.002740911643513335,0.0027412223667280687,0.002741167077687041,0.002740516087346242,0.002739013863894406,0.0027363966529897325,0.0027324230720266606,0.002726921313229335,0.0027198521780725233,0.002711375681706631,0.0027018860979225825,0.0026919499425203004,0.0026821217875601026,0.0026728338204944193,0.0026643766386294063,0.002656925179298687,0.0026505742219312253,0.002645368275136566,0.002641322932448686,0.002638439088913889,0.002636712040239979,0.002636136998894853
0.0026409217565045015,0.002641556511073,0.002643466034389439,0.0026466653859153503,0.002651177060488705,0.002657026324102018,0.0026642328127906615,0.00267279552255271,0.0026826660452674983,0.0026937025291141285,0.0027055989177189087,0.002717801814206065,0.0027294802855170933,0.002739700453709807,0.0027479002231230163,0.0027539412828160065,0.0027579789311478935,0.0027603255577627666,0.002761352018913111,0.0027614269926011983,0.0027608849048134385,0.002760012116004761,0.0027590430730378966,0.002758160989158281,0.002757500070475711,0.002757147996929022,0.0027571480242137895,0.0027575000977987977,0.0027581609704498944,0.0027590431063535285,0.0027600121259359063,0.0027608849215652715,0.00276142700017163,0.0027613520110266842,0.002760325558845722,0.0027579789421655425,0.0027539412795911217,0.002747900217719677,0.0027397004543531674,0.0027294802882620456,0.002717801815957588,0.0027055989214735104,0.002693702530803922,0.002682666045614907,0.0026727955222468286,0.0026642328030507243,0.002657026320272844,0.002651177060033712,0.002646665385251487,0.0026434660360019463,0.002641556518247857,0.002640921755595449
0.0026449142769965715,0.002645603845522577,0.0026476816123408827,0.0026511745113911044,0.0026561263784523085,0.002662595797607375,0.002670651468708844,0.002680361348119394,0.0026917669460813447,0.0027048254137348967,0.0027192916991855,0.0027345180333169902,0.002749232057788836,0.002761684907556763,0.0027711148419200114,0.002777539068040291,0.002781358311318993,0.0027831122700417753,0.0027833511280973963,0.0027825733791722795,0.00278120187823498,0.0027795807769486246,0.0027779814876128044,0.002776610635116111,0.002775616969901277,0.002775096604938435,0.0027750965965872283,0.0027756169350805497,0.002776610688483413,0.002777981513850149,0.002779580790425335,0.0027812018826042857,0.0027825733744007647,0.0027833511260073433,0.00278311228049284,0.0027813583189873893,0.0027775390654352122,0.002771114840837944,0.0027616849078259324,0.0027492320542654323,0.002734518027462853,0.0027192916971072972,0.002704825415598497,0.002691766952785304,0.002680361344583311,0.002670651471175114,0.0026625957926598516,0.0026561263770125032,0.0026511745207139247,0.0026476816156718428,0.0026456038403502723,0.0026449142764686504
0.0026480127303528432,0.0026487483265152257,0.002650967958174908,0.0026547105583139803,0.0026600422429103824,0.0026670584400830194,0.0026758866535307045,0.0026866874257359405,0.002699644583525434,0.002714919685059318,0.0027325097196790084,0.002751879200978225,0.0027711844601329074,0.0027864826796455467,0.00279706208532523,0.0028034853258339892,0.002806617663134189,0.0028073240904500914,0.002806373764683954,0.002804408099750317,0.0028019386217888694,0.002799361388874731,0.0027969768813210097,0.0027950077176928955,0.0027936114160973776,0.0027928886903485677,0.0027928886231683254,0.0027936114252523473,0.0027950077439969153,0.002796976913919982,0.002799361398468811,0.002801938618209716,0.002804408098818053,0.002806373766584258,0.0028073240947550063,0.0028066176648291175,0.0028034853304608476,0.0027970620906314077,0.0027864826829862165,0.0027711844549306378,0.002751879190162667,0.0027325097133056083,0.002714919686888535,0.0026996445799104952,0.0026866874327658424,0.002675886657576758,0.002667058442419774,0.002660042246055836,0.0026547105621548763,0.002650967964657408,0.0026487483231258605,0.002648012721422473
0.0026501311315991413,0.0026509001089745636,0.002653223017369316,0.002657148745563498,0.0026627625424878246,0.0026701930099190673,0.002679624543991372,0.002691317080101538,0.0027056320951027225,0.0027230521663742244,0.0027441380302816697,0.0027691900312102813,0.002796592828705896,0.0028151649301474727,0.0028262505421524546,0.0028318848163257394,0.0028336352470407374,0.002832721767364128,0.002830120503245828,0.002826601164342101,0.002822750770449676,0.0028190045211073057,0.0028156798997009346,0.0028130052031626906,0.0028111389077700695,0.0028101813364771328,0.002810181398563073,0.002811138886840592,0.0028130051971291675,0.0028156799135887604,0.002819004534602073,0.002822750779337809,0.002826601165346758,0.002830120500068706,0.0028327217615196163,0.0028336352519750386,0.002831884823445013,0.0028262505496715693,0.002815164936223356,0.0027965928255149083,0.002769190022195511,0.002744138026159657,0.002723052166031339,0.0027056320950948265,0.0026913170807314718,0.0026796245501600983,0.002670193017120339,0.002662762546844963,0.0026571487495604352,0.0026532230202764343,0.0026509001053125272,0.0026501311119205935
0.00265120685792045,0.0026519934286641984,0.0026543708770550302,0.0026583938186785067,0.0026641587358952152,0.00267181440646908,0.0026815818364498887,0.0026937907209614756,0.002708945500038328,0.002727850807135758,0.0027518824036194584,0.0027836893865550586,0.002829343408698062,0.0028493951098667696,0.002858903723877794,0.0028623947099269934,0.0028618966031027583,0.002858765148381777,0.002854070472111705,0.002848659829155581,0.0028431719140267933,0.0028380662415922672,0.002833665099466618,0.0028301919844162305,0.002827798239450523,0.002826578645126221,0.002826578633273958,0.002827798272566407,0.002830191938096922,0.002833665081281212,0.002838066265679772,0.0028431719307501595,0.002848659832788945,0.0028540704668836014,0.002858765147864956,0.0028618966059002046,0.0028623947132964574,0.0028589037282568735,0.002849395115159515,0.002829343411731098,0.002783689384773167,0.0027518824086185324,0.0027278508035950178,0.0027089454957515795,0.0026937907209307822,0.0026815818428127867,0.002671814416632968,0.0026641587436928523,0.002658393822527158,0.002654370871264951,0.0026519934174926017,0.002651206842672875
0.0,0.0,0.0,0.0,0.0,0.0,0.0,0.0,0.0,0.0,0.0,0.0,0.002884352522039103,0.0028905212981604404,0.002894046400855943,0.002893800253676914,0.0028903138745411026,0.0028845332508172523,0.0028774459964581813,0.0028699166152196223,0.0028626156290278743,0.0028560189142236582,0.002850447169606892,0.002846112443186648,0.0028431531210735164,0.0028416533618532682,0.002841653358843872,0.0028431530928199073,0.0028461124463735874,0.0028504471307249607,0.0028560189091028187,0.0028626156448881956,0.002869916624907376,0.0028774460080771684,0.0028845332552873727,0.002890313868289422,0.0028938002510939306,0.0028940464018168657,0.0028905212995692397,0.002884352528534449,0.0,0.0,0.0,0.0,0.0,0.0,0.0,0.0,0.0,0.0,0.0,0.0
0.0,0.0,0.0,0.0,0.0,0.0,0.0,0.0,0.0,0.0,0.0,0.0,0.0029277479913141966,0.002928603777142069,0.0029276072198215247,0.002923770622893564,0.002917249863380135,0.002908769329141501,0.002899246139856435,0.002889555110783118,0.0028803993616644194,0.0028722760677906893,0.0028655076257488137,0.0028602949470621464,0.002856760958654772,0.002854977320208736,0.002854977309642473,0.0028567609442344552,0.0028602949257182627,0.002865507615907545,0.002872276023625751,0.002880399360138886,0.002889555132323367,0.002899246163374221,0.002908769333498577,0.0029172498536562826,0.002923770620060027,0.0029276072201854567,0.0029286037705879195,0.002927747991019874,0.0,0.0,0.0,0.0,0.0,0.0,0.0,0.0,0.0,0.0,0.0,0.0
0.0,0.0,0.0,0.0,0.0,0.0,0.0,0.0,0.0,0.0,0.0,0.0,0.0029622906311079214,0.0029607256000282536,0.002956782575730734,0.0029501161371178596,0.0029409879877792785,0.002930102163170109,0.0029183665578789725,0.00290668183520141,0.002895793273422094,0.0028862308787916875,0.002878329262827686,0.002872284036066861,0.002868205458643177,0.0028661530356983095,0.0028661530442702183,0.002868205451637931,0.0028722840068665808,0.0028783292411696214,0.002886230862908164,0.0028957932386800174,0.0029066818509923963,0.0029183665795213948,0.0029301021733648424,0.002940987990015538,0.0029501161362263414,0.0029567825671841155,0.0029607255939042743,0.002962290625216802,0.0,0.0,0.0,0.0,0.0,0.0,0.0,0.0,0.0,0.0,0.0,0.0
0.0,0.0,0.0,0.0,0.0,0.0,0.0,0.0,0.0,0.0,0.0,0.0,0.0029884684102819675,0.002985649588176599,0.002979857434718115,0.00297117964975372,0.002960064348811561,0.0029472774025467445,0.002933753771653222,0.0029204275706280606,0.0029080880755297865,0.0028973047142588316,0.0028884333856245086,0.00288167261895995,0.002877125277950291,0.0028748414386279616,0.002874841431953724,0.0028771252706356124,0.0028816726094268766,0.0028884333728064083,0.0028973047081867166,0.0029080880501135284,0.002920427546718029,0.0029337537857753154,0.0029472774205266984,0.002960064363250663,0.0029711796483317685,0.0029798574298078397,0.0029856495794807363,0.002988468405927668,0.0,0.0,0.0,0.0,0.0,0.0,0.0,0.0,0.0,0.0,0.0,0.0
0.0,0.0,0.0,0.0,0.0,0.0,0.0,0.0,0.0,0.0,0.0,0.0,0.0030061349043029643,0.0030026471683104413,0.0029957670541433546,0.0029858151028978397,0.002973380470813203,0.002959296413557176,0.0029445311173088833,0.002930047102098099,0.002916668396762048,0.0029049988636938,0.002895416960636346,0.002888129015868452,0.0028832354009342104,0.002880780432167507,0.002880780430346158,0.0028832353981621778,0.002888129025935052,0.0028954169696700305,0.0029049988565831666,0.002916668395264271,0.0029300470580460886,0.0029445310956720955,0.002959296428514603,0.002973380488687653,0.002985815118968478,0.0029957670524571743,0.003002647161281952,0.003006134899685048,0.0,0.0,0.0,0.0,0.0,0.0,0.0,0.0,0.0,0.0,0.0,0.0
0.0,0.0,0.0,0.0,0.0,0.0,0.0,0.0,0.0,0.0,0.0,0.0,0.00301504507911994,0.00301125977984657,0.0030038733878886958,0.0029933054557694156,0.0029802160162611677,0.002965477646625684,0.0029500791751810294,0.0029349989028113472,0.0029210795666106304,0.0029089444374145205,0.002898986515093721,0.002891418296455504,0.0028863401473550316,0.0028837939143603396,0.0028837939195720825,0.0028863401605999993,0.002891418309449465,0.0028989865308735323,0.0029089444525313393,0.0029210795507645074,0.0029349988900230005,0.0029500791170136947,0.0029654776295644685,0.0029802160396515914,0.002993305476390382,0.003003873395691144,0.00301125977750885,0.0030150450753805495,0.0,0.0,0.0,0.0,0.0,0.0,0.0,0.0,0.0,0.0,0.0,0.0
0.0,0.0,0.0,0.0,0.0,0.0,0.0,0.0,0.0,0.0,0.0,0.0,0.0030150450754202088,0.0030112597749669887,0.0030038733830102687,0.0029933054561432004,0.002980216046875711,0.00296547769053733,0.002950079137213337,0.0029349989066401075,0.002921079541571554,0.002908944439680496,0.002898986516030327,0.0028914182910508156,0.0028863401479000323,0.0028837939224837226,0.002883793926152162,0.0028863401620054328,0.0028914183095130816,0.0028989865309150104,0.0029089444424953755,0.0029210795464459185,0.0029349988886431997,0.002950079119106412,0.002965477631899265,0.002980216037028108,0.0029933054752546494,0.003003873396421373,0.0030112597821856943,0.0030150450767019114,0.0,0.0,0.0,0.0,0.0,0.0,0.0,0.0,0.0,0.0,0.0,0.0
0.0,0.0,0.0,0.0,0.0,0.0,0.0,0.0,0.0,0.0,0.0,0.0,0.003006134896597105,0.0030026471520670623,0.0029957670360513983,0.002985815124762973,0.002973380554291071,0.002959296450936878,0.0029445311096879005,0.0029300470485380207,0.0029166683829602537,0.002904998842955886,0.0028954169560195227,0.0028881290105635736,0.0028832353992685085,0.0028807804469119175,0.0028807804500112174,0.0028832354065913054,0.002888129027198029,0.0028954169641178186,0.0029049988419026893,0.002916668382885628,0.0029300470576297285,0.002944531098135582,0.002959296429816011,0.00297338048944363,0.0029858151151513097,0.0029957670596391086,0.0030026471688304273,0.003006134903077347,0.0,0.0,0.0,0.0,0.0,0.0,0.0,0.0,0.0,0.0,0.0,0.0
0.0,0.0,0.0,0.0,0.0,0.0,0.0,0.0,0.0,0.0,0.0,0.0,0.0029884683968786924,0.0029856495634809927,0.0029798574308223,0.0029711797168554665,0.002960064385365704,0.0029472774275301995,0.0029337537788283853,0.0029204275405299712,0.002908088034920046,0.002897304694260523,0.0028884333634863818,0.00288167261386038,0.002877125284664131,0.002874841448521519,0.0028748414448288616,0.0028771252857862067,0.002881672618027899,0.0028884333656850505,0.002897304699044021,0.002908088042354164,0.0029204275442327975,0.0029337537887218026,0.002947277421173323,0.0029600643625215567,0.002971179657716216,0.0029798574358772395,0.0029856495877206794,0.0029884684131177984,0.0,0.0,0.0,0.0,0.0,0.0,0.0,0.0,0.0,0.0,0.0,0.0
0.0,0.0,0.0,0.0,0.0,0.0,0.0,0.0,0.0,0.0,0.0,0.0,0.002962290610595219,0.002960725597377559,0.0029567826349301608,0.0029501161583002553,0.0029409879909605254,0.002930102163551002,0.002918366573238831,0.0029066818381634158,0.002895793226328697,0.0028862308563265666,0.002878329250028929,0.0028722840234415735,0.0028682054617809303,0.0028661530462836524,0.0028661530433911463,0.002868205454986031,0.0028722840140450677,0.0028783292462759144,0.0028862308639529756,0.0028957932375940658,0.0029066818489660085,0.002918366578990595,0.0029301021773942256,0.002940987997083012,0.002950116141499174,0.0029567825776607355,0.002960725603880525,0.002962290637641013,0.0,0.0,0.0,0.0,0.0,0.0,0.0,0.0,0.0,0.0,0.0,0.0
0.0,0.0,0.0,0.0,0.0,0.0,0.0,0.0,0.0,0.0,0.0,0.0,0.0029277479932017896,0.002928603839172647,0.0029276072486480683,0.002923770619016231,0.002917249847652997,0.0029087693271745937,0.002899246146901013,0.002889555122053867,0.0028803993620982334,0.002872276033310902,0.002865507629848883,0.0028602949342485984,0.0028567609471206066,0.0028549773148679775,0.0028549773138144266,0.002856760936007961,0.002860294921850454,0.002865507623374515,0.002872276028069312,0.0028803993696408137,0.0028895551351457815,0.0028992461574873503,0.0029087693384231457,0.002917249865003918,0.0029237706254675237,0.0029276072272753128,0.002928603786626093,0.002927748001698872,0.0,0.0,0.0,0.0,0.0,0.0,0.0,0.0,0.0,0.0,0.0,0.0
0.0,0.0,0.0,0.0,0.0,0.0,0.0,0.0,0.0,0.0,0.0,0.0,0.0028843525875681527,0.00289052133001494,0.0028940463983465428,0.0028938002465248728,0.0028903138665951774,0.002884533244991373,0.00287744599921999,0.0028699166299430653,0.0028626156570224523,0.002856018921649572,0.0028504471360507504,0.002846112453377402,0.002843153099692808,0.0028416533506205374,0.00284165334423643,0.0028431530921869024,0.002846112448598888,0.0028504471242107306,0.0028560189107525143,0.002862615652101342,0.002869916634173157,0.002877446010109244,0.0028845332548800857,0.002890313872906684,0.0028938002582132266,0.0028940464117997162,0.002890521311003949,0.0028843525368006714,0.0,0.0,0.0,0.0,0.0,0.0,0.0,0.0,0.0,0.0,0.0,0.0
0.00265120691179089,0.0026519934825673893,0.0026543708989091763,0.0026583938193391605,0.0026641587283194714,0.002671814406244341,0.0026815818515416078,0.002693790722817133,0.002708945490281116,0.0027278507779773444,0.0027518824855001494,0.0027836893582594744,0.002829343435383292,0.0028493951060934125,0.0028589037264059773,0.002862394710518159,0.002861896597264363,0.0028587651450557587,0.002854070475265763,0.0028486598402494017,0.002843171940547329,0.0028380662727655564,0.0028336650914033822,0.002830191944237406,0.0028277982647701,0.002826578621102899,0.002826578614938097,0.002827798260096207,0.002830191941906638,0.0028336650856772665,0.002838066262117491,0.0028431719312859917,0.002848659837920457,0.0028540704788138902,0.0028587651502484123,0.0028618966051441866,0.0028623947178736723,0.0028589037361805387,0.0028493951243794306,0.002829343421233233,0.002783689396094313,0.0027518824069946404,0.0027278508056654367,0.002708945498231497,0.0026937907218976525,0.0026815818412751777,0.0026718144154132314,0.0026641587451904773,0.0026583938228793803,0.002654370877528495,0.0026519934367003626,0.002651206866857203
0.002650131178211413,0.0026509001275616902,0.002653223017380348,0.0026571487387806784,0.002662762538294796,0.0026701930232849703,0.0026796245523415625,0.0026913170791794242,0.0027056320706979465,0.0027230522391330733,0.0027441379978704553,0.0027691900412900603,0.002796592806089411,0.0028151649326487596,0.002826250552803427,0.0028318848170914603,0.0028336352455513793,0.0028327217702505164,0.002830120507763992,0.0028266011692275536,0.0028227507833736877,0.002819004546375748,0.0028156799177948646,0.0028130051880387893,0.0028111388772426005,0.0028101813655839526,0.0028101813681725854,0.0028111388720575823,0.002813005184572568,0.002815679917004499,0.002819004544704789,0.0028227507803900084,0.0028266011677597143,0.0028301205055053674,0.002832721771407272,0.0028336352533545905,0.0028318848263312844,0.002826250556772522,0.0028151649417993245,0.0027965928362914004,0.0027691900351729214,0.002744138028504069,0.002723052160181806,0.0027056320943577134,0.0026913170887568247,0.0026796245546823905,0.0026701930173601176,0.0026627625470833855,0.0026571487479991563,0.002653223024282345,0.0026509001150049516,0.0026501311298416127
0.002648012738948427,0.002648748322030494,0.00265096795594562,0.002654710551450773,0.002660042247172374,0.002667058445418353,0.0026758866586683978,0.002686687417533805,0.0026996446494192443,0.0027149196582040287,0.0027325097274481956,0.002751879172301049,0.0027711844492362314,0.0027864826818696188,0.0027970620885834747,0.0028034853286418742,0.002806617670212013,0.0028073241011875374,0.0028063737704725283,0.0028044081022234576,0.002801938626492156,0.002799361400151433,0.002796976902567395,0.0027950077316301705,0.002793611391597856,0.0027928886608535016,0.0027928886595767794,0.002793611393528652,0.002795007726453403,0.0027969769025053847,0.0027993614025631445,0.002801938629228312,0.0028044081035357264,0.0028063737698086977,0.002807324099325131,0.0028066176714001047,0.0028034853369245183,0.0027970620977482564,0.002786482688309567,0.0027711844620847406,0.0027518792011493837,0.002732509719137352,0.002714919683056691,0.002699644586533894,0.0026866874370115174,0.002675886663226643,0.002667058441115704,0.002660042243421197,0.0026547105697449047,0.002650967967664617,0.0026487483260647596,0.0026480127285844896
0.0026449142784546417,0.0026456038397296992,0.0026476816014275825,0.002651174511069627,0.002656126385899239,0.0026625957980988225,0.00267065146555014,0.0026803613994441956,0.002691766927617088,0.002704825419572144,0.0027192916774964842,0.002734518029100789,0.0027492320541618242,0.0027616849006564994,0.0027711148410860826,0.00277753907555547,0.002781358326815566,0.0027831122815756824,0.002783351133267145,0.002782573383896617,0.0027812018824461436,0.0027795807784056345,0.0027779815002338492,0.002776610655342443,0.002775616973679119,0.0027750965742039785,0.0027750965792656544,0.002775616973660832,0.002776610652219153,0.0027779814971977297,0.00277958078013895,0.0027812018826146568,0.002782573383772124,0.0027833511366101415,0.002783112281795145,0.002781358321648261,0.002777539074600926,0.00277111485013276,0.0027616849116542438,0.002749232055325178,0.002734518032177785,0.002719291705001905,0.0027048254212616776,0.0026917669529440266,0.002680361356593078,0.002670651473779688,0.0026625957972417477,0.0026561263850644816,0.0026511745207985706,0.0026476816139670025,0.0026456038452202426,0.0026449142769813727
0.0026409217574277083,0.0026415565068949086,0.002643466020890309,0.0026466653956175954,0.002651177070026769,0.00265702633163983,0.002664232838509998,0.002672795507150867,0.002682666044749545,0.0026937025089623073,0.0027055989167516833,0.0027178018144242157,0.0027294802829912735,0.002739700452295908,0.002747900224898379,0.00275394129028669,0.002757978943053755,0.002760325567484342,0.0027613520231923156,0.0027614269999961527,0.002760884908739711,0.0027600121140319033,0.0027590430796435436,0.002758161007359232,0.0027575000851634817,0.002757147997787881,0.0027571479973442867,0.002757500086186424,0.002758161003577623,0.002759043075454258,0.0027600121158950926,0.0027608849079291276,0.002761426996774015,0.0027613520251284027,0.00276032556831091,0.0027579789391412525,0.002753941285479347,0.0027479002235874426,0.0027397004542550362,0.0027294802828509435,0.002717801813379223,0.0027055989255536823,0.0026937025397887576,0.0026826660504911605,0.002672795525370831,0.0026642328191132177,0.0026570263349928037,0.002651177068239236,0.0026466653856718706,0.00264346603391399,0.0026415565112923793,0.0026409217581740666
0.002636136986812828,0.002636712023024471,0.00263843910323352,0.002641322949096143,0.002645368296116394,0.0026505742358067835,0.002656925177131441,0.0026643766341192983,0.002672833806304527,0.002682121785659255,0.002691949938048454,0.0027018860939954257,0.0027113756814386688,0.002719852180000465,0.0027269213174686935,0.0027324230717094846,0.0027363966619119574,0.002739013874701009,0.002740516086891865,0.002741167067336604,0.002741222351843841,0.0027409116213844413,0.0027404297375314213,0.002739932901406319,0.0027395375708101893,0.0027393207667476475,0.002739320766630461,0.0027395375680719126,0.002739932900099756,0.0027404297411943545,0.002740911622772723,0.0027412223513855207,0.0027411670653492365,0.0027405160834816757,0.002739013875628258,0.002736396664717036,0.0027324230683289136,0.0027269213117574694,0.0027198521734802515,0.002711375676030367,0.0027018860927658945,0.0026919499437848124,0.002682121793307948,0.0026728338274130035,0.002664376643835919,0.0026569251908003296,0.0026505742348442184,0.0026453682795704756,0.002641322934673185,0.0026384390901053943,0.002636712036125113,0.0026361369912409833
0.0026306700279282503,0.002631183944179674,0.0026327248858323857,0.0026352896741700686,0.002638869763727448,0.0026434461537562727,0.0026489810602796362,0.0026554069450704333,0.0026626115936380264,0.002670421010882874,0.0026785845440616463,0.0026867720821508777,0.0026945994151614592,0.0027016926706750996,0.002707772266323276,0.002712695232461835,0.0027164503656851684,0.0027191275688376016,0.0027208806437658247,0.0027218941706310218,0.002722358414300084,0.002722452259694474,0.00272233263752472,0.002722128491843293,0.0027219377294113753,0.0027218259318004907,0.0027218259296398705,0.002721937730062012,0.0027221284968312704,0.002722332642659002,0.002722452261672848,0.0027223584152223763,0.0027218941694436144,0.002720880640123073,0.0027191275707368202,0.00271645036982378,0.002712695232907616,0.002707772261551069,0.002701692666719143,0.0026945994083860604,0.002686772074149963,0.0026785845409060633,0.0026704210139449043,0.0026626115980293514,0.002655406966789529,0.0026489810747925492,0.0026434461469591686,0.00263886977117432,0.0026352896452940997,0.0026327248577780404,0.002631183934150949,0.002630670050521666
0.0026246326520569497,0.0026250866688007006,0.002626446003814659,0.002628701905987292,0.0026318372694088036,0.0026358216581154176,0.002640605792862844,0.002646113065497261,0.0026522304366496108,0.0026587998124038836,0.002665613386216072,0.00267241878795823,0.0026789401296511335,0.002684916115071104,0.002690143471664452,0.002694503559872969,0.0026979656410980155,0.0027005732427251724,0.0027024227509488455,0.0027036413120844743,0.002704367849629867,0.0027047385591104194,0.002704876716686822,0.002704886073216811,0.002704846870851643,0.002704813538439885,0.0027048135389395227,0.002704846874109699,0.002704886078987692,0.0027048767164460125,0.002704738560469666,0.0027043678535627357,0.002703641313096729,0.002702422748014184,0.002700573240539257,0.0026979656415759465,0.0026945035589037054,0.0026901434707885426,0.002684916115072459,0.0026789401276431147,0.0026724187792836643,0.0026656133782571646,0.002658799812278521,0.0026522304409420726,0.002646113071890708,0.002640605812056412,0.0026358216679246886,0.0026318372461439543,0.0026287019384548457,0.0026264459683748233,0.002625086636063535,0.0026246326500338154
0.0026181330353905203,0.0026185302977538554,0.0026197181690712635,0.002621684847699296,0.002624407684681803,0.00262785105366041,0.0026319611385397694,0.0026366610018234934,0.0026418453099299626,0.0026473766015605617,0.0026530854235439815,0.002658777164934229,0.0026642477075873396,0.0026693068251381555,0.002673802887618757,0.0026776395697298313,0.002680780439365263,0.002683243027618137,0.0026850865420422823,0.0026863974039089914,0.0026872755413499404,0.0026878228526947285,0.002688134347190194,0.002688291879731687,0.0026883598869885095,0.002688382644101899,0.0026883826464272785,0.0026883598890130125,0.0026882918804554336,0.0026881343455888622,0.0026878228504093266,0.0026872755470851075,0.00268639740618481,0.002685086538401691,0.002683243022301834,0.0026807804347203537,0.0026776395664680976,0.0026738028886441733,0.002669306828477618,0.002664247707000594,0.0026587771631406566,0.0026530854245104345,0.002647376597937495,0.00264184530583782,0.002636661001144959,0.0026319611431645357,0.0026278510680927706,0.002624407706203743,0.0026216848174781936,0.0026197182293871894,0.002618530259621818,0.002618132993464259
0.0026112722324744624,0.002611617016253517,0.002612647407306152,0.002614349241265781,0.0026166983161350268,0.0026196570329802393,0.0026231720169119952,0.0026271708292659505,0.002631559385324859,0.002636220932219817,0.0026410180763257033,0.002645799148076372,0.002650409484140175,0.0026547063633820147,0.0026585740620149977,0.002661934590257276,0.002664751725784647,0.002667028524983049,0.002668800197764475,0.002670124703809457,0.0026710730336696855,0.002671720413690937,0.0026721390519606966,0.002672392565748769,0.002672531903067272,0.0026725925074906633,0.0026725925075237102,0.0026725319067517537,0.0026723925667406275,0.002672139050591191,0.00267172041323518,0.0026710730320284224,0.0026701247047499566,0.0026688001987322683,0.0026670285229417456,0.002664751721496246,0.0026619345868447073,0.002658574061556316,0.0026547063649639273,0.0026504094866363543,0.002645799153018031,0.002641018075705785,0.0026362209282348036,0.0026315593759401253,0.002627170820013432,0.002623172012589686,0.002619657041976616,0.002616698329562197,0.002614349273183662,0.0026126473660085295,0.0026116170874985758,0.0026112721817021568
0.0026041419864807156,0.0026044396245216003,0.0026053274486300348,0.002606791647433716,0.0026088074233026367,0.002611338251503738,0.0026143338596151294,0.0026177286578643356,0.002621440706642453,0.0026253720782721253,0.002629411423076379,0.002633439307246322,0.0026373362896124283,0.0026409928027978564,0.002644318794584394,0.002647250838062507,0.0026497552596399126,0.0026518272011127318,0.0026534864370522,0.002654771212293301,0.0026557314177689854,0.002656422037239641,0.0026568974079156957,0.0026572064377719394,0.0026573889512384176,0.0026574729792396166,0.0026574729831874786,0.002657388956157998,0.002657206438081,0.0026568974110889776,0.00265642204041633,0.0026557314105133565,0.0026547712081540936,0.0026534864425961685,0.0026518272061974834,0.0026497552547313603,0.0026472508328110275,0.0026443187953558507,0.002640992804048063,0.0026373362904888796,0.002633439307323905,0.0026294114245852124,0.0026253720737108065,0.002621440697389859,0.0026177286462824973,0.0026143338487814188,0.0026113382504749302,0.0026088074330025374,0.0026067916486639964,0.0026053274793060134,0.0026044395662186627,0.00260414206030719
0.0025968243054767873,0.0025970794512680793,0.0025978407174992125,0.002599094194309807,0.002600816442877323,0.0026029733204003106,0.002605519139400589,0.002608395974630204,0.002611533569349189,0.002614850327980042,0.002618255836498549,0.0026216551364336978,0.002624954570184094,0.002628068488579629,0.0026309256834861007,0.0026334742118322074,0.00263568374737085,0.0026375453292861364,0.002639068863750789,0.0026402790696074888,0.002641210662052634,0.0026419035682450336,0.0026423983919591806,0.0026427324779732305,0.0026429367134498515,0.0026430331130973014,0.0026430331209179683,0.002642936716922437,0.002642732472497913,0.0026423983924872036,0.0026419035746039527,0.0026412106586880643,0.002640279058687102,0.002639068864715759,0.0026375453298870598,0.0026356837414778693,0.0026334742085715518,0.0026309256854953555,0.002628068487032126,0.0026249545653134363,0.002621655139249738,0.002618255840988837,0.002614850324600431,0.0026115335629209933,0.002608395964172859,0.002605519127073984,0.002602973312098777,0.002600816443100612,0.002599094195733489,0.002597840705349949,0.0025970794823655706,0.0025968242446194577
0.002589389933633521,0.0025896079475140428,0.002590257626405147,0.0025913262591940878,0.002592792209982638,0.0025946245742258112,0.0025967828109998508,0.0025992166124197556,0.002601866336056807,0.002604664220734898,0.0026075366302490007,0.0026104074269896103,0.002613202244193591,0.0026158531692955676,0.002618303147495685,0.0026205093529488473,0.002622444949581734,0.0026240991194624082,0.00262547557732286,0.002626589837480937,0.0026274658836945536,0.00262813257671713,0.0026286201597216377,0.0026289570619142423,0.0026291671786468893,0.0026292677352828925,0.002629267736654792,0.0026291671792825935,0.0026289570526180283,0.0026286201539299234,0.0026281325784239997,0.0026274658830383376,0.002626589827044076,0.002625475566022731,0.0026240991154730725,0.002622444944403644,0.0026205093527035457,0.0026183031478066577,0.0026158531612870293,0.002613202240299874,0.0026104074320318117,0.002607536632684161,0.00260466421940062,0.002601866331954384,0.0025992166050811164,0.002596782802633433,0.0025946245661175233,0.002592792201539748,0.0025913262543323288,0.0025902576235677806,0.002589607939398345,0.002589389973182038
0.002581900498867831,0.00258208585771474,0.002582638116339554,0.002583545718439494,0.0025847892455378484,0.002586341325322213,0.002588166578967718,0.0025902218320343435,0.0025924567793483783,0.0025948152283570627,0.0025972370157968626,0.002599660647096501,0.00260202647320019,0.0026042800213709394,0.0026063751079679087,0.00260827623001353,0.002609959897572872,0.0026114148109017956,0.002612640892786404,0.0026136475357743582,0.002614451202292203,0.002615072736718558,0.002615534688310607,0.002615858746299361,0.002616063433006226,0.002616162222602857,0.002616162218759138,0.002616063424590025,0.0026158587424649697,0.0026155346827119895,0.002615072730832151,0.002614451199375139,0.0026136475327485234,0.002612640883231059,0.0026114148023808517,0.0026099598997357137,0.0026082762297227288,0.0026063750997565895,0.0026042800139332283,0.0026020264695066422,0.00259966064508344,0.0025972370130213497,0.002594815227234277,0.0025924567754156283,0.002590221827558093,0.002588166576390492,0.0025863413191975866,0.0025847892318163943,0.0025835457056720304,0.0025826381164613978,0.002582085861533804,0.0025819004961011205
0.002574407813705192,0.0025745648263763112,0.002575032465807079,0.002575800483538912,0.0025768517882883398,0.0025781625018967947,0.0025797021286338893,0.002581433928618085,0.0025833156617617813,0.0025853007495278304,0.0025873398913613733,0.002589383123535064,0.002591382200128816,0.0025932930537492867,0.002595078001154122,0.0025967074957325654,0.0025981611807106815,0.0025994280463600074,0.002600505885566714,0.0026014000926378863,0.002602121933385408,0.0026026865425790163,0.0026031108504863463,0.0026034115200423962,0.0026036030048555785,0.0026036959273767557,0.002603695917789088,0.002603602994078541,0.0026034115189686206,0.0026031108500240096,0.002602686536797534,0.0026021219308919987,0.0026014000956663995,0.002600505885214274,0.0025994280443035088,0.002598161181414475,0.002596707489400647,0.002595077990007887,0.0025932930506430774,0.0025913821980499256,0.002589383113439695,0.002587339885149836,0.0025853007464771162,0.002583315655810259,0.002581433922197619,0.0025797021248177197,0.0025781624961378233,0.002576851774805159,0.0025758004713977373,0.0025750324634106953,0.0025745648293869737,0.0025744078118943537
0.0025669555957743974,0.0025670880666204296,0.0025674824886672298,0.0025681299252227987,0.0025690155415234277,0.0025701187533036375,0.0025714135051175258,0.002572868731960481,0.0025744490782567083,0.002576115944119315,0.0025778288204340773,0.0025795469215869967,0.002581230995604739,0.0025828451403012527,0.0025843584493595814,0.0025857463109574506,0.002586991199996587,0.0025880828994379063,0.0025890181571032234,0.0025897998425535394,0.002590435714752314,0.002590936917569696,0.002591316343608179,0.0025915869616732943,0.0025917602034462575,0.002591844557179744,0.002591844551809411,0.0025917601957844106,0.0025915869619268102,0.0025913163436729466,0.002590936911379976,0.002590435711373929,0.0025897998471965766,0.002589018163979019,0.0025880829018128247,0.002586991192927342,0.0025857463008256325,0.0025843584435159637,0.0025828451400123336,0.0025812309960257743,0.0025795469158225886,0.0025778288118298975,0.0025761159370674192,0.0025744490721988644,0.0025728687221265177,0.002571413495331251,0.002570118744272486,0.002569015533175213,0.002568129919094569,0.002567482484228652,0.002567088059778929,0.0025669555878336217
0.0025595801273753695,0.0025596914036811846,0.0025600226442865494,0.002560566139972141,0.0025613091531544933,0.002562234099434694,0.00256331887333033,0.002564537335379454,0.002565859973328179,0.002567254786961558,0.002568688442136961,0.0025701275356172166,0.0025715399801667944,0.002572896404287824,0.002574171385198124,0.0025753444306847416,0.0025764005973575267,0.002577330728262305,0.0025781312327045917,0.002578803492365568,0.0025793529718411866,0.0025797880884230033,0.002580118889689898,0.0025803556832733835,0.002580507693399239,0.0025805818465039635,0.0025805818483814447,0.0025805076970473635,0.0025803556842641283,0.0025801188838574405,0.002579788079204225,0.0025793529673038026,0.002578803492974009,0.002578131234584457,0.0025773307262664563,0.00257640059350238,0.002575344425885548,0.0025741713799379722,0.0025728964030773977,0.00257153998036129,0.0025701275325540097,0.002568688435424995,0.002567254779074569,0.0025658599650118454,0.002564537328435425,0.002563318862514248,0.002562234087118293,0.0025613091442796263,0.0025605661334175234,0.0025600226358774357,0.002559691392813365,0.0025595801165556493
0.002552311247007679,0.0025524042525467997,0.002552681055198904,0.0025531350595031513,0.002553755418721074,0.0025545272190934582,0.0025554318196785086,0.002556447308906578,0.0025575490909133624,0.0025587106733172523,0.0025599045861654252,0.002561103412194957,0.0025622808647028186,0.0025634128477094323,0.0025644784440566858,0.0025654606410417872,0.0025663468388456225,0.002567129065317395,0.002567803856135896,0.0025683718256290827,0.002568837019483579,0.0025692060387402173,0.0025694869768896444,0.0025696882766386895,0.002569817580763237,0.002569880679571535,0.002569880684666257,0.0025698175890195925,0.0025696882794815595,0.002569486973044126,0.002569206032836143,0.0025688370156389147,0.0025683718201165084,0.0025678038478634587,0.00256712906173329,0.0025663468395229557,0.0025654606397408066,0.002564478440615609,0.0025634128413761915,0.0025622808570433023,0.0025611034091604108,0.0025599045799374097,0.002558710664557649,0.0025575490820409,0.002556447300021723,0.0025554318120384572,0.0025545272089023976,0.0025537554060442265,0.002553135046153232,0.002552681041384613,0.002552404244675239,0.0025523112427413928
0.002545173247586567,0.0025452505174233253,0.002545480438583237,0.002545857422001788,0.0025463722854665144,0.002547012465347432,0.0025477623119814176,0.00254860351213538,0.0025495156255193117,0.0025504767335278087,0.0025514641991389994,0.002552455504761002,0.0025534290920043823,0.0025543652116680094,0.002555246668045495,0.0025560594207413557,0.0025567929875189026,0.0025574406269295064,0.0025579992900871995,0.0025584693292121903,0.0025588539900755058,0.002559158715979372,0.002559390307105155,0.0025595559324857425,0.0025596621290680703,0.0025597138819431647,0.0025597138842999288,0.0025596621330241675,0.0025595559349127052,0.0025593903112685426,0.0025591587201867737,0.0025588539866208317,0.00255846932215536,0.0025579992839076457,0.002557440621831336,0.0025567929842176943,0.0025560594209298924,0.0025552466669536856,0.0025543652027722507,0.002553429083402347,0.0025524554986530545,0.0025514641932461424,0.002550476722362239,0.0025495156123488804,0.002548603500339216,0.002547762303300771,0.0025470124590871194,0.0025463722768847958,0.0025458574075661166,0.0025454804238897516,0.002545250509022396,0.0025451732481146863
0.002538185668558506,0.0025382493820004263,0.0025384389330757712,0.0025387496161275143,0.002539173706317555,0.002539700667317943,0.002540317424121846,0.0025410087208856454,0.0025417576083535992,0.0025425459884517356,0.0025433552249333503,0.0025441668300078923,0.0025449631604418364,0.002545728059928121,0.002546447451985295,0.0025471098562249344,0.0025477066970478295,0.0025482324546379945,0.002548684678535161,0.0025490637942103536,0.0025493726753519144,0.002549616096600796,0.0025498000344027654,0.0025499308230120393,0.0025500142587668393,0.0025500547736727326,0.0025500547710339536,0.002550014255493122,0.002549930825170803,0.002549800042679614,0.0025496161000954183,0.0025493726723964166,0.0025490637933273455,0.002548684680454825,0.002548232448418622,0.0025477066904047206,0.0025471098606457254,0.0025464474539444557,0.002545728053556297,0.002544963155811478,0.002544166825714542,0.0025433552170128345,0.002542545978548063,0.0025417575982317185,0.0025410087094699407,0.0025403174146277755,0.0025397006630047095,0.002539173700873284,0.002538749606079424,0.002538438920790058,0.0025382493698065662,0.0025381856618105283
0.002531363985978268,0.0025314160194494246,0.002531570800746012,0.002531824385518152,0.00253217030904456,0.0025325997807617347,0.002533101917134424,0.0025336640603256756,0.002534272201957094,0.0025349114332159123,0.0025355664507584,0.002536222115860667,0.0025368640315043788,0.002537479040925343,0.0025380557230711325,0.002538584801577924,0.0025390594072419764,0.0025394752197563995,0.0025398304949760136,0.002540125928287994,0.002540364330156113,0.002540550149600896,0.0025406888839031544,0.00254078634837894,0.002540847872338939,0.002540877525159473,0.002540877523121106,0.002540847870483298,0.002540786350831913,0.0025406888846230915,0.0025405501487595146,0.002540364330652704,0.002540125934912324,0.0025398304993257893,0.00253947521783367,0.0025390594067854757,0.0025385848060755444,0.0025380557261274746,0.002537479041201982,0.00253686402997192,0.00253622211225201,0.0025355664424050375,0.0025349114280228445,0.0025342722010144388,0.0025336640570254552,0.0025331019083977015,0.0025325997727245193,0.0025321703009691487,0.002531824375070152,0.002531570790711427,0.0025314160076395516,0.0025313639710540397
0.002524720253772743,0.002524762224582042,0.0025248870365211533,0.0025250914071006576,0.0025253699591060398,0.0025257153826079735,0.0025261186605939193,0.002526569346913112,0.0025270558995406592,0.0025275660856992786,0.0025280873910963346,0.002528607480832075,0.0025291146602057423,0.0025295983137455964,0.0025300492841111677,0.0025304601935850694,0.0025308257120082132,0.0025311426697913805,0.002531410073092233,0.002531629025415402,0.0025318024695235373,0.0025319347725466772,0.002532031194626435,0.002532097268635029,0.002532138050598296,0.0025321573964599085,0.0025321573977913933,0.00253213805403425,0.0025320972711083737,0.0025320311911906745,0.0025319347679277878,0.0025318024779407994,0.0025316290373570993,0.002531410077776223,0.002531142671670943,0.002530825717050265,0.0025304601929423878,0.002530049282153688,0.002529598319006039,0.0025291146634085038,0.0025286074761710067,0.0025280873828955573,0.0025275660806359447,0.00252705589950558,0.0025265693452248706,0.002526118654410873,0.002525715371183854,0.0025253699468480257,0.002525091398312027,0.002524887031021592,0.0025247622170241433,0.0025247202404268575
0.002518263660501682,0.002518296950055377,0.0025183959062332136,0.0025185578146918798,0.002518778225030772,0.002519051091126088,0.0025193689849788595,0.0025197233292527533,0.002520104664872806,0.0025205029991420234,0.0025209081692760035,0.0025213101920385983,0.0025216996519354606,0.0025220680908199285,0.0025224082824642532,0.002522714516262331,0.002522982836436796,0.002523211147883501,0.0025233992332787105,0.002523548677565815,0.002523662682947784,0.0025237456905433733,0.00252380291541238,0.002523839771151499,0.002523861174281467,0.002523870864710308,0.002523870863606622,0.002523861174488158,0.0025238397738948644,0.0025238029129086453,0.002523745687034919,0.0025236626910192543,0.002523548689275505,0.002523399237391309,0.0025232111513715685,0.0025229828378419716,0.002522714511333607,0.002522408278270871,0.0025220680951092323,0.002521699656942267,0.0025213101866768976,0.0025209081616141384,0.0025205029916057914,0.002520104655414293,0.0025197233211886154,0.0025193689784992167,0.0025190510811316223,0.002518778214746346,0.002518557810909815,0.0025183959057323312,0.002518296945923253,0.0025182636511101907
0.002512000973730358,0.0025120267669451204,0.0025121033958524475,0.0025122286212959258,0.002512398791206243,0.0025126089328335773,0.002512852970249784,0.0025131239056246477,0.0025134140401470483,0.002513715272751743,0.00251401941765749,0.0025143184757466363,0.0025146049755187397,0.0025148722770938826,0.0025151148247722923,0.002515328380180109,0.00251551021009772,0.002515659221727723,0.0025157759499234195,0.0025158625108671214,0.0025159224360843196,0.0025159603593210285,0.00251598157221916,0.0025159914769002606,0.0025159949525827233,0.0025159956928374827,0.0025159956874401613,0.002515994948374839,0.0025159914768871977,0.002515981569190959,0.0025159603561523544,0.002515922436384244,0.0025158625141004105,0.002515775950336436,0.0025156592214320836,0.0025155102099717656,0.0025153283779392834,0.0025151148247870977,0.0025148722772170085,0.0025146049737011325,0.002514318469641651,0.0025140194110303926,0.0025137152667507275,0.0025134140278504293,0.002513123894666727,0.002512852963190997,0.002512608922667299,0.0025123987812529463,0.002512228620515213,0.0025121033929324577,0.0025120267607065274,0.002512000966943089
0.002505936939803015,0.002505956253886498,0.0025060135768977332,0.002506107077391349,0.0025062337717326557,0.002506389621210061,0.002506569683231649,0.002506768297147778,0.0025069792584858355,0.0025071960706948694,0.0025074122055112487,0.0025076213657658306,0.002507817725695374,0.0025079961934611574,0.0025081526678971833,0.002508284198690147,0.002508389161775129,0.0025084673663332275,0.002508520078956854,0.0025085499586190193,0.002508560918530772,0.00250855784697927,0.002508546186213274,0.002508531411835616,0.0025085184311084874,0.0025085109449917956,0.0025085109435615607,0.002508518426776032,0.002508531411428358,0.002508546186740062,0.0025085578427299776,0.002508560912720873,0.002508549954248653,0.002508520075865272,0.0025084673640302798,0.0025083891617253915,0.0025082842030192233,0.00250815267077093,0.0025079961908377304,0.002507817715832007,0.0025076213594909264,0.002507412202489245,0.0025071960636783796,0.0025069792489805535,0.002506768290153248,0.0025065696775312066,0.002506389609759399,0.002506233762155481,0.002506107072014749,0.0025060135689647274,0.0025059562439316676,0.002505936934976958
0.0025000746276278513,0.0025000883342259986,0.0025001289408541944,0.0025001949606179978,0.0025002839908358954,0.0025003927816840163,0.0025005173560666842,0.0025006531754805834,0.002500795312151485,0.0025009386241305444,0.002501077999165642,0.0025012085821205375,0.0025013259521366096,0.0025014263627550094,0.0025015069595978774,0.0025015659310274113,0.0025016026386265123,0.002501617726025406,0.002501613144815384,0.002501592093997307,0.002501558888988629,0.002501518713438838,0.0025014772051691414,0.002501439962370815,0.0025014119715277457,0.0025013969781911847,0.0025013969771988183,0.002501411973821003,0.002501439967719682,0.002501477210009186,0.002501518715572216,0.0025015588871443004,0.0025015920881030686,0.0025016131428091826,0.002501617727443988,0.002501602641992769,0.002501565934108632,0.0025015069596390476,0.0025014263572296276,0.002501325943861302,0.0025012085788045585,0.002501077997767868,0.002500938613371743,0.0025007953001526667,0.0025006531712643758,0.0025005173524695066,0.0025003927759045313,0.0025002839858636132,0.0025001949547891677,0.0025001289303305317,0.0025000883241201215,0.002500074624771541
0.002494415716210929,0.002494424554728724,0.0024944506679747515,0.0024944928591489795,0.0024945492173480137,0.002494617166325455,0.0024946935436173517,0.002494774769762447,0.0024948569971820185,0.0024949362432956763,0.0024950086025912485,0.0024950704364038244,0.0024951185391661143,0.0024951503313053736,0.002495164037969297,0.0024951588449825665,0.002495135000233526,0.002495093905768637,0.002495038151370544,0.002494971456936011,0.0024948985474103806,0.002494824912187653,0.0024947564184158756,0.002494698826152994,0.002494657216004251,0.0024946353945133793,0.0024946353980687063,0.0024946572222018263,0.002494698832004644,0.0024947564266264285,0.002494824921355565,0.0024948985500032645,0.002494971455011403,0.0024950381531803224,0.0024950939123312456,0.0024951350056415834,0.0024951588455188584,0.0024951640336032996,0.0024951503237646273,0.002495118535417948,0.00249507043713705,0.0024950086019205247,0.002494936235005575,0.0024948569881329524,0.00249477476691242,0.0024946935411583357,0.0024946171655230703,0.0024945492190548073,0.0024944928551293576,0.002494450659606223,0.0024944245493303597,0.002494415710831222
0.0024889607167532628,0.002488965332741827,0.002488978862291485,0.0024890003715431733,0.00248902835997635,0.002489060811555032,0.0024890952687583933,0.002489128972751744,0.0024891589872646854,0.0024891823300327723,0.0024891961204592415,0.0024891977569607526,0.0024891850858751144,0.0024891565319208535,0.0024891112696461275,0.002489049358517765,0.00248897183479108,0.002488880792009815,0.0024887794126278056,0.002488671907273812,0.0024885633962116447,0.002488459683388179,0.002488366886850319,0.0024882909334676146,0.0024882370128017214,0.0024882090162072494,0.002488209024110909,0.0024882370204015515,0.0024882909324579114,0.0024883668911956564,0.0024884596938424966,0.002488563398891766,0.0024886719060837996,0.0024887794162989155,0.0024888807996443795,0.0024889718371306144,0.002489049356686446,0.0024891112662491967,0.0024891565265009637,0.0024891850835479083,0.002489197759702588,0.002489196121559499,0.0024891823327950644,0.0024891589921676306,0.0024891289731051565,0.0024890952648950223,0.0024890608096078634,0.002489028361806191,0.002489000370507493,0.002488978859629013,0.002488965331135028,0.0024889607130686065
0.002483709213516813,0.0024837101555939085,0.002483712750424117,0.002483716286608838,0.002483719605803098,0.002483721168106674,0.002483719128057313,0.0024837114197189905,0.0024836958869449586,0.0024836703943018528,0.002483632944075774,0.0024835818379109215,0.0024835158149605764,0.0024834341765704003,0.0024833369265838024,0.0024832248940235323,0.0024830998184433607,0.0024829644195944506,0.0024828224168506937,0.0024826784856688587,0.0024825381294133423,0.002482407461198284,0.0024822928382096663,0.0024822003656979966,0.0024821353642123156,0.0024821018080517063,0.002482101812569004,0.0024821353692393833,0.002482200361538187,0.0024822928373746398,0.0024824074675464497,0.0024825381339124695,0.0024826784872577327,0.0024828224203361864,0.0024829644201861414,0.002483099813177862,0.0024832248896292423,0.00248333692572207,0.0024834341746192085,0.0024835158140042476,0.002483581840360476,0.002483632947756971,0.0024836704022326655,0.002483695898259964,0.0024837114221197077,0.0024837191223281746,0.002483721166657887,0.0024837196088581454,0.002483716290660207,0.0024837127557393985,0.0024837101589826943,0.0024837092103828394
0.002478660014581956,0.0024786577650700746,0.0024786508483788583,0.002478638739467944,0.0024786205755483745,0.002478595232522858,0.002478561379506429,0.002478517548205753,0.002478462244947882,0.0024783940548815902,0.0024783117452699416,0.002478214393826999,0.002478101512439876,0.0024779731638921235,0.0024778300802020927,0.002477673769364109,0.0024775065981993043,0.0024773318419253126,0.0024771537129499527,0.002476977323161071,0.0024768085411235566,0.0024766537666394495,0.0024765195855249718,0.00247641229602716,0.002476337352761137,0.0024762988010155673,0.0024762988006267863,0.002476337350516202,0.0024764122924705906,0.0024765195854214335,0.002476653771640087,0.0024768085483783736,0.0024769773305734818,0.0024771537183563433,0.0024773318368742766,0.002477506586958539,0.0024776737636638124,0.002477830079675859,0.0024779731627566914,0.0024781015117148033,0.0024782143957071275,0.002478311747093015,0.0024783940574052963,0.002478462249583205,0.002478517548975999,0.002478561376399751,0.002478595234546673,0.0024786205829981454,0.0024786387472269618,0.0024786508566092542,0.0024786577700542456,0.002478660016306447
0.002473811311096547,0.0024738062856726755,0.002473791087504224,0.0024737653437637026,0.002473728457341566,0.0024736796538952434,0.002473618037640228,0.002473542659258354,0.0024734525972317724,0.0024733470519247023,0.002473225443669973,0.0024730875197285264,0.0024729334664577766,0.0024727640114574085,0.0024725805204224706,0.002472385102129204,0.0024721806792303517,0.0024719710282217395,0.0024717608148541875,0.002471555546712865,0.0024713614258609073,0.0024711851276736268,0.0024710334647432175,0.002470912917519444,0.002470829068182347,0.0024707860407987945,0.002470786039802344,0.0024708290625173714,0.0024709129127081773,0.002471033465756085,0.002471185134395467,0.002471361431758442,0.002471555551742224,0.0024717608200665493,0.0024719710263140108,0.002472180672431363,0.002472385099483823,0.0024725805192924986,0.0024727640081502683,0.002472933464749341,0.0024730875205973687,0.0024732254427816376,0.002473347047761039,0.0024734525950312067,0.0024735426612235993,0.0024736180391388874,0.0024736796537150677,0.0024737284598298874,0.0024737653486097866,0.002473791090653181,0.0024738062881006426,0.0024738113160367977
0.002469160795127262,0.0024691533503803592,0.0024691309318659632,0.0024690932990959194,0.0024690400805718643,0.002468970801177849,0.0024688849390539706,0.002468781985813026,0.0024686615151773383,0.0024685232595936185,0.002468367200037079,0.0024681936640787386,0.002468003426285591,0.002467797791080618,0.0024675786791939153,0.002467348725461963,0.0024671113474942098,0.00246687078459047,0.002466632108076817,0.0024664011730122773,0.0024661844946254324,0.0024659890125541895,0.002465821754851694,0.002465689366243202,0.0024655975523506044,0.0024655505263316145,0.0024655505274035106,0.002465597551978097,0.002465689361133879,0.002465821753526194,0.0024659890168210862,0.002466184495446475,0.0024664011695335027,0.0024666321054892504,0.0024668707869194366,0.002467111350568493,0.0024673487265304906,0.002467578678380555,0.002467797788542236,0.002468003423748544,0.0024681936631261747,0.0024683671988194127,0.002468523255209151,0.002468661511371496,0.0024687819883503583,0.002468884941940116,0.002468970797099684,0.002469040075054599,0.002469093298591096,0.002469130931652792,0.002469153350734908,0.002469160799153955
0.0024647057735988367,0.002464696217500321,0.002464667495853996,0.0024646194826918794,0.0024645520004138058,0.002464464836740403,0.002464357786173833,0.002464230714981716,0.0024640836215385326,0.0024639167012466046,0.0024637304222454013,0.0024635256162725003,0.002463303566989356,0.002463066080462389,0.00246281556489255,0.002462555121377766,0.002462288609577244,0.002462020679074972,0.0024617567627255132,0.0024615030386666518,0.002461266305836006,0.0024610537519009655,0.0024608726016470727,0.002460729654828954,0.002460630737541764,0.002460580140963153,0.0024605801438268835,0.002460630743037928,0.002460729654397492,0.002460872598168802,0.002461053749835257,0.002461266303267733,0.0024615030312330425,0.002461756755367145,0.0024620206797936056,0.0024622886144270075,0.0024625551219480775,0.002462815564184413,0.002463066080995849,0.0024633035650583365,0.0024635256120482934,0.0024637304193236838,0.0024639166983634426,0.002464083617811817,0.0024642307144814002,0.002464357787974449,0.00246446483547853,0.002464551998709434,0.0024646194840374854,0.0024646674979400367,0.002464696219486856,0.002464705777450611
0.002460443256603347,0.0024604318524300687,0.002460397623168634,0.0024603405423705544,0.002460260593466453,0.0024601577894300558,0.002460032203150119,0.0024598840212736997,0.00245971360613246,0.002459521553163411,0.0024593087572812406,0.0024590764863110797,0.0024588264596252757,0.002458560923124744,0.0024582827223393875,0.0024579953718105825,0.0024577031169265937,0.0024574109649008542,0.002457124680532959,0.002456850740087591,0.002456596201226234,0.002456368470427287,0.002456174958397265,0.0024560226147626917,0.002455917373834744,0.002455863593211617,0.0024558635957358933,0.0024559173786954254,0.0024560226186913212,0.002456174955617942,0.002456368463768175,0.002456596197080081,0.0024568507357678807,0.0024571246759772323,0.00245741096538946,0.00245770311912601,0.002457995369420429,0.0024582827210925806,0.002458560926143248,0.0024588264578485402,0.002459076477911846,0.0024593087512701016,0.002459521552008348,0.0024597136037906703,0.0024598840177945712,0.0024600322034745987,0.002460157793390199,0.002460260597012954,0.002460340545855835,0.0024603976288151267,0.0024604318583107323,0.0024604432621285594
0.0024563700206518767,0.002456356999262747,0.00245631795576456,0.0024562529502215546,0.002456162100003728,0.0024560456092281146,0.002455903791343,0.0024557371148800264,0.0024555462561295887,0.0024553321598439126,0.0024550960862418443,0.002454839679532849,0.002454565041585287,0.0024542748048506763,0.002453972199183452,0.0024536611044987102,0.002453346105581116,0.0024530325277804183,0.0024527264355327,0.002452434575902067,0.002452164240004721,0.002451923031803895,0.002451718534469572,0.0024515578365603987,0.002451446970044771,0.002451390359296296,0.002451390359422834,0.00245144697114298,0.0024515578396655468,0.0024517185325728334,0.0024519230249139897,0.0024521642352856323,0.0024524345742618584,0.0024527264347163264,0.0024530325305040335,0.0024533461100400733,0.0024536611050170916,0.002453972198999857,0.002454274808316512,0.0024545650419122425,0.002454839671952717,0.002455096079079431,0.002455332161105136,0.0024555462586726795,0.0024557371106990714,0.002455903787447785,0.0024560456097072188,0.0024561621012080927,0.0024562529512412302,0.0024563179603989504,0.0024563570064594312,0.0024563700283869176
0.002452482689096751,0.0024524682526965475,0.002452424996153765,0.0024523530553891325,0.002452252665955838,0.0024521241908998185,0.002451968153924866,0.0024517852663977296,0.0024515764824665745,0.0024513430410316667,0.0024510865201148977,0.002450808894691298,0.0024505126037319687,0.002450200620548852,0.0024498765036189557,0.0024495444527408046,0.002449209362130409,0.002448876841531837,0.0024485532210805983,0.002448245488523941,0.0024479611459616584,0.002447707984203599,0.0024474937370414594,0.002447325615302593,0.0024472097484741803,0.0024471506258816043,0.002447150623969072,0.002447209747815807,0.0024473256154985204,0.0024474937343115966,0.0024477079803781913,0.0024479611451116586,0.00244824548901871,0.0024485532208149575,0.002448876842801297,0.0024492093678371947,0.002449544458843517,0.0024498765054268355,0.002450200624017277,0.0024505126084073477,0.0024508088930263136,0.0024510865163789794,0.002451343043159428,0.002451576486791141,0.002451785265105867,0.0024519681479153875,0.0024521241871079172,0.002452252663813213,0.0024523530553439373,0.0024524249993104256,0.00245246825733761,0.00245248269216733
0.0024487777803958175,0.002448762109396481,0.0024487151650636352,0.002448637147680362,0.0024485283966974064,0.0024483894222379343,0.0024482209242715496,0.0024480238249426642,0.002447799313405094,0.0024475488887930057,0.002447274402376115,0.0024469781175701466,0.00244666277556375,0.0024463316437979645,0.002445988565372741,0.0024456380249895633,0.0024452851882821956,0.002444935927233972,0.002444596805021384,0.0024442750182908073,0.00244397826601215,0.002443714509086472,0.002443491615401254,0.002443316904445338,0.0024431965987110676,0.0024431352433925612,0.0024431352417656443,0.0024431965974266432,0.002443316903122206,0.002443491612497021,0.002443714508841994,0.0024439782711301616,0.0024442750239042892,0.0024445968053948943,0.002444935924770179,0.002445285189106543,0.002445638028109613,0.002445988566846597,0.00244633164538352,0.0024466627812965566,0.002446978121653975,0.0024472744019774233,0.0024475488901449247,0.002447799318643335,0.0024480238282043867,0.0024482209239820494,0.0024483894220303478,0.002448528396587137,0.002448637146632131,0.0024487151667622904,0.0024487621103384868,0.002448777777074171
0.002445251753632175,0.0024452350036918554,0.0024451848307143432,0.0024451014871972603,0.0024449854074996276,0.0024448372291261,0.002444657803907045,0.002444448235516807,0.0024442099180690554,0.0024439445757607047,0.0024436543021953273,0.0024433416116767396,0.002443009503345808,0.0024426615049241147,0.002442301716060213,0.0024419348654593615,0.002441566362981285,0.002441202312447331,0.0024408494848767435,0.0024405152646702513,0.002440207525548025,0.0024399343789791566,0.0024397038203528626,0.0024395232708593786,0.0024393990278962947,0.0024393356882181755,0.002439335686937891,0.002439399024674178,0.0024395232690910067,0.0024397038202355037,0.002439934380853153,0.0024402075304087723,0.0024405152703996947,0.0024408494862775214,0.002441202310344781,0.0024415663603054604,0.002441934862012416,0.0024423017123629933,0.0024426615038408515,0.002443009506034167,0.00244334161495089,0.0024436543036278216,0.0024439445786477512,0.0024442099237348713,0.0024444482415501806,0.0024446578086831186,0.0024448372328932173,0.0024449854086153132,0.0024451014835702037,0.0024451848272126903,0.0024452350014680605,0.002445251748687933
0.0024419010499362997,0.0024418833498535677,0.0024418303463220846,0.002441742336439647,0.0024416198357473467,0.002441463585346714,0.0024412745754723523,0.0024410540643111612,0.0024408036215109357,0.0024405251720592373,0.002440221021886956,0.0024398939035169443,0.002439547038853975,0.0024391841831855232,0.002438809664979913,0.002438428432098511,0.0024380461070070475,0.0024376689938971343,0.0024373040528198673,0.002436958841451853,0.00243664138137225,0.002436359918781241,0.0024361225695678523,0.00243593684961938,0.002435809117256596,0.0024357440185760184,0.002435744016283961,0.002435809111691469,0.002435936847874322,0.002436122573819049,0.0024363599219216613,0.002436641379960496,0.0024369588380452707,0.002437304051299627,0.0024376689950486446,0.002438046106708815,0.002438428426717495,0.0024388096580648536,0.0024391841806541883,0.002439547038463286,0.0024398939032241537,0.002440221023179739,0.0024405251763912924,0.0024408036251407678,0.0024410540649457972,0.0024412745783458766,0.0024414635909539373,0.0024416198371562995,0.002441742332093682,0.002441830338756111,0.0024418833445086466,0.002441901046489346
0.0024387221241998053,0.002438703591170482,0.002438648101263152,0.0024385559998777928,0.0024384278668304346,0.002438264536221316,0.0024380671145970037,0.0024378369983409495,0.0024375759102804005,0.002437285943709003,0.0024369695915157203,0.0024366297829262894,0.002436269930945315,0.0024358939888651588,0.002435506487386117,0.0024351125755348317,0.002434718057398119,0.002434329411498635,0.0024339537681161705,0.0024335988410849802,0.002433272785357861,0.0024329839672061447,0.002432740607720775,0.0024325503067731758,0.0024324194845988076,0.0024323528306143573,0.002432352827824761,0.0024324194802535664,0.0024325503068332293,0.002432740612228586,0.0024329839694304384,0.0024332727812852333,0.0024335988323586147,0.0024339537621826095,0.002434329411852669,0.0024347180586871226,0.0024351125712884026,0.00243550648183372,0.0024358939865263816,0.0024362699296184413,0.00243662978081038,0.002436969592249609,0.0024372859461209463,0.0024375759090816945,0.002437836995130602,0.002438067116334007,0.0024382645424264517,0.002438427872234044,0.0024385559997180447,0.0024386480945309966,0.0024387035817031062,0.0024387221208699494
0.0024357114767087564,0.002435692212022252,0.0024356345426479174,0.002435538851651015,0.0024354057764724942,0.0024352362297433232,0.002435031421177176,0.0024347928699952424,0.0024345224330237676,0.0024342223464206398,0.0024338952672151738,0.0024335442955561813,0.002433173013496808,0.0024327855467824425,0.0024323866065850256,0.002431981516718267,0.0024315762448689775,0.002431177422626177,0.002430792328358309,0.0024304288133052947,0.002430095160729231,0.002429799842599845,0.002429551167777438,0.0024293568093485952,0.0024292232527061966,0.0024291552245342784,0.002429155223502354,0.002429223254372114,0.0024293568127172634,0.0024295511660373903,0.002429799838413103,0.002430095159040752,0.002430428810882826,0.0024307923221710834,0.0024311774185402702,0.002431576243898937,0.0024319815146336093,0.002432386603592223,0.0024327855458064133,0.002433173012955407,0.0024335442943007094,0.002433895268257513,0.0024342223469535017,0.0024345224307734223,0.0024347928697980533,0.0024350314245663086,0.0024352362349206384,0.002435405781016675,0.0024355388529400243,0.002435634537850843,0.0024356922035096216,0.0024357114685699195
0.0024328656637187256,0.002432845758124623,0.0024327861812830464,0.002432687342367499,0.002432549931361199,0.0024323749312647864,0.0024321636364703215,0.002431917673131744,0.002431639018393551,0.002431330039325105,0.0024309935314928964,0.0024306327390807864,0.0024302513973140684,0.0024298537866093753,0.0024294447722282273,0.0024290298288424505,0.0024286150726203705,0.0024282072742019024,0.0024278138395265794,0.0024274427410468464,0.00242710237651853,0.002426801315089154,0.0024265479408813037,0.00242634999508693,0.00242621402125364,0.002426144777856691,0.0024261447784900934,0.002426214026387586,0.0024263500003475352,0.002426547934181209,0.0024268013033116385,0.0024271023740230677,0.002427442744077588,0.0024278138361279646,0.0024282072669370865,0.002428615070021176,0.0024290298306389843,0.002429444773697229,0.0024298537883036416,0.002430251398800817,0.0024306327404308454,0.0024309935333386872,0.0024313300402939567,0.0024316390180288,0.0024319176730482265,0.002432163636957157,0.0024323749310202745,0.0024325499290843433,0.002432687339183228,0.0024327861786453387,0.0024328457545917588,0.0024328656535841575
0.002430181333725955,0.002430160867635112,0.0024300996170539056,0.0024299980157622123,0.002429856801679343,0.0024296770183299303,0.0024294600318792007,0.002429207557942259,0.0024289216820283814,0.0024286048888448562,0.0024282600917584335,0.0024278906611068453,0.002427500468463113,0.002427093931366745,0.0024266760467337484,0.00242625242165959,0.002425829301263711,0.0024254135848072425,0.0024250127947611404,0.0024246350087029096,0.002424288717881942,0.002423982580219285,0.002423725053720811,0.002423523942364332,0.0024233858344340805,0.0024233155167459794,0.002423315514504429,0.002423385833212638,0.0024235239452172056,0.002423725050695118,0.0024239825694803924,0.002424288710877321,0.0024246350075006703,0.0024250127907555073,0.002425413576233423,0.002425829298040543,0.0024262524261312295,0.0024266760526796306,0.0024270939345171776,0.0024275004712103147,0.0024278906642121794,0.0024282600941439277,0.0024286048914881173,0.0024289216814179842,0.0024292075522424693,0.0024294600254445562,0.0024296770132304405,0.0024298567978463495,0.002429998013206361,0.0024300996158644877,0.002430160865317294,0.002430181325674541
0.0024276552448856173,0.002427634286866362,0.0024275715668806417,0.0024274675424514145,0.0024273229886147573,0.00242713900346488,0.002426917021295532,0.002426658834607604,0.002426366618792512,0.0024260429598533585,0.002425690875800864,0.0024253138519833507,0.0024249158765313563,0.002424501484340133,0.0024240757925990983,0.0024236445228842103,0.00242321403208219,0.0024227913334195416,0.0024223840595088445,0.002422000377694096,0.002421648858484291,0.002421338237431425,0.0024210770468703195,0.0024208731438473013,0.002420733150693682,0.0024206618827613993,0.0024206618771993997,0.0024207331396511726,0.00242087313896434,0.002421077049893048,0.0024213382366159017,0.002421648849690703,0.002422000367536864,0.002422384051587038,0.002422791326545028,0.002423214027594914,0.002423644523476674,0.0024240757963432556,0.0024245014867468706,0.002424915877572045,0.002425313853727919,0.0024256908797672108,0.0024260429644199968,0.0024263666183716834,0.002426658826855599,0.002426917013255325,0.002427138999943818,0.00242732298891874,0.002427467542640349,0.002427571564847528,0.00242763428346109,0.0024276552419355488
0.0024252842674682903,0.002425262877603823,0.0024251988698650133,0.0024250927217861805,0.0024249452361441307,0.002424757559496054,0.0024245311906231455,0.002424267990426137,0.002423970210925799,0.002423640520578557,0.0024232820342922033,0.0024228983390896974,0.002422493522779641,0.002422072221610187,0.0024216396597362085,0.002421201662271351,0.0024207646859405753,0.0024203358394074433,0.0024199228505363203,0.0024195339702810484,0.00241917784118248,0.002418863269031527,0.0024185988506640293,0.0024183924829416477,0.0024182508212167502,0.0024181787136884694,0.0024181787099689287,0.0024182508095768624,0.002418392471629829,0.0024185988518646037,0.00241886327305683,0.0024191778320641275,0.002419533955119476,0.00241992284303108,0.0024203358370979908,0.00242076468072716,0.0024212016579839013,0.0024216396596923352,0.002422072222525893,0.002422493521936899,0.002422898339611442,0.002423282038015735,0.0024236405240463756,0.0024239702120183,0.0024242679890599385,0.002424531186994661,0.002424757557654768,0.002424945235243999,0.0024250927187182184,0.002425198867390655,0.0024252628777361707,0.0024252842715635865
0.0024230653999831693,0.0024230436310308384,0.0024229784926335833,0.002422870481392357,0.0024227204263742963,0.0024225295144704147,0.0024222992964686688,0.0024220316970085458,0.0024217290352757416,0.0024213940514411767,0.0024210299436333562,0.002420640387497806,0.0024202295607159024,0.0024198021880447312,0.0024193635826435804,0.0024189196678566383,0.0024184769905776465,0.0024180427378457047,0.002417624714794972,0.002417231253073778,0.0024168710652116665,0.002416553016921704,0.00241628575494871,0.0024160772130179544,0.0024159340782647165,0.0024158612280037813,0.002415861229733538,0.0024159340755515375,0.002416077202469506,0.002416285748466727,0.0024165530152927936,0.0024168710563598926,0.0024172312414114075,0.002417624711452175,0.0024180427377846372,0.0024184769875411137,0.002418919666783611,0.0024193635852349893,0.0024198021886207605,0.002420229558861901,0.0024206403882006283,0.0024210299444250663,0.0024213940491484686,0.002421729035635124,0.0024220317011786944,0.0024222992976793327,0.0024225295122446487,0.002422720421021697,0.0024228704753355063,0.002422978490701513,0.002423043635787541,0.0024230654072376666
0.002420995781322083,0.0024209736809785187,0.0024209075483585794,0.0024207978996278355,0.002420645593772926,0.0024204518497066303,0.0024202182596028137,0.0024199468031829985,0.0024196398599036165,0.002419300236420077,0.0024189311976164926,0.002418536495851472,0.0024181203924683375,0.0024176876894242603,0.0024172437760844497,0.0024167946622285627,0.0024163469745451744,0.002415907968728988,0.002415485517257058,0.0024150880259037628,0.002414724269712231,0.002414403162376883,0.0024141333936199966,0.00241392293866744,0.0024137785121360255,0.0024137050086674074,0.0024137050121915042,0.0024137785144876123,0.0024139229321704357,0.002414133385478662,0.002414403157578831,0.0024147242639204346,0.0024150880217514437,0.002415485518155959,0.0024159079679813146,0.0024163469724775254,0.002416794667018131,0.002417243783263109,0.0024176876869141917,0.0024181203878922116,0.002418536497174071,0.002418931196351341,0.0024193002304430194,0.0024196398587481003,0.00241994680861045,0.0024202182656893087,0.002420451850150068,0.0024206455894870264,0.0024207978953339274,0.0024209075463192497,0.0024209736826357486,0.0024209957869729356
0.0024190726950530494,0.0024190503042255886,0.0024189833022370696,0.0024188722191003514,0.0024187179410268232,0.002418521717387128,0.0024182851763865027,0.0024180103414951503,0.0024176996471458375,0.0024173559590150258,0.0024169826007216237,0.0024165833892248615,0.0024161626585840396,0.0024157252818041634,0.0024152767181010383,0.002414823042919406,0.0024143709545729696,0.0024139277730646637,0.0024135014340033218,0.002413100405364307,0.0024127335156492423,0.00241240971719492,0.0024121377391275673,0.0024119256031809237,0.0024117800490220977,0.0024117059755840225,0.0024117059745405903,0.002411780046477317,0.002411925600976536,0.002412137737651251,0.002412409714496278,0.0024127335129521124,0.002413100407238972,0.0024135014388999747,0.0024139277716449282,0.0024143709500227145,0.00241482304600229,0.0024152767220578754,0.00241572527668909,0.0024161626510361576,0.002416583387357922,0.0024169826006202803,0.0024173559576244987,0.002417699648308803,0.002418010348515453,0.0024182851850739068,0.002418521720746831,0.0024187179413855493,0.00241887221701178,0.0024189832998646483,0.002419050301669,0.002419072697011165
0.002417293575123785,0.0024172709303205728,0.0024172031704063402,0.002417090837011594,0.0024169348357913896,0.0024167364435795763,0.002416497323575979,0.0024162195357469427,0.002415905559051532,0.002415558311986332,0.002415181174792254,0.002414778018600158,0.0024143532364736906,0.0024139117690748784,0.0024134591353438643,0.0024130014658866428,0.002412545520210371,0.002412098680404712,0.002411668936465844,0.002411264806539954,0.0024108951681474215,0.0024105690084977563,0.0024102950918192135,0.0024100814794003255,0.0024099349354343696,0.0024098603641277932,0.002409860359725657,0.002409934929075675,0.0024100814798132925,0.002410295095575189,0.002410569007175418,0.0024108951648652093,0.0024112648095257552,0.0024116689418882432,0.0024120986794260117,0.0024125455139907518,0.0024130014620680454,0.0024134591340343424,0.0024139117651684823,0.002414353228113533,0.002414778013090164,0.0024151811765741166,0.0024155583158294138,0.002415905562562778,0.002416219542381249,0.0024164973302879026,0.0024167364476709373,0.002416934837837219,0.0024170908385820022,0.002417203169808479,0.0024172709291265,0.002417293575593636
0.0024156560234216235,0.0024156331545866056,0.0024155647337643278,0.002415451312602174,0.0024152938092964604,0.0024150935247544743,0.0024148521545958525,0.0024145717926566976,0.0024142549523373915,0.0024139045973267824,0.0024135241597491052,0.002413117560056657,0.0024126892411845797,0.0024122441997114857,0.0024117880065791125,0.002411326845433398,0.002410867528858715,0.0024104174945543295,0.002409984775907727,0.0024095779315625445,0.0024092058836066425,0.0024088776606621455,0.0024086020556118534,0.002408387149689842,0.002408239730911502,0.00240816472138672,0.0024081647192389687,0.002408239728038593,0.002408387151132738,0.0024086020587863882,0.0024088776608517846,0.0024092058820276035,0.0024095779306273855,0.0024099847756165406,0.002410417494224164,0.002410867524831038,0.0024113268383489437,0.0024117880023352104,0.002412244196714157,0.0024126892359722734,0.0024131175561596173,0.0024135241609728715,0.0024139045999873802,0.002414254954798193,0.0024145717965583127,0.0024148521592806393,0.00241509353009854,0.002415293813055969,0.0024154513163665552,0.0024155647360537273,0.002415633157214036,0.0024156560207563844
0.00241415780594095,0.002414134743298405,0.0024140657479290394,0.002413951380299819,0.0024137925704814907,0.0024135906388383557,0.0024133473080982467,0.0024130647054741577,0.0024127453760489194,0.0024123923177103773,0.0024120090059443007,0.0024115994093216967,0.002411168013775148,0.0024107198571068724,0.0024102605612154973,0.002409796356461654,0.0024093341034521587,0.0024088812864354213,0.0024084459752173443,0.00240803676194805,0.002407662609785016,0.0024073325892356103,0.002407055516050349,0.0024068394827755296,0.002406691296391741,0.0024066159016436104,0.002406615903383787,0.0024066913000136796,0.0024068394849053303,0.0024070555171191656,0.0024073325928490445,0.0024076626136789324,0.002408036760235946,0.0024084459699703583,0.002408881284196146,0.002409334102492651,0.002409796351561523,0.0024102605556661823,0.002410719853483114,0.002411168011064627,0.0024115994087774303,0.0024120090089346856,0.0024123923210923365,0.00241274537754201,0.0024130647079819508,0.0024133473151553664,0.002413590643602024,0.002413792570947771,0.0024139513817279337,0.0024140657541847116,0.0024141347440293105,0.0024141577973845383
0.0024127968553479748,0.002412773627100905,0.0024127041356438624,0.002412588946849365,0.002412429006360019,0.0024122256484379974,0.002411980615917195,0.002411696067196969,0.0024113745798253166,0.0024110191787653995,0.002410633375708826,0.0024102211797540837,0.00240978711426733,0.002409336254774958,0.0024088742668690786,0.0024084074236623,0.0024079426230786682,0.0024074873854394016,0.002407049821437778,0.0024066385559362736,0.0024062625784373893,0.0024059309920340037,0.002405652639216304,0.00240543562790379,0.0024052867795079026,0.0024052110506481324,0.0024052110534776862,0.0024052867858872793,0.0024054356324787157,0.0024056526409170346,0.002405930996041313,0.002406262584213803,0.0024066385563018705,0.0024070498170466383,0.0024074873833577867,0.0024079426242993324,0.002408407423243106,0.0024088742642216308,0.002409336252359391,0.0024097871118587263,0.002410221181767813,0.0024106333842654295,0.0024110191859968637,0.0024113745815219226,0.0024116960704923477,0.0024119806206261514,0.002412225644554556,0.00241242899906304,0.002412588947232323,0.002412704141483864,0.0024127736230461745,0.002412796853687469
0.0024115712763530845,0.0024115479067834933,0.002411477987134754,0.002411362089498294,0.0024112011749358618,0.0024109965906218647,0.0024107500932516414,0.0024104638649496985,0.002410140513590147,0.0024097830934650664,0.0024093951425833075,0.0024089807023206294,0.0024085443296356064,0.002408091137123861,0.002407626827539416,0.002407157708492333,0.002406690707414216,0.0024062333776442906,0.002405793867511999,0.00240538083084394,0.0024050032798976348,0.002404670339385643,0.00240439087571176,0.0024041730187172503,0.002404023601743812,0.0024039475865239735,0.002403947588188873,0.002404023607374067,0.002404173026453633,0.0024043908798378464,0.0024046703396787546,0.002405003279816705,0.0024053808299336105,0.0024057938668727366,0.0024062333797405205,0.0024066907102992985,0.0024071577106718847,0.0024076268306250127,0.002408091140943713,0.002408544331133529,0.002408980705770763,0.002409395151472696,0.0024097831006100563,0.00241014051349452,0.002410463863409821,0.002410750089554924,0.0024109965812596484,0.0024112011653252383,0.002411362089268117,0.002411477987644599,0.002411547910127968,0.0024115712639837857
0.0024104793519424145,0.0024104558605956773,0.002410385572305423,0.002410269066668551,0.002410107315862014,0.0024099016824421482,0.0024096539345190215,0.002409366269454481,0.0024090413214216647,0.0024086821732123152,0.0024082923836404604,0.0024078760187836537,0.0024074376699743595,0.002406982480040501,0.002406516177954729,0.0024060451061442933,0.002405576221518006,0.0024051171003081086,0.002404675917465237,0.002404261357977244,0.002403882459439148,0.0024035483615007865,0.0024032679454467384,0.002403049360353185,0.0024028994547303202,0.0024028231938868967,0.0024028231937983716,0.0024028994593170445,0.002403049369636089,0.0024032679496942717,0.0024035483576691163,0.002403882454097148,0.0024042613567430804,0.002404675918578095,0.0024051171011860743,0.0024055762223604876,0.0024060451094567213,0.0024065161850743114,0.002406982487599974,0.002407437676034536,0.002407876023424842,0.0024082923878704847,0.002408682174192493,0.0024090413172790518,0.002409366263536097,0.0024096539278343205,0.00240990167620259,0.0024101073113299665,0.0024102690663412706,0.002410385573183333,0.002410455852108605,0.002410479350094968
0.0024095195403045122,0.002409495943088913,0.002409425341984673,0.002409308321197524,0.002409145859890298,0.002408939334351429,0.002408690525565953,0.002408401643153506,0.0024080753426383283,0.002407714727895913,0.002407323377350508,0.0024069053802365987,0.0024064653570233297,0.002406008473208257,0.0024055404816220975,0.002405067750572701,0.002404597265003237,0.0024041366247872517,0.0024036940220082473,0.0024032781664130023,0.0024028981206725268,0.002402563040950678,0.002402281819541338,0.002402062616760838,0.0024019122926920797,0.002401835822493462,0.0024018358237897232,0.00240191229599077,0.002402062620859328,0.0024022818213189187,0.0024025630386064816,0.002402898118146806,0.002403278165017154,0.0024036940194602256,0.002404136621947962,0.0024045972648661287,0.002405067753461592,0.0024055404855080884,0.0024060084778297856,0.002406465363726949,0.0024069053855449176,0.002407323376916025,0.0024077147238912946,0.0024080753395571016,0.002408401637631564,0.0024086905203079155,0.0024089393326719656,0.0024091458652382406,0.0024093083237079647,0.0024094253382911943,0.002409495935762469,0.0024095195505306256
0.002408690473753701,0.002408666786742599,0.0024085959241623243,0.0024084784740934445,0.0024083154199624353,0.002408108146156898,0.0024078584473508223,0.0024075685471431274,0.0024072411147831696,0.0024068792720525907,0.0024064866141798253,0.0024060672499181504,0.002405625823731349,0.0024051675249455616,0.0024046981220745725,0.0024042240001747556,0.002403752170584328,0.002403290256658057,0.002402846467402952,0.0024024295282679136,0.002402048519992926,0.0024017126153368516,0.0024014307193134118,0.002401211000391489,0.0024010603261281744,0.0024009836800480393,0.002400983682008033,0.0024010603283765642,0.00240121099928441,0.002401430716901607,0.0024017126147859178,0.0024020485211639947,0.002402429528079949,0.0024028464641909645,0.002403290254019582,0.0024037521726130787,0.0024042240023813034,0.0024046981200985347,0.0024051675251417705,0.0024056258301725303,0.0024060672541966924,0.0024064866105831324,0.002406879266733891,0.002407241111666266,0.002407568542985712,0.002407858444428224,0.0024081081507832487,0.0024083154302442364,0.002408478480890574,0.002408595919433569,0.002408666790112877,0.0024086904666375925
0.0024079909656713272,0.0024079672058980157,0.002407896128538768,0.002407778326675732,0.002407614786864204,0.0024074068988012187,0.0024071564689130986,0.0024068657334552638,0.00240653737249798,0.002406174521241401,0.0024057807904630836,0.0024053603045471584,0.002404917724290064,0.002404458261714868,0.002403987701988327,0.002403512439636361,0.0024030395025183915,0.0024025765370311973,0.002402131774348481,0.002401713951385722,0.0024013321538893318,0.002400995567991855,0.00240071311641828,0.0024004929745710937,0.0024003420120073025,0.0024002652201634412,0.0024002652232852396,0.002400342014842903,0.002400492970792769,0.0024007131107651805,0.0024009955663809794,0.002401332156007997,0.002401713955405408,0.0024021317781641486,0.0024025765397790986,0.0024030395044603117,0.0024035124381222715,0.002403987697665456,0.00240445826281421,0.002404917730455327,0.002405360307563179,0.0024057807836254533,0.002406174512005941,0.0024065373668045896,0.0024068657345213944,0.002407156472011674,0.002407406908654726,0.0024076147966992974,0.002407778328057476,0.0024078961256783367,0.0024079672006210684,0.0024079909495369656
0.002407420011879465,0.002407396195653547,0.002407324948543247,0.0024072068653317163,0.0024070429362789943,0.0024068345583191817,0.002406583546324873,0.0024062921462900326,0.002405963044528659,0.0024055993862231633,0.002405204800358954,0.002404783422707839,0.0024043399245240694,0.0024038795320030057,0.0024034080444678184,0.002402931870554473,0.002402458050618901,0.0024019942477427197,0.0024015487079682486,0.002401130177671711,0.002400747750415549,0.0024004106221056655,0.002400127726129795,0.0023999072464337546,0.0023997560558403634,0.0023996791446590582,0.0023996791443853765,0.002399756054592413,0.002399907242636194,0.0024001277221037992,0.002400410621760802,0.0024007477544925435,0.0024011301854213302,0.002401548716213224,0.002401994253156706,0.0024024580516818486,0.002402931866831326,0.002403408038726434,0.0024038795301663,0.002404339928786599,0.0024047834237714725,0.00240520479436635,0.0024055993779506187,0.002405963042996584,0.002406292149544926,0.002406583555091219,0.0024068345695836125,0.0024070429373855284,0.002407206854853581,0.002407324941555631,0.0024073961875678038,0.0024074200083275352
0.0024069767893852333,0.0024069529316506693,0.00240688155707087,0.0024067632577056504,0.002406599031099695,0.002406390280172884,0.002406138827952553,0.0024058469224675894,0.0024055172528294226,0.0024051529767280273,0.002404757739596572,0.002404335687668894,0.0024038914943337645,0.0024034303890844285,0.0024029581865430746,0.0024024813166132314,0.0024020068314758516,0.0024015423961068344,0.0024010962617736485,0.0024006771860650557,0.0024002942759882044,0.0023999567364886135,0.0023996735038094045,0.0023994527660968117,0.0023993013990162553,0.0023992243959821647,0.0023992243938107064,0.002399301393486756,0.0023994527613399193,0.0023996735033508074,0.002399956740427731,0.0024002942827252094,0.0024006771919075458,0.0024010962651836473,0.00240154239772904,0.002402006832491905,0.00240248131535254,0.002402958180729875,0.0024034303810572606,0.0024038914908879627,0.0024043356874882587,0.0024047577419279292,0.0024051529795711688,0.0024055172524914824,0.0024058469178803643,0.0024061388358592945,0.0024063902849028626,0.002406599024283805,0.002406763247330192,0.002406881559895481,0.0024069529275903448,0.0024069767837176814
0.0024066606595445736,0.0024066367728848054,0.002406565306893228,0.002406446855268334,0.002406282420287224,0.0024060734110425744,0.00240582164826288,0.0024055293826490414,0.002405199313538602,0.002404834607899154,0.002404438915152151,0.002404016386271825,0.0024035716998650203,0.002403110091627564,0.0024026373885337802,0.002402160030674469,0.0024016850781890153,0.002401220200667712,0.002400773647773014,0.002400354184999209,0.002399970935818956,0.0023996331087726384,0.0023993496373788184,0.0023991287141036737,0.0023989772229231934,0.0023989001599355924,0.0023989001581279077,0.002398977219600175,0.0023991287126406513,0.0023993496382162735,0.0023996331121640476,0.00239997094128372,0.002400354187405578,0.002400773643126208,0.0024012201949526833,0.0024016850770866706,0.0024021600314638727,0.002402637385024419,0.0024031100865478166,0.002403571696174847,0.0024040163862317884,0.0024044389163764284,0.0024048346111132483,0.0024051993070606527,0.002405529378905817,0.0024058216447668595,0.0024060734097237696,0.0024062824205461804,0.0024064468613830075,0.0024065653007408804,0.002406636772748827,0.002406660662855987
0.0024064711662205355,0.0024064472605969515,0.0024063757387075657,0.0024062571991259447,0.002406092643517617,0.0024058834788753584,0.0024056315264772287,0.0024053390447606737,0.002405008743369719,0.0024046437895807794,0.002404247826303156,0.0024038250062865347,0.002403380020948888,0.0024029181180520347,0.0024024451253429717,0.002401967479614315,0.0024014922450946627,0.0024010271000094274,0.00240058030074948,0.002400160613266213,0.002399777161030599,0.0023994391600304756,0.0023991555470384085,0.002398934513863969,0.002398782948982888,0.002398705851472678,0.0023987058529644375,0.0023987829531006517,0.002398934516835156,0.0023991555465693337,0.0023994391612755235,0.0023997771648621093,0.002400160611511717,0.0024005802903949622,0.0024010270893257833,0.002401492241421052,0.0024019674797111775,0.0024024451265391537,0.0024029181232771294,0.0024033800251204896,0.002403825001834,0.0024042478160787354,0.002404643776002389,0.002405008741273167,0.0024053390504925475,0.0024056315230193115,0.0024058834765800004,0.002406092638432046,0.0024062572008754592,0.002406375739878547,0.002406447264957435,0.0024064711738691763
0.0024064080326840543,0.0024063841188664914,0.0024063125816200363,0.0024061940148301236,0.002406029418141406,0.002405820198836084,0.0024055681815692144,0.0024052756293120436,0.0024049452543384612,0.0024045802193582615,0.002404184163976554,0.002403761243833469,0.0024033161563218426,0.0024028541587747137,0.0024023810771555878,0.002401903337834304,0.0024014280045179495,0.0024009627676830625,0.002400515888818909,0.0024000961276967204,0.002399712606920712,0.002399374546690146,0.0023990908870466245,0.0023988698192228823,0.002398718230082181,0.0023986411215543907,0.002398641126761424,0.0023987182393769915,0.00239886982252256,0.0023990908850100873,0.002399374546460147,0.002399712608181297,0.002400096121862083,0.0024005158760746666,0.002400962759058964,0.002401428003340346,0.002401903338232572,0.0024023810812197894,0.0024028541651682587,0.002403316160879073,0.0024037612393492834,0.0024041841434008365,0.002404580203990721,0.0024049452650658104,0.002405275637601676,0.0024055681801168796,0.0024058201776286856,0.0024060294194920124,0.002406194013647264,0.002406312583013923,0.0024063841256639893,0.002406408042340624
