Model: 11_06_2025_transition_model_2um/min_KTmovement_NDC80avail_0.1_fixed_delT_18s
Simulation: 10_30_25 CPC_metacentric_transition_model
(SimID_298553153_0 (PDE Simulation)) 
Sim time range (0.0 20.0) (saved timepoints 21) 
Number of variables 40 
Variable names ['Bub1a', 'Bub1a_his', 'CPCa', 'CPCi', 'H2A', 'H3', 'H3_CPCa', 'H3_CPCi', 'Haspina', 'Haspini', 'I', 'Knl1', 'Mps1a', 'Mps1i', 'Ndc80', 'Ndc80_Mps1a', 'Ndc80_Mps1i', 'Ndc80_pMps1a', 'Ndc80_pMps1i', 'Plk1a', 'Plk1i', 'Sgo1', 'Sgo1_CPCa', 'Sgo1_CPCi', 'TIMEBOUNDS', 'TIMES', 'pH2A', 'pH2A_Sgo1', 'pH2A_Sgo1_CPCa', 'pH2A_Sgo1_CPCi', 'pH3', 'pH3_CPCa', 'pH3_CPCi', 'pKnl1', 'pKnl1_Bub1a', 'pMps1a', 'pMps1i', 'pNdc80', 'pNdc80_Mps1a', 'pNdc80_Mps1i', 'pNdc80_pMps1a', 'pNdc80_pMps1i'] 
 
2D Slice for variable pH3 at time 9.0 in plane XY at Z = 0 
 
X in rows, Y in columns 
7.282711699683977e-10,1.1473859253014222e-09,2.8413767233052684e-09,7.52707489197071e-09,1.975741535835665e-08,5.0875509195738055e-08,1.2842075442741472e-07,3.179752841421122e-07,7.731848227638571e-07,1.8493358995217915e-06,4.360794845746578e-06,1.0168145123659045e-05,2.3537513880274242e-05,5.4363173173526044e-05,0.0001260461198225128,0.0002954331534901232,0.0007050273964573017,0.0017236976769271686,0.004333069648794926,0.011192610244160744,0.02952871340675098,0.07865840771035763,0.20826276825833606,0.5384875931466636,1.337210421768267,3.1506528918876144,7.018892770335476,14.92432157202931,30.997726897549352,38.857266143890605,42.595653665590234,44.07842559690188,44.07842559685216,42.59565366547728,38.8572661437516,30.997726897436745,14.924321571907019,7.018892770182492,3.1506528917351675,1.3372104216495484,0.5384875930684232,0.2082627682107421,0.07865840768298,0.029528713391856875,0.011192610236592394,0.004333069645232111,0.0017236976753791707,0.00070502739584038,0.00029543315326680225,0.00012604611975065624,5.436317315379051e-05,2.353751387589369e-05,1.016814512274534e-05,4.360794845201534e-06,1.849335898876938e-06,7.731848221239737e-07,3.1797528361918276e-07,1.2842075405466805e-07,5.087550895537133e-08,1.9757415214915575e-08,7.527074811405849e-09,2.8413766795406336e-09,1.1473859001766744e-09,7.282711504681438e-10
7.282685556573003e-10,1.1473817867642915e-09,2.841366407750985e-09,7.527047434608961e-09,1.9757343063401346e-08,5.0875322826226325e-08,1.28420284685674e-07,3.1797412679125897e-07,7.731820354352966e-07,1.8493293370050024e-06,4.360779738033365e-06,1.0168111105921015e-05,2.353743893188532e-05,5.436301152827549e-05,0.0001260457784026557,0.00029543244708368896,0.0007050259648208514,0.001723694836662698,0.00433306414030166,0.011192599824870628,0.029528694250098658,0.07865837361505813,0.20826270974852126,0.538487496513126,1.3372102674666217,3.150652649226891,7.018892378271212,14.924320876870949,30.997725465846766,38.85726440749031,42.59565178911197,44.07842366158099,44.07842366153945,42.595651789019,38.85726440735777,30.997725465714176,14.924320876729398,7.018892378129625,3.15065264910177,1.3372102673691348,0.5384874964457748,0.20826270970569294,0.07865837358992267,0.02952869423639918,0.011192599817948354,0.004333064137062292,0.001723694835259666,0.0007050259642617741,0.0002954324468806276,0.00012604577833680257,5.436301150987638e-05,2.353743892762448e-05,1.0168111104955275e-05,4.360779737486783e-06,1.8493293364074507e-06,7.731820348573055e-07,3.1797412632310476e-07,1.2842028435321349e-07,5.087532261220254e-08,1.9757342935781892e-08,7.527047362963146e-09,2.8413663688323012e-09,1.1473817644205314e-09,7.282685383152922e-10
7.282607062842102e-10,1.1473693607849745e-09,2.8413354347053885e-09,7.52696499143874e-09,1.97571259903084e-08,5.0874763232287064e-08,1.2841887424215285e-07,3.179706517622418e-07,7.731736663694036e-07,1.849309633052736e-06,4.360734377884738e-06,1.0168008971351353e-05,2.3537213912438332e-05,5.436252622857253e-05,0.0001260447534017767,0.0002954303263909247,0.0007050216670513198,0.0017236863104408886,0.004333047604736956,0.011192568548649947,0.029528636747505065,0.07865827127278462,0.20826253412539555,0.5384872064634784,1.3372098043303742,3.150651920879065,7.018891201481148,14.924318790434391,30.99772116924554,38.85725919651066,42.59564615772868,44.07841785356739,44.078417853530645,42.595646157648154,38.85725919638925,30.997721169121174,14.924318790308993,7.01889120136473,3.150651920783165,1.3372098042573644,0.538487206413148,0.20826253409325937,0.07865827125391035,0.02952863673722605,0.011192568543457826,0.004333047602302882,0.0017236863093807776,0.0007050216666246228,0.0002954303262331897,0.00012604475334898756,5.436252621287818e-05,2.3537213908287593e-05,1.01680089701929e-05,4.3607343773007984e-06,1.8493096325478529e-06,7.731736659257498e-07,3.1797065141593634e-07,1.284188740002072e-07,5.087476307777557e-08,1.9757125898545944e-08,7.52696494004667e-09,2.841335406805381e-09,1.1473693447623928e-09,7.282606938465672e-10
7.282476015220166e-10,1.1473486149389e-09,2.8412837226546207e-09,7.526827344724302e-09,1.9756763566120376e-08,5.0873828943056256e-08,1.2841651941727525e-07,3.179648500858037e-07,7.73159694262668e-07,1.8492767383591656e-06,4.360658654096767e-06,1.0167838475513572e-05,2.3536838298191646e-05,5.4361716180214136e-05,0.00012604304258990244,0.0002954267869762986,0.0007050144945337159,0.0017236720819153574,0.00433302001179279,0.011192516360583873,0.029528540801753506,0.07865810051543218,0.20826224110508276,0.5384867225298987,1.33720903160816,3.150650705668946,7.0188892381660315,14.924315309971039,30.99771400340026,38.85725050560027,42.595636765474076,44.078408166599864,44.078408166576246,42.59563676542136,38.8572505055162,30.997714003308758,14.924315309875478,7.018889238079962,3.1506507056014836,1.3372090315584162,0.5384867224962625,0.2082622410838349,0.07865810050301678,0.02952854079500072,0.011192516357161852,0.0043330200101746735,0.0017236720811996706,0.0007050144942382475,0.00029542678686249123,0.00012604304254913072,5.436171616658086e-05,2.3536838293800336e-05,1.0167838473982253e-05,4.36065865338706e-06,1.849276737906175e-06,7.731596939359195e-07,3.179648498544741e-07,1.2841651926334925e-07,5.087382884732082e-08,1.975676351009512e-08,7.526827313649072e-09,2.8412837058905122e-09,1.1473486053358116e-09,7.282475940725571e-10
7.28229205921474e-10,1.1473194931221824e-09,2.8412111320069724e-09,7.52663412434903e-09,1.975625482214634e-08,5.087251748158399e-08,1.284132140323153e-07,3.1795670673100297e-07,7.731400834618949e-07,1.8492305704760475e-06,4.360552380798299e-06,1.016759920989553e-05,2.353631121370563e-05,5.436057955347902e-05,0.0001260406422359214,0.00029542182141305295,0.0007050044328303941,0.0017236521236623453,0.00433298131055978,0.011192443168315584,0.029528406249180638,0.0786578610599288,0.20826183021015324,0.5384860439276796,1.3372079480432637,3.1506490016318276,7.018886485307896,14.92431043085844,30.997703961057287,38.85723832585951,42.595623602439446,44.078394590277746,44.078394590262086,42.595623602398966,38.8572383258002,30.997703960989945,14.924310430789626,7.018886485247792,3.1506490015858786,1.337207948010659,0.5384860439062629,0.2082618301968906,0.07865786105222775,0.02952840624498035,0.011192443166159905,0.004332981309516616,0.0017236521231848612,0.0007050044326230242,0.0002954218213271786,0.00012604064220179506,5.4360579540282397e-05,2.3536311208602213e-05,1.0167599207826354e-05,4.360552379869648e-06,1.849230570001037e-06,7.731400831927225e-07,3.1795670657109956e-07,1.2841321393702681e-07,5.087251742626633e-08,1.975625479109064e-08,7.526634107525545e-09,2.841211123089531e-09,1.147319488071282e-09,7.282292020211449e-10
7.28205468639719e-10,1.147281915162257e-09,2.8411174642519516e-09,7.526384805816475e-09,1.9755598389168446e-08,5.087082535340799e-08,1.284089493823339e-07,3.1794620054190404e-07,7.73114783817991e-07,1.8491710134796072e-06,4.360415296706434e-06,1.0167290600287194e-05,2.3535631428416746e-05,5.435911377603692e-05,0.00012603754709296242,0.00029541541925343133,0.0007049914616222556,0.0017236263970698072,0.004332931429328503,0.011192348841703682,0.029528232859093874,0.07865755250717996,0.20826130076748964,0.5384851695509033,1.3372065518659764,3.1506468060047603,7.018882938669788,14.924304146609867,30.997691031997267,38.85722264473952,42.59560665464703,44.078377109942075,44.078377109939915,42.5956066546331,38.85722264472159,30.997691031964216,14.924304146562557,7.01888293862947,3.15064680597385,1.3372065518448808,0.5384851695372802,0.20826130075913005,0.07865755250230246,0.02952823285639196,0.011192348840279247,0.004332931428611497,0.0017236263967239842,0.0007049914614613847,0.00029541541918085506,0.00012603754706096205,5.435911376214224e-05,2.3535631422404916e-05,1.0167290597661629e-05,4.360415295535391e-06,1.8491710129374278e-06,7.73114783556064e-07,3.179462004108591e-07,1.2840894931496449e-07,5.087082531861481e-08,1.975559837141837e-08,7.526384796802005e-09,2.841117459692431e-09,1.1472819126646464e-09,7.282054667395698e-10
7.281763236297771e-10,1.1472357770057833e-09,2.8410024620569176e-09,7.526078709789771e-09,1.9754792494849966e-08,5.086874803733306e-08,1.284037142085236e-07,3.179333041624987e-07,7.730837304964072e-07,1.8490979175180572e-06,4.360247064092314e-06,1.0166911904495208e-05,2.353479735176905e-05,5.435731552306586e-05,0.00012603375037929684,0.00029540756699316035,0.0007049755546443188,0.0017235948522224256,0.004332870275388409,0.011192233212480366,0.02952802033322428,0.07865717434128211,0.208260651907272,0.5384840979711139,1.3372048407907473,3.150644115217113,7.018878592770245,14.924296448830262,30.997675203043435,38.85720344607422,42.59558590409293,44.078355706695845,44.07835570670103,42.59558590409225,38.85720344607877,30.997675203030358,14.924296448803064,7.018878592748329,3.150644115199016,1.3372048407784671,0.5384840979629494,0.20826065190212528,0.07865717433817257,0.029528020331421084,0.011192233211477602,0.004332870274851559,0.0017235948519448087,0.0007049755545049647,0.0002954075669250976,0.00012603375034675695,5.4357315507835354e-05,2.3534797344752417e-05,1.0166911901299586e-05,4.360247062651884e-06,1.8490979168723015e-06,7.73083730207435e-07,3.179333040334837e-07,1.2840371415055212e-07,5.0868748010786656e-08,1.9754792482788792e-08,7.526078704273843e-09,2.8410024595060816e-09,1.1472357757085943e-09,7.281763226783422e-10
7.281416896733556e-10,1.147180950682527e-09,2.8408658088898215e-09,7.525715000552377e-09,1.9753834958682365e-08,5.0866279970607795e-08,1.2839749465788816e-07,3.1791798393290845e-07,7.730468437217263e-07,1.8490110982091562e-06,4.3600472674206664e-06,1.0166462209388223e-05,2.3533807026968825e-05,5.435518070434028e-05,0.00012602924375238063,0.00029539824802113726,0.0007049566795921348,0.0017235574277340566,0.004332797734736768,0.011192096073750287,0.029527768304839885,0.07865672592788885,0.2082598825599041,0.5384828274319076,1.3372028120088808,3.1506409248858187,7.018873440889566,14.924287327231358,30.997656457976206,38.85718070995973,42.59556132861895,44.07833035729691,44.078330357311685,42.59556132864124,38.857180709994616,30.997656457989336,14.924287327233571,7.018873440888945,3.1506409248813023,1.3372028120046293,0.538482827428125,0.2082598825570312,0.07865672592589708,0.02952776830355374,0.01119209607296978,0.004332797734286285,0.0017235574274847927,0.0007049566794591426,0.00029539824795260256,0.00012602924371805284,5.435518068765119e-05,2.3533807019067976e-05,1.0166462205736017e-05,4.360047265768641e-06,1.8490110974759124e-06,7.730468434007514e-07,3.17917983794101e-07,1.2839749459944874e-07,5.086627994607407e-08,1.975383494849325e-08,7.52571499633328e-09,2.8408658071283495e-09,1.1471809498752058e-09,7.28141689115281e-10
7.281014701370576e-10,1.147117283893392e-09,2.8407071279087824e-09,7.525292682907262e-09,1.9752723183581788e-08,5.0863414526903604e-08,1.283902742274821e-07,3.17900199752884e-07,7.730040284535399e-07,1.8489103358892828e-06,4.3598154116500904e-06,1.016594042716547e-05,2.353265812307809e-05,5.435270444800185e-05,0.00012602401727633805,0.0002953874425554543,0.0007049347979981277,0.0017235140505134437,0.004332713671646893,0.011191937179227462,0.02952747633746658,0.07865620651219439,0.20825899145295637,0.5384813558438407,1.3372004621779123,3.150637229790691,7.018867475017602,14.924276769554664,30.997634777543986,38.85715441276769,42.59553290191061,44.07830103412726,44.078301034146456,42.59553290194656,38.85715441282074,30.997634777580867,14.924276769567696,7.018867475024203,3.1506372297917213,1.337200462177037,0.5384813558420816,0.20825899145123106,0.0786562065108074,0.02952747633648409,0.011191937178585262,0.004332713671252479,0.0017235140502836247,0.0007049347978698278,0.00029538744248675805,0.00012602401724084598,5.435270443028663e-05,2.3532658114509633e-05,1.0165940423147103e-05,4.359815409819004e-06,1.8489103350790562e-06,7.730040281055711e-07,3.17900199605077e-07,1.2839027416631893e-07,5.086341450218513e-08,1.9752723173767144e-08,7.525292679074364e-09,2.8407071264165953e-09,1.1471172832655328e-09,7.281014697268883e-10
7.280555525526367e-10,1.1470445993521385e-09,2.8405259803446715e-09,7.524810597931784e-09,1.9751454144883644e-08,5.086014398839335e-08,1.28382033695089e-07,3.1787990491365363e-07,7.729551739899003e-07,1.8487953747067073e-06,4.359550920212536e-06,1.0165345290941537e-05,2.353134792555823e-05,5.4349881080808794e-05,0.00012601805938191842,0.00029537512756463633,0.0007049098650809908,0.0017234646354828197,0.0043326179281489435,0.01119175624228168,0.02952714392313445,0.0786556152157181,0.2082579771055134,0.5384796807755291,1.3371977874102234,3.150633023865099,7.0188606858511475,14.924264761558488,30.997610139350552,38.857124527003286,42.59550059334716,44.078267705055936,44.07826770507823,42.59550059339682,38.85712452707159,30.99761013940851,14.924264761590651,7.018860685869647,3.150633023874368,1.337197787414094,0.5384796807764219,0.2082579771051456,0.07865561521495888,0.029527143922426665,0.011191756241748405,0.004332617927792424,0.001723464635263953,0.0007049098649543668,0.0002953751274951581,0.0001260180593454989,5.4349881062490575e-05,2.3531347916667846e-05,1.016534528676588e-05,4.359550918304559e-06,1.8487953738540894e-06,7.729551736230883e-07,3.178799047601889e-07,1.283820336321484e-07,5.0860143963343696e-08,1.9751454135120352e-08,7.524810594218822e-09,2.8405259789481e-09,1.1470445987915528e-09,7.280555521987719e-10
7.280038081081348e-10,1.146962693992137e-09,2.8403218635683736e-09,7.52426741793031e-09,1.9750024377287317e-08,5.085645951275337e-08,1.2837275103789605e-07,3.1785704590190897e-07,7.729001535038921e-07,1.848665921550771e-06,4.359253132610363e-06,1.0164675349517567e-05,2.3529873325197913e-05,5.43467041052069e-05,0.0001260113568199457,0.0002953612766749894,0.0007048818295653498,0.0017234090852368325,0.004332510323407271,0.011191552934849433,0.029526770480572253,0.07865495103345348,0.2082568378237175,0.5384777994462528,1.337194783259169,3.150628300169081,7.0188530627498436,14.924251286968051,30.99758251781285,38.85709102127157,42.59546436797205,44.07823033340365,44.07823033342646,42.59546436803082,38.857091021349085,30.997582517888198,14.924251287016737,7.01885306277717,3.150628300183113,1.3371947832651723,0.5384777994481083,0.20825683782382096,0.07865495103293983,0.02952677047999677,0.011191552934386114,0.004332510323085218,0.001723409085033772,0.0007048818294454459,0.0002953612766080201,0.0001260113567842373,5.434670408696911e-05,2.3529873316244893e-05,1.0164675345286853e-05,4.359253130691454e-06,1.8486659207003662e-06,7.729001531360756e-07,3.17857045748594e-07,1.2837275097526572e-07,5.085645948801142e-08,1.9750024367737494e-08,7.52426741434351e-09,2.8403218622402743e-09,1.1469626934708723e-09,7.280038077846281e-10
7.279460910753036e-10,1.1468713380695995e-09,2.8400942088930406e-09,7.523661640678049e-09,1.9748429959919318e-08,5.085235109514837e-08,1.2836240133804923e-07,3.1783156217188017e-07,7.728388235089888e-07,1.8485216448267259e-06,4.358921301666825e-06,1.0163928961350417e-05,2.3528230805236782e-05,5.434316617263463e-05,0.0001260038946075887,0.00029534586006542526,0.0007048506334805206,0.0017233472896642896,0.004332390653018935,0.011191326886144812,0.029526355352868433,0.07865421282975786,0.20825557169399173,0.5384757087160711,1.3371914447073203,3.1506230508780226,7.018844593722632,14.924236327437017,30.997551884092918,38.85705386016904,42.5954241863461,44.07818887777652,44.07818887779805,42.59542418640968,38.85705386025154,30.997551884183114,14.92423632748197,7.018844593746853,3.150623050891513,1.3371914447141375,0.5384757087188565,0.2082555716947538,0.07865421282962134,0.0295263553524722,0.011191326885760283,0.004332390652729506,0.001723347289473922,0.0007048506333657661,0.00029534586000092114,0.00012600389457323357,5.4343166155164475e-05,2.3528230796696e-05,1.016392895728393e-05,4.358921299804966e-06,1.8485216440076444e-06,7.728388231555192e-07,3.178315620249748e-07,1.2836240127832284e-07,5.08523510716639e-08,1.9748429950903966e-08,7.523661637313704e-09,2.840094207658117e-09,1.1468713375911179e-09,7.279460907811956e-10
7.278822381699838e-10,1.1467702741574159e-09,2.839842379090397e-09,7.522991582882124e-09,1.974666649936635e-08,5.0847807525238686e-08,1.2835095667599016e-07,3.17803385886195e-07,7.727710232453667e-07,1.8483621730444684e-06,4.358554590373445e-06,1.0163104287689623e-05,2.3526416426761378e-05,5.433925905309977e-05,0.00012599565596631922,0.000295328844343923,0.0007048162119210416,0.0017232791254972182,0.004332258688191607,0.011191077681209477,0.029525897804978152,0.07865339933409533,0.2082541765755428,0.5384734050717369,1.3371877661391223,3.1506172672321218,7.018835265347404,14.924219862447956,30.997518205982093,38.85701300415826,42.59538000443401,44.07814329196348,44.07814329198185,42.59538000449503,38.85701300423283,30.997518206064516,14.924219862510725,7.018835265383211,3.150617267250512,1.3371877661476126,0.5384734050749375,0.20825417657638387,0.07865339933400863,0.029525897804630843,0.011191077680867925,0.0043322586879341145,0.0017232791253269392,0.0007048162118172058,0.0002953288442846994,0.00012599565593432915,5.433925903664926e-05,2.3526416418751276e-05,1.0163104283923686e-05,4.358554588643961e-06,1.8483621722849613e-06,7.727710229193548e-07,3.1780338575106554e-07,1.2835095662132546e-07,5.084780750381642e-08,1.97466664911828e-08,7.522991579847906e-09,2.839842377984805e-09,1.1467702737329116e-09,7.278822379107834e-10
7.278120678349921e-10,1.1466592160166188e-09,2.8395656656034324e-09,7.522255372817793e-09,1.9744729110420067e-08,5.084281633807095e-08,1.2833838600875463e-07,3.177724416221322e-07,7.726965739869365e-07,1.8481870932197684e-06,4.358152068291318e-06,1.0162199284697023e-05,2.3524425811945217e-05,5.4334973600567387e-05,0.00012598662225234096,0.00029531019241098544,0.000704778492784282,0.0017232044558157457,0.004332114174825186,0.011190804859245961,0.029525397020799517,0.07865250913621485,0.2082526500933171,0.5384708846186127,1.3371837413363785,3.150610939543739,7.018825062794395,14.924201869331448,30.9974814478231,38.856968409477815,42.59533177349353,44.07809352480902,44.078093524825086,42.59533177355179,38.856968409553076,30.99748144791262,14.924201869371572,7.018825062816819,3.1506109395569033,1.337183741343685,0.538470884622025,0.20825265009454197,0.07865250913638969,0.02952539702059208,0.011190804858968206,0.0043321141745960275,0.0017232044556601007,0.0007047784926892514,0.0002953101923572747,0.0001259866222237162,5.43349735858339e-05,2.3524425804683204e-05,1.016219928130737e-05,4.358152066744949e-06,1.8481870925413814e-06,7.726965736975086e-07,3.177724415023877e-07,1.283383859605959e-07,5.084281631929113e-08,1.9744729103290843e-08,7.522255370191077e-09,2.8395656646521395e-09,1.1466592156543947e-09,7.278120676153436e-10
7.277353794331787e-10,1.1465378473229668e-09,2.839263285396342e-09,7.521450942040889e-09,1.9742612394538317e-08,5.0837363759194645e-08,1.2832465503327354e-07,3.177386460401873e-07,7.726152782607245e-07,1.8479959490864458e-06,4.357712707559549e-06,1.016121169474082e-05,2.3522254125476412e-05,5.4330299714240225e-05,0.00012597677287786728,0.0002952898633037865,0.0007047373964705823,0.0017231231294882092,0.004331956832496315,0.011190507911821591,0.029524852100037854,0.07865154068059822,0.20825098962771335,0.5384681430604745,1.337179363437598,3.1506040571191076,7.018813969692314,14.92418232308385,30.99744157043193,38.85692002800744,42.59527943990351,44.07803952002651,44.07803952003998,42.595279439949636,38.856920028063,30.99744157049241,14.924182323140444,7.0188139697256435,3.150604057136495,1.3371793634454316,0.5384681430635442,0.2082509896286271,0.0786515406806311,0.029524852099814616,0.0111905079115722,0.004331956832296726,0.001723123129352042,0.0007047373963861924,0.0002952898632552564,0.00012597677285207525,5.43302997012651e-05,2.3522254119101846e-05,1.0161211691765139e-05,4.3577127062145856e-06,1.8479959484983947e-06,7.726152780123534e-07,3.1773864593800253e-07,1.2832465499252454e-07,5.083736374339642e-08,1.974261238857639e-08,7.521450939857137e-09,2.839263284611612e-09,1.1465378470274218e-09,7.277353792554303e-10
7.276519523513785e-10,1.1464058202539856e-09,2.8389343774515226e-09,7.520576016119337e-09,1.9740310415694236e-08,5.083143464333834e-08,1.2830972603440807e-07,3.1770190751579714e-07,7.725269189743953e-07,1.8477882390802722e-06,4.357235378361502e-06,1.0160139036488383e-05,2.3519896053511182e-05,5.432522629500394e-05,0.00012596608522312351,0.0002952678120221495,0.0007046928355455676,0.0017230349805277528,0.004331786353256108,0.011190186280675734,0.029524262054355935,0.07865049226011486,0.20824919230523106,0.5384651756884734,1.3371746249311423,3.150596608268896,7.018801968172151,14.924161196429933,30.99739853093865,38.856867807142095,42.59522294507065,44.07798121612043,44.077981216136266,42.59522294511675,38.856867807206285,30.997398531012482,14.924161196461734,7.018801968190177,3.150596608281302,1.3371746249381549,0.5384651756918797,0.20824919230652328,0.07865049226032941,0.029524262054191203,0.01119018628044453,0.004331786353068623,0.0017230349804029275,0.0007046928354710029,0.00029526781197984544,0.00012596608520026335,5.432522628356174e-05,2.3519896047986843e-05,1.0160139033919917e-05,4.357235377215657e-06,1.8477882385823701e-06,7.725269187662269e-07,3.1770190743067615e-07,1.283097260007771e-07,5.083143463040636e-08,1.9740310410865566e-08,7.520576014369246e-09,2.8389343768296317e-09,1.1464058200227625e-09,7.276519522136016e-10
7.27561544993742e-10,1.1462627539034105e-09,2.8385779988534786e-09,7.519628104300128e-09,1.9737816673376402e-08,5.0825012405436546e-08,1.2829355771344627e-07,3.1766212572479347e-07,7.724312584413045e-07,1.8475634141038934e-06,4.3567188439212695e-06,1.0158978593963874e-05,2.3517345780321753e-05,5.4319741196856406e-05,0.00012595453453803857,0.00029524398933524046,0.0007046447143712128,0.0017229398274092092,0.004331602400403051,0.011189839355574244,0.029523625803690112,0.078649362009699,0.20824725498729602,0.538461977360337,1.337169517614655,3.150588580228876,7.018789038723859,14.924138459616836,30.9973522827892,38.85681168969581,42.59516222524004,44.0779185461445,44.07791854615929,42.595162225272375,38.85681168973727,30.997352282828334,14.924138459662185,7.018789038748123,3.1505885802415947,1.3371695176200014,0.5384619773622783,0.2082472549878387,0.07864936200968121,0.029523625803495122,0.011189839355359396,0.004331602400231522,0.0017229398272918348,0.0007046447143010767,0.0002952439892972489,0.0001259545345179928,5.431974118682616e-05,2.351734577556714e-05,1.0158978591766958e-05,4.356718842953628e-06,1.8475634136873436e-06,7.724312582692864e-07,3.176621256552244e-07,1.2829355768632706e-07,5.082501239511914e-08,1.9737816669566497e-08,7.51962810293143e-09,2.8385779983717997e-09,1.1462627537269342e-09,7.275615448899804e-10
7.274638936645995e-10,1.1461082325172562e-09,2.8381931204202875e-09,7.518604488006812e-09,1.9735124072740222e-08,5.081807894488946e-08,1.2827610500014965e-07,3.1761919118761577e-07,7.723280373023311e-07,1.847320875044207e-06,4.356161754945002e-06,1.0157727404437695e-05,2.3514596962590263e-05,5.431383117365058e-05,0.0001259420938343069,0.0002952183415671959,0.0007045929286881501,0.001722837472270161,0.004331404606984511,0.011189466471562702,0.029522942171364138,0.07864814789803547,0.20824517425706623,0.5384585424817812,1.3371640325743455,3.150579959148642,7.018775160214669,14.924114080458212,30.99730277551328,38.8567516137338,42.59509721140378,44.07785143765986,44.07785143767715,42.59509721143991,38.856751613786415,30.997302775564563,14.924114080479844,7.0187751602279,3.150579959159113,1.337164032580532,0.538458542484602,0.20824517425784222,0.07864814789797417,0.02952294217109398,0.01118946647131402,0.004331404606813523,0.001722837472161835,0.0007045929286225561,0.0002952183415315405,0.00012594209381609794,5.4313831164613874e-05,2.3514596958388743e-05,1.0157727402525757e-05,4.356161754116343e-06,1.8473208746930781e-06,7.723280371594872e-07,3.1761919113058494e-07,1.282761049782131e-07,5.081807893664051e-08,1.9735124069736256e-08,7.518604486943848e-09,2.8381931200529982e-09,1.1461082323855823e-09,7.274638935884635e-10
7.273587113354646e-10,1.1459418035524366e-09,2.837778621900861e-09,7.517502208135733e-09,1.9732224891414012e-08,5.081061456096643e-08,1.2825731884289987e-07,3.175729847623483e-07,7.722169733313358e-07,1.847059970023673e-06,4.355562643445146e-06,1.0156382244888852e-05,2.3511642700487494e-05,5.4307481818965395e-05,0.00012592873376385293,0.0002951908103584349,0.000704537365160481,0.0017227277000683382,0.004331192574283592,0.011189066906333511,0.02952220987964956,0.07864684772028759,0.2082429464077334,0.5384548649875192,1.3371581601526814,3.150570730033133,7.018760309783714,14.924088024182277,30.9972499548304,38.856687512575796,42.595027829182065,44.07777981253514,44.07777981254695,42.59502782920353,38.8566875126023,30.997249954838377,14.92408802420768,7.018760309795935,3.1505707300380323,1.337158160154145,0.5384548649881205,0.2082429464077889,0.07864684772007993,0.029522209879354697,0.011189066906061479,0.0043311925740923156,0.0017227276999565349,0.0007045373650973813,0.00029519081032428274,0.00012592873374687983,5.430748181067784e-05,2.3511642696685014e-05,1.0156382243185716e-05,4.35556264271419e-06,1.8470599697179733e-06,7.722169732084355e-07,3.1757298471389644e-07,1.2825731882453072e-07,5.081061455416552e-08,1.9732224888974643e-08,7.517502207283863e-09,2.8377786216108045e-09,1.1459418034505176e-09,7.273587112775709e-10
7.272456862669708e-10,1.1457629755049198e-09,2.8373332866116554e-09,7.516318050950554e-09,1.9729110742844006e-08,5.080259785957789e-08,1.2823714597707133e-07,3.1752337708359487e-07,7.720977601121925e-07,1.8467799913664483e-06,4.354919915971354e-06,1.0154939617297112e-05,2.3508475506503163e-05,5.430067750157345e-05,0.00012591442248815007,0.00029516133240654223,0.0007044779008724487,0.001722610277623798,0.004330965870033509,0.011188639876967691,0.029521427543959786,0.07864545908804614,0.20824056742582536,0.5384509383153169,1.3371518899126411,3.1505608767040907,7.018744462821779,14.924060253446044,30.99719376244251,38.8566193146712,42.59495399880127,44.0777035869954,44.07770358700631,42.59495399882798,38.85661931471382,30.997193762468505,14.92406025345411,7.01874446283199,3.1505608767127025,1.3371518899164536,0.5384509383162813,0.20824056742548394,0.07864545908748286,0.029521427543522927,0.011188639876672719,0.004330965869832273,0.0017226102775038691,0.0007044779008080434,0.0002951613323723373,0.00012591442247140064,5.4300677493571144e-05,2.35084755028702e-05,1.0154939615702034e-05,4.354919915295066e-06,1.8467799910883546e-06,7.720977600017994e-07,3.1752337704058756e-07,1.282371459608998e-07,5.080259785363519e-08,1.9729110740727513e-08,7.51631805021787e-09,2.837333286365415e-09,1.1457629754201473e-09,7.272456862197348e-10
7.271244804987202e-10,1.1455712155298956e-09,2.8368557955491094e-09,7.515048532547935e-09,1.9725772535877886e-08,5.079400565070544e-08,1.282155286712667e-07,3.174702279496796e-07,7.719700655933239e-07,1.8464801722681839e-06,4.354231846120741e-06,1.0153395732217851e-05,2.3505087270362265e-05,5.429340129250532e-05,0.00012589912553070964,0.0002951298391760572,0.0007044144027730021,0.0017224849525854856,0.004330724026551503,0.01118818453667742,0.029520593667390113,0.07864397942063123,0.20823803297820886,0.5384467553879219,1.3371452106138364,3.1505503817669855,7.018727592918828,14.924030728266805,30.997134136248047,38.85654694371765,42.59487563507185,44.07762267149483,44.07762267149908,42.594875635077415,38.85654694372379,30.997134136234674,14.924030728268253,7.0187275929148445,3.1505503817640226,1.3371452106124004,0.5384467553873945,0.2082380329776338,0.07864397941994362,0.02952059366679453,0.011188184536308536,0.004330724026333497,0.001722484952457669,0.0007044144027058419,0.00029512983914138457,0.00012589912551382845,5.429340128458656e-05,2.350508726677812e-05,1.0153395730659238e-05,4.354231845460741e-06,1.8464801719980974e-06,7.719700654861668e-07,3.1747022790813947e-07,1.282155286557047e-07,5.079400564502244e-08,1.972577253386971e-08,7.515048531859087e-09,2.836855795319518e-09,1.1455712154514774e-09,7.271244804553178e-10
7.269947281732624e-10,1.1453659468052367e-09,2.836344720887356e-09,7.51368988173659e-09,1.9722200430172492e-08,5.078481283478559e-08,1.2819240444500368e-07,3.17413385639669e-07,7.718335304803031e-07,1.846159683116306e-06,4.353496566338836e-06,1.0151746490981058e-05,2.3501469221326786e-05,5.428563488709799e-05,0.00012588280561959416,0.0002950962565875378,0.0007043467270757654,0.0017223514522994874,0.004330466538652421,0.011187699971045689,0.02951970663409507,0.07864240593371143,0.20823533839312686,0.5384423085829978,1.3371381101694546,3.1505392265624335,7.018709671840985,14.923999406074202,30.99707101026425,38.8564703187167,42.59479264758732,44.07753697101447,44.077536971018915,42.59479264759098,38.8564703187218,30.997071010269817,14.92399940608271,7.018709671848683,3.1505392265651864,1.3371381101684725,0.5384423085810792,0.20823533839168415,0.07864240593282765,0.029519706633433743,0.011187699970608842,0.0043304665384068354,0.0017223514521613364,0.0007043467270035956,0.0002950962565513076,0.0001258828056020177,5.4285634878968855e-05,2.3501469217659516e-05,1.0151746489397882e-05,4.353496565670219e-06,1.846159682844132e-06,7.718335303723058e-07,3.174133855978671e-07,1.281924044292873e-07,5.0784812829018245e-08,1.9722200428118368e-08,7.513689881025801e-09,2.8363447206492744e-09,1.145365946723966e-09,7.26994728128366e-10
7.268560336865643e-10,1.1451465456180958e-09,2.835798518783785e-09,7.512238021120827e-09,1.9718383787171747e-08,5.077499227868309e-08,1.2816770576243252e-07,3.173526861746975e-07,7.71687766495581e-07,1.8458176274864231e-06,4.352712058933313e-06,1.0149987466028573e-05,2.349761188628147e-05,5.427735851798318e-05,0.00012586542251148447,0.0002950605046710466,0.0007042747185943099,0.0017222094825682448,0.0043301928614012985,0.01118718519409841,0.02951876470273534,0.07864073562907144,0.20823247864575728,0.5384375897158132,1.337130575630543,3.150527391158278,7.01869066953473,14.923966241760567,30.997004315153085,38.85638935443527,42.59470494102972,44.077446385259385,44.07744638526153,42.59470494102733,38.856389354419896,30.99700431514071,14.923966241743692,7.018690669521262,3.1505273911517047,1.337130575627874,0.5384375897135902,0.20823247864362462,0.07864073562772407,0.029518764701957707,0.011187185193612257,0.0043301928611305315,0.0017222094824223537,0.0007042747185181954,0.00029506050463349074,0.0001258654224932866,5.427735850960388e-05,2.349761188249495e-05,1.0149987464390667e-05,4.3527120582378885e-06,1.8458176272021049e-06,7.716877663819946e-07,3.1735268613054966e-07,1.2816770574574075e-07,5.0774992272553623e-08,1.971838378499115e-08,7.512238020367565e-09,2.835798518532114e-09,1.14514654553223e-09,7.268560336390739e-10
7.267079696572302e-10,1.144912338174284e-09,2.8352155215194017e-09,7.51068854640558e-09,1.971431111621515e-08,5.076451467853307e-08,1.2814135969207654e-07,3.1728795249620205e-07,7.715323544471834e-07,1.8454530377244507e-06,4.351876146232273e-06,1.0148113879548373e-05,2.349350504450431e-05,5.426855086169183e-05,0.00012584693280353698,0.0002950224971964051,0.000704198210033447,0.0017220587263259567,0.00432990240770066,0.011186639144024731,0.02951776599909406,0.07863896528225137,0.20822944833832155,0.5384325900094298,1.3371225931484605,3.150514854324505,7.018670554176516,14.923931187910451,30.996933978446606,38.856303961871994,42.59461241581599,44.077350809397416,44.07735080938662,42.594612415798174,38.85630396184608,30.996933978425627,14.9239311879059,7.018670554168263,3.1505148543142076,1.3371225931418358,0.5384325900063701,0.2082294483362661,0.07863896528070234,0.029517765998197287,0.011186639143498647,0.004329902407405581,0.0017220587261716255,0.0007041982099534862,0.0002950224971573694,0.00012584693278472602,5.426855085305289e-05,2.3493505040604024e-05,1.0148113877859559e-05,4.35187614551344e-06,1.8454530374295846e-06,7.715323543288907e-07,3.172879524500817e-07,1.2814135967451808e-07,5.0764514672040145e-08,1.9714311113885443e-08,7.510688545594677e-09,2.8352155212472212e-09,1.1449123380814286e-09,7.267079696060062e-10
7.265500746717596e-10,1.1446625970518971e-09,2.834593928764634e-09,7.509036703494796e-09,1.9709970015314686e-08,5.075334841015559e-08,1.2811328753802248e-07,3.172189935780883e-07,7.71366842142315e-07,1.8450648701625157e-06,4.350986479886424e-06,1.0146120580158123e-05,2.3489137678141953e-05,5.425918893613993e-05,0.00012582728972656147,0.00029498214126651384,0.0007041170212103025,0.001721898842187911,0.0043295945456736686,0.01118606067864204,0.029516708508648418,0.07863709143141277,0.20822624168581647,0.5384273000817612,1.337114147974475,3.1505015935636096,7.018649292260267,14.923894195038544,30.996859925593,38.85621404931869,42.59451496903687,44.077250134927596,44.07725013491854,42.594514969031074,38.85621404930116,30.996859925567172,14.923894195018596,7.018649292252479,3.150501593557651,1.3371141479669406,0.5384273000764401,0.20822624168311546,0.07863709142968534,0.029516708507642903,0.011186060678093105,0.004329594545368889,0.0017218988420308603,0.0007041170211296042,0.00029498214122712066,0.00012582728970761587,5.425918892740752e-05,2.348913767419059e-05,1.014612057843903e-05,4.3509864791521e-06,1.8450648698596216e-06,7.71366842020084e-07,3.17218993530247e-07,1.281132875197533e-07,5.0753348403403606e-08,1.9709970012899203e-08,7.509036702660166e-09,2.834593928487523e-09,1.1446625969588867e-09,7.265500746212573e-10
7.2638185082085e-10,1.1443965373352048e-09,2.8339317980738493e-09,7.507277363518302e-09,1.970534710630366e-08,5.07414593645201e-08,1.2808340443304507e-07,3.1714560344678726e-07,7.711907420890822e-07,1.8446519998693361e-06,4.3500405291871585e-06,1.0144002017573911e-05,2.348449791867953e-05,5.4249247990387945e-05,0.00012580644292381298,0.0002949393368849735,0.0007040309582315903,0.001721729462928067,0.00432926859592957,0.011185448570641849,0.029515590068611295,0.07863511036465935,0.2082228524974089,0.5384217099230807,1.3371052244484796,3.1504875851636984,7.018626848846854,14.923855212257877,30.99678208100879,38.8561195238574,42.594412496184674,44.07714425142901,44.07714425141343,42.594412496160786,38.856119523819025,30.99678208097483,14.92385521221233,7.018626848812896,3.1504875851493996,1.337105224442091,0.5384217099178943,0.20822285249446226,0.0786351103629509,0.029515590067572026,0.011185448570082697,0.00432926859562281,0.0017217294627703235,0.0007040309581516006,0.0002949393368459573,0.00012580644290516828,5.424924798178995e-05,2.34844979147963e-05,1.0144002015879342e-05,4.350040528462686e-06,1.8446519995696984e-06,7.711907419678638e-07,3.1714560339924643e-07,1.2808340441485287e-07,5.074145935779751e-08,1.9705347103901867e-08,7.50727736269223e-09,2.8339317978023967e-09,1.1443965372463933e-09,7.263818507740382e-10
7.262027609620876e-10,1.1441133123191255e-09,2.8332270343394804e-09,7.505404995245732e-09,1.9700427963635534e-08,5.0728810768212875e-08,1.2805161889684328e-07,3.170675601206997e-07,7.710035290130719e-07,1.8442132149804304e-06,4.34903556844963e-06,1.0141752215246964e-05,2.347957298910259e-05,5.4238701385480245e-05,0.000125784338211716,0.00029489397648801947,0.0007039398126027822,0.0017215501938345654,0.004328923828637996,0.011184801502640136,0.029514408360182504,0.07863301810947809,0.20821927416596073,0.5384158088956195,1.3370958060311962,3.1504728043036683,7.018603187820279,14.923814187920197,30.996700370157306,38.85602029361785,42.59430489341707,44.07703304889865,44.07703304889077,42.594304893399695,38.856020293577366,30.99670037011544,14.923814187917595,7.018603187807813,3.1504728042870327,1.3370958060230798,0.5384158088902681,0.20821927416253685,0.07863301810768034,0.02951440835913962,0.011184801502090972,0.004328923828346419,0.0017215501936846424,0.0007039398125275285,0.00029489397645113567,0.0001257843381941069,5.423870137731724e-05,2.3479572985416967e-05,1.0141752213632123e-05,4.349035567758697e-06,1.8442132146939056e-06,7.710035288971311e-07,3.170675600752877e-07,1.2805161887951158e-07,5.072881076185389e-08,1.9700427961392478e-08,7.505404994490253e-09,2.8332270340994678e-09,1.1441133122452866e-09,7.262027609257789e-10
7.260122257260821e-10,1.1438120088201586e-09,2.8324773783012564e-09,7.503413635010807e-09,1.9695197036620095e-08,5.0715362987050654e-08,1.2801783235256495e-07,3.1698462445047315e-07,7.708046371471284e-07,1.8437472105276003e-06,4.347968663326703e-06,1.0139364740795158e-05,2.347434914168492e-05,5.4227520467008705e-05,0.00012576091732583364,0.0002948459444521131,0.0007038433603012078,0.0017213606110194038,0.0043285594605553725,0.011184118062172505,0.029513160900631413,0.07863081042149961,0.20821549965585726,0.5384095857332131,1.33708587535938,3.1504572252825005,7.018578272549459,14.923771071140964,30.996614722292687,38.85591627126823,42.594192061224554,44.07691642134468,44.07691642134181,42.59419206121371,38.85591627123975,30.99661472226701,14.923771071097088,7.018578272530942,3.150457225263985,1.3370858753491581,0.5384095857284005,0.20821549965276248,0.07863081041985913,0.029513160899692904,0.011184118061663827,0.004328559460288754,0.0017213606108813365,0.000703843360232549,0.00029484594441846445,0.00012576091730986995,5.422752045960013e-05,2.3474349138352157e-05,1.0139364739333199e-05,4.347968662702809e-06,1.8437472102686735e-06,7.708046370425972e-07,3.169846244097225e-07,1.2801783233713092e-07,5.071536298145991e-08,1.9695197034685978e-08,7.503413634378495e-09,2.8324773781110487e-09,1.1438120087684785e-09,7.260122257048978e-10
7.258096201998617e-10,1.1434916419865491e-09,2.831680393857488e-09,7.501296853630716e-09,1.9689637564291586e-08,5.0701073312084146e-08,1.2798193860213778e-07,3.168965388649064e-07,7.705934573099603e-07,1.843252581808154e-06,4.346836656146909e-06,1.013683267441826e-05,2.3468811591701928e-05,5.421567442959757e-05,0.00012573611765111508,0.0002947951165717632,0.0007037413607958178,0.0017211602596445197,0.004328174651967293,0.011183396736801627,0.029511845036451885,0.07862848277758216,0.2082115215037198,0.53840302857056,1.3370754143499552,3.150440821791685,7.018552066537208,14.923725813383614,30.996525074628977,38.855807378916104,42.59407390963803,44.07679427216127,44.07679427214242,42.59407390959647,38.85580737888133,30.996525074595414,14.923725813335436,7.018552066520355,3.150440821781338,1.3370754143408567,0.538403028565729,0.20821152150073974,0.0786284827759595,0.029511845035600125,0.011183396736348803,0.004328174651738679,0.0017211602595268594,0.0007037413607377696,0.00029479511654319294,0.0001257361176375686,5.421567442327901e-05,2.3468811588861328e-05,1.0136832673168302e-05,4.346836655615879e-06,1.8432525815884258e-06,7.705934572220039e-07,3.1689653883101145e-07,1.2798193858951815e-07,5.070107330763223e-08,1.9689637562815905e-08,7.501296853180953e-09,2.831680393740163e-09,1.1434916419662092e-09,7.258096201994592e-10
7.255942702919862e-10,1.1431511496213455e-09,2.830833454218937e-09,7.49904772035322e-09,1.9683731482716602e-08,5.0685895726898547e-08,1.279438232568159e-07,3.1680302601303446e-07,7.703693337515427e-07,1.8427278172469435e-06,4.345636150188203e-06,1.0134148575175449e-05,2.346294444708569e-05,5.420313017425581e-05,0.0001257098719409716,0.0002947413595231172,0.0007036335560568284,0.0017209486521631773,0.004327768503716977,0.011182635909453523,0.029510457936994798,0.07862603037002701,0.20820733182362317,0.5383961249943057,1.337064404395024,3.150423567486891,7.018524534829373,14.923678371503401,30.996431378416517,38.85569355533891,42.5939503656131,44.07666652143543,44.076666521438575,42.5939503656027,38.85569355531458,30.996431378361244,14.923678371465666,7.018524534794141,3.1504235674709378,1.3370644043852453,0.5383961249894818,0.20820733182132026,0.07862603036874857,0.029510457936349897,0.011182635909100307,0.0043277685035379805,0.0017209486520700897,0.0007036335560109391,0.00029474135950048125,0.00012570987193027866,5.4203130169274335e-05,2.3462944444863346e-05,1.0134148574199012e-05,4.345636149777139e-06,1.8427278170780638e-06,7.70369333685064e-07,3.168030259880106e-07,1.2794382324782682e-07,5.0685895723899395e-08,1.968373148181589e-08,7.499047720127922e-09,2.830833454189502e-09,1.1431511496382715e-09,7.255942703161228e-10
7.253654487231275e-10,1.1427893859317799e-09,2.8299337267118097e-09,7.496658763434276e-09,1.9677459324047054e-08,5.066978065523983e-08,1.2790336312224877e-07,3.167037873046585e-07,7.701315607802647e-07,1.8421712908082672e-06,4.344363493061222e-06,1.0131304445571147e-05,2.345673063498555e-05,5.4189852160284996e-05,0.00012568210802729426,0.0002946845303142675,0.000703519669553269,0.001720725266583678,0.004327340054427664,0.011181833854592517,0.02950899659099315,0.07862344810927323,0.2082029223333544,0.5383888621367355,1.3370528266237185,3.1504054366455945,7.018495645595349,14.923628711476738,30.996333607369817,38.85557476620645,42.59382138391451,44.0765331168982,44.07653311690428,42.593821383906864,38.855574766191715,30.99633360735662,14.923628711465787,7.018495645573373,3.1504054366363525,1.3370528266184623,0.5383888621329381,0.20820292233153467,0.07862344810819435,0.029508996590485392,0.011181833854330067,0.0043273400543019196,0.0017207252665201076,0.0007035196695224017,0.0002946845302990436,0.00012568210802007477,5.418985215689141e-05,2.345673063347639e-05,1.0131304444909045e-05,4.344363492787787e-06,1.8421712906982537e-06,7.701315607387542e-07,3.167037872899859e-07,1.2790336311749908e-07,5.066978065393325e-08,1.9677459323811632e-08,7.496658763465856e-09,2.8299337267812076e-09,1.1427893859897613e-09,7.253654487739068e-10
7.251223706360634e-10,1.142405114700617e-09,2.828978156232268e-09,7.494121927353521e-09,1.9670800107335936e-08,5.065267468908688e-08,1.2786042553866336e-07,3.165985013513004e-07,7.698793791771652e-07,1.8415812539722775e-06,4.3430147592535615e-06,1.0128291694664132e-05,2.345015182611358e-05,5.417580225495622e-05,0.0001256527485317054,0.00029462447575109575,0.0007033994053081717,0.0017204895448954041,0.004326888278121765,0.011180988735299602,0.02950745780520652,0.07862073063243019,0.20819828439991267,0.5383812268357391,1.33704066237042,3.150386405363378,7.018465372854064,14.923576814179539,30.996231770145105,38.85545101856344,42.59368696201367,44.07639404900159,44.07639404899014,42.59368696199457,38.85545101856868,30.99623177016665,14.923576814193096,7.018465372846749,3.1503864053520028,1.3370406623645663,0.5383812268321031,0.20819828439859922,0.078620730631795,0.029507457804952765,0.011180988735173725,0.004326888278062448,0.0017204895448645653,0.0007033994052928172,0.00029462447574339537,0.00012565274852804724,5.4175802253238724e-05,2.345015182537152e-05,1.012829169434624e-05,4.343014759131193e-06,1.8415812539269335e-06,7.698793791627855e-07,3.165985013477439e-07,1.2786042553839544e-07,5.065267468954986e-08,1.9670800107790945e-08,7.494121927651629e-09,2.8289781564042487e-09,1.1424051148011586e-09,7.251223707143243e-10
7.248641887993996e-10,1.141997001843865e-09,2.827963447286622e-09,7.49142852656678e-09,1.966373122105045e-08,5.063452029755358e-08,1.2781486767882616e-07,3.1648682231948654e-07,7.696119724411826e-07,1.8409558274166362e-06,4.341585732232727e-06,1.0125101100697308e-05,2.344318835909854e-05,5.416093958538856e-05,0.0001256217105862045,0.0002945610319341313,0.0007032724470485183,0.0017202408917770722,0.00432641208266681,0.011180098602704766,0.02950583820943331,0.07861787232772945,0.20819340912083195,0.5383732058673832,1.3370278937867104,3.1503664530817748,7.018433700120906,14.923522683616829,30.996125927727082,38.85532238162344,42.59354716158366,44.076249372250444,44.07624937225008,42.59354716158493,38.855322381627545,30.996125927730397,14.923522683602396,7.018433700112144,3.1503664530716864,1.337027893783989,0.538373205865881,0.20819340912027687,0.07861787232746753,0.029505838209344996,0.011180098602678134,0.004326412082663703,0.0017202408917782065,0.0007032724470496992,0.00029456103193469104,0.00012562171058643629,5.416093958546749e-05,2.3443188359157958e-05,1.0125101100732645e-05,4.341585732262856e-06,1.8409558274363844e-06,7.696119724540796e-07,3.164868223271856e-07,1.278148676831087e-07,5.063452029981359e-08,1.9663731222198222e-08,7.491428527127451e-09,2.8279634475572398e-09,1.141997001984488e-09,7.24864188903285e-10
7.24589988436391e-10,1.1415636074066404e-09,2.8268860447580757e-09,7.488569196214107e-09,1.9656228298537507e-08,5.061525552027667e-08,1.2776653581387308e-07,3.1636837822265877e-07,7.693284629316201e-07,1.8402929925706255e-06,4.340071886548892e-06,1.0121722774474469e-05,2.3435819168343704e-05,5.4145220402392704e-05,0.00012558890558892014,0.00029449402384853596,0.0007031384575841025,0.001719978673836034,0.004325910309413364,0.011179161398121277,0.029504134268091325,0.07861486737680778,0.20818828745753093,0.538364786327116,1.3370145048354347,3.1503455649581613,7.01840062568003,14.923466358301617,30.99601621818757,38.855189015838455,42.59340213867697,44.0760992354046,44.07609923541604,42.593402138683125,38.8551890158399,30.996016218207632,14.923466358282589,7.018400625681265,3.1503455649545367,1.3370145048337974,0.5383647863261362,0.20818828745723295,0.0786148673769182,0.029504134268238728,0.011179161398234922,0.004325910309479788,0.0017199786738712663,0.0007031384576013819,0.00029449402385677324,0.00012558890559273846,5.4145220404151206e-05,2.343581916917038e-05,1.0121722774856547e-05,4.340071886730301e-06,1.8402929926548918e-06,7.693284629709829e-07,3.163683782409923e-07,1.2776653582232385e-07,5.0615255524150955e-08,1.965622830030117e-08,7.488569197008798e-09,2.826886045116818e-09,1.1415636075829322e-09,7.24589988562901e-10
7.242987817955468e-10,1.1411033771760807e-09,2.8257421138268182e-09,7.485533840886747e-09,1.964826508932796e-08,5.0594813652976264e-08,1.277152645680434e-07,3.1624276921028235e-07,7.690279080697139e-07,1.8395905834744966e-06,4.338468371034552e-06,1.0118146126099038e-05,2.3428021721261742e-05,5.4128597968939414e-05,0.0001255542390221989,0.00029442326510892866,0.0007029970785686051,0.0017197022197915956,0.004325381735163447,0.011178174960883558,0.029502342305440032,0.0786117098285261,0.20818291043969517,0.5383559561734412,1.3370004826833082,3.150323735262629,7.018366170373892,14.923407928135292,30.99590289247443,38.8550512145964,42.593252186425175,44.075943924121816,44.07594392413448,42.593252186443856,38.8550512146227,30.99590289248966,14.92340792813894,7.0183661703729525,3.150323735258666,1.3370004826814705,0.5383559561738309,0.20818291044027668,0.07861170982910393,0.029502342305779135,0.011178174961094866,0.004325381735280182,0.001719702219854786,0.0007029970786006462,0.0002944232651247177,0.0001255542390296522,5.4128597972379756e-05,2.342802172282958e-05,1.0118146126801408e-05,4.338468371350072e-06,1.839590583614764e-06,7.690279081319111e-07,3.162427692378828e-07,1.277152645801544e-07,5.059481365826687e-08,1.9648265091621933e-08,7.485533841877468e-09,2.8257421142572425e-09,1.1411033773807591e-09,7.242987819399813e-10
7.239895028220657e-10,1.1406146344496248e-09,2.8245275202880637e-09,7.482311584588661e-09,1.9639813334202242e-08,5.057312294492663e-08,1.2766087621059433e-07,3.1610956597051796e-07,7.687092968790516e-07,1.8388462796258025e-06,4.336769994805609e-06,1.011435983942934e-05,2.3419771976042682e-05,5.411102250118877e-05,0.00012551761039983003,0.00029434855800890546,0.0007028479309542844,0.00171941082219869,0.0043248250775451014,0.011177137043919856,0.029500458549369148,0.07860839371993289,0.20817726949150178,0.538346705074052,1.3369858197888853,3.150300972277908,7.0183303886190425,14.923347558386448,30.995786365366197,38.854909463904725,42.593097796173645,44.075783921646554,44.07578392164929,42.5930977961987,38.8549094639446,30.995786365369447,14.92334755837093,7.018330388606949,3.1503009722789006,1.3369858197899245,0.5383467050758566,0.208177269492534,0.07860839372074555,0.029500458549870486,0.011177137044238044,0.004324825077719991,0.0017194108222915185,0.0007028479310002038,0.0002943485580311279,0.00012551761041022764,5.411102250598676e-05,2.3419771978226946e-05,1.0114359840409345e-05,4.336769995240696e-06,1.8388462798161314e-06,7.687092969610903e-07,3.1610956600576793e-07,1.276608762255539e-07,5.057312295126257e-08,1.96398133368725e-08,7.482311585714796e-09,2.8245275207668838e-09,1.1406146346728986e-09,7.239895029780126e-10
7.236610028660291e-10,1.1400955733474206e-09,2.8232378143987453e-09,7.478890729499312e-09,1.963084266248574e-08,5.055010635291989e-08,1.2760318009243885e-07,3.1596830850617936e-07,7.683715474902801e-07,1.8380576013023097e-06,4.334971219544213e-06,1.0110351862204906e-05,2.341104437781341e-05,5.4092441201957154e-05,0.0001254789134334442,0.0002942696940835505,0.000702690616634436,0.0017191037418968914,0.004324239006590124,0.011176045343349724,0.029498479206847426,0.07860491326952311,0.2081713569284736,0.5383370256716029,1.336970517029064,3.150277305641383,7.0182933847118605,14.923285524555757,30.99566728984461,38.85476452873643,42.5929397457831,44.07561999651294,44.07561999651529,42.592939745816025,38.854764528788586,30.995667289886185,14.923285524565621,7.018293384715174,3.1502773056476343,1.3369705170298547,0.5383370256733995,0.20817135692987518,0.07860491327067658,0.029498479207551883,0.011176045343758908,0.004324239006805969,0.0017191037420101652,0.000702690616690887,0.0002942696941112779,0.00012547891344654623,5.4092441208011786e-05,2.3411044380540174e-05,1.0110351863409264e-05,4.3349712200672385e-06,1.8380576015266832e-06,7.683715475851572e-07,3.159683085462434e-07,1.2760318010916852e-07,5.055010635988579e-08,1.9630842665372704e-08,7.478890730698486e-09,2.82323781490216e-09,1.1400955735795965e-09,7.23661003027361e-10
7.233120497187811e-10,1.1395442570688846e-09,2.821868225911086e-09,7.475258742066385e-09,1.962132055595864e-08,5.052568145572951e-08,1.2754197246616775e-07,3.15818505823578e-07,7.680135068244896e-07,1.8372219101142747e-06,4.333066164400246e-06,1.010610942664457e-05,2.3401811927898295e-05,5.40727984670534e-05,0.0001254380365995119,0.0002941864555794887,0.0007025247221005139,0.0017187802168781613,0.0043236221660252795,0.011174897549842064,0.02949640058957846,0.07860126318909015,0.2081651667354009,0.5383269155076644,1.3369545883495695,3.1502527971955154,7.018255337064137,14.923222264342723,30.995546666563264,38.85461757979172,42.59277922877482,44.07545333060923,44.07545333062169,42.592779228809,38.85461757984445,30.995546666636017,14.923222264394871,7.018255337075757,3.1502527971998187,1.3369545883515301,0.5383269155108913,0.208165166737521,0.07860126319047102,0.029496400590376556,0.011174897550299951,0.0043236221662739365,0.0017187802170097956,0.000702524722165995,0.0002941864556113564,0.0001254380366144022,5.4072798473889147e-05,2.3401811930961038e-05,1.0106109427994714e-05,4.333066164983429e-06,1.8372219103623048e-06,7.68013506927925e-07,3.1581850586642503e-07,1.275419724837127e-07,5.052568146288125e-08,1.962132055887162e-08,7.475258743259886e-09,2.821868226408128e-09,1.139544257297209e-09,7.233120498773962e-10
7.229413353240437e-10,1.1389586290382339e-09,2.820413688183181e-09,7.471402309552848e-09,1.9611212482133686e-08,5.049976076860211e-08,1.2747703723626187e-07,3.1565963775964516e-07,7.676339551574168e-07,1.836336420663885e-06,4.331048636169151e-06,1.0101619127655861e-05,2.339204638456237e-05,5.405203639147247e-05,0.0001253948643873874,0.00029409861845964907,0.0007023498255205389,0.0017184394786939837,0.004322973211041231,0.01117369143601356,0.02949421931978939,0.07859743917976122,0.20815869578254376,0.5383163800008557,1.336938067886773,3.150227557358945,7.018216534296738,14.92315845471198,30.995426006202386,38.85447038155741,42.592618045870054,44.07528570908184,44.0752857091032,42.592618045900906,38.854470381606035,30.995426006273163,14.92315845475618,7.018216534296216,3.150227557361064,1.3369380678903222,0.5383163800039987,0.2081586957845997,0.07859743918119813,0.029494219320686486,0.011173691436531576,0.00432297321131983,0.0017184394788375217,0.0007023498255913036,0.00029409861849404934,0.00012539486440350654,5.4052036398882474e-05,2.3392046387857025e-05,1.0101619129088447e-05,4.331048636775207e-06,1.8363364209157437e-06,7.67633955260164e-07,3.156596378013271e-07,1.2747703725309307e-07,5.049976077537633e-08,1.961121248487525e-08,7.4714023106717e-09,2.8204136886493115e-09,1.1389586292528996e-09,7.22941335473582e-10
7.225475041248508e-10,1.1383365548367603e-09,2.8188689320719867e-09,7.467307565778397e-09,1.960048243236713e-08,5.0472253002977197e-08,1.274081488645156e-07,3.154911616262252e-07,7.672316212968539e-07,1.8353982354054189e-06,4.328912210110694e-06,1.0096867111904145e-05,2.338171870745594e-05,5.403009581248433e-05,0.00012534927972821926,0.00029400595799191953,0.0007021655094366149,0.001718080781037781,0.004322290872505676,0.011172425001831838,0.029491932665239032,0.0785934387212445,0.20815194571985218,0.5383054370161812,1.3369210208249185,3.150201770032133,7.018177429901744,14.923095127844832,30.995307572871802,38.85432557399672,42.59245889190756,44.075119804778474,44.07511980479532,42.592458891928125,38.854325574026,30.995307572897246,14.923095127854719,7.018177429902797,3.150201770039384,1.3369210208296567,0.5383054370191374,0.2081519457222507,0.07859343872286503,0.029491932666197162,0.011172425002358643,0.004322290872786757,0.0017180807811833778,0.0007021655095095547,0.00029400595802739354,0.00012534927974472692,5.403009581997409e-05,2.3381718710733517e-05,1.0096867113311092e-05,4.32891221069848e-06,1.835398235646623e-06,7.672316213938768e-07,3.1549116166478587e-07,1.2740814887977083e-07,5.047225300896643e-08,1.9600482434748933e-08,7.467307566741796e-09,2.8188689324751756e-09,1.1383365550252301e-09,7.225475042577216e-10
7.221292274891471e-10,1.1376759333083591e-09,2.817228737982835e-09,7.462960702666878e-09,1.9589094386241708e-08,5.0443066488950416e-08,1.2733508018262578e-07,3.153125296919336e-07,7.668052211313707e-07,1.8344044289586193e-06,4.3266504141242745e-06,1.0091839481917698e-05,2.3370799950795327e-05,5.4006918296779456e-05,0.00012530116842818484,0.0002939082586193537,0.0007019713826229787,0.0017177034479068942,0.004321574063095116,0.011171096710750275,0.02948953907519874,0.07858926231950814,0.20814492594041958,0.5382941239376389,1.3369035600322965,3.150175730515541,7.0181387252037455,14.923033846419862,30.99519475026604,38.8541870964225,42.592305788003614,44.07495960695375,44.07495960695666,42.59230578801637,38.854187096437954,30.995194750256815,14.923033846396354,7.018138725205187,3.1501757305176894,1.3369035600344623,0.538294123940392,0.20814492594295161,0.07858926232104699,0.029489539076125445,0.0111710967112765,0.004321574063382409,0.0017177034480551155,0.000701971382696187,0.00029390825865415957,0.00012530116844420512,5.40069183039793e-05,2.337079995391448e-05,1.0091839483235233e-05,4.326650414659979e-06,1.8344044291706327e-06,7.668052212132815e-07,3.153125297231825e-07,1.2733508019464912e-07,5.0443066493581515e-08,1.9589094388080686e-08,7.462960703418611e-09,2.8172287383040584e-09,1.1376759334627962e-09,7.221292276000536e-10
7.21685375514655e-10,1.1369749551615371e-09,2.8154885296570977e-09,7.45834942447237e-09,1.9577015816019298e-08,5.041211738669781e-08,1.2725762108618527e-07,3.1512323060496967e-07,7.663535472677227e-07,1.833352238494534e-06,4.3242571282817026e-06,1.008652313079469e-05,2.335926301193238e-05,5.3982449831419224e-05,0.00012525042703061755,0.00029380533083138395,0.0007017671164507342,0.001717306952214178,0.0043208220480942215,0.011169705865102388,0.029487039022398798,0.07858491544493768,0.20813765814450857,0.5382825084988591,1.3368858714124459,3.150149902992546,7.01810149464167,14.922976967636021,30.995092591283548,38.854060824518214,42.59216473198615,44.07481106714169,44.07481106713109,42.59216473199036,38.85406082452406,30.99509259127536,14.922976967622612,7.018101494650565,3.15014990299269,1.3368858714160956,0.5382825085023336,0.20813765814695195,0.07858491544638255,0.029487039023319873,0.01116970586561497,0.00432082204836657,0.0017173069523521024,0.0007017671165187135,0.00029380533086369854,0.00012525042704547752,5.398244983795959e-05,2.335926301468151e-05,1.0086523131912177e-05,4.324257128717921e-06,1.833352238660253e-06,7.663535473290244e-07,3.151232306271707e-07,1.2725762109427944e-07,5.041211738964035e-08,1.9577015817149806e-08,7.45834942493945e-09,2.8154885298678182e-09,1.136974955271497e-09,7.216853755975874e-10
7.212153828724374e-10,1.1362326587500922e-09,2.81364566821869e-09,7.453466154889833e-09,1.9564225493380275e-08,5.037934812212614e-08,1.2717562069204844e-07,3.149228827579421e-07,7.658756695552545e-07,1.8322394825753144e-06,4.321727439693339e-06,1.0080907459205319e-05,2.3347086055626155e-05,5.395664767015987e-05,0.00012519697664794275,0.000293697039520873,0.000701552503894997,0.0017168910402456702,0.004320034711549546,0.0111682531854011,0.029484436294124953,0.07858041148906482,0.20813018326678234,0.5382707051525945,1.3368682521146291,3.1501250069430626,7.018067373469602,14.92292803748406,30.99500863604499,38.85395551998623,42.59204466975322,44.07468306477828,44.07468306476383,42.592044669742805,38.85395551996023,30.99500863603107,14.922928037477803,7.018067373473115,3.1501250069418316,1.3368682521190658,0.5382707051553568,0.20813018326886357,0.07858041149046176,0.0294844362950018,0.011168253185868567,0.004320034711799386,0.0017168910403728157,0.0007015525039571786,0.0002936970395496166,0.0001251969766606883,5.395664767552578e-05,2.3347086057798144e-05,1.008090746004744e-05,4.321727440001271e-06,1.8322394826810254e-06,7.658756695888415e-07,3.14922882767787e-07,1.271756206948696e-07,5.0379348122933865e-08,1.9564225493673378e-08,7.453466155038818e-09,2.8136456683088425e-09,1.136232658811276e-09,7.212153829244142e-10
7.207199766009056e-10,1.1354500478706029e-09,2.811702098579556e-09,7.4483146944210325e-09,1.9550729918272968e-08,5.034476666721569e-08,1.2708907809715195e-07,3.1471143673503625e-07,7.653713709062097e-07,1.8310654671920144e-06,4.31905946536199e-06,1.0074987940209907e-05,2.333425934142181e-05,5.392949327928327e-05,0.00012514078759002367,0.0002935833515972178,0.0007013275538850497,0.0017164559238570325,0.004319212958581176,0.011166741676007638,0.02948173991157536,0.07857577615252054,0.2081225717501552,0.5382588993224388,1.3368511670693255,3.1501021448602655,7.018038834742901,14.92289237121859,30.99495411320954,38.85388422765204,42.59195892692183,44.07458883195458,44.07458883194857,42.59195892691793,38.85388422762312,30.994954113196485,14.922892371211422,7.018038834736513,3.1501021448591535,1.3368511670727128,0.5382588993244265,0.20812257175220936,0.0785757761538396,0.029481739912341865,0.011166741676421057,0.004319212958805282,0.0017164559239675366,0.0007013275539370872,0.0002935833516203364,0.00012514078759991209,5.3929493283245995e-05,2.3334259342907634e-05,1.0074987940710043e-05,4.319059465505839e-06,1.8310654672221258e-06,7.653713709065922e-07,3.1471143673083597e-07,1.2708907809412614e-07,5.0344766665644054e-08,1.955072991760727e-08,7.4483146941960626e-09,2.8117020985265212e-09,1.135450047874353e-09,7.207199766167832e-10
7.202025269155597e-10,1.1346321933789574e-09,2.8096694244852473e-09,7.442923222435237e-09,1.95365959741957e-08,5.030852596102237e-08,1.2699832885885812e-07,3.144895972405892e-07,7.648420657701349e-07,1.8298329071006708e-06,4.31625821309279e-06,1.0068773581065105e-05,2.3320799147440934e-05,5.390101762779936e-05,0.0001250819246929301,0.00029346441769949956,0.000701092642544653,0.0017160025723465964,0.004318359305999366,0.01116517787588354,0.029478966890676753,0.07857105376394388,0.20811493838574235,0.5382473825242501,1.3368353309521634,3.1500829873996463,7.0180195905608915,14.922877892905118,30.994945673338616,38.85386629492467,42.591927281744276,44.07454801834033,44.074548018325814,42.591927281720224,38.85386629489172,30.994945673314067,14.922877892900722,7.018019590557138,3.1500829874030134,1.336835330955096,0.5382473825264542,0.2081149383877721,0.07857105376506666,0.02947896689134099,0.011165177876249507,0.004318359306186379,0.001716002572433086,0.0007010926425838678,0.00029346441771592224,0.00012508192469930837,5.3901017629941565e-05,2.332079914801059e-05,1.0068773581131577e-05,4.316258213042521e-06,1.8298329070459707e-06,7.648420657339969e-07,3.144895972208375e-07,1.2699832884932294e-07,5.030852595682452e-08,1.953659597249928e-08,7.442923221819585e-09,2.809669424285728e-09,1.1346321933238012e-09,7.202025268941519e-10
7.196713645120025e-10,1.1337918940638635e-09,2.807577957879064e-09,7.4373679943074064e-09,1.952201174653314e-08,5.0271075080822323e-08,1.2690440770795186e-07,3.1425966114404806e-07,7.642926601607443e-07,1.8285518816569672e-06,4.313343624500036e-06,1.0062302530825542e-05,2.330677667369894e-05,5.3871352427015766e-05,0.00012502063506077704,0.00029334071997842736,0.0007008487651400927,0.0017155331620702676,0.004317478742628016,0.011163573630680237,0.02947614612720232,0.0785663162002186,0.20810746337258204,0.5382366023994327,1.3368218251063226,3.1500700372720543,7.018015162793648,14.922896326618464,30.995007841997946,38.85393023329163,42.59197890536011,44.07458962161696,44.0745896215981,42.59197890532309,38.85393023325897,30.995007841970686,14.92289632659153,7.018015162780211,3.150070037270603,1.3368218251063866,0.538236602401276,0.20810746337414215,0.07856631620113819,0.029476146127786394,0.01116357363098147,0.004317478742769216,0.0017155331621326517,0.0007008487651659573,0.00029334071998717693,0.00012502063506303313,5.387135242711233e-05,2.330677667329985e-05,1.0062302530450037e-05,4.313343624246966e-06,1.8285518815100875e-06,7.64292660084047e-07,3.142596611071299e-07,1.269044076914265e-07,5.027107507385672e-08,1.9522011743753775e-08,7.437367993272193e-09,2.8075779575179527e-09,1.1337918939422109e-09,7.196713644481035e-10
7.191433832280205e-10,1.1329554729173672e-09,2.8054914489492726e-09,7.431812942016727e-09,1.9507390890989516e-08,5.023342584512225e-08,1.2680970633909032e-07,3.1402708075156027e-07,7.637351196340459e-07,1.8272476304495084e-06,4.310366823729388e-06,1.0055674276250937e-05,2.3292378501095734e-05,5.3840837563963565e-05,0.0001249575291536599,0.0002932133648388657,0.0007005980020883654,0.001715051840793554,0.004316580087933489,0.011161948774098714,0.02947332419049278,0.07856167616485414,0.20810042360999642,0.5382272365421644,1.3368122680181909,3.150067008405918,7.0180336913245505,14.922964863953469,30.995176428934496,38.85411768719564,42.592156432569745,44.074756039818695,44.07475603981184,42.59215643254262,38.85411768715327,30.99517642888429,14.922964863933759,7.0180336913198795,3.1500670084065354,1.336812268019328,0.5382272365443582,0.20810042361127504,0.07856167616568757,0.029473324190961957,0.01116194877430949,0.004316580088023945,0.0017150518408274662,0.0007005980020969472,0.00029321336483835057,0.0001249575291513315,5.3840837561843265e-05,2.3292378499627863e-05,1.0055674275375376e-05,4.310366823249544e-06,1.8272476302055843e-06,7.637351195172127e-07,3.1402708069814484e-07,1.2680970631579352e-07,5.0233425835384355e-08,1.9507390887101774e-08,7.4318129405489105e-09,2.805491448422342e-09,1.1329554727268568e-09,7.191433831194957e-10
7.186489053695807e-10,1.1321707783857132e-09,2.803528107197749e-09,7.426568056275816e-09,1.949353181025431e-08,5.019757421926622e-08,1.2671905269391516e-07,3.138031300343846e-07,7.631948023320243e-07,1.8259749693199325e-06,4.307441452685982e-06,1.0049114424816481e-05,2.3278033452301885e-05,5.381025552885815e-05,0.00012489398897229197,0.000293084756161618,0.0007003445925145836,0.0017145664584455932,0.004315678988345765,0.01116033690753968,0.02947057757517941,0.0785573145784985,0.20809425479147686,0.538220331126903,1.3368091141193612,3.1500794417821107,7.018087153175899,14.923108533478747,30.995503202856362,38.85448877633047,42.59252135636988,44.07510839216535,44.075108392154135,42.59252135632738,38.854488776275076,30.995503202813634,14.92310853345457,7.018087153167856,3.1500794417799622,1.3368091141202505,0.5382203311286049,0.20809425479249558,0.0785573145792458,0.02947057757552034,0.011160336907679883,0.004315678988391691,0.0017145664584492506,0.0007003445925053652,0.00029308475615201285,0.00012489398896527556,5.381025552438615e-05,2.3278033449720515e-05,1.004911442344134e-05,4.307441451988251e-06,1.825974968982277e-06,7.631948021746516e-07,3.138031299637323e-07,1.267190526635613e-07,5.019757420671902e-08,1.949353180527346e-08,7.4265680543802395e-09,2.803528106502409e-09,1.1321707781227781e-09,7.186489052130516e-10
7.182367123955875e-10,1.1315156775922084e-09,2.80188388953739e-09,7.422157208858432e-09,1.9481812777901567e-08,5.016704792450702e-08,1.266412026612389e-07,3.1360883789889336e-07,7.627204626447007e-07,1.8248427662444808e-06,4.304801128041473e-06,1.0043103701549635e-05,2.3264688479469747e-05,5.378139115151904e-05,0.0001248332427562286,0.00029296055611468895,0.0007000983965496927,0.0017140947084220849,0.004314809355546287,0.011158808247477317,0.02946806090579073,0.07855358446527926,0.20808977225540135,0.5382177501026574,1.336816506573749,3.150116194422562,7.018193770120701,14.923363990243763,30.996062286390988,38.855128710706786,42.593160127275425,44.07573220033486,44.07573220031929,42.59316012722895,38.8551287106591,30.99606228636831,14.923363990236552,7.018193770115811,3.1501161944207703,1.336816506574753,0.538217750103823,0.20808977225621741,0.07855358446581755,0.029468060905964204,0.011158808247530065,0.004314809355531496,0.001714094708390587,0.0007000983965223691,0.00029296055609568555,0.00012483324274431266,5.378139114471735e-05,2.326468847583708e-05,1.0043103699703816e-05,4.304801127136754e-06,1.8248427658175192e-06,7.627204624500387e-07,3.136088378131766e-07,1.266412026248216e-07,5.0167047909484594e-08,1.9481812771909067e-08,7.422157206552011e-09,2.8018838886782924e-09,1.1315156772595538e-09,7.182367121932014e-10
7.179755044413779e-10,1.1311006350080935e-09,2.800840823798745e-09,7.419349383349282e-09,1.9474309511429744e-08,5.014732513197445e-08,1.265902448865271e-07,3.134794945348738e-07,7.62397983933291e-07,1.8240537284870775e-06,4.302909121725318e-06,1.0038665195738859e-05,2.3254520852123768e-05,5.375869650694997e-05,0.00012478402815696213,0.0002928573074001903,0.0006998901375799435,0.0017136942372630696,0.004314083812799481,0.011157594538348243,0.029466270589480988,0.07855156734018895,0.208089311746523,0.5382243758202945,1.3368441380059155,3.150195384222323,7.018385779973856,14.923788069508607,30.99695907465167,38.856152935172425,42.59418518450552,44.07673602694813,44.076736026940296,42.59418518447669,38.85615293513615,30.99695907462885,14.923788069513577,7.018385779971933,3.1501953842235415,1.3368441380080034,0.5382243758216809,0.20808931174741854,0.0785515673406018,0.02946627058956167,0.011157594538328658,0.004314083812728646,0.001713694237200178,0.0006998901375347872,0.0002928573073713352,0.00012478402814019727,5.375869649792412e-05,2.3254520847469932e-05,1.0038665193432595e-05,4.302909120625367e-06,1.8240537279795362e-06,7.62397983706181e-07,3.134794944360163e-07,1.2659024484473294e-07,5.014732511482245e-08,1.9474309504626766e-08,7.4193493807466754e-09,2.800840822833106e-09,1.1311006346349327e-09,7.179755042142095e-10
7.179423481061869e-10,1.1310486937614714e-09,2.8007153603110206e-09,7.419039663170635e-09,1.9473584395008193e-08,5.014563791506843e-08,1.265861926060301e-07,3.134700851287155e-07,7.623759905097091e-07,1.8240009294325938e-06,4.302778110952919e-06,1.0038326652325808e-05,2.3253604548056922e-05,5.375613480452587e-05,0.00012477694584595364,0.0002928391234766618,0.000699849877967989,0.001713626126574936,0.004314032464010485,0.011157795735830995,0.029467527111178806,0.07855615670239495,0.20810293564637805,0.5382598161126231,1.3369271863825432,3.1503736624788856,7.018744215770202,14.924487654900538,30.998343430283462,38.857693531240834,42.5956978946731,44.07820171455343,44.07820171454619,42.59569789464371,38.85769353120611,30.998343430266434,14.924487654903368,7.018744215765259,3.150373662480295,1.3369271863838919,0.5382598161136736,0.2081029356470004,0.07855615670257118,0.029467527111129797,0.011157795735714012,0.004314032463882581,0.0017136261264812038,0.000699849877905194,0.00029283912343886225,0.00012477694582501244,5.3756134793505755e-05,2.325360454248824e-05,1.003832664962937e-05,4.30277810969372e-06,1.824000928859195e-06,7.623759902562375e-07,3.1347008501979665e-07,1.2658619256072086e-07,5.014563789686649e-08,1.9473584387945797e-08,7.419039660548581e-09,2.8007153593819123e-09,1.1310486934311732e-09,7.179423479200709e-10
7.181800172975548e-10,1.1314246364974766e-09,2.8016997801917572e-09,7.422011163251211e-09,1.9482821410539978e-08,5.017333191207994e-08,1.2666549200730146e-07,3.1369958351927125e-07,7.63031765539253e-07,1.8258300164470225e-06,4.307725339774475e-06,1.005121871340686e-05,2.3285756049800546e-05,5.3832439148952726e-05,0.00012494894080472042,0.000293209356903688,0.0007006232457456885,0.0017152328114041463,0.004317428476184633,0.01116516221923139,0.029483800077969947,0.0785920728972985,0.20818014513485103,0.538417300614501,1.3372250756019097,3.150888583760802,7.019562684204271,14.925747274620134,31.000431108176286,38.85978067583545,42.59755423135875,44.07988907079681,44.079889070798444,42.59755423135014,38.85978067583039,31.000431108174233,14.925747274628685,7.019562684205493,3.1508885837649405,1.3372250756035657,0.5384173006157967,0.20818014513537056,0.07859207289734692,0.02948380007781045,0.011165162219020364,0.004317428476002693,0.001715232811277134,0.0007006232456645029,0.00029320935685684166,0.00012494894077933093,5.383243913579354e-05,2.3285756043305023e-05,1.0051218710319785e-05,4.3077253383523366e-06,1.82583001580993e-06,7.630317652641037e-07,3.136995834045447e-07,1.2666549196142365e-07,5.0173331894650974e-08,1.948282140431539e-08,7.422011161275028e-09,2.8016997796860455e-09,1.1314246364407837e-09,7.181800173342589e-10
7.186150677073822e-10,1.1321453384283754e-09,2.804006263661793e-09,7.431256840824288e-09,1.9519112161192382e-08,5.0297062526350115e-08,1.270332192843901e-07,3.1482326204735447e-07,7.66407096250227e-07,1.8356322675955536e-06,4.335082396592721e-06,1.0124296700630478e-05,2.347196421567695e-05,5.428397318015045e-05,0.00012599095416082222,0.00029550752226177736,0.00070551464883143,0.0017254226692134523,0.004338505386779171,0.011208859989878885,0.02957471231709227,0.07877996429644604,0.2085575595158979,0.5391331704811109,1.3384668645897873,3.1527928299219248,7.022066611721737,14.928569176342203,31.00353788615051,38.86174633122997,42.598263354414634,44.07987382301289,44.07987382302087,42.59826335441979,38.861746331244454,31.00353788615215,14.928569176345267,7.022066611725601,3.1527928299264203,1.3384668645919657,0.5391331704827875,0.20855755951639396,0.07877996429644409,0.029574712316850733,0.01120885998959689,0.00433850538655072,0.001725422669053655,0.0007055146487316809,0.00029550752220457014,0.0001259909541298175,5.4283973164192915e-05,2.3471964207844104e-05,1.012429669690069e-05,4.3350823948778655e-06,1.8356322668361797e-06,7.664070959286049e-07,3.148232619183474e-07,1.2703321923655692e-07,5.029706251047757e-08,1.951911215689166e-08,7.431256840528679e-09,2.804006264327073e-09,1.1321453391384552e-09,7.186150683671731e-10
7.190796957288973e-10,1.133443482579395e-09,2.812148730032048e-09,7.479117714207542e-09,1.9746461356969332e-08,5.1131621596607596e-08,1.294043706923939e-07,3.218413171281127e-07,7.868287266219433e-07,1.893054056757674e-06,4.490387125152001e-06,1.0527421299907368e-05,2.447479694213486e-05,5.667345550329166e-05,0.00013144891550683882,0.00030749617437237405,0.0007309911016774816,0.0017782432768037935,0.00444634970772821,0.011427476654144075,0.03001652398348815,0.07966473873164338,0.21027869670479277,0.5422913113029099,1.3437431589061521,3.1604729505781206,7.031240621903348,14.936755694823008,31.00809448034831,38.8597394053221,42.59056854592075,44.069156477548674,44.069156477561364,42.59056854593891,38.85973940535405,31.00809448035651,14.93675569482408,7.0312406219117785,3.1604729505829576,1.3437431589093525,0.5422913113050325,0.21027869670556207,0.07966473873180395,0.030016523983269476,0.011427476653833597,0.004446349707455843,0.0017782432766031524,0.0007309911015484831,0.0003074961742952108,0.0001314489154635893,5.6673455480329144e-05,2.4474796930452303e-05,1.052742129416635e-05,4.490387122436901e-06,1.893054055519629e-06,7.868287260816132e-07,3.218413169073155e-07,1.2940437061109828e-07,5.1131621569164026e-08,1.974646134906666e-08,7.479117715138975e-09,2.812148732755347e-09,1.1334434849182664e-09,7.190796977669264e-10
7.202188262187965e-10,1.1398098182176448e-09,2.8636378802618973e-09,7.809206465128241e-09,2.143392559441539e-08,5.765485096616893e-08,1.4668089094302615e-07,3.7021689374714547e-07,9.199795757180583e-07,2.247558058177584e-06,5.400778126525173e-06,1.2781205758789972e-05,2.9854912399254472e-05,6.906802903473272e-05,0.0001590446613372023,0.0003669999658636805,0.0008556265038397575,0.002032830398624235,0.004956051026469041,0.012434194990402846,0.03199030100374309,0.08349788444772178,0.21752235130683062,0.5552336359861901,1.364845785715332,3.190416683923448,7.0655822752358315,14.964006101767446,31.014339050399883,38.83770656342075,42.54603400010893,44.01316577581793,44.01316577583508,42.546034000146015,38.837706563478406,31.014339050430234,14.964006101766692,7.065582275244749,3.1904166839249966,1.3648457857176797,0.5552336359882705,0.21752235130836853,0.08349788444858397,0.031990301003945225,0.01243419499027741,0.004956051026231192,0.0020328303983910643,0.0008556265036592626,0.00036699996573895686,0.00015904466125879775,6.90680289886559e-05,2.9854912373650137e-05,1.2781205745228705e-05,5.4007781196191175e-06,2.2475580547746425e-06,9.199795740973067e-07,3.702168930100447e-07,1.466808906327481e-07,5.765485082692673e-08,2.1433925529167827e-08,7.809206453599001e-09,2.8636378838101675e-09,1.1398098231121397e-09,7.202188307097868e-10
7.271714466799934e-10,1.175642922567131e-09,3.15324521598211e-09,9.792793913041008e-09,3.275066714314242e-08,1.0666459844383018e-07,2.664353393982052e-07,6.898470420843004e-07,1.7575445047088878e-06,4.369377412123424e-06,1.0592464763553306e-05,2.5063570745649876e-05,5.7998714633343105e-05,0.0001316492922925574,0.0002943157041317571,0.0006515691631219724,0.0014386474181197519,0.0031967172023647057,0.007223360596771297,0.016763782887460613,0.0401602364516209,0.09877394388638316,0.24540172512934097,0.6035416049305449,1.4417072634147403,3.2975255364686014,7.186213698111668,15.055128129419218,31.02013240640353,38.73854790261565,42.368395750862085,43.79713796277759,43.79713796279132,42.36839575090067,38.73854790267452,31.0201324064438,15.055128129423538,7.186213698120825,3.297525536464835,1.4417072634137804,0.6035416049317339,0.24540172513218525,0.0987739438890024,0.04016023645328997,0.01676378288823938,0.007223360596947525,0.0031967172022336807,0.0014386474178844462,0.0006515691628928709,0.00029431570395409333,0.0001316492921714433,5.7998714558199756e-05,2.506357070221777e-05,1.059246473973984e-05,4.369377399584161e-06,1.7575444983116594e-06,6.898470389351989e-07,2.664353379625616e-07,1.0666459767830632e-07,3.2750666708937625e-08,9.792793813189945e-09,3.153245208854887e-09,1.175642929665904e-09,7.271714545055841e-10
7.547386872225e-10,1.313313850879295e-09,4.342007008545602e-09,1.9121285253270727e-08,9.740720652437066e-08,4.627309173534513e-07,1.0470073035948524e-06,2.6855812908365766e-06,6.762179025357863e-06,1.6499218222694085e-05,3.9028894212352595e-05,8.969072083291535e-05,0.0002007441495718008,0.0004387242881928239,0.0009384915856350084,0.001969412361611253,0.004064831246384451,0.008284933383932715,0.016794678187294392,0.034277375869580955,0.07163072562756718,0.15483140893427141,0.3432544011810456,0.7665187657171422,1.6932436967989162,3.6419621070203774,7.571421466668378,15.34290384409641,31.01128814259286,38.381616990905265,41.770982310007625,43.08820565097855,43.08820565099634,41.77098231006729,38.3816169909862,31.0112881426641,15.342903844128932,7.5714214666871795,3.641962107010394,1.6932436967872704,0.7665187657121303,0.3432544011832696,0.15483140893922384,0.07163072563245097,0.03427737587303443,0.01679467818917091,0.008284933384599619,0.00406483124633052,0.001969412361258779,0.0009384915852385119,0.0004387242878667654,0.00020074414934354574,8.96907206888985e-05,3.902889412803274e-05,1.6499218175968996e-05,6.762179000450183e-06,2.6855812780475713e-06,1.0470072976751191e-06,4.627309138234242e-07,9.740720430844666e-08,1.9121284809083632e-08,4.342006958758861e-09,1.3133138574640875e-09,7.547386983879486e-10
8.088783743568812e-10,1.6028818395094993e-09,7.2342915631915455e-09,4.7448325746076186e-08,3.7009607862514655e-07,3.0504574584891606e-06,5.9029372751626e-06,1.4634496276411519e-05,3.5504613939990545e-05,8.337712965010131e-05,0.00018988196329784116,0.00042048024819582943,0.0009075614036527542,0.0019124642241889994,0.003937067219163341,0.007915292438167729,0.015526350287964277,0.029691361525978302,0.05539179710397006,0.10134104744726963,0.18499907959128806,0.34483706444510676,0.6568968975471483,1.2626878634066658,2.4287448036368455,4.629590780293058,8.681532926943051,16.19787332572675,30.930313176196467,37.24266932401269,39.9914924805182,41.03492531919549,41.03492531921207,39.99149248058497,37.24266932410241,30.930313176300096,16.197873325790116,8.681532926978104,4.629590780279685,2.4287448036067762,1.2626878633864411,0.6568968975422534,0.34483706444947554,0.18499907959979958,0.10134104745561942,0.05539179711017392,0.029691361529462876,0.015526350289213812,0.00791529243810913,0.00393706721854789,0.0019124642234917106,0.000907561403079486,0.000420480247794444,0.0001898819630449789,8.337712950216246e-05,3.550461385787295e-05,1.4634496232808607e-05,5.902937255225398e-06,3.0504574454700444e-06,3.7009607043142564e-07,4.744832467823664e-08,7.234291469032981e-09,1.602881847905948e-09,8.088783890532248e-10
0.0,0.0,0.0,0.0,0.0,2.2352753920931095e-05,3.4878617000459995e-05,8.412212382834008e-05,0.00019615572616533028,0.00044331134187086235,0.0009738155642860107,0.0020843879384088216,0.004353891533712772,0.008877398478353388,0.017650721704473626,0.03415326617942203,0.06414355239067529,0.11659374383144282,0.20453366892847336,0.34537019325167,0.5680738890147985,0.94110738938061,1.5779386392031438,2.628727818258974,4.347587483009634,7.145118038838456,11.58578087504703,18.68660824974904,30.603672865688054,33.857568576613595,35.171210796986124,35.67381730934214,35.673817309351584,35.171210797045134,33.85756857668639,30.603672865796696,18.686608249836965,11.585780875102913,7.14511803884626,4.347587482985091,2.6287278182330582,1.577938639190012,0.9411073893790439,0.5680738890219323,0.345370193262428,0.20453366893914596,0.11659374383927333,0.06414355239499271,0.0341532661810178,0.017650721704415673,0.008877398477620766,0.004353891532868034,0.002084387937709699,0.0009738155637956696,0.00044331134156062895,0.0001961557259832867,8.412212372703057e-05,3.4878616949929336e-05,2.2352753883189445e-05,0.0,0.0,0.0,0.0,0.0
0.0,0.0,0.0,0.0,0.0,3.451700576525447e-05,5.3793315505098824e-05,0.00012950183863572048,0.00030100768054719347,0.0006775104498576461,0.0014812384318137657,0.0031536716904112952,0.006548409645521852,0.013262429221849203,0.02616510124976946,0.05016626655341761,0.09319199904411267,0.16717771609215049,0.2886402007836584,0.4781408755344325,0.7688531088577815,1.2409362737953593,2.0186254622543633,3.2455175982673254,5.153261959726872,8.09160540997818,12.491974561541827,19.20426474743407,30.223918061724824,32.61990368005915,33.4746304748762,33.7905489400519,33.790548940056304,33.474630474932646,32.61990368011801,30.22391806182638,19.204264747528118,12.49197456159205,8.091605409998243,5.153261959721656,3.2455175982604896,2.018625462253209,1.2409362738005445,0.768853108867615,0.4781408755454988,0.288640200793672,0.16717771609921017,0.09319199904805604,0.050166266554989035,0.02616510124987861,0.01326242922134206,0.006548409644875491,0.003153671689859469,0.001481238431419672,0.0006775104496046711,0.0003010076803974803,0.00012950183855182278,5.3793315462515754e-05,3.45170057274888e-05,0.0,0.0,0.0,0.0,0.0
0.0,0.0,0.0,0.0,0.0,4.038914750047485e-05,6.32164403099816e-05,0.00015223568412222024,0.00035359770236406885,0.0007946976194537066,0.0017338275474448695,0.0036820033655280493,0.007622622607447605,0.015385146419669503,0.03023382295068354,0.057705306936328554,0.10663749718094338,0.19014406707310377,0.32601305625974886,0.5357637422370265,0.853789286142938,1.3641647582507554,2.1936433800312525,3.480302378450801,5.44302481917082,8.40407271081261,12.750292727199954,19.29883221410627,30.047837934875414,32.203239960721014,32.91896839320915,33.17534468040571,33.17534468040431,32.918968393254005,32.203239960764655,30.04783793496988,19.298832214196597,12.75029272724282,8.404072710844016,5.44302481918328,3.4803023784628473,2.1936433800421353,1.3641647582627188,0.8537892861547733,0.5357637422475962,0.3260130562682596,0.19014406707881532,0.1066374971842107,0.057705306937774634,0.030233822951042003,0.015385146419526556,0.007622622607145648,0.0036820033652400636,0.0017338275472281535,0.0007946976193106305,0.00035359770227745205,0.000152235684072825,6.321644028451609e-05,4.0389147476997434e-05,0.0,0.0,0.0,0.0,0.0
0.0,0.0,0.0,0.0,0.0,4.266353056532495e-05,6.700254643840835e-05,0.00016143344263974978,0.0003749060120104298,0.0008420613127346888,0.0018353755154049728,0.003892861885153069,0.00804763014092425,0.016216838876155236,0.03181102821815644,0.06059391121684421,0.11172414184889774,0.19871301572505934,0.33974824440633894,0.5565954379685963,0.8839440924800476,1.4070267343627045,2.2530524912410828,3.557591376298471,5.534554847955808,8.496909175901507,12.819287952436685,19.314233719887113,29.98776859911897,32.078233939022375,32.75467028329443,32.993632044257545,32.99363204425993,32.75467028334067,32.078233939066365,29.98776859920241,19.31423371997413,12.819287952478112,8.496909175940146,5.534554847976779,3.557591376319066,2.253052491256881,1.4070267343771703,0.8839440924920027,0.556595437978315,0.33974824441369633,0.19871301572996272,0.11172414185188538,0.06059391121840294,0.03181102821887114,0.016216838876396116,0.008047630140954654,0.003892861885107293,0.0018353755153465005,0.0008420613126883895,0.0003749060119787237,0.00016143344262018323,6.700254642778432e-05,4.2663530554860226e-05,0.0,0.0,0.0,0.0,0.0
0.0,0.0,0.0,0.0,0.0,4.3403630841658646e-05,6.828183761454031e-05,0.00016455878472623704,0.00038214578578654756,0.0008580910476420072,0.001869526113033749,0.003963227574598408,0.008188276250569266,0.01648970733511036,0.0323239900034791,0.06152501315851831,0.11334849844580448,0.20142238108876676,0.3440450153732989,0.5630371415683341,0.8931507867914734,1.4199272998680073,2.270635407711917,3.5799956705346334,5.560382115145235,8.522147091683454,12.836999983728342,19.317219992569857,29.971855579727848,32.045937232419206,32.71213875159752,32.94645565998707,32.94645565999045,32.71213875163354,32.04593723245997,29.971855579800806,19.317219992643928,12.836999983764,8.522147091720866,5.560382115168449,3.5799956705575107,2.2706354077291837,1.4199272998829724,0.8931507868032939,0.5630371415777623,0.3440450153804139,0.20142238109369592,0.11334849844906413,0.061525013160490596,0.03232399000462762,0.016489707335713755,0.008188276250875755,0.003963227574741652,0.0018695261130937117,0.0008580910476649594,0.00038214578579315653,0.00016455878472712096,6.828183761397868e-05,4.340363083983064e-05,0.0,0.0,0.0,0.0,0.0
0.0,0.0,0.0,0.0,0.0,4.360448814916216e-05,6.863936372241585e-05,0.0001654339508411546,0.00038416729625740786,0.000862540669385247,0.0018789344902752944,0.003982455655960216,0.00822640319592219,0.01656312940928496,0.03246107173238253,0.061772227677354324,0.11377702258647915,0.20213245238060892,0.3451633154855765,0.5647012488659883,0.8955101103453912,1.4232042410942414,2.275057633958865,3.5855663859879083,5.5667212880657475,8.528263045425708,12.841294788321665,19.318191358197456,29.96883520770462,32.03925703912535,32.70310818797361,32.93633896604054,32.93633896604858,32.70310818800514,32.0392570391724,29.968835207770233,19.31819135826266,12.841294788360521,8.528263045465295,5.566721288094532,3.585566386014132,2.2750576339793165,1.4232042411110233,0.8955101103587185,0.5647012488765393,0.3451633154936365,0.20213245238636207,0.11377702259042177,0.06177222767990753,0.03246107173397584,0.01656312941022205,0.008226403196453439,0.003982455656246427,0.0018789344904220002,0.0008625406694569407,0.00038416729629035004,0.0001654339508555728,6.863936372838155e-05,4.36044881527272e-05,0.0,0.0,0.0,0.0,0.0
0.0,0.0,0.0,0.0,0.0,4.3604488147140654e-05,6.863936371994493e-05,0.00016543395083601912,0.00038416729624727957,0.0008625406693667171,0.0018789344902422267,0.003982455655906382,0.008226403195838276,0.01656312940916159,0.03246107173223322,0.06177222767718229,0.1137770225863528,0.20213245238053762,0.3451633154856702,0.5647012488662453,0.895510110345799,1.4232042410951418,2.275057633959978,3.585566385990774,5.566721288068684,8.528263045432995,12.841294788328488,19.318191358215717,29.96883520772742,32.03925703913509,32.703108187981435,32.9363389660386,32.93633896604942,32.70310818800063,32.03925703917311,29.968835207763718,19.318191358267605,12.841294788374029,8.528263045475718,5.566721288104085,3.5855663860201212,2.275057633983937,1.4232042411138943,0.8955101103608749,0.5647012488780088,0.3451633154947506,0.2021324523871687,0.11377702259099433,0.06177222768031326,0.03246107173423892,0.016563129410404883,0.00822640319656729,0.003982455656313475,0.0018789344904605021,0.0008625406694779666,0.0003841672963015437,0.00016543395086115225,6.863936373103091e-05,4.360448815485603e-05,0.0,0.0,0.0,0.0,0.0
0.0,0.0,0.0,0.0,0.0,4.340363083461729e-05,6.828183760609103e-05,0.00016455878470884253,0.00038214578575294597,0.0008580910475810495,0.001869526112926769,0.0039632275744265755,0.008188276250311093,0.016489707334754033,0.032323990003068535,0.0615250131580892,0.11334849844557758,0.20142238108883453,0.3440450153740469,0.5630371415698328,0.8931507867938097,1.4199272998719867,2.2706354077166315,3.5799956705440072,5.560382115155184,8.522147091706755,12.836999983752046,19.317219992623215,29.97185557977402,32.04593723244687,32.712138751639934,32.94645566001377,32.946455660026665,32.712138751650144,32.045937232486594,29.971855579804867,19.317219992654113,12.836999983793977,8.52214709174455,5.560382115192638,3.5799956705735805,2.270635407741801,1.419927299890862,0.8931507868091269,0.5630371415817355,0.34404501538337773,0.20142238109584598,0.11334849845062285,0.06152501316164466,0.03232399000540789,0.01648970733625565,0.008188276251222752,0.0039632275749545125,0.0018695261132188781,0.0008580910477341085,0.00038214578583017705,0.00016455878474592154,6.828183762300009e-05,4.340363084722517e-05,0.0,0.0,0.0,0.0,0.0
0.0,0.0,0.0,0.0,0.0,4.266353055029228e-05,6.700254642085193e-05,0.00016143344260406922,0.00037490601194317604,0.0008420613126143064,0.0018353755151998986,0.00389286188483119,0.008047630140460995,0.01621683887556573,0.03181102821754417,0.060593911216392744,0.11172414184904618,0.19871301572609473,0.3397482444088328,0.5565954379724743,0.8839440924853391,1.4070267343700358,2.253052491249261,3.55759137631254,5.534554847971189,8.496909175936981,12.819287952475596,19.314233719971114,29.98776859919969,32.07823393907088,32.754670283358294,32.993632044292816,32.99363204430709,32.75467028336045,32.078233939101665,29.98776859920725,19.31423371998161,12.819287952516095,8.49690917597299,5.534554848011777,3.557591376342947,2.2530524912746626,1.4070267343877845,0.8839440924991229,0.5565954379828929,0.33974824441697843,0.19871301573244893,0.11172414185384488,0.060593911220023805,0.031811028220104565,0.01621683887729882,0.008047630141566923,0.003892861885500378,0.0018353755155842534,0.000842061312823243,0.00037490601205215815,0.00016143344265846394,6.700254644641467e-05,4.266353057055363e-05,0.0,0.0,0.0,0.0,0.0
0.0,0.0,0.0,0.0,0.0,4.0389147473192237e-05,6.321644027886298e-05,0.0001522356840596118,0.0003535977022481568,0.0007946976192491101,0.0017338275471062924,0.0036820033650114235,0.007622622606737863,0.01538514641884153,0.03023382294995663,0.05770530693615055,0.1066374971819758,0.1901440670758648,0.32601305626475025,0.5357637422436503,0.8537892861506292,1.3641647582589764,2.1936433800387367,3.4803023784623126,5.44302481918463,8.404072710851903,12.750292727250462,19.298832214208357,30.047837934967564,32.203239960773836,32.91896839327632,33.17534468043816,33.175344680447374,32.91896839326217,32.20323996078131,30.04783793494843,19.298832214193546,12.750292727282009,8.404072710886284,5.443024819230472,3.480302378497793,2.193643380066694,1.3641647582768643,0.8537892861624483,0.5357637422514687,0.3260130562703444,0.19014406708045622,0.10663749718582062,0.05770530693941645,0.030233822952555073,0.015385146420761713,0.007622622608054521,0.003682003365852131,0.0017338275476106468,0.0007946976195347823,0.0003535977024019858,0.0001522356841391032,6.32164403171536e-05,4.038914750510599e-05,0.0,0.0,0.0,0.0,0.0
0.0,0.0,0.0,0.0,0.0,3.4517005723758464e-05,5.379331545841524e-05,0.00012950183854211088,0.00030100768037586497,0.0006775104495589947,0.0014812384313284284,0.00315367168968767,0.006548409644570425,0.013262429220831786,0.026165101249076898,0.050166266553804816,0.09319199904645896,0.16717771609716872,0.28864020079138747,0.47814087554317325,0.7688531088655355,1.2409362737994387,2.0186254622529125,3.24551759826355,5.153261959725779,8.091605410009098,12.491974561599436,19.20426474754157,30.223918061815926,32.61990368011805,33.47463047494892,33.7905489400908,33.79054894009717,33.474630474936255,32.61990368012095,30.22391806179532,19.204264747515783,12.49197456162427,8.091605410050104,5.1532619597856755,3.245517598312927,2.0186254622885236,1.240936273820353,0.76885310887616,0.47814087554792345,0.2886402007933001,0.16717771609874987,0.09319199904846555,0.050166266556147955,0.02616510125139827,0.013262429222787768,0.006548409646038106,0.0031536716906833987,0.0014812384319515257,0.0006775104499242791,0.0003010076805780243,0.00012950183864932869,5.379331551082626e-05,3.4517005768893035e-05,0.0,0.0,0.0,0.0,0.0
0.0,0.0,0.0,0.0,0.0,2.2352753874337832e-05,3.4878616947666085e-05,8.41221237215262e-05,0.00019615572597082506,0.00044331134153404974,0.0009738155637420183,0.002084387937607165,0.0043538915326838635,0.008877398477309143,0.017650721703920125,0.034153266180280785,0.06414355239398531,0.11659374383798014,0.20453366893769181,0.3453701932609624,0.568073889020673,0.9411073893785734,1.5779386391903039,2.628727818236386,4.347587482989536,7.145118038857167,11.585780875109634,18.686608249851098,30.603672865789513,33.8575685766903,35.171210797062,35.673817309384866,35.67381730937891,35.17121079703651,33.85756857666147,30.60367286574485,18.686608249816942,11.585780875121056,7.145118038901624,4.347587483060936,2.6287278182977194,1.5779386392312436,0.9411073894006282,0.5680738890289594,0.34537019326189405,0.2045336689355966,0.1165937438361774,0.06414355239372276,0.03415326618130747,0.017650721705583832,0.008877398478982054,0.004353891534053971,0.002084387938585919,0.0009738155643744195,0.00044331134191310964,0.00019615572618462133,8.412212383676207e-05,3.487861700396854e-05,2.235275392311103e-05,0.0,0.0,0.0,0.0,0.0
8.088783914639928e-10,1.602881859782878e-09,7.2342915794152224e-09,4.7448325605043857e-08,3.700960769510228e-07,3.0504574452120767e-06,5.902937254888032e-06,1.4634496231945921e-05,3.550461385574701e-05,8.337712949724702e-05,0.0001898819630342835,0.0004204802477723445,0.0009075614030365202,0.0019124642234127505,0.0039370672184098985,0.00791529243788261,0.015526350288863303,0.029691361528946393,0.05539179710947774,0.10134104745473521,0.1849990795987721,0.3448370644485479,0.6568968975415383,1.262687863387363,2.4287448036088084,4.629590780286873,8.681532926982591,16.197873325798255,30.9303131762654,37.242669324076395,39.9914924805762,41.03492531923367,41.034925319220974,39.99149248056006,37.24266932404519,30.930313176239814,16.197873325785988,8.681532927006248,4.629590780342101,2.42874480367284,1.262687863431049,0.6568968975628063,0.3448370644550903,0.1849990795974395,0.10134104745118548,0.05539179710643739,0.029691361527487223,0.015526350288859252,0.00791529243868145,0.00393706721944725,0.0019124642243396961,0.0009075614037297672,0.00042048024823349776,0.00018988196331554746,8.337712965808994e-05,3.5504613943425244e-05,1.463449627782384e-05,5.90293727572259e-06,3.0504574587649537e-06,3.700960786527505e-07,4.744832574795601e-08,7.2342915629423614e-09,1.602881839257597e-09,8.088783741549119e-10
7.547386993384623e-10,1.3133138613155854e-09,4.342006987849153e-09,1.9121284999514794e-08,9.740720514737026e-08,4.6273091389570123e-07,1.0470072976577581e-06,2.685581277963803e-06,6.762179000198495e-06,1.6499218175290218e-05,3.9028894126347716e-05,8.969072068496477e-05,0.00020074414933495146,0.00043872428784904254,0.0009384915852033582,0.001969412361192982,0.004064831246211338,0.008284933384391782,0.016794678188829355,0.03427737587249573,0.07163072563167906,0.15483140893827702,0.34325440118236084,0.766518765712165,1.6932436967885753,3.6419621070151,7.571421466688928,15.342903844128921,31.011288142624636,38.381616990951855,41.77098231004871,43.08820565101004,43.08820565099877,41.77098231004527,38.38161699093269,31.011288142628175,15.342903844147454,7.571421466723517,3.641962107062074,1.693243696827408,0.7665187657349791,0.3432544011913525,0.15483140894016467,0.07163072563077047,0.03427737587132804,0.01679467818824049,0.008284933384442788,0.004064831246655532,0.001969412361751311,0.0009384915857058648,0.0004387242882274348,0.00020074414958814514,8.969072084035404e-05,3.90288942155996e-05,1.6499218224058262e-05,6.762179025903077e-06,2.6855812910434856e-06,1.0470073036703485e-06,4.6273091738453793e-07,9.740720652819494e-08,1.912128525304029e-08,4.342007008171804e-09,1.3133138506543645e-09,7.547386870526634e-10
7.27171454841735e-10,1.1756429306636076e-09,3.1532452144859407e-09,9.792793841981707e-09,3.27506668061109e-08,1.0666459770474658e-07,2.664353379859719e-07,6.898470389773398e-07,1.7575444983864047e-06,4.36937739969722e-06,1.0592464739857655e-05,2.5063570702171844e-05,5.799871455747098e-05,0.00013164929216867387,0.00029431570394584765,0.0006515691628719253,0.0014386474178350033,0.0031967172021262597,0.007223360596734062,0.016763782887845868,0.04016023645265696,0.09877394388812077,0.24540172513131253,0.6035416049315616,1.4417072634153965,3.29752553646975,7.186213698125024,15.055128129421004,31.020132406389934,38.73854790262049,42.368395750861126,43.79713796277497,43.79713796276498,42.36839575085678,38.73854790260146,31.020132406403356,15.055128129459382,7.1862136981588405,3.2975255365052267,1.44170726343913,0.6035416049453867,0.2454017251374465,0.09877394389064392,0.04016023645373356,0.016763782888479697,0.007223360597243051,0.0031967172025777614,0.0014386474182146135,0.0006515691631626684,0.00029431570414887817,0.00013164929229952672,5.799871463604863e-05,2.5063570746656754e-05,1.0592464763902332e-05,4.369377412234138e-06,1.7575445047388992e-06,6.898470420896366e-07,2.66435339397504e-07,1.0666459844283165e-07,3.275066714175975e-08,9.792793912224104e-09,3.1532452156005525e-09,1.1756429223827466e-09,7.27171446549702e-10
7.202188309056959e-10,1.1398098235057129e-09,2.8636378852285606e-09,7.8092064587466e-09,2.1433925543236777e-08,5.765485084111503e-08,1.4668089066076584e-07,3.70216893071189e-07,9.199795742251821e-07,2.2475580550251745e-06,5.400778120069481e-06,1.2781205745942151e-05,2.9854912374543252e-05,6.906802898912232e-05,0.00015904466125666133,0.0003669999657286008,0.0008556265036269231,0.002032830398308753,0.004956051026049666,0.012434194989918471,0.03199030100334588,0.08349788444771984,0.21752235130757272,0.5552336359881407,1.3648457857197618,3.1904166839297874,7.065582275249833,14.964006101758393,31.014339050360878,38.83770656340285,42.54603400008899,44.01316577579925,44.013165775797226,42.5460340000937,38.83770656340076,31.014339050390575,14.964006101801974,7.0655822752773085,3.190416683956683,1.3648457857371923,0.5552336359993606,0.2175223513139967,0.08349788445134922,0.0319903010054449,0.012434194991163805,0.004956051026786691,0.002032830398746781,0.0008556265038834061,0.0003669999658770112,0.00015904466134021637,6.90680290347953e-05,2.9854912398731087e-05,1.2781205758347028e-05,5.400778126254357e-06,2.247558058033486e-06,9.199795756478941e-07,3.7021689371535643e-07,1.466808909292609e-07,5.7654850960475045e-08,2.143392559207259e-08,7.809206464193486e-09,2.8636378798957106e-09,1.1398098180608443e-09,7.202188261148125e-10
7.190796979511008e-10,1.1334434852250435e-09,2.8121487335759923e-09,7.47911771741782e-09,1.974646135479968e-08,5.113162158130535e-08,1.2940437063880269e-07,3.2184131696880276e-07,7.868287262114648e-07,1.8930540557776199e-06,4.490387122909708e-06,1.0527421294938398e-05,2.447479693147702e-05,5.667345548104126e-05,0.00013144891546186418,0.00030749617428533956,0.0007309911015164366,0.0017782432765200398,0.004446349707270018,0.01142747665346128,0.030016523982639588,0.0796647387308654,0.21027869670467153,0.5422913113047073,1.343743158911564,3.1604729505874993,7.031240621918117,14.936755694812927,31.008094480296407,38.85973940528138,42.59056854587779,44.06915647750325,44.069156477503036,42.590568545873545,38.859739405279115,31.008094480322285,14.936755694853252,7.03124062194207,3.160472950610379,1.3437431589274615,0.542291311315282,0.21027869671145435,0.07966473873496727,0.030016523985011614,0.011427476654793042,0.00444634970798177,0.0017782432768912546,0.0007309911017021328,0.00030749617437606083,0.000131448915505091,5.6673455501095885e-05,2.4474796940595807e-05,1.0527421299020987e-05,4.490387124696531e-06,1.8930540565402797e-06,7.868287265232627e-07,3.218413170855362e-07,1.2940437067478634e-07,5.113162158957645e-08,1.974646135423285e-08,7.479117713172408e-09,2.8121487296457843e-09,1.1334434824250956e-09,7.190796956315717e-10
7.186150685578193e-10,1.1321453394401499e-09,2.8040062650692668e-09,7.431256842446013e-09,1.951911216166497e-08,5.029706252178683e-08,1.2703321926250623e-07,3.148232619752741e-07,7.664070960470418e-07,1.8356322670671404e-06,4.335082395289373e-06,1.0124296697538611e-05,2.3471964208584743e-05,5.4283973164305185e-05,0.00012599095412687596,0.0002955075221922274,0.0007055146486948167,0.001725422668961522,0.004338505386348827,0.011208859989198685,0.029574712316184765,0.07877996429546198,0.20855755951548363,0.5391331704824327,1.3384668645943798,3.152792829930855,7.022066611732968,14.928569176328777,31.003537886068465,38.86174633114728,42.59826335434019,44.079873822942915,44.07987382295162,42.598263354345114,38.86174633116518,31.003537886099032,14.928569176366139,7.0220666117569275,3.1527928299516557,1.3384668646103697,0.5391331704929866,0.20855755952218635,0.0787799642995094,0.02957471231847928,0.011208859990452302,0.004338505386991254,0.001725422669279979,0.0007055146488452984,0.0002955075222601978,0.00012599095415659868,5.428397317679655e-05,2.347196421362326e-05,1.0124296699519294e-05,4.3350823960391925e-06,1.8356322673373109e-06,7.664070961353481e-07,3.1482326199833514e-07,1.2703321926432412e-07,5.0297062518426135e-08,1.9519112158148767e-08,7.431256839693373e-09,2.8040062632457165e-09,1.1321453382652916e-09,7.186150676061882e-10
7.181800175248478e-10,1.1314246367364817e-09,2.8016997803935426e-09,7.4220111630570266e-09,1.9482821408687907e-08,5.017333190496529e-08,1.2666549198471517e-07,3.136995834546085e-07,7.63031765365594e-07,1.8258300160007558e-06,4.307725338672442e-06,1.0051218710756387e-05,2.328575604361958e-05,5.3832439135025715e-05,0.00012494894077467027,0.0002932093568412419,0.0007006232456218161,0.0017152328111751554,0.004317428475784592,0.011165162218598526,0.029483800077110576,0.07859207289633498,0.2081801451344614,0.5384173006155379,1.3372250756062491,3.1508885837691545,7.019562684211833,14.92574727460578,31.000431108091618,38.85978067572721,42.59755423125417,44.079889070694435,44.07988907070931,42.59755423126536,38.8597806757599,31.000431108123966,14.92574727463763,7.019562684237508,3.150888583788,1.337225075620951,0.5384173006256227,0.2081801451407997,0.0785920729001369,0.029483800079229388,0.011165162219739087,0.004317428476361628,0.0017152328114536902,0.0007006232457513887,0.00029320935689820506,0.00012494894079874357,5.383243914480425e-05,2.328575604739771e-05,1.0051218712152377e-05,4.3077253391623e-06,1.8258300161639735e-06,7.630317654144861e-07,3.136995834663261e-07,1.2666549198565297e-07,5.017333190351644e-08,1.9482821407232943e-08,7.422011162019348e-09,2.801699779739341e-09,1.1314246363209614e-09,7.181800171883324e-10
7.179423481037021e-10,1.131048693711874e-09,2.8007153600406847e-09,7.4190396621780015e-09,1.9473584391875742e-08,5.014563790596493e-08,1.2658619258078508e-07,3.134700850616375e-07,7.623759903375952e-07,1.8240009290025935e-06,4.302778109906738e-06,1.003832664983312e-05,2.3253604542317782e-05,5.375613479175643e-05,0.000124776945818461,0.00029283912341973145,0.0006998498778562742,0.0017136261263690734,0.004314032463648541,0.011157795735271887,0.029467527110400214,0.07855615670152964,0.20810293564601404,0.5382598161132852,1.3369271863861782,3.1503736624836858,7.018744215769519,14.924487654874342,30.998343430167765,38.857693531091485,42.59569789453707,44.078201714429255,44.07820171444457,42.59569789454672,38.857693531122266,30.998343430191326,14.924487654900316,7.018744215798441,3.1503736625044785,1.336927186400484,0.5382598161229045,0.20810293565189605,0.07855615670500979,0.029467527112311834,0.011157795736276458,0.004314032464156617,0.0017136261266098983,0.0006998498779673549,0.00029283912346839055,0.00012477694583881946,5.375613479990776e-05,2.325360454544784e-05,1.0038326650980847e-05,4.302778110303949e-06,1.8240009291335296e-06,7.623759903779196e-07,3.134700850728056e-07,1.2658619258317176e-07,5.0145637906040966e-08,1.9473584391524363e-08,7.4190396618665705e-09,2.800715359828799e-09,1.1310486935723673e-09,7.17942347988915e-10
7.179755043859866e-10,1.1311006348942514e-09,2.8008408234295404e-09,7.419349382192599e-09,1.947430950803935e-08,5.0147325122522945e-08,1.2659024486116202e-07,3.1347949446876015e-07,7.623979837655932e-07,1.8240537280717203e-06,4.302909120723321e-06,1.00386651933876e-05,2.3254520846785767e-05,5.375869649515974e-05,0.00012478402813175668,0.00029285730734885323,0.0006998901374802527,0.001713694237079442,0.004314083812481531,0.011157594537871891,0.029466270588813584,0.07855156733956953,0.2080893117464534,0.5382243758214523,1.3368441380102791,3.150195384226932,7.018385779974417,14.923788069482725,30.996959074522,38.85615293500975,42.59418518435355,44.07673602681213,44.07673602683345,42.59418518438725,38.856152935062504,30.996959074551015,14.92378806950256,7.018385779996832,3.1501953842452446,1.336844138022654,0.5382243758298381,0.20808931175154943,0.07855156734255464,0.02946627059047851,0.011157594538725857,0.004314083812914642,0.0017136942372836,0.0006998901375732084,0.0002928573073894179,0.00012478402814880546,5.3758696501964796e-05,2.3254520849393395e-05,1.0038665194349318e-05,4.302909121061356e-06,1.8240537281834922e-06,7.623979838000365e-07,3.134794944784129e-07,1.2659024486337789e-07,5.01473251227812e-08,1.9474309507879726e-08,7.419349382020385e-09,2.8008408233066722e-09,1.1311006348138879e-09,7.179755043202133e-10
7.182367123498741e-10,1.1315156774932015e-09,2.801883889204156e-09,7.422157207797808e-09,1.948181277476939e-08,5.0167047915714707e-08,1.2664120263746974e-07,3.136088378365452e-07,7.627204624870924e-07,1.8248427658583289e-06,4.304801127121312e-06,1.0043103699418447e-05,2.326468847466301e-05,5.378139114099843e-05,0.00012483324273411547,0.0002929605560701771,0.000700098396463033,0.0017140947082633087,0.004314809355276005,0.01115880824706708,0.02946806090520608,0.07855358446478615,0.20808977225519734,0.5382177501036105,1.3368165065768143,3.1501161944247964,7.018193770118417,14.923363990212941,30.996062286280054,38.85512871056055,42.59316012713099,44.07573220021236,44.075732200222085,42.59316012715596,38.855128710606266,30.996062286303037,14.923363990239768,7.018193770140715,3.1501161944419076,1.33681650658793,0.5382177501109298,0.20808977225967562,0.07855358446727079,0.02946806090661091,0.011158808247769705,0.004314809355626105,0.0017140947084283249,0.0007000983965376388,0.00029296055610230514,0.00012483324274761671,5.378139114642612e-05,2.3264688476743843e-05,1.0043103700178526e-05,4.304801127388233e-06,1.824842765946028e-06,7.627204625135799e-07,3.136088378433644e-07,1.2664120263851971e-07,5.0167047915446495e-08,1.9481812774381868e-08,7.422157207530084e-09,2.8018838890427494e-09,1.1315156773966168e-09,7.182367122734301e-10
7.18648905353508e-10,1.1321707783292041e-09,2.8035281069550102e-09,7.42656805542178e-09,1.9493531807578134e-08,5.01975742114897e-08,1.2671905267250905e-07,3.138031299780244e-07,7.631948021901902e-07,1.8259749689737908e-06,4.307441451864126e-06,1.0049114422927306e-05,2.3278033448085864e-05,5.381025551978977e-05,0.00012489398895349315,0.00029308475612380754,0.0007003445924417188,0.0017145664583157647,0.004315678988127528,0.011160336907207993,0.029470577574746692,0.07855731457820032,0.20809425479136823,0.5382203311282097,1.3368091141213851,3.1500794417830362,7.018087153166978,14.923108533431488,30.995503202711863,38.85448877615688,42.59252135620806,44.075108392039894,44.075108392042864,42.592521356230634,38.854488776204256,30.995503202774742,14.923108533469224,7.01808715319102,3.1500794417985776,1.3368091141310443,0.538220331133895,0.20809425479504184,0.07855731458011554,0.029470577575830628,0.011160336907751672,0.004315678988391341,0.0017145664584384413,0.0007003445924972996,0.00029308475614757374,0.00012489398896331952,5.381025552373387e-05,2.3278033449611855e-05,1.0049114423485211e-05,4.307441452057842e-06,1.8259749690347522e-06,7.631948022068356e-07,3.138031299811369e-07,1.2671905267210427e-07,5.019757421056857e-08,1.9493531806887234e-08,7.426568055006506e-09,2.8035281067237462e-09,1.1321707781972417e-09,7.186489052514395e-10
7.191433832429541e-10,1.1329554729052422e-09,2.805491448801106e-09,7.431812941387491e-09,1.9507390888859863e-08,5.023342583872631e-08,1.26809706321139e-07,3.140270807036863e-07,7.637351195123057e-07,1.8272476301510878e-06,4.310366823025383e-06,1.0055674274652734e-05,2.3292378497572175e-05,5.3840837556443125e-05,0.0001249575291380944,0.0002932133648076842,0.0007005980020294489,0.0017150518406882885,0.004316580087751095,0.011161948773823028,0.029473324190151053,0.0785616761645583,0.20810042360989356,0.5382272365435267,1.336812268019277,3.1500670084085263,7.018033691316053,14.922964863914872,30.995176428798988,38.85411768705301,42.59215643243077,44.07475603970721,44.074756039715766,42.592156432461096,38.85411768707113,30.995176428840413,14.922964863939308,7.0180336913332075,3.1500670084188425,1.336812268026966,0.5382272365473485,0.20810042361258446,0.07856167616593855,0.02947332419089645,0.011161948774201643,0.004316580087933734,0.001715051840770377,0.0007005980020659137,0.0002932133648233617,0.00012495752914449726,5.384083755896546e-05,2.329237849852866e-05,1.0055674274997588e-05,4.3103668231419075e-06,1.8272476301844065e-06,7.637351195186111e-07,3.1402708070264084e-07,1.2680970631903816e-07,5.023342583707748e-08,1.9507390887858416e-08,7.431812940832671e-09,2.8054914485070176e-09,1.132955472741709e-09,7.191433831179411e-10
7.196713645539031e-10,1.1337918940918776e-09,2.8075779578226426e-09,7.4373679939106625e-09,1.9522011744984523e-08,5.0271075075847785e-08,1.2690440769341807e-07,3.14259661104592e-07,7.642926600603243e-07,1.828551881413504e-06,4.3133436239323734e-06,1.0062302529542644e-05,2.3306776670878578e-05,5.3871352421021775e-05,0.0001250206350485301,0.0002933407199542398,0.0007008487650945717,0.0017155331619866784,0.004317478742484585,0.011163573630472,0.029476146126922502,0.07856631619987928,0.2081074633723949,0.5382366023996482,1.336821825104459,3.1500700372701504,7.018015162772487,14.922896326573207,30.995007841882604,38.853930233161655,42.591978905212734,44.07458962148093,44.074589621483035,42.5919789052383,38.853930233165265,30.995007841888203,14.922896326590775,7.018015162789331,3.1500700372774326,1.3368218251110007,0.5382366024023476,0.20810746337410638,0.07856631620079331,0.029476146127371494,0.011163573630685824,0.004317478742587681,0.001715533162031944,0.0007008487651131878,0.00029334071996194993,0.00012502063505157303,5.387135242219961e-05,2.3306776671293397e-05,1.0062302529675905e-05,4.3133436239675905e-06,1.8285518814171728e-06,7.642926600562977e-07,3.1425966109987164e-07,1.2690440768992618e-07,5.0271075073623907e-08,1.9522011743740523e-08,7.437367993250763e-09,2.8075779574836305e-09,1.1337918939067763e-09,7.196713644136981e-10
7.202025269820365e-10,1.134632193444849e-09,2.8096694245184036e-09,7.442923222265865e-09,1.9536595973227904e-08,5.0308525957542326e-08,1.2699832884820345e-07,3.1448959721096803e-07,7.648420656935438e-07,1.8298329069124872e-06,4.31625821264901e-06,1.0068773580062715e-05,2.332079914526899e-05,5.390101762324478e-05,0.00012508192468369702,0.00029346441768094393,0.0007010926425087717,0.001716002572279445,0.00431835930588553,0.011165177875700575,0.029478966890383377,0.07857105376358024,0.20811493838549353,0.5382473825236562,1.336835330950621,3.150082987397811,7.018019590541164,14.922877892872686,30.99494567321889,38.853866294783856,42.591927281612854,44.07454801823142,44.07454801821943,42.591927281624145,38.853866294816285,30.99494567324572,14.92287789287917,7.018019590553059,3.1500829874006007,1.3368353309540615,0.538247382525253,0.20811493838617168,0.07857105376397441,0.0294789668905786,0.01116517787577746,0.004318359305916757,0.0017160025722926509,0.0007010926425129851,0.0002934644176822087,0.00012508192468387575,5.390101762325197e-05,2.332079914522533e-05,1.006877358002615e-05,4.316258212621286e-06,1.8298329068921628e-06,7.648420656802851e-07,3.144895972027977e-07,1.269983288434422e-07,5.0308525954865504e-08,1.953659597181673e-08,7.442923221540187e-09,2.809669424152266e-09,1.13463219324718e-09,7.202025268332522e-10
7.207199766861955e-10,1.1354500479663701e-09,2.811702098688064e-09,7.448314694457655e-09,1.955072991786558e-08,5.0344766665192023e-08,1.2708907809017923e-07,3.147114367143602e-07,7.653713708512422e-07,1.8310654670564684e-06,4.319059465045535e-06,1.0074987939508193e-05,2.3334259339906836e-05,5.3929493276051094e-05,0.00012514078758334632,0.00029358335158342815,0.0007013275538581195,0.0017164559238050745,0.004319212958484878,0.011166741675822723,0.029481739911267492,0.07857577615205859,0.20812257174927506,0.5382588993201884,1.3368511670657164,3.1501021448498463,7.018038834716755,14.92289237118224,30.994954113125733,38.85388422753134,42.591958926807266,44.07458883185509,44.07458883184886,42.59195892679935,38.85388422753486,30.994954113112843,14.922892371178463,7.01803883472408,3.1501021448524473,1.3368511670664713,0.5382588993210847,0.20812257174938756,0.07857577615203443,0.029481739911243518,0.011166741675799861,0.004319212958462086,0.0017164559237915409,0.0007013275538502173,0.00029358335157962526,0.000125140787581368,5.392949327515365e-05,2.3334259339487643e-05,1.0074987939322557e-05,4.319059464963358e-06,1.8310654670174532e-06,7.653713708316693e-07,3.1471143670412034e-07,1.27089078084681e-07,5.0344766662265716e-08,1.9550729916367928e-08,7.448314693705312e-09,2.811702098314508e-09,1.1354500477668463e-09,7.207199765367307e-10
7.212153829752002e-10,1.1362326588745068e-09,2.8136456684011364e-09,7.453466155123197e-09,1.9564225493488712e-08,5.037934812141354e-08,1.2717562068843582e-07,3.1492288274571334e-07,7.658756695212161e-07,1.8322394824892328e-06,4.321727439487356e-06,1.0080907458740104e-05,2.3347086054598392e-05,5.395664766796295e-05,0.00012519697664343813,0.00029369703951126735,0.0007015525038750071,0.0017168910402018762,0.004320034711458073,0.011168253185214637,0.02948443629380024,0.07858041148837099,0.2081301832652948,0.538270705149656,1.336868252109456,3.1501250069271998,7.018067373447302,14.922928037438835,30.99500863595541,38.85395551988568,42.59204466965036,44.074683064673124,44.074683064695336,42.59204466966496,38.853955519898626,30.995008635965274,14.922928037440393,7.018067373447553,3.1501250069313156,1.3368682521086723,0.5382707051495755,0.20813018326504013,0.0785804114881213,0.02948443629360793,0.011168253185114942,0.0043200347114009194,0.0017168910401720232,0.0007015525038590372,0.0002936970395038524,0.0001251969766399706,5.3956647666491676e-05,2.3347086053973133e-05,1.0080907458476864e-05,4.321727439376187e-06,1.8322394824398723e-06,7.658756694981318e-07,3.149228827345369e-07,1.2717562068272377e-07,5.0379348118483845e-08,1.956422549201089e-08,7.453466154386795e-09,2.813645668036065e-09,1.1362326586797717e-09,7.212153828294384e-10
7.216853756297986e-10,1.1369749553065985e-09,2.8154885298949655e-09,7.4583494248628e-09,1.9577015816571567e-08,5.041211738718637e-08,1.2725762108571242e-07,3.1512323060045133e-07,7.663535472517514e-07,1.8333522384492464e-06,4.324257128167526e-06,1.008652313053692e-05,2.3359263011357747e-05,5.398244983016542e-05,0.00012525042702777586,0.0002938053308243185,0.0007017671164340373,0.0017173069521738786,0.004320822048005669,0.011169705864903987,0.029487039021977662,0.07858491544392894,0.2081376581426378,0.5382825084949711,1.3368858714037701,3.150149902972305,7.01810149461752,14.922976967571211,30.995092591199597,38.85406082445663,42.59216473192831,44.07481106705849,44.07481106706914,42.59216473191227,38.85406082444609,30.995092591220484,14.92297696758885,7.018101494612477,3.1501499029755897,1.3368858714027867,0.5382825084940835,0.20813765814193913,0.07858491544358326,0.029487039021721357,0.011169705864762684,0.0043208220479280645,0.0017173069521361623,0.0007017671164150265,0.0002938053308156124,0.00012525042702377166,5.3982449828456316e-05,2.3359263010654377e-05,1.0086523130252189e-05,4.324257128052865e-06,1.8333522384005221e-06,7.663535472294803e-07,3.1512323058988475e-07,1.2725762108033844e-07,5.041211738445401e-08,1.9577015815194112e-08,7.45834942417697e-09,2.8154885295541414e-09,1.1369749551244143e-09,7.21685375493176e-10
7.221292276144327e-10,1.1376759334711146e-09,2.8172287382699993e-09,7.462960703194626e-09,1.958909438715653e-08,5.0443066490348913e-08,1.2733508018439827e-07,3.1531252969297576e-07,7.668052211291374e-07,1.8344044289467056e-06,4.326650414087475e-06,1.0091839481825065e-05,2.337079995054174e-05,5.4006918296119875e-05,0.00012530116842638547,0.00029390825861439775,0.000701971382610122,0.0017177034478717222,0.00432157406300619,0.011171096710519671,0.02948953907467291,0.07858926231831015,0.20814492593808076,0.5382941239318124,1.3369035600206278,3.150175730495037,7.018138725172496,14.923033846343246,30.99519475019643,38.8541870963713,42.59230578797027,44.074959606916664,44.07495960692061,42.592305787976564,38.85418709638948,30.995194750232926,14.923033846379656,7.018138725171756,3.150175730495899,1.3369035600201995,0.5382941239313734,0.2081449259372824,0.07858926231791528,0.029489539074420767,0.011171096710384095,0.00432157406292827,0.0017177034478329809,0.0007019713825909812,0.00029390825860585483,0.00012530116842266484,5.400691829457168e-05,2.337079994992346e-05,1.0091839481579714e-05,4.326650413991752e-06,1.8344044289075921e-06,7.668052211117306e-07,3.153125296848118e-07,1.2733508018013569e-07,5.044306648811146e-08,1.958909438598904e-08,7.462960702597085e-09,2.817228737966458e-09,1.1376759333062496e-09,7.221292274898283e-10
7.225475042555343e-10,1.13833655500933e-09,2.8188689323879854e-09,7.467307566393849e-09,1.9600482433540958e-08,5.047225300511717e-08,1.2740814886827622e-07,3.1549116163230163e-07,7.672316213061383e-07,1.8353982354180596e-06,4.328912210123107e-06,1.0096867111907602e-05,2.33817187073963e-05,5.403009581222459e-05,0.0001253492797271553,0.00029400595798809533,0.0007021655094239794,0.0017180807809990773,0.004322290872403555,0.011172425001571975,0.02949193266465918,0.07859343871988816,0.20815194571686538,0.5383054370093073,1.336921020813552,3.150201770012459,7.018177429868226,14.923095127806587,30.99530757287237,38.854325573988405,42.59245889189705,44.07511980476961,44.075119804759055,42.59245889190741,38.85432557399421,30.995307572868303,14.92309512781699,7.0181774298699295,3.1502017700109777,1.3369210208119022,0.538305437008953,0.2081519457162613,0.07859343871953403,0.02949193266443237,0.011172425001462127,0.004322290872344432,0.001718080780970239,0.0007021655094098286,0.00029400595798170635,0.0001253492797244746,5.4030095811166065e-05,2.3381718707015436e-05,1.0096867111771304e-05,4.328912210075348e-06,1.8353982353990877e-06,7.672316212970777e-07,3.154911616275767e-07,1.2740814886547005e-07,5.047225300350188e-08,1.960048243264028e-08,7.467307565909128e-09,2.818868932132298e-09,1.1383365548663885e-09,7.22547504145966e-10
7.229413354569349e-10,1.1389586292161552e-09,2.820413688518317e-09,7.47140231022839e-09,1.9611212483468414e-08,5.049976077114044e-08,1.2747703724092796e-07,3.156596377678955e-07,7.67633955171837e-07,1.8363364206895086e-06,4.331048636213319e-06,1.0101619127730436e-05,2.3392046384641735e-05,5.4052036391426944e-05,0.00012539486438653847,0.000294098618455919,0.0007023498255075965,0.0017184394786556286,0.004322973210937453,0.011173691435735541,0.02949421931910671,0.0785974391780855,0.20815869577892862,0.5383163799936852,1.336938067873855,3.150227557333791,7.018216534262771,14.923158454716042,30.995426006250213,38.854470381588726,42.5926180458966,44.07528570911439,44.07528570909841,42.5926180459099,38.854470381597665,30.99542600623739,14.923158454697488,7.018216534267448,3.150227557335567,1.3369380678728606,0.5383163799931878,0.20815869577863783,0.0785974391779574,0.02949421931899646,0.01117369143567529,0.004322973210904274,0.001718439478640039,0.0007023498255008624,0.0002940986184531801,0.0001253948643855908,5.405203639113336e-05,2.3392046384595765e-05,1.0101619127738718e-05,4.3310486362289364e-06,1.8363364206982303e-06,7.67633955174898e-07,3.1565963776829437e-07,1.274770372402575e-07,5.0499760770381864e-08,1.961121248290777e-08,7.471402309877078e-09,2.820413688316359e-09,1.1389586290969223e-09,7.229413353634206e-10
7.233120498493532e-10,1.1395442572446065e-09,2.8218682262454608e-09,7.475258742751274e-09,1.9621320557342177e-08,5.052568145845743e-08,1.2754197247140679e-07,3.1581850583342516e-07,7.680135068423639e-07,1.837221910146103e-06,4.333066164451559e-06,1.0106109426717643e-05,2.3401811927945028e-05,5.4072798466908944e-05,0.00012543803659847082,0.00029418645557545913,0.0007025247220866281,0.001718780216836191,0.004323622165905428,0.011174897549526249,0.02949640058882376,0.07860126318737279,0.20816516673174934,0.5383269155002124,1.3369545883343146,3.1502527971720213,7.0182553370403316,14.923222264357774,30.995546666634795,38.854617579850604,42.59277922882012,44.07545333065104,44.07545333064763,42.592779228836015,38.85461757985651,30.995546666616722,14.923222264336262,7.018255337042101,3.1502527971733763,1.336954588335443,0.5383269155002044,0.20816516673168017,0.07860126318736954,0.029496400588835518,0.011174897549538987,0.004323622165913963,0.0017187802168404822,0.000702524722089612,0.0002941864555773212,0.0001254380365997222,5.407279846762762e-05,2.3401811928354755e-05,1.0106109426922003e-05,4.333066164549202e-06,1.8372219101881148e-06,7.680135068588687e-07,3.15818505839164e-07,1.275419724728993e-07,5.0525681458569343e-08,1.9621320557135044e-08,7.47525874254207e-09,2.8218682261012704e-09,1.1395442571506342e-09,7.233120497727734e-10
7.236610029911948e-10,1.1400955735164808e-09,2.8232378147222648e-09,7.478890730164898e-09,1.9630842663827038e-08,5.055010635553431e-08,1.27603180097323e-07,3.159683085150493e-07,7.683715475055169e-07,1.83805760132803e-06,4.334971219583171e-06,1.0110351862254256e-05,2.3411044377813697e-05,5.409244120169624e-05,0.00012547891343203912,0.00029426969407844413,0.0007026906166176706,0.001719103741849115,0.0043242390064602634,0.011176045343026802,0.02949847920606135,0.07860491326769238,0.20817135692426048,0.5383370256630239,1.3369705170128292,3.1502773056220312,7.018293384684118,14.92328552454105,30.995667289897955,38.85476452882206,42.59293974585664,44.07561999657175,44.07561999658554,42.59293974587759,38.854764528840555,30.99566728992209,14.923285524552762,7.01829338469342,3.150277305622003,1.336970517015096,0.5383370256638953,0.2081713569247803,0.07860491326792202,0.029498479206208492,0.0111760453431092,0.004324239006510733,0.0017191037418757967,0.0007026906166321148,0.00029426969408570747,0.00012547891343575888,5.409244120349719e-05,2.341104437869505e-05,1.0110351862661554e-05,4.334971219767561e-06,1.8380576014066343e-06,7.683715475372589e-07,3.159683085269426e-07,1.276031801012698e-07,5.055010635659794e-08,1.9630842663984748e-08,7.478890730094843e-09,2.8232378146324007e-09,1.140095573445811e-09,7.236610029302068e-10
7.239895029380768e-10,1.1406146346057898e-09,2.8245275205844106e-09,7.482311585192008e-09,1.9639813335401333e-08,5.0573122947217316e-08,1.2766087621475077e-07,3.1610956597775057e-07,7.687092968903325e-07,1.838846279641055e-06,4.336769994816484e-06,1.0114359839401698e-05,2.3419771975849836e-05,5.411102250048476e-05,0.0001255176103975212,0.0002943485580022823,0.0007028479309353564,0.0017194108221486272,0.004324825077411224,0.01117713704358406,0.029500458548520642,0.07860839371802711,0.20817726948733106,0.5383467050663606,1.3369858197737465,3.1503009722551343,7.018330388578116,14.923347558355673,30.99578636540165,38.85490946400376,42.593097796270335,44.07578392172859,44.07578392174174,42.59309779628025,38.854909464025766,30.995786365459576,14.923347558390898,7.0183303886008135,3.150300972260798,1.336985819777112,0.5383467050673121,0.2081772694881717,0.07860839371848505,0.02950045854882171,0.011177137043743294,0.004324825077502412,0.001719410822196317,0.0007028479309607315,0.00029434855801494143,0.0001255176104038356,5.411102250346763e-05,2.3419771977249256e-05,1.0114359840027851e-05,4.336769995090072e-06,1.8388462797553994e-06,7.687092969361905e-07,3.1610956599516366e-07,1.276608762208635e-07,5.057312294912893e-08,1.9639813335889604e-08,7.482311585251172e-09,2.8245275205455336e-09,1.1406146345569301e-09,7.239895028915686e-10
7.242987819000983e-10,1.1411033773158079e-09,2.8257421140875236e-09,7.485533841404377e-09,1.964826509031733e-08,5.0594813654736603e-08,1.2771526457085905e-07,3.162427692141175e-07,7.690279080726181e-07,1.8395905834695008e-06,4.338468371000521e-06,1.011814612597411e-05,2.342802172087533e-05,5.412859796785254e-05,0.0001255542390191231,0.0002944232651007346,0.0007029970785461315,0.0017197022197340314,0.0043253817350156105,0.011178174960533738,0.029502342304606036,0.078611709826735,0.20818291043560389,0.538355956165435,1.3370004826670059,3.1503237352383913,7.018366170348973,14.923407928132704,30.995902892539398,38.855051214701966,42.593252186544326,44.075943924241784,44.075943924253046,42.59325218656399,38.855051214742446,30.995902892588983,14.923407928162103,7.0183661703631985,3.1503237352461952,1.3370004826718216,0.5383559561671856,0.2081829104367985,0.07861170982733878,0.0295023423050095,0.01117817496076299,0.00432538173514895,0.0017197022198038757,0.0007029970785825048,0.00029442326511853605,0.00012555423902779216,5.4128597971883754e-05,2.3428021722730118e-05,1.0118146126795841e-05,4.338468371355345e-06,1.8395905836172903e-06,7.69027908131825e-07,3.162427692367521e-07,1.2771526457897553e-07,5.059481365740807e-08,1.96482650910882e-08,7.485533841569527e-09,2.825742114088967e-09,1.1411033772839513e-09,7.242987818648436e-10
7.245899885270575e-10,1.1415636075258774e-09,2.8268860449725227e-09,7.488569196617348e-09,1.9656228299245078e-08,5.06152555213407e-08,1.2776653581501215e-07,3.1636837822248275e-07,7.693284629251002e-07,1.8402929925429593e-06,4.340071886462144e-06,1.0121722774223118e-05,2.3435819167671184e-05,5.414522040067222e-05,0.0001255889055845725,0.00029449402383811715,0.0007031384575585717,0.001719978673776526,0.004325910309269498,0.011179161397787683,0.02950413426728827,0.078614867375015,0.20818828745336804,0.5383647863191732,1.3370145048215518,3.1503455649380325,7.0184006256634675,14.923466358284665,30.99601621827879,38.855189015944646,42.593402138812266,44.07609923554333,44.07609923554935,42.593402138831685,38.8551890160006,30.996016218330418,14.923466358332906,7.018400625676859,3.1503455649464653,1.3370145048259148,0.5383647863214956,0.20818828745488027,0.0786148673758082,0.02950413426778206,0.011179161398066986,0.004325910309430315,0.0017199786738619559,0.000703138457603581,0.0002944940238603986,0.00012558890559540107,5.4145220405691146e-05,2.3435819169948632e-05,1.0121722775221243e-05,4.340071886886522e-06,1.8402929927180366e-06,7.693284629946655e-07,3.1636837824903797e-07,1.2776653582460483e-07,5.061525552457205e-08,1.9656228300225624e-08,7.488569196862694e-09,2.8268860450049077e-09,1.1415636075072204e-09,7.245899885005408e-10
7.24864188874748e-10,1.1419970019402603e-09,2.827963447448956e-09,7.491428526840335e-09,1.966373122143529e-08,5.063452029780803e-08,1.2781486767795104e-07,3.164868223143084e-07,7.696119724225289e-07,1.8409558273599278e-06,4.341585732081104e-06,1.0125101100304078e-05,2.3443188358142935e-05,5.4160939583113356e-05,0.00012562171058085105,0.00029456103192184444,0.0007032724470195874,0.001720240891711168,0.004326412082512065,0.011180098602353512,0.02950583820862971,0.0786178723260292,0.20819340911729728,0.5383732058605155,1.3370278937744609,3.150366453059026,7.018433700100559,14.923522683607786,30.996125927810724,38.85532238174385,42.59354716173415,44.076249372406394,44.0762493724165,42.59354716175278,38.85532238178369,30.99612592786056,14.923522683643839,7.018433700114836,3.1503664530701765,1.3370278937785056,0.5383732058628785,0.20819340911867548,0.078617872326911,0.029505838209194408,0.011180098602682837,0.004326412082700284,0.0017202408918114275,0.0007032724470718338,0.00029456103194758015,0.00012562171059323383,5.416093958884038e-05,2.344318836072411e-05,1.0125101101433029e-05,4.3415857325579715e-06,1.8409558275559261e-06,7.696119724999633e-07,3.164868223437448e-07,1.2781486768857424e-07,5.0634520301406155e-08,1.9663731222544087e-08,7.491428527132209e-09,2.827963447498566e-09,1.141997001928909e-09,7.248641888530732e-10
7.251223706949195e-10,1.1424051147722108e-09,2.8289781563371975e-09,7.494121927482086e-09,1.9670800107354286e-08,5.0652674688422314e-08,1.278604255355281e-07,3.165985013406785e-07,7.69879379145678e-07,1.8415812538856523e-06,4.343014759034448e-06,1.0128291694117255e-05,2.3450151824824628e-05,5.417580225195893e-05,0.00012565274852494726,0.0002946244757362244,0.0007033994052754677,0.0017204895448252302,0.004326888277969726,0.01118098873497338,0.029507457804488154,0.07862073063082554,0.20819828439651197,0.5383812268282697,1.3370406623579232,3.15038640534352,7.018465372843898,14.923576814210994,30.996231770263318,38.8554510186982,42.59368696214797,44.076394049156846,44.0763940491798,42.59368696220008,38.85545101874044,30.996231770283988,14.923576814218437,7.018465372854048,3.1503864053531974,1.337040662362025,0.5383812268312901,0.2081982843979839,0.07862073063178454,0.02950745780506007,0.011180988735316281,0.004326888278168265,0.0017204895449334787,0.0007033994053321232,0.0002946244757644325,0.00012565274853851359,5.41758022582426e-05,2.3450151827633108e-05,1.0128291695338108e-05,4.343014759544702e-06,1.8415812540936842e-06,7.698793792271529e-07,3.165985013714048e-07,1.2786042554655962e-07,5.065267469214888e-08,1.9670800108503114e-08,7.494121927788162e-09,2.8289781563924014e-09,1.1424051147636212e-09,7.251223706752427e-10
7.253654487648464e-10,1.1427893859774812e-09,2.8299337267564935e-09,7.496658763410734e-09,1.9677459323680388e-08,5.066978065360834e-08,1.279033631167046e-07,3.1670378728814843e-07,7.701315607345643e-07,1.8421712906883154e-06,4.344363492767164e-06,1.01313044448612e-05,2.345673063336491e-05,5.418985215662153e-05,0.00012568210801931735,0.0002946845302971436,0.00070351966951707,0.0017207252665069573,0.004327340054264722,0.011181833854241399,0.029508996590253477,0.07862344810766088,0.2082029223303149,0.5383888621305596,1.3370528266146129,3.15040543663141,7.018495645575244,14.923628711491217,30.996333607455632,38.85557476632789,42.59382138406031,44.0765331170686,44.07653311706706,42.59382138408679,38.855574766373174,30.99633360751126,14.923628711509295,7.018495645595328,3.1504054366386214,1.337052826617358,0.5383888621329596,0.20820292233158752,0.07862344810864091,0.029508996590843564,0.011181833854607939,0.004327340054473078,0.001720725266620562,0.0007035196695759745,0.00029468453032658595,0.00012568210803339476,5.41898521631427e-05,2.345673063626497e-05,1.0131304446120945e-05,4.34436349329116e-06,1.8421712909008983e-06,7.701315608172188e-07,3.167037873189988e-07,1.2790336312767206e-07,5.066978065726724e-08,1.9677459324789753e-08,7.496658763698899e-09,2.829933726804691e-09,1.142789385966363e-09,7.253654487437662e-10
7.255942703161184e-10,1.1431511496404381e-09,2.830833454201331e-09,7.499047720171296e-09,1.9683731481945944e-08,5.0685895724253236e-08,1.2794382324876904e-07,3.1680302599054086e-07,7.703693336916818e-07,1.8427278170944075e-06,4.345636149819951e-06,1.0134148574299846e-05,2.3462944445107864e-05,5.420313016983403e-05,0.00012570987193149237,0.00029474135950297974,0.0007036335560155879,0.0017209486520786354,0.004327768503548709,0.011182635909104966,0.02951045793630873,0.07862603036855065,0.20820733182075254,0.538396124988112,1.3370644043834015,3.150423567469482,7.018524534799931,14.923678371499344,30.996431378453256,38.85569355544061,42.593950365744725,44.07666652159792,44.07666652160479,42.59395036578422,38.85569355549309,30.996431378529586,14.923678371532775,7.01852453482407,3.1504235674763086,1.337064404387594,0.5383961249904097,0.20820733182196324,0.0786260303694531,0.02951045793685458,0.011182635909460106,0.004327768503751665,0.0017209486521923,0.0007036335560748676,0.0002947413595328589,0.00012570987194571935,5.420313017643054e-05,2.3462944448024707e-05,1.013414857556022e-05,4.345636150339042e-06,1.842727817302762e-06,7.703693337717937e-07,3.1680302602000856e-07,1.2794382325909996e-07,5.068589572763176e-08,1.968373148293979e-08,7.499047720414578e-09,2.8308334542331908e-09,1.1431511496232814e-09,7.25594270291527e-10
7.258096202066941e-10,1.1434916419794767e-09,2.831680393778616e-09,7.501296853293142e-09,1.9689637563123795e-08,5.070107330844046e-08,1.2798193859160783e-07,3.168965388363937e-07,7.705934572356189e-07,1.8432525816220881e-06,4.346836655702088e-06,1.0136832673374827e-05,2.3468811589365096e-05,5.421567442443815e-05,0.00012573611764023457,0.0002947951165489647,0.0007037413607498312,0.0017211602595505067,0.004328174651783064,0.01118339673641872,0.029511845035696045,0.07862848277600572,0.20821152150066127,0.5384030285651225,1.3370754143400332,3.150440821781752,7.018552066525875,14.923725813368847,30.996525074680484,38.85580737899375,42.594073909710545,44.07679427226291,44.076794272290314,42.59407390977655,38.855807379056515,30.99652507473109,14.923725813415015,7.01855206653829,3.1504408217840942,1.3370754143432635,0.5384030285664734,0.20821152150179942,0.07862848277684578,0.029511845036229563,0.011183396736767095,0.004328174651980806,0.001721160259662132,0.000703741360807557,0.0002947951165780765,0.0001257361176540512,5.4215674430852726e-05,2.3468811592187867e-05,1.0136832674589177e-05,4.346836656199103e-06,1.8432525818199669e-06,7.705934573109628e-07,3.168965388636373e-07,1.279819386009696e-07,5.070107331140263e-08,1.9689637563946866e-08,7.50129685346923e-09,2.8316803937854392e-09,1.1434916419526876e-09,7.258096201763078e-10
7.260122257154543e-10,1.1438120087866398e-09,2.8324773781605232e-09,7.503413634517453e-09,1.969519703506009e-08,5.071536298243773e-08,1.2801783233967512e-07,3.169846244163377e-07,7.708046370594048e-07,1.8437472103105502e-06,4.347968662809852e-06,1.013936473959251e-05,2.3474349138995993e-05,5.422752046108729e-05,0.0001257609173133267,0.00029484594442598703,0.0007038433602488322,0.001721360610913092,0.0043285594603502614,0.011184118061763277,0.02951316089984464,0.07863081041998322,0.20821549965279754,0.5384095857279979,1.3370858753481627,3.150457225264121,7.018578272532639,14.923771071117004,30.99661472231534,38.85591627131903,42.594192061303,44.076916421438085,44.076916421447415,42.5941920613269,38.855916271379705,30.9966147223746,14.923771071151743,7.018578272539606,3.1504572252705545,1.337085875351532,0.5384095857288453,0.20821549965379474,0.07863081042063857,0.029513160900317414,0.011184118062078712,0.00432855946053533,0.0017213606110191486,0.0007038433603038817,0.0002948459444539241,0.00012576091732657458,5.4227520467211444e-05,2.3474349141670493e-05,1.0139364740733553e-05,4.34796866327197e-06,1.8437472104915599e-06,7.70804637127084e-07,3.16984624440169e-07,1.2801783234762455e-07,5.0715362984833386e-08,1.969519703566498e-08,7.503413634612101e-09,2.832477378138124e-09,1.143812008748891e-09,7.260122256785768e-10
7.262027609355466e-10,1.144113312261716e-09,2.833227034143365e-09,7.505404994612148e-09,1.970042796171818e-08,5.072881076270227e-08,1.2805161888173483e-07,3.170675600811948e-07,7.710035289125256e-07,1.844213214733744e-06,4.34903556786321e-06,1.0141752213889613e-05,2.3479572986071276e-05,5.423870137885108e-05,0.0001257843381977044,0.0002948939764588042,0.0007039398125441068,0.0017215501937160867,0.004328923828406011,0.011184801502182309,0.02951440835927066,0.07863301810775966,0.20821927416241606,0.5384158088896407,1.3370958060212643,3.1504728042854437,7.01860318780582,14.923814187918778,30.996700370148215,38.85602029361482,42.59430489343733,44.07703304893144,44.07703304895315,42.594304893470756,38.8560202936847,30.996700370212878,14.923814187931344,7.0186031878124195,3.1504728042914416,1.337095806022182,0.538415808890297,0.2082192741633329,0.07863301810831515,0.029514408359718202,0.011184801502470042,0.004328923828579382,0.0017215501938146374,0.0007039398125955087,0.000294893976484838,0.0001257843382099968,5.4238701384497205e-05,2.3479572988527925e-05,1.0141752214928563e-05,4.34903556827941e-06,1.8442132148939754e-06,7.710035289713921e-07,3.1706756010128164e-07,1.2805161888814671e-07,5.072881076447618e-08,1.9700427962078506e-08,7.505404994613775e-09,2.833227034086852e-09,1.1441133122109024e-09,7.262027608908074e-10
7.263818507784479e-10,1.1443965372539314e-09,2.833931797822792e-09,7.50727736274946e-09,1.9705347104057724e-08,5.0741459358223814e-08,1.28083404416073e-07,3.1714560340284176e-07,7.711907419779417e-07,1.8446519995982214e-06,4.350040528543317e-06,1.014400201608721e-05,2.3484497915339734e-05,5.4249247983078884e-05,0.00012580644290824755,0.00029493933685237057,0.0007040309581650359,0.0017217294627939646,0.004329268595662724,0.011185448570127885,0.029515590067592565,0.07863511036281569,0.20822285249384018,0.538421709916295,1.337105224438245,3.1504875851433174,7.018626848808716,14.92385521221121,30.996782080983937,38.85611952382302,42.59441249615877,44.07714425140494,44.07714425143617,42.594412496196846,38.85611952387409,30.996782081026556,14.923855212241195,7.018626848826809,3.150487585147669,1.3371052244382962,0.5384217099172149,0.20822285249440634,0.0786351103632254,0.029515590067978974,0.011185448570376972,0.0043292685958217746,0.0017217294628838061,0.0007040309582126722,0.00029493933687629577,0.00012580644291953282,5.4249247988217955e-05,2.3484497917558042e-05,1.0144002017006938e-05,4.350040528905082e-06,1.8446519997336772e-06,7.711907420261367e-07,3.1714560341836497e-07,1.280834044206294e-07,5.074145935927668e-08,1.970534710414786e-08,7.50727736265359e-09,2.8339317977320537e-09,1.1443965371905369e-09,7.263818507263075e-10
7.265500746164273e-10,1.1446625969517214e-09,2.8345939284712505e-09,7.509036702619798e-09,1.9709970012799356e-08,5.0753348403182286e-08,1.2811328751940437e-07,3.172189935302068e-07,7.713668420218537e-07,1.8450648698698102e-06,4.350986479191681e-06,1.0146120578560627e-05,2.3489137674540555e-05,5.425918892824564e-05,0.0001258272897096056,0.00029498214123098015,0.0007041170211366716,0.001721898842039651,0.004329594545373368,0.011186060678062307,0.029516708507490767,0.0786370914292188,0.20822624168184156,0.5384273000735986,1.3371141479609738,3.150501593544404,7.018649292231639,14.923894194997008,30.996859925523662,38.85621404924814,42.5945149689766,44.07725013485513,44.07725013487231,42.594514969004415,38.8562140492965,30.996859925563573,14.923894195011943,7.018649292234427,3.1505015935436016,1.337114147961756,0.5384273000744882,0.20822624168209516,0.07863709142961356,0.029516708507831096,0.011186060678282789,0.004329594545518385,0.0017218988421201376,0.000704117021179978,0.0002949821412523711,0.00012582728971971145,5.425918893277326e-05,2.348913767647197e-05,1.0146120579343838e-05,4.350986479494737e-06,1.8450648699793243e-06,7.71366842059107e-07,3.1721899354119124e-07,1.2811328752214535e-07,5.075334840352796e-08,1.9709970012616678e-08,7.509036702421639e-09,2.834593928343179e-09,1.14466259687434e-09,7.265500745560345e-10
7.267079695893096e-10,1.1449123380555453e-09,2.8352155211848377e-09,7.510688545434262e-09,1.9714311113480515e-08,5.076451467106621e-08,1.2814135967236074e-07,3.1728795244581206e-07,7.715323543210387e-07,1.8454530374187347e-06,4.3518761455043175e-06,1.0148113877872542e-05,2.3493505040703835e-05,5.42685508533247e-05,0.00012584693278530515,0.00029502249715793004,0.000704198209952304,0.0017220587261612252,0.004329902407363774,0.011186639143368364,0.02951776599782545,0.07863896527978273,0.2082294483340995,0.5384325900016546,1.3371225931333408,3.1505148542975756,7.01867055413394,14.9239311878482,30.996933978348235,38.856303961741446,42.594612415687564,44.07735080927868,44.07735080928446,42.59461241572251,38.85630396180798,30.99693397839098,14.923931187863472,7.018670554142156,3.1505148543017945,1.3371225931347248,0.5384325900015375,0.20822944833414037,0.07863896528014094,0.02951776599808964,0.011186639143563269,0.004329902407493323,0.0017220587262329631,0.0007041982099913361,0.0002950224971768521,0.00012584693279425095,5.4268550857228914e-05,2.349350504234495e-05,1.0148113878515738e-05,4.35187614574416e-06,1.8454530374993043e-06,7.715323543459768e-07,3.172879524517165e-07,1.2814135967305843e-07,5.076451467062445e-08,1.971431111300433e-08,7.510688545131735e-09,2.835215521020622e-09,1.1449123379651522e-09,7.267079695213188e-10
7.268560336099274e-10,1.145146545487236e-09,2.835798518424233e-09,7.512238020090529e-09,1.9718383784291392e-08,5.0774992270860676e-08,1.281677057418906e-07,3.1735268612232556e-07,7.71687766365008e-07,1.8458176271714342e-06,4.352712058184166e-06,1.014998746430348e-05,2.3497611882346615e-05,5.4277358509296464e-05,0.0001258654224923553,0.0002950605046303881,0.0007042747185077014,0.0017222094823902702,0.004330192861036913,0.011187185193368667,0.029518764701349814,0.07864073562632942,0.20823247864062353,0.5384375897069835,1.337130575614937,3.1505273911293448,7.0186906694835836,14.92396624167683,30.997004315018746,38.85638935426613,42.594704940852026,44.07744638510144,44.07744638510763,42.5947049408917,38.856389354324975,30.99700431505575,14.92396624170152,7.018690669492767,3.150527391130814,1.3371305756141327,0.5384375897065947,0.2082324786409207,0.07864073562663575,0.029518764701564105,0.011187185193551245,0.004330192861150605,0.0017222094824538875,0.0007042747185419697,0.00029506050464667697,0.00012586542249998854,5.427735851251066e-05,2.349761188366962e-05,1.0149987464793621e-05,4.352712058355934e-06,1.8458176272224532e-06,7.716877663777251e-07,3.173526861232415e-07,1.2816770574057716e-07,5.077499226964586e-08,1.9718383783521948e-08,7.512238019679642e-09,2.835798518221082e-09,1.1451465453826555e-09,7.268560335336617e-10
7.26994728088325e-10,1.1453659466625644e-09,2.83634472050391e-09,7.513689880657484e-09,1.9722200427197613e-08,5.078481282680231e-08,1.2819240442425905e-07,3.174133855870396e-07,7.718335303494107e-07,1.8461596828000176e-06,4.353496565584783e-06,1.0151746489239793e-05,2.3501469217322654e-05,5.428563487819684e-05,0.00012588280559981213,0.00029509625654496177,0.000704346726984527,0.0017223514521086014,0.004330466538264427,0.011187699970253874,0.029519706632590802,0.07864240593092704,0.2082353383878146,0.5384423085733694,1.3371381101527784,3.15053922653382,7.018709671791361,14.92399940598187,30.997071010096775,38.85647031852167,42.59479264736158,44.07753697079345,44.07753697080709,42.59479264740253,38.856470318570004,30.997071010156215,14.923999406004272,7.018709671795077,3.150539226534025,1.3371381101525892,0.5384423085734017,0.20823533838795014,0.07864240593103757,0.029519706632777625,0.011187699970417896,0.00433046653836024,0.0017223514521648624,0.0007043467270139071,0.00029509625655879337,0.00012588280560614198,5.428563488075023e-05,2.35014692183304e-05,1.0151746489576911e-05,4.353496565687884e-06,1.8461596828207115e-06,7.718335303489132e-07,3.174133855824819e-07,1.281924044207531e-07,5.078481282475742e-08,1.9722200426119324e-08,7.513689880135847e-09,2.836344720262339e-09,1.1453659465443375e-09,7.269947280041752e-10
7.271244804087882e-10,1.1455712153809286e-09,2.8368557951554343e-09,7.515048531450817e-09,1.9725772532868365e-08,5.079400564265029e-08,1.2821552865038694e-07,3.174702278968194e-07,7.719700654626991e-07,1.846480171953159e-06,4.354231845370922e-06,1.0153395730487256e-05,2.350508726637453e-05,5.429340128358076e-05,0.00012589912551081253,0.0002951298391326569,0.0007044144026799861,0.0017224849523870807,0.004330724026148889,0.011188184535856408,0.029520593665757315,0.07864397941762354,0.20823803297272703,0.5384467553779033,1.3371452105950612,3.1505503817317084,7.018727592854986,14.924030728151635,30.997134136029466,38.85654694348485,42.59487563482041,44.07762267124329,44.0776226712596,42.59487563486353,38.85654694353402,30.997134136109636,14.924030728185743,7.018727592865937,3.1505503817347407,1.3371452105949846,0.5384467553774375,0.20823803297261562,0.07864397941775772,0.029520593665969992,0.01118818453599608,0.004330724026231629,0.0017224849524368928,0.0007044144027042911,0.0002951298391440072,0.0001258991255157116,5.4293401285435846e-05,2.3505087267035587e-05,1.0153395730662424e-05,4.3542318454013115e-06,1.8464801719421056e-06,7.719700654486155e-07,3.174702278868505e-07,1.2821552864470515e-07,5.079400563975976e-08,1.9725772531469407e-08,7.515048530813221e-09,2.8368557948731697e-09,1.1455712152479388e-09,7.271244803160615e-10
7.272456861732004e-10,1.1457629753509437e-09,2.8373332862094016e-09,7.516318049840917e-09,1.9729110739832973e-08,5.080259785160431e-08,1.2823714595656827e-07,3.1752337703175285e-07,7.720977599845003e-07,1.8467799910578744e-06,4.354919915235407e-06,1.0154939615587649e-05,2.3508475502558205e-05,5.430067749265607e-05,0.00012591442246827255,0.0002951613323626049,0.0007044779007785512,0.0017226102774216396,0.004330965869617669,0.011188639876143625,0.02952142754232264,0.0786454590849269,0.20824056742013478,0.5384509383054029,1.3371518898954533,3.150560876673333,7.018744462763436,14.924060253330735,30.997193762232648,38.85661931442436,42.59495399852186,44.077703586701226,44.077703586709056,42.5949539985597,38.856619314462705,30.997193762297393,14.924060253360405,7.018744462768512,3.1505608766727393,1.3371518898943076,0.5384509383050046,0.20824056742020686,0.07864545908510619,0.02952142754248201,0.01118863987624882,0.004330965869692105,0.0017226102774637636,0.0007044779007979264,0.00029516133237161813,0.0001259144224717716,5.4300677493850434e-05,2.3508475502876046e-05,1.0154939615605994e-05,4.354919915192074e-06,1.846779991014401e-06,7.720977599563035e-07,3.1752337701602186e-07,1.282371459485141e-07,5.0802597847802505e-08,1.9729110738096324e-08,7.516318049081484e-09,2.8373332858841285e-09,1.1457629752020903e-09,7.27245686071074e-10
7.273587112394125e-10,1.1459418033959172e-09,2.8377786214960357e-09,7.517502207026353e-09,1.9732224888409993e-08,5.0810614553021194e-08,1.2825731882254835e-07,3.1757298471093553e-07,7.722169732053197e-07,1.847059969719919e-06,4.355562642726379e-06,1.0156382243217166e-05,2.3511642696656524e-05,5.430748181024757e-05,0.00012592873374449648,0.000295190810315218,0.000704537365067794,0.00172272769987041,0.004331192573865781,0.011189066905499253,0.02952220987803835,0.07864684771725301,0.20824294640210103,0.5384548649771447,1.3371581601334939,3.1505707299982393,7.01876030972088,14.924088024067796,30.997249954597272,38.85668751229956,42.595027828884454,44.07777981223905,44.07777981224119,42.59502782893309,38.85668751235212,30.997249954668053,14.92408802409003,7.018760309726183,3.1505707299995236,1.337158160133311,0.5384548649768323,0.20824294640198468,0.07864684771730085,0.0295222098781492,0.01118906690560107,0.004331192573933501,0.0017227276999029696,0.0007045373650828155,0.000295190810321762,0.00012592873374653012,5.4307481810747034e-05,2.3511642696607782e-05,1.0156382243071753e-05,4.355562642605248e-06,1.8470599696434297e-06,7.7221697316275e-07,3.1757298468932455e-07,1.282573188120974e-07,5.0810614548300845e-08,1.973222488632615e-08,7.517502206138128e-09,2.837778621125119e-09,1.1459418032303455e-09,7.273587111274334e-10
7.274638935680378e-10,1.1461082323600994e-09,2.838193120014351e-09,7.518604486897625e-09,1.9735124069745197e-08,5.0818078936992866e-08,1.2827610498001602e-07,3.17619191136874e-07,7.723280371784988e-07,1.8473208747448145e-06,4.356161754239624e-06,1.0157727402788086e-05,2.3514596958831402e-05,5.4313831165059826e-05,0.0001259420938153387,0.00029521834152504813,0.0007045929285967711,0.0017228374720793483,0.004331404606587165,0.011189466470756691,0.02952294216979674,0.07864814789511565,0.2082451742518581,0.5384585424726922,1.3371640325580891,3.150579959118262,7.0187751601548785,14.924114080344872,30.99730277530738,38.85675161346715,42.595097211094995,44.07785143734779,44.07785143734904,42.595097211146836,38.856751613515925,30.99730277536162,14.924114080368176,7.01877516016008,3.150579959117528,1.3371640325565153,0.5384585424718914,0.20824517425167371,0.07864814789519134,0.02952294216991338,0.01118946647084376,0.004331404606635527,0.0017228374721027803,0.0007045929286082367,0.0002952183415289219,0.00012594209381599434,5.431383116488372e-05,2.3514596958428194e-05,1.0157727402482734e-05,4.3561617540411555e-06,1.8473208746354043e-06,7.723280371212742e-07,3.176191911092974e-07,1.282761049671451e-07,5.0818078931322014e-08,1.973512406729921e-08,7.518604485875402e-09,2.8381931195949945e-09,1.1461082321758079e-09,7.274638934446382e-10
7.275615448966212e-10,1.1462627537451485e-09,2.8385779984438554e-09,7.519628103180616e-09,1.97378166703548e-08,5.082501239748283e-08,1.2829355769314393e-07,3.1766212567357027e-07,7.724312583169874e-07,1.8475634138035463e-06,4.3567188432204225e-06,1.015897859233042e-05,2.351734577663733e-05,5.431974118847866e-05,0.00012595453451954766,0.00029524398929491866,0.0007046447142828462,0.0017229398272230292,0.004331602400023069,0.011189839354818437,0.029523625802232768,0.07864936200695716,0.2082472549822645,0.5384619773512412,1.3371695175982685,3.1505885801995386,7.018789038668587,14.924138459513872,30.997352282570862,38.856811689428234,42.595162224940346,44.07791854584524,44.07791854585273,42.595162224993054,38.85681168948558,30.997352282632235,14.924138459531855,7.018789038672711,3.150588580199369,1.3371695175976486,0.5384619773508985,0.20824725498215618,0.07864936200698626,0.029523625802300228,0.011189839354879853,0.0043316024000618495,0.0017229398272433328,0.0007046447142906916,0.0002952439892960837,0.00012595453451901502,5.431974118763133e-05,2.351734577589575e-05,1.0158978591867923e-05,4.356718842946853e-06,1.847563413661658e-06,7.724312582451534e-07,3.17662125640001e-07,1.282935576778003e-07,5.082501239081981e-08,1.9737816667532338e-08,7.51962810201793e-09,2.8385779979728414e-09,1.146262753540647e-09,7.275615447607928e-10
7.276519522546253e-10,1.1464058200957122e-09,2.838934377038899e-09,7.520576014981252e-09,1.974031041259311e-08,5.0831434635153366e-08,1.2830972601347272e-07,3.1770190746298347e-07,7.725269188466884e-07,1.8477882387720962e-06,4.357235377645564e-06,1.0160139034827602e-05,2.3519896049783488e-05,5.432522628667396e-05,0.00012596608520469696,0.000295267811982916,0.0007046928354623175,0.0017230349803532504,0.004331786352901092,0.011190186279978661,0.029524262053044818,0.07865049225775154,0.20824919230111083,0.5384651756812762,1.337174624917923,3.1505966082437484,7.018801968120414,14.924161196327335,30.99739853074282,38.85686780688594,42.595222944776424,44.07798121580934,44.077981215826306,42.59522294482259,38.8568678069469,30.99739853079766,14.92416119635127,7.018801968126829,3.150596608243439,1.3371746249166576,0.5384651756803996,0.20824919230077654,0.07865049225772132,0.029524262053103604,0.011190186280035496,0.00433178635293272,0.0017230349803661,0.0007046928354647468,0.0002952678119818394,0.00012596608520311356,5.4325226285149736e-05,2.3519896048734587e-05,1.0160139034213634e-05,4.3572353773018235e-06,1.8477882385992413e-06,7.725269187612661e-07,3.177019074237994e-07,1.283097259958191e-07,5.083143462756354e-08,1.9740310409413027e-08,7.520576013678441e-09,2.8389343765149337e-09,1.1464058198703468e-09,7.276519521058577e-10
7.277353793363698e-10,1.1465378471627744e-09,2.8392632849733876e-09,7.521450940866962e-09,1.9742612391322534e-08,5.083736375068677e-08,1.2832465501141176e-07,3.177386459849343e-07,7.726152781266411e-07,1.8479959487637633e-06,4.3577127068113415e-06,1.016121169302587e-05,2.35222541216337e-05,5.4330299705880566e-05,0.00012597677285956611,0.000295289863264702,0.0007047373963896017,0.001723123129323391,0.004331956832169019,0.01119050791119106,0.02952485209886086,0.0786515406784838,0.20825098962404426,0.5384681430542507,1.3371793634266615,3.1506040570994642,7.0188139696536025,14.924182323004004,30.99744157024217,38.856920027765156,42.595279439646255,44.07803951974851,44.07803951977509,42.595279439688326,38.85692002784209,30.997441570306947,14.924182323021823,7.018813969657395,3.1506040570988323,1.3371793634256461,0.5384681430535847,0.20825098962381122,0.07865154067845634,0.02952485209889281,0.011190507911223987,0.004331956832186948,0.001723123129329698,0.0007047373963892513,0.00029528986326228865,0.000125976772856859,5.433029970374151e-05,2.3522254120331937e-05,1.0161211692273259e-05,4.357712706405924e-06,1.8479959485620411e-06,7.72615278028681e-07,3.177386459403117e-07,1.2832465499150884e-07,5.083736374218134e-08,1.9742612387788285e-08,7.521450939427175e-09,2.839263284398076e-09,1.1465378469167535e-09,7.277353791744481e-10
7.27812067737931e-10,1.1466592158542596e-09,2.8395656651684615e-09,7.522255371595508e-09,1.9744729107032624e-08,5.084281632902623e-08,1.2833838598528854e-07,3.1777244156283887e-07,7.72696573842388e-07,1.8481870928743262e-06,4.358152067488633e-06,1.0162199282883978e-05,2.352442580787511e-05,5.4334973591810895e-05,0.00012598662223385157,0.0002953101923722161,0.0007047784927050284,0.0017232044556576612,0.004332114174519569,0.011190804858679826,0.02952539701979504,0.07865250913451673,0.20825265009051272,0.5384708846139913,1.3371837413279728,3.150610939527018,7.018825062758651,14.924201869259354,30.997481447683487,38.85696840927235,42.595331773272335,44.07809352455208,44.07809352457991,42.59533177329846,38.856968409337796,30.997481447723327,14.924201869276747,7.018825062764935,3.1506109395272044,1.3371837413268772,0.5384708846131341,0.20825265009015945,0.07865250913443764,0.029525397019814947,0.011190804858711729,0.004332114174536557,0.0017232044556617027,0.0007047784927022967,0.00029531019236791784,0.00012598662223005301,5.433497358926985e-05,2.3524425806362026e-05,1.0162199282007307e-05,4.3581520670324845e-06,1.8481870926475426e-06,7.726965737340463e-07,3.177724415135908e-07,1.283383859635131e-07,5.084281631972105e-08,1.974472910317897e-08,7.522255370030189e-09,2.8395656645447057e-09,1.1466592155883876e-09,7.27812067563415e-10
7.278822380723885e-10,1.1467702739922633e-09,2.8398423786401703e-09,7.522991581597028e-09,1.9746666495770062e-08,5.084780751558545e-08,1.2835095665069792e-07,3.1780338582217375e-07,7.727710230876035e-07,1.848362172668561e-06,4.358554589492765e-06,1.016310428572221e-05,2.3526416422404597e-05,5.4339259043668205e-05,0.0001259956559466892,0.0002953288443039307,0.0007048162118416454,0.0017232791253437194,0.004332258687902703,0.011191077680686754,0.029525897804075597,0.07865339933263375,0.20825417657330278,0.5384734050684649,1.3371877661340545,3.1506172672231245,7.018835265327088,14.924219862403339,30.997518205862846,38.85701300398282,42.59538000425735,44.07814329175542,44.07814329178272,42.5953800042827,38.857013004052305,30.997518205905852,14.924219862415702,7.018835265332234,3.150617267223142,1.3371877661332778,0.5384734050678975,0.20825417657307452,0.07865339933259938,0.029525897804101323,0.011191077680711725,0.004332258687912217,0.0017232791253429733,0.0007048162118366468,0.0002953288442986402,0.0001259956559425139,5.433925904090731e-05,2.352641642069849e-05,1.0163104284760102e-05,4.3585545890026194e-06,1.8483621724226738e-06,7.727710229714585e-07,3.178033857691611e-07,1.2835095662742452e-07,5.084780750562589e-08,1.9746666491659944e-08,7.52299157993064e-09,2.8398423779765812e-09,1.1467702737099893e-09,7.278822378875377e-10
7.279460909752585e-10,1.1468713378986392e-09,2.8400942084217346e-09,7.523661639320492e-09,1.9748429956090087e-08,5.0852351084798335e-08,1.283624013106126e-07,3.1783156210226767e-07,7.728388233359937e-07,1.8485216444164818e-06,4.3589213007025135e-06,1.0163928959182037e-05,2.352823080052238e-05,5.4343166162534014e-05,0.00012600389458661753,0.0002953458600230092,0.0007048506333972482,0.0017233472895067047,0.004332390652731645,0.011191326885647609,0.02952635535205978,0.07865421282854317,0.2082555716923387,0.5384757087139197,1.3371914447041389,3.1506230508720448,7.018844593706409,14.924236327401083,30.99755188400692,38.857053860032856,42.595424186205555,44.07818887760855,44.07818887762858,42.595424186225486,38.85705386008589,30.99755188403655,14.924236327411535,7.018844593711273,3.1506230508714492,1.3371914447030009,0.53847570871314,0.20825557169200226,0.07865421282848482,0.029526355352082635,0.011191326885675486,0.0043323906527442824,0.0017233472895072676,0.0007048506333923949,0.00029534586001731493,0.0001260038945820332,5.434316615947708e-05,2.3528230798682672e-05,1.0163928958184676e-05,4.358921300187512e-06,1.8485216441572933e-06,7.728388232149415e-07,3.178315620467079e-07,1.2836240128633413e-07,5.085235107437496e-08,1.9748429951798532e-08,7.523661637581713e-09,2.8400942077303767e-09,1.1468713376054924e-09,7.27946090783685e-10
7.280038080013647e-10,1.1469626938101508e-09,2.8403218630677734e-09,7.524267416484864e-09,1.975002437318865e-08,5.085645950162623e-08,1.2837275100822176e-07,3.178570458265266e-07,7.729001533151032e-07,1.8486659211011748e-06,4.359253131560594e-06,1.0164675347123913e-05,2.352987331995648e-05,5.434670409406323e-05,0.00012601135679703317,0.0002953612766292933,0.0007048818294768939,0.0017234090850715591,0.004332510323109352,0.011191552934340683,0.029526770479762748,0.07865495103227664,0.20825683782229246,0.5384777994448705,1.3371947832581559,3.150628300168194,7.0188530627432,14.924251286944697,30.997582517734003,38.857091021162084,42.59546436785907,44.07823033327863,44.07823033329548,42.5954643678927,38.857091021220356,30.997582517780504,14.924251286960837,7.018853062749603,3.150628300168464,1.337194783257581,0.53847779944441,0.20825683782211443,0.07865495103228971,0.02952677047980792,0.011191552934373801,0.00433251032312222,0.0017234090850710348,0.0007048818294713253,0.0002953612766232974,0.0001260113567923874,5.4346704091001774e-05,2.3529873318126492e-05,1.0164675346111558e-05,4.359253131024521e-06,1.8486659208361753e-06,7.729001531915027e-07,3.1785704576955224e-07,1.2837275098343882e-07,5.085645949097878e-08,1.975002436882178e-08,7.524267414721134e-09,2.8403218623701756e-09,1.1469626935167027e-09,7.28003807810588e-10
7.280555524256441e-10,1.147044599142376e-09,2.8405259797871646e-09,7.52481059635077e-09,1.9751454140451167e-08,5.0860143976416e-08,1.2838203366314935e-07,3.178799048323065e-07,7.729551737857778e-07,1.8487953742129173e-06,4.359550919065589e-06,1.0165345288338501e-05,2.3531347919822576e-05,5.4349881068534826e-05,0.00012601805935643514,0.00029537512751339845,0.0007049098649812312,0.0017234646352957735,0.0043326179278117705,0.011191756241706988,0.02952714392222871,0.07865561521442242,0.20825797710399924,0.5384796807741983,1.3371977874097358,3.15063302386546,7.0188606858484,14.92426476154098,30.997610139281672,38.857124526925766,42.595500593263885,44.07826770497473,44.07826770498558,42.595500593303,38.857124526976584,30.997610139333755,14.924264761558174,7.018860685852813,3.15063302386487,1.3371977874086782,0.5384796807736045,0.20825797710382665,0.07865561521446693,0.029527143922304645,0.011191756241760291,0.004332617927835528,0.0017234646353003712,0.0007049098649779051,0.00029537512750823304,0.0001260180593520247,5.434988106549765e-05,2.3531347917977823e-05,1.0165345287311133e-05,4.359550918531276e-06,1.848795373952746e-06,7.729551736619849e-07,3.1787990477549176e-07,1.2838203363855665e-07,5.0860143965901266e-08,1.9751454136179037e-08,7.524810594647846e-09,2.8405259791249825e-09,1.1470445988710987e-09,7.280555522528249e-10
7.281014699500139e-10,1.1471172836056e-09,2.840707127210735e-09,7.525292681043974e-09,1.975272317857768e-08,5.086341451369025e-08,1.2839027419281232e-07,3.1790019966486437e-07,7.730040282359635e-07,1.8489103353592651e-06,4.359815410401803e-06,1.016594042431311e-05,2.3532658116749544e-05,5.435270443438474e-05,0.00012602401724787424,0.000295387442497741,0.0007049347978843836,0.0017235140502966902,0.004332713671248314,0.011191937178526687,0.02952747633631104,0.07865620651043022,0.20825899145060298,0.5384813558411465,1.3372004621756353,3.150637229788465,7.018867475012929,14.9242767695326,30.99763477747543,38.85715441270466,42.59553290183596,44.07830103406549,44.07830103407402,42.59553290188298,38.85715441275439,30.99763477753576,14.924276769559704,7.018867475021537,3.1506372297907137,1.3372004621759113,0.5384813558412777,0.2082589914507897,0.07865620651063303,0.029527476336460533,0.01119193717861151,0.004332713671285369,0.0017235140503069244,0.0007049347978833642,0.0002953874424934976,0.00012602401724386337,5.4352704431537235e-05,2.3532658114996253e-05,1.01659404233255e-05,4.35981540988523e-06,1.8489103351030423e-06,7.730040281135626e-07,3.179001996103441e-07,1.283902741694514e-07,5.0863414503941865e-08,1.975272317474258e-08,7.52529267958966e-09,2.8407071266825918e-09,1.1471172834123398e-09,7.281014698384408e-10
7.281416893214052e-10,1.1471809501834815e-09,2.84086580782546e-09,7.525714998001152e-09,1.975383495241428e-08,5.086627995505291e-08,1.2839749461915342e-07,3.1791798383627035e-07,7.730468434865257e-07,1.8490110976437538e-06,4.360047266087258e-06,1.0166462206319685e-05,2.3533807020075322e-05,5.435518068924859e-05,0.00012602924372017647,0.0002953982479542875,0.0007049566794568471,0.0017235574274686164,0.004332797734233597,0.011192096072834955,0.029527768303266547,0.07865672592535936,0.20825988255621536,0.5384828274270209,1.3372028120033999,3.1506409248790757,7.018873440881455,14.924287327207535,30.99765645790603,38.857180709909315,42.59556132855756,44.07833035725542,44.07833035726287,42.59556132860689,38.857180709958484,30.99765645797249,14.92428732723587,7.018873440890132,3.1506409248823526,1.337202812004467,0.5384828274277996,0.20825988255683087,0.07865672592581863,0.029527768303560367,0.011192096072992826,0.004332797734305429,0.0017235574274942777,0.000704956679462128,0.0002953982479524313,0.0001260292437169929,5.4355180686657894e-05,2.3533807018391793e-05,1.0166462205352106e-05,4.36004726558102e-06,1.8490110973957227e-06,7.7304684337261e-07,3.1791798378747173e-07,1.2839749459898962e-07,5.086627994741693e-08,1.9753834949796926e-08,7.525714997234063e-09,2.8408658076695734e-09,1.1471809502060578e-09,7.281416893784877e-10
7.281763228562094e-10,1.1472357759673e-09,2.8410024600627617e-09,7.526078705529288e-09,1.9754792485542655e-08,5.086874801650999e-08,1.284037141615584e-07,3.179333040532603e-07,7.73083730239458e-07,1.8490979169130482e-06,4.360247062672918e-06,1.0166911901206367e-05,2.3534797344268476e-05,5.435731550627568e-05,0.0001260337503424847,0.0002954075669143311,0.000704975554479456,0.001723594851887313,0.0043328702747285185,0.011192233211230064,0.029528020330965788,0.07865717433741486,0.20826065190110746,0.5384840979618919,1.3372048407782242,3.1506441151999027,7.018878592748589,14.924296448790615,30.997675202960792,38.85720344601047,42.59558590401895,44.078355706644096,44.07835570664977,42.59558590406048,38.857203446051614,30.997675203020723,14.924296448823593,7.018878592762754,3.1506441152075295,1.3372048407821424,0.5384840979643998,0.20826065190270301,0.07865717433841794,0.029528020331544957,0.01119223321152965,0.004332870274866604,0.0017235948519415563,0.000704975554496153,0.0002954075669166821,0.00012603375034069182,5.4357315504094464e-05,2.3534797342696553e-05,1.0166911900277119e-05,4.3602470621887384e-06,1.8490979166828806e-06,7.730837301404711e-07,3.1793330401519255e-07,1.2840371414922673e-07,5.0868748014115813e-08,1.9754792485997883e-08,7.52607870649901e-09,2.8410024608529425e-09,1.1472357765381723e-09,7.281763233411938e-10
7.282054668817089e-10,1.1472819128623514e-09,2.8411174600809935e-09,7.526384797573366e-09,1.9755598372835223e-08,5.087082532073642e-08,1.2840894931661535e-07,3.179462004061491e-07,7.731147835264976e-07,1.8491710128311414e-06,4.360415295219128e-06,1.0167290596822541e-05,2.353563142032622e-05,5.435911375727009e-05,0.00012603754705003365,0.000295415419157142,0.0007049914614114776,0.0017236263966220941,0.0043329314284098995,0.01119234883989697,0.029528232855708374,0.07865755250116227,0.20826130075745794,0.5384851695350722,1.337206551842595,3.150646805970897,7.018882938623602,14.924304146541463,30.997691031896178,38.85722264465023,42.59560665455286,44.078377109869336,44.07837710987791,42.59560665459353,38.857222644696016,30.997691031957263,14.924304146579765,7.018882938644883,3.150646805984354,1.3372065518510758,0.5384851695407531,0.2082613007610818,0.07865755250336895,0.029528232856940964,0.011192348840526249,0.004332931428701755,0.0017236263967422747,0.0007049914614540576,0.0002954154191686262,0.0001260375470510376,5.43591137557854e-05,2.3535631418868137e-05,1.0167290595900856e-05,4.360415294747861e-06,1.849171012628168e-06,7.731147834579574e-07,3.179462003938806e-07,1.284089493230886e-07,5.0870825330334935e-08,1.975559838041632e-08,7.526384802577244e-09,2.8411174630716244e-09,1.1472819147061746e-09,7.282054683591326e-10
7.282292021240172e-10,1.1473194882032036e-09,2.841211123301068e-09,7.526634107793088e-09,1.9756254791100602e-08,5.08725174245492e-08,1.2841321392891788e-07,3.179567065424708e-07,7.731400831052526e-07,1.8492305697575446e-06,4.360552379236339e-06,1.016759920627268e-05,2.353631120496463e-05,5.436057953210744e-05,0.00012604064218406957,0.00029542182128989035,0.0007050044325466783,0.0017236521230327303,0.004332981309221023,0.011192443165604296,0.029528406243975597,0.07865786105049517,0.2082618301941122,0.5384860439020247,1.3372079480048007,3.1506490015769364,7.0188864852335815,14.924310430759752,30.99770396092493,38.85723832572514,42.595623602308706,44.07839459016878,44.07839459017975,42.59562360234649,38.857238325775704,30.997703960987106,14.924310430805617,7.018886485266329,3.150649001600728,1.3372079480217414,0.5384860439137759,0.2082618302017241,0.07865786105509605,0.02952840624652675,0.011192443166903107,0.004332981309825823,0.0017236521232876065,0.0007050044326421999,0.000295421821320035,0.00012604064219077815,5.436057953202824e-05,2.3536311203733332e-05,1.0167599205367823e-05,4.36055237879547e-06,1.8492305696124362e-06,7.731400830993998e-07,3.179567065829317e-07,1.2841321397338645e-07,5.087251745874076e-08,1.9756254813519387e-08,7.526634121170326e-09,2.8412111308526253e-09,1.147319492677897e-09,7.282292056489562e-10
7.282475941378216e-10,1.1473486054050274e-09,2.841283705935748e-09,7.526827313461697e-09,1.975676350889229e-08,5.087382884233694e-08,1.2841651924651023e-07,3.1796484980356553e-07,7.73159693793623e-07,1.8492767375321997e-06,4.360658652454325e-06,1.0167838471759488e-05,2.3536838288711653e-05,5.436171615534943e-05,0.00012604304252513147,0.00029542678681267274,0.000705014494137461,0.001723672081000944,0.004333020009791736,0.01119251635644561,0.029528540793700625,0.0786581005007468,0.2082622410800585,0.5384867224901759,1.3372090315491192,3.1506507055863504,7.018889238055497,14.924315309830767,30.997714003224946,38.857250505411706,42.59563676530097,44.07840816645132,44.07840816646908,42.59563676534868,38.85725050548042,30.997714003298803,14.92431530989437,7.018889238107143,3.15065070562729,1.3372090315804466,0.5384867225125716,0.20826224109479732,0.07865810050964954,0.029528540798628856,0.011192516358949618,0.004333020010958385,0.0017236720814967539,0.0007050144943271946,0.0002954267868758773,0.00012604304254188286,5.436171615769184e-05,2.3536838287842387e-05,1.0167838470864826e-05,4.360658652058627e-06,1.8492767374868458e-06,7.731596938988343e-07,3.17964849937983e-07,1.284165193587505e-07,5.087382892046966e-08,1.975676355761872e-08,7.52682734160307e-09,2.841283721524699e-09,1.1473486145052e-09,7.28247601256532e-10
7.282606938810755e-10,1.14736934478079e-09,2.841335406711443e-09,7.526964939456964e-09,1.9757125896228333e-08,5.087476306991736e-08,1.2841887397608447e-07,3.179706513470605e-07,7.731736657403297e-07,1.8493096320725245e-06,4.360734376137095e-06,1.0168008967457312e-05,2.353721390208917e-05,5.436252619931165e-05,0.00012604475332019243,0.0002954303261737619,0.0007050216665049996,0.001723686309145801,0.004333047601851111,0.011192568542612675,0.02952863673568417,0.07865827125119285,0.20826253408864007,0.5384872064055338,1.337209804245306,3.150651920763596,7.018891201333403,14.924318790255064,30.997721169018607,38.857259196256265,42.59564615749485,44.078417853366695,44.07841785339319,42.595646157560836,38.85725919634991,30.997721169111358,14.924318790339184,7.0188912014087945,3.1506519208284662,1.3372098042971412,0.5384872064430885,0.20826253411348655,0.07865827126619065,0.02952863674398684,0.011192568546831577,0.004333047603819687,0.0017236863099862104,0.0007050216668297085,0.0002954303262844667,0.00012604475335146535,5.436252620522302e-05,2.353721390180322e-05,1.0168008966611709e-05,4.36073437582069e-06,1.8493096321745938e-06,7.731736660050942e-07,3.179706516148399e-07,1.284188741840089e-07,5.08747632099311e-08,1.975712598191662e-08,7.526964988364324e-09,2.841335433594876e-09,1.1473693603594422e-09,7.28260706023996e-10
7.282685383270847e-10,1.1473817644022015e-09,2.841366368648596e-09,7.527047362143833e-09,1.975734293282733e-08,5.087532260265467e-08,1.2842028432472554e-07,3.17974126243265e-07,7.731820346453624e-07,1.8493293358695905e-06,4.360779736179635e-06,1.0168111101899632e-05,2.3537438920729086e-05,5.436301149483109e-05,0.0001260457783049442,0.0002954324468150011,0.0007050259641299118,0.001723694835000968,0.004333064136565506,0.011192599817019361,0.029528694234702547,0.07865837358692705,0.2082627097005504,0.5384874964372082,1.337210267355107,3.1506526490785456,7.018892378090807,14.924320876662438,30.99772546558641,38.85726440719002,42.59565178883181,44.07842366134491,44.07842366138118,42.595651788922204,38.857264407310325,30.997725465696185,14.924320876760001,7.018892378187952,3.150652649169813,1.3372102674296458,0.538487496490692,0.20826270973553393,0.07865837360792023,0.02952869424631906,0.01119259982293073,0.004333064139330198,0.001723694836184852,0.000705025964589606,0.00029543244697334753,0.00012604577835084445,5.436301150438377e-05,2.3537438921067882e-05,1.0168111101125927e-05,4.3607797359543e-06,1.8493293361236705e-06,7.731820350709129e-07,3.17974126644262e-07,1.2842028462781066e-07,5.0875322804023454e-08,1.9757343055085054e-08,7.527047431565643e-09,2.8413664066527355e-09,1.147381786343716e-09,7.282685554002054e-10
7.28271150476197e-10,1.1473859001493936e-09,2.841376679327554e-09,7.527074810505481e-09,1.975741521174011e-08,5.0875508945240336e-08,1.2842075402468115e-07,3.1797528353556536e-07,7.731848219028581e-07,1.8493358983175412e-06,4.360794843845025e-06,1.0168145119580274e-05,2.353751386876134e-05,5.436317313824399e-05,0.00012604611971776442,0.0002954331531990782,0.0007050273957043562,0.0017236976751123256,0.004333069644719569,0.011192610235633409,0.02952871339010277,0.07865840767987797,0.2082627682053922,0.5384875930594897,1.3372104216348095,3.1506528917108305,7.018892770141614,14.924321571837073,30.99772689730388,38.85726614357273,42.59565366527442,44.078425596640464,44.07842559668746,42.595653665389406,38.85726614370354,30.997726897394518,14.92432157191455,7.018892770248835,3.150652891828329,1.337210421730015,0.5384875931235311,0.2082627682449814,0.07865840770303038,0.02952871340288,0.011192610242178,0.0043330696478040415,0.0017236976764410368,0.0007050273962226907,0.00029543315337846504,0.00012604611977019413,5.436317314944855e-05,2.353751386939295e-05,1.0168145118844533e-05,4.360794843662825e-06,1.8493358986395804e-06,7.7318482239947e-07,3.1797528399529223e-07,1.2842075436967211e-07,5.0875509173591174e-08,1.9757415350067526e-08,7.527074888938712e-09,2.841376722211311e-09,1.1473859248824579e-09,7.28271169712267e-10
