-1.000000000000000000e+00,-1.000000000000000000e+00,-1.000000000000000000e+00,-1.000000000000000000e+00,-1.000000000000000000e+00,-1.000000000000000000e+00,-1.000000000000000000e+00,-1.000000000000000000e+00,-1.000000000000000000e+00,-1.000000000000000000e+00,-1.000000000000000000e+00,-1.000000000000000000e+00,-1.000000000000000000e+00,-1.000000000000000000e+00,-1.000000000000000000e+00,-1.000000000000000000e+00,-1.000000000000000000e+00,-1.000000000000000000e+00,-1.000000000000000000e+00,-1.000000000000000000e+00,-1.000000000000000000e+00,-1.000000000000000000e+00,-1.000000000000000000e+00,-1.000000000000000000e+00,-1.000000000000000000e+00,-1.000000000000000000e+00,-1.000000000000000000e+00,-1.000000000000000000e+00,-1.000000000000000000e+00,-1.000000000000000000e+00,-1.000000000000000000e+00,-1.000000000000000000e+00,-1.000000000000000000e+00,-1.000000000000000000e+00,-1.000000000000000000e+00,-1.000000000000000000e+00,-1.000000000000000000e+00,-1.000000000000000000e+00,-1.000000000000000000e+00,-1.000000000000000000e+00,-1.000000000000000000e+00,-1.000000000000000000e+00,-1.000000000000000000e+00,-1.000000000000000000e+00,-1.000000000000000000e+00,-1.000000000000000000e+00,-1.000000000000000000e+00,-1.000000000000000000e+00,-1.000000000000000000e+00,-1.000000000000000000e+00,-1.000000000000000000e+00,-1.000000000000000000e+00,-1.000000000000000000e+00,-1.000000000000000000e+00,-1.748673091337935359e+00,-1.748705495448375391e+00,-1.748802642739268220e+00,-1.748964274390801377e+00,-1.749189780035365516e+00,-1.749477762025506422e+00,-1.749825085056188723e+00,-1.750224829640246949e+00,-1.750662049673457732e+00,-1.751105293215036385e+00,-1.751490253019817755e+00,-1.751689363055464854e+00,-1.751457289266977524e+00,-1.750336751525632284e+00,-1.747501866663508041e+00,-1.741507814842992774e+00,-1.729908534715135504e+00,-1.708705584195347127e+00,-1.671620898081428663e+00,-1.609294143141997369e+00,-1.508811056386374361e+00,-1.354723738177593617e+00,-1.134329827908400201e+00,-8.525163037409072553e-01,-5.616096321456687246e-01,-3.879575319144606960e-01,-3.879575316886600955e-01,-5.616096297315017472e-01,-8.525162945237341194e-01,-1.134329807750231733e+00,-1.354723704025491360e+00,-1.508811006869452687e+00,-1.609294078152484486e+00,-1.671620818260833419e+00,-1.708705490586744036e+00,-1.729908428541699461e+00,-1.741507697327077109e+00,-1.747501738872131893e+00,-1.750336614300990634e+00,-1.751457143269546268e+00,-1.751689208895319982e+00,-1.751490091388663517e+00,-1.751105124951755077e+00,-1.750661875713696913e+00,-1.750224650933475345e+00,-1.749824902456433851e+00,-1.749477576300339621e+00,-1.749189591755360595e+00,-1.748964083478973919e+00,-1.748802449243480384e+00,-1.748705302719340438e+00,-1.748672897790497505e+00,-1.000000000000000000e+00,-1.000000000000000000e+00,-1.000000000000000000e+00,-1.000000000000000000e+00,-1.000000000000000000e+00,-1.000000000000000000e+00,-1.000000000000000000e+00,-1.000000000000000000e+00,-1.000000000000000000e+00,-1.000000000000000000e+00,-1.000000000000000000e+00,-1.000000000000000000e+00,-1.000000000000000000e+00,-1.000000000000000000e+00,-1.000000000000000000e+00,-1.000000000000000000e+00,-1.000000000000000000e+00,-1.000000000000000000e+00,-1.000000000000000000e+00,-1.000000000000000000e+00,-1.000000000000000000e+00,-1.000000000000000000e+00,-1.000000000000000000e+00,-1.000000000000000000e+00,-1.000000000000000000e+00,-1.000000000000000000e+00,-1.000000000000000000e+00,-1.000000000000000000e+00,-1.000000000000000000e+00,-1.000000000000000000e+00,-1.000000000000000000e+00,-1.000000000000000000e+00,-1.000000000000000000e+00,-1.000000000000000000e+00,-1.000000000000000000e+00,-1.000000000000000000e+00,-1.000000000000000000e+00,-1.000000000000000000e+00,-1.000000000000000000e+00,-1.000000000000000000e+00,-1.000000000000000000e+00,-1.000000000000000000e+00,-1.000000000000000000e+00,-1.000000000000000000e+00,-1.000000000000000000e+00,-1.000000000000000000e+00,-1.000000000000000000e+00,-1.000000000000000000e+00,-1.000000000000000000e+00,-1.000000000000000000e+00,-1.000000000000000000e+00,-1.000000000000000000e+00,-1.000000000000000000e+00,-1.000000000000000000e+00
-1.000000000000000000e+00,-1.000000000000000000e+00,-1.000000000000000000e+00,-1.000000000000000000e+00,-1.000000000000000000e+00,-1.000000000000000000e+00,-1.000000000000000000e+00,-1.000000000000000000e+00,-1.000000000000000000e+00,-1.000000000000000000e+00,-1.000000000000000000e+00,-1.000000000000000000e+00,-1.000000000000000000e+00,-1.000000000000000000e+00,-1.000000000000000000e+00,-1.000000000000000000e+00,-1.000000000000000000e+00,-1.000000000000000000e+00,-1.000000000000000000e+00,-1.000000000000000000e+00,-1.000000000000000000e+00,-1.000000000000000000e+00,-1.000000000000000000e+00,-1.000000000000000000e+00,-1.000000000000000000e+00,-1.000000000000000000e+00,-1.000000000000000000e+00,-1.000000000000000000e+00,-1.000000000000000000e+00,-1.000000000000000000e+00,-1.000000000000000000e+00,-1.000000000000000000e+00,-1.000000000000000000e+00,-1.000000000000000000e+00,-1.000000000000000000e+00,-1.000000000000000000e+00,-1.000000000000000000e+00,-1.000000000000000000e+00,-1.000000000000000000e+00,-1.000000000000000000e+00,-1.000000000000000000e+00,-1.000000000000000000e+00,-1.000000000000000000e+00,-1.000000000000000000e+00,-1.000000000000000000e+00,-1.000000000000000000e+00,-1.000000000000000000e+00,-1.000000000000000000e+00,-1.000000000000000000e+00,-1.000000000000000000e+00,-1.000000000000000000e+00,-1.000000000000000000e+00,-1.000000000000000000e+00,-1.000000000000000000e+00,-1.748702239926991808e+00,-1.748734643673140798e+00,-1.748831789075875776e+00,-1.748993420344781002e+00,-1.749218926050468026e+00,-1.749506908121254867e+00,-1.749854231277210959e+00,-1.750253975961651109e+00,-1.750691196138987493e+00,-1.751134440088206734e+00,-1.751519400967776363e+00,-1.751718513613319983e+00,-1.751486445773259293e+00,-1.750365920949196408e+00,-1.747531062941578783e+00,-1.741537064718583050e+00,-1.729937887535643259e+00,-1.708735127631264561e+00,-1.671650781827672461e+00,-1.609324611463522903e+00,-1.508842485681366030e+00,-1.354756663058563460e+00,-1.134364910981720653e+00,-8.525541540323885448e-01,-5.616503340773313369e-01,-3.879999386223353941e-01,-3.879999338746522586e-01,-5.616503195976469964e-01,-8.525541288623295078e-01,-1.134364874871600648e+00,-1.354756615689762356e+00,-1.508842426779329227e+00,-1.609324540907766776e+00,-1.671650699690098829e+00,-1.708735034186698032e+00,-1.729937783259779094e+00,-1.741536950241944437e+00,-1.747530938953371304e+00,-1.750365788110077814e+00,-1.751486304684907180e+00,-1.751718364850936682e+00,-1.751519245150098714e+00,-1.751134277954431440e+00,-1.750691028554346218e+00,-1.750253803838786926e+00,-1.749854055475526637e+00,-1.749506729394600724e+00,-1.749218744781886326e+00,-1.748993236067004631e+00,-1.748831600743176340e+00,-1.748734452335730882e+00,-1.748702046652972797e+00,-1.000000000000000000e+00,-1.000000000000000000e+00,-1.000000000000000000e+00,-1.000000000000000000e+00,-1.000000000000000000e+00,-1.000000000000000000e+00,-1.000000000000000000e+00,-1.000000000000000000e+00,-1.000000000000000000e+00,-1.000000000000000000e+00,-1.000000000000000000e+00,-1.000000000000000000e+00,-1.000000000000000000e+00,-1.000000000000000000e+00,-1.000000000000000000e+00,-1.000000000000000000e+00,-1.000000000000000000e+00,-1.000000000000000000e+00,-1.000000000000000000e+00,-1.000000000000000000e+00,-1.000000000000000000e+00,-1.000000000000000000e+00,-1.000000000000000000e+00,-1.000000000000000000e+00,-1.000000000000000000e+00,-1.000000000000000000e+00,-1.000000000000000000e+00,-1.000000000000000000e+00,-1.000000000000000000e+00,-1.000000000000000000e+00,-1.000000000000000000e+00,-1.000000000000000000e+00,-1.000000000000000000e+00,-1.000000000000000000e+00,-1.000000000000000000e+00,-1.000000000000000000e+00,-1.000000000000000000e+00,-1.000000000000000000e+00,-1.000000000000000000e+00,-1.000000000000000000e+00,-1.000000000000000000e+00,-1.000000000000000000e+00,-1.000000000000000000e+00,-1.000000000000000000e+00,-1.000000000000000000e+00,-1.000000000000000000e+00,-1.000000000000000000e+00,-1.000000000000000000e+00,-1.000000000000000000e+00,-1.000000000000000000e+00,-1.000000000000000000e+00,-1.000000000000000000e+00,-1.000000000000000000e+00,-1.000000000000000000e+00
-1.000000000000000000e+00,-1.000000000000000000e+00,-1.000000000000000000e+00,-1.000000000000000000e+00,-1.000000000000000000e+00,-1.000000000000000000e+00,-1.000000000000000000e+00,-1.000000000000000000e+00,-1.000000000000000000e+00,-1.000000000000000000e+00,-1.000000000000000000e+00,-1.000000000000000000e+00,-1.000000000000000000e+00,-1.000000000000000000e+00,-1.000000000000000000e+00,-1.000000000000000000e+00,-1.000000000000000000e+00,-1.000000000000000000e+00,-1.000000000000000000e+00,-1.000000000000000000e+00,-1.000000000000000000e+00,-1.000000000000000000e+00,-1.000000000000000000e+00,-1.000000000000000000e+00,-1.000000000000000000e+00,-1.000000000000000000e+00,-1.000000000000000000e+00,-1.000000000000000000e+00,-1.000000000000000000e+00,-1.000000000000000000e+00,-1.000000000000000000e+00,-1.000000000000000000e+00,-1.000000000000000000e+00,-1.000000000000000000e+00,-1.000000000000000000e+00,-1.000000000000000000e+00,-1.000000000000000000e+00,-1.000000000000000000e+00,-1.000000000000000000e+00,-1.000000000000000000e+00,-1.000000000000000000e+00,-1.000000000000000000e+00,-1.000000000000000000e+00,-1.000000000000000000e+00,-1.000000000000000000e+00,-1.000000000000000000e+00,-1.000000000000000000e+00,-1.000000000000000000e+00,-1.000000000000000000e+00,-1.000000000000000000e+00,-1.000000000000000000e+00,-1.000000000000000000e+00,-1.000000000000000000e+00,-1.000000000000000000e+00,-1.748789679708907085e+00,-1.748822084374595631e+00,-1.748919229394004349e+00,-1.749080860657336034e+00,-1.749306366577639604e+00,-1.749594348840793900e+00,-1.749941672368640067e+00,-1.750341417605719929e+00,-1.750778638532414444e+00,-1.751221883867854157e+00,-1.751606847945688328e+00,-1.751805968266101798e+00,-1.751573918091125392e+00,-1.750453431842387220e+00,-1.747618654129308169e+00,-1.741624816147216759e+00,-1.730025946754869093e+00,-1.708823756986346698e+00,-1.671740429646328518e+00,-1.609416009834355066e+00,-1.508936763368338152e+00,-1.354855424110427808e+00,-1.134470144681041903e+00,-8.526676908492312190e-01,-5.617724319105263930e-01,-3.881271621605349997e-01,-3.881271572935943714e-01,-5.617724171215321416e-01,-8.526676654141794875e-01,-1.134470108565091007e+00,-1.354855377285769436e+00,-1.508936705830536962e+00,-1.609415941608096201e+00,-1.671740350817198406e+00,-1.708823667758287090e+00,-1.730025847502922431e+00,-1.741624707416897788e+00,-1.747618536565572978e+00,-1.750453306085591354e+00,-1.751573784689316016e+00,-1.751805827627981760e+00,-1.751606700388542492e+00,-1.751221729780188197e+00,-1.750778478534132265e+00,-1.750341252502131795e+00,-1.749941502965953743e+00,-1.749594175752695602e+00,-1.749306190072251521e+00,-1.749080680342200989e+00,-1.748919044193201655e+00,-1.748821894423044698e+00,-1.748789487269825527e+00,-1.000000000000000000e+00,-1.000000000000000000e+00,-1.000000000000000000e+00,-1.000000000000000000e+00,-1.000000000000000000e+00,-1.000000000000000000e+00,-1.000000000000000000e+00,-1.000000000000000000e+00,-1.000000000000000000e+00,-1.000000000000000000e+00,-1.000000000000000000e+00,-1.000000000000000000e+00,-1.000000000000000000e+00,-1.000000000000000000e+00,-1.000000000000000000e+00,-1.000000000000000000e+00,-1.000000000000000000e+00,-1.000000000000000000e+00,-1.000000000000000000e+00,-1.000000000000000000e+00,-1.000000000000000000e+00,-1.000000000000000000e+00,-1.000000000000000000e+00,-1.000000000000000000e+00,-1.000000000000000000e+00,-1.000000000000000000e+00,-1.000000000000000000e+00,-1.000000000000000000e+00,-1.000000000000000000e+00,-1.000000000000000000e+00,-1.000000000000000000e+00,-1.000000000000000000e+00,-1.000000000000000000e+00,-1.000000000000000000e+00,-1.000000000000000000e+00,-1.000000000000000000e+00,-1.000000000000000000e+00,-1.000000000000000000e+00,-1.000000000000000000e+00,-1.000000000000000000e+00,-1.000000000000000000e+00,-1.000000000000000000e+00,-1.000000000000000000e+00,-1.000000000000000000e+00,-1.000000000000000000e+00,-1.000000000000000000e+00,-1.000000000000000000e+00,-1.000000000000000000e+00,-1.000000000000000000e+00,-1.000000000000000000e+00,-1.000000000000000000e+00,-1.000000000000000000e+00,-1.000000000000000000e+00,-1.000000000000000000e+00
-1.000000000000000000e+00,-1.000000000000000000e+00,-1.000000000000000000e+00,-1.000000000000000000e+00,-1.000000000000000000e+00,-1.000000000000000000e+00,-1.000000000000000000e+00,-1.000000000000000000e+00,-1.000000000000000000e+00,-1.000000000000000000e+00,-1.000000000000000000e+00,-1.000000000000000000e+00,-1.000000000000000000e+00,-1.000000000000000000e+00,-1.000000000000000000e+00,-1.000000000000000000e+00,-1.000000000000000000e+00,-1.000000000000000000e+00,-1.000000000000000000e+00,-1.000000000000000000e+00,-1.000000000000000000e+00,-1.000000000000000000e+00,-1.000000000000000000e+00,-1.000000000000000000e+00,-1.000000000000000000e+00,-1.000000000000000000e+00,-1.000000000000000000e+00,-1.000000000000000000e+00,-1.000000000000000000e+00,-1.000000000000000000e+00,-1.000000000000000000e+00,-1.000000000000000000e+00,-1.000000000000000000e+00,-1.000000000000000000e+00,-1.000000000000000000e+00,-1.000000000000000000e+00,-1.000000000000000000e+00,-1.000000000000000000e+00,-1.000000000000000000e+00,-1.000000000000000000e+00,-1.000000000000000000e+00,-1.000000000000000000e+00,-1.000000000000000000e+00,-1.000000000000000000e+00,-1.000000000000000000e+00,-1.000000000000000000e+00,-1.000000000000000000e+00,-1.000000000000000000e+00,-1.000000000000000000e+00,-1.000000000000000000e+00,-1.000000000000000000e+00,-1.000000000000000000e+00,-1.000000000000000000e+00,-1.000000000000000000e+00,-1.748935406527774461e+00,-1.748967810832545711e+00,-1.749064955633873764e+00,-1.749226587357917806e+00,-1.749452094087649900e+00,-1.749740077364163593e+00,-1.750087402027514782e+00,-1.750487148508405255e+00,-1.750924370905459382e+00,-1.751367618664225745e+00,-1.751752588079966699e+00,-1.751951721071471679e+00,-1.751719700093287369e+00,-1.750599277803094322e+00,-1.747764633552308267e+00,-1.741771062311126217e+00,-1.730172705678405976e+00,-1.708971466092060520e+00,-1.671889836413871677e+00,-1.609568334752622620e+00,-1.509093888101653347e+00,-1.355020022481247866e+00,-1.134645532490655695e+00,-8.528569188915788857e-01,-5.619759295887085671e-01,-3.883392035896783279e-01,-3.883391987581369387e-01,-5.619759149911474072e-01,-8.528568940619664085e-01,-1.134645497513169898e+00,-1.355019977493115757e+00,-1.509093833259685713e+00,-1.609568270198150186e+00,-1.671889762240208910e+00,-1.708971382379445458e+00,-1.730172612593847914e+00,-1.741770960194325202e+00,-1.747764522914909691e+00,-1.750599159235769475e+00,-1.751719574138054680e+00,-1.751951588100231216e+00,-1.751752448263452111e+00,-1.751367472105641809e+00,-1.750924217906685287e+00,-1.750486989661871551e+00,-1.750087238034340187e+00,-1.749739908767159680e+00,-1.749451921232974883e+00,-1.749226409679305760e+00,-1.749064771534359242e+00,-1.748967620730942141e+00,-1.748935211647677956e+00,-1.000000000000000000e+00,-1.000000000000000000e+00,-1.000000000000000000e+00,-1.000000000000000000e+00,-1.000000000000000000e+00,-1.000000000000000000e+00,-1.000000000000000000e+00,-1.000000000000000000e+00,-1.000000000000000000e+00,-1.000000000000000000e+00,-1.000000000000000000e+00,-1.000000000000000000e+00,-1.000000000000000000e+00,-1.000000000000000000e+00,-1.000000000000000000e+00,-1.000000000000000000e+00,-1.000000000000000000e+00,-1.000000000000000000e+00,-1.000000000000000000e+00,-1.000000000000000000e+00,-1.000000000000000000e+00,-1.000000000000000000e+00,-1.000000000000000000e+00,-1.000000000000000000e+00,-1.000000000000000000e+00,-1.000000000000000000e+00,-1.000000000000000000e+00,-1.000000000000000000e+00,-1.000000000000000000e+00,-1.000000000000000000e+00,-1.000000000000000000e+00,-1.000000000000000000e+00,-1.000000000000000000e+00,-1.000000000000000000e+00,-1.000000000000000000e+00,-1.000000000000000000e+00,-1.000000000000000000e+00,-1.000000000000000000e+00,-1.000000000000000000e+00,-1.000000000000000000e+00,-1.000000000000000000e+00,-1.000000000000000000e+00,-1.000000000000000000e+00,-1.000000000000000000e+00,-1.000000000000000000e+00,-1.000000000000000000e+00,-1.000000000000000000e+00,-1.000000000000000000e+00,-1.000000000000000000e+00,-1.000000000000000000e+00,-1.000000000000000000e+00,-1.000000000000000000e+00,-1.000000000000000000e+00,-1.000000000000000000e+00
-1.000000000000000000e+00,-1.000000000000000000e+00,-1.000000000000000000e+00,-1.000000000000000000e+00,-1.000000000000000000e+00,-1.000000000000000000e+00,-1.000000000000000000e+00,-1.000000000000000000e+00,-1.000000000000000000e+00,-1.000000000000000000e+00,-1.000000000000000000e+00,-1.000000000000000000e+00,-1.000000000000000000e+00,-1.000000000000000000e+00,-1.000000000000000000e+00,-1.000000000000000000e+00,-1.000000000000000000e+00,-1.000000000000000000e+00,-1.000000000000000000e+00,-1.000000000000000000e+00,-1.000000000000000000e+00,-1.000000000000000000e+00,-1.000000000000000000e+00,-1.000000000000000000e+00,-1.000000000000000000e+00,-1.000000000000000000e+00,-1.000000000000000000e+00,-1.000000000000000000e+00,-1.000000000000000000e+00,-1.000000000000000000e+00,-1.000000000000000000e+00,-1.000000000000000000e+00,-1.000000000000000000e+00,-1.000000000000000000e+00,-1.000000000000000000e+00,-1.000000000000000000e+00,-1.000000000000000000e+00,-1.000000000000000000e+00,-1.000000000000000000e+00,-1.000000000000000000e+00,-1.000000000000000000e+00,-1.000000000000000000e+00,-1.000000000000000000e+00,-1.000000000000000000e+00,-1.000000000000000000e+00,-1.000000000000000000e+00,-1.000000000000000000e+00,-1.000000000000000000e+00,-1.000000000000000000e+00,-1.000000000000000000e+00,-1.000000000000000000e+00,-1.000000000000000000e+00,-1.000000000000000000e+00,-1.000000000000000000e+00,-1.749139399715823995e+00,-1.749171803665198199e+00,-1.749268949148814256e+00,-1.749430582529237110e+00,-1.749656091134604408e+00,-1.749944076593547448e+00,-1.750291403666636159e+00,-1.750691152698892861e+00,-1.751128377982529072e+00,-1.751571629910979810e+00,-1.751956607493476481e+00,-1.752155758846142053e+00,-1.751923779342950294e+00,-1.750803447223658882e+00,-1.747968990530436972e+00,-1.741975793566221897e+00,-1.730378155824775721e+00,-1.709178247790364313e+00,-1.672098996527228154e+00,-1.609781582515643850e+00,-1.509313858530507702e+00,-1.355250459596009538e+00,-1.134891078769349138e+00,-8.531218451620127263e-01,-5.622608359346876750e-01,-3.886360726353942363e-01,-3.886360676927793634e-01,-5.622608210691872888e-01,-8.531218201495406328e-01,-1.134891043834462376e+00,-1.355250415083818938e+00,-1.509313804838604556e+00,-1.609781520014060829e+00,-1.672098925469436725e+00,-1.709178168294812394e+00,-1.730378067937049735e+00,-1.741975697368535192e+00,-1.747968886229612995e+00,-1.750803335150636242e+00,-1.751923659868032335e+00,-1.752155632254899675e+00,-1.751956473912935852e+00,-1.751571489371138934e+00,-1.751128230654924067e+00,-1.750690999040582341e+00,-1.750291244206055641e+00,-1.749943911591625323e+00,-1.749655920858449232e+00,-1.749430406970120089e+00,-1.749268766396301134e+00,-1.749171614017851706e+00,-1.749139203329924896e+00,-1.000000000000000000e+00,-1.000000000000000000e+00,-1.000000000000000000e+00,-1.000000000000000000e+00,-1.000000000000000000e+00,-1.000000000000000000e+00,-1.000000000000000000e+00,-1.000000000000000000e+00,-1.000000000000000000e+00,-1.000000000000000000e+00,-1.000000000000000000e+00,-1.000000000000000000e+00,-1.000000000000000000e+00,-1.000000000000000000e+00,-1.000000000000000000e+00,-1.000000000000000000e+00,-1.000000000000000000e+00,-1.000000000000000000e+00,-1.000000000000000000e+00,-1.000000000000000000e+00,-1.000000000000000000e+00,-1.000000000000000000e+00,-1.000000000000000000e+00,-1.000000000000000000e+00,-1.000000000000000000e+00,-1.000000000000000000e+00,-1.000000000000000000e+00,-1.000000000000000000e+00,-1.000000000000000000e+00,-1.000000000000000000e+00,-1.000000000000000000e+00,-1.000000000000000000e+00,-1.000000000000000000e+00,-1.000000000000000000e+00,-1.000000000000000000e+00,-1.000000000000000000e+00,-1.000000000000000000e+00,-1.000000000000000000e+00,-1.000000000000000000e+00,-1.000000000000000000e+00,-1.000000000000000000e+00,-1.000000000000000000e+00,-1.000000000000000000e+00,-1.000000000000000000e+00,-1.000000000000000000e+00,-1.000000000000000000e+00,-1.000000000000000000e+00,-1.000000000000000000e+00,-1.000000000000000000e+00,-1.000000000000000000e+00,-1.000000000000000000e+00,-1.000000000000000000e+00,-1.000000000000000000e+00,-1.000000000000000000e+00
-1.000000000000000000e+00,-1.000000000000000000e+00,-1.000000000000000000e+00,-1.000000000000000000e+00,-1.000000000000000000e+00,-1.000000000000000000e+00,-1.000000000000000000e+00,-1.000000000000000000e+00,-1.000000000000000000e+00,-1.000000000000000000e+00,-1.000000000000000000e+00,-1.000000000000000000e+00,-1.000000000000000000e+00,-1.000000000000000000e+00,-1.000000000000000000e+00,-1.000000000000000000e+00,-1.000000000000000000e+00,-1.000000000000000000e+00,-1.000000000000000000e+00,-1.000000000000000000e+00,-1.000000000000000000e+00,-1.000000000000000000e+00,-1.000000000000000000e+00,-1.000000000000000000e+00,-1.000000000000000000e+00,-1.000000000000000000e+00,-1.000000000000000000e+00,-1.000000000000000000e+00,-1.000000000000000000e+00,-1.000000000000000000e+00,-1.000000000000000000e+00,-1.000000000000000000e+00,-1.000000000000000000e+00,-1.000000000000000000e+00,-1.000000000000000000e+00,-1.000000000000000000e+00,-1.000000000000000000e+00,-1.000000000000000000e+00,-1.000000000000000000e+00,-1.000000000000000000e+00,-1.000000000000000000e+00,-1.000000000000000000e+00,-1.000000000000000000e+00,-1.000000000000000000e+00,-1.000000000000000000e+00,-1.000000000000000000e+00,-1.000000000000000000e+00,-1.000000000000000000e+00,-1.000000000000000000e+00,-1.000000000000000000e+00,-1.000000000000000000e+00,-1.000000000000000000e+00,-1.000000000000000000e+00,-1.000000000000000000e+00,-1.749401636103542712e+00,-1.749434039837908017e+00,-1.749531186764260671e+00,-1.749692822923068380e+00,-1.749918334855669055e+00,-1.750206324106093003e+00,-1.750553655291675170e+00,-1.750953408630930186e+00,-1.751390638722537529e+00,-1.751833897189860823e+00,-1.752218886479061322e+00,-1.752418062617334682e+00,-1.752186137580080239e+00,-1.751065922532188068e+00,-1.748231708186031685e+00,-1.742238993798127300e+00,-1.730642282022185396e+00,-1.709444088201502954e+00,-1.672367897954716742e+00,-1.610055743684669860e+00,-1.509596668658530705e+00,-1.355546733668137493e+00,-1.135206786309883142e+00,-8.534624766853617928e-01,-5.626271611060126299e-01,-3.890177813127294604e-01,-3.890177763430671121e-01,-5.626271462235763465e-01,-8.534624518928701775e-01,-1.135206751927344104e+00,-1.355546690148361932e+00,-1.509596616522522750e+00,-1.610055683418031736e+00,-1.672367829913527171e+00,-1.709444012559592441e+00,-1.730642198776479290e+00,-1.742238902847644599e+00,-1.748231609442125745e+00,-1.751065815992648655e+00,-1.752186023338598631e+00,-1.752417940824309239e+00,-1.752218757279197181e+00,-1.751833760684937236e+00,-1.751390495052922436e+00,-1.750953258111190625e+00,-1.750553498378529582e+00,-1.750206161103478264e+00,-1.749918165731134012e+00,-1.749692648055634736e+00,-1.749531004996028871e+00,-1.749433850608261398e+00,-1.749401438750589843e+00,-1.000000000000000000e+00,-1.000000000000000000e+00,-1.000000000000000000e+00,-1.000000000000000000e+00,-1.000000000000000000e+00,-1.000000000000000000e+00,-1.000000000000000000e+00,-1.000000000000000000e+00,-1.000000000000000000e+00,-1.000000000000000000e+00,-1.000000000000000000e+00,-1.000000000000000000e+00,-1.000000000000000000e+00,-1.000000000000000000e+00,-1.000000000000000000e+00,-1.000000000000000000e+00,-1.000000000000000000e+00,-1.000000000000000000e+00,-1.000000000000000000e+00,-1.000000000000000000e+00,-1.000000000000000000e+00,-1.000000000000000000e+00,-1.000000000000000000e+00,-1.000000000000000000e+00,-1.000000000000000000e+00,-1.000000000000000000e+00,-1.000000000000000000e+00,-1.000000000000000000e+00,-1.000000000000000000e+00,-1.000000000000000000e+00,-1.000000000000000000e+00,-1.000000000000000000e+00,-1.000000000000000000e+00,-1.000000000000000000e+00,-1.000000000000000000e+00,-1.000000000000000000e+00,-1.000000000000000000e+00,-1.000000000000000000e+00,-1.000000000000000000e+00,-1.000000000000000000e+00,-1.000000000000000000e+00,-1.000000000000000000e+00,-1.000000000000000000e+00,-1.000000000000000000e+00,-1.000000000000000000e+00,-1.000000000000000000e+00,-1.000000000000000000e+00,-1.000000000000000000e+00,-1.000000000000000000e+00,-1.000000000000000000e+00,-1.000000000000000000e+00,-1.000000000000000000e+00,-1.000000000000000000e+00,-1.000000000000000000e+00
-1.000000000000000000e+00,-1.000000000000000000e+00,-1.000000000000000000e+00,-1.000000000000000000e+00,-1.000000000000000000e+00,-1.000000000000000000e+00,-1.000000000000000000e+00,-1.000000000000000000e+00,-1.000000000000000000e+00,-1.000000000000000000e+00,-1.000000000000000000e+00,-1.000000000000000000e+00,-1.000000000000000000e+00,-1.000000000000000000e+00,-1.000000000000000000e+00,-1.000000000000000000e+00,-1.000000000000000000e+00,-1.000000000000000000e+00,-1.000000000000000000e+00,-1.000000000000000000e+00,-1.000000000000000000e+00,-1.000000000000000000e+00,-1.000000000000000000e+00,-1.000000000000000000e+00,-1.000000000000000000e+00,-1.000000000000000000e+00,-1.000000000000000000e+00,-1.000000000000000000e+00,-1.000000000000000000e+00,-1.000000000000000000e+00,-1.000000000000000000e+00,-1.000000000000000000e+00,-1.000000000000000000e+00,-1.000000000000000000e+00,-1.000000000000000000e+00,-1.000000000000000000e+00,-1.000000000000000000e+00,-1.000000000000000000e+00,-1.000000000000000000e+00,-1.000000000000000000e+00,-1.000000000000000000e+00,-1.000000000000000000e+00,-1.000000000000000000e+00,-1.000000000000000000e+00,-1.000000000000000000e+00,-1.000000000000000000e+00,-1.000000000000000000e+00,-1.000000000000000000e+00,-1.000000000000000000e+00,-1.000000000000000000e+00,-1.000000000000000000e+00,-1.000000000000000000e+00,-1.000000000000000000e+00,-1.000000000000000000e+00,-1.749722084770328978e+00,-1.749754488698489707e+00,-1.749851638043885771e+00,-1.750013278178813136e+00,-1.750238795090866883e+00,-1.750526790139562028e+00,-1.750874127669768354e+00,-1.751273887739483781e+00,-1.751711125299193039e+00,-1.752154393481590855e+00,-1.752539398898943501e+00,-1.752738607193268239e+00,-1.752506750597523588e+00,-1.751386680544669616e+00,-1.748552764444869512e+00,-1.742560642224905365e+00,-1.730965065085254606e+00,-1.709768970184153192e+00,-1.672696526224542124e+00,-1.610390807279026060e+00,-1.509942311922687797e+00,-1.355908843383858864e+00,-1.135592659464121912e+00,-8.538788230492905251e-01,-5.630749185588370676e-01,-3.894843453157420532e-01,-3.894843404237633422e-01,-5.630749039447543458e-01,-8.538787988570973875e-01,-1.135592626041675768e+00,-1.355908801213297377e+00,-1.509942261560630827e+00,-1.610390749258547860e+00,-1.672696460966791587e+00,-1.709768897925572961e+00,-1.730964985831849434e+00,-1.742560555765545915e+00,-1.748552670441900769e+00,-1.751386578652674331e+00,-1.752506640565265839e+00,-1.752738488952962026e+00,-1.752539272582065877e+00,-1.752154259335991782e+00,-1.751710983595248239e+00,-1.751273738734565821e+00,-1.750873971613785995e+00,-1.750526627431670423e+00,-1.750238625838562045e+00,-1.750013102493999551e+00,-1.749851455997415428e+00,-1.749754299306158556e+00,-1.749721886806612003e+00,-1.000000000000000000e+00,-1.000000000000000000e+00,-1.000000000000000000e+00,-1.000000000000000000e+00,-1.000000000000000000e+00,-1.000000000000000000e+00,-1.000000000000000000e+00,-1.000000000000000000e+00,-1.000000000000000000e+00,-1.000000000000000000e+00,-1.000000000000000000e+00,-1.000000000000000000e+00,-1.000000000000000000e+00,-1.000000000000000000e+00,-1.000000000000000000e+00,-1.000000000000000000e+00,-1.000000000000000000e+00,-1.000000000000000000e+00,-1.000000000000000000e+00,-1.000000000000000000e+00,-1.000000000000000000e+00,-1.000000000000000000e+00,-1.000000000000000000e+00,-1.000000000000000000e+00,-1.000000000000000000e+00,-1.000000000000000000e+00,-1.000000000000000000e+00,-1.000000000000000000e+00,-1.000000000000000000e+00,-1.000000000000000000e+00,-1.000000000000000000e+00,-1.000000000000000000e+00,-1.000000000000000000e+00,-1.000000000000000000e+00,-1.000000000000000000e+00,-1.000000000000000000e+00,-1.000000000000000000e+00,-1.000000000000000000e+00,-1.000000000000000000e+00,-1.000000000000000000e+00,-1.000000000000000000e+00,-1.000000000000000000e+00,-1.000000000000000000e+00,-1.000000000000000000e+00,-1.000000000000000000e+00,-1.000000000000000000e+00,-1.000000000000000000e+00,-1.000000000000000000e+00,-1.000000000000000000e+00,-1.000000000000000000e+00,-1.000000000000000000e+00,-1.000000000000000000e+00,-1.000000000000000000e+00,-1.000000000000000000e+00
-1.000000000000000000e+00,-1.000000000000000000e+00,-1.000000000000000000e+00,-1.000000000000000000e+00,-1.000000000000000000e+00,-1.000000000000000000e+00,-1.000000000000000000e+00,-1.000000000000000000e+00,-1.000000000000000000e+00,-1.000000000000000000e+00,-1.000000000000000000e+00,-1.000000000000000000e+00,-1.000000000000000000e+00,-1.000000000000000000e+00,-1.000000000000000000e+00,-1.000000000000000000e+00,-1.000000000000000000e+00,-1.000000000000000000e+00,-1.000000000000000000e+00,-1.000000000000000000e+00,-1.000000000000000000e+00,-1.000000000000000000e+00,-1.000000000000000000e+00,-1.000000000000000000e+00,-1.000000000000000000e+00,-1.000000000000000000e+00,-1.000000000000000000e+00,-1.000000000000000000e+00,-1.000000000000000000e+00,-1.000000000000000000e+00,-1.000000000000000000e+00,-1.000000000000000000e+00,-1.000000000000000000e+00,-1.000000000000000000e+00,-1.000000000000000000e+00,-1.000000000000000000e+00,-1.000000000000000000e+00,-1.000000000000000000e+00,-1.000000000000000000e+00,-1.000000000000000000e+00,-1.000000000000000000e+00,-1.000000000000000000e+00,-1.000000000000000000e+00,-1.000000000000000000e+00,-1.000000000000000000e+00,-1.000000000000000000e+00,-1.000000000000000000e+00,-1.000000000000000000e+00,-1.000000000000000000e+00,-1.000000000000000000e+00,-1.000000000000000000e+00,-1.000000000000000000e+00,-1.000000000000000000e+00,-1.000000000000000000e+00,-1.750100707638157616e+00,-1.750133112253311030e+00,-1.750230265041065492e+00,-1.750391910744903523e+00,-1.750617434788049653e+00,-1.750905438235800915e+00,-1.751252784997797018e+00,-1.751652554959117980e+00,-1.752089803473666052e+00,-1.752533085464933249e+00,-1.752918112441818055e+00,-1.753117361370470251e+00,-1.752885588401784434e+00,-1.751765692588587386e+00,-1.748932132089673575e+00,-1.742940713284305332e+00,-1.731346481435017681e+00,-1.710152872672403346e+00,-1.673084863551800083e+00,-1.610786759793251033e+00,-1.510350780253583824e+00,-1.356336787162585766e+00,-1.136048703626214351e+00,-8.543708960362593752e-01,-5.636041246978734653e-01,-3.900357836192285266e-01,-3.900357788426553896e-01,-5.636041104601396956e-01,-8.543708725955042604e-01,-1.136048671345885497e+00,-1.356336746506746405e+00,-1.510350731728288931e+00,-1.610786703870844105e+00,-1.673084800626525537e+00,-1.710152803018242240e+00,-1.731346405124126075e+00,-1.742940630113252398e+00,-1.748932041613797894e+00,-1.751765594240583201e+00,-1.752885481636487608e+00,-1.753117245847844341e+00,-1.752917988151227124e+00,-1.752532952665734500e+00,-1.752089662520083468e+00,-1.751652406190243649e+00,-1.751252628563118918e+00,-1.750905274344943141e+00,-1.750617263976278704e+00,-1.750391732986465554e+00,-1.750230081269610549e+00,-1.750132921621976534e+00,-1.750100508829693480e+00,-1.000000000000000000e+00,-1.000000000000000000e+00,-1.000000000000000000e+00,-1.000000000000000000e+00,-1.000000000000000000e+00,-1.000000000000000000e+00,-1.000000000000000000e+00,-1.000000000000000000e+00,-1.000000000000000000e+00,-1.000000000000000000e+00,-1.000000000000000000e+00,-1.000000000000000000e+00,-1.000000000000000000e+00,-1.000000000000000000e+00,-1.000000000000000000e+00,-1.000000000000000000e+00,-1.000000000000000000e+00,-1.000000000000000000e+00,-1.000000000000000000e+00,-1.000000000000000000e+00,-1.000000000000000000e+00,-1.000000000000000000e+00,-1.000000000000000000e+00,-1.000000000000000000e+00,-1.000000000000000000e+00,-1.000000000000000000e+00,-1.000000000000000000e+00,-1.000000000000000000e+00,-1.000000000000000000e+00,-1.000000000000000000e+00,-1.000000000000000000e+00,-1.000000000000000000e+00,-1.000000000000000000e+00,-1.000000000000000000e+00,-1.000000000000000000e+00,-1.000000000000000000e+00,-1.000000000000000000e+00,-1.000000000000000000e+00,-1.000000000000000000e+00,-1.000000000000000000e+00,-1.000000000000000000e+00,-1.000000000000000000e+00,-1.000000000000000000e+00,-1.000000000000000000e+00,-1.000000000000000000e+00,-1.000000000000000000e+00,-1.000000000000000000e+00,-1.000000000000000000e+00,-1.000000000000000000e+00,-1.000000000000000000e+00,-1.000000000000000000e+00,-1.000000000000000000e+00,-1.000000000000000000e+00,-1.000000000000000000e+00
-1.000000000000000000e+00,-1.000000000000000000e+00,-1.000000000000000000e+00,-1.000000000000000000e+00,-1.000000000000000000e+00,-1.000000000000000000e+00,-1.000000000000000000e+00,-1.000000000000000000e+00,-1.000000000000000000e+00,-1.000000000000000000e+00,-1.000000000000000000e+00,-1.000000000000000000e+00,-1.000000000000000000e+00,-1.000000000000000000e+00,-1.000000000000000000e+00,-1.000000000000000000e+00,-1.000000000000000000e+00,-1.000000000000000000e+00,-1.000000000000000000e+00,-1.000000000000000000e+00,-1.000000000000000000e+00,-1.000000000000000000e+00,-1.000000000000000000e+00,-1.000000000000000000e+00,-1.000000000000000000e+00,-1.000000000000000000e+00,-1.000000000000000000e+00,-1.000000000000000000e+00,-1.000000000000000000e+00,-1.000000000000000000e+00,-1.000000000000000000e+00,-1.000000000000000000e+00,-1.000000000000000000e+00,-1.000000000000000000e+00,-1.000000000000000000e+00,-1.000000000000000000e+00,-1.000000000000000000e+00,-1.000000000000000000e+00,-1.000000000000000000e+00,-1.000000000000000000e+00,-1.000000000000000000e+00,-1.000000000000000000e+00,-1.000000000000000000e+00,-1.000000000000000000e+00,-1.000000000000000000e+00,-1.000000000000000000e+00,-1.000000000000000000e+00,-1.000000000000000000e+00,-1.000000000000000000e+00,-1.000000000000000000e+00,-1.000000000000000000e+00,-1.000000000000000000e+00,-1.000000000000000000e+00,-1.000000000000000000e+00,-1.750537459227070602e+00,-1.750569865206749398e+00,-1.750667022563844544e+00,-1.750828675759545039e+00,-1.751054209590388044e+00,-1.751342224680185966e+00,-1.751689584349659157e+00,-1.752089368251417811e+00,-1.752526632189454148e+00,-1.752969933172628503e+00,-1.753354988359483668e+00,-1.753554287754653274e+00,-1.753322615073831470e+00,-1.752202924334153478e+00,-1.749369778524663133e+00,-1.743379176356870008e+00,-1.731786502843258635e+00,-1.710595770480455968e+00,-1.673532888723233469e+00,-1.611243585168731673e+00,-1.510822064064076597e+00,-1.356830563071796503e+00,-1.136574925071097031e+00,-8.549387094647926677e-01,-5.642147988558192662e-01,-3.906721186736966667e-01,-3.906721140118853963e-01,-5.642147849804878268e-01,-8.549386867058637041e-01,-1.136574893782186235e+00,-1.356830523679945388e+00,-1.510822017021549613e+00,-1.611243530885764885e+00,-1.673532827541408974e+00,-1.710595702654292394e+00,-1.731786428463924166e+00,-1.743379095249409927e+00,-1.749369690230918151e+00,-1.752202828210325025e+00,-1.753322510440359139e+00,-1.753554174091874529e+00,-1.753354865492970260e+00,-1.752969801261212268e+00,-1.752526491462086167e+00,-1.752089218936995874e+00,-1.751689426692127016e+00,-1.751342058757409559e+00,-1.751054036083790733e+00,-1.750828494915307898e+00,-1.750666835677045396e+00,-1.750569671883660972e+00,-1.750537258709162769e+00,-1.000000000000000000e+00,-1.000000000000000000e+00,-1.000000000000000000e+00,-1.000000000000000000e+00,-1.000000000000000000e+00,-1.000000000000000000e+00,-1.000000000000000000e+00,-1.000000000000000000e+00,-1.000000000000000000e+00,-1.000000000000000000e+00,-1.000000000000000000e+00,-1.000000000000000000e+00,-1.000000000000000000e+00,-1.000000000000000000e+00,-1.000000000000000000e+00,-1.000000000000000000e+00,-1.000000000000000000e+00,-1.000000000000000000e+00,-1.000000000000000000e+00,-1.000000000000000000e+00,-1.000000000000000000e+00,-1.000000000000000000e+00,-1.000000000000000000e+00,-1.000000000000000000e+00,-1.000000000000000000e+00,-1.000000000000000000e+00,-1.000000000000000000e+00,-1.000000000000000000e+00,-1.000000000000000000e+00,-1.000000000000000000e+00,-1.000000000000000000e+00,-1.000000000000000000e+00,-1.000000000000000000e+00,-1.000000000000000000e+00,-1.000000000000000000e+00,-1.000000000000000000e+00,-1.000000000000000000e+00,-1.000000000000000000e+00,-1.000000000000000000e+00,-1.000000000000000000e+00,-1.000000000000000000e+00,-1.000000000000000000e+00,-1.000000000000000000e+00,-1.000000000000000000e+00,-1.000000000000000000e+00,-1.000000000000000000e+00,-1.000000000000000000e+00,-1.000000000000000000e+00,-1.000000000000000000e+00,-1.000000000000000000e+00,-1.000000000000000000e+00,-1.000000000000000000e+00,-1.000000000000000000e+00,-1.000000000000000000e+00
-1.000000000000000000e+00,-1.000000000000000000e+00,-1.000000000000000000e+00,-1.000000000000000000e+00,-1.000000000000000000e+00,-1.000000000000000000e+00,-1.000000000000000000e+00,-1.000000000000000000e+00,-1.000000000000000000e+00,-1.000000000000000000e+00,-1.000000000000000000e+00,-1.000000000000000000e+00,-1.000000000000000000e+00,-1.000000000000000000e+00,-1.000000000000000000e+00,-1.000000000000000000e+00,-1.000000000000000000e+00,-1.000000000000000000e+00,-1.000000000000000000e+00,-1.000000000000000000e+00,-1.000000000000000000e+00,-1.000000000000000000e+00,-1.000000000000000000e+00,-1.000000000000000000e+00,-1.000000000000000000e+00,-1.000000000000000000e+00,-1.000000000000000000e+00,-1.000000000000000000e+00,-1.000000000000000000e+00,-1.000000000000000000e+00,-1.000000000000000000e+00,-1.000000000000000000e+00,-1.000000000000000000e+00,-1.000000000000000000e+00,-1.000000000000000000e+00,-1.000000000000000000e+00,-1.000000000000000000e+00,-1.000000000000000000e+00,-1.000000000000000000e+00,-1.000000000000000000e+00,-1.000000000000000000e+00,-1.000000000000000000e+00,-1.000000000000000000e+00,-1.000000000000000000e+00,-1.000000000000000000e+00,-1.000000000000000000e+00,-1.000000000000000000e+00,-1.000000000000000000e+00,-1.000000000000000000e+00,-1.000000000000000000e+00,-1.000000000000000000e+00,-1.000000000000000000e+00,-1.000000000000000000e+00,-1.000000000000000000e+00,-1.751032285966644508e+00,-1.751064694047074211e+00,-1.751161857398721988e+00,-1.751323520500467579e+00,-1.751549067457417452e+00,-1.751837098253687275e+00,-1.752184475500203620e+00,-1.752584278523568795e+00,-1.753021563598466059e+00,-1.753464890088645145e+00,-1.753849981551182768e+00,-1.754049342756228258e+00,-1.753817788656038434e+00,-1.752698335619225389e+00,-1.749865665615507826e+00,-1.743875995671668067e+00,-1.732285096390941082e+00,-1.711097634247259025e+00,-1.674040576938710334e+00,-1.611761264513627667e+00,-1.511356151945132398e+00,-1.357390168624969862e+00,-1.137171330908196110e+00,-8.555822792396696741e-01,-5.649069633269234725e-01,-3.913933763734973592e-01,-3.913933718015953911e-01,-5.649069497299521458e-01,-8.555822569933340116e-01,-1.137171300349548719e+00,-1.357390130139371820e+00,-1.511356105917047277e+00,-1.611761211273696315e+00,-1.674040516754364827e+00,-1.711097567322357182e+00,-1.732285022814867403e+00,-1.743875915321509540e+00,-1.749865578101640340e+00,-1.752698240345699876e+00,-1.753817684953286715e+00,-1.754049230026264894e+00,-1.753849859431158453e+00,-1.753464758558124004e+00,-1.753021422757043313e+00,-1.752584128311884371e+00,-1.752184316100750205e+00,-1.751836929869243331e+00,-1.751548890681452475e+00,-1.751323336013438592e+00,-1.751161666538563200e+00,-1.751064496913650625e+00,-1.751032082774830911e+00,-1.000000000000000000e+00,-1.000000000000000000e+00,-1.000000000000000000e+00,-1.000000000000000000e+00,-1.000000000000000000e+00,-1.000000000000000000e+00,-1.000000000000000000e+00,-1.000000000000000000e+00,-1.000000000000000000e+00,-1.000000000000000000e+00,-1.000000000000000000e+00,-1.000000000000000000e+00,-1.000000000000000000e+00,-1.000000000000000000e+00,-1.000000000000000000e+00,-1.000000000000000000e+00,-1.000000000000000000e+00,-1.000000000000000000e+00,-1.000000000000000000e+00,-1.000000000000000000e+00,-1.000000000000000000e+00,-1.000000000000000000e+00,-1.000000000000000000e+00,-1.000000000000000000e+00,-1.000000000000000000e+00,-1.000000000000000000e+00,-1.000000000000000000e+00,-1.000000000000000000e+00,-1.000000000000000000e+00,-1.000000000000000000e+00,-1.000000000000000000e+00,-1.000000000000000000e+00,-1.000000000000000000e+00,-1.000000000000000000e+00,-1.000000000000000000e+00,-1.000000000000000000e+00,-1.000000000000000000e+00,-1.000000000000000000e+00,-1.000000000000000000e+00,-1.000000000000000000e+00,-1.000000000000000000e+00,-1.000000000000000000e+00,-1.000000000000000000e+00,-1.000000000000000000e+00,-1.000000000000000000e+00,-1.000000000000000000e+00,-1.000000000000000000e+00,-1.000000000000000000e+00,-1.000000000000000000e+00,-1.000000000000000000e+00,-1.000000000000000000e+00,-1.000000000000000000e+00,-1.000000000000000000e+00,-1.000000000000000000e+00
-1.000000000000000000e+00,-1.000000000000000000e+00,-1.000000000000000000e+00,-1.000000000000000000e+00,-1.000000000000000000e+00,-1.000000000000000000e+00,-1.000000000000000000e+00,-1.000000000000000000e+00,-1.000000000000000000e+00,-1.000000000000000000e+00,-1.000000000000000000e+00,-1.000000000000000000e+00,-1.000000000000000000e+00,-1.000000000000000000e+00,-1.000000000000000000e+00,-1.000000000000000000e+00,-1.000000000000000000e+00,-1.000000000000000000e+00,-1.000000000000000000e+00,-1.000000000000000000e+00,-1.000000000000000000e+00,-1.000000000000000000e+00,-1.000000000000000000e+00,-1.000000000000000000e+00,-1.000000000000000000e+00,-1.000000000000000000e+00,-1.000000000000000000e+00,-1.000000000000000000e+00,-1.000000000000000000e+00,-1.000000000000000000e+00,-1.000000000000000000e+00,-1.000000000000000000e+00,-1.000000000000000000e+00,-1.000000000000000000e+00,-1.000000000000000000e+00,-1.000000000000000000e+00,-1.000000000000000000e+00,-1.000000000000000000e+00,-1.000000000000000000e+00,-1.000000000000000000e+00,-1.000000000000000000e+00,-1.000000000000000000e+00,-1.000000000000000000e+00,-1.000000000000000000e+00,-1.000000000000000000e+00,-1.000000000000000000e+00,-1.000000000000000000e+00,-1.000000000000000000e+00,-1.000000000000000000e+00,-1.000000000000000000e+00,-1.000000000000000000e+00,-1.000000000000000000e+00,-1.000000000000000000e+00,-1.000000000000000000e+00,-1.751585126289385341e+00,-1.751617537160127913e+00,-1.751714708271826071e+00,-1.751876384223380878e+00,-1.752101948388267605e+00,-1.752389999907469242e+00,-1.752737400556052538e+00,-1.753137229205250947e+00,-1.753574542588113960e+00,-1.754017902668106643e+00,-1.754403040148812876e+00,-1.754602476308839698e+00,-1.754371061031379408e+00,-1.753251880444122390e+00,-1.750419749694654525e+00,-1.744431130217201087e+00,-1.732842224255272567e+00,-1.711658430183482738e+00,-1.674607899659732668e+00,-1.612339776112202028e+00,-1.511953030776084006e+00,-1.358015600879890927e+00,-1.137837929096055856e+00,-8.563016233065503524e-01,-5.656806433250934907e-01,-3.921995860458785677e-01,-3.921995815335869162e-01,-5.656806299010994632e-01,-8.563016013512168012e-01,-1.137837898900927680e+00,-1.358015562778292828e+00,-1.511952985098695690e+00,-1.612339723145621573e+00,-1.674607839631708117e+00,-1.711658363248507397e+00,-1.732842150460775388e+00,-1.744431049452813909e+00,-1.750419661652713899e+00,-1.753251784649000111e+00,-1.754370956940636050e+00,-1.754602363402526066e+00,-1.754402917956038310e+00,-1.754017770855811786e+00,-1.753574401076667844e+00,-1.753137077794200804e+00,-1.752737239174885442e+00,-1.752389828904406199e+00,-1.752101768254862524e+00,-1.751876195949972015e+00,-1.751714513063784340e+00,-1.751617335493360628e+00,-1.751584919410599017e+00,-1.000000000000000000e+00,-1.000000000000000000e+00,-1.000000000000000000e+00,-1.000000000000000000e+00,-1.000000000000000000e+00,-1.000000000000000000e+00,-1.000000000000000000e+00,-1.000000000000000000e+00,-1.000000000000000000e+00,-1.000000000000000000e+00,-1.000000000000000000e+00,-1.000000000000000000e+00,-1.000000000000000000e+00,-1.000000000000000000e+00,-1.000000000000000000e+00,-1.000000000000000000e+00,-1.000000000000000000e+00,-1.000000000000000000e+00,-1.000000000000000000e+00,-1.000000000000000000e+00,-1.000000000000000000e+00,-1.000000000000000000e+00,-1.000000000000000000e+00,-1.000000000000000000e+00,-1.000000000000000000e+00,-1.000000000000000000e+00,-1.000000000000000000e+00,-1.000000000000000000e+00,-1.000000000000000000e+00,-1.000000000000000000e+00,-1.000000000000000000e+00,-1.000000000000000000e+00,-1.000000000000000000e+00,-1.000000000000000000e+00,-1.000000000000000000e+00,-1.000000000000000000e+00,-1.000000000000000000e+00,-1.000000000000000000e+00,-1.000000000000000000e+00,-1.000000000000000000e+00,-1.000000000000000000e+00,-1.000000000000000000e+00,-1.000000000000000000e+00,-1.000000000000000000e+00,-1.000000000000000000e+00,-1.000000000000000000e+00,-1.000000000000000000e+00,-1.000000000000000000e+00,-1.000000000000000000e+00,-1.000000000000000000e+00,-1.000000000000000000e+00,-1.000000000000000000e+00,-1.000000000000000000e+00,-1.000000000000000000e+00
-1.000000000000000000e+00,-1.000000000000000000e+00,-1.000000000000000000e+00,-1.000000000000000000e+00,-1.000000000000000000e+00,-1.000000000000000000e+00,-1.000000000000000000e+00,-1.000000000000000000e+00,-1.000000000000000000e+00,-1.000000000000000000e+00,-1.000000000000000000e+00,-1.000000000000000000e+00,-1.000000000000000000e+00,-1.000000000000000000e+00,-1.000000000000000000e+00,-1.000000000000000000e+00,-1.000000000000000000e+00,-1.000000000000000000e+00,-1.000000000000000000e+00,-1.000000000000000000e+00,-1.000000000000000000e+00,-1.000000000000000000e+00,-1.000000000000000000e+00,-1.000000000000000000e+00,-1.000000000000000000e+00,-1.000000000000000000e+00,-1.000000000000000000e+00,-1.000000000000000000e+00,-1.000000000000000000e+00,-1.000000000000000000e+00,-1.000000000000000000e+00,-1.000000000000000000e+00,-1.000000000000000000e+00,-1.000000000000000000e+00,-1.000000000000000000e+00,-1.000000000000000000e+00,-1.000000000000000000e+00,-1.000000000000000000e+00,-1.000000000000000000e+00,-1.000000000000000000e+00,-1.000000000000000000e+00,-1.000000000000000000e+00,-1.000000000000000000e+00,-1.000000000000000000e+00,-1.000000000000000000e+00,-1.000000000000000000e+00,-1.000000000000000000e+00,-1.000000000000000000e+00,-1.000000000000000000e+00,-1.000000000000000000e+00,-1.000000000000000000e+00,-1.000000000000000000e+00,-1.000000000000000000e+00,-1.000000000000000000e+00,-1.752195909903613069e+00,-1.752228324275802107e+00,-1.752325505299957342e+00,-1.752487197658645357e+00,-1.752712783942700359e+00,-1.753000862285148287e+00,-1.753348293496121313e+00,-1.753748155835525235e+00,-1.754185506447144105e+00,-1.754628910091213356e+00,-1.755014105329430363e+00,-1.755213631680399455e+00,-1.754982377677090088e+00,-1.753863506673811745e+00,-1.751031981288429851e+00,-1.745044533590923042e+00,-1.733457843717199909e+00,-1.712278120165807938e+00,-1.675234824673147882e+00,-1.612979095396334994e+00,-1.512612685624994624e+00,-1.358706856331622248e+00,-1.138574728364956545e+00,-8.570967615902546077e-01,-5.665358669049872509e-01,-3.930907803360014219e-01,-3.930907758383135331e-01,-5.665358535090845304e-01,-8.570967396549079576e-01,-1.138574698121901374e+00,-1.358706818063731614e+00,-1.512612639624424604e+00,-1.612979041923966905e+00,-1.675234763934899673e+00,-1.712278052281057894e+00,-1.733457768693792644e+00,-1.745044451323468637e+00,-1.751031891556929398e+00,-1.753863409144336361e+00,-1.754982271937307603e+00,-1.755213517313312988e+00,-1.755013981920756638e+00,-1.754628777110811111e+00,-1.754185363494168204e+00,-1.753748002694039299e+00,-1.753348129919244602e+00,-1.753000688634249737e+00,-1.752712600656353370e+00,-1.752487005796117270e+00,-1.752325305813422274e+00,-1.752228117817704600e+00,-1.752195698559105397e+00,-1.000000000000000000e+00,-1.000000000000000000e+00,-1.000000000000000000e+00,-1.000000000000000000e+00,-1.000000000000000000e+00,-1.000000000000000000e+00,-1.000000000000000000e+00,-1.000000000000000000e+00,-1.000000000000000000e+00,-1.000000000000000000e+00,-1.000000000000000000e+00,-1.000000000000000000e+00,-1.000000000000000000e+00,-1.000000000000000000e+00,-1.000000000000000000e+00,-1.000000000000000000e+00,-1.000000000000000000e+00,-1.000000000000000000e+00,-1.000000000000000000e+00,-1.000000000000000000e+00,-1.000000000000000000e+00,-1.000000000000000000e+00,-1.000000000000000000e+00,-1.000000000000000000e+00,-1.000000000000000000e+00,-1.000000000000000000e+00,-1.000000000000000000e+00,-1.000000000000000000e+00,-1.000000000000000000e+00,-1.000000000000000000e+00,-1.000000000000000000e+00,-1.000000000000000000e+00,-1.000000000000000000e+00,-1.000000000000000000e+00,-1.000000000000000000e+00,-1.000000000000000000e+00,-1.000000000000000000e+00,-1.000000000000000000e+00,-1.000000000000000000e+00,-1.000000000000000000e+00,-1.000000000000000000e+00,-1.000000000000000000e+00,-1.000000000000000000e+00,-1.000000000000000000e+00,-1.000000000000000000e+00,-1.000000000000000000e+00,-1.000000000000000000e+00,-1.000000000000000000e+00,-1.000000000000000000e+00,-1.000000000000000000e+00,-1.000000000000000000e+00,-1.000000000000000000e+00,-1.000000000000000000e+00,-1.000000000000000000e+00
-1.000000000000000000e+00,-1.000000000000000000e+00,-1.000000000000000000e+00,-1.000000000000000000e+00,-1.000000000000000000e+00,-1.000000000000000000e+00,-1.000000000000000000e+00,-1.000000000000000000e+00,-1.000000000000000000e+00,-1.000000000000000000e+00,-1.000000000000000000e+00,-1.000000000000000000e+00,-1.000000000000000000e+00,-1.000000000000000000e+00,-1.000000000000000000e+00,-1.000000000000000000e+00,-1.000000000000000000e+00,-1.000000000000000000e+00,-1.000000000000000000e+00,-1.000000000000000000e+00,-1.000000000000000000e+00,-1.000000000000000000e+00,-1.000000000000000000e+00,-1.000000000000000000e+00,-1.000000000000000000e+00,-1.000000000000000000e+00,-1.000000000000000000e+00,-1.000000000000000000e+00,-1.000000000000000000e+00,-1.000000000000000000e+00,-1.000000000000000000e+00,-1.000000000000000000e+00,-1.000000000000000000e+00,-1.000000000000000000e+00,-1.000000000000000000e+00,-1.000000000000000000e+00,-1.000000000000000000e+00,-1.000000000000000000e+00,-1.000000000000000000e+00,-1.000000000000000000e+00,-1.000000000000000000e+00,-1.000000000000000000e+00,-1.000000000000000000e+00,-1.000000000000000000e+00,-1.000000000000000000e+00,-1.000000000000000000e+00,-1.000000000000000000e+00,-1.000000000000000000e+00,-1.000000000000000000e+00,-1.000000000000000000e+00,-1.000000000000000000e+00,-1.000000000000000000e+00,-1.000000000000000000e+00,-1.000000000000000000e+00,-1.752864557281576863e+00,-1.752896975989533201e+00,-1.752994169537399838e+00,-1.753155882587246639e+00,-1.753381496878715584e+00,-1.753669609404398866e+00,-1.754017079869115037e+00,-1.754416985736516832e+00,-1.754854384476882245e+00,-1.755297843806654656e+00,-1.755683110836748995e+00,-1.755882745054827776e+00,-1.755651677375806852e+00,-1.754533155879113293e+00,-1.751702305018459027e+00,-1.745716153877397314e+00,-1.734131906988586991e+00,-1.712956661558626248e+00,-1.675921315963343261e+00,-1.613679194881892487e+00,-1.513335099718042143e+00,-1.359463930876317672e+00,-1.139381738169835456e+00,-8.579677159543208642e-01,-5.674726649481378615e-01,-3.940669952283790689e-01,-3.940669907084014545e-01,-5.674726514668542166e-01,-8.579676938320872637e-01,-1.139381707555289669e+00,-1.359463891976503191e+00,-1.513335052776910938e+00,-1.613679140147481705e+00,-1.675921253651010634e+00,-1.712956591793076910e+00,-1.734131829766727195e+00,-1.745716069092699829e+00,-1.751702212510754419e+00,-1.754533055465231639e+00,-1.755651568820805197e+00,-1.755882628020621228e+00,-1.755682984939916480e+00,-1.755297708529186540e+00,-1.754854239160366758e+00,-1.754416830090244961e+00,-1.754016913649287135e+00,-1.753669432915681670e+00,-1.753381310553378869e+00,-1.753155687368636917e+00,-1.752993966048256969e+00,-1.752896764844798172e+00,-1.752864341099211742e+00,-1.000000000000000000e+00,-1.000000000000000000e+00,-1.000000000000000000e+00,-1.000000000000000000e+00,-1.000000000000000000e+00,-1.000000000000000000e+00,-1.000000000000000000e+00,-1.000000000000000000e+00,-1.000000000000000000e+00,-1.000000000000000000e+00,-1.000000000000000000e+00,-1.000000000000000000e+00,-1.000000000000000000e+00,-1.000000000000000000e+00,-1.000000000000000000e+00,-1.000000000000000000e+00,-1.000000000000000000e+00,-1.000000000000000000e+00,-1.000000000000000000e+00,-1.000000000000000000e+00,-1.000000000000000000e+00,-1.000000000000000000e+00,-1.000000000000000000e+00,-1.000000000000000000e+00,-1.000000000000000000e+00,-1.000000000000000000e+00,-1.000000000000000000e+00,-1.000000000000000000e+00,-1.000000000000000000e+00,-1.000000000000000000e+00,-1.000000000000000000e+00,-1.000000000000000000e+00,-1.000000000000000000e+00,-1.000000000000000000e+00,-1.000000000000000000e+00,-1.000000000000000000e+00,-1.000000000000000000e+00,-1.000000000000000000e+00,-1.000000000000000000e+00,-1.000000000000000000e+00,-1.000000000000000000e+00,-1.000000000000000000e+00,-1.000000000000000000e+00,-1.000000000000000000e+00,-1.000000000000000000e+00,-1.000000000000000000e+00,-1.000000000000000000e+00,-1.000000000000000000e+00,-1.000000000000000000e+00,-1.000000000000000000e+00,-1.000000000000000000e+00,-1.000000000000000000e+00,-1.000000000000000000e+00,-1.000000000000000000e+00
-1.000000000000000000e+00,-1.000000000000000000e+00,-1.000000000000000000e+00,-1.000000000000000000e+00,-1.000000000000000000e+00,-1.000000000000000000e+00,-1.000000000000000000e+00,-1.000000000000000000e+00,-1.000000000000000000e+00,-1.000000000000000000e+00,-1.000000000000000000e+00,-1.000000000000000000e+00,-1.000000000000000000e+00,-1.000000000000000000e+00,-1.000000000000000000e+00,-1.000000000000000000e+00,-1.000000000000000000e+00,-1.000000000000000000e+00,-1.000000000000000000e+00,-1.000000000000000000e+00,-1.000000000000000000e+00,-1.000000000000000000e+00,-1.000000000000000000e+00,-1.000000000000000000e+00,-1.000000000000000000e+00,-1.000000000000000000e+00,-1.000000000000000000e+00,-1.000000000000000000e+00,-1.000000000000000000e+00,-1.000000000000000000e+00,-1.000000000000000000e+00,-1.000000000000000000e+00,-1.000000000000000000e+00,-1.000000000000000000e+00,-1.000000000000000000e+00,-1.000000000000000000e+00,-1.000000000000000000e+00,-1.000000000000000000e+00,-1.000000000000000000e+00,-1.000000000000000000e+00,-1.000000000000000000e+00,-1.000000000000000000e+00,-1.000000000000000000e+00,-1.000000000000000000e+00,-1.000000000000000000e+00,-1.000000000000000000e+00,-1.000000000000000000e+00,-1.000000000000000000e+00,-1.000000000000000000e+00,-1.000000000000000000e+00,-1.000000000000000000e+00,-1.000000000000000000e+00,-1.000000000000000000e+00,-1.000000000000000000e+00,-1.753590979119719950e+00,-1.753623403201196140e+00,-1.753720612430274217e+00,-1.753882351305760867e+00,-1.754108000633190390e+00,-1.754396156133700702e+00,-1.754743676262467744e+00,-1.755143637498733256e+00,-1.755581097534911761e+00,-1.756024627162199980e+00,-1.756409982682496373e+00,-1.756609745251808574e+00,-1.756378891905066464e+00,-1.755260762998676061e+00,-1.752430659286665859e+00,-1.746445933406480577e+00,-1.734864361049074599e+00,-1.713694007095558858e+00,-1.676667333609023647e+00,-1.614440044083612191e+00,-1.514120254394156095e+00,-1.360286819819631843e+00,-1.140258968745347046e+00,-8.589145102882753680e-01,-5.684910712679809297e-01,-3.951282701498797234e-01,-3.951282655685119938e-01,-5.684910575852960557e-01,-8.589144877851169202e-01,-1.140258937486941404e+00,-1.360286779925671485e+00,-1.514120206042404160e+00,-1.614439987489218797e+00,-1.676667268982973358e+00,-1.713693934575940769e+00,-1.734864280664779601e+00,-1.746445845108743011e+00,-1.752430562995986874e+00,-1.755260658638521765e+00,-1.756378779402465451e+00,-1.756609624404244174e+00,-1.756409853093500617e+00,-1.756024488364626324e+00,-1.755580948836375610e+00,-1.755143478471918428e+00,-1.754743506737530989e+00,-1.754395976345950459e+00,-1.754107811036416775e+00,-1.753882152678993167e+00,-1.753720405085277934e+00,-1.753623187577102893e+00,-1.753590758087853585e+00,-1.000000000000000000e+00,-1.000000000000000000e+00,-1.000000000000000000e+00,-1.000000000000000000e+00,-1.000000000000000000e+00,-1.000000000000000000e+00,-1.000000000000000000e+00,-1.000000000000000000e+00,-1.000000000000000000e+00,-1.000000000000000000e+00,-1.000000000000000000e+00,-1.000000000000000000e+00,-1.000000000000000000e+00,-1.000000000000000000e+00,-1.000000000000000000e+00,-1.000000000000000000e+00,-1.000000000000000000e+00,-1.000000000000000000e+00,-1.000000000000000000e+00,-1.000000000000000000e+00,-1.000000000000000000e+00,-1.000000000000000000e+00,-1.000000000000000000e+00,-1.000000000000000000e+00,-1.000000000000000000e+00,-1.000000000000000000e+00,-1.000000000000000000e+00,-1.000000000000000000e+00,-1.000000000000000000e+00,-1.000000000000000000e+00,-1.000000000000000000e+00,-1.000000000000000000e+00,-1.000000000000000000e+00,-1.000000000000000000e+00,-1.000000000000000000e+00,-1.000000000000000000e+00,-1.000000000000000000e+00,-1.000000000000000000e+00,-1.000000000000000000e+00,-1.000000000000000000e+00,-1.000000000000000000e+00,-1.000000000000000000e+00,-1.000000000000000000e+00,-1.000000000000000000e+00,-1.000000000000000000e+00,-1.000000000000000000e+00,-1.000000000000000000e+00,-1.000000000000000000e+00,-1.000000000000000000e+00,-1.000000000000000000e+00,-1.000000000000000000e+00,-1.000000000000000000e+00,-1.000000000000000000e+00,-1.000000000000000000e+00
-1.000000000000000000e+00,-1.000000000000000000e+00,-1.000000000000000000e+00,-1.000000000000000000e+00,-1.000000000000000000e+00,-1.000000000000000000e+00,-1.000000000000000000e+00,-1.000000000000000000e+00,-1.000000000000000000e+00,-1.000000000000000000e+00,-1.000000000000000000e+00,-1.000000000000000000e+00,-1.000000000000000000e+00,-1.000000000000000000e+00,-1.000000000000000000e+00,-1.000000000000000000e+00,-1.000000000000000000e+00,-1.000000000000000000e+00,-1.000000000000000000e+00,-1.000000000000000000e+00,-1.000000000000000000e+00,-1.000000000000000000e+00,-1.000000000000000000e+00,-1.000000000000000000e+00,-1.000000000000000000e+00,-1.000000000000000000e+00,-1.000000000000000000e+00,-1.000000000000000000e+00,-1.000000000000000000e+00,-1.000000000000000000e+00,-1.000000000000000000e+00,-1.000000000000000000e+00,-1.000000000000000000e+00,-1.000000000000000000e+00,-1.000000000000000000e+00,-1.000000000000000000e+00,-1.000000000000000000e+00,-1.000000000000000000e+00,-1.000000000000000000e+00,-1.000000000000000000e+00,-1.000000000000000000e+00,-1.000000000000000000e+00,-1.000000000000000000e+00,-1.000000000000000000e+00,-1.000000000000000000e+00,-1.000000000000000000e+00,-1.000000000000000000e+00,-1.000000000000000000e+00,-1.000000000000000000e+00,-1.000000000000000000e+00,-1.000000000000000000e+00,-1.000000000000000000e+00,-1.000000000000000000e+00,-1.000000000000000000e+00,-1.754375075759923464e+00,-1.754407506488685486e+00,-1.754504735176564578e+00,-1.754666505990931658e+00,-1.754892198716653695e+00,-1.755180407659742148e+00,-1.755527989850317994e+00,-1.755928020574933246e+00,-1.756365557620705342e+00,-1.756809174945264118e+00,-1.757194638656554897e+00,-1.757394553256698799e+00,-1.757163945632043367e+00,-1.756046256001380979e+00,-1.753216975980520065e+00,-1.747233808487184348e+00,-1.735655147423958100e+00,-1.714490104724756492e+00,-1.677472833705474731e+00,-1.615261609498903628e+00,-1.514968129131369023e+00,-1.361175517934424262e+00,-1.141206431186057468e+00,-8.599371705917853159e-01,-5.695911226791693371e-01,-3.962746480225405321e-01,-3.962746433351910236e-01,-5.695911086686621383e-01,-8.599371475120385355e-01,-1.141206399030063157e+00,-1.361175476729665990e+00,-1.514968078969145093e+00,-1.615261550537674395e+00,-1.677472766137714233e+00,-1.714490028706145974e+00,-1.735655063032664369e+00,-1.747233715763331974e+00,-1.753216874977293616e+00,-1.756046146764417504e+00,-1.757163828181820930e+00,-1.757394427529863634e+00,-1.757194504307481919e+00,-1.756809031496449958e+00,-1.756365404474679037e+00,-1.755927857211214915e+00,-1.755527816167286037e+00,-1.755180223835482334e+00,-1.754892005229146346e+00,-1.754666303486625667e+00,-1.754504523761660550e+00,-1.754407286407666078e+00,-1.754374849977720086e+00,-1.000000000000000000e+00,-1.000000000000000000e+00,-1.000000000000000000e+00,-1.000000000000000000e+00,-1.000000000000000000e+00,-1.000000000000000000e+00,-1.000000000000000000e+00,-1.000000000000000000e+00,-1.000000000000000000e+00,-1.000000000000000000e+00,-1.000000000000000000e+00,-1.000000000000000000e+00,-1.000000000000000000e+00,-1.000000000000000000e+00,-1.000000000000000000e+00,-1.000000000000000000e+00,-1.000000000000000000e+00,-1.000000000000000000e+00,-1.000000000000000000e+00,-1.000000000000000000e+00,-1.000000000000000000e+00,-1.000000000000000000e+00,-1.000000000000000000e+00,-1.000000000000000000e+00,-1.000000000000000000e+00,-1.000000000000000000e+00,-1.000000000000000000e+00,-1.000000000000000000e+00,-1.000000000000000000e+00,-1.000000000000000000e+00,-1.000000000000000000e+00,-1.000000000000000000e+00,-1.000000000000000000e+00,-1.000000000000000000e+00,-1.000000000000000000e+00,-1.000000000000000000e+00,-1.000000000000000000e+00,-1.000000000000000000e+00,-1.000000000000000000e+00,-1.000000000000000000e+00,-1.000000000000000000e+00,-1.000000000000000000e+00,-1.000000000000000000e+00,-1.000000000000000000e+00,-1.000000000000000000e+00,-1.000000000000000000e+00,-1.000000000000000000e+00,-1.000000000000000000e+00,-1.000000000000000000e+00,-1.000000000000000000e+00,-1.000000000000000000e+00,-1.000000000000000000e+00,-1.000000000000000000e+00,-1.000000000000000000e+00
-1.000000000000000000e+00,-1.000000000000000000e+00,-1.000000000000000000e+00,-1.000000000000000000e+00,-1.000000000000000000e+00,-1.000000000000000000e+00,-1.000000000000000000e+00,-1.000000000000000000e+00,-1.000000000000000000e+00,-1.000000000000000000e+00,-1.000000000000000000e+00,-1.000000000000000000e+00,-1.000000000000000000e+00,-1.000000000000000000e+00,-1.000000000000000000e+00,-1.000000000000000000e+00,-1.000000000000000000e+00,-1.000000000000000000e+00,-1.000000000000000000e+00,-1.000000000000000000e+00,-1.000000000000000000e+00,-1.000000000000000000e+00,-1.000000000000000000e+00,-1.000000000000000000e+00,-1.000000000000000000e+00,-1.000000000000000000e+00,-1.000000000000000000e+00,-1.000000000000000000e+00,-1.000000000000000000e+00,-1.000000000000000000e+00,-1.000000000000000000e+00,-1.000000000000000000e+00,-1.000000000000000000e+00,-1.000000000000000000e+00,-1.000000000000000000e+00,-1.000000000000000000e+00,-1.000000000000000000e+00,-1.000000000000000000e+00,-1.000000000000000000e+00,-1.000000000000000000e+00,-1.000000000000000000e+00,-1.000000000000000000e+00,-1.000000000000000000e+00,-1.000000000000000000e+00,-1.000000000000000000e+00,-1.000000000000000000e+00,-1.000000000000000000e+00,-1.000000000000000000e+00,-1.000000000000000000e+00,-1.000000000000000000e+00,-1.000000000000000000e+00,-1.000000000000000000e+00,-1.000000000000000000e+00,-1.000000000000000000e+00,-1.755216736513908415e+00,-1.755249175411106588e+00,-1.755346428032928729e+00,-1.755508238032270185e+00,-1.755733984053007735e+00,-1.756022258819896820e+00,-1.756369917726870344e+00,-1.756770034649052459e+00,-1.757207667314147459e+00,-1.757651392903011978e+00,-1.758036987906454129e+00,-1.758237081826392600e+00,-1.758006755135975485e+00,-1.756889555544907555e+00,-1.754061180191192948e+00,-1.748079709185133668e+00,-1.736504202003342101e+00,-1.715344897457477868e+00,-1.678337768244379191e+00,-1.616143854529509927e+00,-1.515878701509657089e+00,-1.362130019458092534e+00,-1.142224137479739499e+00,-8.610357250623785763e-01,-5.707728591517167160e-01,-3.975061754654702906e-01,-3.975061706140543549e-01,-5.707728446504845010e-01,-8.610357011627762791e-01,-1.142224104130465934e+00,-1.362129976606703874e+00,-1.515878649156167102e+00,-1.616143792752518404e+00,-1.678337697190333655e+00,-1.715344817296538427e+00,-1.736504112894889484e+00,-1.748079611282940871e+00,-1.754061073685731831e+00,-1.756889440639714195e+00,-1.758006631936960718e+00,-1.758236950326391268e+00,-1.758036847856804030e+00,-1.757651243819383868e+00,-1.757207508702012477e+00,-1.756769865979525447e+00,-1.756369738932342273e+00,-1.756022070029142457e+00,-1.755733785751726783e+00,-1.755508030791787633e+00,-1.755346211915661980e+00,-1.755248950539736175e+00,-1.755216505914937386e+00,-1.000000000000000000e+00,-1.000000000000000000e+00,-1.000000000000000000e+00,-1.000000000000000000e+00,-1.000000000000000000e+00,-1.000000000000000000e+00,-1.000000000000000000e+00,-1.000000000000000000e+00,-1.000000000000000000e+00,-1.000000000000000000e+00,-1.000000000000000000e+00,-1.000000000000000000e+00,-1.000000000000000000e+00,-1.000000000000000000e+00,-1.000000000000000000e+00,-1.000000000000000000e+00,-1.000000000000000000e+00,-1.000000000000000000e+00,-1.000000000000000000e+00,-1.000000000000000000e+00,-1.000000000000000000e+00,-1.000000000000000000e+00,-1.000000000000000000e+00,-1.000000000000000000e+00,-1.000000000000000000e+00,-1.000000000000000000e+00,-1.000000000000000000e+00,-1.000000000000000000e+00,-1.000000000000000000e+00,-1.000000000000000000e+00,-1.000000000000000000e+00,-1.000000000000000000e+00,-1.000000000000000000e+00,-1.000000000000000000e+00,-1.000000000000000000e+00,-1.000000000000000000e+00,-1.000000000000000000e+00,-1.000000000000000000e+00,-1.000000000000000000e+00,-1.000000000000000000e+00,-1.000000000000000000e+00,-1.000000000000000000e+00,-1.000000000000000000e+00,-1.000000000000000000e+00,-1.000000000000000000e+00,-1.000000000000000000e+00,-1.000000000000000000e+00,-1.000000000000000000e+00,-1.000000000000000000e+00,-1.000000000000000000e+00,-1.000000000000000000e+00,-1.000000000000000000e+00,-1.000000000000000000e+00,-1.000000000000000000e+00
-1.000000000000000000e+00,-1.000000000000000000e+00,-1.000000000000000000e+00,-1.000000000000000000e+00,-1.000000000000000000e+00,-1.000000000000000000e+00,-1.000000000000000000e+00,-1.000000000000000000e+00,-1.000000000000000000e+00,-1.000000000000000000e+00,-1.000000000000000000e+00,-1.000000000000000000e+00,-1.000000000000000000e+00,-1.000000000000000000e+00,-1.000000000000000000e+00,-1.000000000000000000e+00,-1.000000000000000000e+00,-1.000000000000000000e+00,-1.000000000000000000e+00,-1.000000000000000000e+00,-1.000000000000000000e+00,-1.000000000000000000e+00,-1.000000000000000000e+00,-1.000000000000000000e+00,-1.000000000000000000e+00,-1.000000000000000000e+00,-1.000000000000000000e+00,-1.000000000000000000e+00,-1.000000000000000000e+00,-1.000000000000000000e+00,-1.000000000000000000e+00,-1.000000000000000000e+00,-1.000000000000000000e+00,-1.000000000000000000e+00,-1.000000000000000000e+00,-1.000000000000000000e+00,-1.000000000000000000e+00,-1.000000000000000000e+00,-1.000000000000000000e+00,-1.000000000000000000e+00,-1.000000000000000000e+00,-1.000000000000000000e+00,-1.000000000000000000e+00,-1.000000000000000000e+00,-1.000000000000000000e+00,-1.000000000000000000e+00,-1.000000000000000000e+00,-1.000000000000000000e+00,-1.000000000000000000e+00,-1.000000000000000000e+00,-1.000000000000000000e+00,-1.000000000000000000e+00,-1.000000000000000000e+00,-1.000000000000000000e+00,-1.756115838884193980e+00,-1.756148287729097035e+00,-1.756245569517812966e+00,-1.756407427216244432e+00,-1.756633238176607437e+00,-1.756921593345344146e+00,-1.757269346217424255e+00,-1.757669569006920840e+00,-1.758107319194287754e+00,-1.758551177209258798e+00,-1.758936930466053594e+00,-1.759137235087798956e+00,-1.758907228860022043e+00,-1.757790574652759785e+00,-1.754963189902311260e+00,-1.748983559033474133e+00,-1.737411454792407328e+00,-1.716258323168816657e+00,-1.679262084967850566e+00,-1.617086739396194073e+00,-1.516851947202283002e+00,-1.363150318166425734e+00,-1.143312100643249396e+00,-8.622102042495292107e-01,-5.720363239516437215e-01,-3.988229029197973841e-01,-3.988228978338674846e-01,-5.720363087575541794e-01,-8.622101792191727565e-01,-1.143312065713430359e+00,-1.363150273233873833e+00,-1.516851892197673468e+00,-1.617086674333870544e+00,-1.679262009946449918e+00,-1.716258238353366661e+00,-1.737411360423213535e+00,-1.748983455407275844e+00,-1.754963077335978117e+00,-1.757790453470783998e+00,-1.758907099271200369e+00,-1.759137097099360947e+00,-1.758936783904124557e+00,-1.758551021635732070e+00,-1.758107154185979182e+00,-1.757669394097825188e+00,-1.757269161344969133e+00,-1.756921398600025608e+00,-1.756633034024351003e+00,-1.756407214179439791e+00,-1.756245347761904441e+00,-1.756148057369773641e+00,-1.756115603084381860e+00,-1.000000000000000000e+00,-1.000000000000000000e+00,-1.000000000000000000e+00,-1.000000000000000000e+00,-1.000000000000000000e+00,-1.000000000000000000e+00,-1.000000000000000000e+00,-1.000000000000000000e+00,-1.000000000000000000e+00,-1.000000000000000000e+00,-1.000000000000000000e+00,-1.000000000000000000e+00,-1.000000000000000000e+00,-1.000000000000000000e+00,-1.000000000000000000e+00,-1.000000000000000000e+00,-1.000000000000000000e+00,-1.000000000000000000e+00,-1.000000000000000000e+00,-1.000000000000000000e+00,-1.000000000000000000e+00,-1.000000000000000000e+00,-1.000000000000000000e+00,-1.000000000000000000e+00,-1.000000000000000000e+00,-1.000000000000000000e+00,-1.000000000000000000e+00,-1.000000000000000000e+00,-1.000000000000000000e+00,-1.000000000000000000e+00,-1.000000000000000000e+00,-1.000000000000000000e+00,-1.000000000000000000e+00,-1.000000000000000000e+00,-1.000000000000000000e+00,-1.000000000000000000e+00,-1.000000000000000000e+00,-1.000000000000000000e+00,-1.000000000000000000e+00,-1.000000000000000000e+00,-1.000000000000000000e+00,-1.000000000000000000e+00,-1.000000000000000000e+00,-1.000000000000000000e+00,-1.000000000000000000e+00,-1.000000000000000000e+00,-1.000000000000000000e+00,-1.000000000000000000e+00,-1.000000000000000000e+00,-1.000000000000000000e+00,-1.000000000000000000e+00,-1.000000000000000000e+00,-1.000000000000000000e+00,-1.000000000000000000e+00
-1.000000000000000000e+00,-1.000000000000000000e+00,-1.000000000000000000e+00,-1.000000000000000000e+00,-1.000000000000000000e+00,-1.000000000000000000e+00,-1.000000000000000000e+00,-1.000000000000000000e+00,-1.000000000000000000e+00,-1.000000000000000000e+00,-1.000000000000000000e+00,-1.000000000000000000e+00,-1.000000000000000000e+00,-1.000000000000000000e+00,-1.000000000000000000e+00,-1.000000000000000000e+00,-1.000000000000000000e+00,-1.000000000000000000e+00,-1.000000000000000000e+00,-1.000000000000000000e+00,-1.000000000000000000e+00,-1.000000000000000000e+00,-1.000000000000000000e+00,-1.000000000000000000e+00,-1.000000000000000000e+00,-1.000000000000000000e+00,-1.000000000000000000e+00,-1.000000000000000000e+00,-1.000000000000000000e+00,-1.000000000000000000e+00,-1.000000000000000000e+00,-1.000000000000000000e+00,-1.000000000000000000e+00,-1.000000000000000000e+00,-1.000000000000000000e+00,-1.000000000000000000e+00,-1.000000000000000000e+00,-1.000000000000000000e+00,-1.000000000000000000e+00,-1.000000000000000000e+00,-1.000000000000000000e+00,-1.000000000000000000e+00,-1.000000000000000000e+00,-1.000000000000000000e+00,-1.000000000000000000e+00,-1.000000000000000000e+00,-1.000000000000000000e+00,-1.000000000000000000e+00,-1.000000000000000000e+00,-1.000000000000000000e+00,-1.000000000000000000e+00,-1.000000000000000000e+00,-1.000000000000000000e+00,-1.000000000000000000e+00,-1.757072247654960506e+00,-1.757104708510898616e+00,-1.757202025555808733e+00,-1.757363940899174581e+00,-1.757589830420030808e+00,-1.757878283059817859e+00,-1.758226150102316865e+00,-1.758626501812980081e+00,-1.759064395184800178e+00,-1.759508413871931465e+00,-1.759894356711426910e+00,-1.760094908037836303e+00,-1.759865266670775030e+00,-1.758749218347364973e+00,-1.755922915692360586e+00,-1.749945274789460159e+00,-1.738376829713816019e+00,-1.717230314448375594e+00,-1.680245727275414769e+00,-1.618090221093438474e+00,-1.517887839962368535e+00,-1.364236407384150640e+00,-1.144470334771487741e+00,-8.634606411683535265e-01,-5.733815638245645108e-01,-4.002248848785534552e-01,-4.002248794795747466e-01,-5.733815477063245458e-01,-8.634606146410994665e-01,-1.144470297796696956e+00,-1.364236359851838554e+00,-1.517887781769415856e+00,-1.618090152219146205e+00,-1.680245647804312625e+00,-1.717230224562191321e+00,-1.738376729711308188e+00,-1.749945165087095855e+00,-1.755922796725969404e+00,-1.758749090502374157e+00,-1.759865130219294027e+00,-1.760094763004644847e+00,-1.759894202954035425e+00,-1.759508251046566496e+00,-1.759064222937887889e+00,-1.758626319799952098e+00,-1.758225958256543375e+00,-1.757878081438143170e+00,-1.757589619435574235e+00,-1.757363721009569613e+00,-1.757201797116817898e+00,-1.757104471747084729e+00,-1.757072005988970176e+00,-1.000000000000000000e+00,-1.000000000000000000e+00,-1.000000000000000000e+00,-1.000000000000000000e+00,-1.000000000000000000e+00,-1.000000000000000000e+00,-1.000000000000000000e+00,-1.000000000000000000e+00,-1.000000000000000000e+00,-1.000000000000000000e+00,-1.000000000000000000e+00,-1.000000000000000000e+00,-1.000000000000000000e+00,-1.000000000000000000e+00,-1.000000000000000000e+00,-1.000000000000000000e+00,-1.000000000000000000e+00,-1.000000000000000000e+00,-1.000000000000000000e+00,-1.000000000000000000e+00,-1.000000000000000000e+00,-1.000000000000000000e+00,-1.000000000000000000e+00,-1.000000000000000000e+00,-1.000000000000000000e+00,-1.000000000000000000e+00,-1.000000000000000000e+00,-1.000000000000000000e+00,-1.000000000000000000e+00,-1.000000000000000000e+00,-1.000000000000000000e+00,-1.000000000000000000e+00,-1.000000000000000000e+00,-1.000000000000000000e+00,-1.000000000000000000e+00,-1.000000000000000000e+00,-1.000000000000000000e+00,-1.000000000000000000e+00,-1.000000000000000000e+00,-1.000000000000000000e+00,-1.000000000000000000e+00,-1.000000000000000000e+00,-1.000000000000000000e+00,-1.000000000000000000e+00,-1.000000000000000000e+00,-1.000000000000000000e+00,-1.000000000000000000e+00,-1.000000000000000000e+00,-1.000000000000000000e+00,-1.000000000000000000e+00,-1.000000000000000000e+00,-1.000000000000000000e+00,-1.000000000000000000e+00,-1.000000000000000000e+00
-1.000000000000000000e+00,-1.000000000000000000e+00,-1.000000000000000000e+00,-1.000000000000000000e+00,-1.000000000000000000e+00,-1.000000000000000000e+00,-1.000000000000000000e+00,-1.000000000000000000e+00,-1.000000000000000000e+00,-1.000000000000000000e+00,-1.000000000000000000e+00,-1.000000000000000000e+00,-1.000000000000000000e+00,-1.000000000000000000e+00,-1.000000000000000000e+00,-1.000000000000000000e+00,-1.000000000000000000e+00,-1.000000000000000000e+00,-1.000000000000000000e+00,-1.000000000000000000e+00,-1.000000000000000000e+00,-1.000000000000000000e+00,-1.000000000000000000e+00,-1.000000000000000000e+00,-1.000000000000000000e+00,-1.000000000000000000e+00,-1.000000000000000000e+00,-1.000000000000000000e+00,-1.000000000000000000e+00,-1.000000000000000000e+00,-1.000000000000000000e+00,-1.000000000000000000e+00,-1.000000000000000000e+00,-1.000000000000000000e+00,-1.000000000000000000e+00,-1.000000000000000000e+00,-1.000000000000000000e+00,-1.000000000000000000e+00,-1.000000000000000000e+00,-1.000000000000000000e+00,-1.000000000000000000e+00,-1.000000000000000000e+00,-1.000000000000000000e+00,-1.000000000000000000e+00,-1.000000000000000000e+00,-1.000000000000000000e+00,-1.000000000000000000e+00,-1.000000000000000000e+00,-1.000000000000000000e+00,-1.000000000000000000e+00,-1.000000000000000000e+00,-1.000000000000000000e+00,-1.000000000000000000e+00,-1.000000000000000000e+00,-1.758085813938358610e+00,-1.758118289182434735e+00,-1.758215648543071552e+00,-1.758377633093263670e+00,-1.758603617027078014e+00,-1.758892187019601039e+00,-1.759240191782828422e+00,-1.759640699299901412e+00,-1.760078765782069565e+00,-1.760522978028728147e+00,-1.760909146742614784e+00,-1.761109986014150142e+00,-1.760880759403996576e+00,-1.759765383263836469e+00,-1.756940260417109601e+00,-1.750964766186809296e+00,-1.739400244416945185e+00,-1.718260798452079907e+00,-1.681288634108716540e+00,-1.619154253323869641e+00,-1.518986351625947862e+00,-1.365388280065646054e+00,-1.145698855180873554e+00,-8.647870714793655100e-01,-5.748086291919726198e-01,-4.017121800906018336e-01,-4.017121743038899462e-01,-5.748086119280777506e-01,-8.647870430922545149e-01,-1.145698815676620796e+00,-1.365388229370187556e+00,-1.518986289664716383e+00,-1.619154180096613604e+00,-1.681288549722225412e+00,-1.718260703133295708e+00,-1.739400138523962580e+00,-1.750964650201894512e+00,-1.756940134855278668e+00,-1.759765248532525472e+00,-1.760880615766846180e+00,-1.761109833507921163e+00,-1.760908985236927959e+00,-1.760522807297564274e+00,-1.760078585571838605e+00,-1.759640509424503563e+00,-1.759239992187002555e+00,-1.758891977733903600e+00,-1.758603398383460359e+00,-1.758377405452665743e+00,-1.758215412462354355e+00,-1.758118045076107361e+00,-1.758085565595543853e+00,-1.000000000000000000e+00,-1.000000000000000000e+00,-1.000000000000000000e+00,-1.000000000000000000e+00,-1.000000000000000000e+00,-1.000000000000000000e+00,-1.000000000000000000e+00,-1.000000000000000000e+00,-1.000000000000000000e+00,-1.000000000000000000e+00,-1.000000000000000000e+00,-1.000000000000000000e+00,-1.000000000000000000e+00,-1.000000000000000000e+00,-1.000000000000000000e+00,-1.000000000000000000e+00,-1.000000000000000000e+00,-1.000000000000000000e+00,-1.000000000000000000e+00,-1.000000000000000000e+00,-1.000000000000000000e+00,-1.000000000000000000e+00,-1.000000000000000000e+00,-1.000000000000000000e+00,-1.000000000000000000e+00,-1.000000000000000000e+00,-1.000000000000000000e+00,-1.000000000000000000e+00,-1.000000000000000000e+00,-1.000000000000000000e+00,-1.000000000000000000e+00,-1.000000000000000000e+00,-1.000000000000000000e+00,-1.000000000000000000e+00,-1.000000000000000000e+00,-1.000000000000000000e+00,-1.000000000000000000e+00,-1.000000000000000000e+00,-1.000000000000000000e+00,-1.000000000000000000e+00,-1.000000000000000000e+00,-1.000000000000000000e+00,-1.000000000000000000e+00,-1.000000000000000000e+00,-1.000000000000000000e+00,-1.000000000000000000e+00,-1.000000000000000000e+00,-1.000000000000000000e+00,-1.000000000000000000e+00,-1.000000000000000000e+00,-1.000000000000000000e+00,-1.000000000000000000e+00,-1.000000000000000000e+00,-1.000000000000000000e+00
-1.000000000000000000e+00,-1.000000000000000000e+00,-1.000000000000000000e+00,-1.000000000000000000e+00,-1.000000000000000000e+00,-1.000000000000000000e+00,-1.000000000000000000e+00,-1.000000000000000000e+00,-1.000000000000000000e+00,-1.000000000000000000e+00,-1.000000000000000000e+00,-1.000000000000000000e+00,-1.000000000000000000e+00,-1.000000000000000000e+00,-1.000000000000000000e+00,-1.000000000000000000e+00,-1.000000000000000000e+00,-1.000000000000000000e+00,-1.000000000000000000e+00,-1.000000000000000000e+00,-1.000000000000000000e+00,-1.000000000000000000e+00,-1.000000000000000000e+00,-1.000000000000000000e+00,-1.000000000000000000e+00,-1.000000000000000000e+00,-1.000000000000000000e+00,-1.000000000000000000e+00,-1.000000000000000000e+00,-1.000000000000000000e+00,-1.000000000000000000e+00,-1.000000000000000000e+00,-1.000000000000000000e+00,-1.000000000000000000e+00,-1.000000000000000000e+00,-1.000000000000000000e+00,-1.000000000000000000e+00,-1.000000000000000000e+00,-1.000000000000000000e+00,-1.000000000000000000e+00,-1.000000000000000000e+00,-1.000000000000000000e+00,-1.000000000000000000e+00,-1.000000000000000000e+00,-1.000000000000000000e+00,-1.000000000000000000e+00,-1.000000000000000000e+00,-1.000000000000000000e+00,-1.000000000000000000e+00,-1.000000000000000000e+00,-1.000000000000000000e+00,-1.000000000000000000e+00,-1.000000000000000000e+00,-1.000000000000000000e+00,-1.759156374074883900e+00,-1.759188866443391008e+00,-1.759286276283236194e+00,-1.759448343432499229e+00,-1.759674440153447872e+00,-1.759963150553296884e+00,-1.760311320368671106e+00,-1.760712014911149481e+00,-1.761150289252562118e+00,-1.761594733195077200e+00,-1.761981169688603188e+00,-1.762182344072073858e+00,-1.761953588329811193e+00,-1.760838957204185817e+00,-1.758015118845948077e+00,-1.752041935645662019e+00,-1.740481610066482387e+00,-1.719349696770240854e+00,-1.682390739897393628e+00,-1.620278786502974189e+00,-1.520147452161911827e+00,-1.366605928884789822e+00,-1.146997678548267841e+00,-8.661895336867602158e-01,-5.763175744090460739e-01,-4.032848518557962114e-01,-4.032848456208760757e-01,-5.763175558182801472e-01,-8.661895031380104637e-01,-1.146997636102785378e+00,-1.366605874530136377e+00,-1.520147385896449821e+00,-1.620278708409448765e+00,-1.682390650160439094e+00,-1.719349595689796839e+00,-1.740481498067364852e+00,-1.752041813239821888e+00,-1.758014986557541404e+00,-1.760838815431103654e+00,-1.761953437281639001e+00,-1.762182183775989675e+00,-1.761981000026835220e+00,-1.761594554052415829e+00,-1.761150100509874417e+00,-1.760711816553246933e+00,-1.760311112384145060e+00,-1.759962932968900828e+00,-1.759674213204441839e+00,-1.759448107369166125e+00,-1.759286031827540508e+00,-1.759188614229547198e+00,-1.759156118303800254e+00,-1.000000000000000000e+00,-1.000000000000000000e+00,-1.000000000000000000e+00,-1.000000000000000000e+00,-1.000000000000000000e+00,-1.000000000000000000e+00,-1.000000000000000000e+00,-1.000000000000000000e+00,-1.000000000000000000e+00,-1.000000000000000000e+00,-1.000000000000000000e+00,-1.000000000000000000e+00,-1.000000000000000000e+00,-1.000000000000000000e+00,-1.000000000000000000e+00,-1.000000000000000000e+00,-1.000000000000000000e+00,-1.000000000000000000e+00,-1.000000000000000000e+00,-1.000000000000000000e+00,-1.000000000000000000e+00,-1.000000000000000000e+00,-1.000000000000000000e+00,-1.000000000000000000e+00,-1.000000000000000000e+00,-1.000000000000000000e+00,-1.000000000000000000e+00,-1.000000000000000000e+00,-1.000000000000000000e+00,-1.000000000000000000e+00,-1.000000000000000000e+00,-1.000000000000000000e+00,-1.000000000000000000e+00,-1.000000000000000000e+00,-1.000000000000000000e+00,-1.000000000000000000e+00,-1.000000000000000000e+00,-1.000000000000000000e+00,-1.000000000000000000e+00,-1.000000000000000000e+00,-1.000000000000000000e+00,-1.000000000000000000e+00,-1.000000000000000000e+00,-1.000000000000000000e+00,-1.000000000000000000e+00,-1.000000000000000000e+00,-1.000000000000000000e+00,-1.000000000000000000e+00,-1.000000000000000000e+00,-1.000000000000000000e+00,-1.000000000000000000e+00,-1.000000000000000000e+00,-1.000000000000000000e+00,-1.000000000000000000e+00
-1.000000000000000000e+00,-1.000000000000000000e+00,-1.000000000000000000e+00,-1.000000000000000000e+00,-1.000000000000000000e+00,-1.000000000000000000e+00,-1.000000000000000000e+00,-1.000000000000000000e+00,-1.000000000000000000e+00,-1.000000000000000000e+00,-1.000000000000000000e+00,-1.000000000000000000e+00,-1.000000000000000000e+00,-1.000000000000000000e+00,-1.000000000000000000e+00,-1.000000000000000000e+00,-1.000000000000000000e+00,-1.000000000000000000e+00,-1.000000000000000000e+00,-1.000000000000000000e+00,-1.000000000000000000e+00,-1.000000000000000000e+00,-1.000000000000000000e+00,-1.000000000000000000e+00,-1.000000000000000000e+00,-1.000000000000000000e+00,-1.000000000000000000e+00,-1.000000000000000000e+00,-1.000000000000000000e+00,-1.000000000000000000e+00,-1.000000000000000000e+00,-1.000000000000000000e+00,-1.000000000000000000e+00,-1.000000000000000000e+00,-1.000000000000000000e+00,-1.000000000000000000e+00,-1.000000000000000000e+00,-1.000000000000000000e+00,-1.000000000000000000e+00,-1.000000000000000000e+00,-1.000000000000000000e+00,-1.000000000000000000e+00,-1.000000000000000000e+00,-1.000000000000000000e+00,-1.000000000000000000e+00,-1.000000000000000000e+00,-1.000000000000000000e+00,-1.000000000000000000e+00,-1.000000000000000000e+00,-1.000000000000000000e+00,-1.000000000000000000e+00,-1.000000000000000000e+00,-1.000000000000000000e+00,-1.000000000000000000e+00,-1.760283748424342321e+00,-1.760316261067512711e+00,-1.760413730804595733e+00,-1.760575896020181830e+00,-1.760802126759502872e+00,-1.761091004205726396e+00,-1.761439370671897819e+00,-1.761840288346220973e+00,-1.762278810737893719e+00,-1.762723530438287112e+00,-1.763110282954477359e+00,-1.763311846305558150e+00,-1.763083624550159101e+00,-1.761969818623590811e+00,-1.759147377248354571e+00,-1.753176677961627572e+00,-1.741620831122072222e+00,-1.720496925286617795e+00,-1.683551974488123104e+00,-1.621463767761473829e+00,-1.521371109751243678e+00,-1.367889346393496242e+00,-1.148366823140192228e+00,-8.676680694218177337e-01,-5.779084580801523430e-01,-4.049429683536253100e-01,-4.049429616380905150e-01,-5.779084380589069037e-01,-8.676680365202216194e-01,-1.148366777468358135e+00,-1.367889288019398464e+00,-1.521371038781392571e+00,-1.621463684397926430e+00,-1.683551879035698473e+00,-1.720496818149889195e+00,-1.741620712796207560e+00,-1.753176548976864479e+00,-1.759147238092037879e+00,-1.761969669649822379e+00,-1.763083465906020608e+00,-1.763311677989584325e+00,-1.763110104872254169e+00,-1.762723342562563245e+00,-1.762278613093359869e+00,-1.761840081070101816e+00,-1.761439153819198911e+00,-1.761090777834051879e+00,-1.760801891020162824e+00,-1.760575651078639892e+00,-1.760413477510378133e+00,-1.760316000266053837e+00,-1.760283484702294121e+00,-1.000000000000000000e+00,-1.000000000000000000e+00,-1.000000000000000000e+00,-1.000000000000000000e+00,-1.000000000000000000e+00,-1.000000000000000000e+00,-1.000000000000000000e+00,-1.000000000000000000e+00,-1.000000000000000000e+00,-1.000000000000000000e+00,-1.000000000000000000e+00,-1.000000000000000000e+00,-1.000000000000000000e+00,-1.000000000000000000e+00,-1.000000000000000000e+00,-1.000000000000000000e+00,-1.000000000000000000e+00,-1.000000000000000000e+00,-1.000000000000000000e+00,-1.000000000000000000e+00,-1.000000000000000000e+00,-1.000000000000000000e+00,-1.000000000000000000e+00,-1.000000000000000000e+00,-1.000000000000000000e+00,-1.000000000000000000e+00,-1.000000000000000000e+00,-1.000000000000000000e+00,-1.000000000000000000e+00,-1.000000000000000000e+00,-1.000000000000000000e+00,-1.000000000000000000e+00,-1.000000000000000000e+00,-1.000000000000000000e+00,-1.000000000000000000e+00,-1.000000000000000000e+00,-1.000000000000000000e+00,-1.000000000000000000e+00,-1.000000000000000000e+00,-1.000000000000000000e+00,-1.000000000000000000e+00,-1.000000000000000000e+00,-1.000000000000000000e+00,-1.000000000000000000e+00,-1.000000000000000000e+00,-1.000000000000000000e+00,-1.000000000000000000e+00,-1.000000000000000000e+00,-1.000000000000000000e+00,-1.000000000000000000e+00,-1.000000000000000000e+00,-1.000000000000000000e+00,-1.000000000000000000e+00,-1.000000000000000000e+00
-1.000000000000000000e+00,-1.000000000000000000e+00,-1.000000000000000000e+00,-1.000000000000000000e+00,-1.000000000000000000e+00,-1.000000000000000000e+00,-1.000000000000000000e+00,-1.000000000000000000e+00,-1.000000000000000000e+00,-1.000000000000000000e+00,-1.000000000000000000e+00,-1.000000000000000000e+00,-1.000000000000000000e+00,-1.000000000000000000e+00,-1.000000000000000000e+00,-1.000000000000000000e+00,-1.000000000000000000e+00,-1.000000000000000000e+00,-1.000000000000000000e+00,-1.000000000000000000e+00,-1.000000000000000000e+00,-1.000000000000000000e+00,-1.000000000000000000e+00,-1.000000000000000000e+00,-1.000000000000000000e+00,-1.000000000000000000e+00,-1.000000000000000000e+00,-1.000000000000000000e+00,-1.000000000000000000e+00,-1.000000000000000000e+00,-1.000000000000000000e+00,-1.000000000000000000e+00,-1.000000000000000000e+00,-1.000000000000000000e+00,-1.000000000000000000e+00,-1.000000000000000000e+00,-1.000000000000000000e+00,-1.000000000000000000e+00,-1.000000000000000000e+00,-1.000000000000000000e+00,-1.000000000000000000e+00,-1.000000000000000000e+00,-1.000000000000000000e+00,-1.000000000000000000e+00,-1.000000000000000000e+00,-1.000000000000000000e+00,-1.000000000000000000e+00,-1.000000000000000000e+00,-1.000000000000000000e+00,-1.000000000000000000e+00,-1.000000000000000000e+00,-1.000000000000000000e+00,-1.000000000000000000e+00,-1.000000000000000000e+00,-1.761467740021687600e+00,-1.761500276562733003e+00,-1.761597817036095304e+00,-1.761760098132358454e+00,-1.761986487354773256e+00,-1.762275562540872142e+00,-1.762624162080579371e+00,-1.763025344508594161e+00,-1.763464161275238196e+00,-1.763909207469974705e+00,-1.764296331389730410e+00,-1.764498345099514864e+00,-1.764270728343122929e+00,-1.763157836067362094e+00,-1.760336912924592045e+00,-1.754368879933787984e+00,-1.742817805069505344e+00,-1.721702394014684501e+00,-1.684772263083550659e+00,-1.622709140977754316e+00,-1.522657290902328153e+00,-1.369238525210940249e+00,-1.149806309075586341e+00,-8.692227237814996732e-01,-5.795813434675558540e-01,-4.066866030867692938e-01,-4.066865958795482516e-01,-5.795813219816622341e-01,-8.692226884603740933e-01,-1.149806260060672880e+00,-1.369238462639943865e+00,-1.522657215003835107e+00,-1.622709052096366289e+00,-1.684772161662954959e+00,-1.721702280583055300e+00,-1.742817680198854857e+00,-1.754368744169316541e+00,-1.760336766712092826e+00,-1.763157679700330549e+00,-1.764270561921732483e+00,-1.764498168596900118e+00,-1.764296144745883144e+00,-1.763909010720603687e+00,-1.763463954565466452e+00,-1.763025128084075188e+00,-1.762623936063208330e+00,-1.762275327048528961e+00,-1.761986242494069099e+00,-1.761759844046796530e+00,-1.761597554689863232e+00,-1.761500006996419732e+00,-1.761467468126569624e+00,-1.000000000000000000e+00,-1.000000000000000000e+00,-1.000000000000000000e+00,-1.000000000000000000e+00,-1.000000000000000000e+00,-1.000000000000000000e+00,-1.000000000000000000e+00,-1.000000000000000000e+00,-1.000000000000000000e+00,-1.000000000000000000e+00,-1.000000000000000000e+00,-1.000000000000000000e+00,-1.000000000000000000e+00,-1.000000000000000000e+00,-1.000000000000000000e+00,-1.000000000000000000e+00,-1.000000000000000000e+00,-1.000000000000000000e+00,-1.000000000000000000e+00,-1.000000000000000000e+00,-1.000000000000000000e+00,-1.000000000000000000e+00,-1.000000000000000000e+00,-1.000000000000000000e+00,-1.000000000000000000e+00,-1.000000000000000000e+00,-1.000000000000000000e+00,-1.000000000000000000e+00,-1.000000000000000000e+00,-1.000000000000000000e+00,-1.000000000000000000e+00,-1.000000000000000000e+00,-1.000000000000000000e+00,-1.000000000000000000e+00,-1.000000000000000000e+00,-1.000000000000000000e+00,-1.000000000000000000e+00,-1.000000000000000000e+00,-1.000000000000000000e+00,-1.000000000000000000e+00,-1.000000000000000000e+00,-1.000000000000000000e+00,-1.000000000000000000e+00,-1.000000000000000000e+00,-1.000000000000000000e+00,-1.000000000000000000e+00,-1.000000000000000000e+00,-1.000000000000000000e+00,-1.000000000000000000e+00,-1.000000000000000000e+00,-1.000000000000000000e+00,-1.000000000000000000e+00,-1.000000000000000000e+00,-1.000000000000000000e+00
-1.000000000000000000e+00,-1.000000000000000000e+00,-1.000000000000000000e+00,-1.000000000000000000e+00,-1.000000000000000000e+00,-1.000000000000000000e+00,-1.000000000000000000e+00,-1.000000000000000000e+00,-1.000000000000000000e+00,-1.000000000000000000e+00,-1.000000000000000000e+00,-1.000000000000000000e+00,-1.000000000000000000e+00,-1.000000000000000000e+00,-1.000000000000000000e+00,-1.000000000000000000e+00,-1.000000000000000000e+00,-1.000000000000000000e+00,-1.000000000000000000e+00,-1.000000000000000000e+00,-1.000000000000000000e+00,-1.000000000000000000e+00,-1.000000000000000000e+00,-1.000000000000000000e+00,-1.000000000000000000e+00,-1.000000000000000000e+00,-1.000000000000000000e+00,-1.000000000000000000e+00,-1.000000000000000000e+00,-1.000000000000000000e+00,-1.000000000000000000e+00,-1.000000000000000000e+00,-1.000000000000000000e+00,-1.000000000000000000e+00,-1.000000000000000000e+00,-1.000000000000000000e+00,-1.000000000000000000e+00,-1.000000000000000000e+00,-1.000000000000000000e+00,-1.000000000000000000e+00,-1.000000000000000000e+00,-1.000000000000000000e+00,-1.000000000000000000e+00,-1.000000000000000000e+00,-1.000000000000000000e+00,-1.000000000000000000e+00,-1.000000000000000000e+00,-1.000000000000000000e+00,-1.000000000000000000e+00,-1.000000000000000000e+00,-1.000000000000000000e+00,-1.000000000000000000e+00,-1.000000000000000000e+00,-1.000000000000000000e+00,-1.762708133078557893e+00,-1.762740697676206114e+00,-1.762838321326854141e+00,-1.763000738767398490e+00,-1.763227314589973727e+00,-1.763516622792060673e+00,-1.763865497276597694e+00,-1.764266992305505877e+00,-1.764706156689122452e+00,-1.765151587635029440e+00,-1.765539146375677104e+00,-1.765741680311199158e+00,-1.765514748436859849e+00,-1.764402867542631981e+00,-1.761583593682133353e+00,-1.755618419951447517e+00,-1.744072422119054222e+00,-1.722966006904419256e+00,-1.686051526154226154e+00,-1.624014846792833477e+00,-1.524005960572910157e+00,-1.370653458253891399e+00,-1.151316158657660127e+00,-8.708535457434833926e-01,-5.813362989648502843e-01,-4.085158353900979478e-01,-4.085158277052733933e-01,-5.813362760456677325e-01,-8.708535080331714084e-01,-1.151316106320194876e+00,-1.370653391487274275e+00,-1.524005879712745370e+00,-1.624014752322623378e+00,-1.686051418657846357e+00,-1.722965887030561971e+00,-1.744072290522381552e+00,-1.755618277197882549e+00,-1.761583440195508388e+00,-1.764402703571481990e+00,-1.765514574060576880e+00,-1.765741495503467373e+00,-1.765538951119900446e+00,-1.765151382015867743e+00,-1.764705940928046557e+00,-1.764266766699562838e+00,-1.763865261996147016e+00,-1.763516378022477848e+00,-1.763227060443937066e+00,-1.763000475449717941e+00,-1.762838049927401674e+00,-1.762740419426258143e+00,-1.762707853065375474e+00,-1.000000000000000000e+00,-1.000000000000000000e+00,-1.000000000000000000e+00,-1.000000000000000000e+00,-1.000000000000000000e+00,-1.000000000000000000e+00,-1.000000000000000000e+00,-1.000000000000000000e+00,-1.000000000000000000e+00,-1.000000000000000000e+00,-1.000000000000000000e+00,-1.000000000000000000e+00,-1.000000000000000000e+00,-1.000000000000000000e+00,-1.000000000000000000e+00,-1.000000000000000000e+00,-1.000000000000000000e+00,-1.000000000000000000e+00,-1.000000000000000000e+00,-1.000000000000000000e+00,-1.000000000000000000e+00,-1.000000000000000000e+00,-1.000000000000000000e+00,-1.000000000000000000e+00,-1.000000000000000000e+00,-1.000000000000000000e+00,-1.000000000000000000e+00,-1.000000000000000000e+00,-1.000000000000000000e+00,-1.000000000000000000e+00,-1.000000000000000000e+00,-1.000000000000000000e+00,-1.000000000000000000e+00,-1.000000000000000000e+00,-1.000000000000000000e+00,-1.000000000000000000e+00,-1.000000000000000000e+00,-1.000000000000000000e+00,-1.000000000000000000e+00,-1.000000000000000000e+00,-1.000000000000000000e+00,-1.000000000000000000e+00,-1.000000000000000000e+00,-1.000000000000000000e+00,-1.000000000000000000e+00,-1.000000000000000000e+00,-1.000000000000000000e+00,-1.000000000000000000e+00,-1.000000000000000000e+00,-1.000000000000000000e+00,-1.000000000000000000e+00,-1.000000000000000000e+00,-1.000000000000000000e+00,-1.000000000000000000e+00
-1.000000000000000000e+00,-1.000000000000000000e+00,-1.000000000000000000e+00,-1.000000000000000000e+00,-1.000000000000000000e+00,-1.000000000000000000e+00,-1.000000000000000000e+00,-1.000000000000000000e+00,-1.000000000000000000e+00,-1.000000000000000000e+00,-1.000000000000000000e+00,-1.000000000000000000e+00,-1.000000000000000000e+00,-1.000000000000000000e+00,-1.000000000000000000e+00,-1.000000000000000000e+00,-1.000000000000000000e+00,-1.000000000000000000e+00,-1.000000000000000000e+00,-1.000000000000000000e+00,-1.000000000000000000e+00,-1.000000000000000000e+00,-1.000000000000000000e+00,-1.000000000000000000e+00,-1.000000000000000000e+00,-1.000000000000000000e+00,-1.000000000000000000e+00,-1.000000000000000000e+00,-1.000000000000000000e+00,-1.000000000000000000e+00,-1.000000000000000000e+00,-1.000000000000000000e+00,-1.000000000000000000e+00,-1.000000000000000000e+00,-1.000000000000000000e+00,-1.000000000000000000e+00,-1.000000000000000000e+00,-1.000000000000000000e+00,-1.000000000000000000e+00,-1.000000000000000000e+00,-1.000000000000000000e+00,-1.000000000000000000e+00,-1.000000000000000000e+00,-1.000000000000000000e+00,-1.000000000000000000e+00,-1.000000000000000000e+00,-1.000000000000000000e+00,-1.000000000000000000e+00,-1.000000000000000000e+00,-1.000000000000000000e+00,-1.000000000000000000e+00,-1.000000000000000000e+00,-1.000000000000000000e+00,-1.000000000000000000e+00,-1.764004691288299398e+00,-1.764037288704864093e+00,-1.764135009776724328e+00,-1.764297587008417878e+00,-1.764524381664941854e+00,-1.764813963332560576e+00,-1.765163160787301511e+00,-1.765565023293646618e+00,-1.766004596338653698e+00,-1.766450478764602483e+00,-1.766838544786996534e+00,-1.767041678346221500e+00,-1.766815521202103501e+00,-1.765704759825317272e+00,-1.762887277253235352e+00,-1.756925167521304676e+00,-1.745384564845954944e+00,-1.724287661603469246e+00,-1.687389679324478253e+00,-1.625380822620733356e+00,-1.525417082295530191e+00,-1.372134138973404971e+00,-1.152896396724641948e+00,-8.725605886341746276e-01,-5.831733986631683075e-01,-4.104307510374318735e-01,-4.104307428973832383e-01,-5.831733743745346477e-01,-8.725605486287293378e-01,-1.152896341178450301e+00,-1.372134068140608232e+00,-1.525416996601255404e+00,-1.625380722656748933e+00,-1.687389565799916280e+00,-1.724287535273359095e+00,-1.745384426437944780e+00,-1.756925017630437180e+00,-1.762887116304411084e+00,-1.765704588062543934e+00,-1.766815338720557849e+00,-1.767041485160728342e+00,-1.766838340936501384e+00,-1.766450264377353196e+00,-1.766004371669520623e+00,-1.765564788637558280e+00,-1.765162916338154364e+00,-1.764813709329035252e+00,-1.764524118263443686e+00,-1.764297314555587137e+00,-1.764134729506810828e+00,-1.764037002050635294e+00,-1.764004403419306088e+00,-1.000000000000000000e+00,-1.000000000000000000e+00,-1.000000000000000000e+00,-1.000000000000000000e+00,-1.000000000000000000e+00,-1.000000000000000000e+00,-1.000000000000000000e+00,-1.000000000000000000e+00,-1.000000000000000000e+00,-1.000000000000000000e+00,-1.000000000000000000e+00,-1.000000000000000000e+00,-1.000000000000000000e+00,-1.000000000000000000e+00,-1.000000000000000000e+00,-1.000000000000000000e+00,-1.000000000000000000e+00,-1.000000000000000000e+00,-1.000000000000000000e+00,-1.000000000000000000e+00,-1.000000000000000000e+00,-1.000000000000000000e+00,-1.000000000000000000e+00,-1.000000000000000000e+00,-1.000000000000000000e+00,-1.000000000000000000e+00,-1.000000000000000000e+00,-1.000000000000000000e+00,-1.000000000000000000e+00,-1.000000000000000000e+00,-1.000000000000000000e+00,-1.000000000000000000e+00,-1.000000000000000000e+00,-1.000000000000000000e+00,-1.000000000000000000e+00,-1.000000000000000000e+00,-1.000000000000000000e+00,-1.000000000000000000e+00,-1.000000000000000000e+00,-1.000000000000000000e+00,-1.000000000000000000e+00,-1.000000000000000000e+00,-1.000000000000000000e+00,-1.000000000000000000e+00,-1.000000000000000000e+00,-1.000000000000000000e+00,-1.000000000000000000e+00,-1.000000000000000000e+00,-1.000000000000000000e+00,-1.000000000000000000e+00,-1.000000000000000000e+00,-1.000000000000000000e+00,-1.000000000000000000e+00,-1.000000000000000000e+00
-1.000000000000000000e+00,-1.000000000000000000e+00,-1.000000000000000000e+00,-1.000000000000000000e+00,-1.000000000000000000e+00,-1.000000000000000000e+00,-1.000000000000000000e+00,-1.000000000000000000e+00,-1.000000000000000000e+00,-1.000000000000000000e+00,-1.000000000000000000e+00,-1.000000000000000000e+00,-1.000000000000000000e+00,-1.000000000000000000e+00,-1.000000000000000000e+00,-1.000000000000000000e+00,-1.000000000000000000e+00,-1.000000000000000000e+00,-1.000000000000000000e+00,-1.000000000000000000e+00,-1.000000000000000000e+00,-1.000000000000000000e+00,-1.000000000000000000e+00,-1.000000000000000000e+00,-1.000000000000000000e+00,-1.000000000000000000e+00,-1.000000000000000000e+00,-1.000000000000000000e+00,-1.000000000000000000e+00,-1.000000000000000000e+00,-1.000000000000000000e+00,-1.000000000000000000e+00,-1.000000000000000000e+00,-1.000000000000000000e+00,-1.000000000000000000e+00,-1.000000000000000000e+00,-1.000000000000000000e+00,-1.000000000000000000e+00,-1.000000000000000000e+00,-1.000000000000000000e+00,-1.000000000000000000e+00,-1.000000000000000000e+00,-1.000000000000000000e+00,-1.000000000000000000e+00,-1.000000000000000000e+00,-1.000000000000000000e+00,-1.000000000000000000e+00,-1.000000000000000000e+00,-1.000000000000000000e+00,-1.000000000000000000e+00,-1.000000000000000000e+00,-1.000000000000000000e+00,-1.000000000000000000e+00,-1.000000000000000000e+00,-1.765357155901340791e+00,-1.765389791577521184e+00,-1.765487626342440608e+00,-1.765650390172658790e+00,-1.765877440533958564e+00,-1.766167341949515857e+00,-1.766516917335884784e+00,-1.766919210122065875e+00,-1.767359261672147852e+00,-1.767805671856257366e+00,-1.768194327803871646e+00,-1.768398151100313287e+00,-1.768172869720621820e+00,-1.767063347656305350e+00,-1.764247810621388579e+00,-1.758288982725221716e+00,-1.746754107776457232e+00,-1.725667249167126105e+00,-1.688786633207139731e+00,-1.626807002612992603e+00,-1.526890618282712442e+00,-1.373680561601028582e+00,-1.154547051027430715e+00,-8.743439106249504267e-01,-5.850927229529375717e-01,-4.124314429174049668e-01,-4.124314343430718344e-01,-5.850926973599968051e-01,-8.743438684388387117e-01,-1.154546992436123576e+00,-1.373680486905720199e+00,-1.526890527987253332e+00,-1.626806897389001749e+00,-1.688786513852563953e+00,-1.725667116520659849e+00,-1.746753962615142708e+00,-1.758288825677134071e+00,-1.764247642130396754e+00,-1.767063168003009777e+00,-1.768172679056025487e+00,-1.768397949522717783e+00,-1.768194115429166491e+00,-1.767805448865237938e+00,-1.767359028326131121e+00,-1.766918966678787228e+00,-1.766516663986509972e+00,-1.766167078958839287e+00,-1.765877168119614371e+00,-1.765650108878291658e+00,-1.765487337557307468e+00,-1.765389496948098103e+00,-1.765356860573609854e+00,-1.000000000000000000e+00,-1.000000000000000000e+00,-1.000000000000000000e+00,-1.000000000000000000e+00,-1.000000000000000000e+00,-1.000000000000000000e+00,-1.000000000000000000e+00,-1.000000000000000000e+00,-1.000000000000000000e+00,-1.000000000000000000e+00,-1.000000000000000000e+00,-1.000000000000000000e+00,-1.000000000000000000e+00,-1.000000000000000000e+00,-1.000000000000000000e+00,-1.000000000000000000e+00,-1.000000000000000000e+00,-1.000000000000000000e+00,-1.000000000000000000e+00,-1.000000000000000000e+00,-1.000000000000000000e+00,-1.000000000000000000e+00,-1.000000000000000000e+00,-1.000000000000000000e+00,-1.000000000000000000e+00,-1.000000000000000000e+00,-1.000000000000000000e+00,-1.000000000000000000e+00,-1.000000000000000000e+00,-1.000000000000000000e+00,-1.000000000000000000e+00,-1.000000000000000000e+00,-1.000000000000000000e+00,-1.000000000000000000e+00,-1.000000000000000000e+00,-1.000000000000000000e+00,-1.000000000000000000e+00,-1.000000000000000000e+00,-1.000000000000000000e+00,-1.000000000000000000e+00,-1.000000000000000000e+00,-1.000000000000000000e+00,-1.000000000000000000e+00,-1.000000000000000000e+00,-1.000000000000000000e+00,-1.000000000000000000e+00,-1.000000000000000000e+00,-1.000000000000000000e+00,-1.000000000000000000e+00,-1.000000000000000000e+00,-1.000000000000000000e+00,-1.000000000000000000e+00,-1.000000000000000000e+00,-1.000000000000000000e+00
-1.000000000000000000e+00,-1.000000000000000000e+00,-1.000000000000000000e+00,-1.000000000000000000e+00,-1.000000000000000000e+00,-1.000000000000000000e+00,-1.000000000000000000e+00,-1.000000000000000000e+00,-1.000000000000000000e+00,-1.000000000000000000e+00,-1.000000000000000000e+00,-1.000000000000000000e+00,-1.000000000000000000e+00,-1.000000000000000000e+00,-1.000000000000000000e+00,-1.000000000000000000e+00,-1.000000000000000000e+00,-1.000000000000000000e+00,-1.000000000000000000e+00,-1.000000000000000000e+00,-1.000000000000000000e+00,-1.000000000000000000e+00,-1.000000000000000000e+00,-1.000000000000000000e+00,-1.000000000000000000e+00,-1.000000000000000000e+00,-1.000000000000000000e+00,-1.000000000000000000e+00,-1.000000000000000000e+00,-1.000000000000000000e+00,-1.000000000000000000e+00,-1.000000000000000000e+00,-1.000000000000000000e+00,-1.000000000000000000e+00,-1.000000000000000000e+00,-1.000000000000000000e+00,-1.000000000000000000e+00,-1.000000000000000000e+00,-1.000000000000000000e+00,-1.000000000000000000e+00,-1.000000000000000000e+00,-1.000000000000000000e+00,-1.000000000000000000e+00,-1.000000000000000000e+00,-1.000000000000000000e+00,-1.000000000000000000e+00,-1.000000000000000000e+00,-1.000000000000000000e+00,-1.000000000000000000e+00,-1.000000000000000000e+00,-1.000000000000000000e+00,-1.000000000000000000e+00,-1.000000000000000000e+00,-1.000000000000000000e+00,-1.766765243525497242e+00,-1.766797923665861081e+00,-1.766895890677217640e+00,-1.767058871691671085e+00,-1.767286219841569972e+00,-1.767576493855903319e+00,-1.767926509948540614e+00,-1.768329304747904729e+00,-1.768769914558188772e+00,-1.769216939532181954e+00,-1.769606279509120750e+00,-1.769810894707581683e+00,-1.769586602688104193e+00,-1.768478452795020583e+00,-1.765665029219255278e+00,-1.759709715559123477e+00,-1.748180916869460422e+00,-1.727104653686384328e+00,-1.690242293176208888e+00,-1.628293317574062371e+00,-1.528426529482815210e+00,-1.375292721354244962e+00,-1.156268152594946530e+00,-8.762035752527161936e-01,-5.870943591654921301e-01,-4.145180117377783580e-01,-4.145180027505475095e-01,-5.870943323279916859e-01,-8.762035309889852908e-01,-1.156268091129987852e+00,-1.375292643042173024e+00,-1.528426434888573437e+00,-1.628293207427353284e+00,-1.690242168322173111e+00,-1.727104515013833552e+00,-1.748180765178815932e+00,-1.759709551503213065e+00,-1.765664853271785351e+00,-1.768478265298711660e+00,-1.769586403886609149e+00,-1.769810684818217794e+00,-1.769606058753102840e+00,-1.769216708159701223e+00,-1.768769672832133377e+00,-1.768329052880311947e+00,-1.767926248114019216e+00,-1.767576222317131185e+00,-1.767285938877427798e+00,-1.767058582053862015e+00,-1.766895593901914863e+00,-1.766797621612278046e+00,-1.766764941222560781e+00,-1.000000000000000000e+00,-1.000000000000000000e+00,-1.000000000000000000e+00,-1.000000000000000000e+00,-1.000000000000000000e+00,-1.000000000000000000e+00,-1.000000000000000000e+00,-1.000000000000000000e+00,-1.000000000000000000e+00,-1.000000000000000000e+00,-1.000000000000000000e+00,-1.000000000000000000e+00,-1.000000000000000000e+00,-1.000000000000000000e+00,-1.000000000000000000e+00,-1.000000000000000000e+00,-1.000000000000000000e+00,-1.000000000000000000e+00,-1.000000000000000000e+00,-1.000000000000000000e+00,-1.000000000000000000e+00,-1.000000000000000000e+00,-1.000000000000000000e+00,-1.000000000000000000e+00,-1.000000000000000000e+00,-1.000000000000000000e+00,-1.000000000000000000e+00,-1.000000000000000000e+00,-1.000000000000000000e+00,-1.000000000000000000e+00,-1.000000000000000000e+00,-1.000000000000000000e+00,-1.000000000000000000e+00,-1.000000000000000000e+00,-1.000000000000000000e+00,-1.000000000000000000e+00,-1.000000000000000000e+00,-1.000000000000000000e+00,-1.000000000000000000e+00,-1.000000000000000000e+00,-1.000000000000000000e+00,-1.000000000000000000e+00,-1.000000000000000000e+00,-1.000000000000000000e+00,-1.000000000000000000e+00,-1.000000000000000000e+00,-1.000000000000000000e+00,-1.000000000000000000e+00,-1.000000000000000000e+00,-1.000000000000000000e+00,-1.000000000000000000e+00,-1.000000000000000000e+00,-1.000000000000000000e+00,-1.000000000000000000e+00
-1.000000000000000000e+00,-1.000000000000000000e+00,-1.000000000000000000e+00,-1.000000000000000000e+00,-1.000000000000000000e+00,-1.000000000000000000e+00,-1.000000000000000000e+00,-1.000000000000000000e+00,-1.000000000000000000e+00,-1.000000000000000000e+00,-1.000000000000000000e+00,-1.000000000000000000e+00,-1.000000000000000000e+00,-1.000000000000000000e+00,-1.000000000000000000e+00,-1.000000000000000000e+00,-1.000000000000000000e+00,-1.000000000000000000e+00,-1.000000000000000000e+00,-1.000000000000000000e+00,-1.000000000000000000e+00,-1.000000000000000000e+00,-1.000000000000000000e+00,-1.000000000000000000e+00,-1.000000000000000000e+00,-1.000000000000000000e+00,-1.000000000000000000e+00,-1.000000000000000000e+00,-1.000000000000000000e+00,-1.000000000000000000e+00,-1.000000000000000000e+00,-1.000000000000000000e+00,-1.000000000000000000e+00,-1.000000000000000000e+00,-1.000000000000000000e+00,-1.000000000000000000e+00,-1.000000000000000000e+00,-1.000000000000000000e+00,-1.000000000000000000e+00,-1.000000000000000000e+00,-1.000000000000000000e+00,-1.000000000000000000e+00,-1.000000000000000000e+00,-1.000000000000000000e+00,-1.000000000000000000e+00,-1.000000000000000000e+00,-1.000000000000000000e+00,-1.000000000000000000e+00,-1.000000000000000000e+00,-1.000000000000000000e+00,-1.000000000000000000e+00,-1.000000000000000000e+00,-1.000000000000000000e+00,-1.000000000000000000e+00,-1.768228643572392400e+00,-1.768261375242014655e+00,-1.768359495623601507e+00,-1.768522728662643484e+00,-1.768750422547477497e+00,-1.769041129396414558e+00,-1.769391657753749403e+00,-1.769795036347064698e+00,-1.770236295327574538e+00,-1.770684034224664360e+00,-1.771074165225357433e+00,-1.771279688034109512e+00,-1.771056513071705751e+00,-1.769949882846924449e+00,-1.767138755928176153e+00,-1.761187205101335751e+00,-1.749664848846894216e+00,-1.728599751775487858e+00,-1.691756559014564898e+00,-1.629839694774191328e+00,-1.530024775563239015e+00,-1.376970614587067931e+00,-1.158059736050441213e+00,-8.781396519044968318e-01,-5.891784022144370692e-01,-4.166905667553677528e-01,-4.166905573698762577e-01,-5.891783741846481348e-01,-8.781396056668718808e-01,-1.158059671888785447e+00,-1.376970532928304847e+00,-1.530024677021302182e+00,-1.629839580117323550e+00,-1.691756429103279613e+00,-1.728599607503551239e+00,-1.749664691011648232e+00,-1.761187034362711845e+00,-1.767138572796459695e+00,-1.769949687738378019e+00,-1.771056306349350962e+00,-1.771279470056767114e+00,-1.771073936343561472e+00,-1.770683794776680697e+00,-1.770236045592045615e+00,-1.769794776506721901e+00,-1.769391387969790230e+00,-1.769040849909712332e+00,-1.768750133692374549e+00,-1.768522431373847237e+00,-1.768359191556992061e+00,-1.768261066441376483e+00,-1.768228334862255391e+00,-1.000000000000000000e+00,-1.000000000000000000e+00,-1.000000000000000000e+00,-1.000000000000000000e+00,-1.000000000000000000e+00,-1.000000000000000000e+00,-1.000000000000000000e+00,-1.000000000000000000e+00,-1.000000000000000000e+00,-1.000000000000000000e+00,-1.000000000000000000e+00,-1.000000000000000000e+00,-1.000000000000000000e+00,-1.000000000000000000e+00,-1.000000000000000000e+00,-1.000000000000000000e+00,-1.000000000000000000e+00,-1.000000000000000000e+00,-1.000000000000000000e+00,-1.000000000000000000e+00,-1.000000000000000000e+00,-1.000000000000000000e+00,-1.000000000000000000e+00,-1.000000000000000000e+00,-1.000000000000000000e+00,-1.000000000000000000e+00,-1.000000000000000000e+00,-1.000000000000000000e+00,-1.000000000000000000e+00,-1.000000000000000000e+00,-1.000000000000000000e+00,-1.000000000000000000e+00,-1.000000000000000000e+00,-1.000000000000000000e+00,-1.000000000000000000e+00,-1.000000000000000000e+00,-1.000000000000000000e+00,-1.000000000000000000e+00,-1.000000000000000000e+00,-1.000000000000000000e+00,-1.000000000000000000e+00,-1.000000000000000000e+00,-1.000000000000000000e+00,-1.000000000000000000e+00,-1.000000000000000000e+00,-1.000000000000000000e+00,-1.000000000000000000e+00,-1.000000000000000000e+00,-1.000000000000000000e+00,-1.000000000000000000e+00,-1.000000000000000000e+00,-1.000000000000000000e+00,-1.000000000000000000e+00,-1.000000000000000000e+00
-1.000000000000000000e+00,-1.000000000000000000e+00,-1.000000000000000000e+00,-1.000000000000000000e+00,-1.000000000000000000e+00,-1.000000000000000000e+00,-1.000000000000000000e+00,-1.000000000000000000e+00,-1.000000000000000000e+00,-1.000000000000000000e+00,-1.000000000000000000e+00,-1.000000000000000000e+00,-1.000000000000000000e+00,-1.000000000000000000e+00,-1.000000000000000000e+00,-1.000000000000000000e+00,-1.000000000000000000e+00,-1.000000000000000000e+00,-1.000000000000000000e+00,-1.000000000000000000e+00,-1.000000000000000000e+00,-1.000000000000000000e+00,-1.000000000000000000e+00,-1.000000000000000000e+00,-1.000000000000000000e+00,-1.000000000000000000e+00,-1.000000000000000000e+00,-1.000000000000000000e+00,-1.000000000000000000e+00,-1.000000000000000000e+00,-1.000000000000000000e+00,-1.000000000000000000e+00,-1.000000000000000000e+00,-1.000000000000000000e+00,-1.000000000000000000e+00,-1.000000000000000000e+00,-1.000000000000000000e+00,-1.000000000000000000e+00,-1.000000000000000000e+00,-1.000000000000000000e+00,-1.000000000000000000e+00,-1.000000000000000000e+00,-1.000000000000000000e+00,-1.000000000000000000e+00,-1.000000000000000000e+00,-1.000000000000000000e+00,-1.000000000000000000e+00,-1.000000000000000000e+00,-1.000000000000000000e+00,-1.000000000000000000e+00,-1.000000000000000000e+00,-1.000000000000000000e+00,-1.000000000000000000e+00,-1.000000000000000000e+00,-1.769747015295106252e+00,-1.769779806527789434e+00,-1.769878104294024812e+00,-1.770041628976529280e+00,-1.770269723127161354e+00,-1.770560931343612809e+00,-1.770912053390631513e+00,-1.771316108844403825e+00,-1.771758120437046058e+00,-1.772206685987856689e+00,-1.772597729490642759e+00,-1.772804290829068874e+00,-1.772582376442347396e+00,-1.771477429780068835e+00,-1.768668799781865975e+00,-1.762721278405596337e+00,-1.751205750276908280e+00,-1.730152411844139149e+00,-1.693329324370494549e+00,-1.631446057587917498e+00,-1.531685314736200398e+00,-1.378714238815712090e+00,-1.159921839840003299e+00,-8.801522162332737764e-01,-5.913449551691535300e-01,-4.189492264555326750e-01,-4.189492166870756318e-01,-5.913449260075502867e-01,-8.801521681495693139e-01,-1.159921773188746341e+00,-1.378714154112996138e+00,-1.531685212647486249e+00,-1.631445938897180481e+00,-1.693329189929852374e+00,-1.730152262510981753e+00,-1.751205586819840843e+00,-1.762721101473037066e+00,-1.768668609921693502e+00,-1.771477227486091266e+00,-1.772582162210596834e+00,-1.772804065169731214e+00,-1.772597492897868054e+00,-1.772206438899687653e+00,-1.771757863169396874e+00,-1.771315841580344941e+00,-1.770911776296551166e+00,-1.770560644638845105e+00,-1.770269427200028556e+00,-1.770041324898290469e+00,-1.769877793799142340e+00,-1.769779491788861403e+00,-1.769746700848678245e+00,-1.000000000000000000e+00,-1.000000000000000000e+00,-1.000000000000000000e+00,-1.000000000000000000e+00,-1.000000000000000000e+00,-1.000000000000000000e+00,-1.000000000000000000e+00,-1.000000000000000000e+00,-1.000000000000000000e+00,-1.000000000000000000e+00,-1.000000000000000000e+00,-1.000000000000000000e+00,-1.000000000000000000e+00,-1.000000000000000000e+00,-1.000000000000000000e+00,-1.000000000000000000e+00,-1.000000000000000000e+00,-1.000000000000000000e+00,-1.000000000000000000e+00,-1.000000000000000000e+00,-1.000000000000000000e+00,-1.000000000000000000e+00,-1.000000000000000000e+00,-1.000000000000000000e+00,-1.000000000000000000e+00,-1.000000000000000000e+00,-1.000000000000000000e+00,-1.000000000000000000e+00,-1.000000000000000000e+00,-1.000000000000000000e+00,-1.000000000000000000e+00,-1.000000000000000000e+00,-1.000000000000000000e+00,-1.000000000000000000e+00,-1.000000000000000000e+00,-1.000000000000000000e+00,-1.000000000000000000e+00,-1.000000000000000000e+00,-1.000000000000000000e+00,-1.000000000000000000e+00,-1.000000000000000000e+00,-1.000000000000000000e+00,-1.000000000000000000e+00,-1.000000000000000000e+00,-1.000000000000000000e+00,-1.000000000000000000e+00,-1.000000000000000000e+00,-1.000000000000000000e+00,-1.000000000000000000e+00,-1.000000000000000000e+00,-1.000000000000000000e+00,-1.000000000000000000e+00,-1.000000000000000000e+00,-1.000000000000000000e+00
-1.000000000000000000e+00,-1.000000000000000000e+00,-1.000000000000000000e+00,-1.000000000000000000e+00,-1.000000000000000000e+00,-1.000000000000000000e+00,-1.000000000000000000e+00,-1.000000000000000000e+00,-1.000000000000000000e+00,-1.000000000000000000e+00,-1.000000000000000000e+00,-1.000000000000000000e+00,-1.000000000000000000e+00,-1.000000000000000000e+00,-1.000000000000000000e+00,-1.000000000000000000e+00,-1.000000000000000000e+00,-1.000000000000000000e+00,-1.000000000000000000e+00,-1.000000000000000000e+00,-1.000000000000000000e+00,-1.000000000000000000e+00,-1.000000000000000000e+00,-1.000000000000000000e+00,-1.000000000000000000e+00,-1.000000000000000000e+00,-1.000000000000000000e+00,-1.000000000000000000e+00,-1.000000000000000000e+00,-1.000000000000000000e+00,-1.000000000000000000e+00,-1.000000000000000000e+00,-1.000000000000000000e+00,-1.000000000000000000e+00,-1.000000000000000000e+00,-1.000000000000000000e+00,-1.000000000000000000e+00,-1.000000000000000000e+00,-1.000000000000000000e+00,-1.000000000000000000e+00,-1.000000000000000000e+00,-1.000000000000000000e+00,-1.000000000000000000e+00,-1.000000000000000000e+00,-1.000000000000000000e+00,-1.000000000000000000e+00,-1.000000000000000000e+00,-1.000000000000000000e+00,-1.000000000000000000e+00,-1.000000000000000000e+00,-1.000000000000000000e+00,-1.000000000000000000e+00,-1.000000000000000000e+00,-1.000000000000000000e+00,-1.771319984273587611e+00,-1.771352844194475917e+00,-1.771451346610364741e+00,-1.771615207916732881e+00,-1.771843764246211261e+00,-1.772135551662480379e+00,-1.772487359886073310e+00,-1.772892197924011981e+00,-1.773335079627981425e+00,-1.773784599817166407e+00,-1.774176693548951578e+00,-1.774384441397845125e+00,-1.774163948843319405e+00,-1.773060867997723111e+00,-1.770254954248258628e+00,-1.764311748993488749e+00,-1.752803456280243255e+00,-1.731762493017343640e+00,-1.694960475894856655e+00,-1.633112324851299535e+00,-1.533408103334607420e+00,-1.380523592514119713e+00,-1.161854506260031838e+00,-8.822413504174988486e-01,-5.935941297031817054e-01,-4.212941190972415706e-01,-4.212941089787612947e-01,-5.935940995065400738e-01,-8.822413006616429687e-01,-1.161854437388529337e+00,-1.380523505133975704e+00,-1.533407998161975261e+00,-1.633112202665355284e+00,-1.694960337519753280e+00,-1.731762339247763460e+00,-1.752803287834342472e+00,-1.764311566497590800e+00,-1.770254758283457575e+00,-1.773060659137654982e+00,-1.774163727718015338e+00,-1.774384208666981433e+00,-1.774176449850931148e+00,-1.773784345691781450e+00,-1.773334815448448065e+00,-1.772891923907246037e+00,-1.772487076229364744e+00,-1.772135258583926953e+00,-1.771843462192553842e+00,-1.771614898046294018e+00,-1.771451030697578144e+00,-1.771352524466614398e+00,-1.771319664900762758e+00,-1.000000000000000000e+00,-1.000000000000000000e+00,-1.000000000000000000e+00,-1.000000000000000000e+00,-1.000000000000000000e+00,-1.000000000000000000e+00,-1.000000000000000000e+00,-1.000000000000000000e+00,-1.000000000000000000e+00,-1.000000000000000000e+00,-1.000000000000000000e+00,-1.000000000000000000e+00,-1.000000000000000000e+00,-1.000000000000000000e+00,-1.000000000000000000e+00,-1.000000000000000000e+00,-1.000000000000000000e+00,-1.000000000000000000e+00,-1.000000000000000000e+00,-1.000000000000000000e+00,-1.000000000000000000e+00,-1.000000000000000000e+00,-1.000000000000000000e+00,-1.000000000000000000e+00,-1.000000000000000000e+00,-1.000000000000000000e+00,-1.000000000000000000e+00,-1.000000000000000000e+00,-1.000000000000000000e+00,-1.000000000000000000e+00,-1.000000000000000000e+00,-1.000000000000000000e+00,-1.000000000000000000e+00,-1.000000000000000000e+00,-1.000000000000000000e+00,-1.000000000000000000e+00,-1.000000000000000000e+00,-1.000000000000000000e+00,-1.000000000000000000e+00,-1.000000000000000000e+00,-1.000000000000000000e+00,-1.000000000000000000e+00,-1.000000000000000000e+00,-1.000000000000000000e+00,-1.000000000000000000e+00,-1.000000000000000000e+00,-1.000000000000000000e+00,-1.000000000000000000e+00,-1.000000000000000000e+00,-1.000000000000000000e+00,-1.000000000000000000e+00,-1.000000000000000000e+00,-1.000000000000000000e+00,-1.000000000000000000e+00
-1.000000000000000000e+00,-1.000000000000000000e+00,-1.000000000000000000e+00,-1.000000000000000000e+00,-1.000000000000000000e+00,-1.000000000000000000e+00,-1.000000000000000000e+00,-1.000000000000000000e+00,-1.000000000000000000e+00,-1.000000000000000000e+00,-1.000000000000000000e+00,-1.000000000000000000e+00,-1.000000000000000000e+00,-1.000000000000000000e+00,-1.000000000000000000e+00,-1.000000000000000000e+00,-1.000000000000000000e+00,-1.000000000000000000e+00,-1.000000000000000000e+00,-1.000000000000000000e+00,-1.000000000000000000e+00,-1.000000000000000000e+00,-1.000000000000000000e+00,-1.000000000000000000e+00,-1.000000000000000000e+00,-1.000000000000000000e+00,-1.000000000000000000e+00,-1.000000000000000000e+00,-1.000000000000000000e+00,-1.000000000000000000e+00,-1.000000000000000000e+00,-1.000000000000000000e+00,-1.000000000000000000e+00,-1.000000000000000000e+00,-1.000000000000000000e+00,-1.000000000000000000e+00,-1.000000000000000000e+00,-1.000000000000000000e+00,-1.000000000000000000e+00,-1.000000000000000000e+00,-1.000000000000000000e+00,-1.000000000000000000e+00,-1.000000000000000000e+00,-1.000000000000000000e+00,-1.000000000000000000e+00,-1.000000000000000000e+00,-1.000000000000000000e+00,-1.000000000000000000e+00,-1.000000000000000000e+00,-1.000000000000000000e+00,-1.000000000000000000e+00,-1.000000000000000000e+00,-1.000000000000000000e+00,-1.000000000000000000e+00,-1.772947138224210351e+00,-1.772980077182764846e+00,-1.773078815153692034e+00,-1.773243064060352481e+00,-1.773472152737273433e+00,-1.773764607582390962e+00,-1.774117206838830896e+00,-1.774522947342447310e+00,-1.774966832388960025e+00,-1.775417452278733155e+00,-1.775810752162787720e+00,-1.776019853611093380e+00,-1.775800964005900040e+00,-1.774699951772368722e+00,-1.771896994891650312e+00,-1.765958414754359662e+00,-1.754457788671170748e+00,-1.733429843523852210e+00,-1.696649891878563299e+00,-1.634838409753746946e+00,-1.535193094967978400e+00,-1.382398674537890226e+00,-1.163857781145260617e+00,-8.844071431105184899e-01,-5.959260462759956578e-01,-4.237253830198433047e-01,-4.237253726041402269e-01,-5.959260151954289819e-01,-8.844070919318831603e-01,-1.163857710412420143e+00,-1.382398584936652242e+00,-1.535192987250449947e+00,-1.634838284680990572e+00,-1.696649750226683295e+00,-1.733429686013742144e+00,-1.754457615959291505e+00,-1.765958227445995732e+00,-1.771896793597466102e+00,-1.774699737146474332e+00,-1.775800736802319424e+00,-1.776019614625765630e+00,-1.775810502166513816e+00,-1.775417191907472825e+00,-1.774966562086986333e+00,-1.774522667390962649e+00,-1.774116917489899192e+00,-1.773764309086684587e+00,-1.773471845610752329e+00,-1.773242749508115335e+00,-1.773078494965099505e+00,-1.772979753559405180e+00,-1.772946814902127910e+00,-1.000000000000000000e+00,-1.000000000000000000e+00,-1.000000000000000000e+00,-1.000000000000000000e+00,-1.000000000000000000e+00,-1.000000000000000000e+00,-1.000000000000000000e+00,-1.000000000000000000e+00,-1.000000000000000000e+00,-1.000000000000000000e+00,-1.000000000000000000e+00,-1.000000000000000000e+00,-1.000000000000000000e+00,-1.000000000000000000e+00,-1.000000000000000000e+00,-1.000000000000000000e+00,-1.000000000000000000e+00,-1.000000000000000000e+00,-1.000000000000000000e+00,-1.000000000000000000e+00,-1.000000000000000000e+00,-1.000000000000000000e+00,-1.000000000000000000e+00,-1.000000000000000000e+00,-1.000000000000000000e+00,-1.000000000000000000e+00,-1.000000000000000000e+00,-1.000000000000000000e+00,-1.000000000000000000e+00,-1.000000000000000000e+00,-1.000000000000000000e+00,-1.000000000000000000e+00,-1.000000000000000000e+00,-1.000000000000000000e+00,-1.000000000000000000e+00,-1.000000000000000000e+00,-1.000000000000000000e+00,-1.000000000000000000e+00,-1.000000000000000000e+00,-1.000000000000000000e+00,-1.000000000000000000e+00,-1.000000000000000000e+00,-1.000000000000000000e+00,-1.000000000000000000e+00,-1.000000000000000000e+00,-1.000000000000000000e+00,-1.000000000000000000e+00,-1.000000000000000000e+00,-1.000000000000000000e+00,-1.000000000000000000e+00,-1.000000000000000000e+00,-1.000000000000000000e+00,-1.000000000000000000e+00,-1.000000000000000000e+00
-1.000000000000000000e+00,-1.000000000000000000e+00,-1.000000000000000000e+00,-1.000000000000000000e+00,-1.000000000000000000e+00,-1.000000000000000000e+00,-1.000000000000000000e+00,-1.000000000000000000e+00,-1.000000000000000000e+00,-1.000000000000000000e+00,-1.000000000000000000e+00,-1.000000000000000000e+00,-1.000000000000000000e+00,-1.000000000000000000e+00,-1.000000000000000000e+00,-1.000000000000000000e+00,-1.000000000000000000e+00,-1.000000000000000000e+00,-1.000000000000000000e+00,-1.000000000000000000e+00,-1.000000000000000000e+00,-1.000000000000000000e+00,-1.000000000000000000e+00,-1.000000000000000000e+00,-1.000000000000000000e+00,-1.000000000000000000e+00,-1.000000000000000000e+00,-1.000000000000000000e+00,-1.000000000000000000e+00,-1.000000000000000000e+00,-1.000000000000000000e+00,-1.000000000000000000e+00,-1.000000000000000000e+00,-1.000000000000000000e+00,-1.000000000000000000e+00,-1.000000000000000000e+00,-1.000000000000000000e+00,-1.000000000000000000e+00,-1.000000000000000000e+00,-1.000000000000000000e+00,-1.000000000000000000e+00,-1.000000000000000000e+00,-1.000000000000000000e+00,-1.000000000000000000e+00,-1.000000000000000000e+00,-1.000000000000000000e+00,-1.000000000000000000e+00,-1.000000000000000000e+00,-1.000000000000000000e+00,-1.000000000000000000e+00,-1.000000000000000000e+00,-1.000000000000000000e+00,-1.000000000000000000e+00,-1.000000000000000000e+00,-1.774628021907866948e+00,-1.774661051621659880e+00,-1.774760060113113935e+00,-1.774924754271555161e+00,-1.775154454656882930e+00,-1.775447676735254943e+00,-1.775801185661035175e+00,-1.776207964293435193e+00,-1.776653003462631997e+00,-1.777104887179161263e+00,-1.777499569466322482e+00,-1.777710212960239122e+00,-1.777493129625772550e+00,-1.776394411757505010e+00,-1.773594676134553794e+00,-1.767661054969002610e+00,-1.756168553256256981e+00,-1.735154298279416363e+00,-1.698397440129638003e+00,-1.636624218016635934e+00,-1.537040239009279885e+00,-1.384339482932934073e+00,-1.165931713002493098e+00,-8.866496888812462895e-01,-5.983408338355473699e-01,-4.262431665023853622e-01,-4.262431558593426928e-01,-5.983408020819048767e-01,-8.866496366231153559e-01,-1.165931640869661168e+00,-1.384339391668844232e+00,-1.537040129375827124e+00,-1.636624090743922011e+00,-1.698397295928049333e+00,-1.735154137795244411e+00,-1.756168377087399701e+00,-1.767660863709335839e+00,-1.773594470424782799e+00,-1.776394192331425703e+00,-1.777492897342584310e+00,-1.777709968731360890e+00,-1.777499314172688027e+00,-1.777104621543506457e+00,-1.776652728007462656e+00,-1.776207679387072691e+00,-1.775800891629532474e+00,-1.775447373898384029e+00,-1.775154143615031987e+00,-1.774924436252868443e+00,-1.774759736913242181e+00,-1.774660725346138390e+00,-1.774627695805390371e+00,-1.000000000000000000e+00,-1.000000000000000000e+00,-1.000000000000000000e+00,-1.000000000000000000e+00,-1.000000000000000000e+00,-1.000000000000000000e+00,-1.000000000000000000e+00,-1.000000000000000000e+00,-1.000000000000000000e+00,-1.000000000000000000e+00,-1.000000000000000000e+00,-1.000000000000000000e+00,-1.000000000000000000e+00,-1.000000000000000000e+00,-1.000000000000000000e+00,-1.000000000000000000e+00,-1.000000000000000000e+00,-1.000000000000000000e+00,-1.000000000000000000e+00,-1.000000000000000000e+00,-1.000000000000000000e+00,-1.000000000000000000e+00,-1.000000000000000000e+00,-1.000000000000000000e+00,-1.000000000000000000e+00,-1.000000000000000000e+00,-1.000000000000000000e+00,-1.000000000000000000e+00,-1.000000000000000000e+00,-1.000000000000000000e+00,-1.000000000000000000e+00,-1.000000000000000000e+00,-1.000000000000000000e+00,-1.000000000000000000e+00,-1.000000000000000000e+00,-1.000000000000000000e+00,-1.000000000000000000e+00,-1.000000000000000000e+00,-1.000000000000000000e+00,-1.000000000000000000e+00,-1.000000000000000000e+00,-1.000000000000000000e+00,-1.000000000000000000e+00,-1.000000000000000000e+00,-1.000000000000000000e+00,-1.000000000000000000e+00,-1.000000000000000000e+00,-1.000000000000000000e+00,-1.000000000000000000e+00,-1.000000000000000000e+00,-1.000000000000000000e+00,-1.000000000000000000e+00,-1.000000000000000000e+00,-1.000000000000000000e+00
-1.000000000000000000e+00,-1.000000000000000000e+00,-1.000000000000000000e+00,-1.000000000000000000e+00,-1.000000000000000000e+00,-1.000000000000000000e+00,-1.000000000000000000e+00,-1.000000000000000000e+00,-1.000000000000000000e+00,-1.000000000000000000e+00,-1.000000000000000000e+00,-1.000000000000000000e+00,-1.000000000000000000e+00,-1.000000000000000000e+00,-1.000000000000000000e+00,-1.000000000000000000e+00,-1.000000000000000000e+00,-1.000000000000000000e+00,-1.000000000000000000e+00,-1.000000000000000000e+00,-1.000000000000000000e+00,-1.000000000000000000e+00,-1.000000000000000000e+00,-1.000000000000000000e+00,-1.000000000000000000e+00,-1.000000000000000000e+00,-1.000000000000000000e+00,-1.000000000000000000e+00,-1.000000000000000000e+00,-1.000000000000000000e+00,-1.000000000000000000e+00,-1.000000000000000000e+00,-1.000000000000000000e+00,-1.000000000000000000e+00,-1.000000000000000000e+00,-1.000000000000000000e+00,-1.000000000000000000e+00,-1.000000000000000000e+00,-1.000000000000000000e+00,-1.000000000000000000e+00,-1.000000000000000000e+00,-1.000000000000000000e+00,-1.000000000000000000e+00,-1.000000000000000000e+00,-1.000000000000000000e+00,-1.000000000000000000e+00,-1.000000000000000000e+00,-1.000000000000000000e+00,-1.000000000000000000e+00,-1.000000000000000000e+00,-1.000000000000000000e+00,-1.000000000000000000e+00,-1.000000000000000000e+00,-1.000000000000000000e+00,-1.776362130861200983e+00,-1.776395264563367160e+00,-1.776494583035977071e+00,-1.776659787481859265e+00,-1.776890189110397200e+00,-1.777184291038991448e+00,-1.777538843537460833e+00,-1.777946813463034292e+00,-1.778393177020285432e+00,-1.778846509885160909e+00,-1.779242773456201743e+00,-1.779455171247976697e+00,-1.779240122278956449e+00,-1.778143950154996933e+00,-1.775347726698338180e+00,-1.769419426046639598e+00,-1.757935535885149392e+00,-1.736935675268988177e+00,-1.700202974703707071e+00,-1.638469644985918405e+00,-1.538949478062445309e+00,-1.386346012785382609e+00,-1.168076351253338974e+00,-8.889690868355657472e-01,-6.008386287502460732e-01,-4.288476268698679927e-01,-4.288476160886431909e-01,-6.008385965918321414e-01,-8.889690339297871002e-01,-1.168076278282316638e+00,-1.386345920518772257e+00,-1.538949367238141352e+00,-1.638469516285726346e+00,-1.700202828761006035e+00,-1.736935512660284786e+00,-1.757935357164439605e+00,-1.769419231808630144e+00,-1.775347517619572102e+00,-1.778143727044280809e+00,-1.779239886077612409e+00,-1.779454922957786733e+00,-1.779242514041528223e+00,-1.778846240144763113e+00,-1.778392897557925734e+00,-1.777946524747004986e+00,-1.777538545982041196e+00,-1.777183985064382910e+00,-1.776889875418515841e+00,-1.776659467320456542e+00,-1.776494258214883271e+00,-1.776394937040257860e+00,-1.776361803359194580e+00,-1.000000000000000000e+00,-1.000000000000000000e+00,-1.000000000000000000e+00,-1.000000000000000000e+00,-1.000000000000000000e+00,-1.000000000000000000e+00,-1.000000000000000000e+00,-1.000000000000000000e+00,-1.000000000000000000e+00,-1.000000000000000000e+00,-1.000000000000000000e+00,-1.000000000000000000e+00,-1.000000000000000000e+00,-1.000000000000000000e+00,-1.000000000000000000e+00,-1.000000000000000000e+00,-1.000000000000000000e+00,-1.000000000000000000e+00,-1.000000000000000000e+00,-1.000000000000000000e+00,-1.000000000000000000e+00,-1.000000000000000000e+00,-1.000000000000000000e+00,-1.000000000000000000e+00,-1.000000000000000000e+00,-1.000000000000000000e+00,-1.000000000000000000e+00,-1.000000000000000000e+00,-1.000000000000000000e+00,-1.000000000000000000e+00,-1.000000000000000000e+00,-1.000000000000000000e+00,-1.000000000000000000e+00,-1.000000000000000000e+00,-1.000000000000000000e+00,-1.000000000000000000e+00,-1.000000000000000000e+00,-1.000000000000000000e+00,-1.000000000000000000e+00,-1.000000000000000000e+00,-1.000000000000000000e+00,-1.000000000000000000e+00,-1.000000000000000000e+00,-1.000000000000000000e+00,-1.000000000000000000e+00,-1.000000000000000000e+00,-1.000000000000000000e+00,-1.000000000000000000e+00,-1.000000000000000000e+00,-1.000000000000000000e+00,-1.000000000000000000e+00,-1.000000000000000000e+00,-1.000000000000000000e+00,-1.000000000000000000e+00
-1.000000000000000000e+00,-1.000000000000000000e+00,-1.000000000000000000e+00,-1.000000000000000000e+00,-1.000000000000000000e+00,-1.000000000000000000e+00,-1.000000000000000000e+00,-1.000000000000000000e+00,-1.000000000000000000e+00,-1.000000000000000000e+00,-1.000000000000000000e+00,-1.000000000000000000e+00,-1.000000000000000000e+00,-1.000000000000000000e+00,-1.000000000000000000e+00,-1.000000000000000000e+00,-1.000000000000000000e+00,-1.000000000000000000e+00,-1.000000000000000000e+00,-1.000000000000000000e+00,-1.000000000000000000e+00,-1.000000000000000000e+00,-1.000000000000000000e+00,-1.000000000000000000e+00,-1.000000000000000000e+00,-1.000000000000000000e+00,-1.000000000000000000e+00,-1.000000000000000000e+00,-1.000000000000000000e+00,-1.000000000000000000e+00,-1.000000000000000000e+00,-1.000000000000000000e+00,-1.000000000000000000e+00,-1.000000000000000000e+00,-1.000000000000000000e+00,-1.000000000000000000e+00,-1.000000000000000000e+00,-1.000000000000000000e+00,-1.000000000000000000e+00,-1.000000000000000000e+00,-1.000000000000000000e+00,-1.000000000000000000e+00,-1.000000000000000000e+00,-1.000000000000000000e+00,-1.000000000000000000e+00,-1.000000000000000000e+00,-1.000000000000000000e+00,-1.000000000000000000e+00,-1.000000000000000000e+00,-1.000000000000000000e+00,-1.000000000000000000e+00,-1.000000000000000000e+00,-1.000000000000000000e+00,-1.000000000000000000e+00,-1.778148903561427741e+00,-1.778182156144306747e+00,-1.778281828982017032e+00,-1.778447616841407397e+00,-1.778678820407060268e+00,-1.778973928865951848e+00,-1.779329675619816697e+00,-1.779739009268501260e+00,-1.780186888969058190e+00,-1.780641879731820865e+00,-1.781039948537576745e+00,-1.781254339311885815e+00,-1.781041580364819854e+00,-1.779948233918354106e+00,-1.777155843105865829e+00,-1.771233255361523318e+00,-1.759758496655324134e+00,-1.738773770147258091e+00,-1.702066330925056548e+00,-1.640374571095613687e+00,-1.540920743886757593e+00,-1.388418252620559290e+00,-1.170291743107104265e+00,-8.913654379486928292e-01,-6.034195725272674116e-01,-4.315389284192192587e-01,-4.315389176073758382e-01,-6.034195402788633533e-01,-8.913653848970802818e-01,-1.170291669946482926e+00,-1.388418160102695253e+00,-1.540920632690394143e+00,-1.640374441831867314e+00,-1.702066184144071403e+00,-1.738773606363267277e+00,-1.759758316397853406e+00,-1.771233059237378171e+00,-1.777155631834993699e+00,-1.779948008374908852e+00,-1.781041341549491452e+00,-1.781254088290145976e+00,-1.781039686331876482e+00,-1.780641607205807775e+00,-1.780186606809475380e+00,-1.779738718046418366e+00,-1.779329375848371253e+00,-1.778973621088396628e+00,-1.778678505445874025e+00,-1.778447295982054754e+00,-1.778281504065718277e+00,-1.778181828953052657e+00,-1.778148576265860425e+00,-1.000000000000000000e+00,-1.000000000000000000e+00,-1.000000000000000000e+00,-1.000000000000000000e+00,-1.000000000000000000e+00,-1.000000000000000000e+00,-1.000000000000000000e+00,-1.000000000000000000e+00,-1.000000000000000000e+00,-1.000000000000000000e+00,-1.000000000000000000e+00,-1.000000000000000000e+00,-1.000000000000000000e+00,-1.000000000000000000e+00,-1.000000000000000000e+00,-1.000000000000000000e+00,-1.000000000000000000e+00,-1.000000000000000000e+00,-1.000000000000000000e+00,-1.000000000000000000e+00,-1.000000000000000000e+00,-1.000000000000000000e+00,-1.000000000000000000e+00,-1.000000000000000000e+00,-1.000000000000000000e+00,-1.000000000000000000e+00,-1.000000000000000000e+00,-1.000000000000000000e+00,-1.000000000000000000e+00,-1.000000000000000000e+00,-1.000000000000000000e+00,-1.000000000000000000e+00,-1.000000000000000000e+00,-1.000000000000000000e+00,-1.000000000000000000e+00,-1.000000000000000000e+00,-1.000000000000000000e+00,-1.000000000000000000e+00,-1.000000000000000000e+00,-1.000000000000000000e+00,-1.000000000000000000e+00,-1.000000000000000000e+00,-1.000000000000000000e+00,-1.000000000000000000e+00,-1.000000000000000000e+00,-1.000000000000000000e+00,-1.000000000000000000e+00,-1.000000000000000000e+00,-1.000000000000000000e+00,-1.000000000000000000e+00,-1.000000000000000000e+00,-1.000000000000000000e+00,-1.000000000000000000e+00,-1.000000000000000000e+00
-1.000000000000000000e+00,-1.000000000000000000e+00,-1.000000000000000000e+00,-1.000000000000000000e+00,-1.000000000000000000e+00,-1.000000000000000000e+00,-1.000000000000000000e+00,-1.000000000000000000e+00,-1.000000000000000000e+00,-1.000000000000000000e+00,-1.000000000000000000e+00,-1.000000000000000000e+00,-1.000000000000000000e+00,-1.000000000000000000e+00,-1.000000000000000000e+00,-1.000000000000000000e+00,-1.000000000000000000e+00,-1.000000000000000000e+00,-1.000000000000000000e+00,-1.000000000000000000e+00,-1.000000000000000000e+00,-1.000000000000000000e+00,-1.000000000000000000e+00,-1.000000000000000000e+00,-1.000000000000000000e+00,-1.000000000000000000e+00,-1.000000000000000000e+00,-1.000000000000000000e+00,-1.000000000000000000e+00,-1.000000000000000000e+00,-1.000000000000000000e+00,-1.000000000000000000e+00,-1.000000000000000000e+00,-1.000000000000000000e+00,-1.000000000000000000e+00,-1.000000000000000000e+00,-1.000000000000000000e+00,-1.000000000000000000e+00,-1.000000000000000000e+00,-1.000000000000000000e+00,-1.000000000000000000e+00,-1.000000000000000000e+00,-1.000000000000000000e+00,-1.000000000000000000e+00,-1.000000000000000000e+00,-1.000000000000000000e+00,-1.000000000000000000e+00,-1.000000000000000000e+00,-1.000000000000000000e+00,-1.000000000000000000e+00,-1.000000000000000000e+00,-1.000000000000000000e+00,-1.000000000000000000e+00,-1.000000000000000000e+00,-1.779987711484646740e+00,-1.780021099627327130e+00,-1.780121176524397608e+00,-1.780287629663655391e+00,-1.780519747936570196e+00,-1.780816004849044898e+00,-1.781173114769276200e+00,-1.781584005551690053e+00,-1.782033616623851957e+00,-1.782490499710411402e+00,-1.782890625279760055e+00,-1.783107276906380267e+00,-1.782897094179351383e+00,-1.781806885084084469e+00,-1.779018680335870073e+00,-1.773102232291240865e+00,-1.761637161388241335e+00,-1.740668348200295368e+00,-1.703987317873146834e+00,-1.642338854910403212e+00,-1.542953951020052727e+00,-1.390556178622031736e+00,-1.172577928375488243e+00,-8.938388404415938959e-01,-6.060838076590002732e-01,-4.343172385296675264e-01,-4.343172278058780034e-01,-6.060837756674508636e-01,-8.938387877945921378e-01,-1.172577855738162311e+00,-1.390556086677466441e+00,-1.542953840354818640e+00,-1.642338726040440289e+00,-1.703987171259438327e+00,-1.740668184302825328e+00,-1.761636980728599866e+00,-1.773102035497020612e+00,-1.779018468175708190e+00,-1.781806658484522021e+00,-1.782896854180771040e+00,-1.783107024611476188e+00,-1.782890361747520469e+00,-1.782490225859399313e+00,-1.782033333222727833e+00,-1.781583713271737590e+00,-1.781172814230589596e+00,-1.780815696735621234e+00,-1.780519433212678138e+00,-1.780287309688026287e+00,-1.780120853189519181e+00,-1.780020774534331496e+00,-1.779987386232222857e+00,-1.000000000000000000e+00,-1.000000000000000000e+00,-1.000000000000000000e+00,-1.000000000000000000e+00,-1.000000000000000000e+00,-1.000000000000000000e+00,-1.000000000000000000e+00,-1.000000000000000000e+00,-1.000000000000000000e+00,-1.000000000000000000e+00,-1.000000000000000000e+00,-1.000000000000000000e+00,-1.000000000000000000e+00,-1.000000000000000000e+00,-1.000000000000000000e+00,-1.000000000000000000e+00,-1.000000000000000000e+00,-1.000000000000000000e+00,-1.000000000000000000e+00,-1.000000000000000000e+00,-1.000000000000000000e+00,-1.000000000000000000e+00,-1.000000000000000000e+00,-1.000000000000000000e+00,-1.000000000000000000e+00,-1.000000000000000000e+00,-1.000000000000000000e+00,-1.000000000000000000e+00,-1.000000000000000000e+00,-1.000000000000000000e+00,-1.000000000000000000e+00,-1.000000000000000000e+00,-1.000000000000000000e+00,-1.000000000000000000e+00,-1.000000000000000000e+00,-1.000000000000000000e+00,-1.000000000000000000e+00,-1.000000000000000000e+00,-1.000000000000000000e+00,-1.000000000000000000e+00,-1.000000000000000000e+00,-1.000000000000000000e+00,-1.000000000000000000e+00,-1.000000000000000000e+00,-1.000000000000000000e+00,-1.000000000000000000e+00,-1.000000000000000000e+00,-1.000000000000000000e+00,-1.000000000000000000e+00,-1.000000000000000000e+00,-1.000000000000000000e+00,-1.000000000000000000e+00,-1.000000000000000000e+00,-1.000000000000000000e+00
-1.000000000000000000e+00,-1.000000000000000000e+00,-1.000000000000000000e+00,-1.000000000000000000e+00,-1.000000000000000000e+00,-1.000000000000000000e+00,-1.000000000000000000e+00,-1.000000000000000000e+00,-1.000000000000000000e+00,-1.000000000000000000e+00,-1.000000000000000000e+00,-1.000000000000000000e+00,-1.000000000000000000e+00,-1.000000000000000000e+00,-1.000000000000000000e+00,-1.000000000000000000e+00,-1.000000000000000000e+00,-1.000000000000000000e+00,-1.000000000000000000e+00,-1.000000000000000000e+00,-1.000000000000000000e+00,-1.000000000000000000e+00,-1.000000000000000000e+00,-1.000000000000000000e+00,-1.000000000000000000e+00,-1.000000000000000000e+00,-1.000000000000000000e+00,-1.000000000000000000e+00,-1.000000000000000000e+00,-1.000000000000000000e+00,-1.000000000000000000e+00,-1.000000000000000000e+00,-1.000000000000000000e+00,-1.000000000000000000e+00,-1.000000000000000000e+00,-1.000000000000000000e+00,-1.000000000000000000e+00,-1.000000000000000000e+00,-1.000000000000000000e+00,-1.000000000000000000e+00,-1.000000000000000000e+00,-1.000000000000000000e+00,-1.000000000000000000e+00,-1.000000000000000000e+00,-1.000000000000000000e+00,-1.000000000000000000e+00,-1.000000000000000000e+00,-1.000000000000000000e+00,-1.000000000000000000e+00,-1.000000000000000000e+00,-1.000000000000000000e+00,-1.000000000000000000e+00,-1.000000000000000000e+00,-1.000000000000000000e+00,-1.781877846318273173e+00,-1.781911388579255462e+00,-1.782011924829659311e+00,-1.782179134358124584e+00,-1.782412292913505780e+00,-1.782709856415255700e+00,-1.783068517869399017e+00,-1.783481181683760131e+00,-1.783932764632214729e+00,-1.784391802265130167e+00,-1.784794266153090003e+00,-1.785013478469089421e+00,-1.784806191810645926e+00,-1.783719466901806827e+00,-1.780935838296517915e+00,-1.775025995133343359e+00,-1.763571209081721491e+00,-1.742619132410692329e+00,-1.705965707123374475e+00,-1.644362322590290360e+00,-1.545048986997925144e+00,-1.392759745620264722e+00,-1.174934931222920032e+00,-8.963893822409751966e-01,-6.088314706633625173e-01,-4.371827210286000076e-01,-4.371827105164605154e-01,-6.088314392932737684e-01,-8.963893305781326371e-01,-1.174934859860834235e+00,-1.392759655126315721e+00,-1.545048877836914913e+00,-1.644362195158876050e+00,-1.705965561785702578e+00,-1.742618969577397703e+00,-1.763571029274544344e+00,-1.775025799006886729e+00,-1.780935626667922378e+00,-1.783719240737079215e+00,-1.784805952173279309e+00,-1.785013226474712500e+00,-1.784794002879413366e+00,-1.784391528674931449e+00,-1.783932481572990891e+00,-1.783480889923224399e+00,-1.783068218145131612e+00,-1.782709549566345641e+00,-1.782411980072224456e+00,-1.782178817002322502e+00,-1.782011604916346581e+00,-1.781911067543750615e+00,-1.781877525169507148e+00,-1.000000000000000000e+00,-1.000000000000000000e+00,-1.000000000000000000e+00,-1.000000000000000000e+00,-1.000000000000000000e+00,-1.000000000000000000e+00,-1.000000000000000000e+00,-1.000000000000000000e+00,-1.000000000000000000e+00,-1.000000000000000000e+00,-1.000000000000000000e+00,-1.000000000000000000e+00,-1.000000000000000000e+00,-1.000000000000000000e+00,-1.000000000000000000e+00,-1.000000000000000000e+00,-1.000000000000000000e+00,-1.000000000000000000e+00,-1.000000000000000000e+00,-1.000000000000000000e+00,-1.000000000000000000e+00,-1.000000000000000000e+00,-1.000000000000000000e+00,-1.000000000000000000e+00,-1.000000000000000000e+00,-1.000000000000000000e+00,-1.000000000000000000e+00,-1.000000000000000000e+00,-1.000000000000000000e+00,-1.000000000000000000e+00,-1.000000000000000000e+00,-1.000000000000000000e+00,-1.000000000000000000e+00,-1.000000000000000000e+00,-1.000000000000000000e+00,-1.000000000000000000e+00,-1.000000000000000000e+00,-1.000000000000000000e+00,-1.000000000000000000e+00,-1.000000000000000000e+00,-1.000000000000000000e+00,-1.000000000000000000e+00,-1.000000000000000000e+00,-1.000000000000000000e+00,-1.000000000000000000e+00,-1.000000000000000000e+00,-1.000000000000000000e+00,-1.000000000000000000e+00,-1.000000000000000000e+00,-1.000000000000000000e+00,-1.000000000000000000e+00,-1.000000000000000000e+00,-1.000000000000000000e+00,-1.000000000000000000e+00
-1.000000000000000000e+00,-1.000000000000000000e+00,-1.000000000000000000e+00,-1.000000000000000000e+00,-1.000000000000000000e+00,-1.000000000000000000e+00,-1.000000000000000000e+00,-1.000000000000000000e+00,-1.000000000000000000e+00,-1.000000000000000000e+00,-1.000000000000000000e+00,-1.000000000000000000e+00,-1.000000000000000000e+00,-1.000000000000000000e+00,-1.000000000000000000e+00,-1.000000000000000000e+00,-1.000000000000000000e+00,-1.000000000000000000e+00,-1.000000000000000000e+00,-1.000000000000000000e+00,-1.000000000000000000e+00,-1.000000000000000000e+00,-1.000000000000000000e+00,-1.000000000000000000e+00,-1.000000000000000000e+00,-1.000000000000000000e+00,-1.000000000000000000e+00,-1.000000000000000000e+00,-1.000000000000000000e+00,-1.000000000000000000e+00,-1.000000000000000000e+00,-1.000000000000000000e+00,-1.000000000000000000e+00,-1.000000000000000000e+00,-1.000000000000000000e+00,-1.000000000000000000e+00,-1.000000000000000000e+00,-1.000000000000000000e+00,-1.000000000000000000e+00,-1.000000000000000000e+00,-1.000000000000000000e+00,-1.000000000000000000e+00,-1.000000000000000000e+00,-1.000000000000000000e+00,-1.000000000000000000e+00,-1.000000000000000000e+00,-1.000000000000000000e+00,-1.000000000000000000e+00,-1.000000000000000000e+00,-1.000000000000000000e+00,-1.000000000000000000e+00,-1.000000000000000000e+00,-1.000000000000000000e+00,-1.000000000000000000e+00,-1.783818503304339442e+00,-1.783852220150837553e+00,-1.783953276750268824e+00,-1.784121343230880452e+00,-1.784355680793842769e+00,-1.784654725758325400e+00,-1.785015147322259521e+00,-1.785429823583577713e+00,-1.785883645551398669e+00,-1.786345129495664708e+00,-1.786750245460842823e+00,-1.786972352910633832e+00,-1.786768318941476918e+00,-1.785685463818492691e+00,-1.782906842162405692e+00,-1.777004111963228272e+00,-1.765560253436570637e+00,-1.744625785784153837e+00,-1.708001215974068288e+00,-1.646444752088716212e+00,-1.547205697566376159e+00,-1.395028873330157682e+00,-1.177362747403780219e+00,-8.990171291355743000e-01,-6.116626809776442020e-01,-4.401355254926428984e-01,-4.401355153170335432e-01,-6.116626505992158735e-01,-8.990170790462215233e-01,-1.177362678085172032e+00,-1.395028785195867815e+00,-1.547205590933420805e+00,-1.646444627213013989e+00,-1.708001073112948465e+00,-1.744625625299389027e+00,-1.765560075848694677e+00,-1.777003917955511270e+00,-1.782906632594308816e+00,-1.785685239683918679e+00,-1.786768081312665402e+00,-1.786972102894901493e+00,-1.786749984138105374e+00,-1.786344857863608082e+00,-1.785883364530735040e+00,-1.785429534039190802e+00,-1.785014850124087449e+00,-1.784654421915480738e+00,-1.784355371635430121e+00,-1.784121030401219388e+00,-1.783952962270462406e+00,-1.783851905319883802e+00,-1.783818188523258019e+00,-1.000000000000000000e+00,-1.000000000000000000e+00,-1.000000000000000000e+00,-1.000000000000000000e+00,-1.000000000000000000e+00,-1.000000000000000000e+00,-1.000000000000000000e+00,-1.000000000000000000e+00,-1.000000000000000000e+00,-1.000000000000000000e+00,-1.000000000000000000e+00,-1.000000000000000000e+00,-1.000000000000000000e+00,-1.000000000000000000e+00,-1.000000000000000000e+00,-1.000000000000000000e+00,-1.000000000000000000e+00,-1.000000000000000000e+00,-1.000000000000000000e+00,-1.000000000000000000e+00,-1.000000000000000000e+00,-1.000000000000000000e+00,-1.000000000000000000e+00,-1.000000000000000000e+00,-1.000000000000000000e+00,-1.000000000000000000e+00,-1.000000000000000000e+00,-1.000000000000000000e+00,-1.000000000000000000e+00,-1.000000000000000000e+00,-1.000000000000000000e+00,-1.000000000000000000e+00,-1.000000000000000000e+00,-1.000000000000000000e+00,-1.000000000000000000e+00,-1.000000000000000000e+00,-1.000000000000000000e+00,-1.000000000000000000e+00,-1.000000000000000000e+00,-1.000000000000000000e+00,-1.000000000000000000e+00,-1.000000000000000000e+00,-1.000000000000000000e+00,-1.000000000000000000e+00,-1.000000000000000000e+00,-1.000000000000000000e+00,-1.000000000000000000e+00,-1.000000000000000000e+00,-1.000000000000000000e+00,-1.000000000000000000e+00,-1.000000000000000000e+00,-1.000000000000000000e+00,-1.000000000000000000e+00,-1.000000000000000000e+00
-1.000000000000000000e+00,-1.000000000000000000e+00,-1.000000000000000000e+00,-1.000000000000000000e+00,-1.000000000000000000e+00,-1.000000000000000000e+00,-1.000000000000000000e+00,-1.000000000000000000e+00,-1.000000000000000000e+00,-1.000000000000000000e+00,-1.000000000000000000e+00,-1.000000000000000000e+00,-1.000000000000000000e+00,-1.000000000000000000e+00,-1.000000000000000000e+00,-1.000000000000000000e+00,-1.000000000000000000e+00,-1.000000000000000000e+00,-1.000000000000000000e+00,-1.000000000000000000e+00,-1.000000000000000000e+00,-1.000000000000000000e+00,-1.000000000000000000e+00,-1.000000000000000000e+00,-1.000000000000000000e+00,-1.000000000000000000e+00,-1.000000000000000000e+00,-1.000000000000000000e+00,-1.000000000000000000e+00,-1.000000000000000000e+00,-1.000000000000000000e+00,-1.000000000000000000e+00,-1.000000000000000000e+00,-1.000000000000000000e+00,-1.000000000000000000e+00,-1.000000000000000000e+00,-1.000000000000000000e+00,-1.000000000000000000e+00,-1.000000000000000000e+00,-1.000000000000000000e+00,-1.000000000000000000e+00,-1.000000000000000000e+00,-1.000000000000000000e+00,-1.000000000000000000e+00,-1.000000000000000000e+00,-1.000000000000000000e+00,-1.000000000000000000e+00,-1.000000000000000000e+00,-1.000000000000000000e+00,-1.000000000000000000e+00,-1.000000000000000000e+00,-1.000000000000000000e+00,-1.000000000000000000e+00,-1.000000000000000000e+00,-1.785808759303947779e+00,-1.785842673030157313e+00,-1.785944316451542502e+00,-1.786113349587746812e+00,-1.786349017684466300e+00,-1.786649735430792418e+00,-1.787012145747566949e+00,-1.787429097505527364e+00,-1.787885452763168015e+00,-1.788349705296577330e+00,-1.788757820852893587e+00,-1.788983194704628854e+00,-1.788782809753746594e+00,-1.787704252460598386e+00,-1.784931113709409711e+00,-1.779036052589282324e+00,-1.767603815676881185e+00,-1.746687885241895000e+00,-1.710093482574703838e+00,-1.648585849629401467e+00,-1.549423864564425823e+00,-1.397363425642237145e+00,-1.179861324906102737e+00,-9.017221066380649575e-01,-6.145775237848205563e-01,-4.431757705999685992e-01,-4.431757608844172358e-01,-6.145774947620872286e-01,-9.017220587040775115e-01,-1.179861258394404810e+00,-1.397363340785189312e+00,-1.549423761510001940e+00,-1.648585728474825540e+00,-1.710093343460935333e+00,-1.746687728477767321e+00,-1.767603641771901879e+00,-1.779035862251490796e+00,-1.784930907828253144e+00,-1.787704032046308011e+00,-1.788782575871962210e+00,-1.788982948437940479e+00,-1.788757563268005502e+00,-1.788349437418239152e+00,-1.787885175582407227e+00,-1.787428811991916389e+00,-1.787011852924063504e+00,-1.786649436493145560e+00,-1.786348714182742103e+00,-1.786113043372172582e+00,-1.785944009591727166e+00,-1.785842366723932262e+00,-1.785808453328083800e+00,-1.000000000000000000e+00,-1.000000000000000000e+00,-1.000000000000000000e+00,-1.000000000000000000e+00,-1.000000000000000000e+00,-1.000000000000000000e+00,-1.000000000000000000e+00,-1.000000000000000000e+00,-1.000000000000000000e+00,-1.000000000000000000e+00,-1.000000000000000000e+00,-1.000000000000000000e+00,-1.000000000000000000e+00,-1.000000000000000000e+00,-1.000000000000000000e+00,-1.000000000000000000e+00,-1.000000000000000000e+00,-1.000000000000000000e+00,-1.000000000000000000e+00,-1.000000000000000000e+00,-1.000000000000000000e+00,-1.000000000000000000e+00,-1.000000000000000000e+00,-1.000000000000000000e+00,-1.000000000000000000e+00,-1.000000000000000000e+00,-1.000000000000000000e+00,-1.000000000000000000e+00,-1.000000000000000000e+00,-1.000000000000000000e+00,-1.000000000000000000e+00,-1.000000000000000000e+00,-1.000000000000000000e+00,-1.000000000000000000e+00,-1.000000000000000000e+00,-1.000000000000000000e+00,-1.000000000000000000e+00,-1.000000000000000000e+00,-1.000000000000000000e+00,-1.000000000000000000e+00,-1.000000000000000000e+00,-1.000000000000000000e+00,-1.000000000000000000e+00,-1.000000000000000000e+00,-1.000000000000000000e+00,-1.000000000000000000e+00,-1.000000000000000000e+00,-1.000000000000000000e+00,-1.000000000000000000e+00,-1.000000000000000000e+00,-1.000000000000000000e+00,-1.000000000000000000e+00,-1.000000000000000000e+00,-1.000000000000000000e+00
-1.000000000000000000e+00,-1.000000000000000000e+00,-1.000000000000000000e+00,-1.000000000000000000e+00,-1.000000000000000000e+00,-1.000000000000000000e+00,-1.000000000000000000e+00,-1.000000000000000000e+00,-1.000000000000000000e+00,-1.000000000000000000e+00,-1.000000000000000000e+00,-1.000000000000000000e+00,-1.000000000000000000e+00,-1.000000000000000000e+00,-1.000000000000000000e+00,-1.000000000000000000e+00,-1.000000000000000000e+00,-1.000000000000000000e+00,-1.000000000000000000e+00,-1.000000000000000000e+00,-1.000000000000000000e+00,-1.000000000000000000e+00,-1.000000000000000000e+00,-1.000000000000000000e+00,-1.000000000000000000e+00,-1.000000000000000000e+00,-1.000000000000000000e+00,-1.000000000000000000e+00,-1.000000000000000000e+00,-1.000000000000000000e+00,-1.000000000000000000e+00,-1.000000000000000000e+00,-1.000000000000000000e+00,-1.000000000000000000e+00,-1.000000000000000000e+00,-1.000000000000000000e+00,-1.000000000000000000e+00,-1.000000000000000000e+00,-1.000000000000000000e+00,-1.000000000000000000e+00,-1.000000000000000000e+00,-1.000000000000000000e+00,-1.000000000000000000e+00,-1.000000000000000000e+00,-1.000000000000000000e+00,-1.000000000000000000e+00,-1.000000000000000000e+00,-1.000000000000000000e+00,-1.000000000000000000e+00,-1.000000000000000000e+00,-1.000000000000000000e+00,-1.000000000000000000e+00,-1.000000000000000000e+00,-1.000000000000000000e+00,-1.787847543645379789e+00,-1.787881678104719985e+00,-1.787983979522971278e+00,-1.788154096955850036e+00,-1.788391258383210003e+00,-1.788693854977331910e+00,-1.789058501063384155e+00,-1.789478013514159471e+00,-1.789937222384513360e+00,-1.790404595842320479e+00,-1.790816092614695432e+00,-1.791045142288015812e+00,-1.790848844813331953e+00,-1.789775059421609082e+00,-1.787007929436182252e+00,-1.781121147435192897e+00,-1.769701284584829226e+00,-1.748804883142203392e+00,-1.712242029193177473e+00,-1.650785214893545572e+00,-1.551703173113516909e+00,-1.399763179804556668e+00,-1.182430535017313433e+00,-9.045042727157855955e-01,-6.175760240333196815e-01,-4.463035188498928330e-01,-4.463035097129278705e-01,-6.175759967144223150e-01,-9.045042274938766003e-01,-1.182430472049238457e+00,-1.399763099124253785e+00,-1.551703074685159667e+00,-1.650785098643715587e+00,-1.712241895140746761e+00,-1.748804731532854317e+00,-1.769701115903536959e+00,-1.781120962402602093e+00,-1.787007728954460362e+00,-1.789774844500700457e+00,-1.790848616496691692e+00,-1.791044901619925911e+00,-1.790815840636265310e+00,-1.790404333601952613e+00,-1.789936950947033312e+00,-1.789477733971420959e+00,-1.789058214614196674e+00,-1.788693563022188515e+00,-1.788390962703302778e+00,-1.788153799629448315e+00,-1.787983682642493521e+00,-1.787881382797397167e+00,-1.787847249051564003e+00,-1.000000000000000000e+00,-1.000000000000000000e+00,-1.000000000000000000e+00,-1.000000000000000000e+00,-1.000000000000000000e+00,-1.000000000000000000e+00,-1.000000000000000000e+00,-1.000000000000000000e+00,-1.000000000000000000e+00,-1.000000000000000000e+00,-1.000000000000000000e+00,-1.000000000000000000e+00,-1.000000000000000000e+00,-1.000000000000000000e+00,-1.000000000000000000e+00,-1.000000000000000000e+00,-1.000000000000000000e+00,-1.000000000000000000e+00,-1.000000000000000000e+00,-1.000000000000000000e+00,-1.000000000000000000e+00,-1.000000000000000000e+00,-1.000000000000000000e+00,-1.000000000000000000e+00,-1.000000000000000000e+00,-1.000000000000000000e+00,-1.000000000000000000e+00,-1.000000000000000000e+00,-1.000000000000000000e+00,-1.000000000000000000e+00,-1.000000000000000000e+00,-1.000000000000000000e+00,-1.000000000000000000e+00,-1.000000000000000000e+00,-1.000000000000000000e+00,-1.000000000000000000e+00,-1.000000000000000000e+00,-1.000000000000000000e+00,-1.000000000000000000e+00,-1.000000000000000000e+00,-1.000000000000000000e+00,-1.000000000000000000e+00,-1.000000000000000000e+00,-1.000000000000000000e+00,-1.000000000000000000e+00,-1.000000000000000000e+00,-1.000000000000000000e+00,-1.000000000000000000e+00,-1.000000000000000000e+00,-1.000000000000000000e+00,-1.000000000000000000e+00,-1.000000000000000000e+00,-1.000000000000000000e+00,-1.000000000000000000e+00
-1.000000000000000000e+00,-1.000000000000000000e+00,-1.000000000000000000e+00,-1.000000000000000000e+00,-1.000000000000000000e+00,-1.000000000000000000e+00,-1.000000000000000000e+00,-1.000000000000000000e+00,-1.000000000000000000e+00,-1.000000000000000000e+00,-1.000000000000000000e+00,-1.000000000000000000e+00,-1.000000000000000000e+00,-1.000000000000000000e+00,-1.000000000000000000e+00,-1.000000000000000000e+00,-1.000000000000000000e+00,-1.000000000000000000e+00,-1.000000000000000000e+00,-1.000000000000000000e+00,-1.000000000000000000e+00,-1.000000000000000000e+00,-1.000000000000000000e+00,-1.000000000000000000e+00,-1.000000000000000000e+00,-1.000000000000000000e+00,-1.000000000000000000e+00,-1.000000000000000000e+00,-1.000000000000000000e+00,-1.000000000000000000e+00,-1.000000000000000000e+00,-1.000000000000000000e+00,-1.000000000000000000e+00,-1.000000000000000000e+00,-1.000000000000000000e+00,-1.000000000000000000e+00,-1.000000000000000000e+00,-1.000000000000000000e+00,-1.000000000000000000e+00,-1.000000000000000000e+00,-1.000000000000000000e+00,-1.000000000000000000e+00,-1.000000000000000000e+00,-1.000000000000000000e+00,-1.000000000000000000e+00,-1.000000000000000000e+00,-1.000000000000000000e+00,-1.000000000000000000e+00,-1.000000000000000000e+00,-1.000000000000000000e+00,-1.000000000000000000e+00,-1.000000000000000000e+00,-1.000000000000000000e+00,-1.000000000000000000e+00,-1.789933599096370731e+00,-1.789967979126525721e+00,-1.790071012739736789e+00,-1.790242337382040416e+00,-1.790481162730482412e+00,-1.790785854956116196e+00,-1.791152997918930456e+00,-1.791575374215643279e+00,-1.792037779340344583e+00,-1.792508653200365343e+00,-1.792923945167702815e+00,-1.793157117928456001e+00,-1.792965389887553496e+00,-1.791896899684629618e+00,-1.789136359281058519e+00,-1.783258527223750889e+00,-1.771851857774867423e+00,-1.750976050675056683e+00,-1.714446208141034544e+00,-1.653042289743182014e+00,-1.554043163258914007e+00,-1.402227780947433944e+00,-1.185070129543354556e+00,-9.073634773476847437e-01,-6.206581077687296499e-01,-4.495187388474561896e-01,-4.495187303985446192e-01,-6.206580824744734048e-01,-9.073634353503010619e-01,-1.185070070804208342e+00,-1.402227705295856497e+00,-1.554043070469378396e+00,-1.653042179569163661e+00,-1.714446080476204726e+00,-1.750975905688827883e+00,-1.771851695912290081e+00,-1.783258349196753301e+00,-1.789136165981494830e+00,-1.791896692100166222e+00,-1.792965169021838445e+00,-1.793156884776304638e+00,-1.792923700737597326e+00,-1.792508398567770111e+00,-1.792037515656770719e+00,-1.791575102721420620e+00,-1.791152720010649180e+00,-1.790785572254374403e+00,-1.790480877240658852e+00,-1.790242051405311230e+00,-1.790070728366925490e+00,-1.789967697429204252e+00,-1.789933318572217047e+00,-1.000000000000000000e+00,-1.000000000000000000e+00,-1.000000000000000000e+00,-1.000000000000000000e+00,-1.000000000000000000e+00,-1.000000000000000000e+00,-1.000000000000000000e+00,-1.000000000000000000e+00,-1.000000000000000000e+00,-1.000000000000000000e+00,-1.000000000000000000e+00,-1.000000000000000000e+00,-1.000000000000000000e+00,-1.000000000000000000e+00,-1.000000000000000000e+00,-1.000000000000000000e+00,-1.000000000000000000e+00,-1.000000000000000000e+00,-1.000000000000000000e+00,-1.000000000000000000e+00,-1.000000000000000000e+00,-1.000000000000000000e+00,-1.000000000000000000e+00,-1.000000000000000000e+00,-1.000000000000000000e+00,-1.000000000000000000e+00,-1.000000000000000000e+00,-1.000000000000000000e+00,-1.000000000000000000e+00,-1.000000000000000000e+00,-1.000000000000000000e+00,-1.000000000000000000e+00,-1.000000000000000000e+00,-1.000000000000000000e+00,-1.000000000000000000e+00,-1.000000000000000000e+00,-1.000000000000000000e+00,-1.000000000000000000e+00,-1.000000000000000000e+00,-1.000000000000000000e+00,-1.000000000000000000e+00,-1.000000000000000000e+00,-1.000000000000000000e+00,-1.000000000000000000e+00,-1.000000000000000000e+00,-1.000000000000000000e+00,-1.000000000000000000e+00,-1.000000000000000000e+00,-1.000000000000000000e+00,-1.000000000000000000e+00,-1.000000000000000000e+00,-1.000000000000000000e+00,-1.000000000000000000e+00,-1.000000000000000000e+00
-1.000000000000000000e+00,-1.000000000000000000e+00,-1.000000000000000000e+00,-1.000000000000000000e+00,-1.000000000000000000e+00,-1.000000000000000000e+00,-1.000000000000000000e+00,-1.000000000000000000e+00,-1.000000000000000000e+00,-1.000000000000000000e+00,-1.000000000000000000e+00,-1.000000000000000000e+00,-1.000000000000000000e+00,-1.000000000000000000e+00,-1.000000000000000000e+00,-1.000000000000000000e+00,-1.000000000000000000e+00,-1.000000000000000000e+00,-1.000000000000000000e+00,-1.000000000000000000e+00,-1.000000000000000000e+00,-1.000000000000000000e+00,-1.000000000000000000e+00,-1.000000000000000000e+00,-1.000000000000000000e+00,-1.000000000000000000e+00,-1.000000000000000000e+00,-1.000000000000000000e+00,-1.000000000000000000e+00,-1.000000000000000000e+00,-1.000000000000000000e+00,-1.000000000000000000e+00,-1.000000000000000000e+00,-1.000000000000000000e+00,-1.000000000000000000e+00,-1.000000000000000000e+00,-1.000000000000000000e+00,-1.000000000000000000e+00,-1.000000000000000000e+00,-1.000000000000000000e+00,-1.000000000000000000e+00,-1.000000000000000000e+00,-1.000000000000000000e+00,-1.000000000000000000e+00,-1.000000000000000000e+00,-1.000000000000000000e+00,-1.000000000000000000e+00,-1.000000000000000000e+00,-1.000000000000000000e+00,-1.000000000000000000e+00,-1.000000000000000000e+00,-1.000000000000000000e+00,-1.000000000000000000e+00,-1.000000000000000000e+00,-1.792065429317087677e+00,-1.792100079671100632e+00,-1.792203919565838577e+00,-1.792376574578345538e+00,-1.792617235614892390e+00,-1.792924243173951826e+00,-1.793294149722619579e+00,-1.793719702371378677e+00,-1.794185660598568433e+00,-1.794660434475642274e+00,-1.795079962652656125e+00,-1.795317740488101110e+00,-1.795131106804099375e+00,-1.794068486608655588e+00,-1.791315176821140609e+00,-1.785447034457514182e+00,-1.774054455439844080e+00,-1.753200394712528309e+00,-1.716705122371240622e+00,-1.655356282982731297e+00,-1.556443159062586457e+00,-1.404756675432299318e+00,-1.187779678090520763e+00,-9.102994031673510289e-01,-6.238235452864685504e-01,-4.528212497907446732e-01,-4.528212421252092446e-01,-6.238235222965229365e-01,-9.102993648411505934e-01,-1.187779624188824767e+00,-1.404756605585794960e+00,-1.556443072860280719e+00,-1.655356180012561351e+00,-1.716705002402815650e+00,-1.753200257823488872e+00,-1.774054302019194340e+00,-1.785446865178429432e+00,-1.791314992537104356e+00,-1.794068288257240962e+00,-1.795130895331644272e+00,-1.795317516830090998e+00,-1.795079727786075718e+00,-1.794660189514007076e+00,-1.794185406799605476e+00,-1.793719441154622229e+00,-1.793293882700844888e+00,-1.792923972193833038e+00,-1.792616962885637211e+00,-1.792376302589296699e+00,-1.792203650391243075e+00,-1.792099814320817996e+00,-1.792065165643652591e+00,-1.000000000000000000e+00,-1.000000000000000000e+00,-1.000000000000000000e+00,-1.000000000000000000e+00,-1.000000000000000000e+00,-1.000000000000000000e+00,-1.000000000000000000e+00,-1.000000000000000000e+00,-1.000000000000000000e+00,-1.000000000000000000e+00,-1.000000000000000000e+00,-1.000000000000000000e+00,-1.000000000000000000e+00,-1.000000000000000000e+00,-1.000000000000000000e+00,-1.000000000000000000e+00,-1.000000000000000000e+00,-1.000000000000000000e+00,-1.000000000000000000e+00,-1.000000000000000000e+00,-1.000000000000000000e+00,-1.000000000000000000e+00,-1.000000000000000000e+00,-1.000000000000000000e+00,-1.000000000000000000e+00,-1.000000000000000000e+00,-1.000000000000000000e+00,-1.000000000000000000e+00,-1.000000000000000000e+00,-1.000000000000000000e+00,-1.000000000000000000e+00,-1.000000000000000000e+00,-1.000000000000000000e+00,-1.000000000000000000e+00,-1.000000000000000000e+00,-1.000000000000000000e+00,-1.000000000000000000e+00,-1.000000000000000000e+00,-1.000000000000000000e+00,-1.000000000000000000e+00,-1.000000000000000000e+00,-1.000000000000000000e+00,-1.000000000000000000e+00,-1.000000000000000000e+00,-1.000000000000000000e+00,-1.000000000000000000e+00,-1.000000000000000000e+00,-1.000000000000000000e+00,-1.000000000000000000e+00,-1.000000000000000000e+00,-1.000000000000000000e+00,-1.000000000000000000e+00,-1.000000000000000000e+00,-1.000000000000000000e+00
-1.000000000000000000e+00,-1.000000000000000000e+00,-1.000000000000000000e+00,-1.000000000000000000e+00,-1.000000000000000000e+00,-1.000000000000000000e+00,-1.000000000000000000e+00,-1.000000000000000000e+00,-1.000000000000000000e+00,-1.000000000000000000e+00,-1.000000000000000000e+00,-1.000000000000000000e+00,-1.000000000000000000e+00,-1.000000000000000000e+00,-1.000000000000000000e+00,-1.000000000000000000e+00,-1.000000000000000000e+00,-1.000000000000000000e+00,-1.000000000000000000e+00,-1.000000000000000000e+00,-1.000000000000000000e+00,-1.000000000000000000e+00,-1.000000000000000000e+00,-1.000000000000000000e+00,-1.000000000000000000e+00,-1.000000000000000000e+00,-1.000000000000000000e+00,-1.000000000000000000e+00,-1.000000000000000000e+00,-1.000000000000000000e+00,-1.000000000000000000e+00,-1.000000000000000000e+00,-1.000000000000000000e+00,-1.000000000000000000e+00,-1.000000000000000000e+00,-1.000000000000000000e+00,-1.000000000000000000e+00,-1.000000000000000000e+00,-1.000000000000000000e+00,-1.000000000000000000e+00,-1.000000000000000000e+00,-1.000000000000000000e+00,-1.000000000000000000e+00,-1.000000000000000000e+00,-1.000000000000000000e+00,-1.000000000000000000e+00,-1.000000000000000000e+00,-1.000000000000000000e+00,-1.000000000000000000e+00,-1.000000000000000000e+00,-1.000000000000000000e+00,-1.000000000000000000e+00,-1.000000000000000000e+00,-1.000000000000000000e+00,-1.794241227823710760e+00,-1.794276171317103818e+00,-1.794380886021021082e+00,-1.794554986046772882e+00,-1.794797644106755907e+00,-1.795107175812067579e+00,-1.795480103048130660e+00,-1.795909138217083312e+00,-1.796379005425105646e+00,-1.796858085420771634e+00,-1.797282306698708254e+00,-1.797525198503757249e+00,-1.797344223273755315e+00,-1.796288100115683850e+00,-1.793542727536862502e+00,-1.787685093448895701e+00,-1.776307593700981569e+00,-1.755476535798707882e+00,-1.719017509117185982e+00,-1.657726060286426328e+00,-1.558902165065249035e+00,-1.407349013693080853e+00,-1.190558476748441397e+00,-9.133114790731958754e-01,-6.270718683684556316e-01,-4.562106406231677402e-01,-4.562106338174274356e-01,-6.270718479069351536e-01,-9.133114447800523283e-01,-1.190558428193732254e+00,-1.407348950327690362e+00,-1.558902086309109425e+00,-1.657725965579699423e+00,-1.719017398108781070e+00,-1.755476408459669013e+00,-1.776307450344122518e+00,-1.787684934674123927e+00,-1.793542554127547151e+00,-1.796287912929386055e+00,-1.797344023182709138e+00,-1.797524986379230638e+00,-1.797282083495457483e+00,-1.796857852304542202e+00,-1.796378763782293886e+00,-1.795908889671697040e+00,-1.795479849440757558e+00,-1.795106919210329721e+00,-1.794797386895434332e+00,-1.794554730844835522e+00,-1.794380634887566828e+00,-1.794275925170067953e+00,-1.794240983868391481e+00,-1.000000000000000000e+00,-1.000000000000000000e+00,-1.000000000000000000e+00,-1.000000000000000000e+00,-1.000000000000000000e+00,-1.000000000000000000e+00,-1.000000000000000000e+00,-1.000000000000000000e+00,-1.000000000000000000e+00,-1.000000000000000000e+00,-1.000000000000000000e+00,-1.000000000000000000e+00,-1.000000000000000000e+00,-1.000000000000000000e+00,-1.000000000000000000e+00,-1.000000000000000000e+00,-1.000000000000000000e+00,-1.000000000000000000e+00,-1.000000000000000000e+00,-1.000000000000000000e+00,-1.000000000000000000e+00,-1.000000000000000000e+00,-1.000000000000000000e+00,-1.000000000000000000e+00,-1.000000000000000000e+00,-1.000000000000000000e+00,-1.000000000000000000e+00,-1.000000000000000000e+00,-1.000000000000000000e+00,-1.000000000000000000e+00,-1.000000000000000000e+00,-1.000000000000000000e+00,-1.000000000000000000e+00,-1.000000000000000000e+00,-1.000000000000000000e+00,-1.000000000000000000e+00,-1.000000000000000000e+00,-1.000000000000000000e+00,-1.000000000000000000e+00,-1.000000000000000000e+00,-1.000000000000000000e+00,-1.000000000000000000e+00,-1.000000000000000000e+00,-1.000000000000000000e+00,-1.000000000000000000e+00,-1.000000000000000000e+00,-1.000000000000000000e+00,-1.000000000000000000e+00,-1.000000000000000000e+00,-1.000000000000000000e+00,-1.000000000000000000e+00,-1.000000000000000000e+00,-1.000000000000000000e+00,-1.000000000000000000e+00
-1.000000000000000000e+00,-1.000000000000000000e+00,-1.000000000000000000e+00,-1.000000000000000000e+00,-1.000000000000000000e+00,-1.000000000000000000e+00,-1.000000000000000000e+00,-1.000000000000000000e+00,-1.000000000000000000e+00,-1.000000000000000000e+00,-1.000000000000000000e+00,-1.000000000000000000e+00,-1.000000000000000000e+00,-1.000000000000000000e+00,-1.000000000000000000e+00,-1.000000000000000000e+00,-1.000000000000000000e+00,-1.000000000000000000e+00,-1.000000000000000000e+00,-1.000000000000000000e+00,-1.000000000000000000e+00,-1.000000000000000000e+00,-1.000000000000000000e+00,-1.000000000000000000e+00,-1.000000000000000000e+00,-1.000000000000000000e+00,-1.000000000000000000e+00,-1.000000000000000000e+00,-1.000000000000000000e+00,-1.000000000000000000e+00,-1.000000000000000000e+00,-1.000000000000000000e+00,-1.000000000000000000e+00,-1.000000000000000000e+00,-1.000000000000000000e+00,-1.000000000000000000e+00,-1.000000000000000000e+00,-1.000000000000000000e+00,-1.000000000000000000e+00,-1.000000000000000000e+00,-1.000000000000000000e+00,-1.000000000000000000e+00,-1.000000000000000000e+00,-1.000000000000000000e+00,-1.000000000000000000e+00,-1.000000000000000000e+00,-1.000000000000000000e+00,-1.000000000000000000e+00,-1.000000000000000000e+00,-1.000000000000000000e+00,-1.000000000000000000e+00,-1.000000000000000000e+00,-1.000000000000000000e+00,-1.000000000000000000e+00,-1.796458781707330088e+00,-1.796494036137154637e+00,-1.796599679540995087e+00,-1.796775316064223249e+00,-1.797020102592962632e+00,-1.797332333094943335e+00,-1.797708502684761900e+00,-1.798141293281516173e+00,-1.798615397955902750e+00,-1.799099172375684841e+00,-1.799528538957777979e+00,-1.799777065097338591e+00,-1.799602342414754474e+00,-1.798553393380259990e+00,-1.795816735362948391e+00,-1.789970519396332893e+00,-1.778609198659028667e+00,-1.757802529253103874e+00,-1.721381569622853602e+00,-1.660149983541397534e+00,-1.561418715596637030e+00,-1.410003509231270824e+00,-1.193405415882316634e+00,-9.163987553588668344e-01,-6.304022507494302374e-01,-4.596861533007186029e-01,-4.596861474093337785e-01,-6.304022329755198939e-01,-9.163987253634537922e-01,-1.193405373070167030e+00,-1.410003452905566279e+00,-1.561418645037783604e+00,-1.660149898069126717e+00,-1.721381468769315859e+00,-1.757802412868982644e+00,-1.778609066955255669e+00,-1.789970372864333914e+00,-1.795816574684315770e+00,-1.798553219307064577e+00,-1.799602155732015429e+00,-1.799776866613995496e+00,-1.799528329620890377e+00,-1.799098953415577906e+00,-1.798615170904117377e+00,-1.798141059976516853e+00,-1.797708265196489963e+00,-1.797332093698229105e+00,-1.797019863818021479e+00,-1.796775080590148788e+00,-1.796599449427164874e+00,-1.796493812162833548e+00,-1.796458560422401929e+00,-1.000000000000000000e+00,-1.000000000000000000e+00,-1.000000000000000000e+00,-1.000000000000000000e+00,-1.000000000000000000e+00,-1.000000000000000000e+00,-1.000000000000000000e+00,-1.000000000000000000e+00,-1.000000000000000000e+00,-1.000000000000000000e+00,-1.000000000000000000e+00,-1.000000000000000000e+00,-1.000000000000000000e+00,-1.000000000000000000e+00,-1.000000000000000000e+00,-1.000000000000000000e+00,-1.000000000000000000e+00,-1.000000000000000000e+00,-1.000000000000000000e+00,-1.000000000000000000e+00,-1.000000000000000000e+00,-1.000000000000000000e+00,-1.000000000000000000e+00,-1.000000000000000000e+00,-1.000000000000000000e+00,-1.000000000000000000e+00,-1.000000000000000000e+00,-1.000000000000000000e+00,-1.000000000000000000e+00,-1.000000000000000000e+00,-1.000000000000000000e+00,-1.000000000000000000e+00,-1.000000000000000000e+00,-1.000000000000000000e+00,-1.000000000000000000e+00,-1.000000000000000000e+00,-1.000000000000000000e+00,-1.000000000000000000e+00,-1.000000000000000000e+00,-1.000000000000000000e+00,-1.000000000000000000e+00,-1.000000000000000000e+00,-1.000000000000000000e+00,-1.000000000000000000e+00,-1.000000000000000000e+00,-1.000000000000000000e+00,-1.000000000000000000e+00,-1.000000000000000000e+00,-1.000000000000000000e+00,-1.000000000000000000e+00,-1.000000000000000000e+00,-1.000000000000000000e+00,-1.000000000000000000e+00,-1.000000000000000000e+00
-1.000000000000000000e+00,-1.000000000000000000e+00,-1.000000000000000000e+00,-1.000000000000000000e+00,-1.000000000000000000e+00,-1.000000000000000000e+00,-1.000000000000000000e+00,-1.000000000000000000e+00,-1.000000000000000000e+00,-1.000000000000000000e+00,-1.000000000000000000e+00,-1.000000000000000000e+00,-1.000000000000000000e+00,-1.000000000000000000e+00,-1.000000000000000000e+00,-1.000000000000000000e+00,-1.000000000000000000e+00,-1.000000000000000000e+00,-1.000000000000000000e+00,-1.000000000000000000e+00,-1.000000000000000000e+00,-1.000000000000000000e+00,-1.000000000000000000e+00,-1.000000000000000000e+00,-1.000000000000000000e+00,-1.000000000000000000e+00,-1.000000000000000000e+00,-1.000000000000000000e+00,-1.000000000000000000e+00,-1.000000000000000000e+00,-1.000000000000000000e+00,-1.000000000000000000e+00,-1.000000000000000000e+00,-1.000000000000000000e+00,-1.000000000000000000e+00,-1.000000000000000000e+00,-1.000000000000000000e+00,-1.000000000000000000e+00,-1.000000000000000000e+00,-1.000000000000000000e+00,-1.000000000000000000e+00,-1.000000000000000000e+00,-1.000000000000000000e+00,-1.000000000000000000e+00,-1.000000000000000000e+00,-1.000000000000000000e+00,-1.000000000000000000e+00,-1.000000000000000000e+00,-1.000000000000000000e+00,-1.000000000000000000e+00,-1.000000000000000000e+00,-1.000000000000000000e+00,-1.000000000000000000e+00,-1.000000000000000000e+00,-1.798715340981389188e+00,-1.798750914137837498e+00,-1.798857510770300649e+00,-1.799034728328936739e+00,-1.799281713177853792e+00,-1.799596744894375933e+00,-1.799976300600848678e+00,-1.800413041693190719e+00,-1.800891640765408752e+00,-1.801380438995802136e+00,-1.801815362862892345e+00,-1.802070027524042883e+00,-1.801902163582644878e+00,-1.800861108945397415e+00,-1.798134018335470374e+00,-1.792300237760870996e+00,-1.780956333357642141e+00,-1.760175602983141463e+00,-1.723794720262314062e+00,-1.662625676789824869e+00,-1.563990656048851235e+00,-1.412718234721792587e+00,-1.196318789623449508e+00,-9.195597242734485643e-01,-6.338133366424145709e-01,-4.632465154784760619e-01,-4.632465105327320254e-01,-6.338133216481622867e-01,-9.195596987411590595e-01,-1.196318752832355781e+00,-1.412718185871194354e+00,-1.563990594321079231e+00,-1.662625601419662758e+00,-1.723794630668055605e+00,-1.760175498883022938e+00,-1.780956214831660223e+00,-1.792300105160283819e+00,-1.798133872212359652e+00,-1.800860949931653465e+00,-1.801901992369411731e+00,-1.802069844868221082e+00,-1.801815169717734921e+00,-1.801380236660051537e+00,-1.800891430917040292e+00,-1.800412826376958764e+00,-1.799976082102946906e+00,-1.799596525677664927e+00,-1.799281495889703653e+00,-1.799034515643748389e+00,-1.798857304767891296e+00,-1.798750715405757372e+00,-1.798715145398031012e+00,-1.000000000000000000e+00,-1.000000000000000000e+00,-1.000000000000000000e+00,-1.000000000000000000e+00,-1.000000000000000000e+00,-1.000000000000000000e+00,-1.000000000000000000e+00,-1.000000000000000000e+00,-1.000000000000000000e+00,-1.000000000000000000e+00,-1.000000000000000000e+00,-1.000000000000000000e+00,-1.000000000000000000e+00,-1.000000000000000000e+00,-1.000000000000000000e+00,-1.000000000000000000e+00,-1.000000000000000000e+00,-1.000000000000000000e+00,-1.000000000000000000e+00,-1.000000000000000000e+00,-1.000000000000000000e+00,-1.000000000000000000e+00,-1.000000000000000000e+00,-1.000000000000000000e+00,-1.000000000000000000e+00,-1.000000000000000000e+00,-1.000000000000000000e+00,-1.000000000000000000e+00,-1.000000000000000000e+00,-1.000000000000000000e+00,-1.000000000000000000e+00,-1.000000000000000000e+00,-1.000000000000000000e+00,-1.000000000000000000e+00,-1.000000000000000000e+00,-1.000000000000000000e+00,-1.000000000000000000e+00,-1.000000000000000000e+00,-1.000000000000000000e+00,-1.000000000000000000e+00,-1.000000000000000000e+00,-1.000000000000000000e+00,-1.000000000000000000e+00,-1.000000000000000000e+00,-1.000000000000000000e+00,-1.000000000000000000e+00,-1.000000000000000000e+00,-1.000000000000000000e+00,-1.000000000000000000e+00,-1.000000000000000000e+00,-1.000000000000000000e+00,-1.000000000000000000e+00,-1.000000000000000000e+00,-1.000000000000000000e+00
-1.000000000000000000e+00,-1.000000000000000000e+00,-1.000000000000000000e+00,-1.000000000000000000e+00,-1.000000000000000000e+00,-1.000000000000000000e+00,-1.000000000000000000e+00,-1.000000000000000000e+00,-1.000000000000000000e+00,-1.000000000000000000e+00,-1.000000000000000000e+00,-1.000000000000000000e+00,-1.000000000000000000e+00,-1.000000000000000000e+00,-1.000000000000000000e+00,-1.000000000000000000e+00,-1.000000000000000000e+00,-1.000000000000000000e+00,-1.000000000000000000e+00,-1.000000000000000000e+00,-1.000000000000000000e+00,-1.000000000000000000e+00,-1.000000000000000000e+00,-1.000000000000000000e+00,-1.000000000000000000e+00,-1.000000000000000000e+00,-1.000000000000000000e+00,-1.000000000000000000e+00,-1.000000000000000000e+00,-1.000000000000000000e+00,-1.000000000000000000e+00,-1.000000000000000000e+00,-1.000000000000000000e+00,-1.000000000000000000e+00,-1.000000000000000000e+00,-1.000000000000000000e+00,-1.000000000000000000e+00,-1.000000000000000000e+00,-1.000000000000000000e+00,-1.000000000000000000e+00,-1.000000000000000000e+00,-1.000000000000000000e+00,-1.000000000000000000e+00,-1.000000000000000000e+00,-1.000000000000000000e+00,-1.000000000000000000e+00,-1.000000000000000000e+00,-1.000000000000000000e+00,-1.000000000000000000e+00,-1.000000000000000000e+00,-1.000000000000000000e+00,-1.000000000000000000e+00,-1.000000000000000000e+00,-1.000000000000000000e+00,-1.801007441303459133e+00,-1.801043323040501631e+00,-1.801150844624725966e+00,-1.801329602881108327e+00,-1.801578743626673029e+00,-1.801896545689349427e+00,-1.802279484978747348e+00,-1.802720221627952313e+00,-1.803203428504528416e+00,-1.803697453398374506e+00,-1.804138247136494400e+00,-1.804399491312036474e+00,-1.804239072589012949e+00,-1.803206661301561153e+00,-1.800490070208482507e+00,-1.794669871530179872e+00,-1.783344796767674767e+00,-1.762591773306010579e+00,-1.726253229032964409e+00,-1.665149685720366035e+00,-1.566614826090356960e+00,-1.415490328088985450e+00,-1.199296022460200062e+00,-9.227920634590354165e-01,-6.373029962034081342e-01,-4.668897022288867049e-01,-4.668896982381198768e-01,-6.373029840195976181e-01,-9.227920424657967136e-01,-1.199295991862238342e+00,-1.415490287032533656e+00,-1.566614773709855468e+00,-1.665149621204413677e+00,-1.726253151690772869e+00,-1.762591682715887398e+00,-1.783344692849335278e+00,-1.794669754473016354e+00,-1.800489940413228185e+00,-1.803206519279238140e+00,-1.804238918938430469e+00,-1.804399326753742372e+00,-1.804138072637815116e+00,-1.803697270321066082e+00,-1.803203238651605034e+00,-1.802720027221711430e+00,-1.802279288497305121e+00,-1.801896349758187466e+00,-1.801578550981636440e+00,-1.801329416145198703e+00,-1.801150665908587190e+00,-1.801043152696889749e+00,-1.801007274514189849e+00,-1.000000000000000000e+00,-1.000000000000000000e+00,-1.000000000000000000e+00,-1.000000000000000000e+00,-1.000000000000000000e+00,-1.000000000000000000e+00,-1.000000000000000000e+00,-1.000000000000000000e+00,-1.000000000000000000e+00,-1.000000000000000000e+00,-1.000000000000000000e+00,-1.000000000000000000e+00,-1.000000000000000000e+00,-1.000000000000000000e+00,-1.000000000000000000e+00,-1.000000000000000000e+00,-1.000000000000000000e+00,-1.000000000000000000e+00,-1.000000000000000000e+00,-1.000000000000000000e+00,-1.000000000000000000e+00,-1.000000000000000000e+00,-1.000000000000000000e+00,-1.000000000000000000e+00,-1.000000000000000000e+00,-1.000000000000000000e+00,-1.000000000000000000e+00,-1.000000000000000000e+00,-1.000000000000000000e+00,-1.000000000000000000e+00,-1.000000000000000000e+00,-1.000000000000000000e+00,-1.000000000000000000e+00,-1.000000000000000000e+00,-1.000000000000000000e+00,-1.000000000000000000e+00,-1.000000000000000000e+00,-1.000000000000000000e+00,-1.000000000000000000e+00,-1.000000000000000000e+00,-1.000000000000000000e+00,-1.000000000000000000e+00,-1.000000000000000000e+00,-1.000000000000000000e+00,-1.000000000000000000e+00,-1.000000000000000000e+00,-1.000000000000000000e+00,-1.000000000000000000e+00,-1.000000000000000000e+00,-1.000000000000000000e+00,-1.000000000000000000e+00,-1.000000000000000000e+00,-1.000000000000000000e+00,-1.000000000000000000e+00
-1.000000000000000000e+00,-1.000000000000000000e+00,-1.000000000000000000e+00,-1.000000000000000000e+00,-1.000000000000000000e+00,-1.000000000000000000e+00,-1.000000000000000000e+00,-1.000000000000000000e+00,-1.000000000000000000e+00,-1.000000000000000000e+00,-1.000000000000000000e+00,-1.000000000000000000e+00,-1.000000000000000000e+00,-1.000000000000000000e+00,-1.000000000000000000e+00,-1.000000000000000000e+00,-1.000000000000000000e+00,-1.000000000000000000e+00,-1.000000000000000000e+00,-1.000000000000000000e+00,-1.000000000000000000e+00,-1.000000000000000000e+00,-1.000000000000000000e+00,-1.000000000000000000e+00,-1.000000000000000000e+00,-1.000000000000000000e+00,-1.000000000000000000e+00,-1.000000000000000000e+00,-1.000000000000000000e+00,-1.000000000000000000e+00,-1.000000000000000000e+00,-1.000000000000000000e+00,-1.000000000000000000e+00,-1.000000000000000000e+00,-1.000000000000000000e+00,-1.000000000000000000e+00,-1.000000000000000000e+00,-1.000000000000000000e+00,-1.000000000000000000e+00,-1.000000000000000000e+00,-1.000000000000000000e+00,-1.000000000000000000e+00,-1.000000000000000000e+00,-1.000000000000000000e+00,-1.000000000000000000e+00,-1.000000000000000000e+00,-1.000000000000000000e+00,-1.000000000000000000e+00,-1.000000000000000000e+00,-1.000000000000000000e+00,-1.000000000000000000e+00,-1.000000000000000000e+00,-1.000000000000000000e+00,-1.000000000000000000e+00,-1.803330663759675101e+00,-1.803366813554586390e+00,-1.803475142182491053e+00,-1.803655256253001937e+00,-1.803906318266582876e+00,-1.804226629946605653e+00,-1.804612695400857003e+00,-1.805057207577042577e+00,-1.805544876762834594e+00,-1.806044095535617400e+00,-1.806490876020398373e+00,-1.806758999957148060e+00,-1.806606539361816477e+00,-1.805583522358416904e+00,-1.802878444244215839e+00,-1.797073133730259453e+00,-1.785768534568065835e+00,-1.765045282022835282e+00,-1.728751684888786944e+00,-1.667716982834260619e+00,-1.569286601691914029e+00,-1.418315569920576280e+00,-1.202333278254537507e+00,-9.260922707655069308e-01,-6.408679786476113582e-01,-4.706125986424567476e-01,-4.706125955978877062e-01,-6.408679692575767195e-01,-9.260922543195618806e-01,-1.202333253937577950e+00,-1.418315536875764504e+00,-1.569286559061404018e+00,-1.667716929799396341e+00,-1.728751620663312227e+00,-1.765045206042763937e+00,-1.785768446570527690e+00,-1.797073033731424463e+00,-1.802878332482912516e+00,-1.805583399235685560e+00,-1.806606405395074777e+00,-1.806758855844945000e+00,-1.806490722743355093e+00,-1.806043934502383319e+00,-1.805544709862829889e+00,-1.805057037159867761e+00,-1.804612524101417703e+00,-1.804226460522232234e+00,-1.803906153508219035e+00,-1.803655098705233772e+00,-1.803474993974586216e+00,-1.803366674787168389e+00,-1.803330528890213502e+00,-1.000000000000000000e+00,-1.000000000000000000e+00,-1.000000000000000000e+00,-1.000000000000000000e+00,-1.000000000000000000e+00,-1.000000000000000000e+00,-1.000000000000000000e+00,-1.000000000000000000e+00,-1.000000000000000000e+00,-1.000000000000000000e+00,-1.000000000000000000e+00,-1.000000000000000000e+00,-1.000000000000000000e+00,-1.000000000000000000e+00,-1.000000000000000000e+00,-1.000000000000000000e+00,-1.000000000000000000e+00,-1.000000000000000000e+00,-1.000000000000000000e+00,-1.000000000000000000e+00,-1.000000000000000000e+00,-1.000000000000000000e+00,-1.000000000000000000e+00,-1.000000000000000000e+00,-1.000000000000000000e+00,-1.000000000000000000e+00,-1.000000000000000000e+00,-1.000000000000000000e+00,-1.000000000000000000e+00,-1.000000000000000000e+00,-1.000000000000000000e+00,-1.000000000000000000e+00,-1.000000000000000000e+00,-1.000000000000000000e+00,-1.000000000000000000e+00,-1.000000000000000000e+00,-1.000000000000000000e+00,-1.000000000000000000e+00,-1.000000000000000000e+00,-1.000000000000000000e+00,-1.000000000000000000e+00,-1.000000000000000000e+00,-1.000000000000000000e+00,-1.000000000000000000e+00,-1.000000000000000000e+00,-1.000000000000000000e+00,-1.000000000000000000e+00,-1.000000000000000000e+00,-1.000000000000000000e+00,-1.000000000000000000e+00,-1.000000000000000000e+00,-1.000000000000000000e+00,-1.000000000000000000e+00,-1.000000000000000000e+00
-1.000000000000000000e+00,-1.000000000000000000e+00,-1.000000000000000000e+00,-1.000000000000000000e+00,-1.000000000000000000e+00,-1.000000000000000000e+00,-1.000000000000000000e+00,-1.000000000000000000e+00,-1.000000000000000000e+00,-1.000000000000000000e+00,-1.000000000000000000e+00,-1.000000000000000000e+00,-1.000000000000000000e+00,-1.000000000000000000e+00,-1.000000000000000000e+00,-1.000000000000000000e+00,-1.000000000000000000e+00,-1.000000000000000000e+00,-1.000000000000000000e+00,-1.000000000000000000e+00,-1.000000000000000000e+00,-1.000000000000000000e+00,-1.000000000000000000e+00,-1.000000000000000000e+00,-1.000000000000000000e+00,-1.000000000000000000e+00,-1.000000000000000000e+00,-1.000000000000000000e+00,-1.000000000000000000e+00,-1.000000000000000000e+00,-1.000000000000000000e+00,-1.000000000000000000e+00,-1.000000000000000000e+00,-1.000000000000000000e+00,-1.000000000000000000e+00,-1.000000000000000000e+00,-1.000000000000000000e+00,-1.000000000000000000e+00,-1.000000000000000000e+00,-1.000000000000000000e+00,-1.000000000000000000e+00,-1.000000000000000000e+00,-1.000000000000000000e+00,-1.000000000000000000e+00,-1.000000000000000000e+00,-1.000000000000000000e+00,-1.000000000000000000e+00,-1.000000000000000000e+00,-1.000000000000000000e+00,-1.000000000000000000e+00,-1.000000000000000000e+00,-1.000000000000000000e+00,-1.000000000000000000e+00,-1.000000000000000000e+00,-1.805679310212040978e+00,-1.805715637839260923e+00,-1.805824508710372145e+00,-1.806005556231458753e+00,-1.806257987880848237e+00,-1.806580167350289923e+00,-1.806968675999821583e+00,-1.807416296966670943e+00,-1.807907841149226202e+00,-1.808411811494058608e+00,-1.808864345395187145e+00,-1.809139383074932939e+00,-1.808995231396422598e+00,-1.807982315642076232e+00,-1.805289844685675771e+00,-1.799500932551809651e+00,-1.788218772938767298e+00,-1.767527771440185802e+00,-1.731282223268801435e+00,-1.670320248942783747e+00,-1.571999234031024928e+00,-1.421187777289738108e+00,-1.205424902901473416e+00,-9.294551465760243492e-01,-6.445034225724697308e-01,-4.744105246130658760e-01,-4.744105224946671973e-01,-6.445034159293676623e-01,-9.294551346446127127e-01,-1.205424884895445192e+00,-1.421187752392736314e+00,-1.571999201449087114e+00,-1.670320207888000397e+00,-1.731282172887024684e+00,-1.767527711029396098e+00,-1.788218702044768182e+00,-1.799500851016559766e+00,-1.805289752591419772e+00,-1.807982213295794782e+00,-1.808995119252446937e+00,-1.809139261817548361e+00,-1.808864216010809711e+00,-1.808411675407523678e+00,-1.807907700290393382e+00,-1.807416153749442644e+00,-1.806968533167923940e+00,-1.806580027753500461e+00,-1.806257854323073619e+00,-1.806005431167696740e+00,-1.805824394243642939e+00,-1.805715533829824082e+00,-1.805679210375161103e+00,-1.000000000000000000e+00,-1.000000000000000000e+00,-1.000000000000000000e+00,-1.000000000000000000e+00,-1.000000000000000000e+00,-1.000000000000000000e+00,-1.000000000000000000e+00,-1.000000000000000000e+00,-1.000000000000000000e+00,-1.000000000000000000e+00,-1.000000000000000000e+00,-1.000000000000000000e+00,-1.000000000000000000e+00,-1.000000000000000000e+00,-1.000000000000000000e+00,-1.000000000000000000e+00,-1.000000000000000000e+00,-1.000000000000000000e+00,-1.000000000000000000e+00,-1.000000000000000000e+00,-1.000000000000000000e+00,-1.000000000000000000e+00,-1.000000000000000000e+00,-1.000000000000000000e+00,-1.000000000000000000e+00,-1.000000000000000000e+00,-1.000000000000000000e+00,-1.000000000000000000e+00,-1.000000000000000000e+00,-1.000000000000000000e+00,-1.000000000000000000e+00,-1.000000000000000000e+00,-1.000000000000000000e+00,-1.000000000000000000e+00,-1.000000000000000000e+00,-1.000000000000000000e+00,-1.000000000000000000e+00,-1.000000000000000000e+00,-1.000000000000000000e+00,-1.000000000000000000e+00,-1.000000000000000000e+00,-1.000000000000000000e+00,-1.000000000000000000e+00,-1.000000000000000000e+00,-1.000000000000000000e+00,-1.000000000000000000e+00,-1.000000000000000000e+00,-1.000000000000000000e+00,-1.000000000000000000e+00,-1.000000000000000000e+00,-1.000000000000000000e+00,-1.000000000000000000e+00,-1.000000000000000000e+00,-1.000000000000000000e+00
-1.000000000000000000e+00,-1.000000000000000000e+00,-1.000000000000000000e+00,-1.000000000000000000e+00,-1.000000000000000000e+00,-1.000000000000000000e+00,-1.000000000000000000e+00,-1.000000000000000000e+00,-1.000000000000000000e+00,-1.000000000000000000e+00,-1.000000000000000000e+00,-1.000000000000000000e+00,-1.000000000000000000e+00,-1.000000000000000000e+00,-1.000000000000000000e+00,-1.000000000000000000e+00,-1.000000000000000000e+00,-1.000000000000000000e+00,-1.000000000000000000e+00,-1.000000000000000000e+00,-1.000000000000000000e+00,-1.000000000000000000e+00,-1.000000000000000000e+00,-1.000000000000000000e+00,-1.000000000000000000e+00,-1.000000000000000000e+00,-1.000000000000000000e+00,-1.000000000000000000e+00,-1.000000000000000000e+00,-1.000000000000000000e+00,-1.000000000000000000e+00,-1.000000000000000000e+00,-1.000000000000000000e+00,-1.000000000000000000e+00,-1.000000000000000000e+00,-1.000000000000000000e+00,-1.000000000000000000e+00,-1.000000000000000000e+00,-1.000000000000000000e+00,-1.000000000000000000e+00,-1.000000000000000000e+00,-1.000000000000000000e+00,-1.000000000000000000e+00,-1.000000000000000000e+00,-1.000000000000000000e+00,-1.000000000000000000e+00,-1.000000000000000000e+00,-1.000000000000000000e+00,-1.000000000000000000e+00,-1.000000000000000000e+00,-1.000000000000000000e+00,-1.000000000000000000e+00,-1.000000000000000000e+00,-1.000000000000000000e+00,-1.808045966218059464e+00,-1.808082301966776440e+00,-1.808191215070391822e+00,-1.808372392603625256e+00,-1.808625131919820772e+00,-1.808947921202732401e+00,-1.809337498297928004e+00,-1.809786830146594694e+00,-1.810280932441559187e+00,-1.810788527703815820e+00,-1.811245986028895416e+00,-1.811527504455263893e+00,-1.811391707309617960e+00,-1.810389479590176931e+00,-1.807710785810275667e+00,-1.801940051961822720e+00,-1.790682744333588428e+00,-1.770027074970553782e+00,-1.733833395925064691e+00,-1.672948830541055587e+00,-1.574742896375633361e+00,-1.424097935959530714e+00,-1.208562632110546486e+00,-9.328730627106253115e-01,-6.482021678141137722e-01,-4.782765688315038233e-01,-4.782765676142396449e-01,-6.482021638582985412e-01,-9.328730552428503575e-01,-1.208562620411133492e+00,-1.424097919289171399e+00,-1.574742874052636576e+00,-1.672948801845575373e+00,-1.733833359976638011e+00,-1.770027030940754198e+00,-1.790682691589957187e+00,-1.801939990180175144e+00,-1.807710714940796493e+00,-1.810389399858936654e+00,-1.811391619127981301e+00,-1.811527408488579738e+00,-1.811245883260345524e+00,-1.810788419534807847e+00,-1.810280820793380929e+00,-1.809786717433626846e+00,-1.809337387309561507e+00,-1.808947814831519008e+00,-1.808625032922866804e+00,-1.808372303341076348e+00,-1.808191137550196004e+00,-1.808082235838105900e+00,-1.808045904458409625e+00,-1.000000000000000000e+00,-1.000000000000000000e+00,-1.000000000000000000e+00,-1.000000000000000000e+00,-1.000000000000000000e+00,-1.000000000000000000e+00,-1.000000000000000000e+00,-1.000000000000000000e+00,-1.000000000000000000e+00,-1.000000000000000000e+00,-1.000000000000000000e+00,-1.000000000000000000e+00,-1.000000000000000000e+00,-1.000000000000000000e+00,-1.000000000000000000e+00,-1.000000000000000000e+00,-1.000000000000000000e+00,-1.000000000000000000e+00,-1.000000000000000000e+00,-1.000000000000000000e+00,-1.000000000000000000e+00,-1.000000000000000000e+00,-1.000000000000000000e+00,-1.000000000000000000e+00,-1.000000000000000000e+00,-1.000000000000000000e+00,-1.000000000000000000e+00,-1.000000000000000000e+00,-1.000000000000000000e+00,-1.000000000000000000e+00,-1.000000000000000000e+00,-1.000000000000000000e+00,-1.000000000000000000e+00,-1.000000000000000000e+00,-1.000000000000000000e+00,-1.000000000000000000e+00,-1.000000000000000000e+00,-1.000000000000000000e+00,-1.000000000000000000e+00,-1.000000000000000000e+00,-1.000000000000000000e+00,-1.000000000000000000e+00,-1.000000000000000000e+00,-1.000000000000000000e+00,-1.000000000000000000e+00,-1.000000000000000000e+00,-1.000000000000000000e+00,-1.000000000000000000e+00,-1.000000000000000000e+00,-1.000000000000000000e+00,-1.000000000000000000e+00,-1.000000000000000000e+00,-1.000000000000000000e+00,-1.000000000000000000e+00
-1.000000000000000000e+00,-1.000000000000000000e+00,-1.000000000000000000e+00,-1.000000000000000000e+00,-1.000000000000000000e+00,-1.000000000000000000e+00,-1.000000000000000000e+00,-1.000000000000000000e+00,-1.000000000000000000e+00,-1.000000000000000000e+00,-1.000000000000000000e+00,-1.000000000000000000e+00,-1.000000000000000000e+00,-1.000000000000000000e+00,-1.000000000000000000e+00,-1.000000000000000000e+00,-1.000000000000000000e+00,-1.000000000000000000e+00,-1.000000000000000000e+00,-1.000000000000000000e+00,-1.000000000000000000e+00,-1.000000000000000000e+00,-1.000000000000000000e+00,-1.000000000000000000e+00,-1.000000000000000000e+00,-1.000000000000000000e+00,-1.000000000000000000e+00,-1.000000000000000000e+00,-1.000000000000000000e+00,-1.000000000000000000e+00,-1.000000000000000000e+00,-1.000000000000000000e+00,-1.000000000000000000e+00,-1.000000000000000000e+00,-1.000000000000000000e+00,-1.000000000000000000e+00,-1.000000000000000000e+00,-1.000000000000000000e+00,-1.000000000000000000e+00,-1.000000000000000000e+00,-1.000000000000000000e+00,-1.000000000000000000e+00,-1.000000000000000000e+00,-1.000000000000000000e+00,-1.000000000000000000e+00,-1.000000000000000000e+00,-1.000000000000000000e+00,-1.000000000000000000e+00,-1.000000000000000000e+00,-1.000000000000000000e+00,-1.000000000000000000e+00,-1.000000000000000000e+00,-1.000000000000000000e+00,-1.000000000000000000e+00,-1.810420915645179152e+00,-1.810456964739087571e+00,-1.810565049572147256e+00,-1.810744952207542724e+00,-1.810996129303616753e+00,-1.811317291204726176e+00,-1.811705457328270485e+00,-1.812153927907510509e+00,-1.812648091670479689e+00,-1.813157068955808082e+00,-1.813617639542692617e+00,-1.813904420260706640e+00,-1.813776489534664860e+00,-1.812785292797403303e+00,-1.810121610696758809e+00,-1.804371204638846482e+00,-1.793141811702813060e+00,-1.772525443412752866e+00,-1.736388521579768751e+00,-1.675587227464264917e+00,-1.577503311322602908e+00,-1.427032960173902243e+00,-1.211734468155877709e+00,-9.363349333972088573e-01,-6.519537923881358887e-01,-4.822006596498311648e-01,-4.822006593073453473e-01,-6.519537910591935992e-01,-9.363349303407574320e-01,-1.211734462743990548e+00,-1.427032951777032821e+00,-1.577503299400952130e+00,-1.675587211403748666e+00,-1.736388500526268031e+00,-1.772525416436024459e+00,-1.793141778027230515e+00,-1.804371163790280175e+00,-1.810121562528313577e+00,-1.812785237465571742e+00,-1.813776427425835447e+00,-1.813904352005779375e+00,-1.813617566107180723e+00,-1.813156991686258435e+00,-1.812648012430293942e+00,-1.812153849048203424e+00,-1.811705381604214127e+00,-1.811317221489387119e+00,-1.810996068237050949e+00,-1.810744902038172954e+00,-1.810565012130110674e+00,-1.810456939494000661e+00,-1.810420894874361419e+00,-1.000000000000000000e+00,-1.000000000000000000e+00,-1.000000000000000000e+00,-1.000000000000000000e+00,-1.000000000000000000e+00,-1.000000000000000000e+00,-1.000000000000000000e+00,-1.000000000000000000e+00,-1.000000000000000000e+00,-1.000000000000000000e+00,-1.000000000000000000e+00,-1.000000000000000000e+00,-1.000000000000000000e+00,-1.000000000000000000e+00,-1.000000000000000000e+00,-1.000000000000000000e+00,-1.000000000000000000e+00,-1.000000000000000000e+00,-1.000000000000000000e+00,-1.000000000000000000e+00,-1.000000000000000000e+00,-1.000000000000000000e+00,-1.000000000000000000e+00,-1.000000000000000000e+00,-1.000000000000000000e+00,-1.000000000000000000e+00,-1.000000000000000000e+00,-1.000000000000000000e+00,-1.000000000000000000e+00,-1.000000000000000000e+00,-1.000000000000000000e+00,-1.000000000000000000e+00,-1.000000000000000000e+00,-1.000000000000000000e+00,-1.000000000000000000e+00,-1.000000000000000000e+00,-1.000000000000000000e+00,-1.000000000000000000e+00,-1.000000000000000000e+00,-1.000000000000000000e+00,-1.000000000000000000e+00,-1.000000000000000000e+00,-1.000000000000000000e+00,-1.000000000000000000e+00,-1.000000000000000000e+00,-1.000000000000000000e+00,-1.000000000000000000e+00,-1.000000000000000000e+00,-1.000000000000000000e+00,-1.000000000000000000e+00,-1.000000000000000000e+00,-1.000000000000000000e+00,-1.000000000000000000e+00,-1.000000000000000000e+00
-1.000000000000000000e+00,-1.000000000000000000e+00,-1.000000000000000000e+00,-1.000000000000000000e+00,-1.000000000000000000e+00,-1.000000000000000000e+00,-1.000000000000000000e+00,-1.000000000000000000e+00,-1.000000000000000000e+00,-1.000000000000000000e+00,-1.000000000000000000e+00,-1.000000000000000000e+00,-1.000000000000000000e+00,-1.000000000000000000e+00,-1.000000000000000000e+00,-1.000000000000000000e+00,-1.000000000000000000e+00,-1.000000000000000000e+00,-1.000000000000000000e+00,-1.000000000000000000e+00,-1.000000000000000000e+00,-1.000000000000000000e+00,-1.000000000000000000e+00,-1.000000000000000000e+00,-1.000000000000000000e+00,-1.000000000000000000e+00,-1.000000000000000000e+00,-1.000000000000000000e+00,-1.000000000000000000e+00,-1.000000000000000000e+00,-1.000000000000000000e+00,-1.000000000000000000e+00,-1.000000000000000000e+00,-1.000000000000000000e+00,-1.000000000000000000e+00,-1.000000000000000000e+00,-1.000000000000000000e+00,-1.000000000000000000e+00,-1.000000000000000000e+00,-1.000000000000000000e+00,-1.000000000000000000e+00,-1.000000000000000000e+00,-1.000000000000000000e+00,-1.000000000000000000e+00,-1.000000000000000000e+00,-1.000000000000000000e+00,-1.000000000000000000e+00,-1.000000000000000000e+00,-1.000000000000000000e+00,-1.000000000000000000e+00,-1.000000000000000000e+00,-1.000000000000000000e+00,-1.000000000000000000e+00,-1.000000000000000000e+00,-1.812791361894604991e+00,-1.812826635184076052e+00,-1.812932444830957834e+00,-1.813108729939098440e+00,-1.813355211555541802e+00,-1.813670971772204599e+00,-1.814053505578688164e+00,-1.814496681431025493e+00,-1.814986528840879298e+00,-1.815492852997865558e+00,-1.815953131286014877e+00,-1.816242667494367469e+00,-1.816121218635883494e+00,-1.815140953902277143e+00,-1.812493561224000072e+00,-1.806766156148670976e+00,-1.795568705200940141e+00,-1.774996942302940584e+00,-1.738923278450014376e+00,-1.678212899655044721e+00,-1.580259775026188196e+00,-1.429973922593077873e+00,-1.214923090595158239e+00,-9.398247710782641207e-01,-6.557432695387717114e-01,-4.861682740919761603e-01,-4.861682745962546681e-01,-6.557432707796578830e-01,-9.398247723871421266e-01,-1.214923091453567139e+00,-1.429973922505652695e+00,-1.580259773604382856e+00,-1.678212896427542233e+00,-1.738923272645408247e+00,-1.774996932934741478e+00,-1.795568691396825844e+00,-1.806766137310549025e+00,-1.812493537139453492e+00,-1.815140924673566358e+00,-1.816121184635104413e+00,-1.816242629309871459e+00,-1.815953089840092405e+00,-1.815492809562969212e+00,-1.814986485173871955e+00,-1.814496639757634089e+00,-1.814053468525846480e+00,-1.813670942109457229e+00,-1.813355191736069072e+00,-1.813108722067784839e+00,-1.812932450469139312e+00,-1.812826653635860596e+00,-1.812791384821408780e+00,-1.000000000000000000e+00,-1.000000000000000000e+00,-1.000000000000000000e+00,-1.000000000000000000e+00,-1.000000000000000000e+00,-1.000000000000000000e+00,-1.000000000000000000e+00,-1.000000000000000000e+00,-1.000000000000000000e+00,-1.000000000000000000e+00,-1.000000000000000000e+00,-1.000000000000000000e+00,-1.000000000000000000e+00,-1.000000000000000000e+00,-1.000000000000000000e+00,-1.000000000000000000e+00,-1.000000000000000000e+00,-1.000000000000000000e+00,-1.000000000000000000e+00,-1.000000000000000000e+00,-1.000000000000000000e+00,-1.000000000000000000e+00,-1.000000000000000000e+00,-1.000000000000000000e+00,-1.000000000000000000e+00,-1.000000000000000000e+00,-1.000000000000000000e+00,-1.000000000000000000e+00,-1.000000000000000000e+00,-1.000000000000000000e+00,-1.000000000000000000e+00,-1.000000000000000000e+00,-1.000000000000000000e+00,-1.000000000000000000e+00,-1.000000000000000000e+00,-1.000000000000000000e+00,-1.000000000000000000e+00,-1.000000000000000000e+00,-1.000000000000000000e+00,-1.000000000000000000e+00,-1.000000000000000000e+00,-1.000000000000000000e+00,-1.000000000000000000e+00,-1.000000000000000000e+00,-1.000000000000000000e+00,-1.000000000000000000e+00,-1.000000000000000000e+00,-1.000000000000000000e+00,-1.000000000000000000e+00,-1.000000000000000000e+00,-1.000000000000000000e+00,-1.000000000000000000e+00,-1.000000000000000000e+00,-1.000000000000000000e+00
-1.000000000000000000e+00,-1.000000000000000000e+00,-1.000000000000000000e+00,-1.000000000000000000e+00,-1.000000000000000000e+00,-1.000000000000000000e+00,-1.000000000000000000e+00,-1.000000000000000000e+00,-1.000000000000000000e+00,-1.000000000000000000e+00,-1.000000000000000000e+00,-1.000000000000000000e+00,-1.000000000000000000e+00,-1.000000000000000000e+00,-1.000000000000000000e+00,-1.000000000000000000e+00,-1.000000000000000000e+00,-1.000000000000000000e+00,-1.000000000000000000e+00,-1.000000000000000000e+00,-1.000000000000000000e+00,-1.000000000000000000e+00,-1.000000000000000000e+00,-1.000000000000000000e+00,-1.000000000000000000e+00,-1.000000000000000000e+00,-1.000000000000000000e+00,-1.000000000000000000e+00,-1.000000000000000000e+00,-1.000000000000000000e+00,-1.000000000000000000e+00,-1.000000000000000000e+00,-1.000000000000000000e+00,-1.000000000000000000e+00,-1.000000000000000000e+00,-1.000000000000000000e+00,-1.000000000000000000e+00,-1.000000000000000000e+00,-1.000000000000000000e+00,-1.000000000000000000e+00,-1.000000000000000000e+00,-1.000000000000000000e+00,-1.000000000000000000e+00,-1.000000000000000000e+00,-1.000000000000000000e+00,-1.000000000000000000e+00,-1.000000000000000000e+00,-1.000000000000000000e+00,-1.000000000000000000e+00,-1.000000000000000000e+00,-1.000000000000000000e+00,-1.000000000000000000e+00,-1.000000000000000000e+00,-1.000000000000000000e+00,-1.815140400567438750e+00,-1.815174109817490500e+00,-1.815275309438859397e+00,-1.815444186665261750e+00,-1.815680882822865438e+00,-1.815985076853354530e+00,-1.816355035726542777e+00,-1.816785560667580679e+00,-1.817263743486341898e+00,-1.817760532093573245e+00,-1.818214565995800003e+00,-1.818502270843368240e+00,-1.818384449474382381e+00,-1.817414260751269550e+00,-1.814784441873643406e+00,-1.809083474346442788e+00,-1.797923448904860111e+00,-1.777403631088819935e+00,-1.741402189170779824e+00,-1.680793086494288158e+00,-1.582982314609533647e+00,-1.432893530190345599e+00,-1.218103610925780345e+00,-9.433196639255854166e-01,-6.595491002663358415e-01,-4.901586497808700926e-01,-4.901586511062177021e-01,-6.595491040260157423e-01,-9.433196695601757664e-01,-1.218103618047706505e+00,-1.432893538453746674e+00,-1.582982323768070687e+00,-1.680793096253538010e+00,-1.741402198896413678e+00,-1.777403639800716251e+00,-1.797923455675893178e+00,-1.809083478494034170e+00,-1.814784443143729886e+00,-1.817414259221266093e+00,-1.818384445499417579e+00,-1.818502264975084826e+00,-1.818214559085034043e+00,-1.817760525321023168e+00,-1.817263738456893929e+00,-1.816785559412490203e+00,-1.816355040656632669e+00,-1.815985090531357926e+00,-1.815680907444692904e+00,-1.815444224136712137e+00,-1.815275360960270090e+00,-1.815174174506448690e+00,-1.815140469614096919e+00,-1.000000000000000000e+00,-1.000000000000000000e+00,-1.000000000000000000e+00,-1.000000000000000000e+00,-1.000000000000000000e+00,-1.000000000000000000e+00,-1.000000000000000000e+00,-1.000000000000000000e+00,-1.000000000000000000e+00,-1.000000000000000000e+00,-1.000000000000000000e+00,-1.000000000000000000e+00,-1.000000000000000000e+00,-1.000000000000000000e+00,-1.000000000000000000e+00,-1.000000000000000000e+00,-1.000000000000000000e+00,-1.000000000000000000e+00,-1.000000000000000000e+00,-1.000000000000000000e+00,-1.000000000000000000e+00,-1.000000000000000000e+00,-1.000000000000000000e+00,-1.000000000000000000e+00,-1.000000000000000000e+00,-1.000000000000000000e+00,-1.000000000000000000e+00,-1.000000000000000000e+00,-1.000000000000000000e+00,-1.000000000000000000e+00,-1.000000000000000000e+00,-1.000000000000000000e+00,-1.000000000000000000e+00,-1.000000000000000000e+00,-1.000000000000000000e+00,-1.000000000000000000e+00,-1.000000000000000000e+00,-1.000000000000000000e+00,-1.000000000000000000e+00,-1.000000000000000000e+00,-1.000000000000000000e+00,-1.000000000000000000e+00,-1.000000000000000000e+00,-1.000000000000000000e+00,-1.000000000000000000e+00,-1.000000000000000000e+00,-1.000000000000000000e+00,-1.000000000000000000e+00,-1.000000000000000000e+00,-1.000000000000000000e+00,-1.000000000000000000e+00,-1.000000000000000000e+00,-1.000000000000000000e+00,-1.000000000000000000e+00
-1.000000000000000000e+00,-1.000000000000000000e+00,-1.000000000000000000e+00,-1.000000000000000000e+00,-1.000000000000000000e+00,-1.000000000000000000e+00,-1.000000000000000000e+00,-1.000000000000000000e+00,-1.000000000000000000e+00,-1.000000000000000000e+00,-1.000000000000000000e+00,-1.000000000000000000e+00,-1.000000000000000000e+00,-1.000000000000000000e+00,-1.000000000000000000e+00,-1.000000000000000000e+00,-1.000000000000000000e+00,-1.000000000000000000e+00,-1.000000000000000000e+00,-1.000000000000000000e+00,-1.000000000000000000e+00,-1.000000000000000000e+00,-1.000000000000000000e+00,-1.000000000000000000e+00,-1.000000000000000000e+00,-1.000000000000000000e+00,-1.000000000000000000e+00,-1.000000000000000000e+00,-1.000000000000000000e+00,-1.000000000000000000e+00,-1.000000000000000000e+00,-1.000000000000000000e+00,-1.000000000000000000e+00,-1.000000000000000000e+00,-1.000000000000000000e+00,-1.000000000000000000e+00,-1.000000000000000000e+00,-1.000000000000000000e+00,-1.000000000000000000e+00,-1.000000000000000000e+00,-1.000000000000000000e+00,-1.000000000000000000e+00,-1.000000000000000000e+00,-1.000000000000000000e+00,-1.000000000000000000e+00,-1.000000000000000000e+00,-1.000000000000000000e+00,-1.000000000000000000e+00,-1.000000000000000000e+00,-1.000000000000000000e+00,-1.000000000000000000e+00,-1.000000000000000000e+00,-1.000000000000000000e+00,-1.000000000000000000e+00,-1.817445678521091734e+00,-1.817476579272929715e+00,-1.817569477909673825e+00,-1.817724940319626281e+00,-1.817943754653063682e+00,-1.818226529667263947e+00,-1.818572751006723554e+00,-1.818978712200985282e+00,-1.819433225263706877e+00,-1.819909106159754986e+00,-1.820346901714775312e+00,-1.820624864210663052e+00,-1.820505441479476572e+00,-1.819543216069670066e+00,-1.816932200684938437e+00,-1.811262244567491297e+00,-1.800147354236671493e+00,-1.779689951961774597e+00,-1.743773487070989558e+00,-1.683280193326704310e+00,-1.585627598461754051e+00,-1.435752525815617187e+00,-1.221240402309060613e+00,-9.467869465326274048e-01,-6.633407204211856367e-01,-4.941423128761769368e-01,-4.941423150028704248e-01,-6.633407266585784612e-01,-9.467869564598914156e-01,-1.221240415699294646e+00,-1.435752542485931205e+00,-1.585627618290870178e+00,-1.683280216215402358e+00,-1.743773512570371054e+00,-1.779689979169781777e+00,-1.800147382203339586e+00,-1.811262272575101973e+00,-1.816932228456581200e+00,-1.819543243696320589e+00,-1.820505469298014489e+00,-1.820624892742059853e+00,-1.820346931713909155e+00,-1.819909138692324291e+00,-1.819433261754384246e+00,-1.818978754419075416e+00,-1.818572801049594290e+00,-1.818226589781006597e+00,-1.817943826706066357e+00,-1.817725025928723870e+00,-1.817569577832867767e+00,-1.817476692385119108e+00,-1.817445795738946490e+00,-1.000000000000000000e+00,-1.000000000000000000e+00,-1.000000000000000000e+00,-1.000000000000000000e+00,-1.000000000000000000e+00,-1.000000000000000000e+00,-1.000000000000000000e+00,-1.000000000000000000e+00,-1.000000000000000000e+00,-1.000000000000000000e+00,-1.000000000000000000e+00,-1.000000000000000000e+00,-1.000000000000000000e+00,-1.000000000000000000e+00,-1.000000000000000000e+00,-1.000000000000000000e+00,-1.000000000000000000e+00,-1.000000000000000000e+00,-1.000000000000000000e+00,-1.000000000000000000e+00,-1.000000000000000000e+00,-1.000000000000000000e+00,-1.000000000000000000e+00,-1.000000000000000000e+00,-1.000000000000000000e+00,-1.000000000000000000e+00,-1.000000000000000000e+00,-1.000000000000000000e+00,-1.000000000000000000e+00,-1.000000000000000000e+00,-1.000000000000000000e+00,-1.000000000000000000e+00,-1.000000000000000000e+00,-1.000000000000000000e+00,-1.000000000000000000e+00,-1.000000000000000000e+00,-1.000000000000000000e+00,-1.000000000000000000e+00,-1.000000000000000000e+00,-1.000000000000000000e+00,-1.000000000000000000e+00,-1.000000000000000000e+00,-1.000000000000000000e+00,-1.000000000000000000e+00,-1.000000000000000000e+00,-1.000000000000000000e+00,-1.000000000000000000e+00,-1.000000000000000000e+00,-1.000000000000000000e+00,-1.000000000000000000e+00,-1.000000000000000000e+00,-1.000000000000000000e+00,-1.000000000000000000e+00,-1.000000000000000000e+00
-1.000000000000000000e+00,-1.000000000000000000e+00,-1.000000000000000000e+00,-1.000000000000000000e+00,-1.000000000000000000e+00,-1.000000000000000000e+00,-1.000000000000000000e+00,-1.000000000000000000e+00,-1.000000000000000000e+00,-1.000000000000000000e+00,-1.000000000000000000e+00,-1.000000000000000000e+00,-1.000000000000000000e+00,-1.000000000000000000e+00,-1.000000000000000000e+00,-1.000000000000000000e+00,-1.000000000000000000e+00,-1.000000000000000000e+00,-1.000000000000000000e+00,-1.000000000000000000e+00,-1.000000000000000000e+00,-1.000000000000000000e+00,-1.000000000000000000e+00,-1.000000000000000000e+00,-1.000000000000000000e+00,-1.000000000000000000e+00,-1.000000000000000000e+00,-1.000000000000000000e+00,-1.000000000000000000e+00,-1.000000000000000000e+00,-1.000000000000000000e+00,-1.000000000000000000e+00,-1.000000000000000000e+00,-1.000000000000000000e+00,-1.000000000000000000e+00,-1.000000000000000000e+00,-1.000000000000000000e+00,-1.000000000000000000e+00,-1.000000000000000000e+00,-1.000000000000000000e+00,-1.000000000000000000e+00,-1.000000000000000000e+00,-1.000000000000000000e+00,-1.000000000000000000e+00,-1.000000000000000000e+00,-1.000000000000000000e+00,-1.000000000000000000e+00,-1.000000000000000000e+00,-1.000000000000000000e+00,-1.000000000000000000e+00,-1.000000000000000000e+00,-1.000000000000000000e+00,-1.000000000000000000e+00,-1.000000000000000000e+00,-1.819677666725912912e+00,-1.819703824236756251e+00,-1.819782676159339418e+00,-1.819915348948090372e+00,-1.820103599292299368e+00,-1.820349449384041751e+00,-1.820654267579399077e+00,-1.821016689866351568e+00,-1.821428267778100629e+00,-1.821864828142318871e+00,-1.822270015770450557e+00,-1.822525048375201351e+00,-1.822394994885309760e+00,-1.821436571157321271e+00,-1.818845431296760129e+00,-1.813212779694759691e+00,-1.802154163635375728e+00,-1.781774489399001737e+00,-1.745961617452279402e+00,-1.685605098009101299e+00,-1.588133050042195293e+00,-1.438494555718789814e+00,-1.224282621081500988e+00,-9.501802401399054299e-01,-6.670748993994173315e-01,-4.980776596469965734e-01,-4.980776625561198490e-01,-6.670749080772686579e-01,-9.501802543382418254e-01,-1.224282640760623764e+00,-1.438494580871173323e+00,-1.588133080658045815e+00,-1.685605134183864262e+00,-1.745961658959183094e+00,-1.781774535481027710e+00,-1.802154213354997925e+00,-1.813212832344272885e+00,-1.818845486595072058e+00,-1.821436629234775451e+00,-1.822395056076536290e+00,-1.822525113168528721e+00,-1.822270084817892766e+00,-1.821864902367164252e+00,-1.821428348404850350e+00,-1.821016778351153942e+00,-1.820654365595990587e+00,-1.820349558742750062e+00,-1.820103721466157953e+00,-1.819915485142782341e+00,-1.819782826622268868e+00,-1.819703987535663980e+00,-1.819677833741436102e+00,-1.000000000000000000e+00,-1.000000000000000000e+00,-1.000000000000000000e+00,-1.000000000000000000e+00,-1.000000000000000000e+00,-1.000000000000000000e+00,-1.000000000000000000e+00,-1.000000000000000000e+00,-1.000000000000000000e+00,-1.000000000000000000e+00,-1.000000000000000000e+00,-1.000000000000000000e+00,-1.000000000000000000e+00,-1.000000000000000000e+00,-1.000000000000000000e+00,-1.000000000000000000e+00,-1.000000000000000000e+00,-1.000000000000000000e+00,-1.000000000000000000e+00,-1.000000000000000000e+00,-1.000000000000000000e+00,-1.000000000000000000e+00,-1.000000000000000000e+00,-1.000000000000000000e+00,-1.000000000000000000e+00,-1.000000000000000000e+00,-1.000000000000000000e+00,-1.000000000000000000e+00,-1.000000000000000000e+00,-1.000000000000000000e+00,-1.000000000000000000e+00,-1.000000000000000000e+00,-1.000000000000000000e+00,-1.000000000000000000e+00,-1.000000000000000000e+00,-1.000000000000000000e+00,-1.000000000000000000e+00,-1.000000000000000000e+00,-1.000000000000000000e+00,-1.000000000000000000e+00,-1.000000000000000000e+00,-1.000000000000000000e+00,-1.000000000000000000e+00,-1.000000000000000000e+00,-1.000000000000000000e+00,-1.000000000000000000e+00,-1.000000000000000000e+00,-1.000000000000000000e+00,-1.000000000000000000e+00,-1.000000000000000000e+00,-1.000000000000000000e+00,-1.000000000000000000e+00,-1.000000000000000000e+00,-1.000000000000000000e+00
-1.000000000000000000e+00,-1.000000000000000000e+00,-1.000000000000000000e+00,-1.000000000000000000e+00,-1.000000000000000000e+00,-1.000000000000000000e+00,-1.000000000000000000e+00,-1.000000000000000000e+00,-1.000000000000000000e+00,-1.000000000000000000e+00,-1.000000000000000000e+00,-1.000000000000000000e+00,-1.000000000000000000e+00,-1.000000000000000000e+00,-1.000000000000000000e+00,-1.000000000000000000e+00,-1.000000000000000000e+00,-1.000000000000000000e+00,-1.000000000000000000e+00,-1.000000000000000000e+00,-1.000000000000000000e+00,-1.000000000000000000e+00,-1.000000000000000000e+00,-1.000000000000000000e+00,-1.000000000000000000e+00,-1.000000000000000000e+00,-1.000000000000000000e+00,-1.000000000000000000e+00,-1.000000000000000000e+00,-1.000000000000000000e+00,-1.000000000000000000e+00,-1.000000000000000000e+00,-1.000000000000000000e+00,-1.000000000000000000e+00,-1.000000000000000000e+00,-1.000000000000000000e+00,-1.000000000000000000e+00,-1.000000000000000000e+00,-1.000000000000000000e+00,-1.000000000000000000e+00,-1.000000000000000000e+00,-1.000000000000000000e+00,-1.000000000000000000e+00,-1.000000000000000000e+00,-1.000000000000000000e+00,-1.000000000000000000e+00,-1.000000000000000000e+00,-1.000000000000000000e+00,-1.000000000000000000e+00,-1.000000000000000000e+00,-1.000000000000000000e+00,-1.000000000000000000e+00,-1.000000000000000000e+00,-1.000000000000000000e+00,-1.821797473004216128e+00,-1.821815916604168084e+00,-1.821871887432145787e+00,-1.821967317407187537e+00,-1.822105376134189658e+00,-1.822290187278399642e+00,-1.822525974650699654e+00,-1.822814995323079668e+00,-1.823153108663634558e+00,-1.823520944468177918e+00,-1.823867141960195726e+00,-1.824077720670352010e+00,-1.823921959350804700e+00,-1.822959868832216390e+00,-1.820389342224054019e+00,-1.814802906450225350e+00,-1.803817005864916778e+00,-1.783537876863252380e+00,-1.747856287944243636e+00,-1.687667438605720438e+00,-1.590408370660399084e+00,-1.441038840170564495e+00,-1.227157868775312632e+00,-9.534338977372222024e-01,-6.706907246020534785e-01,-5.019062155239154555e-01,-5.019062192036300996e-01,-6.706907356948782484e-01,-9.534339161986367106e-01,-1.227157894777295866e+00,-1.441038873898283112e+00,-1.590408412210168709e+00,-1.687667488244313230e+00,-1.747856345696512603e+00,-1.783537942173650581e+00,-1.803817077854798168e+00,-1.814802984438516731e+00,-1.820389425948470530e+00,-1.822959958471932707e+00,-1.823922055267760189e+00,-1.824077823313269731e+00,-1.823867251888599217e+00,-1.823521062455405017e+00,-1.823153235703089736e+00,-1.822815132510075653e+00,-1.822526123131582576e+00,-1.822290348297450846e+00,-1.822105550700716892e+00,-1.821967506194651421e+00,-1.821872090115387310e+00,-1.821816131387356652e+00,-1.821797690985709650e+00,-1.000000000000000000e+00,-1.000000000000000000e+00,-1.000000000000000000e+00,-1.000000000000000000e+00,-1.000000000000000000e+00,-1.000000000000000000e+00,-1.000000000000000000e+00,-1.000000000000000000e+00,-1.000000000000000000e+00,-1.000000000000000000e+00,-1.000000000000000000e+00,-1.000000000000000000e+00,-1.000000000000000000e+00,-1.000000000000000000e+00,-1.000000000000000000e+00,-1.000000000000000000e+00,-1.000000000000000000e+00,-1.000000000000000000e+00,-1.000000000000000000e+00,-1.000000000000000000e+00,-1.000000000000000000e+00,-1.000000000000000000e+00,-1.000000000000000000e+00,-1.000000000000000000e+00,-1.000000000000000000e+00,-1.000000000000000000e+00,-1.000000000000000000e+00,-1.000000000000000000e+00,-1.000000000000000000e+00,-1.000000000000000000e+00,-1.000000000000000000e+00,-1.000000000000000000e+00,-1.000000000000000000e+00,-1.000000000000000000e+00,-1.000000000000000000e+00,-1.000000000000000000e+00,-1.000000000000000000e+00,-1.000000000000000000e+00,-1.000000000000000000e+00,-1.000000000000000000e+00,-1.000000000000000000e+00,-1.000000000000000000e+00,-1.000000000000000000e+00,-1.000000000000000000e+00,-1.000000000000000000e+00,-1.000000000000000000e+00,-1.000000000000000000e+00,-1.000000000000000000e+00,-1.000000000000000000e+00,-1.000000000000000000e+00,-1.000000000000000000e+00,-1.000000000000000000e+00,-1.000000000000000000e+00,-1.000000000000000000e+00
-1.000000000000000000e+00,-1.000000000000000000e+00,-1.000000000000000000e+00,-1.000000000000000000e+00,-1.000000000000000000e+00,-1.000000000000000000e+00,-1.000000000000000000e+00,-1.000000000000000000e+00,-1.000000000000000000e+00,-1.000000000000000000e+00,-1.000000000000000000e+00,-1.000000000000000000e+00,-1.000000000000000000e+00,-1.000000000000000000e+00,-1.000000000000000000e+00,-1.000000000000000000e+00,-1.000000000000000000e+00,-1.000000000000000000e+00,-1.000000000000000000e+00,-1.000000000000000000e+00,-1.000000000000000000e+00,-1.000000000000000000e+00,-1.000000000000000000e+00,-1.000000000000000000e+00,-1.000000000000000000e+00,-1.000000000000000000e+00,-1.000000000000000000e+00,-1.000000000000000000e+00,-1.000000000000000000e+00,-1.000000000000000000e+00,-1.000000000000000000e+00,-1.000000000000000000e+00,-1.000000000000000000e+00,-1.000000000000000000e+00,-1.000000000000000000e+00,-1.000000000000000000e+00,-1.000000000000000000e+00,-1.000000000000000000e+00,-1.000000000000000000e+00,-1.000000000000000000e+00,-1.000000000000000000e+00,-1.000000000000000000e+00,-1.000000000000000000e+00,-1.000000000000000000e+00,-1.000000000000000000e+00,-1.000000000000000000e+00,-1.000000000000000000e+00,-1.000000000000000000e+00,-1.000000000000000000e+00,-1.000000000000000000e+00,-1.000000000000000000e+00,-1.000000000000000000e+00,-1.000000000000000000e+00,-1.000000000000000000e+00,-1.823754132051007559e+00,-1.823760349968022165e+00,-1.823780001932109318e+00,-1.823816139929967717e+00,-1.823873938813268980e+00,-1.823960578436559121e+00,-1.824084539384095205e+00,-1.824253601843736750e+00,-1.824470328774161487e+00,-1.824722950195102555e+00,-1.824968111301586093e+00,-1.825099589403653910e+00,-1.824893456846434336e+00,-1.823914922408296890e+00,-1.821365100382468016e+00,-1.815837781040487542e+00,-1.804949229813510581e+00,-1.784805083615781829e+00,-1.749296500228687323e+00,-1.689321527199757700e+00,-1.592323324163268605e+00,-1.443269688832854225e+00,-1.229763195393899000e+00,-9.564551776884734346e-01,-6.741025784240541885e-01,-5.055460201770728412e-01,-5.055460246383198797e-01,-6.741025919425922552e-01,-9.564552004242173888e-01,-1.229763227760035660e+00,-1.443269731237155851e+00,-1.592323376819150926e+00,-1.689321590500148407e+00,-1.749296574471446153e+00,-1.784805168488579508e+00,-1.804949324550056078e+00,-1.815837884978263261e+00,-1.821365213296215702e+00,-1.823915044527169460e+00,-1.824893588586282700e+00,-1.825099731183855267e+00,-1.824968263591539408e+00,-1.824723113618801351e+00,-1.824470504067662757e+00,-1.824253789691776317e+00,-1.824084740330099041e+00,-1.823960793036826900e+00,-1.823874167526974954e+00,-1.823816382793572499e+00,-1.823780258001062915e+00,-1.823760617065972367e+00,-1.823754401714758000e+00,-1.000000000000000000e+00,-1.000000000000000000e+00,-1.000000000000000000e+00,-1.000000000000000000e+00,-1.000000000000000000e+00,-1.000000000000000000e+00,-1.000000000000000000e+00,-1.000000000000000000e+00,-1.000000000000000000e+00,-1.000000000000000000e+00,-1.000000000000000000e+00,-1.000000000000000000e+00,-1.000000000000000000e+00,-1.000000000000000000e+00,-1.000000000000000000e+00,-1.000000000000000000e+00,-1.000000000000000000e+00,-1.000000000000000000e+00,-1.000000000000000000e+00,-1.000000000000000000e+00,-1.000000000000000000e+00,-1.000000000000000000e+00,-1.000000000000000000e+00,-1.000000000000000000e+00,-1.000000000000000000e+00,-1.000000000000000000e+00,-1.000000000000000000e+00,-1.000000000000000000e+00,-1.000000000000000000e+00,-1.000000000000000000e+00,-1.000000000000000000e+00,-1.000000000000000000e+00,-1.000000000000000000e+00,-1.000000000000000000e+00,-1.000000000000000000e+00,-1.000000000000000000e+00,-1.000000000000000000e+00,-1.000000000000000000e+00,-1.000000000000000000e+00,-1.000000000000000000e+00,-1.000000000000000000e+00,-1.000000000000000000e+00,-1.000000000000000000e+00,-1.000000000000000000e+00,-1.000000000000000000e+00,-1.000000000000000000e+00,-1.000000000000000000e+00,-1.000000000000000000e+00,-1.000000000000000000e+00,-1.000000000000000000e+00,-1.000000000000000000e+00,-1.000000000000000000e+00,-1.000000000000000000e+00,-1.000000000000000000e+00
-1.000000000000000000e+00,-1.000000000000000000e+00,-1.000000000000000000e+00,-1.000000000000000000e+00,-1.000000000000000000e+00,-1.000000000000000000e+00,-1.000000000000000000e+00,-1.000000000000000000e+00,-1.000000000000000000e+00,-1.000000000000000000e+00,-1.000000000000000000e+00,-1.000000000000000000e+00,-1.000000000000000000e+00,-1.000000000000000000e+00,-1.000000000000000000e+00,-1.000000000000000000e+00,-1.000000000000000000e+00,-1.000000000000000000e+00,-1.000000000000000000e+00,-1.000000000000000000e+00,-1.000000000000000000e+00,-1.000000000000000000e+00,-1.000000000000000000e+00,-1.000000000000000000e+00,-1.000000000000000000e+00,-1.000000000000000000e+00,-1.000000000000000000e+00,-1.000000000000000000e+00,-1.000000000000000000e+00,-1.000000000000000000e+00,-1.000000000000000000e+00,-1.000000000000000000e+00,-1.000000000000000000e+00,-1.000000000000000000e+00,-1.000000000000000000e+00,-1.000000000000000000e+00,-1.000000000000000000e+00,-1.000000000000000000e+00,-1.000000000000000000e+00,-1.000000000000000000e+00,-1.000000000000000000e+00,-1.000000000000000000e+00,-1.000000000000000000e+00,-1.000000000000000000e+00,-1.000000000000000000e+00,-1.000000000000000000e+00,-1.000000000000000000e+00,-1.000000000000000000e+00,-1.000000000000000000e+00,-1.000000000000000000e+00,-1.000000000000000000e+00,-1.000000000000000000e+00,-1.000000000000000000e+00,-1.000000000000000000e+00,-1.825481344207621648e+00,-1.825468554488202999e+00,-1.825431654247549051e+00,-1.825375192415995995e+00,-1.825307100715148678e+00,-1.825238898413644062e+00,-1.825185301599018484e+00,-1.825162407675076981e+00,-1.825183113814209834e+00,-1.825247593883611685e+00,-1.825325265354952986e+00,-1.825322411150127166e+00,-1.825026094128554321e+00,-1.824009838163564323e+00,-1.821479598936318833e+00,-1.816030338774768937e+00,-1.805276375547151257e+00,-1.785319571245408854e+00,-1.750047331571084941e+00,-1.690355955711000835e+00,-1.593690139363779013e+00,-1.445021478637820378e+00,-1.231952281371646141e+00,-9.591131521725984044e-01,-6.771902279009133219e-01,-5.088823159047990430e-01,-5.088823211681117176e-01,-6.771902438832781979e-01,-9.591131792281138990e-01,-1.231952320174594551e+00,-1.445021529828747431e+00,-1.593690203307053022e+00,-1.690356032875508507e+00,-1.750047422533892005e+00,-1.785319675976363429e+00,-1.805276493437361740e+00,-1.816030469176563411e+00,-1.821479741658278639e+00,-1.824009993485484316e+00,-1.825026262517787545e+00,-1.825322593021049045e+00,-1.825325461084106093e+00,-1.825247803936551394e+00,-1.825183338665300026e+00,-1.825162647565145235e+00,-1.825185556400661380e+00,-1.825239167906700599e+00,-1.825307384732761218e+00,-1.825375490265938039e+00,-1.825431964334816914e+00,-1.825468874306421130e+00,-1.825481665877121795e+00,-1.000000000000000000e+00,-1.000000000000000000e+00,-1.000000000000000000e+00,-1.000000000000000000e+00,-1.000000000000000000e+00,-1.000000000000000000e+00,-1.000000000000000000e+00,-1.000000000000000000e+00,-1.000000000000000000e+00,-1.000000000000000000e+00,-1.000000000000000000e+00,-1.000000000000000000e+00,-1.000000000000000000e+00,-1.000000000000000000e+00,-1.000000000000000000e+00,-1.000000000000000000e+00,-1.000000000000000000e+00,-1.000000000000000000e+00,-1.000000000000000000e+00,-1.000000000000000000e+00,-1.000000000000000000e+00,-1.000000000000000000e+00,-1.000000000000000000e+00,-1.000000000000000000e+00,-1.000000000000000000e+00,-1.000000000000000000e+00,-1.000000000000000000e+00,-1.000000000000000000e+00,-1.000000000000000000e+00,-1.000000000000000000e+00,-1.000000000000000000e+00,-1.000000000000000000e+00,-1.000000000000000000e+00,-1.000000000000000000e+00,-1.000000000000000000e+00,-1.000000000000000000e+00,-1.000000000000000000e+00,-1.000000000000000000e+00,-1.000000000000000000e+00,-1.000000000000000000e+00,-1.000000000000000000e+00,-1.000000000000000000e+00,-1.000000000000000000e+00,-1.000000000000000000e+00,-1.000000000000000000e+00,-1.000000000000000000e+00,-1.000000000000000000e+00,-1.000000000000000000e+00,-1.000000000000000000e+00,-1.000000000000000000e+00,-1.000000000000000000e+00,-1.000000000000000000e+00,-1.000000000000000000e+00,-1.000000000000000000e+00
-1.000000000000000000e+00,-1.000000000000000000e+00,-1.000000000000000000e+00,-1.000000000000000000e+00,-1.000000000000000000e+00,-1.000000000000000000e+00,-1.000000000000000000e+00,-1.000000000000000000e+00,-1.000000000000000000e+00,-1.000000000000000000e+00,-1.000000000000000000e+00,-1.000000000000000000e+00,-1.000000000000000000e+00,-1.000000000000000000e+00,-1.000000000000000000e+00,-1.000000000000000000e+00,-1.000000000000000000e+00,-1.000000000000000000e+00,-1.000000000000000000e+00,-1.000000000000000000e+00,-1.000000000000000000e+00,-1.000000000000000000e+00,-1.000000000000000000e+00,-1.000000000000000000e+00,-1.000000000000000000e+00,-1.000000000000000000e+00,-1.000000000000000000e+00,-1.000000000000000000e+00,-1.000000000000000000e+00,-1.000000000000000000e+00,-1.000000000000000000e+00,-1.000000000000000000e+00,-1.000000000000000000e+00,-1.000000000000000000e+00,-1.000000000000000000e+00,-1.000000000000000000e+00,-1.000000000000000000e+00,-1.000000000000000000e+00,-1.000000000000000000e+00,-1.000000000000000000e+00,-1.000000000000000000e+00,-1.000000000000000000e+00,-1.000000000000000000e+00,-1.000000000000000000e+00,-1.000000000000000000e+00,-1.000000000000000000e+00,-1.000000000000000000e+00,-1.000000000000000000e+00,-1.000000000000000000e+00,-1.000000000000000000e+00,-1.000000000000000000e+00,-1.000000000000000000e+00,-1.000000000000000000e+00,-1.000000000000000000e+00,-1.826893706149891328e+00,-1.826851820795297288e+00,-1.826728214883402757e+00,-1.826529334657286840e+00,-1.826266753778405860e+00,-1.825957982864628848e+00,-1.825626698750327792e+00,-1.825301359688978220e+00,-1.825010647412426135e+00,-1.824773382465346483e+00,-1.824579265635204006e+00,-1.824354688217398435e+00,-1.823904506396427649e+00,-1.822815659382017284e+00,-1.820301620925851127e+00,-1.814958402483024091e+00,-1.804395503046718030e+00,-1.784705844765464011e+00,-1.749766362801960184e+00,-1.690464187677588992e+00,-1.594238210621742313e+00,-1.446057122371644965e+00,-1.233517116871441832e+00,-9.612228914265905644e-01,-6.797847172609309263e-01,-5.117543043753656207e-01,-5.117543104742573457e-01,-6.797847357924737821e-01,-9.612229228980574414e-01,-1.233517162214355478e+00,-1.446057182456810697e+00,-1.594238286023580198e+00,-1.690464278898284878e+00,-1.749766470662147855e+00,-1.784705969571451334e+00,-1.804395644390749398e+00,-1.814958559744366040e+00,-1.820301793910650501e+00,-1.822815848418994689e+00,-1.823904711984149829e+00,-1.824354910760120019e+00,-1.824579505421974446e+00,-1.824773639798735303e+00,-1.825010922500085231e+00,-1.825301652325963087e+00,-1.825627008091970538e+00,-1.825958307859654850e+00,-1.826267093578068934e+00,-1.826529687790631629e+00,-1.826728579108480188e+00,-1.826852193373882827e+00,-1.826894079827653616e+00,-1.000000000000000000e+00,-1.000000000000000000e+00,-1.000000000000000000e+00,-1.000000000000000000e+00,-1.000000000000000000e+00,-1.000000000000000000e+00,-1.000000000000000000e+00,-1.000000000000000000e+00,-1.000000000000000000e+00,-1.000000000000000000e+00,-1.000000000000000000e+00,-1.000000000000000000e+00,-1.000000000000000000e+00,-1.000000000000000000e+00,-1.000000000000000000e+00,-1.000000000000000000e+00,-1.000000000000000000e+00,-1.000000000000000000e+00,-1.000000000000000000e+00,-1.000000000000000000e+00,-1.000000000000000000e+00,-1.000000000000000000e+00,-1.000000000000000000e+00,-1.000000000000000000e+00,-1.000000000000000000e+00,-1.000000000000000000e+00,-1.000000000000000000e+00,-1.000000000000000000e+00,-1.000000000000000000e+00,-1.000000000000000000e+00,-1.000000000000000000e+00,-1.000000000000000000e+00,-1.000000000000000000e+00,-1.000000000000000000e+00,-1.000000000000000000e+00,-1.000000000000000000e+00,-1.000000000000000000e+00,-1.000000000000000000e+00,-1.000000000000000000e+00,-1.000000000000000000e+00,-1.000000000000000000e+00,-1.000000000000000000e+00,-1.000000000000000000e+00,-1.000000000000000000e+00,-1.000000000000000000e+00,-1.000000000000000000e+00,-1.000000000000000000e+00,-1.000000000000000000e+00,-1.000000000000000000e+00,-1.000000000000000000e+00,-1.000000000000000000e+00,-1.000000000000000000e+00,-1.000000000000000000e+00,-1.000000000000000000e+00
-1.000000000000000000e+00,-1.000000000000000000e+00,-1.000000000000000000e+00,-1.000000000000000000e+00,-1.000000000000000000e+00,-1.000000000000000000e+00,-1.000000000000000000e+00,-1.000000000000000000e+00,-1.000000000000000000e+00,-1.000000000000000000e+00,-1.000000000000000000e+00,-1.000000000000000000e+00,-1.000000000000000000e+00,-1.000000000000000000e+00,-1.000000000000000000e+00,-1.000000000000000000e+00,-1.000000000000000000e+00,-1.000000000000000000e+00,-1.000000000000000000e+00,-1.000000000000000000e+00,-1.000000000000000000e+00,-1.000000000000000000e+00,-1.000000000000000000e+00,-1.000000000000000000e+00,-1.000000000000000000e+00,-1.000000000000000000e+00,-1.000000000000000000e+00,-1.000000000000000000e+00,-1.000000000000000000e+00,-1.000000000000000000e+00,-1.000000000000000000e+00,-1.000000000000000000e+00,-1.000000000000000000e+00,-1.000000000000000000e+00,-1.000000000000000000e+00,-1.000000000000000000e+00,-1.000000000000000000e+00,-1.000000000000000000e+00,-1.000000000000000000e+00,-1.000000000000000000e+00,-1.000000000000000000e+00,-1.000000000000000000e+00,-1.000000000000000000e+00,-1.000000000000000000e+00,-1.000000000000000000e+00,-1.000000000000000000e+00,-1.000000000000000000e+00,-1.000000000000000000e+00,-1.000000000000000000e+00,-1.000000000000000000e+00,-1.000000000000000000e+00,-1.000000000000000000e+00,-1.000000000000000000e+00,-1.000000000000000000e+00,-1.827882606132957166e+00,-1.827796788039535603e+00,-1.827542034060551046e+00,-1.827127011755468544e+00,-1.826567850257402537e+00,-1.825890048106439734e+00,-1.825129876546630836e+00,-1.824333900027490074e+00,-1.823554673153952255e+00,-1.822839925426116725e+00,-1.822211409525215320e+00,-1.821627746268982495e+00,-1.820922574020996887e+00,-1.819704570955346101e+00,-1.817199148123159747e+00,-1.812003229082314038e+00,-1.801716882612347748e+00,-1.782415774726352709e+00,-1.747955592227220523e+00,-1.689202472537134181e+00,-1.593577916248250403e+00,-1.446037281213575998e+00,-1.234161792628465593e+00,-9.625228136069807761e-01,-6.816481378483352227e-01,-5.139361384361762486e-01,-5.139361454210252811e-01,-6.816481590625137477e-01,-9.625228496440577652e-01,-1.234161844649864337e+00,-1.446037350298925661e+00,-1.593578003228432127e+00,-1.689202577954396434e+00,-1.747955717076236315e+00,-1.782415919703758789e+00,-1.801717047563424545e+00,-1.812003413431608978e+00,-1.817199351627137416e+00,-1.819704793959744604e+00,-1.820922817036989327e+00,-1.821628009655632763e+00,-1.822211693490607853e+00,-1.822840230128103034e+00,-1.823554998501162316e+00,-1.824334245346013628e+00,-1.825130240299825513e+00,-1.825890428438337709e+00,-1.826568245589812678e+00,-1.827127419839500888e+00,-1.827542452077704827e+00,-1.827797213117865027e+00,-1.827883031591134966e+00,-1.000000000000000000e+00,-1.000000000000000000e+00,-1.000000000000000000e+00,-1.000000000000000000e+00,-1.000000000000000000e+00,-1.000000000000000000e+00,-1.000000000000000000e+00,-1.000000000000000000e+00,-1.000000000000000000e+00,-1.000000000000000000e+00,-1.000000000000000000e+00,-1.000000000000000000e+00,-1.000000000000000000e+00,-1.000000000000000000e+00,-1.000000000000000000e+00,-1.000000000000000000e+00,-1.000000000000000000e+00,-1.000000000000000000e+00,-1.000000000000000000e+00,-1.000000000000000000e+00,-1.000000000000000000e+00,-1.000000000000000000e+00,-1.000000000000000000e+00,-1.000000000000000000e+00,-1.000000000000000000e+00,-1.000000000000000000e+00,-1.000000000000000000e+00,-1.000000000000000000e+00,-1.000000000000000000e+00,-1.000000000000000000e+00,-1.000000000000000000e+00,-1.000000000000000000e+00,-1.000000000000000000e+00,-1.000000000000000000e+00,-1.000000000000000000e+00,-1.000000000000000000e+00,-1.000000000000000000e+00,-1.000000000000000000e+00,-1.000000000000000000e+00,-1.000000000000000000e+00,-1.000000000000000000e+00,-1.000000000000000000e+00,-1.000000000000000000e+00,-1.000000000000000000e+00,-1.000000000000000000e+00,-1.000000000000000000e+00,-1.000000000000000000e+00,-1.000000000000000000e+00,-1.000000000000000000e+00,-1.000000000000000000e+00,-1.000000000000000000e+00,-1.000000000000000000e+00,-1.000000000000000000e+00,-1.000000000000000000e+00
-1.000000000000000000e+00,-1.000000000000000000e+00,-1.000000000000000000e+00,-1.000000000000000000e+00,-1.000000000000000000e+00,-1.000000000000000000e+00,-1.000000000000000000e+00,-1.000000000000000000e+00,-1.000000000000000000e+00,-1.000000000000000000e+00,-1.000000000000000000e+00,-1.000000000000000000e+00,-1.000000000000000000e+00,-1.000000000000000000e+00,-1.000000000000000000e+00,-1.000000000000000000e+00,-1.000000000000000000e+00,-1.000000000000000000e+00,-1.000000000000000000e+00,-1.000000000000000000e+00,-1.000000000000000000e+00,-1.000000000000000000e+00,-1.000000000000000000e+00,-1.000000000000000000e+00,-1.000000000000000000e+00,-1.000000000000000000e+00,-1.000000000000000000e+00,-1.000000000000000000e+00,-1.000000000000000000e+00,-1.000000000000000000e+00,-1.000000000000000000e+00,-1.000000000000000000e+00,-1.000000000000000000e+00,-1.000000000000000000e+00,-1.000000000000000000e+00,-1.000000000000000000e+00,-1.000000000000000000e+00,-1.000000000000000000e+00,-1.000000000000000000e+00,-1.000000000000000000e+00,-1.000000000000000000e+00,-1.000000000000000000e+00,-1.000000000000000000e+00,-1.000000000000000000e+00,-1.000000000000000000e+00,-1.000000000000000000e+00,-1.000000000000000000e+00,-1.000000000000000000e+00,-1.000000000000000000e+00,-1.000000000000000000e+00,-1.000000000000000000e+00,-1.000000000000000000e+00,-1.000000000000000000e+00,-1.000000000000000000e+00,-1.828312168020485018e+00,-1.828160870277933281e+00,-1.827710275552040020e+00,-1.826971311293934530e+00,-1.825965349420632267e+00,-1.824728051738740531e+00,-1.823312918822135531e+00,-1.821792597167066763e+00,-1.820255345959064908e+00,-1.818793358289588991e+00,-1.817478737908146069e+00,-1.816321542108125131e+00,-1.815201851872707994e+00,-1.813763610379874436e+00,-1.811251440954741110e+00,-1.806263084422982335e+00,-1.796381852801474110e+00,-1.777652900752542564e+00,-1.743893564746382241e+00,-1.685930373852196684e+00,-1.591149393567879766e+00,-1.444476651004279688e+00,-1.233465140292892670e+00,-9.626422496033975040e-01,-6.824445334436077815e-01,-5.151095114833281752e-01,-5.151095194140665745e-01,-6.824445574947262116e-01,-9.626422903986103785e-01,-1.233465199161192016e+00,-1.444476729191654041e+00,-1.591149492167006851e+00,-1.685930493513852380e+00,-1.743893706561924217e+00,-1.777653065824579715e+00,-1.796382041294376064e+00,-1.806263295833077098e+00,-1.811251674967785164e+00,-1.813763867292413012e+00,-1.815202132179198458e+00,-1.816321846091544234e+00,-1.817479065667992000e+00,-1.818793709826939775e+00,-1.820255720870373795e+00,-1.821792994279843203e+00,-1.823313336003260954e+00,-1.824728486453589982e+00,-1.825965799339224649e+00,-1.826971773424163725e+00,-1.827710746617902560e+00,-1.828161347301444639e+00,-1.828312644828365752e+00,-1.000000000000000000e+00,-1.000000000000000000e+00,-1.000000000000000000e+00,-1.000000000000000000e+00,-1.000000000000000000e+00,-1.000000000000000000e+00,-1.000000000000000000e+00,-1.000000000000000000e+00,-1.000000000000000000e+00,-1.000000000000000000e+00,-1.000000000000000000e+00,-1.000000000000000000e+00,-1.000000000000000000e+00,-1.000000000000000000e+00,-1.000000000000000000e+00,-1.000000000000000000e+00,-1.000000000000000000e+00,-1.000000000000000000e+00,-1.000000000000000000e+00,-1.000000000000000000e+00,-1.000000000000000000e+00,-1.000000000000000000e+00,-1.000000000000000000e+00,-1.000000000000000000e+00,-1.000000000000000000e+00,-1.000000000000000000e+00,-1.000000000000000000e+00,-1.000000000000000000e+00,-1.000000000000000000e+00,-1.000000000000000000e+00,-1.000000000000000000e+00,-1.000000000000000000e+00,-1.000000000000000000e+00,-1.000000000000000000e+00,-1.000000000000000000e+00,-1.000000000000000000e+00,-1.000000000000000000e+00,-1.000000000000000000e+00,-1.000000000000000000e+00,-1.000000000000000000e+00,-1.000000000000000000e+00,-1.000000000000000000e+00,-1.000000000000000000e+00,-1.000000000000000000e+00,-1.000000000000000000e+00,-1.000000000000000000e+00,-1.000000000000000000e+00,-1.000000000000000000e+00,-1.000000000000000000e+00,-1.000000000000000000e+00,-1.000000000000000000e+00,-1.000000000000000000e+00,-1.000000000000000000e+00,-1.000000000000000000e+00
-1.000000000000000000e+00,-1.000000000000000000e+00,-1.000000000000000000e+00,-1.000000000000000000e+00,-1.000000000000000000e+00,-1.000000000000000000e+00,-1.000000000000000000e+00,-1.000000000000000000e+00,-1.000000000000000000e+00,-1.000000000000000000e+00,-1.000000000000000000e+00,-1.000000000000000000e+00,-1.000000000000000000e+00,-1.000000000000000000e+00,-1.000000000000000000e+00,-1.000000000000000000e+00,-1.000000000000000000e+00,-1.000000000000000000e+00,-1.000000000000000000e+00,-1.000000000000000000e+00,-1.000000000000000000e+00,-1.000000000000000000e+00,-1.000000000000000000e+00,-1.000000000000000000e+00,-1.000000000000000000e+00,-1.000000000000000000e+00,-1.000000000000000000e+00,-1.000000000000000000e+00,-1.000000000000000000e+00,-1.000000000000000000e+00,-1.000000000000000000e+00,-1.000000000000000000e+00,-1.000000000000000000e+00,-1.000000000000000000e+00,-1.000000000000000000e+00,-1.000000000000000000e+00,-1.000000000000000000e+00,-1.000000000000000000e+00,-1.000000000000000000e+00,-1.000000000000000000e+00,-1.000000000000000000e+00,-1.000000000000000000e+00,-1.000000000000000000e+00,-1.000000000000000000e+00,-1.000000000000000000e+00,-1.000000000000000000e+00,-1.000000000000000000e+00,-1.000000000000000000e+00,-1.000000000000000000e+00,-1.000000000000000000e+00,-1.000000000000000000e+00,-1.000000000000000000e+00,-1.000000000000000000e+00,-1.000000000000000000e+00,-1.828015945945970389e+00,-1.827768332122777561e+00,-1.827029070494974095e+00,-1.825810710506432510e+00,-1.824139812715249720e+00,-1.822064118338034389e+00,-1.819659897427123640e+00,-1.817036621923681539e+00,-1.814335252244285712e+00,-1.811715721152918235e+00,-1.809328655605427771e+00,-1.807265736735736539e+00,-1.805481672420353956e+00,-1.803677514098688262e+00,-1.801129009222222077e+00,-1.796434796244760435e+00,-1.787149923094738524e+00,-1.769268140289607105e+00,-1.736541617309743657e+00,-1.679728341229195454e+00,-1.586151219162132309e+00,-1.440682738179669631e+00,-1.230828028772506855e+00,-9.610553288170763375e-01,-6.816982485714803142e-01,-5.148242532189790666e-01,-5.148242621709655520e-01,-6.816982756447756975e-01,-9.610553746024095290e-01,-1.230828094645613602e+00,-1.440682825523845967e+00,-1.586151329319813730e+00,-1.679728475054010683e+00,-1.736541775918996056e+00,-1.769268325148188215e+00,-1.787150134782816480e+00,-1.796435034370996053e+00,-1.801129273376826045e+00,-1.803677804465480872e+00,-1.805481989431031664e+00,-1.807266080576544143e+00,-1.809329026228241988e+00,-1.811716118336460735e+00,-1.814335675283982097e+00,-1.817037069161471674e+00,-1.819660366274050478e+00,-1.822064605752894639e+00,-1.824140315613161034e+00,-1.825811225243877844e+00,-1.827029593503192828e+00,-1.827768860238980109e+00,-1.828016473484203486e+00,-1.000000000000000000e+00,-1.000000000000000000e+00,-1.000000000000000000e+00,-1.000000000000000000e+00,-1.000000000000000000e+00,-1.000000000000000000e+00,-1.000000000000000000e+00,-1.000000000000000000e+00,-1.000000000000000000e+00,-1.000000000000000000e+00,-1.000000000000000000e+00,-1.000000000000000000e+00,-1.000000000000000000e+00,-1.000000000000000000e+00,-1.000000000000000000e+00,-1.000000000000000000e+00,-1.000000000000000000e+00,-1.000000000000000000e+00,-1.000000000000000000e+00,-1.000000000000000000e+00,-1.000000000000000000e+00,-1.000000000000000000e+00,-1.000000000000000000e+00,-1.000000000000000000e+00,-1.000000000000000000e+00,-1.000000000000000000e+00,-1.000000000000000000e+00,-1.000000000000000000e+00,-1.000000000000000000e+00,-1.000000000000000000e+00,-1.000000000000000000e+00,-1.000000000000000000e+00,-1.000000000000000000e+00,-1.000000000000000000e+00,-1.000000000000000000e+00,-1.000000000000000000e+00,-1.000000000000000000e+00,-1.000000000000000000e+00,-1.000000000000000000e+00,-1.000000000000000000e+00,-1.000000000000000000e+00,-1.000000000000000000e+00,-1.000000000000000000e+00,-1.000000000000000000e+00,-1.000000000000000000e+00,-1.000000000000000000e+00,-1.000000000000000000e+00,-1.000000000000000000e+00,-1.000000000000000000e+00,-1.000000000000000000e+00,-1.000000000000000000e+00,-1.000000000000000000e+00,-1.000000000000000000e+00,-1.000000000000000000e+00
-1.000000000000000000e+00,-1.000000000000000000e+00,-1.000000000000000000e+00,-1.000000000000000000e+00,-1.000000000000000000e+00,-1.000000000000000000e+00,-1.000000000000000000e+00,-1.000000000000000000e+00,-1.000000000000000000e+00,-1.000000000000000000e+00,-1.000000000000000000e+00,-1.000000000000000000e+00,-1.000000000000000000e+00,-1.000000000000000000e+00,-1.000000000000000000e+00,-1.000000000000000000e+00,-1.000000000000000000e+00,-1.000000000000000000e+00,-1.000000000000000000e+00,-1.000000000000000000e+00,-1.000000000000000000e+00,-1.000000000000000000e+00,-1.000000000000000000e+00,-1.000000000000000000e+00,-1.000000000000000000e+00,-1.000000000000000000e+00,-1.000000000000000000e+00,-1.000000000000000000e+00,-1.000000000000000000e+00,-1.000000000000000000e+00,-1.000000000000000000e+00,-1.000000000000000000e+00,-1.000000000000000000e+00,-1.000000000000000000e+00,-1.000000000000000000e+00,-1.000000000000000000e+00,-1.000000000000000000e+00,-1.000000000000000000e+00,-1.000000000000000000e+00,-1.000000000000000000e+00,-1.000000000000000000e+00,-1.000000000000000000e+00,-1.000000000000000000e+00,-1.000000000000000000e+00,-1.000000000000000000e+00,-1.000000000000000000e+00,-1.000000000000000000e+00,-1.000000000000000000e+00,-1.000000000000000000e+00,-1.000000000000000000e+00,-1.000000000000000000e+00,-1.000000000000000000e+00,-1.000000000000000000e+00,-1.000000000000000000e+00,-1.826795507732366319e+00,-1.826408198298785424e+00,-1.825249306060870991e+00,-1.823331013252545763e+00,-1.820683335884367038e+00,-1.817366837853509720e+00,-1.813486509197577590e+00,-1.809202542807734515e+00,-1.804732459145339529e+00,-1.800338201301027841e+00,-1.796291746880807283e+00,-1.792813353162957757e+00,-1.789976928602584394e+00,-1.787575615528739892e+00,-1.784935633487442885e+00,-1.780657042899593367e+00,-1.772248778911040379e+00,-1.755620673956271860e+00,-1.724418250326655855e+00,-1.669286627997203620e+00,-1.577443596410345261e+00,-1.433672006906900886e+00,-1.225400439739189551e+00,-9.570165011552674850e-01,-6.787351684666951268e-01,-5.124424488957231016e-01,-5.124424589230009985e-01,-6.787351987173935175e-01,-9.570165521393633190e-01,-1.225400512747267356e+00,-1.433672103417389154e+00,-1.577443717960659297e+00,-1.669286775729723615e+00,-1.724418425361513130e+00,-1.755620878024055198e+00,-1.772249013098111448e+00,-1.780657306989738897e+00,-1.784935926935460770e+00,-1.787575938386450458e+00,-1.789977281200324288e+00,-1.792813735536469055e+00,-1.796292158798627359e+00,-1.800338642290774782e+00,-1.804732928205254883e+00,-1.809203037814407278e+00,-1.813487027268788410e+00,-1.817367375652625183e+00,-1.820683889568440295e+00,-1.823331578683138776e+00,-1.825249879535551401e+00,-1.826408776338556139e+00,-1.826796085186528362e+00,-1.000000000000000000e+00,-1.000000000000000000e+00,-1.000000000000000000e+00,-1.000000000000000000e+00,-1.000000000000000000e+00,-1.000000000000000000e+00,-1.000000000000000000e+00,-1.000000000000000000e+00,-1.000000000000000000e+00,-1.000000000000000000e+00,-1.000000000000000000e+00,-1.000000000000000000e+00,-1.000000000000000000e+00,-1.000000000000000000e+00,-1.000000000000000000e+00,-1.000000000000000000e+00,-1.000000000000000000e+00,-1.000000000000000000e+00,-1.000000000000000000e+00,-1.000000000000000000e+00,-1.000000000000000000e+00,-1.000000000000000000e+00,-1.000000000000000000e+00,-1.000000000000000000e+00,-1.000000000000000000e+00,-1.000000000000000000e+00,-1.000000000000000000e+00,-1.000000000000000000e+00,-1.000000000000000000e+00,-1.000000000000000000e+00,-1.000000000000000000e+00,-1.000000000000000000e+00,-1.000000000000000000e+00,-1.000000000000000000e+00,-1.000000000000000000e+00,-1.000000000000000000e+00,-1.000000000000000000e+00,-1.000000000000000000e+00,-1.000000000000000000e+00,-1.000000000000000000e+00,-1.000000000000000000e+00,-1.000000000000000000e+00,-1.000000000000000000e+00,-1.000000000000000000e+00,-1.000000000000000000e+00,-1.000000000000000000e+00,-1.000000000000000000e+00,-1.000000000000000000e+00,-1.000000000000000000e+00,-1.000000000000000000e+00,-1.000000000000000000e+00,-1.000000000000000000e+00,-1.000000000000000000e+00,-1.000000000000000000e+00
-1.000000000000000000e+00,-1.000000000000000000e+00,-1.000000000000000000e+00,-1.000000000000000000e+00,-1.000000000000000000e+00,-1.000000000000000000e+00,-1.000000000000000000e+00,-1.000000000000000000e+00,-1.000000000000000000e+00,-1.000000000000000000e+00,-1.000000000000000000e+00,-1.000000000000000000e+00,-1.000000000000000000e+00,-1.000000000000000000e+00,-1.000000000000000000e+00,-1.000000000000000000e+00,-1.000000000000000000e+00,-1.000000000000000000e+00,-1.000000000000000000e+00,-1.000000000000000000e+00,-1.000000000000000000e+00,-1.000000000000000000e+00,-1.000000000000000000e+00,-1.000000000000000000e+00,-1.000000000000000000e+00,-1.000000000000000000e+00,-1.000000000000000000e+00,-1.000000000000000000e+00,-1.000000000000000000e+00,-1.000000000000000000e+00,-1.000000000000000000e+00,-1.000000000000000000e+00,-1.000000000000000000e+00,-1.000000000000000000e+00,-1.000000000000000000e+00,-1.000000000000000000e+00,-1.000000000000000000e+00,-1.000000000000000000e+00,-1.000000000000000000e+00,-1.000000000000000000e+00,-1.000000000000000000e+00,-1.000000000000000000e+00,-1.000000000000000000e+00,-1.000000000000000000e+00,-1.000000000000000000e+00,-1.000000000000000000e+00,-1.000000000000000000e+00,-1.000000000000000000e+00,-1.000000000000000000e+00,-1.000000000000000000e+00,-1.000000000000000000e+00,-1.000000000000000000e+00,-1.000000000000000000e+00,-1.000000000000000000e+00,-1.824422581679625566e+00,-1.823835780929343287e+00,-1.822076152465746501e+00,-1.819151083337886776e+00,-1.815089056818309121e+00,-1.809961346656658421e+00,-1.803906791652263975e+00,-1.797153270745899700e+00,-1.790027371269657497e+00,-1.782942487538967002e+00,-1.776356040068581832e+00,-1.770688956620019017e+00,-1.766204059337190602e+00,-1.762842026713844490e+00,-1.760010636396200479e+00,-1.756312820628537663e+00,-1.749184087973383539e+00,-1.734400491643295794e+00,-1.705437763915779836e+00,-1.652761395180481596e+00,-1.563421641804950468e+00,-1.422058798178859718e+00,-1.215983593256565687e+00,-9.494728895625919041e-01,-6.726020069751165176e-01,-5.070612240465521836e-01,-5.070612351923606820e-01,-6.726020405385391143e-01,-9.494729458896223884e-01,-1.215983673460475867e+00,-1.422058903770665905e+00,-1.563421774442712575e+00,-1.652761556334568338e+00,-1.705437954770162134e+00,-1.734400714065737592e+00,-1.749184343560988619e+00,-1.756313109417112717e+00,-1.760010957702201839e+00,-1.762842380451974167e+00,-1.766204445726346162e+00,-1.770689375521013798e+00,-1.776356491029679407e+00,-1.782942969856539772e+00,-1.790027883628785288e+00,-1.797153810593124401e+00,-1.803907355957844461e+00,-1.809961931975855531e+00,-1.815089658586229504e+00,-1.819151697174318016e+00,-1.822076774542913835e+00,-1.823836407376168367e+00,-1.824423207938579150e+00,-1.000000000000000000e+00,-1.000000000000000000e+00,-1.000000000000000000e+00,-1.000000000000000000e+00,-1.000000000000000000e+00,-1.000000000000000000e+00,-1.000000000000000000e+00,-1.000000000000000000e+00,-1.000000000000000000e+00,-1.000000000000000000e+00,-1.000000000000000000e+00,-1.000000000000000000e+00,-1.000000000000000000e+00,-1.000000000000000000e+00,-1.000000000000000000e+00,-1.000000000000000000e+00,-1.000000000000000000e+00,-1.000000000000000000e+00,-1.000000000000000000e+00,-1.000000000000000000e+00,-1.000000000000000000e+00,-1.000000000000000000e+00,-1.000000000000000000e+00,-1.000000000000000000e+00,-1.000000000000000000e+00,-1.000000000000000000e+00,-1.000000000000000000e+00,-1.000000000000000000e+00,-1.000000000000000000e+00,-1.000000000000000000e+00,-1.000000000000000000e+00,-1.000000000000000000e+00,-1.000000000000000000e+00,-1.000000000000000000e+00,-1.000000000000000000e+00,-1.000000000000000000e+00,-1.000000000000000000e+00,-1.000000000000000000e+00,-1.000000000000000000e+00,-1.000000000000000000e+00,-1.000000000000000000e+00,-1.000000000000000000e+00,-1.000000000000000000e+00,-1.000000000000000000e+00,-1.000000000000000000e+00,-1.000000000000000000e+00,-1.000000000000000000e+00,-1.000000000000000000e+00,-1.000000000000000000e+00,-1.000000000000000000e+00,-1.000000000000000000e+00,-1.000000000000000000e+00,-1.000000000000000000e+00,-1.000000000000000000e+00
-1.000000000000000000e+00,-1.000000000000000000e+00,-1.000000000000000000e+00,-1.000000000000000000e+00,-1.000000000000000000e+00,-1.000000000000000000e+00,-1.000000000000000000e+00,-1.000000000000000000e+00,-1.000000000000000000e+00,-1.000000000000000000e+00,-1.000000000000000000e+00,-1.000000000000000000e+00,-1.000000000000000000e+00,-1.000000000000000000e+00,-1.000000000000000000e+00,-1.000000000000000000e+00,-1.000000000000000000e+00,-1.000000000000000000e+00,-1.000000000000000000e+00,-1.000000000000000000e+00,-1.000000000000000000e+00,-1.000000000000000000e+00,-1.000000000000000000e+00,-1.000000000000000000e+00,-1.000000000000000000e+00,-1.000000000000000000e+00,-1.000000000000000000e+00,-1.000000000000000000e+00,-1.000000000000000000e+00,-1.000000000000000000e+00,-1.000000000000000000e+00,-1.000000000000000000e+00,-1.000000000000000000e+00,-1.000000000000000000e+00,-1.000000000000000000e+00,-1.000000000000000000e+00,-1.000000000000000000e+00,-1.000000000000000000e+00,-1.000000000000000000e+00,-1.000000000000000000e+00,-1.000000000000000000e+00,-1.000000000000000000e+00,-1.000000000000000000e+00,-1.000000000000000000e+00,-1.000000000000000000e+00,-1.000000000000000000e+00,-1.000000000000000000e+00,-1.000000000000000000e+00,-1.000000000000000000e+00,-1.000000000000000000e+00,-1.000000000000000000e+00,-1.000000000000000000e+00,-1.000000000000000000e+00,-1.000000000000000000e+00,-1.820646998923045601e+00,-1.819780257745037488e+00,-1.817175363091843465e+00,-1.812826400381077452e+00,-1.806749608149134989e+00,-1.799019163942831012e+00,-1.789809592431316876e+00,-1.779435396188738805e+00,-1.768374804511906762e+00,-1.757262184850076014e+00,-1.746834489436274396e+00,-1.737822322988820556e+00,-1.730785028149406157e+00,-1.725897609382913256e+00,-1.722698655256075906e+00,-1.719797105321694719e+00,-1.714513828679339769e+00,-1.702415919469218775e+00,-1.676715007759942422e+00,-1.627598404666819931e+00,-1.541857862804012935e+00,-1.403915021956233078e+00,-1.200904288845588752e+00,-9.369500542891927575e-01,-6.619598627552122361e-01,-4.974102449217234767e-01,-4.974102572000063116e-01,-6.619598996770499344e-01,-9.369501159824856762e-01,-1.200904376195308654e+00,-1.403915136411907794e+00,-1.541858006092972078e+00,-1.627598578539924290e+00,-1.676715213567192109e+00,-1.702416159051254763e+00,-1.714514104053050492e+00,-1.719797416901132525e+00,-1.722699002290831061e+00,-1.725897991626137440e+00,-1.730785445728195482e+00,-1.737822775643703466e+00,-1.746834976491239644e+00,-1.757262705370417510e+00,-1.768375356816418442e+00,-1.779435977429645321e+00,-1.789810199580454508e+00,-1.799019793486749563e+00,-1.806750254949100576e+00,-1.812827060086660724e+00,-1.817176031528366043e+00,-1.819780930750243941e+00,-1.820647672579988496e+00,-1.000000000000000000e+00,-1.000000000000000000e+00,-1.000000000000000000e+00,-1.000000000000000000e+00,-1.000000000000000000e+00,-1.000000000000000000e+00,-1.000000000000000000e+00,-1.000000000000000000e+00,-1.000000000000000000e+00,-1.000000000000000000e+00,-1.000000000000000000e+00,-1.000000000000000000e+00,-1.000000000000000000e+00,-1.000000000000000000e+00,-1.000000000000000000e+00,-1.000000000000000000e+00,-1.000000000000000000e+00,-1.000000000000000000e+00,-1.000000000000000000e+00,-1.000000000000000000e+00,-1.000000000000000000e+00,-1.000000000000000000e+00,-1.000000000000000000e+00,-1.000000000000000000e+00,-1.000000000000000000e+00,-1.000000000000000000e+00,-1.000000000000000000e+00,-1.000000000000000000e+00,-1.000000000000000000e+00,-1.000000000000000000e+00,-1.000000000000000000e+00,-1.000000000000000000e+00,-1.000000000000000000e+00,-1.000000000000000000e+00,-1.000000000000000000e+00,-1.000000000000000000e+00,-1.000000000000000000e+00,-1.000000000000000000e+00,-1.000000000000000000e+00,-1.000000000000000000e+00,-1.000000000000000000e+00,-1.000000000000000000e+00,-1.000000000000000000e+00,-1.000000000000000000e+00,-1.000000000000000000e+00,-1.000000000000000000e+00,-1.000000000000000000e+00,-1.000000000000000000e+00,-1.000000000000000000e+00,-1.000000000000000000e+00,-1.000000000000000000e+00,-1.000000000000000000e+00,-1.000000000000000000e+00,-1.000000000000000000e+00
-1.000000000000000000e+00,-1.000000000000000000e+00,-1.000000000000000000e+00,-1.000000000000000000e+00,-1.000000000000000000e+00,-1.000000000000000000e+00,-1.000000000000000000e+00,-1.000000000000000000e+00,-1.000000000000000000e+00,-1.000000000000000000e+00,-1.000000000000000000e+00,-1.000000000000000000e+00,-1.000000000000000000e+00,-1.000000000000000000e+00,-1.000000000000000000e+00,-1.000000000000000000e+00,-1.000000000000000000e+00,-1.000000000000000000e+00,-1.000000000000000000e+00,-1.000000000000000000e+00,-1.000000000000000000e+00,-1.000000000000000000e+00,-1.000000000000000000e+00,-1.000000000000000000e+00,-1.000000000000000000e+00,-1.000000000000000000e+00,-1.000000000000000000e+00,-1.000000000000000000e+00,-1.000000000000000000e+00,-1.000000000000000000e+00,-1.000000000000000000e+00,-1.000000000000000000e+00,-1.000000000000000000e+00,-1.000000000000000000e+00,-1.000000000000000000e+00,-1.000000000000000000e+00,-1.000000000000000000e+00,-1.000000000000000000e+00,-1.000000000000000000e+00,-1.000000000000000000e+00,-1.000000000000000000e+00,-1.000000000000000000e+00,-1.000000000000000000e+00,-1.000000000000000000e+00,-1.000000000000000000e+00,-1.000000000000000000e+00,-1.000000000000000000e+00,-1.000000000000000000e+00,-1.000000000000000000e+00,-1.000000000000000000e+00,-1.000000000000000000e+00,-1.000000000000000000e+00,-1.000000000000000000e+00,-1.000000000000000000e+00,-1.815213067878511222e+00,-1.813961254527236777e+00,-1.810190265774890062e+00,-1.803866000435886630e+00,-1.794972415745327510e+00,-1.783568668547012237e+00,-1.769859139256572345e+00,-1.754262890559274313e+00,-1.737462601814764529e+00,-1.720408241693252238e+00,-1.704251221954826478e+00,-1.690193683609775288e+00,-1.679255109619620656e+00,-1.671978746775735658e+00,-1.668110681015552599e+00,-1.666271677059224743e+00,-1.663606654545442654e+00,-1.655362593180007114e+00,-1.634349317984887806e+00,-1.590333978432334261e+00,-1.509720411581841448e+00,-1.376604621821606145e+00,-1.177863468374838574e+00,-9.174117655088792622e-01,-6.449517566537792401e-01,-4.817232258927667266e-01,-4.817232392786430228e-01,-6.449517968479568930e-01,-9.174118324657968282e-01,-1.177863562691244592e+00,-1.376604744780446143e+00,-1.509720564924355468e+00,-1.590334164064466149e+00,-1.634349537499601102e+00,-1.655362848296677125e+00,-1.663606947548939230e+00,-1.666272008858969311e+00,-1.668111050851340593e+00,-1.671979154259018774e+00,-1.679255554879222290e+00,-1.690194166331448145e+00,-1.704251741308484558e+00,-1.720408796559431241e+00,-1.737463190142411573e+00,-1.754263509373959806e+00,-1.769859785609281033e+00,-1.783569338692482464e+00,-1.794973104391910823e+00,-1.803866703305493813e+00,-1.810190978104883497e+00,-1.813961971956863595e+00,-1.815213787371006138e+00,-1.000000000000000000e+00,-1.000000000000000000e+00,-1.000000000000000000e+00,-1.000000000000000000e+00,-1.000000000000000000e+00,-1.000000000000000000e+00,-1.000000000000000000e+00,-1.000000000000000000e+00,-1.000000000000000000e+00,-1.000000000000000000e+00,-1.000000000000000000e+00,-1.000000000000000000e+00,-1.000000000000000000e+00,-1.000000000000000000e+00,-1.000000000000000000e+00,-1.000000000000000000e+00,-1.000000000000000000e+00,-1.000000000000000000e+00,-1.000000000000000000e+00,-1.000000000000000000e+00,-1.000000000000000000e+00,-1.000000000000000000e+00,-1.000000000000000000e+00,-1.000000000000000000e+00,-1.000000000000000000e+00,-1.000000000000000000e+00,-1.000000000000000000e+00,-1.000000000000000000e+00,-1.000000000000000000e+00,-1.000000000000000000e+00,-1.000000000000000000e+00,-1.000000000000000000e+00,-1.000000000000000000e+00,-1.000000000000000000e+00,-1.000000000000000000e+00,-1.000000000000000000e+00,-1.000000000000000000e+00,-1.000000000000000000e+00,-1.000000000000000000e+00,-1.000000000000000000e+00,-1.000000000000000000e+00,-1.000000000000000000e+00,-1.000000000000000000e+00,-1.000000000000000000e+00,-1.000000000000000000e+00,-1.000000000000000000e+00,-1.000000000000000000e+00,-1.000000000000000000e+00,-1.000000000000000000e+00,-1.000000000000000000e+00,-1.000000000000000000e+00,-1.000000000000000000e+00,-1.000000000000000000e+00,-1.000000000000000000e+00
-1.000000000000000000e+00,-1.000000000000000000e+00,-1.000000000000000000e+00,-1.000000000000000000e+00,-1.000000000000000000e+00,-1.000000000000000000e+00,-1.000000000000000000e+00,-1.000000000000000000e+00,-1.000000000000000000e+00,-1.000000000000000000e+00,-1.000000000000000000e+00,-1.000000000000000000e+00,-1.000000000000000000e+00,-1.000000000000000000e+00,-1.000000000000000000e+00,-1.000000000000000000e+00,-1.000000000000000000e+00,-1.000000000000000000e+00,-1.000000000000000000e+00,-1.000000000000000000e+00,-1.000000000000000000e+00,-1.000000000000000000e+00,-1.000000000000000000e+00,-1.000000000000000000e+00,-1.000000000000000000e+00,-1.000000000000000000e+00,-1.000000000000000000e+00,-1.000000000000000000e+00,-1.000000000000000000e+00,-1.000000000000000000e+00,-1.000000000000000000e+00,-1.000000000000000000e+00,-1.000000000000000000e+00,-1.000000000000000000e+00,-1.000000000000000000e+00,-1.000000000000000000e+00,-1.000000000000000000e+00,-1.000000000000000000e+00,-1.000000000000000000e+00,-1.000000000000000000e+00,-1.000000000000000000e+00,-1.000000000000000000e+00,-1.000000000000000000e+00,-1.000000000000000000e+00,-1.000000000000000000e+00,-1.000000000000000000e+00,-1.000000000000000000e+00,-1.000000000000000000e+00,-1.000000000000000000e+00,-1.000000000000000000e+00,-1.000000000000000000e+00,-1.000000000000000000e+00,-1.000000000000000000e+00,-1.000000000000000000e+00,-1.807886972478123910e+00,-1.806117458196268233e+00,-1.800773818956993733e+00,-1.791769548093067543e+00,-1.779022121794525901e+00,-1.762541256303491455e+00,-1.742540645309155423e+00,-1.719554779213137152e+00,-1.694531211286228967e+00,-1.668858965377144399e+00,-1.644291932226729980e+00,-1.622739113203647943e+00,-1.605924797594745712e+00,-1.594963813994235924e+00,-1.589926576554270721e+00,-1.589455002330492972e+00,-1.590428074229730981e+00,-1.587612053787611277e+00,-1.573219413496391939e+00,-1.536398576895174894e+00,-1.462986664300654382e+00,-1.336607547844438582e+00,-1.143770041858845676e+00,-8.881022143313522799e-01,-6.190509398803868413e-01,-4.575894480179514279e-01,-4.575894624588705550e-01,-6.190509831437921440e-01,-8.881022862844396570e-01,-1.143770142751139307e+00,-1.336607678719994308e+00,-1.462986826831497833e+00,-1.536398773063746948e+00,-1.573219645062982064e+00,-1.587612322381388497e+00,-1.590428382120646189e+00,-1.589455350996850314e+00,-1.589926965367252532e+00,-1.594964242500789497e+00,-1.605925266005711949e+00,-1.622739621250203657e+00,-1.644292479119339179e+00,-1.668859549923727981e+00,-1.694531831180228876e+00,-1.719555431488522856e+00,-1.742541327048391597e+00,-1.762541963234203646e+00,-1.779022849143493179e+00,-1.791770291182163577e+00,-1.800774572646710592e+00,-1.806118217704724582e+00,-1.807887736014012869e+00,-1.000000000000000000e+00,-1.000000000000000000e+00,-1.000000000000000000e+00,-1.000000000000000000e+00,-1.000000000000000000e+00,-1.000000000000000000e+00,-1.000000000000000000e+00,-1.000000000000000000e+00,-1.000000000000000000e+00,-1.000000000000000000e+00,-1.000000000000000000e+00,-1.000000000000000000e+00,-1.000000000000000000e+00,-1.000000000000000000e+00,-1.000000000000000000e+00,-1.000000000000000000e+00,-1.000000000000000000e+00,-1.000000000000000000e+00,-1.000000000000000000e+00,-1.000000000000000000e+00,-1.000000000000000000e+00,-1.000000000000000000e+00,-1.000000000000000000e+00,-1.000000000000000000e+00,-1.000000000000000000e+00,-1.000000000000000000e+00,-1.000000000000000000e+00,-1.000000000000000000e+00,-1.000000000000000000e+00,-1.000000000000000000e+00,-1.000000000000000000e+00,-1.000000000000000000e+00,-1.000000000000000000e+00,-1.000000000000000000e+00,-1.000000000000000000e+00,-1.000000000000000000e+00,-1.000000000000000000e+00,-1.000000000000000000e+00,-1.000000000000000000e+00,-1.000000000000000000e+00,-1.000000000000000000e+00,-1.000000000000000000e+00,-1.000000000000000000e+00,-1.000000000000000000e+00,-1.000000000000000000e+00,-1.000000000000000000e+00,-1.000000000000000000e+00,-1.000000000000000000e+00,-1.000000000000000000e+00,-1.000000000000000000e+00,-1.000000000000000000e+00,-1.000000000000000000e+00,-1.000000000000000000e+00,-1.000000000000000000e+00
-1.000000000000000000e+00,-1.000000000000000000e+00,-1.000000000000000000e+00,-1.000000000000000000e+00,-1.000000000000000000e+00,-1.000000000000000000e+00,-1.000000000000000000e+00,-1.000000000000000000e+00,-1.000000000000000000e+00,-1.000000000000000000e+00,-1.000000000000000000e+00,-1.000000000000000000e+00,-1.000000000000000000e+00,-1.000000000000000000e+00,-1.000000000000000000e+00,-1.000000000000000000e+00,-1.000000000000000000e+00,-1.000000000000000000e+00,-1.000000000000000000e+00,-1.000000000000000000e+00,-1.000000000000000000e+00,-1.000000000000000000e+00,-1.000000000000000000e+00,-1.000000000000000000e+00,-1.000000000000000000e+00,-1.000000000000000000e+00,-1.000000000000000000e+00,-1.000000000000000000e+00,-1.000000000000000000e+00,-1.000000000000000000e+00,-1.000000000000000000e+00,-1.000000000000000000e+00,-1.000000000000000000e+00,-1.000000000000000000e+00,-1.000000000000000000e+00,-1.000000000000000000e+00,-1.000000000000000000e+00,-1.000000000000000000e+00,-1.000000000000000000e+00,-1.000000000000000000e+00,-1.000000000000000000e+00,-1.000000000000000000e+00,-1.000000000000000000e+00,-1.000000000000000000e+00,-1.000000000000000000e+00,-1.000000000000000000e+00,-1.000000000000000000e+00,-1.000000000000000000e+00,-1.000000000000000000e+00,-1.000000000000000000e+00,-1.000000000000000000e+00,-1.000000000000000000e+00,-1.000000000000000000e+00,-1.000000000000000000e+00,-1.798496884171821408e+00,-1.796049457436325936e+00,-1.788639537938303992e+00,-1.776091299861643380e+00,-1.758201534607869210e+00,-1.734871232347322323e+00,-1.706277793996171965e+00,-1.673064285293229148e+00,-1.636503434794416068e+00,-1.598575314946081294e+00,-1.561889033938475446e+00,-1.529394272400036670e+00,-1.503879450659044270e+00,-1.487334453847169780e+00,-1.480327157889966827e+00,-1.481532732221342075e+00,-1.487433689486775901e+00,-1.492089914167961995e+00,-1.486848429651637771e+00,-1.459971450806253346e+00,-1.396491010730432691e+00,-1.279364282927925700e+00,-1.094585058282623091e+00,-8.453915494832706656e-01,-5.809082282547315401e-01,-4.218022831372600923e-01,-4.218022985075613462e-01,-5.809082742132865018e-01,-8.453916259214026008e-01,-1.094585165137807792e+00,-1.279364420906654143e+00,-1.396491181306149132e+00,-1.459971655972858384e+00,-1.486848671074181949e+00,-1.492090193529852282e+00,-1.487434008817661635e+00,-1.481533093608643270e+00,-1.480327561032938721e+00,-1.487334898189740073e+00,-1.503879936539917139e+00,-1.529394799887089151e+00,-1.561889602578524050e+00,-1.598575923622090666e+00,-1.636504081146639367e+00,-1.673064966492660899e+00,-1.706278506985812182e+00,-1.734871972227830295e+00,-1.758202297587665441e+00,-1.776092080127507744e+00,-1.788640330251072941e+00,-1.796050256567533365e+00,-1.798497689429598312e+00,-1.000000000000000000e+00,-1.000000000000000000e+00,-1.000000000000000000e+00,-1.000000000000000000e+00,-1.000000000000000000e+00,-1.000000000000000000e+00,-1.000000000000000000e+00,-1.000000000000000000e+00,-1.000000000000000000e+00,-1.000000000000000000e+00,-1.000000000000000000e+00,-1.000000000000000000e+00,-1.000000000000000000e+00,-1.000000000000000000e+00,-1.000000000000000000e+00,-1.000000000000000000e+00,-1.000000000000000000e+00,-1.000000000000000000e+00,-1.000000000000000000e+00,-1.000000000000000000e+00,-1.000000000000000000e+00,-1.000000000000000000e+00,-1.000000000000000000e+00,-1.000000000000000000e+00,-1.000000000000000000e+00,-1.000000000000000000e+00,-1.000000000000000000e+00,-1.000000000000000000e+00,-1.000000000000000000e+00,-1.000000000000000000e+00,-1.000000000000000000e+00,-1.000000000000000000e+00,-1.000000000000000000e+00,-1.000000000000000000e+00,-1.000000000000000000e+00,-1.000000000000000000e+00,-1.000000000000000000e+00,-1.000000000000000000e+00,-1.000000000000000000e+00,-1.000000000000000000e+00,-1.000000000000000000e+00,-1.000000000000000000e+00,-1.000000000000000000e+00,-1.000000000000000000e+00,-1.000000000000000000e+00,-1.000000000000000000e+00,-1.000000000000000000e+00,-1.000000000000000000e+00,-1.000000000000000000e+00,-1.000000000000000000e+00,-1.000000000000000000e+00,-1.000000000000000000e+00,-1.000000000000000000e+00,-1.000000000000000000e+00
-1.000000000000000000e+00,-1.000000000000000000e+00,-1.000000000000000000e+00,-1.000000000000000000e+00,-1.000000000000000000e+00,-1.000000000000000000e+00,-1.000000000000000000e+00,-1.000000000000000000e+00,-1.000000000000000000e+00,-1.000000000000000000e+00,-1.000000000000000000e+00,-1.000000000000000000e+00,-1.000000000000000000e+00,-1.000000000000000000e+00,-1.000000000000000000e+00,-1.000000000000000000e+00,-1.000000000000000000e+00,-1.000000000000000000e+00,-1.000000000000000000e+00,-1.000000000000000000e+00,-1.000000000000000000e+00,-1.000000000000000000e+00,-1.000000000000000000e+00,-1.000000000000000000e+00,-1.000000000000000000e+00,-1.000000000000000000e+00,-1.000000000000000000e+00,-1.000000000000000000e+00,-1.000000000000000000e+00,-1.000000000000000000e+00,-1.000000000000000000e+00,-1.000000000000000000e+00,-1.000000000000000000e+00,-1.000000000000000000e+00,-1.000000000000000000e+00,-1.000000000000000000e+00,-1.000000000000000000e+00,-1.000000000000000000e+00,-1.000000000000000000e+00,-1.000000000000000000e+00,-1.000000000000000000e+00,-1.000000000000000000e+00,-1.000000000000000000e+00,-1.000000000000000000e+00,-1.000000000000000000e+00,-1.000000000000000000e+00,-1.000000000000000000e+00,-1.000000000000000000e+00,-1.000000000000000000e+00,-1.000000000000000000e+00,-1.000000000000000000e+00,-1.000000000000000000e+00,-1.000000000000000000e+00,-1.000000000000000000e+00,-1.786985281743130205e+00,-1.783676759575965276e+00,-1.773632748517997682e+00,-1.756535400982475181e+00,-1.731980659965279390e+00,-1.699666987872572532e+00,-1.659651136537203087e+00,-1.612643534588306782e+00,-1.560286227285588634e+00,-1.505321979421352596e+00,-1.451539126968805160e+00,-1.403387919415432394e+00,-1.365238955752853700e+00,-1.340402525988342530e+00,-1.330191299554513762e+00,-1.333322457404423123e+00,-1.345694318437643533e+00,-1.360354363716338444e+00,-1.367433416104092414e+00,-1.353964504112975309e+00,-1.303870768255050994e+00,-1.199193347042281532e+00,-1.025219993138219321e+00,-7.846624561264782249e-01,-5.262322853672081191e-01,-3.702368283100326840e-01,-3.702368444541086490e-01,-5.262323336078551517e-01,-7.846625363674846199e-01,-1.025220105077202959e+00,-1.199193490972952247e+00,-1.303870945328033271e+00,-1.353964716198105878e+00,-1.367433664679385430e+00,-1.360354650468414750e+00,-1.345694645106583209e+00,-1.333322826478174461e+00,-1.330191711263832177e+00,-1.340402979779361958e+00,-1.365239452300438305e+00,-1.403388459382618025e+00,-1.451539710444215814e+00,-1.505322605667070324e+00,-1.560286894215059394e+00,-1.612644239695432358e+00,-1.659651876244669255e+00,-1.699667757115935318e+00,-1.731981455180369611e+00,-1.756536215688051072e+00,-1.773633576532978484e+00,-1.783677595856384190e+00,-1.786986126648895334e+00,-1.000000000000000000e+00,-1.000000000000000000e+00,-1.000000000000000000e+00,-1.000000000000000000e+00,-1.000000000000000000e+00,-1.000000000000000000e+00,-1.000000000000000000e+00,-1.000000000000000000e+00,-1.000000000000000000e+00,-1.000000000000000000e+00,-1.000000000000000000e+00,-1.000000000000000000e+00,-1.000000000000000000e+00,-1.000000000000000000e+00,-1.000000000000000000e+00,-1.000000000000000000e+00,-1.000000000000000000e+00,-1.000000000000000000e+00,-1.000000000000000000e+00,-1.000000000000000000e+00,-1.000000000000000000e+00,-1.000000000000000000e+00,-1.000000000000000000e+00,-1.000000000000000000e+00,-1.000000000000000000e+00,-1.000000000000000000e+00,-1.000000000000000000e+00,-1.000000000000000000e+00,-1.000000000000000000e+00,-1.000000000000000000e+00,-1.000000000000000000e+00,-1.000000000000000000e+00,-1.000000000000000000e+00,-1.000000000000000000e+00,-1.000000000000000000e+00,-1.000000000000000000e+00,-1.000000000000000000e+00,-1.000000000000000000e+00,-1.000000000000000000e+00,-1.000000000000000000e+00,-1.000000000000000000e+00,-1.000000000000000000e+00,-1.000000000000000000e+00,-1.000000000000000000e+00,-1.000000000000000000e+00,-1.000000000000000000e+00,-1.000000000000000000e+00,-1.000000000000000000e+00,-1.000000000000000000e+00,-1.000000000000000000e+00,-1.000000000000000000e+00,-1.000000000000000000e+00,-1.000000000000000000e+00,-1.000000000000000000e+00
-1.000000000000000000e+00,-1.000000000000000000e+00,-1.000000000000000000e+00,-1.000000000000000000e+00,-1.000000000000000000e+00,-1.000000000000000000e+00,-1.000000000000000000e+00,-1.000000000000000000e+00,-1.000000000000000000e+00,-1.000000000000000000e+00,-1.000000000000000000e+00,-1.000000000000000000e+00,-1.000000000000000000e+00,-1.000000000000000000e+00,-1.000000000000000000e+00,-1.000000000000000000e+00,-1.000000000000000000e+00,-1.000000000000000000e+00,-1.000000000000000000e+00,-1.000000000000000000e+00,-1.000000000000000000e+00,-1.000000000000000000e+00,-1.000000000000000000e+00,-1.000000000000000000e+00,-1.000000000000000000e+00,-1.000000000000000000e+00,-1.000000000000000000e+00,-1.000000000000000000e+00,-1.000000000000000000e+00,-1.000000000000000000e+00,-1.000000000000000000e+00,-1.000000000000000000e+00,-1.000000000000000000e+00,-1.000000000000000000e+00,-1.000000000000000000e+00,-1.000000000000000000e+00,-1.000000000000000000e+00,-1.000000000000000000e+00,-1.000000000000000000e+00,-1.000000000000000000e+00,-1.000000000000000000e+00,-1.000000000000000000e+00,-1.000000000000000000e+00,-1.000000000000000000e+00,-1.000000000000000000e+00,-1.000000000000000000e+00,-1.000000000000000000e+00,-1.000000000000000000e+00,-1.000000000000000000e+00,-1.000000000000000000e+00,-1.000000000000000000e+00,-1.000000000000000000e+00,-1.000000000000000000e+00,-1.000000000000000000e+00,-1.773469204669043453e+00,-1.769104884777646491e+00,-1.755818792797845251e+00,-1.733081018503739301e+00,-1.700176375006708485e+00,-1.656463635447392502e+00,-1.601740189155493210e+00,-1.536685135492794618e+00,-1.463309806502113064e+00,-1.385286232606412593e+00,-1.307969973693680288e+00,-1.237922725393187262e+00,-1.181831485852326669e+00,-1.144972775490249672e+00,-1.129739464201988230e+00,-1.134875248595033526e+00,-1.155425148870289576e+00,-1.183028476083688219e+00,-1.206170605602744583e+00,-1.210245037914449373e+00,-1.177701119347315029e+00,-1.089357670921154320e+00,-9.295538092973842925e-01,-7.002945844590413582e-01,-4.497547385306013279e-01,-2.978061694855448360e-01,-2.978061860989449361e-01,-4.497547883240983202e-01,-7.002946674498808921e-01,-9.295539250989449664e-01,-1.089357819414040307e+00,-1.177701301126632627e+00,-1.210245254425600381e+00,-1.206170858197731288e+00,-1.183028765993723308e+00,-1.155425477758166064e+00,-1.134875619103036026e+00,-1.129739877454567720e+00,-1.144973231148140425e+00,-1.181831985027739007e+00,-1.237923269601824305e+00,-1.307970564017734372e+00,-1.385286869088864226e+00,-1.463310487598745713e+00,-1.536685859158392731e+00,-1.601740950859062540e+00,-1.656464430890782324e+00,-1.700177198722687466e+00,-1.733081864866920840e+00,-1.755819654160658327e+00,-1.769105755433560079e+00,-1.773470086365612319e+00,-1.000000000000000000e+00,-1.000000000000000000e+00,-1.000000000000000000e+00,-1.000000000000000000e+00,-1.000000000000000000e+00,-1.000000000000000000e+00,-1.000000000000000000e+00,-1.000000000000000000e+00,-1.000000000000000000e+00,-1.000000000000000000e+00,-1.000000000000000000e+00,-1.000000000000000000e+00,-1.000000000000000000e+00,-1.000000000000000000e+00,-1.000000000000000000e+00,-1.000000000000000000e+00,-1.000000000000000000e+00,-1.000000000000000000e+00,-1.000000000000000000e+00,-1.000000000000000000e+00,-1.000000000000000000e+00,-1.000000000000000000e+00,-1.000000000000000000e+00,-1.000000000000000000e+00,-1.000000000000000000e+00,-1.000000000000000000e+00,-1.000000000000000000e+00,-1.000000000000000000e+00,-1.000000000000000000e+00,-1.000000000000000000e+00,-1.000000000000000000e+00,-1.000000000000000000e+00,-1.000000000000000000e+00,-1.000000000000000000e+00,-1.000000000000000000e+00,-1.000000000000000000e+00,-1.000000000000000000e+00,-1.000000000000000000e+00,-1.000000000000000000e+00,-1.000000000000000000e+00,-1.000000000000000000e+00,-1.000000000000000000e+00,-1.000000000000000000e+00,-1.000000000000000000e+00,-1.000000000000000000e+00,-1.000000000000000000e+00,-1.000000000000000000e+00,-1.000000000000000000e+00,-1.000000000000000000e+00,-1.000000000000000000e+00,-1.000000000000000000e+00,-1.000000000000000000e+00,-1.000000000000000000e+00,-1.000000000000000000e+00
-1.000000000000000000e+00,-1.000000000000000000e+00,-1.000000000000000000e+00,-1.000000000000000000e+00,-1.000000000000000000e+00,-1.000000000000000000e+00,-1.000000000000000000e+00,-1.000000000000000000e+00,-1.000000000000000000e+00,-1.000000000000000000e+00,-1.000000000000000000e+00,-1.000000000000000000e+00,-1.000000000000000000e+00,-1.000000000000000000e+00,-1.000000000000000000e+00,-1.000000000000000000e+00,-1.000000000000000000e+00,-1.000000000000000000e+00,-1.000000000000000000e+00,-1.000000000000000000e+00,-1.000000000000000000e+00,-1.000000000000000000e+00,-1.000000000000000000e+00,-1.000000000000000000e+00,-1.000000000000000000e+00,-1.000000000000000000e+00,-1.000000000000000000e+00,-1.000000000000000000e+00,-1.000000000000000000e+00,-1.000000000000000000e+00,-1.000000000000000000e+00,-1.000000000000000000e+00,-1.000000000000000000e+00,-1.000000000000000000e+00,-1.000000000000000000e+00,-1.000000000000000000e+00,-1.000000000000000000e+00,-1.000000000000000000e+00,-1.000000000000000000e+00,-1.000000000000000000e+00,-1.000000000000000000e+00,-1.000000000000000000e+00,-1.000000000000000000e+00,-1.000000000000000000e+00,-1.000000000000000000e+00,-1.000000000000000000e+00,-1.000000000000000000e+00,-1.000000000000000000e+00,-1.000000000000000000e+00,-1.000000000000000000e+00,-1.000000000000000000e+00,-1.000000000000000000e+00,-1.000000000000000000e+00,-1.000000000000000000e+00,-1.758299003652276538e+00,-1.752692672676220642e+00,-1.735577245647022648e+00,-1.706125334190730980e+00,-1.663171099467952940e+00,-1.605549231686966838e+00,-1.532591243230517986e+00,-1.444761110314698227e+00,-1.344352177611064292e+00,-1.236075996523835041e+00,-1.127269370844275809e+00,-1.027376796131672210e+00,-9.464298293037295418e-01,-8.926131672603894174e-01,-8.698182999325808629e-01,-8.767178961877448717e-01,-9.071156558434146921e-01,-9.507643477919429653e-01,-9.940309922168097945e-01,-1.020228670298091389e+00,-1.009930069098935235e+00,-9.423744756681287083e-01,-8.006510477494253042e-01,-5.858203316832202301e-01,-3.453480798339683133e-01,-1.985615401205904629e-01,-1.985615569464649344e-01,-3.453481304350802805e-01,-5.858204162193928477e-01,-8.006511658642736506e-01,-9.423746269182572410e-01,-1.009930253325271199e+00,-1.020228888194176120e+00,-9.940312449381863980e-01,-9.507646358868520053e-01,-9.071159809102014027e-01,-8.767182607267891559e-01,-8.698187062047665341e-01,-8.926136156151521783e-01,-9.464303216250385953e-01,-1.027377335339185294e+00,-1.127269959505299068e+00,-1.236076635641238486e+00,-1.344352866490584164e+00,-1.444761847049910175e+00,-1.532592022362557316e+00,-1.605550049403319024e+00,-1.663171948595598248e+00,-1.706126208521238308e+00,-1.735578137542710619e+00,-1.752693575407489934e+00,-1.758299919193010652e+00,-1.000000000000000000e+00,-1.000000000000000000e+00,-1.000000000000000000e+00,-1.000000000000000000e+00,-1.000000000000000000e+00,-1.000000000000000000e+00,-1.000000000000000000e+00,-1.000000000000000000e+00,-1.000000000000000000e+00,-1.000000000000000000e+00,-1.000000000000000000e+00,-1.000000000000000000e+00,-1.000000000000000000e+00,-1.000000000000000000e+00,-1.000000000000000000e+00,-1.000000000000000000e+00,-1.000000000000000000e+00,-1.000000000000000000e+00,-1.000000000000000000e+00,-1.000000000000000000e+00,-1.000000000000000000e+00,-1.000000000000000000e+00,-1.000000000000000000e+00,-1.000000000000000000e+00,-1.000000000000000000e+00,-1.000000000000000000e+00,-1.000000000000000000e+00,-1.000000000000000000e+00,-1.000000000000000000e+00,-1.000000000000000000e+00,-1.000000000000000000e+00,-1.000000000000000000e+00,-1.000000000000000000e+00,-1.000000000000000000e+00,-1.000000000000000000e+00,-1.000000000000000000e+00,-1.000000000000000000e+00,-1.000000000000000000e+00,-1.000000000000000000e+00,-1.000000000000000000e+00,-1.000000000000000000e+00,-1.000000000000000000e+00,-1.000000000000000000e+00,-1.000000000000000000e+00,-1.000000000000000000e+00,-1.000000000000000000e+00,-1.000000000000000000e+00,-1.000000000000000000e+00,-1.000000000000000000e+00,-1.000000000000000000e+00,-1.000000000000000000e+00,-1.000000000000000000e+00,-1.000000000000000000e+00,-1.000000000000000000e+00
-1.000000000000000000e+00,-1.000000000000000000e+00,-1.000000000000000000e+00,-1.000000000000000000e+00,-1.000000000000000000e+00,-1.000000000000000000e+00,-1.000000000000000000e+00,-1.000000000000000000e+00,-1.000000000000000000e+00,-1.000000000000000000e+00,-1.000000000000000000e+00,-1.000000000000000000e+00,-1.000000000000000000e+00,-1.000000000000000000e+00,-1.000000000000000000e+00,-1.000000000000000000e+00,-1.000000000000000000e+00,-1.000000000000000000e+00,-1.000000000000000000e+00,-1.000000000000000000e+00,-1.000000000000000000e+00,-1.000000000000000000e+00,-1.000000000000000000e+00,-1.000000000000000000e+00,-1.000000000000000000e+00,-1.000000000000000000e+00,-1.000000000000000000e+00,-1.000000000000000000e+00,-1.000000000000000000e+00,-1.000000000000000000e+00,-1.000000000000000000e+00,-1.000000000000000000e+00,-1.000000000000000000e+00,-1.000000000000000000e+00,-1.000000000000000000e+00,-1.000000000000000000e+00,-1.000000000000000000e+00,-1.000000000000000000e+00,-1.000000000000000000e+00,-1.000000000000000000e+00,-1.000000000000000000e+00,-1.000000000000000000e+00,-1.000000000000000000e+00,-1.000000000000000000e+00,-1.000000000000000000e+00,-1.000000000000000000e+00,-1.000000000000000000e+00,-1.000000000000000000e+00,-1.000000000000000000e+00,-1.000000000000000000e+00,-1.000000000000000000e+00,-1.000000000000000000e+00,-1.000000000000000000e+00,-1.000000000000000000e+00,-1.742100575592858247e+00,-1.735103400949397967e+00,-1.713681690740169516e+00,-1.676617711189285043e+00,-1.622136597067554975e+00,-1.548325114704481864e+00,-1.453771493296390771e+00,-1.338430558461399134e+00,-1.204645100909226496e+00,-1.058127606927021791e+00,-9.085345040997836463e-01,-7.690855165422540995e-01,-6.545932614597376187e-01,-5.775995632840625893e-01,-5.439334607428882862e-01,-5.518717041701514114e-01,-5.934061303818574107e-01,-6.558817116732285069e-01,-7.231190330393033605e-01,-7.759629672692376356e-01,-7.927215361772361746e-01,-7.506655181114290087e-01,-6.312684556397443192e-01,-4.343323836009446159e-01,-2.063720247532685459e-01,-6.600968678541929702e-02,-6.600970366206060369e-02,-2.063720755549376396e-01,-4.343324686197405082e-01,-6.312685743806525362e-01,-7.506656696622087122e-01,-7.927217196864646542e-01,-7.759631825707998809e-01,-7.231192808314055309e-01,-6.558819920210197107e-01,-5.934064444488704737e-01,-5.518720544160686803e-01,-5.439338504679327446e-01,-5.775999942722258584e-01,-6.545937367275058705e-01,-7.690860410380686574e-01,-9.085350824241942291e-01,-1.058128241241662604e+00,-1.204645791666280275e+00,-1.338431302628641406e+00,-1.453772285740662751e+00,-1.548325949321564865e+00,-1.622137468213745048e+00,-1.676618611425273908e+00,-1.713682610529150496e+00,-1.735104332072919586e+00,-1.742101519820894895e+00,-1.000000000000000000e+00,-1.000000000000000000e+00,-1.000000000000000000e+00,-1.000000000000000000e+00,-1.000000000000000000e+00,-1.000000000000000000e+00,-1.000000000000000000e+00,-1.000000000000000000e+00,-1.000000000000000000e+00,-1.000000000000000000e+00,-1.000000000000000000e+00,-1.000000000000000000e+00,-1.000000000000000000e+00,-1.000000000000000000e+00,-1.000000000000000000e+00,-1.000000000000000000e+00,-1.000000000000000000e+00,-1.000000000000000000e+00,-1.000000000000000000e+00,-1.000000000000000000e+00,-1.000000000000000000e+00,-1.000000000000000000e+00,-1.000000000000000000e+00,-1.000000000000000000e+00,-1.000000000000000000e+00,-1.000000000000000000e+00,-1.000000000000000000e+00,-1.000000000000000000e+00,-1.000000000000000000e+00,-1.000000000000000000e+00,-1.000000000000000000e+00,-1.000000000000000000e+00,-1.000000000000000000e+00,-1.000000000000000000e+00,-1.000000000000000000e+00,-1.000000000000000000e+00,-1.000000000000000000e+00,-1.000000000000000000e+00,-1.000000000000000000e+00,-1.000000000000000000e+00,-1.000000000000000000e+00,-1.000000000000000000e+00,-1.000000000000000000e+00,-1.000000000000000000e+00,-1.000000000000000000e+00,-1.000000000000000000e+00,-1.000000000000000000e+00,-1.000000000000000000e+00,-1.000000000000000000e+00,-1.000000000000000000e+00,-1.000000000000000000e+00,-1.000000000000000000e+00,-1.000000000000000000e+00,-1.000000000000000000e+00
-1.000000000000000000e+00,-1.000000000000000000e+00,-1.000000000000000000e+00,-1.000000000000000000e+00,-1.000000000000000000e+00,-1.000000000000000000e+00,-1.000000000000000000e+00,-1.000000000000000000e+00,-1.000000000000000000e+00,-1.000000000000000000e+00,-1.000000000000000000e+00,-1.000000000000000000e+00,-1.000000000000000000e+00,-1.000000000000000000e+00,-1.000000000000000000e+00,-1.000000000000000000e+00,-1.000000000000000000e+00,-1.000000000000000000e+00,-1.000000000000000000e+00,-1.000000000000000000e+00,-1.000000000000000000e+00,-1.000000000000000000e+00,-1.000000000000000000e+00,-1.000000000000000000e+00,-1.000000000000000000e+00,-1.000000000000000000e+00,-1.000000000000000000e+00,-1.000000000000000000e+00,-1.000000000000000000e+00,-1.000000000000000000e+00,-1.000000000000000000e+00,-1.000000000000000000e+00,-1.000000000000000000e+00,-1.000000000000000000e+00,-1.000000000000000000e+00,-1.000000000000000000e+00,-1.000000000000000000e+00,-1.000000000000000000e+00,-1.000000000000000000e+00,-1.000000000000000000e+00,-1.000000000000000000e+00,-1.000000000000000000e+00,-1.000000000000000000e+00,-1.000000000000000000e+00,-1.000000000000000000e+00,-1.000000000000000000e+00,-1.000000000000000000e+00,-1.000000000000000000e+00,-1.000000000000000000e+00,-1.000000000000000000e+00,-1.000000000000000000e+00,-1.000000000000000000e+00,-1.000000000000000000e+00,-1.000000000000000000e+00,-1.725782088499320022e+00,-1.717318150121726505e+00,-1.691335604417524507e+00,-1.646142077819687355e+00,-1.579201074833242346e+00,-1.487616269156280424e+00,-1.368904935283892899e+00,-1.222101728216126393e+00,-1.049157466526235538e+00,-8.564479950946897180e-01,-6.559811860770026204e-01,-4.655788737171085989e-01,-3.068477703368408527e-01,-1.992727113092775948e-01,-1.508391122327082945e-01,-1.585261863795871529e-01,-2.116456812903976248e-01,-2.946622355946508787e-01,-3.886322902919439048e-01,-4.717452751876386463e-01,-5.197653477051964455e-01,-5.076137787538108626e-01,-4.147185383150912008e-01,-2.392112285475128663e-01,-2.631560560250112424e-02,1.062859739710568796e-01,1.062859573731209650e-01,-2.631565551989467622e-02,-2.392113122824376381e-01,-4.147186553073055615e-01,-5.076139276718087956e-01,-5.197655268926240080e-01,-4.717454832414830213e-01,-3.886325273306383554e-01,-2.946625015139374693e-01,-2.116459765736976584e-01,-1.585265136641155204e-01,-1.508394754701086748e-01,-1.992731147138926406e-01,-3.068482184957325165e-01,-4.655793741995551960e-01,-6.559817457588558165e-01,-8.564486175348988706e-01,-1.049158154012263866e+00,-1.222102475009321454e+00,-1.368905736618458491e+00,-1.487617118247631209e+00,-1.579201964072305397e+00,-1.646142999041517729e+00,-1.691336548233677295e+00,-1.717319106709286558e+00,-1.725783059436947209e+00,-1.000000000000000000e+00,-1.000000000000000000e+00,-1.000000000000000000e+00,-1.000000000000000000e+00,-1.000000000000000000e+00,-1.000000000000000000e+00,-1.000000000000000000e+00,-1.000000000000000000e+00,-1.000000000000000000e+00,-1.000000000000000000e+00,-1.000000000000000000e+00,-1.000000000000000000e+00,-1.000000000000000000e+00,-1.000000000000000000e+00,-1.000000000000000000e+00,-1.000000000000000000e+00,-1.000000000000000000e+00,-1.000000000000000000e+00,-1.000000000000000000e+00,-1.000000000000000000e+00,-1.000000000000000000e+00,-1.000000000000000000e+00,-1.000000000000000000e+00,-1.000000000000000000e+00,-1.000000000000000000e+00,-1.000000000000000000e+00,-1.000000000000000000e+00,-1.000000000000000000e+00,-1.000000000000000000e+00,-1.000000000000000000e+00,-1.000000000000000000e+00,-1.000000000000000000e+00,-1.000000000000000000e+00,-1.000000000000000000e+00,-1.000000000000000000e+00,-1.000000000000000000e+00,-1.000000000000000000e+00,-1.000000000000000000e+00,-1.000000000000000000e+00,-1.000000000000000000e+00,-1.000000000000000000e+00,-1.000000000000000000e+00,-1.000000000000000000e+00,-1.000000000000000000e+00,-1.000000000000000000e+00,-1.000000000000000000e+00,-1.000000000000000000e+00,-1.000000000000000000e+00,-1.000000000000000000e+00,-1.000000000000000000e+00,-1.000000000000000000e+00,-1.000000000000000000e+00,-1.000000000000000000e+00,-1.000000000000000000e+00
-1.000000000000000000e+00,-1.000000000000000000e+00,-1.000000000000000000e+00,-1.000000000000000000e+00,-1.000000000000000000e+00,-1.000000000000000000e+00,-1.000000000000000000e+00,-1.000000000000000000e+00,-1.000000000000000000e+00,-1.000000000000000000e+00,-1.000000000000000000e+00,-1.000000000000000000e+00,-1.000000000000000000e+00,-1.000000000000000000e+00,-1.000000000000000000e+00,-1.000000000000000000e+00,-1.000000000000000000e+00,-1.000000000000000000e+00,-1.000000000000000000e+00,-1.000000000000000000e+00,-1.000000000000000000e+00,-1.000000000000000000e+00,-1.000000000000000000e+00,-1.000000000000000000e+00,-1.000000000000000000e+00,-1.000000000000000000e+00,-1.000000000000000000e+00,-1.000000000000000000e+00,-1.000000000000000000e+00,-1.000000000000000000e+00,-1.000000000000000000e+00,-1.000000000000000000e+00,-1.000000000000000000e+00,-1.000000000000000000e+00,-1.000000000000000000e+00,-1.000000000000000000e+00,-1.000000000000000000e+00,-1.000000000000000000e+00,-1.000000000000000000e+00,-1.000000000000000000e+00,-1.000000000000000000e+00,-1.000000000000000000e+00,-1.000000000000000000e+00,-1.000000000000000000e+00,-1.000000000000000000e+00,-1.000000000000000000e+00,-1.000000000000000000e+00,-1.000000000000000000e+00,-1.000000000000000000e+00,-1.000000000000000000e+00,-1.000000000000000000e+00,-1.000000000000000000e+00,-1.000000000000000000e+00,-1.000000000000000000e+00,-1.710486700668401694e+00,-1.700589346242947553e+00,-1.670130859342912499e+00,-1.616892870192764731e+00,-1.537471690878533082e+00,-1.427797746648803212e+00,-1.284001439156757129e+00,-1.103710803602916624e+00,-8.877995399053233427e-01,-6.424639206676822090e-01,-3.813118815938125739e-01,-1.268924739368365584e-01,8.971915284805898061e-02,2.361273667563721368e-01,3.031090622519285738e-01,2.972824169110233061e-01,2.333776069384605467e-01,1.300674590983661449e-01,8.815185118648205531e-03,-1.061407931120456061e-01,-1.879930035697796598e-01,-2.090120706826177344e-01,-1.461030883174572192e-01,4.799095035667777509e-03,2.002290402512763023e-01,3.237812874421011067e-01,3.237812714298720085e-01,2.002289921707756104e-01,4.799014381389188344e-03,-1.461032008243791092e-01,-2.090122134365358653e-01,-1.879931743047251747e-01,-1.061409892951907796e-01,8.814964306351757983e-03,1.300672140676781829e-01,2.333773377867054410e-01,2.972821208259452952e-01,3.031087346111853709e-01,2.361270006140685496e-01,8.971874086508369039e-02,-1.268929429496751249e-01,-3.813124164426902052e-01,-6.424645268171473855e-01,-8.878002197016193753e-01,-1.103711549262185843e+00,-1.284002244793697400e+00,-1.427798605821635647e+00,-1.537472595472387793e+00,-1.616893810419100630e+00,-1.670131824898761774e+00,-1.700590325063565444e+00,-1.710487693082912930e+00,-1.000000000000000000e+00,-1.000000000000000000e+00,-1.000000000000000000e+00,-1.000000000000000000e+00,-1.000000000000000000e+00,-1.000000000000000000e+00,-1.000000000000000000e+00,-1.000000000000000000e+00,-1.000000000000000000e+00,-1.000000000000000000e+00,-1.000000000000000000e+00,-1.000000000000000000e+00,-1.000000000000000000e+00,-1.000000000000000000e+00,-1.000000000000000000e+00,-1.000000000000000000e+00,-1.000000000000000000e+00,-1.000000000000000000e+00,-1.000000000000000000e+00,-1.000000000000000000e+00,-1.000000000000000000e+00,-1.000000000000000000e+00,-1.000000000000000000e+00,-1.000000000000000000e+00,-1.000000000000000000e+00,-1.000000000000000000e+00,-1.000000000000000000e+00,-1.000000000000000000e+00,-1.000000000000000000e+00,-1.000000000000000000e+00,-1.000000000000000000e+00,-1.000000000000000000e+00,-1.000000000000000000e+00,-1.000000000000000000e+00,-1.000000000000000000e+00,-1.000000000000000000e+00,-1.000000000000000000e+00,-1.000000000000000000e+00,-1.000000000000000000e+00,-1.000000000000000000e+00,-1.000000000000000000e+00,-1.000000000000000000e+00,-1.000000000000000000e+00,-1.000000000000000000e+00,-1.000000000000000000e+00,-1.000000000000000000e+00,-1.000000000000000000e+00,-1.000000000000000000e+00,-1.000000000000000000e+00,-1.000000000000000000e+00,-1.000000000000000000e+00,-1.000000000000000000e+00,-1.000000000000000000e+00,-1.000000000000000000e+00
-1.000000000000000000e+00,-1.000000000000000000e+00,-1.000000000000000000e+00,-1.000000000000000000e+00,-1.000000000000000000e+00,-1.000000000000000000e+00,-1.000000000000000000e+00,-1.000000000000000000e+00,-1.000000000000000000e+00,-1.000000000000000000e+00,-1.000000000000000000e+00,-1.000000000000000000e+00,-1.000000000000000000e+00,-1.000000000000000000e+00,-1.000000000000000000e+00,-1.000000000000000000e+00,-1.000000000000000000e+00,-1.000000000000000000e+00,-1.000000000000000000e+00,-1.000000000000000000e+00,-1.000000000000000000e+00,-1.000000000000000000e+00,-1.000000000000000000e+00,-1.000000000000000000e+00,-1.000000000000000000e+00,-1.000000000000000000e+00,-1.000000000000000000e+00,-1.000000000000000000e+00,-1.000000000000000000e+00,-1.000000000000000000e+00,-1.000000000000000000e+00,-1.000000000000000000e+00,-1.000000000000000000e+00,-1.000000000000000000e+00,-1.000000000000000000e+00,-1.000000000000000000e+00,-1.000000000000000000e+00,-1.000000000000000000e+00,-1.000000000000000000e+00,-1.000000000000000000e+00,-1.000000000000000000e+00,-1.000000000000000000e+00,-1.000000000000000000e+00,-1.000000000000000000e+00,-1.000000000000000000e+00,-1.000000000000000000e+00,-1.000000000000000000e+00,-1.000000000000000000e+00,-1.000000000000000000e+00,-1.000000000000000000e+00,-1.000000000000000000e+00,-1.000000000000000000e+00,-1.000000000000000000e+00,-1.000000000000000000e+00,-1.697480678093596485e+00,-1.686320231949877568e+00,-1.651902251247700848e+00,-1.591492680611946042e+00,-1.500815597865494677e+00,-1.374567762598898124e+00,-1.207307073047186208e+00,-9.948294987835304415e-01,-7.360878930942142961e-01,-4.355893641272921002e-01,-1.061811378647945503e-01,2.273740913026656152e-01,5.226039089717602337e-01,7.160499963478941243e-01,8.033690266615913789e-01,8.002948227422046479e-01,7.276327454570945541e-01,6.069221218806994944e-01,4.611223138258573329e-01,3.160097320707797586e-01,2.005567190549455425e-01,1.452466271395267405e-01,1.761662366882432718e-01,3.002097850712828198e-01,4.762819558809021636e-01,5.897155353811527334e-01,5.897155201557793269e-01,4.762819101884894213e-01,3.002097085872150739e-01,1.761661305254953458e-01,1.452464932267005793e-01,2.005565601831320599e-01,3.160095516500838198e-01,4.611221138024432786e-01,6.069219024822316566e-01,7.276325069744893348e-01,8.002945631011093575e-01,8.033687403905815927e-01,7.160496757230625509e-01,5.226035409235407769e-01,2.273736589003718667e-01,-1.061816431925997062e-01,-4.355899538292817841e-01,-7.360885595964397066e-01,-9.948302411061142880e-01,-1.207307883747646526e+00,-1.374568631906977645e+00,-1.500816515307928256e+00,-1.591493635696205278e+00,-1.651903232838546343e+00,-1.686321229667677724e+00,-1.697481684689884585e+00,-1.000000000000000000e+00,-1.000000000000000000e+00,-1.000000000000000000e+00,-1.000000000000000000e+00,-1.000000000000000000e+00,-1.000000000000000000e+00,-1.000000000000000000e+00,-1.000000000000000000e+00,-1.000000000000000000e+00,-1.000000000000000000e+00,-1.000000000000000000e+00,-1.000000000000000000e+00,-1.000000000000000000e+00,-1.000000000000000000e+00,-1.000000000000000000e+00,-1.000000000000000000e+00,-1.000000000000000000e+00,-1.000000000000000000e+00,-1.000000000000000000e+00,-1.000000000000000000e+00,-1.000000000000000000e+00,-1.000000000000000000e+00,-1.000000000000000000e+00,-1.000000000000000000e+00,-1.000000000000000000e+00,-1.000000000000000000e+00,-1.000000000000000000e+00,-1.000000000000000000e+00,-1.000000000000000000e+00,-1.000000000000000000e+00,-1.000000000000000000e+00,-1.000000000000000000e+00,-1.000000000000000000e+00,-1.000000000000000000e+00,-1.000000000000000000e+00,-1.000000000000000000e+00,-1.000000000000000000e+00,-1.000000000000000000e+00,-1.000000000000000000e+00,-1.000000000000000000e+00,-1.000000000000000000e+00,-1.000000000000000000e+00,-1.000000000000000000e+00,-1.000000000000000000e+00,-1.000000000000000000e+00,-1.000000000000000000e+00,-1.000000000000000000e+00,-1.000000000000000000e+00,-1.000000000000000000e+00,-1.000000000000000000e+00,-1.000000000000000000e+00,-1.000000000000000000e+00,-1.000000000000000000e+00,-1.000000000000000000e+00
-1.000000000000000000e+00,-1.000000000000000000e+00,-1.000000000000000000e+00,-1.000000000000000000e+00,-1.000000000000000000e+00,-1.000000000000000000e+00,-1.000000000000000000e+00,-1.000000000000000000e+00,-1.000000000000000000e+00,-1.000000000000000000e+00,-1.000000000000000000e+00,-1.000000000000000000e+00,-1.000000000000000000e+00,-1.000000000000000000e+00,-1.000000000000000000e+00,-1.000000000000000000e+00,-1.000000000000000000e+00,-1.000000000000000000e+00,-1.000000000000000000e+00,-1.000000000000000000e+00,-1.000000000000000000e+00,-1.000000000000000000e+00,-1.000000000000000000e+00,-1.000000000000000000e+00,-1.000000000000000000e+00,-1.000000000000000000e+00,-1.000000000000000000e+00,-1.000000000000000000e+00,-1.000000000000000000e+00,-1.000000000000000000e+00,-1.000000000000000000e+00,-1.000000000000000000e+00,-1.000000000000000000e+00,-1.000000000000000000e+00,-1.000000000000000000e+00,-1.000000000000000000e+00,-1.000000000000000000e+00,-1.000000000000000000e+00,-1.000000000000000000e+00,-1.000000000000000000e+00,-1.000000000000000000e+00,-1.000000000000000000e+00,-1.000000000000000000e+00,-1.000000000000000000e+00,-1.000000000000000000e+00,-1.000000000000000000e+00,-1.000000000000000000e+00,-1.000000000000000000e+00,-1.000000000000000000e+00,-1.000000000000000000e+00,-1.000000000000000000e+00,-1.000000000000000000e+00,-1.000000000000000000e+00,-1.000000000000000000e+00,-1.687982858447551138e+00,-1.675874323956855205e+00,-1.638474626743728013e+00,-1.572628985549549441e+00,-1.473333644152982291e+00,-1.334214169063137945e+00,-1.148366667544667097e+00,-9.096638778379186885e-01,-6.145200138293646086e-01,-2.638874008048894826e-01,1.348262483941560230e-01,5.646294434066767565e-01,9.827830413400910903e-01,1.227161039568475331e+00,1.329895435784354873e+00,1.327339141168801806e+00,1.248321717002105480e+00,1.115706014268992075e+00,9.518293922083926883e-01,7.822840783947939691e-01,6.371981599782601258e-01,5.495522953669216282e-01,5.487661533825438642e-01,6.452376541033011392e-01,8.009775642639376247e-01,9.036441147245213301e-01,9.036441005306834473e-01,8.009775217189918362e-01,6.452375831598189393e-01,5.487660555751987523e-01,5.495521728804946271e-01,6.371980159202146332e-01,7.822839164168577941e-01,9.518292154690670692e-01,1.115705823040142430e+00,1.248321511719076682e+00,1.327338920470473305e+00,1.329895192930194092e+00,1.227160768328146023e+00,9.827827227125838228e-01,5.646290471927095656e-01,1.348257744123586566e-01,-2.638879745161559764e-01,-6.145206766652208108e-01,-9.096646210768077889e-01,-1.148367482282700580e+00,-1.334215045108979369e+00,-1.473334570403233013e+00,-1.572629950531530429e+00,-1.638475616678731983e+00,-1.675875333257904831e+00,-1.687983866677127853e+00,-1.000000000000000000e+00,-1.000000000000000000e+00,-1.000000000000000000e+00,-1.000000000000000000e+00,-1.000000000000000000e+00,-1.000000000000000000e+00,-1.000000000000000000e+00,-1.000000000000000000e+00,-1.000000000000000000e+00,-1.000000000000000000e+00,-1.000000000000000000e+00,-1.000000000000000000e+00,-1.000000000000000000e+00,-1.000000000000000000e+00,-1.000000000000000000e+00,-1.000000000000000000e+00,-1.000000000000000000e+00,-1.000000000000000000e+00,-1.000000000000000000e+00,-1.000000000000000000e+00,-1.000000000000000000e+00,-1.000000000000000000e+00,-1.000000000000000000e+00,-1.000000000000000000e+00,-1.000000000000000000e+00,-1.000000000000000000e+00,-1.000000000000000000e+00,-1.000000000000000000e+00,-1.000000000000000000e+00,-1.000000000000000000e+00,-1.000000000000000000e+00,-1.000000000000000000e+00,-1.000000000000000000e+00,-1.000000000000000000e+00,-1.000000000000000000e+00,-1.000000000000000000e+00,-1.000000000000000000e+00,-1.000000000000000000e+00,-1.000000000000000000e+00,-1.000000000000000000e+00,-1.000000000000000000e+00,-1.000000000000000000e+00,-1.000000000000000000e+00,-1.000000000000000000e+00,-1.000000000000000000e+00,-1.000000000000000000e+00,-1.000000000000000000e+00,-1.000000000000000000e+00,-1.000000000000000000e+00,-1.000000000000000000e+00,-1.000000000000000000e+00,-1.000000000000000000e+00,-1.000000000000000000e+00,-1.000000000000000000e+00
-1.000000000000000000e+00,-1.000000000000000000e+00,-1.000000000000000000e+00,-1.000000000000000000e+00,-1.000000000000000000e+00,-1.000000000000000000e+00,-1.000000000000000000e+00,-1.000000000000000000e+00,-1.000000000000000000e+00,-1.000000000000000000e+00,-1.000000000000000000e+00,-1.000000000000000000e+00,-1.000000000000000000e+00,-1.000000000000000000e+00,-1.000000000000000000e+00,-1.000000000000000000e+00,-1.000000000000000000e+00,-1.000000000000000000e+00,-1.000000000000000000e+00,-1.000000000000000000e+00,-1.000000000000000000e+00,-1.000000000000000000e+00,-1.000000000000000000e+00,-1.000000000000000000e+00,-1.000000000000000000e+00,-1.000000000000000000e+00,-1.000000000000000000e+00,-1.000000000000000000e+00,-1.000000000000000000e+00,-1.000000000000000000e+00,-1.000000000000000000e+00,-1.000000000000000000e+00,-1.000000000000000000e+00,-1.000000000000000000e+00,-1.000000000000000000e+00,-1.000000000000000000e+00,-1.000000000000000000e+00,-1.000000000000000000e+00,-1.000000000000000000e+00,-1.000000000000000000e+00,-1.000000000000000000e+00,-1.000000000000000000e+00,-1.000000000000000000e+00,-1.000000000000000000e+00,-1.000000000000000000e+00,-1.000000000000000000e+00,-1.000000000000000000e+00,-1.000000000000000000e+00,-1.000000000000000000e+00,-1.000000000000000000e+00,-1.000000000000000000e+00,-1.000000000000000000e+00,-1.000000000000000000e+00,-1.000000000000000000e+00,-1.682963892528409389e+00,-1.670345543756718509e+00,-1.631338949864622467e+00,-1.562550509040476543e+00,-1.458556451665449227e+00,-1.312345328449363580e+00,-1.116095877039635642e+00,-8.623482685446581808e-01,-5.454060535088111061e-01,-1.621946692838825976e-01,2.896898705609636249e-01,8.228188177126027902e-01,1.497438152578062898e+00,1.766113442582319060e+00,1.861766620148443963e+00,1.851023292221361860e+00,1.767135822489146246e+00,1.629757416641254508e+00,1.457315491863502732e+00,1.272830245752269995e+00,1.105977327947125222e+00,9.914717278924860544e-01,9.620948248857779106e-01,1.032319712714803384e+00,1.168036165348110611e+00,1.259898900422039780e+00,1.259898887585576777e+00,1.168036127033167393e+00,1.032319649291134400e+00,9.620947381632809492e-01,9.914716201268880535e-01,1.105977202197240050e+00,1.272830105129718614e+00,1.457315340120833191e+00,1.629757254241947173e+00,1.767135649584942403e+00,1.851023109153359769e+00,1.861766422444081748e+00,1.766113223298175772e+00,1.497437893986885538e+00,8.228184542925618405e-01,2.896893877211383916e-01,-1.621952388799641209e-01,-5.454067092605463518e-01,-8.623490049107225275e-01,-1.116096685856620585e+00,-1.312346199910911171e+00,-1.458557374875333323e+00,-1.562551473042955053e+00,-1.631339941168972185e+00,-1.670346558537873616e+00,-1.682964909523954500e+00,-1.000000000000000000e+00,-1.000000000000000000e+00,-1.000000000000000000e+00,-1.000000000000000000e+00,-1.000000000000000000e+00,-1.000000000000000000e+00,-1.000000000000000000e+00,-1.000000000000000000e+00,-1.000000000000000000e+00,-1.000000000000000000e+00,-1.000000000000000000e+00,-1.000000000000000000e+00,-1.000000000000000000e+00,-1.000000000000000000e+00,-1.000000000000000000e+00,-1.000000000000000000e+00,-1.000000000000000000e+00,-1.000000000000000000e+00,-1.000000000000000000e+00,-1.000000000000000000e+00,-1.000000000000000000e+00,-1.000000000000000000e+00,-1.000000000000000000e+00,-1.000000000000000000e+00,-1.000000000000000000e+00,-1.000000000000000000e+00,-1.000000000000000000e+00,-1.000000000000000000e+00,-1.000000000000000000e+00,-1.000000000000000000e+00,-1.000000000000000000e+00,-1.000000000000000000e+00,-1.000000000000000000e+00,-1.000000000000000000e+00,-1.000000000000000000e+00,-1.000000000000000000e+00,-1.000000000000000000e+00,-1.000000000000000000e+00,-1.000000000000000000e+00,-1.000000000000000000e+00,-1.000000000000000000e+00,-1.000000000000000000e+00,-1.000000000000000000e+00,-1.000000000000000000e+00,-1.000000000000000000e+00,-1.000000000000000000e+00,-1.000000000000000000e+00,-1.000000000000000000e+00,-1.000000000000000000e+00,-1.000000000000000000e+00,-1.000000000000000000e+00,-1.000000000000000000e+00,-1.000000000000000000e+00,-1.000000000000000000e+00
-1.000000000000000000e+00,-1.000000000000000000e+00,-1.000000000000000000e+00,-1.000000000000000000e+00,-1.000000000000000000e+00,-1.000000000000000000e+00,-1.000000000000000000e+00,-1.000000000000000000e+00,-1.000000000000000000e+00,-1.000000000000000000e+00,-1.000000000000000000e+00,-1.000000000000000000e+00,-1.000000000000000000e+00,-1.000000000000000000e+00,-1.000000000000000000e+00,-1.000000000000000000e+00,-1.000000000000000000e+00,-1.000000000000000000e+00,-1.000000000000000000e+00,-1.000000000000000000e+00,-1.000000000000000000e+00,-1.000000000000000000e+00,-1.000000000000000000e+00,-1.000000000000000000e+00,-1.000000000000000000e+00,-1.000000000000000000e+00,-1.000000000000000000e+00,-1.000000000000000000e+00,-1.000000000000000000e+00,-1.000000000000000000e+00,-1.000000000000000000e+00,-1.000000000000000000e+00,-1.000000000000000000e+00,-1.000000000000000000e+00,-1.000000000000000000e+00,-1.000000000000000000e+00,-1.000000000000000000e+00,-1.000000000000000000e+00,-1.000000000000000000e+00,-1.000000000000000000e+00,-1.000000000000000000e+00,-1.000000000000000000e+00,-1.000000000000000000e+00,-1.000000000000000000e+00,-1.000000000000000000e+00,-1.000000000000000000e+00,-1.000000000000000000e+00,-1.000000000000000000e+00,-1.000000000000000000e+00,-1.000000000000000000e+00,-1.000000000000000000e+00,-1.000000000000000000e+00,-1.000000000000000000e+00,-1.000000000000000000e+00,-1.000000000000000000e+00,-1.000000000000000000e+00,-1.000000000000000000e+00,-1.000000000000000000e+00,-1.000000000000000000e+00,-1.000000000000000000e+00,-1.000000000000000000e+00,-1.000000000000000000e+00,-1.000000000000000000e+00,-1.000000000000000000e+00,-1.000000000000000000e+00,-1.000000000000000000e+00,2.257689934352528294e+00,2.338293671816636277e+00,2.374685109657161952e+00,2.342342303769301193e+00,2.254966855578288687e+00,2.120484993985429778e+00,1.950167157092678849e+00,1.762334225522784070e+00,1.584405158156944715e+00,1.451568059350790918e+00,1.399497204158151931e+00,1.446992920383681103e+00,1.564465570185514132e+00,1.646217102809322430e+00,1.646217091772082419e+00,1.564465537434244879e+00,1.446992866590751881e+00,1.399497131247204429e+00,1.451567969630848332e+00,1.584405054125682000e+00,1.762334109435785390e+00,1.950167032236029829e+00,2.120484861605703486e+00,2.254966715318372117e+00,2.342342157765497923e+00,2.374684958614468933e+00,2.338293512942682728e+00,2.257689767893673150e+00,-1.000000000000000000e+00,-1.000000000000000000e+00,-1.000000000000000000e+00,-1.000000000000000000e+00,-1.000000000000000000e+00,-1.000000000000000000e+00,-1.000000000000000000e+00,-1.000000000000000000e+00,-1.000000000000000000e+00,-1.000000000000000000e+00,-1.000000000000000000e+00,-1.000000000000000000e+00,-1.000000000000000000e+00,-1.000000000000000000e+00,-1.000000000000000000e+00,-1.000000000000000000e+00,-1.000000000000000000e+00,-1.000000000000000000e+00,-1.000000000000000000e+00,-1.000000000000000000e+00,-1.000000000000000000e+00,-1.000000000000000000e+00,-1.000000000000000000e+00,-1.000000000000000000e+00,-1.000000000000000000e+00,-1.000000000000000000e+00,-1.000000000000000000e+00,-1.000000000000000000e+00,-1.000000000000000000e+00,-1.000000000000000000e+00,-1.000000000000000000e+00,-1.000000000000000000e+00,-1.000000000000000000e+00,-1.000000000000000000e+00,-1.000000000000000000e+00,-1.000000000000000000e+00,-1.000000000000000000e+00,-1.000000000000000000e+00,-1.000000000000000000e+00,-1.000000000000000000e+00,-1.000000000000000000e+00,-1.000000000000000000e+00,-1.000000000000000000e+00,-1.000000000000000000e+00,-1.000000000000000000e+00,-1.000000000000000000e+00,-1.000000000000000000e+00,-1.000000000000000000e+00,-1.000000000000000000e+00,-1.000000000000000000e+00,-1.000000000000000000e+00,-1.000000000000000000e+00,-1.000000000000000000e+00,-1.000000000000000000e+00,-1.000000000000000000e+00,-1.000000000000000000e+00,-1.000000000000000000e+00,-1.000000000000000000e+00,-1.000000000000000000e+00,-1.000000000000000000e+00,-1.000000000000000000e+00,-1.000000000000000000e+00,-1.000000000000000000e+00,-1.000000000000000000e+00,-1.000000000000000000e+00,-1.000000000000000000e+00
-1.000000000000000000e+00,-1.000000000000000000e+00,-1.000000000000000000e+00,-1.000000000000000000e+00,-1.000000000000000000e+00,-1.000000000000000000e+00,-1.000000000000000000e+00,-1.000000000000000000e+00,-1.000000000000000000e+00,-1.000000000000000000e+00,-1.000000000000000000e+00,-1.000000000000000000e+00,-1.000000000000000000e+00,-1.000000000000000000e+00,-1.000000000000000000e+00,-1.000000000000000000e+00,-1.000000000000000000e+00,-1.000000000000000000e+00,-1.000000000000000000e+00,-1.000000000000000000e+00,-1.000000000000000000e+00,-1.000000000000000000e+00,-1.000000000000000000e+00,-1.000000000000000000e+00,-1.000000000000000000e+00,-1.000000000000000000e+00,-1.000000000000000000e+00,-1.000000000000000000e+00,-1.000000000000000000e+00,-1.000000000000000000e+00,-1.000000000000000000e+00,-1.000000000000000000e+00,-1.000000000000000000e+00,-1.000000000000000000e+00,-1.000000000000000000e+00,-1.000000000000000000e+00,-1.000000000000000000e+00,-1.000000000000000000e+00,-1.000000000000000000e+00,-1.000000000000000000e+00,-1.000000000000000000e+00,-1.000000000000000000e+00,-1.000000000000000000e+00,-1.000000000000000000e+00,-1.000000000000000000e+00,-1.000000000000000000e+00,-1.000000000000000000e+00,-1.000000000000000000e+00,-1.000000000000000000e+00,-1.000000000000000000e+00,-1.000000000000000000e+00,-1.000000000000000000e+00,-1.000000000000000000e+00,-1.000000000000000000e+00,-1.000000000000000000e+00,-1.000000000000000000e+00,-1.000000000000000000e+00,-1.000000000000000000e+00,-1.000000000000000000e+00,-1.000000000000000000e+00,-1.000000000000000000e+00,-1.000000000000000000e+00,-1.000000000000000000e+00,-1.000000000000000000e+00,-1.000000000000000000e+00,-1.000000000000000000e+00,2.788779483908469192e+00,2.810443314939503612e+00,2.812771473877449857e+00,2.770451455860912127e+00,2.686648735224351103e+00,2.562500630068949015e+00,2.403599843038178197e+00,2.223300876629932255e+00,2.045495282131013060e+00,1.904342416758666445e+00,1.837382720443314188e+00,1.867470002447080724e+00,1.969827081976683214e+00,2.042870537297071021e+00,2.042870528576722133e+00,1.969827056184686676e+00,1.867469960274610319e+00,1.837382663860309240e+00,1.904342347896681442e+00,2.045495202487752628e+00,2.223300787872363848e+00,2.403599746910546564e+00,2.562500529110585124e+00,2.686648628710463615e+00,2.770451346090580191e+00,2.812771362232175054e+00,2.810443196115332221e+00,2.788779396287796253e+00,-1.000000000000000000e+00,-1.000000000000000000e+00,-1.000000000000000000e+00,-1.000000000000000000e+00,-1.000000000000000000e+00,-1.000000000000000000e+00,-1.000000000000000000e+00,-1.000000000000000000e+00,-1.000000000000000000e+00,-1.000000000000000000e+00,-1.000000000000000000e+00,-1.000000000000000000e+00,-1.000000000000000000e+00,-1.000000000000000000e+00,-1.000000000000000000e+00,-1.000000000000000000e+00,-1.000000000000000000e+00,-1.000000000000000000e+00,-1.000000000000000000e+00,-1.000000000000000000e+00,-1.000000000000000000e+00,-1.000000000000000000e+00,-1.000000000000000000e+00,-1.000000000000000000e+00,-1.000000000000000000e+00,-1.000000000000000000e+00,-1.000000000000000000e+00,-1.000000000000000000e+00,-1.000000000000000000e+00,-1.000000000000000000e+00,-1.000000000000000000e+00,-1.000000000000000000e+00,-1.000000000000000000e+00,-1.000000000000000000e+00,-1.000000000000000000e+00,-1.000000000000000000e+00,-1.000000000000000000e+00,-1.000000000000000000e+00,-1.000000000000000000e+00,-1.000000000000000000e+00,-1.000000000000000000e+00,-1.000000000000000000e+00,-1.000000000000000000e+00,-1.000000000000000000e+00,-1.000000000000000000e+00,-1.000000000000000000e+00,-1.000000000000000000e+00,-1.000000000000000000e+00,-1.000000000000000000e+00,-1.000000000000000000e+00,-1.000000000000000000e+00,-1.000000000000000000e+00,-1.000000000000000000e+00,-1.000000000000000000e+00,-1.000000000000000000e+00,-1.000000000000000000e+00,-1.000000000000000000e+00,-1.000000000000000000e+00,-1.000000000000000000e+00,-1.000000000000000000e+00,-1.000000000000000000e+00,-1.000000000000000000e+00,-1.000000000000000000e+00,-1.000000000000000000e+00,-1.000000000000000000e+00,-1.000000000000000000e+00
-1.000000000000000000e+00,-1.000000000000000000e+00,-1.000000000000000000e+00,-1.000000000000000000e+00,-1.000000000000000000e+00,-1.000000000000000000e+00,-1.000000000000000000e+00,-1.000000000000000000e+00,-1.000000000000000000e+00,-1.000000000000000000e+00,-1.000000000000000000e+00,-1.000000000000000000e+00,-1.000000000000000000e+00,-1.000000000000000000e+00,-1.000000000000000000e+00,-1.000000000000000000e+00,-1.000000000000000000e+00,-1.000000000000000000e+00,-1.000000000000000000e+00,-1.000000000000000000e+00,-1.000000000000000000e+00,-1.000000000000000000e+00,-1.000000000000000000e+00,-1.000000000000000000e+00,-1.000000000000000000e+00,-1.000000000000000000e+00,-1.000000000000000000e+00,-1.000000000000000000e+00,-1.000000000000000000e+00,-1.000000000000000000e+00,-1.000000000000000000e+00,-1.000000000000000000e+00,-1.000000000000000000e+00,-1.000000000000000000e+00,-1.000000000000000000e+00,-1.000000000000000000e+00,-1.000000000000000000e+00,-1.000000000000000000e+00,-1.000000000000000000e+00,-1.000000000000000000e+00,-1.000000000000000000e+00,-1.000000000000000000e+00,-1.000000000000000000e+00,-1.000000000000000000e+00,-1.000000000000000000e+00,-1.000000000000000000e+00,-1.000000000000000000e+00,-1.000000000000000000e+00,-1.000000000000000000e+00,-1.000000000000000000e+00,-1.000000000000000000e+00,-1.000000000000000000e+00,-1.000000000000000000e+00,-1.000000000000000000e+00,-1.000000000000000000e+00,-1.000000000000000000e+00,-1.000000000000000000e+00,-1.000000000000000000e+00,-1.000000000000000000e+00,-1.000000000000000000e+00,-1.000000000000000000e+00,-1.000000000000000000e+00,-1.000000000000000000e+00,-1.000000000000000000e+00,-1.000000000000000000e+00,-1.000000000000000000e+00,3.179304327584651091e+00,3.181257368296845023e+00,3.168682827337777397e+00,3.124211639790853035e+00,3.047753960563262865e+00,2.937344756529360446e+00,2.794847209552179468e+00,2.629294213864147967e+00,2.460484141175084183e+00,2.320190965416983886e+00,2.246431059316094547e+00,2.265264685685143498e+00,2.356493758157526486e+00,2.422752351128458770e+00,2.422752345110318117e+00,2.356493740390064318e+00,2.265264656733720017e+00,2.246431020862139860e+00,2.320190918833772376e+00,2.460484087281088250e+00,2.629294153674345491e+00,2.794847143232447984e+00,2.937344687293359957e+00,3.047753888394661104e+00,3.124211566462522960e+00,3.168682758364399277e+00,3.181257304000666863e+00,3.179304275443582739e+00,-1.000000000000000000e+00,-1.000000000000000000e+00,-1.000000000000000000e+00,-1.000000000000000000e+00,-1.000000000000000000e+00,-1.000000000000000000e+00,-1.000000000000000000e+00,-1.000000000000000000e+00,-1.000000000000000000e+00,-1.000000000000000000e+00,-1.000000000000000000e+00,-1.000000000000000000e+00,-1.000000000000000000e+00,-1.000000000000000000e+00,-1.000000000000000000e+00,-1.000000000000000000e+00,-1.000000000000000000e+00,-1.000000000000000000e+00,-1.000000000000000000e+00,-1.000000000000000000e+00,-1.000000000000000000e+00,-1.000000000000000000e+00,-1.000000000000000000e+00,-1.000000000000000000e+00,-1.000000000000000000e+00,-1.000000000000000000e+00,-1.000000000000000000e+00,-1.000000000000000000e+00,-1.000000000000000000e+00,-1.000000000000000000e+00,-1.000000000000000000e+00,-1.000000000000000000e+00,-1.000000000000000000e+00,-1.000000000000000000e+00,-1.000000000000000000e+00,-1.000000000000000000e+00,-1.000000000000000000e+00,-1.000000000000000000e+00,-1.000000000000000000e+00,-1.000000000000000000e+00,-1.000000000000000000e+00,-1.000000000000000000e+00,-1.000000000000000000e+00,-1.000000000000000000e+00,-1.000000000000000000e+00,-1.000000000000000000e+00,-1.000000000000000000e+00,-1.000000000000000000e+00,-1.000000000000000000e+00,-1.000000000000000000e+00,-1.000000000000000000e+00,-1.000000000000000000e+00,-1.000000000000000000e+00,-1.000000000000000000e+00,-1.000000000000000000e+00,-1.000000000000000000e+00,-1.000000000000000000e+00,-1.000000000000000000e+00,-1.000000000000000000e+00,-1.000000000000000000e+00,-1.000000000000000000e+00,-1.000000000000000000e+00,-1.000000000000000000e+00,-1.000000000000000000e+00,-1.000000000000000000e+00,-1.000000000000000000e+00
-1.000000000000000000e+00,-1.000000000000000000e+00,-1.000000000000000000e+00,-1.000000000000000000e+00,-1.000000000000000000e+00,-1.000000000000000000e+00,-1.000000000000000000e+00,-1.000000000000000000e+00,-1.000000000000000000e+00,-1.000000000000000000e+00,-1.000000000000000000e+00,-1.000000000000000000e+00,-1.000000000000000000e+00,-1.000000000000000000e+00,-1.000000000000000000e+00,-1.000000000000000000e+00,-1.000000000000000000e+00,-1.000000000000000000e+00,-1.000000000000000000e+00,-1.000000000000000000e+00,-1.000000000000000000e+00,-1.000000000000000000e+00,-1.000000000000000000e+00,-1.000000000000000000e+00,-1.000000000000000000e+00,-1.000000000000000000e+00,-1.000000000000000000e+00,-1.000000000000000000e+00,-1.000000000000000000e+00,-1.000000000000000000e+00,-1.000000000000000000e+00,-1.000000000000000000e+00,-1.000000000000000000e+00,-1.000000000000000000e+00,-1.000000000000000000e+00,-1.000000000000000000e+00,-1.000000000000000000e+00,-1.000000000000000000e+00,-1.000000000000000000e+00,-1.000000000000000000e+00,-1.000000000000000000e+00,-1.000000000000000000e+00,-1.000000000000000000e+00,-1.000000000000000000e+00,-1.000000000000000000e+00,-1.000000000000000000e+00,-1.000000000000000000e+00,-1.000000000000000000e+00,-1.000000000000000000e+00,-1.000000000000000000e+00,-1.000000000000000000e+00,-1.000000000000000000e+00,-1.000000000000000000e+00,-1.000000000000000000e+00,-1.000000000000000000e+00,-1.000000000000000000e+00,-1.000000000000000000e+00,-1.000000000000000000e+00,-1.000000000000000000e+00,-1.000000000000000000e+00,-1.000000000000000000e+00,-1.000000000000000000e+00,-1.000000000000000000e+00,-1.000000000000000000e+00,-1.000000000000000000e+00,-1.000000000000000000e+00,3.463067164551729249e+00,3.458170049746111196e+00,3.440089526150520882e+00,3.397045265385878920e+00,3.328435456233468592e+00,3.231300531572739665e+00,3.105478684101720788e+00,2.956871397340532504e+00,2.801518052752676624e+00,2.668155915866067485e+00,2.594046872958864380e+00,2.607279638581204040e+00,2.691458079526371616e+00,2.753041647616953469e+00,2.753041644525100473e+00,2.691458070396497426e+00,2.607279623535795565e+00,2.594046852771680456e+00,2.668155891195128415e+00,2.801518024210267299e+00,2.956871364939279268e+00,3.105478648392927532e+00,3.231300494656335509e+00,3.328435420505189590e+00,3.397045230018828299e+00,3.440089491121990584e+00,3.458170025923749336e+00,3.463067145803097269e+00,-1.000000000000000000e+00,-1.000000000000000000e+00,-1.000000000000000000e+00,-1.000000000000000000e+00,-1.000000000000000000e+00,-1.000000000000000000e+00,-1.000000000000000000e+00,-1.000000000000000000e+00,-1.000000000000000000e+00,-1.000000000000000000e+00,-1.000000000000000000e+00,-1.000000000000000000e+00,-1.000000000000000000e+00,-1.000000000000000000e+00,-1.000000000000000000e+00,-1.000000000000000000e+00,-1.000000000000000000e+00,-1.000000000000000000e+00,-1.000000000000000000e+00,-1.000000000000000000e+00,-1.000000000000000000e+00,-1.000000000000000000e+00,-1.000000000000000000e+00,-1.000000000000000000e+00,-1.000000000000000000e+00,-1.000000000000000000e+00,-1.000000000000000000e+00,-1.000000000000000000e+00,-1.000000000000000000e+00,-1.000000000000000000e+00,-1.000000000000000000e+00,-1.000000000000000000e+00,-1.000000000000000000e+00,-1.000000000000000000e+00,-1.000000000000000000e+00,-1.000000000000000000e+00,-1.000000000000000000e+00,-1.000000000000000000e+00,-1.000000000000000000e+00,-1.000000000000000000e+00,-1.000000000000000000e+00,-1.000000000000000000e+00,-1.000000000000000000e+00,-1.000000000000000000e+00,-1.000000000000000000e+00,-1.000000000000000000e+00,-1.000000000000000000e+00,-1.000000000000000000e+00,-1.000000000000000000e+00,-1.000000000000000000e+00,-1.000000000000000000e+00,-1.000000000000000000e+00,-1.000000000000000000e+00,-1.000000000000000000e+00,-1.000000000000000000e+00,-1.000000000000000000e+00,-1.000000000000000000e+00,-1.000000000000000000e+00,-1.000000000000000000e+00,-1.000000000000000000e+00,-1.000000000000000000e+00,-1.000000000000000000e+00,-1.000000000000000000e+00,-1.000000000000000000e+00,-1.000000000000000000e+00,-1.000000000000000000e+00
-1.000000000000000000e+00,-1.000000000000000000e+00,-1.000000000000000000e+00,-1.000000000000000000e+00,-1.000000000000000000e+00,-1.000000000000000000e+00,-1.000000000000000000e+00,-1.000000000000000000e+00,-1.000000000000000000e+00,-1.000000000000000000e+00,-1.000000000000000000e+00,-1.000000000000000000e+00,-1.000000000000000000e+00,-1.000000000000000000e+00,-1.000000000000000000e+00,-1.000000000000000000e+00,-1.000000000000000000e+00,-1.000000000000000000e+00,-1.000000000000000000e+00,-1.000000000000000000e+00,-1.000000000000000000e+00,-1.000000000000000000e+00,-1.000000000000000000e+00,-1.000000000000000000e+00,-1.000000000000000000e+00,-1.000000000000000000e+00,-1.000000000000000000e+00,-1.000000000000000000e+00,-1.000000000000000000e+00,-1.000000000000000000e+00,-1.000000000000000000e+00,-1.000000000000000000e+00,-1.000000000000000000e+00,-1.000000000000000000e+00,-1.000000000000000000e+00,-1.000000000000000000e+00,-1.000000000000000000e+00,-1.000000000000000000e+00,-1.000000000000000000e+00,-1.000000000000000000e+00,-1.000000000000000000e+00,-1.000000000000000000e+00,-1.000000000000000000e+00,-1.000000000000000000e+00,-1.000000000000000000e+00,-1.000000000000000000e+00,-1.000000000000000000e+00,-1.000000000000000000e+00,-1.000000000000000000e+00,-1.000000000000000000e+00,-1.000000000000000000e+00,-1.000000000000000000e+00,-1.000000000000000000e+00,-1.000000000000000000e+00,-1.000000000000000000e+00,-1.000000000000000000e+00,-1.000000000000000000e+00,-1.000000000000000000e+00,-1.000000000000000000e+00,-1.000000000000000000e+00,-1.000000000000000000e+00,-1.000000000000000000e+00,-1.000000000000000000e+00,-1.000000000000000000e+00,-1.000000000000000000e+00,-1.000000000000000000e+00,3.650788214424077083e+00,3.643544703017977504e+00,3.623858443397978135e+00,3.583049299951194477e+00,3.520687752559956252e+00,3.433717187276016602e+00,3.321089099430436065e+00,3.186836151896736524e+00,3.044269008397743725e+00,2.919413305738068232e+00,2.848240427757599669e+00,2.859785040515656185e+00,2.940291209382026150e+00,2.999131465462264057e+00,2.999131465351736470e+00,2.940291208895989605e+00,2.859785039143955210e+00,2.848240425548320243e+00,2.919413302822417400e+00,3.044269004618348262e+00,3.186836147379497497e+00,3.321089095445958428e+00,3.433717182441713867e+00,3.520687749924155341e+00,3.583049297823921009e+00,3.623858445206209922e+00,3.643544713438705784e+00,3.650788227673136710e+00,-1.000000000000000000e+00,-1.000000000000000000e+00,-1.000000000000000000e+00,-1.000000000000000000e+00,-1.000000000000000000e+00,-1.000000000000000000e+00,-1.000000000000000000e+00,-1.000000000000000000e+00,-1.000000000000000000e+00,-1.000000000000000000e+00,-1.000000000000000000e+00,-1.000000000000000000e+00,-1.000000000000000000e+00,-1.000000000000000000e+00,-1.000000000000000000e+00,-1.000000000000000000e+00,-1.000000000000000000e+00,-1.000000000000000000e+00,-1.000000000000000000e+00,-1.000000000000000000e+00,-1.000000000000000000e+00,-1.000000000000000000e+00,-1.000000000000000000e+00,-1.000000000000000000e+00,-1.000000000000000000e+00,-1.000000000000000000e+00,-1.000000000000000000e+00,-1.000000000000000000e+00,-1.000000000000000000e+00,-1.000000000000000000e+00,-1.000000000000000000e+00,-1.000000000000000000e+00,-1.000000000000000000e+00,-1.000000000000000000e+00,-1.000000000000000000e+00,-1.000000000000000000e+00,-1.000000000000000000e+00,-1.000000000000000000e+00,-1.000000000000000000e+00,-1.000000000000000000e+00,-1.000000000000000000e+00,-1.000000000000000000e+00,-1.000000000000000000e+00,-1.000000000000000000e+00,-1.000000000000000000e+00,-1.000000000000000000e+00,-1.000000000000000000e+00,-1.000000000000000000e+00,-1.000000000000000000e+00,-1.000000000000000000e+00,-1.000000000000000000e+00,-1.000000000000000000e+00,-1.000000000000000000e+00,-1.000000000000000000e+00,-1.000000000000000000e+00,-1.000000000000000000e+00,-1.000000000000000000e+00,-1.000000000000000000e+00,-1.000000000000000000e+00,-1.000000000000000000e+00,-1.000000000000000000e+00,-1.000000000000000000e+00,-1.000000000000000000e+00,-1.000000000000000000e+00,-1.000000000000000000e+00,-1.000000000000000000e+00
-1.000000000000000000e+00,-1.000000000000000000e+00,-1.000000000000000000e+00,-1.000000000000000000e+00,-1.000000000000000000e+00,-1.000000000000000000e+00,-1.000000000000000000e+00,-1.000000000000000000e+00,-1.000000000000000000e+00,-1.000000000000000000e+00,-1.000000000000000000e+00,-1.000000000000000000e+00,-1.000000000000000000e+00,-1.000000000000000000e+00,-1.000000000000000000e+00,-1.000000000000000000e+00,-1.000000000000000000e+00,-1.000000000000000000e+00,-1.000000000000000000e+00,-1.000000000000000000e+00,-1.000000000000000000e+00,-1.000000000000000000e+00,-1.000000000000000000e+00,-1.000000000000000000e+00,-1.000000000000000000e+00,-1.000000000000000000e+00,-1.000000000000000000e+00,-1.000000000000000000e+00,-1.000000000000000000e+00,-1.000000000000000000e+00,-1.000000000000000000e+00,-1.000000000000000000e+00,-1.000000000000000000e+00,-1.000000000000000000e+00,-1.000000000000000000e+00,-1.000000000000000000e+00,-1.000000000000000000e+00,-1.000000000000000000e+00,-1.000000000000000000e+00,-1.000000000000000000e+00,-1.000000000000000000e+00,-1.000000000000000000e+00,-1.000000000000000000e+00,-1.000000000000000000e+00,-1.000000000000000000e+00,-1.000000000000000000e+00,-1.000000000000000000e+00,-1.000000000000000000e+00,-1.000000000000000000e+00,-1.000000000000000000e+00,-1.000000000000000000e+00,-1.000000000000000000e+00,-1.000000000000000000e+00,-1.000000000000000000e+00,-1.000000000000000000e+00,-1.000000000000000000e+00,-1.000000000000000000e+00,-1.000000000000000000e+00,-1.000000000000000000e+00,-1.000000000000000000e+00,-1.000000000000000000e+00,-1.000000000000000000e+00,-1.000000000000000000e+00,-1.000000000000000000e+00,-1.000000000000000000e+00,-1.000000000000000000e+00,3.744678932384130299e+00,3.736730489368734531e+00,3.716747030950583230e+00,3.677407850897426833e+00,3.618460550987563806e+00,3.536950378652980120e+00,3.431538832639139613e+00,3.305428792078368261e+00,3.170537979962183783e+00,3.051322905487152681e+00,2.982810233499702868e+00,2.994317162462290405e+00,3.073412490625995197e+00,3.131043751416042298e+00,3.131043754273572510e+00,3.073412498928459691e+00,2.994317175365961425e+00,2.982810250022954968e+00,3.051322924469234366e+00,3.170538000718563509e+00,3.305428815019300082e+00,3.431538857697043809e+00,3.536950406045394679e+00,3.618460582487133870e+00,3.677407883621143014e+00,3.716747068785485553e+00,3.736730532506200575e+00,3.744678977734928083e+00,-1.000000000000000000e+00,-1.000000000000000000e+00,-1.000000000000000000e+00,-1.000000000000000000e+00,-1.000000000000000000e+00,-1.000000000000000000e+00,-1.000000000000000000e+00,-1.000000000000000000e+00,-1.000000000000000000e+00,-1.000000000000000000e+00,-1.000000000000000000e+00,-1.000000000000000000e+00,-1.000000000000000000e+00,-1.000000000000000000e+00,-1.000000000000000000e+00,-1.000000000000000000e+00,-1.000000000000000000e+00,-1.000000000000000000e+00,-1.000000000000000000e+00,-1.000000000000000000e+00,-1.000000000000000000e+00,-1.000000000000000000e+00,-1.000000000000000000e+00,-1.000000000000000000e+00,-1.000000000000000000e+00,-1.000000000000000000e+00,-1.000000000000000000e+00,-1.000000000000000000e+00,-1.000000000000000000e+00,-1.000000000000000000e+00,-1.000000000000000000e+00,-1.000000000000000000e+00,-1.000000000000000000e+00,-1.000000000000000000e+00,-1.000000000000000000e+00,-1.000000000000000000e+00,-1.000000000000000000e+00,-1.000000000000000000e+00,-1.000000000000000000e+00,-1.000000000000000000e+00,-1.000000000000000000e+00,-1.000000000000000000e+00,-1.000000000000000000e+00,-1.000000000000000000e+00,-1.000000000000000000e+00,-1.000000000000000000e+00,-1.000000000000000000e+00,-1.000000000000000000e+00,-1.000000000000000000e+00,-1.000000000000000000e+00,-1.000000000000000000e+00,-1.000000000000000000e+00,-1.000000000000000000e+00,-1.000000000000000000e+00,-1.000000000000000000e+00,-1.000000000000000000e+00,-1.000000000000000000e+00,-1.000000000000000000e+00,-1.000000000000000000e+00,-1.000000000000000000e+00,-1.000000000000000000e+00,-1.000000000000000000e+00,-1.000000000000000000e+00,-1.000000000000000000e+00,-1.000000000000000000e+00,-1.000000000000000000e+00
-1.000000000000000000e+00,-1.000000000000000000e+00,-1.000000000000000000e+00,-1.000000000000000000e+00,-1.000000000000000000e+00,-1.000000000000000000e+00,-1.000000000000000000e+00,-1.000000000000000000e+00,-1.000000000000000000e+00,-1.000000000000000000e+00,-1.000000000000000000e+00,-1.000000000000000000e+00,-1.000000000000000000e+00,-1.000000000000000000e+00,-1.000000000000000000e+00,-1.000000000000000000e+00,-1.000000000000000000e+00,-1.000000000000000000e+00,-1.000000000000000000e+00,-1.000000000000000000e+00,-1.000000000000000000e+00,-1.000000000000000000e+00,-1.000000000000000000e+00,-1.000000000000000000e+00,-1.000000000000000000e+00,-1.000000000000000000e+00,-1.000000000000000000e+00,-1.000000000000000000e+00,-1.000000000000000000e+00,-1.000000000000000000e+00,-1.000000000000000000e+00,-1.000000000000000000e+00,-1.000000000000000000e+00,-1.000000000000000000e+00,-1.000000000000000000e+00,-1.000000000000000000e+00,-1.000000000000000000e+00,-1.000000000000000000e+00,-1.000000000000000000e+00,-1.000000000000000000e+00,-1.000000000000000000e+00,-1.000000000000000000e+00,-1.000000000000000000e+00,-1.000000000000000000e+00,-1.000000000000000000e+00,-1.000000000000000000e+00,-1.000000000000000000e+00,-1.000000000000000000e+00,-1.000000000000000000e+00,-1.000000000000000000e+00,-1.000000000000000000e+00,-1.000000000000000000e+00,-1.000000000000000000e+00,-1.000000000000000000e+00,-1.000000000000000000e+00,-1.000000000000000000e+00,-1.000000000000000000e+00,-1.000000000000000000e+00,-1.000000000000000000e+00,-1.000000000000000000e+00,-1.000000000000000000e+00,-1.000000000000000000e+00,-1.000000000000000000e+00,-1.000000000000000000e+00,-1.000000000000000000e+00,-1.000000000000000000e+00,3.744678912244590485e+00,3.736730469453124037e+00,3.716747010586975541e+00,3.677407829043714216e+00,3.618460531704661420e+00,3.536950359376691999e+00,3.431538816937626635e+00,3.305428777333483836e+00,3.170537966040207323e+00,3.051322893864856667e+00,2.982810224532506993e+00,2.994317156065314123e+00,3.073412486961219159e+00,3.131043750637074297e+00,3.131043756495811792e+00,3.073412503973685261e+00,2.994317182761483398e+00,2.982810259042882883e+00,3.051322934618040605e+00,3.170538012134952233e+00,3.305428828353633719e+00,3.431538872722756039e+00,3.536950420402249051e+00,3.618460597755169594e+00,3.677407899972516603e+00,3.716747084488564390e+00,3.736730546127437158e+00,3.744678991378920685e+00,-1.000000000000000000e+00,-1.000000000000000000e+00,-1.000000000000000000e+00,-1.000000000000000000e+00,-1.000000000000000000e+00,-1.000000000000000000e+00,-1.000000000000000000e+00,-1.000000000000000000e+00,-1.000000000000000000e+00,-1.000000000000000000e+00,-1.000000000000000000e+00,-1.000000000000000000e+00,-1.000000000000000000e+00,-1.000000000000000000e+00,-1.000000000000000000e+00,-1.000000000000000000e+00,-1.000000000000000000e+00,-1.000000000000000000e+00,-1.000000000000000000e+00,-1.000000000000000000e+00,-1.000000000000000000e+00,-1.000000000000000000e+00,-1.000000000000000000e+00,-1.000000000000000000e+00,-1.000000000000000000e+00,-1.000000000000000000e+00,-1.000000000000000000e+00,-1.000000000000000000e+00,-1.000000000000000000e+00,-1.000000000000000000e+00,-1.000000000000000000e+00,-1.000000000000000000e+00,-1.000000000000000000e+00,-1.000000000000000000e+00,-1.000000000000000000e+00,-1.000000000000000000e+00,-1.000000000000000000e+00,-1.000000000000000000e+00,-1.000000000000000000e+00,-1.000000000000000000e+00,-1.000000000000000000e+00,-1.000000000000000000e+00,-1.000000000000000000e+00,-1.000000000000000000e+00,-1.000000000000000000e+00,-1.000000000000000000e+00,-1.000000000000000000e+00,-1.000000000000000000e+00,-1.000000000000000000e+00,-1.000000000000000000e+00,-1.000000000000000000e+00,-1.000000000000000000e+00,-1.000000000000000000e+00,-1.000000000000000000e+00,-1.000000000000000000e+00,-1.000000000000000000e+00,-1.000000000000000000e+00,-1.000000000000000000e+00,-1.000000000000000000e+00,-1.000000000000000000e+00,-1.000000000000000000e+00,-1.000000000000000000e+00,-1.000000000000000000e+00,-1.000000000000000000e+00,-1.000000000000000000e+00,-1.000000000000000000e+00
-1.000000000000000000e+00,-1.000000000000000000e+00,-1.000000000000000000e+00,-1.000000000000000000e+00,-1.000000000000000000e+00,-1.000000000000000000e+00,-1.000000000000000000e+00,-1.000000000000000000e+00,-1.000000000000000000e+00,-1.000000000000000000e+00,-1.000000000000000000e+00,-1.000000000000000000e+00,-1.000000000000000000e+00,-1.000000000000000000e+00,-1.000000000000000000e+00,-1.000000000000000000e+00,-1.000000000000000000e+00,-1.000000000000000000e+00,-1.000000000000000000e+00,-1.000000000000000000e+00,-1.000000000000000000e+00,-1.000000000000000000e+00,-1.000000000000000000e+00,-1.000000000000000000e+00,-1.000000000000000000e+00,-1.000000000000000000e+00,-1.000000000000000000e+00,-1.000000000000000000e+00,-1.000000000000000000e+00,-1.000000000000000000e+00,-1.000000000000000000e+00,-1.000000000000000000e+00,-1.000000000000000000e+00,-1.000000000000000000e+00,-1.000000000000000000e+00,-1.000000000000000000e+00,-1.000000000000000000e+00,-1.000000000000000000e+00,-1.000000000000000000e+00,-1.000000000000000000e+00,-1.000000000000000000e+00,-1.000000000000000000e+00,-1.000000000000000000e+00,-1.000000000000000000e+00,-1.000000000000000000e+00,-1.000000000000000000e+00,-1.000000000000000000e+00,-1.000000000000000000e+00,-1.000000000000000000e+00,-1.000000000000000000e+00,-1.000000000000000000e+00,-1.000000000000000000e+00,-1.000000000000000000e+00,-1.000000000000000000e+00,-1.000000000000000000e+00,-1.000000000000000000e+00,-1.000000000000000000e+00,-1.000000000000000000e+00,-1.000000000000000000e+00,-1.000000000000000000e+00,-1.000000000000000000e+00,-1.000000000000000000e+00,-1.000000000000000000e+00,-1.000000000000000000e+00,-1.000000000000000000e+00,-1.000000000000000000e+00,3.650788152826132560e+00,3.643544642092209074e+00,3.623858380954179559e+00,3.583049234957142559e+00,3.520687693863260748e+00,3.433717131718836413e+00,3.321089049536993798e+00,3.186836106648854638e+00,3.044268968720375668e+00,2.919413271573665813e+00,2.848240399552081303e+00,2.859785019683347862e+00,2.940291197409999224e+00,2.999131462780097568e+00,2.999131471880467359e+00,2.940291223885486804e+00,2.859785061471266765e+00,2.848240453776050174e+00,2.919413335878275007e+00,3.044269041612603033e+00,3.186836187136020904e+00,3.321089137890682608e+00,3.433717227508104486e+00,3.520687796017776705e+00,3.583049345850440659e+00,3.623858493267391623e+00,3.643544755159413562e+00,3.650788268939939130e+00,-1.000000000000000000e+00,-1.000000000000000000e+00,-1.000000000000000000e+00,-1.000000000000000000e+00,-1.000000000000000000e+00,-1.000000000000000000e+00,-1.000000000000000000e+00,-1.000000000000000000e+00,-1.000000000000000000e+00,-1.000000000000000000e+00,-1.000000000000000000e+00,-1.000000000000000000e+00,-1.000000000000000000e+00,-1.000000000000000000e+00,-1.000000000000000000e+00,-1.000000000000000000e+00,-1.000000000000000000e+00,-1.000000000000000000e+00,-1.000000000000000000e+00,-1.000000000000000000e+00,-1.000000000000000000e+00,-1.000000000000000000e+00,-1.000000000000000000e+00,-1.000000000000000000e+00,-1.000000000000000000e+00,-1.000000000000000000e+00,-1.000000000000000000e+00,-1.000000000000000000e+00,-1.000000000000000000e+00,-1.000000000000000000e+00,-1.000000000000000000e+00,-1.000000000000000000e+00,-1.000000000000000000e+00,-1.000000000000000000e+00,-1.000000000000000000e+00,-1.000000000000000000e+00,-1.000000000000000000e+00,-1.000000000000000000e+00,-1.000000000000000000e+00,-1.000000000000000000e+00,-1.000000000000000000e+00,-1.000000000000000000e+00,-1.000000000000000000e+00,-1.000000000000000000e+00,-1.000000000000000000e+00,-1.000000000000000000e+00,-1.000000000000000000e+00,-1.000000000000000000e+00,-1.000000000000000000e+00,-1.000000000000000000e+00,-1.000000000000000000e+00,-1.000000000000000000e+00,-1.000000000000000000e+00,-1.000000000000000000e+00,-1.000000000000000000e+00,-1.000000000000000000e+00,-1.000000000000000000e+00,-1.000000000000000000e+00,-1.000000000000000000e+00,-1.000000000000000000e+00,-1.000000000000000000e+00,-1.000000000000000000e+00,-1.000000000000000000e+00,-1.000000000000000000e+00,-1.000000000000000000e+00,-1.000000000000000000e+00
-1.000000000000000000e+00,-1.000000000000000000e+00,-1.000000000000000000e+00,-1.000000000000000000e+00,-1.000000000000000000e+00,-1.000000000000000000e+00,-1.000000000000000000e+00,-1.000000000000000000e+00,-1.000000000000000000e+00,-1.000000000000000000e+00,-1.000000000000000000e+00,-1.000000000000000000e+00,-1.000000000000000000e+00,-1.000000000000000000e+00,-1.000000000000000000e+00,-1.000000000000000000e+00,-1.000000000000000000e+00,-1.000000000000000000e+00,-1.000000000000000000e+00,-1.000000000000000000e+00,-1.000000000000000000e+00,-1.000000000000000000e+00,-1.000000000000000000e+00,-1.000000000000000000e+00,-1.000000000000000000e+00,-1.000000000000000000e+00,-1.000000000000000000e+00,-1.000000000000000000e+00,-1.000000000000000000e+00,-1.000000000000000000e+00,-1.000000000000000000e+00,-1.000000000000000000e+00,-1.000000000000000000e+00,-1.000000000000000000e+00,-1.000000000000000000e+00,-1.000000000000000000e+00,-1.000000000000000000e+00,-1.000000000000000000e+00,-1.000000000000000000e+00,-1.000000000000000000e+00,-1.000000000000000000e+00,-1.000000000000000000e+00,-1.000000000000000000e+00,-1.000000000000000000e+00,-1.000000000000000000e+00,-1.000000000000000000e+00,-1.000000000000000000e+00,-1.000000000000000000e+00,-1.000000000000000000e+00,-1.000000000000000000e+00,-1.000000000000000000e+00,-1.000000000000000000e+00,-1.000000000000000000e+00,-1.000000000000000000e+00,-1.000000000000000000e+00,-1.000000000000000000e+00,-1.000000000000000000e+00,-1.000000000000000000e+00,-1.000000000000000000e+00,-1.000000000000000000e+00,-1.000000000000000000e+00,-1.000000000000000000e+00,-1.000000000000000000e+00,-1.000000000000000000e+00,-1.000000000000000000e+00,-1.000000000000000000e+00,3.463067058046457980e+00,3.458169944327363687e+00,3.440089417827560503e+00,3.397045158716290203e+00,3.328435356645367271e+00,3.231300439405681679e+00,3.105478599810036044e+00,2.956871321260838847e+00,2.801517984938675543e+00,2.668155856880459087e+00,2.594046824662183504e+00,2.607279603163057402e+00,2.691458059097063149e+00,2.753041642879688222e+00,2.753041655465541915e+00,2.691458095953668028e+00,2.607279661940734350e+00,2.594046901390348214e+00,2.668155947681349005e+00,2.801518087368812360e+00,2.956871433868491383e+00,3.105478721329279601e+00,3.231300571664047716e+00,3.328435497673241983e+00,3.397045309547996439e+00,3.440089573198180872e+00,3.458170098749019594e+00,3.463067216011215699e+00,-1.000000000000000000e+00,-1.000000000000000000e+00,-1.000000000000000000e+00,-1.000000000000000000e+00,-1.000000000000000000e+00,-1.000000000000000000e+00,-1.000000000000000000e+00,-1.000000000000000000e+00,-1.000000000000000000e+00,-1.000000000000000000e+00,-1.000000000000000000e+00,-1.000000000000000000e+00,-1.000000000000000000e+00,-1.000000000000000000e+00,-1.000000000000000000e+00,-1.000000000000000000e+00,-1.000000000000000000e+00,-1.000000000000000000e+00,-1.000000000000000000e+00,-1.000000000000000000e+00,-1.000000000000000000e+00,-1.000000000000000000e+00,-1.000000000000000000e+00,-1.000000000000000000e+00,-1.000000000000000000e+00,-1.000000000000000000e+00,-1.000000000000000000e+00,-1.000000000000000000e+00,-1.000000000000000000e+00,-1.000000000000000000e+00,-1.000000000000000000e+00,-1.000000000000000000e+00,-1.000000000000000000e+00,-1.000000000000000000e+00,-1.000000000000000000e+00,-1.000000000000000000e+00,-1.000000000000000000e+00,-1.000000000000000000e+00,-1.000000000000000000e+00,-1.000000000000000000e+00,-1.000000000000000000e+00,-1.000000000000000000e+00,-1.000000000000000000e+00,-1.000000000000000000e+00,-1.000000000000000000e+00,-1.000000000000000000e+00,-1.000000000000000000e+00,-1.000000000000000000e+00,-1.000000000000000000e+00,-1.000000000000000000e+00,-1.000000000000000000e+00,-1.000000000000000000e+00,-1.000000000000000000e+00,-1.000000000000000000e+00,-1.000000000000000000e+00,-1.000000000000000000e+00,-1.000000000000000000e+00,-1.000000000000000000e+00,-1.000000000000000000e+00,-1.000000000000000000e+00,-1.000000000000000000e+00,-1.000000000000000000e+00,-1.000000000000000000e+00,-1.000000000000000000e+00,-1.000000000000000000e+00,-1.000000000000000000e+00
-1.000000000000000000e+00,-1.000000000000000000e+00,-1.000000000000000000e+00,-1.000000000000000000e+00,-1.000000000000000000e+00,-1.000000000000000000e+00,-1.000000000000000000e+00,-1.000000000000000000e+00,-1.000000000000000000e+00,-1.000000000000000000e+00,-1.000000000000000000e+00,-1.000000000000000000e+00,-1.000000000000000000e+00,-1.000000000000000000e+00,-1.000000000000000000e+00,-1.000000000000000000e+00,-1.000000000000000000e+00,-1.000000000000000000e+00,-1.000000000000000000e+00,-1.000000000000000000e+00,-1.000000000000000000e+00,-1.000000000000000000e+00,-1.000000000000000000e+00,-1.000000000000000000e+00,-1.000000000000000000e+00,-1.000000000000000000e+00,-1.000000000000000000e+00,-1.000000000000000000e+00,-1.000000000000000000e+00,-1.000000000000000000e+00,-1.000000000000000000e+00,-1.000000000000000000e+00,-1.000000000000000000e+00,-1.000000000000000000e+00,-1.000000000000000000e+00,-1.000000000000000000e+00,-1.000000000000000000e+00,-1.000000000000000000e+00,-1.000000000000000000e+00,-1.000000000000000000e+00,-1.000000000000000000e+00,-1.000000000000000000e+00,-1.000000000000000000e+00,-1.000000000000000000e+00,-1.000000000000000000e+00,-1.000000000000000000e+00,-1.000000000000000000e+00,-1.000000000000000000e+00,-1.000000000000000000e+00,-1.000000000000000000e+00,-1.000000000000000000e+00,-1.000000000000000000e+00,-1.000000000000000000e+00,-1.000000000000000000e+00,-1.000000000000000000e+00,-1.000000000000000000e+00,-1.000000000000000000e+00,-1.000000000000000000e+00,-1.000000000000000000e+00,-1.000000000000000000e+00,-1.000000000000000000e+00,-1.000000000000000000e+00,-1.000000000000000000e+00,-1.000000000000000000e+00,-1.000000000000000000e+00,-1.000000000000000000e+00,3.179304170539128727e+00,3.181257212434694281e+00,3.168682668699743132e+00,3.124211490968145988e+00,3.047753819847917711e+00,2.937344625185652092e+00,2.794847087695252696e+00,2.629294104228635742e+00,2.460484043675143173e+00,2.320190881533039651e+00,2.246430991006346467e+00,2.265264635756051526e+00,2.356493729527734615e+00,2.422752344769430799e+00,2.422752360943719818e+00,2.356493776936467555e+00,2.265264711601460590e+00,2.246431090667431185e+00,2.320191000280992455e+00,2.460484177755169810e+00,2.629294251945955896e+00,2.794847247954555858e+00,2.937344797026874232e+00,3.047754001533860446e+00,3.124211683229171754e+00,3.168682872415692131e+00,3.181257415374932229e+00,3.179304377101209056e+00,-1.000000000000000000e+00,-1.000000000000000000e+00,-1.000000000000000000e+00,-1.000000000000000000e+00,-1.000000000000000000e+00,-1.000000000000000000e+00,-1.000000000000000000e+00,-1.000000000000000000e+00,-1.000000000000000000e+00,-1.000000000000000000e+00,-1.000000000000000000e+00,-1.000000000000000000e+00,-1.000000000000000000e+00,-1.000000000000000000e+00,-1.000000000000000000e+00,-1.000000000000000000e+00,-1.000000000000000000e+00,-1.000000000000000000e+00,-1.000000000000000000e+00,-1.000000000000000000e+00,-1.000000000000000000e+00,-1.000000000000000000e+00,-1.000000000000000000e+00,-1.000000000000000000e+00,-1.000000000000000000e+00,-1.000000000000000000e+00,-1.000000000000000000e+00,-1.000000000000000000e+00,-1.000000000000000000e+00,-1.000000000000000000e+00,-1.000000000000000000e+00,-1.000000000000000000e+00,-1.000000000000000000e+00,-1.000000000000000000e+00,-1.000000000000000000e+00,-1.000000000000000000e+00,-1.000000000000000000e+00,-1.000000000000000000e+00,-1.000000000000000000e+00,-1.000000000000000000e+00,-1.000000000000000000e+00,-1.000000000000000000e+00,-1.000000000000000000e+00,-1.000000000000000000e+00,-1.000000000000000000e+00,-1.000000000000000000e+00,-1.000000000000000000e+00,-1.000000000000000000e+00,-1.000000000000000000e+00,-1.000000000000000000e+00,-1.000000000000000000e+00,-1.000000000000000000e+00,-1.000000000000000000e+00,-1.000000000000000000e+00,-1.000000000000000000e+00,-1.000000000000000000e+00,-1.000000000000000000e+00,-1.000000000000000000e+00,-1.000000000000000000e+00,-1.000000000000000000e+00,-1.000000000000000000e+00,-1.000000000000000000e+00,-1.000000000000000000e+00,-1.000000000000000000e+00,-1.000000000000000000e+00,-1.000000000000000000e+00
-1.000000000000000000e+00,-1.000000000000000000e+00,-1.000000000000000000e+00,-1.000000000000000000e+00,-1.000000000000000000e+00,-1.000000000000000000e+00,-1.000000000000000000e+00,-1.000000000000000000e+00,-1.000000000000000000e+00,-1.000000000000000000e+00,-1.000000000000000000e+00,-1.000000000000000000e+00,-1.000000000000000000e+00,-1.000000000000000000e+00,-1.000000000000000000e+00,-1.000000000000000000e+00,-1.000000000000000000e+00,-1.000000000000000000e+00,-1.000000000000000000e+00,-1.000000000000000000e+00,-1.000000000000000000e+00,-1.000000000000000000e+00,-1.000000000000000000e+00,-1.000000000000000000e+00,-1.000000000000000000e+00,-1.000000000000000000e+00,-1.000000000000000000e+00,-1.000000000000000000e+00,-1.000000000000000000e+00,-1.000000000000000000e+00,-1.000000000000000000e+00,-1.000000000000000000e+00,-1.000000000000000000e+00,-1.000000000000000000e+00,-1.000000000000000000e+00,-1.000000000000000000e+00,-1.000000000000000000e+00,-1.000000000000000000e+00,-1.000000000000000000e+00,-1.000000000000000000e+00,-1.000000000000000000e+00,-1.000000000000000000e+00,-1.000000000000000000e+00,-1.000000000000000000e+00,-1.000000000000000000e+00,-1.000000000000000000e+00,-1.000000000000000000e+00,-1.000000000000000000e+00,-1.000000000000000000e+00,-1.000000000000000000e+00,-1.000000000000000000e+00,-1.000000000000000000e+00,-1.000000000000000000e+00,-1.000000000000000000e+00,-1.000000000000000000e+00,-1.000000000000000000e+00,-1.000000000000000000e+00,-1.000000000000000000e+00,-1.000000000000000000e+00,-1.000000000000000000e+00,-1.000000000000000000e+00,-1.000000000000000000e+00,-1.000000000000000000e+00,-1.000000000000000000e+00,-1.000000000000000000e+00,-1.000000000000000000e+00,2.788779268515534593e+00,2.810443097880662044e+00,2.812771265649272046e+00,2.770451257151566260e+00,2.686648549060892233e+00,2.562500458308974771e+00,2.403599684456168006e+00,2.223300732989382134e+00,2.045495154748278033e+00,1.904342307686422764e+00,1.837382632285501138e+00,1.867469938701815213e+00,1.969827045713562264e+00,2.042870529418773451e+00,2.042870548962004484e+00,1.969827103250955336e+00,1.867470031367777672e+00,1.837382754928498230e+00,1.904342454914595528e+00,2.045495322021179341e+00,2.223300917080645256e+00,2.403599884355983818e+00,2.562500671945990405e+00,2.686648777252661269e+00,2.770451499516219940e+00,2.812771517920215736e+00,2.810443360932916246e+00,2.788779532267024130e+00,-1.000000000000000000e+00,-1.000000000000000000e+00,-1.000000000000000000e+00,-1.000000000000000000e+00,-1.000000000000000000e+00,-1.000000000000000000e+00,-1.000000000000000000e+00,-1.000000000000000000e+00,-1.000000000000000000e+00,-1.000000000000000000e+00,-1.000000000000000000e+00,-1.000000000000000000e+00,-1.000000000000000000e+00,-1.000000000000000000e+00,-1.000000000000000000e+00,-1.000000000000000000e+00,-1.000000000000000000e+00,-1.000000000000000000e+00,-1.000000000000000000e+00,-1.000000000000000000e+00,-1.000000000000000000e+00,-1.000000000000000000e+00,-1.000000000000000000e+00,-1.000000000000000000e+00,-1.000000000000000000e+00,-1.000000000000000000e+00,-1.000000000000000000e+00,-1.000000000000000000e+00,-1.000000000000000000e+00,-1.000000000000000000e+00,-1.000000000000000000e+00,-1.000000000000000000e+00,-1.000000000000000000e+00,-1.000000000000000000e+00,-1.000000000000000000e+00,-1.000000000000000000e+00,-1.000000000000000000e+00,-1.000000000000000000e+00,-1.000000000000000000e+00,-1.000000000000000000e+00,-1.000000000000000000e+00,-1.000000000000000000e+00,-1.000000000000000000e+00,-1.000000000000000000e+00,-1.000000000000000000e+00,-1.000000000000000000e+00,-1.000000000000000000e+00,-1.000000000000000000e+00,-1.000000000000000000e+00,-1.000000000000000000e+00,-1.000000000000000000e+00,-1.000000000000000000e+00,-1.000000000000000000e+00,-1.000000000000000000e+00,-1.000000000000000000e+00,-1.000000000000000000e+00,-1.000000000000000000e+00,-1.000000000000000000e+00,-1.000000000000000000e+00,-1.000000000000000000e+00,-1.000000000000000000e+00,-1.000000000000000000e+00,-1.000000000000000000e+00,-1.000000000000000000e+00,-1.000000000000000000e+00,-1.000000000000000000e+00
-1.000000000000000000e+00,-1.000000000000000000e+00,-1.000000000000000000e+00,-1.000000000000000000e+00,-1.000000000000000000e+00,-1.000000000000000000e+00,-1.000000000000000000e+00,-1.000000000000000000e+00,-1.000000000000000000e+00,-1.000000000000000000e+00,-1.000000000000000000e+00,-1.000000000000000000e+00,-1.000000000000000000e+00,-1.000000000000000000e+00,-1.000000000000000000e+00,-1.000000000000000000e+00,-1.000000000000000000e+00,-1.000000000000000000e+00,-1.000000000000000000e+00,-1.000000000000000000e+00,-1.000000000000000000e+00,-1.000000000000000000e+00,-1.000000000000000000e+00,-1.000000000000000000e+00,-1.000000000000000000e+00,-1.000000000000000000e+00,-1.000000000000000000e+00,-1.000000000000000000e+00,-1.000000000000000000e+00,-1.000000000000000000e+00,-1.000000000000000000e+00,-1.000000000000000000e+00,-1.000000000000000000e+00,-1.000000000000000000e+00,-1.000000000000000000e+00,-1.000000000000000000e+00,-1.000000000000000000e+00,-1.000000000000000000e+00,-1.000000000000000000e+00,-1.000000000000000000e+00,-1.000000000000000000e+00,-1.000000000000000000e+00,-1.000000000000000000e+00,-1.000000000000000000e+00,-1.000000000000000000e+00,-1.000000000000000000e+00,-1.000000000000000000e+00,-1.000000000000000000e+00,-1.000000000000000000e+00,-1.000000000000000000e+00,-1.000000000000000000e+00,-1.000000000000000000e+00,-1.000000000000000000e+00,-1.000000000000000000e+00,-1.000000000000000000e+00,-1.000000000000000000e+00,-1.000000000000000000e+00,-1.000000000000000000e+00,-1.000000000000000000e+00,-1.000000000000000000e+00,-1.000000000000000000e+00,-1.000000000000000000e+00,-1.000000000000000000e+00,-1.000000000000000000e+00,-1.000000000000000000e+00,-1.000000000000000000e+00,2.257689650449724361e+00,2.338293372728704078e+00,2.374684844301498288e+00,2.342342057289913182e+00,2.254966626009428321e+00,2.120484782093885023e+00,1.950166962003160531e+00,1.762334048100739015e+00,1.584405001570621696e+00,1.451567926291491339e+00,1.399497098071171397e+00,1.446992844698802294e+00,1.564465527686593305e+00,1.646217094174298179e+00,1.646217116672301195e+00,1.564465594167391949e+00,1.446992952586433123e+00,1.399497242436445354e+00,1.451568101406918831e+00,1.584405202286736092e+00,1.762334270096142852e+00,1.950167202503414021e+00,2.120485038808280542e+00,2.254966900307553423e+00,2.342342348950096298e+00,2.374685154056275671e+00,2.338293717804900584e+00,2.257689982601459810e+00,-1.000000000000000000e+00,-1.000000000000000000e+00,-1.000000000000000000e+00,-1.000000000000000000e+00,-1.000000000000000000e+00,-1.000000000000000000e+00,-1.000000000000000000e+00,-1.000000000000000000e+00,-1.000000000000000000e+00,-1.000000000000000000e+00,-1.000000000000000000e+00,-1.000000000000000000e+00,-1.000000000000000000e+00,-1.000000000000000000e+00,-1.000000000000000000e+00,-1.000000000000000000e+00,-1.000000000000000000e+00,-1.000000000000000000e+00,-1.000000000000000000e+00,-1.000000000000000000e+00,-1.000000000000000000e+00,-1.000000000000000000e+00,-1.000000000000000000e+00,-1.000000000000000000e+00,-1.000000000000000000e+00,-1.000000000000000000e+00,-1.000000000000000000e+00,-1.000000000000000000e+00,-1.000000000000000000e+00,-1.000000000000000000e+00,-1.000000000000000000e+00,-1.000000000000000000e+00,-1.000000000000000000e+00,-1.000000000000000000e+00,-1.000000000000000000e+00,-1.000000000000000000e+00,-1.000000000000000000e+00,-1.000000000000000000e+00,-1.000000000000000000e+00,-1.000000000000000000e+00,-1.000000000000000000e+00,-1.000000000000000000e+00,-1.000000000000000000e+00,-1.000000000000000000e+00,-1.000000000000000000e+00,-1.000000000000000000e+00,-1.000000000000000000e+00,-1.000000000000000000e+00,-1.000000000000000000e+00,-1.000000000000000000e+00,-1.000000000000000000e+00,-1.000000000000000000e+00,-1.000000000000000000e+00,-1.000000000000000000e+00,-1.000000000000000000e+00,-1.000000000000000000e+00,-1.000000000000000000e+00,-1.000000000000000000e+00,-1.000000000000000000e+00,-1.000000000000000000e+00,-1.000000000000000000e+00,-1.000000000000000000e+00,-1.000000000000000000e+00,-1.000000000000000000e+00,-1.000000000000000000e+00,-1.000000000000000000e+00
-1.000000000000000000e+00,-1.000000000000000000e+00,-1.000000000000000000e+00,-1.000000000000000000e+00,-1.000000000000000000e+00,-1.000000000000000000e+00,-1.000000000000000000e+00,-1.000000000000000000e+00,-1.000000000000000000e+00,-1.000000000000000000e+00,-1.000000000000000000e+00,-1.000000000000000000e+00,-1.000000000000000000e+00,-1.000000000000000000e+00,-1.000000000000000000e+00,-1.000000000000000000e+00,-1.000000000000000000e+00,-1.000000000000000000e+00,-1.000000000000000000e+00,-1.000000000000000000e+00,-1.000000000000000000e+00,-1.000000000000000000e+00,-1.000000000000000000e+00,-1.000000000000000000e+00,-1.000000000000000000e+00,-1.000000000000000000e+00,-1.000000000000000000e+00,-1.000000000000000000e+00,-1.000000000000000000e+00,-1.000000000000000000e+00,-1.000000000000000000e+00,-1.000000000000000000e+00,-1.000000000000000000e+00,-1.000000000000000000e+00,-1.000000000000000000e+00,-1.000000000000000000e+00,-1.000000000000000000e+00,-1.000000000000000000e+00,-1.000000000000000000e+00,-1.000000000000000000e+00,-1.000000000000000000e+00,-1.000000000000000000e+00,-1.000000000000000000e+00,-1.000000000000000000e+00,-1.000000000000000000e+00,-1.000000000000000000e+00,-1.000000000000000000e+00,-1.000000000000000000e+00,-1.000000000000000000e+00,-1.000000000000000000e+00,-1.000000000000000000e+00,-1.000000000000000000e+00,-1.000000000000000000e+00,-1.000000000000000000e+00,-1.682965486780378273e+00,-1.670347132537355561e+00,-1.631340504504250832e+00,-1.562552019461111996e+00,-1.458557899983938366e+00,-1.312346697008364149e+00,-1.116097148272068962e+00,-8.623494259403073903e-01,-5.454070821892493814e-01,-1.621955573590014854e-01,2.896891297233921136e-01,8.228182217398718468e-01,1.497437728039796134e+00,1.766113077665885100e+00,1.861766294828883783e+00,1.851022995798122572e+00,1.767135548522037247e+00,1.629757164284769910e+00,1.457315260972242843e+00,1.272830036821186894e+00,1.105977144884284336e+00,9.914715741769022372e-01,9.620947041774692288e-01,1.032319627942258844e+00,1.168036118782906918e+00,1.259898892187886865e+00,1.259898917078763780e+00,1.168036192631223713e+00,1.032319748637445578e+00,9.620948674362856945e-01,9.914717747517607371e-01,1.105977377196318834e+00,1.272830296010359685e+00,1.457315542529546981e+00,1.629757466293528800e+00,1.767135871872146602e+00,1.851023341205315198e+00,1.861766668437870642e+00,1.766113491868327223e+00,1.497438203953669333e+00,8.228188746600728631e-01,2.896899325460680075e-01,-1.621946030138445849e-01,-5.454059842344435305e-01,-8.623481975972673297e-01,-1.116095805602019153e+00,-1.312345257407710575e+00,-1.458556381459811702e+00,-1.562550439593688001e+00,-1.631338880763966825e+00,-1.670345474619411963e+00,-1.682963822864051995e+00,-1.000000000000000000e+00,-1.000000000000000000e+00,-1.000000000000000000e+00,-1.000000000000000000e+00,-1.000000000000000000e+00,-1.000000000000000000e+00,-1.000000000000000000e+00,-1.000000000000000000e+00,-1.000000000000000000e+00,-1.000000000000000000e+00,-1.000000000000000000e+00,-1.000000000000000000e+00,-1.000000000000000000e+00,-1.000000000000000000e+00,-1.000000000000000000e+00,-1.000000000000000000e+00,-1.000000000000000000e+00,-1.000000000000000000e+00,-1.000000000000000000e+00,-1.000000000000000000e+00,-1.000000000000000000e+00,-1.000000000000000000e+00,-1.000000000000000000e+00,-1.000000000000000000e+00,-1.000000000000000000e+00,-1.000000000000000000e+00,-1.000000000000000000e+00,-1.000000000000000000e+00,-1.000000000000000000e+00,-1.000000000000000000e+00,-1.000000000000000000e+00,-1.000000000000000000e+00,-1.000000000000000000e+00,-1.000000000000000000e+00,-1.000000000000000000e+00,-1.000000000000000000e+00,-1.000000000000000000e+00,-1.000000000000000000e+00,-1.000000000000000000e+00,-1.000000000000000000e+00,-1.000000000000000000e+00,-1.000000000000000000e+00,-1.000000000000000000e+00,-1.000000000000000000e+00,-1.000000000000000000e+00,-1.000000000000000000e+00,-1.000000000000000000e+00,-1.000000000000000000e+00,-1.000000000000000000e+00,-1.000000000000000000e+00,-1.000000000000000000e+00,-1.000000000000000000e+00,-1.000000000000000000e+00,-1.000000000000000000e+00
-1.000000000000000000e+00,-1.000000000000000000e+00,-1.000000000000000000e+00,-1.000000000000000000e+00,-1.000000000000000000e+00,-1.000000000000000000e+00,-1.000000000000000000e+00,-1.000000000000000000e+00,-1.000000000000000000e+00,-1.000000000000000000e+00,-1.000000000000000000e+00,-1.000000000000000000e+00,-1.000000000000000000e+00,-1.000000000000000000e+00,-1.000000000000000000e+00,-1.000000000000000000e+00,-1.000000000000000000e+00,-1.000000000000000000e+00,-1.000000000000000000e+00,-1.000000000000000000e+00,-1.000000000000000000e+00,-1.000000000000000000e+00,-1.000000000000000000e+00,-1.000000000000000000e+00,-1.000000000000000000e+00,-1.000000000000000000e+00,-1.000000000000000000e+00,-1.000000000000000000e+00,-1.000000000000000000e+00,-1.000000000000000000e+00,-1.000000000000000000e+00,-1.000000000000000000e+00,-1.000000000000000000e+00,-1.000000000000000000e+00,-1.000000000000000000e+00,-1.000000000000000000e+00,-1.000000000000000000e+00,-1.000000000000000000e+00,-1.000000000000000000e+00,-1.000000000000000000e+00,-1.000000000000000000e+00,-1.000000000000000000e+00,-1.000000000000000000e+00,-1.000000000000000000e+00,-1.000000000000000000e+00,-1.000000000000000000e+00,-1.000000000000000000e+00,-1.000000000000000000e+00,-1.000000000000000000e+00,-1.000000000000000000e+00,-1.000000000000000000e+00,-1.000000000000000000e+00,-1.000000000000000000e+00,-1.000000000000000000e+00,-1.687984441995757035e+00,-1.675875904592797339e+00,-1.638476179023952373e+00,-1.572630497047818210e+00,-1.473335095698868003e+00,-1.334215542871623139e+00,-1.148367946301112941e+00,-9.096650453950083648e-01,-6.145210560045164527e-01,-2.638883067261346138e-01,1.348254860263615740e-01,5.646288319263199629e-01,9.827825344738863045e-01,1.227160603992031973e+00,1.329895047986985990e+00,1.327338791868204915e+00,1.248321397487284656e+00,1.115705721966697261e+00,9.518291273385925955e-01,7.822838415010295865e-01,6.371979545088286567e-01,5.495521251578125987e-01,5.487660216794316703e-01,6.452375632237186132e-01,8.009775157630045772e-01,9.036441080120873881e-01,9.036441346681847175e-01,8.009775952504092356e-01,6.452376941924882203e-01,5.487662005707356627e-01,5.495523475390668988e-01,6.371982150877202322e-01,7.822841351128915210e-01,9.518294489963921023e-01,1.115706070057586707e+00,1.248321772250535311e+00,1.327339195265194949e+00,1.329895488973800610e+00,1.227161093925897895e+00,9.827830974124183161e-01,5.646295031329393588e-01,1.348263118134078731e-01,-2.638873342833214508e-01,-6.145199451328153817e-01,-9.096638079441511371e-01,-1.148366597302855840e+00,-1.334214099165782041e+00,-1.473333575048278776e+00,-1.572628917268528381e+00,-1.638474558863399100e+00,-1.675874256094889603e+00,-1.687982789168397391e+00,-1.000000000000000000e+00,-1.000000000000000000e+00,-1.000000000000000000e+00,-1.000000000000000000e+00,-1.000000000000000000e+00,-1.000000000000000000e+00,-1.000000000000000000e+00,-1.000000000000000000e+00,-1.000000000000000000e+00,-1.000000000000000000e+00,-1.000000000000000000e+00,-1.000000000000000000e+00,-1.000000000000000000e+00,-1.000000000000000000e+00,-1.000000000000000000e+00,-1.000000000000000000e+00,-1.000000000000000000e+00,-1.000000000000000000e+00,-1.000000000000000000e+00,-1.000000000000000000e+00,-1.000000000000000000e+00,-1.000000000000000000e+00,-1.000000000000000000e+00,-1.000000000000000000e+00,-1.000000000000000000e+00,-1.000000000000000000e+00,-1.000000000000000000e+00,-1.000000000000000000e+00,-1.000000000000000000e+00,-1.000000000000000000e+00,-1.000000000000000000e+00,-1.000000000000000000e+00,-1.000000000000000000e+00,-1.000000000000000000e+00,-1.000000000000000000e+00,-1.000000000000000000e+00,-1.000000000000000000e+00,-1.000000000000000000e+00,-1.000000000000000000e+00,-1.000000000000000000e+00,-1.000000000000000000e+00,-1.000000000000000000e+00,-1.000000000000000000e+00,-1.000000000000000000e+00,-1.000000000000000000e+00,-1.000000000000000000e+00,-1.000000000000000000e+00,-1.000000000000000000e+00,-1.000000000000000000e+00,-1.000000000000000000e+00,-1.000000000000000000e+00,-1.000000000000000000e+00,-1.000000000000000000e+00,-1.000000000000000000e+00
-1.000000000000000000e+00,-1.000000000000000000e+00,-1.000000000000000000e+00,-1.000000000000000000e+00,-1.000000000000000000e+00,-1.000000000000000000e+00,-1.000000000000000000e+00,-1.000000000000000000e+00,-1.000000000000000000e+00,-1.000000000000000000e+00,-1.000000000000000000e+00,-1.000000000000000000e+00,-1.000000000000000000e+00,-1.000000000000000000e+00,-1.000000000000000000e+00,-1.000000000000000000e+00,-1.000000000000000000e+00,-1.000000000000000000e+00,-1.000000000000000000e+00,-1.000000000000000000e+00,-1.000000000000000000e+00,-1.000000000000000000e+00,-1.000000000000000000e+00,-1.000000000000000000e+00,-1.000000000000000000e+00,-1.000000000000000000e+00,-1.000000000000000000e+00,-1.000000000000000000e+00,-1.000000000000000000e+00,-1.000000000000000000e+00,-1.000000000000000000e+00,-1.000000000000000000e+00,-1.000000000000000000e+00,-1.000000000000000000e+00,-1.000000000000000000e+00,-1.000000000000000000e+00,-1.000000000000000000e+00,-1.000000000000000000e+00,-1.000000000000000000e+00,-1.000000000000000000e+00,-1.000000000000000000e+00,-1.000000000000000000e+00,-1.000000000000000000e+00,-1.000000000000000000e+00,-1.000000000000000000e+00,-1.000000000000000000e+00,-1.000000000000000000e+00,-1.000000000000000000e+00,-1.000000000000000000e+00,-1.000000000000000000e+00,-1.000000000000000000e+00,-1.000000000000000000e+00,-1.000000000000000000e+00,-1.000000000000000000e+00,-1.697482255031276477e+00,-1.686321796281949670e+00,-1.651903790700921970e+00,-1.591494178965466855e+00,-1.500817037959081501e+00,-1.374569128403911211e+00,-1.207308348754619232e+00,-9.948306695468609462e-01,-7.360889460208845936e-01,-4.355902906202310243e-01,-1.061819392094441872e-01,2.273734114749266233e-01,5.226033276339208111e-01,7.160494902238390136e-01,8.033685771613137128e-01,8.002944188855345420e-01,7.276323797175272556e-01,6.069217909267607958e-01,4.611220176735486564e-01,3.160094712233927350e-01,2.005564957110557156e-01,1.452464446643517704e-01,1.761660975699612663e-01,3.002096908372302586e-01,4.762819072007928867e-01,5.897155310989368182e-01,5.897155591247922324e-01,4.762819909400328733e-01,3.002098296116337828e-01,1.761662888015542716e-01,1.452466848120708143e-01,2.005567803693408813e-01,3.160097953936102932e-01,4.611223771783250491e-01,6.069221844109797814e-01,7.276328071070232717e-01,8.002948827939448950e-01,8.033690858968540738e-01,7.160500555566493563e-01,5.226039695993165424e-01,2.273741543894032269e-01,-1.061810721391409640e-01,-4.355892962656028322e-01,-7.360878238175885269e-01,-9.948294288644199401e-01,-1.207307003109756582e+00,-1.374567693124792100e+00,-1.500815529203767040e+00,-1.591492612905491821e+00,-1.651902184444777877e+00,-1.686320165761869605e+00,-1.697480609575973132e+00,-1.000000000000000000e+00,-1.000000000000000000e+00,-1.000000000000000000e+00,-1.000000000000000000e+00,-1.000000000000000000e+00,-1.000000000000000000e+00,-1.000000000000000000e+00,-1.000000000000000000e+00,-1.000000000000000000e+00,-1.000000000000000000e+00,-1.000000000000000000e+00,-1.000000000000000000e+00,-1.000000000000000000e+00,-1.000000000000000000e+00,-1.000000000000000000e+00,-1.000000000000000000e+00,-1.000000000000000000e+00,-1.000000000000000000e+00,-1.000000000000000000e+00,-1.000000000000000000e+00,-1.000000000000000000e+00,-1.000000000000000000e+00,-1.000000000000000000e+00,-1.000000000000000000e+00,-1.000000000000000000e+00,-1.000000000000000000e+00,-1.000000000000000000e+00,-1.000000000000000000e+00,-1.000000000000000000e+00,-1.000000000000000000e+00,-1.000000000000000000e+00,-1.000000000000000000e+00,-1.000000000000000000e+00,-1.000000000000000000e+00,-1.000000000000000000e+00,-1.000000000000000000e+00,-1.000000000000000000e+00,-1.000000000000000000e+00,-1.000000000000000000e+00,-1.000000000000000000e+00,-1.000000000000000000e+00,-1.000000000000000000e+00,-1.000000000000000000e+00,-1.000000000000000000e+00,-1.000000000000000000e+00,-1.000000000000000000e+00,-1.000000000000000000e+00,-1.000000000000000000e+00,-1.000000000000000000e+00,-1.000000000000000000e+00,-1.000000000000000000e+00,-1.000000000000000000e+00,-1.000000000000000000e+00,-1.000000000000000000e+00
-1.000000000000000000e+00,-1.000000000000000000e+00,-1.000000000000000000e+00,-1.000000000000000000e+00,-1.000000000000000000e+00,-1.000000000000000000e+00,-1.000000000000000000e+00,-1.000000000000000000e+00,-1.000000000000000000e+00,-1.000000000000000000e+00,-1.000000000000000000e+00,-1.000000000000000000e+00,-1.000000000000000000e+00,-1.000000000000000000e+00,-1.000000000000000000e+00,-1.000000000000000000e+00,-1.000000000000000000e+00,-1.000000000000000000e+00,-1.000000000000000000e+00,-1.000000000000000000e+00,-1.000000000000000000e+00,-1.000000000000000000e+00,-1.000000000000000000e+00,-1.000000000000000000e+00,-1.000000000000000000e+00,-1.000000000000000000e+00,-1.000000000000000000e+00,-1.000000000000000000e+00,-1.000000000000000000e+00,-1.000000000000000000e+00,-1.000000000000000000e+00,-1.000000000000000000e+00,-1.000000000000000000e+00,-1.000000000000000000e+00,-1.000000000000000000e+00,-1.000000000000000000e+00,-1.000000000000000000e+00,-1.000000000000000000e+00,-1.000000000000000000e+00,-1.000000000000000000e+00,-1.000000000000000000e+00,-1.000000000000000000e+00,-1.000000000000000000e+00,-1.000000000000000000e+00,-1.000000000000000000e+00,-1.000000000000000000e+00,-1.000000000000000000e+00,-1.000000000000000000e+00,-1.000000000000000000e+00,-1.000000000000000000e+00,-1.000000000000000000e+00,-1.000000000000000000e+00,-1.000000000000000000e+00,-1.000000000000000000e+00,-1.710488256878362368e+00,-1.700590884306718120e+00,-1.670132375960706295e+00,-1.616894348158186334e+00,-1.537473113759403320e+00,-1.427799099200556254e+00,-1.284002707827671896e+00,-1.103711976712810294e+00,-8.878006086749337111e-01,-6.424648791567122430e-01,-3.813127251308969790e-01,-1.268932119104370093e-01,8.971850605965636660e-02,2.361267950841097196e-01,3.031085537709998778e-01,2.972819617395630054e-01,2.333771985090173917e-01,1.300670933026417675e-01,8.814861586296185436e-03,-1.061410738914958518e-01,-1.879932406990498794e-01,-2.090122619194211273e-01,-1.461032320818510533e-01,4.798999475698950690e-03,2.002289927369793610e-01,3.237812863440374667e-01,3.237813154236335311e-01,2.002290797881165485e-01,4.799144315676073802e-03,-1.461030310369352270e-01,-2.090120073082687435e-01,-1.879929358877248102e-01,-1.061407230789377376e-01,8.815255500446372849e-03,1.300675289853159278e-01,2.333776756505527850e-01,2.972824835069858285e-01,3.031091276223449871e-01,2.361274315289230152e-01,8.971921810697125466e-02,-1.268924073154366061e-01,-3.813118133920880837e-01,-6.424638512158338255e-01,-8.877994697031773574e-01,-1.103710733244462672e+00,-1.284001369134804005e+00,-1.427797677340497895e+00,-1.537471622654070558e+00,-1.616892803023425529e+00,-1.670130793230889976e+00,-1.700589281237778749e+00,-1.710486633048885263e+00,-1.000000000000000000e+00,-1.000000000000000000e+00,-1.000000000000000000e+00,-1.000000000000000000e+00,-1.000000000000000000e+00,-1.000000000000000000e+00,-1.000000000000000000e+00,-1.000000000000000000e+00,-1.000000000000000000e+00,-1.000000000000000000e+00,-1.000000000000000000e+00,-1.000000000000000000e+00,-1.000000000000000000e+00,-1.000000000000000000e+00,-1.000000000000000000e+00,-1.000000000000000000e+00,-1.000000000000000000e+00,-1.000000000000000000e+00,-1.000000000000000000e+00,-1.000000000000000000e+00,-1.000000000000000000e+00,-1.000000000000000000e+00,-1.000000000000000000e+00,-1.000000000000000000e+00,-1.000000000000000000e+00,-1.000000000000000000e+00,-1.000000000000000000e+00,-1.000000000000000000e+00,-1.000000000000000000e+00,-1.000000000000000000e+00,-1.000000000000000000e+00,-1.000000000000000000e+00,-1.000000000000000000e+00,-1.000000000000000000e+00,-1.000000000000000000e+00,-1.000000000000000000e+00,-1.000000000000000000e+00,-1.000000000000000000e+00,-1.000000000000000000e+00,-1.000000000000000000e+00,-1.000000000000000000e+00,-1.000000000000000000e+00,-1.000000000000000000e+00,-1.000000000000000000e+00,-1.000000000000000000e+00,-1.000000000000000000e+00,-1.000000000000000000e+00,-1.000000000000000000e+00,-1.000000000000000000e+00,-1.000000000000000000e+00,-1.000000000000000000e+00,-1.000000000000000000e+00,-1.000000000000000000e+00,-1.000000000000000000e+00
-1.000000000000000000e+00,-1.000000000000000000e+00,-1.000000000000000000e+00,-1.000000000000000000e+00,-1.000000000000000000e+00,-1.000000000000000000e+00,-1.000000000000000000e+00,-1.000000000000000000e+00,-1.000000000000000000e+00,-1.000000000000000000e+00,-1.000000000000000000e+00,-1.000000000000000000e+00,-1.000000000000000000e+00,-1.000000000000000000e+00,-1.000000000000000000e+00,-1.000000000000000000e+00,-1.000000000000000000e+00,-1.000000000000000000e+00,-1.000000000000000000e+00,-1.000000000000000000e+00,-1.000000000000000000e+00,-1.000000000000000000e+00,-1.000000000000000000e+00,-1.000000000000000000e+00,-1.000000000000000000e+00,-1.000000000000000000e+00,-1.000000000000000000e+00,-1.000000000000000000e+00,-1.000000000000000000e+00,-1.000000000000000000e+00,-1.000000000000000000e+00,-1.000000000000000000e+00,-1.000000000000000000e+00,-1.000000000000000000e+00,-1.000000000000000000e+00,-1.000000000000000000e+00,-1.000000000000000000e+00,-1.000000000000000000e+00,-1.000000000000000000e+00,-1.000000000000000000e+00,-1.000000000000000000e+00,-1.000000000000000000e+00,-1.000000000000000000e+00,-1.000000000000000000e+00,-1.000000000000000000e+00,-1.000000000000000000e+00,-1.000000000000000000e+00,-1.000000000000000000e+00,-1.000000000000000000e+00,-1.000000000000000000e+00,-1.000000000000000000e+00,-1.000000000000000000e+00,-1.000000000000000000e+00,-1.000000000000000000e+00,-1.725783613903379088e+00,-1.717319656216792279e+00,-1.691337090129874099e+00,-1.646143527968109810e+00,-1.579202474009746116e+00,-1.487617604358887125e+00,-1.368906195088471334e+00,-1.222102901941411135e+00,-1.049158545935813480e+00,-8.564489759084686904e-01,-6.559820652505962135e-01,-4.655796582595350674e-01,-3.068484699047374642e-01,-1.992733366878816081e-01,-1.508396712220190228e-01,-1.585266854100865208e-01,-2.116461258939054124e-01,-2.946626296347766294e-01,-3.886326349340727404e-01,-4.717455705568071034e-01,-5.197655940986365408e-01,-5.076139752775731262e-01,-4.147186842769101656e-01,-2.392113238659078212e-01,-2.631565098439803130e-02,1.062859766510122483e-01,1.062860065451025626e-01,-2.631556127070810991e-02,-2.392111742176041833e-01,-4.147184756666263405e-01,-5.076137095337216465e-01,-5.197652737221986063e-01,-4.717451985608505094e-01,-3.886322129649328883e-01,-2.946621586346231947e-01,-2.116456057639766186e-01,-1.585261131445385718e-01,-1.508390406874504652e-01,-1.992726409059422110e-01,-3.068477003991297858e-01,-4.655788035024457372e-01,-6.559811153937928907e-01,-8.564479241633385920e-01,-1.049157395647239310e+00,-1.222101657780218842e+00,-1.368904865635212076e+00,-1.487616200387705589e+00,-1.579201007164967141e+00,-1.646142011182408327e+00,-1.691335538915498704e+00,-1.717318085838766661e+00,-1.725782021649373998e+00,-1.000000000000000000e+00,-1.000000000000000000e+00,-1.000000000000000000e+00,-1.000000000000000000e+00,-1.000000000000000000e+00,-1.000000000000000000e+00,-1.000000000000000000e+00,-1.000000000000000000e+00,-1.000000000000000000e+00,-1.000000000000000000e+00,-1.000000000000000000e+00,-1.000000000000000000e+00,-1.000000000000000000e+00,-1.000000000000000000e+00,-1.000000000000000000e+00,-1.000000000000000000e+00,-1.000000000000000000e+00,-1.000000000000000000e+00,-1.000000000000000000e+00,-1.000000000000000000e+00,-1.000000000000000000e+00,-1.000000000000000000e+00,-1.000000000000000000e+00,-1.000000000000000000e+00,-1.000000000000000000e+00,-1.000000000000000000e+00,-1.000000000000000000e+00,-1.000000000000000000e+00,-1.000000000000000000e+00,-1.000000000000000000e+00,-1.000000000000000000e+00,-1.000000000000000000e+00,-1.000000000000000000e+00,-1.000000000000000000e+00,-1.000000000000000000e+00,-1.000000000000000000e+00,-1.000000000000000000e+00,-1.000000000000000000e+00,-1.000000000000000000e+00,-1.000000000000000000e+00,-1.000000000000000000e+00,-1.000000000000000000e+00,-1.000000000000000000e+00,-1.000000000000000000e+00,-1.000000000000000000e+00,-1.000000000000000000e+00,-1.000000000000000000e+00,-1.000000000000000000e+00,-1.000000000000000000e+00,-1.000000000000000000e+00,-1.000000000000000000e+00,-1.000000000000000000e+00,-1.000000000000000000e+00,-1.000000000000000000e+00
-1.000000000000000000e+00,-1.000000000000000000e+00,-1.000000000000000000e+00,-1.000000000000000000e+00,-1.000000000000000000e+00,-1.000000000000000000e+00,-1.000000000000000000e+00,-1.000000000000000000e+00,-1.000000000000000000e+00,-1.000000000000000000e+00,-1.000000000000000000e+00,-1.000000000000000000e+00,-1.000000000000000000e+00,-1.000000000000000000e+00,-1.000000000000000000e+00,-1.000000000000000000e+00,-1.000000000000000000e+00,-1.000000000000000000e+00,-1.000000000000000000e+00,-1.000000000000000000e+00,-1.000000000000000000e+00,-1.000000000000000000e+00,-1.000000000000000000e+00,-1.000000000000000000e+00,-1.000000000000000000e+00,-1.000000000000000000e+00,-1.000000000000000000e+00,-1.000000000000000000e+00,-1.000000000000000000e+00,-1.000000000000000000e+00,-1.000000000000000000e+00,-1.000000000000000000e+00,-1.000000000000000000e+00,-1.000000000000000000e+00,-1.000000000000000000e+00,-1.000000000000000000e+00,-1.000000000000000000e+00,-1.000000000000000000e+00,-1.000000000000000000e+00,-1.000000000000000000e+00,-1.000000000000000000e+00,-1.000000000000000000e+00,-1.000000000000000000e+00,-1.000000000000000000e+00,-1.000000000000000000e+00,-1.000000000000000000e+00,-1.000000000000000000e+00,-1.000000000000000000e+00,-1.000000000000000000e+00,-1.000000000000000000e+00,-1.000000000000000000e+00,-1.000000000000000000e+00,-1.000000000000000000e+00,-1.000000000000000000e+00,-1.742102060649389106e+00,-1.735104868008293222e+00,-1.713683139101443986e+00,-1.676619128330945951e+00,-1.622137968166046607e+00,-1.548326427357245905e+00,-1.453772736587608083e+00,-1.338431725088164992e+00,-1.204646183785457847e+00,-1.058128600840654299e+00,-9.085354077453715593e-01,-7.690863339453976044e-01,-6.545939987080281464e-01,-5.776002272782456703e-01,-5.439340565209853651e-01,-5.518722349722657849e-01,-5.934066006351763622e-01,-6.558821248936368420e-01,-7.231193911897279003e-01,-7.759632709071759837e-01,-7.927217864377986700e-01,-7.506657155348989141e-01,-6.312686005073118167e-01,-4.343324764730887022e-01,-2.063720667171118350e-01,-6.600967976177618546e-02,-6.600964940001785575e-02,-2.063719755089501451e-01,-4.343323241524252865e-01,-6.312683876672167127e-01,-7.506654432530381893e-01,-7.927214563375286627e-01,-7.759628844847277218e-01,-7.231189490668761266e-01,-6.558816278444737913e-01,-5.934060481788918651e-01,-5.518716243693730927e-01,-5.439333831175645617e-01,-5.775994875786494287e-01,-6.545931872542751773e-01,-7.690854431913294320e-01,-9.085344313721762655e-01,-1.058127534934887093e+00,-1.204645029777672960e+00,-1.338430488325814682e+00,-1.453771424357313435e+00,-1.548325046897308876e+00,-1.622136530402718879e+00,-1.676617645595006589e+00,-1.713681625980684187e+00,-1.735103337332788653e+00,-1.742100509497539251e+00,-1.000000000000000000e+00,-1.000000000000000000e+00,-1.000000000000000000e+00,-1.000000000000000000e+00,-1.000000000000000000e+00,-1.000000000000000000e+00,-1.000000000000000000e+00,-1.000000000000000000e+00,-1.000000000000000000e+00,-1.000000000000000000e+00,-1.000000000000000000e+00,-1.000000000000000000e+00,-1.000000000000000000e+00,-1.000000000000000000e+00,-1.000000000000000000e+00,-1.000000000000000000e+00,-1.000000000000000000e+00,-1.000000000000000000e+00,-1.000000000000000000e+00,-1.000000000000000000e+00,-1.000000000000000000e+00,-1.000000000000000000e+00,-1.000000000000000000e+00,-1.000000000000000000e+00,-1.000000000000000000e+00,-1.000000000000000000e+00,-1.000000000000000000e+00,-1.000000000000000000e+00,-1.000000000000000000e+00,-1.000000000000000000e+00,-1.000000000000000000e+00,-1.000000000000000000e+00,-1.000000000000000000e+00,-1.000000000000000000e+00,-1.000000000000000000e+00,-1.000000000000000000e+00,-1.000000000000000000e+00,-1.000000000000000000e+00,-1.000000000000000000e+00,-1.000000000000000000e+00,-1.000000000000000000e+00,-1.000000000000000000e+00,-1.000000000000000000e+00,-1.000000000000000000e+00,-1.000000000000000000e+00,-1.000000000000000000e+00,-1.000000000000000000e+00,-1.000000000000000000e+00,-1.000000000000000000e+00,-1.000000000000000000e+00,-1.000000000000000000e+00,-1.000000000000000000e+00,-1.000000000000000000e+00,-1.000000000000000000e+00
-1.000000000000000000e+00,-1.000000000000000000e+00,-1.000000000000000000e+00,-1.000000000000000000e+00,-1.000000000000000000e+00,-1.000000000000000000e+00,-1.000000000000000000e+00,-1.000000000000000000e+00,-1.000000000000000000e+00,-1.000000000000000000e+00,-1.000000000000000000e+00,-1.000000000000000000e+00,-1.000000000000000000e+00,-1.000000000000000000e+00,-1.000000000000000000e+00,-1.000000000000000000e+00,-1.000000000000000000e+00,-1.000000000000000000e+00,-1.000000000000000000e+00,-1.000000000000000000e+00,-1.000000000000000000e+00,-1.000000000000000000e+00,-1.000000000000000000e+00,-1.000000000000000000e+00,-1.000000000000000000e+00,-1.000000000000000000e+00,-1.000000000000000000e+00,-1.000000000000000000e+00,-1.000000000000000000e+00,-1.000000000000000000e+00,-1.000000000000000000e+00,-1.000000000000000000e+00,-1.000000000000000000e+00,-1.000000000000000000e+00,-1.000000000000000000e+00,-1.000000000000000000e+00,-1.000000000000000000e+00,-1.000000000000000000e+00,-1.000000000000000000e+00,-1.000000000000000000e+00,-1.000000000000000000e+00,-1.000000000000000000e+00,-1.000000000000000000e+00,-1.000000000000000000e+00,-1.000000000000000000e+00,-1.000000000000000000e+00,-1.000000000000000000e+00,-1.000000000000000000e+00,-1.000000000000000000e+00,-1.000000000000000000e+00,-1.000000000000000000e+00,-1.000000000000000000e+00,-1.000000000000000000e+00,-1.000000000000000000e+00,-1.758300443984729400e+00,-1.752694095735689128e+00,-1.735578651608926659e+00,-1.706126711792224970e+00,-1.663172434660687982e+00,-1.605550514347077407e+00,-1.532592464559141332e+00,-1.444762261607468234e+00,-1.344353254112049756e+00,-1.236076992581009559e+00,-1.127270285604375699e+00,-1.027377631288108217e+00,-9.464305881776879925e-01,-8.926138538805930001e-01,-8.698189173661561302e-01,-8.767184456298153794e-01,-9.071161402516182415e-01,-9.507647704980272119e-01,-9.940313556550897101e-01,-1.020228975702991647e+00,-1.009930318252262538e+00,-9.423746701035377038e-01,-8.006511885574738585e-01,-5.858204200125001204e-01,-3.453481170908979658e-01,-1.985615283217313509e-01,-1.985614978964136412e-01,-3.453480256992704778e-01,-5.858202672273549183e-01,-8.006509745913021892e-01,-9.423743954258462230e-01,-1.009929983732374081e+00,-1.020228581713840343e+00,-9.940309020990035771e-01,-9.507642576379282673e-01,-9.071155673657465002e-01,-8.767178102196624412e-01,-8.698182165831873647e-01,-8.926130866401180697e-01,-9.464297512241565125e-01,-1.027376720078758243e+00,-1.127269296536443477e+00,-1.236075923932333565e+00,-1.344352106696436566e+00,-1.444761040973492117e+00,-1.532591175519745885e+00,-1.605549165474227546e+00,-1.663171034378491786e+00,-1.706125270307901953e+00,-1.735577182177820532e+00,-1.752692610116984850e+00,-1.758298938646825516e+00,-1.000000000000000000e+00,-1.000000000000000000e+00,-1.000000000000000000e+00,-1.000000000000000000e+00,-1.000000000000000000e+00,-1.000000000000000000e+00,-1.000000000000000000e+00,-1.000000000000000000e+00,-1.000000000000000000e+00,-1.000000000000000000e+00,-1.000000000000000000e+00,-1.000000000000000000e+00,-1.000000000000000000e+00,-1.000000000000000000e+00,-1.000000000000000000e+00,-1.000000000000000000e+00,-1.000000000000000000e+00,-1.000000000000000000e+00,-1.000000000000000000e+00,-1.000000000000000000e+00,-1.000000000000000000e+00,-1.000000000000000000e+00,-1.000000000000000000e+00,-1.000000000000000000e+00,-1.000000000000000000e+00,-1.000000000000000000e+00,-1.000000000000000000e+00,-1.000000000000000000e+00,-1.000000000000000000e+00,-1.000000000000000000e+00,-1.000000000000000000e+00,-1.000000000000000000e+00,-1.000000000000000000e+00,-1.000000000000000000e+00,-1.000000000000000000e+00,-1.000000000000000000e+00,-1.000000000000000000e+00,-1.000000000000000000e+00,-1.000000000000000000e+00,-1.000000000000000000e+00,-1.000000000000000000e+00,-1.000000000000000000e+00,-1.000000000000000000e+00,-1.000000000000000000e+00,-1.000000000000000000e+00,-1.000000000000000000e+00,-1.000000000000000000e+00,-1.000000000000000000e+00,-1.000000000000000000e+00,-1.000000000000000000e+00,-1.000000000000000000e+00,-1.000000000000000000e+00,-1.000000000000000000e+00,-1.000000000000000000e+00
-1.000000000000000000e+00,-1.000000000000000000e+00,-1.000000000000000000e+00,-1.000000000000000000e+00,-1.000000000000000000e+00,-1.000000000000000000e+00,-1.000000000000000000e+00,-1.000000000000000000e+00,-1.000000000000000000e+00,-1.000000000000000000e+00,-1.000000000000000000e+00,-1.000000000000000000e+00,-1.000000000000000000e+00,-1.000000000000000000e+00,-1.000000000000000000e+00,-1.000000000000000000e+00,-1.000000000000000000e+00,-1.000000000000000000e+00,-1.000000000000000000e+00,-1.000000000000000000e+00,-1.000000000000000000e+00,-1.000000000000000000e+00,-1.000000000000000000e+00,-1.000000000000000000e+00,-1.000000000000000000e+00,-1.000000000000000000e+00,-1.000000000000000000e+00,-1.000000000000000000e+00,-1.000000000000000000e+00,-1.000000000000000000e+00,-1.000000000000000000e+00,-1.000000000000000000e+00,-1.000000000000000000e+00,-1.000000000000000000e+00,-1.000000000000000000e+00,-1.000000000000000000e+00,-1.000000000000000000e+00,-1.000000000000000000e+00,-1.000000000000000000e+00,-1.000000000000000000e+00,-1.000000000000000000e+00,-1.000000000000000000e+00,-1.000000000000000000e+00,-1.000000000000000000e+00,-1.000000000000000000e+00,-1.000000000000000000e+00,-1.000000000000000000e+00,-1.000000000000000000e+00,-1.000000000000000000e+00,-1.000000000000000000e+00,-1.000000000000000000e+00,-1.000000000000000000e+00,-1.000000000000000000e+00,-1.000000000000000000e+00,-1.773470593244045546e+00,-1.769106257168015617e+00,-1.755820149516759354e+00,-1.733082350409482997e+00,-1.700177669874246789e+00,-1.656464882375612957e+00,-1.601741380038059548e+00,-1.536686263547821341e+00,-1.463310866214773354e+00,-1.385287219241472911e+00,-1.307970885853971810e+00,-1.237923563128475735e+00,-1.181832250548897845e+00,-1.144973469212789086e+00,-1.129740088689086264e+00,-1.134875803936889582e+00,-1.155425636564412217e+00,-1.183028899367553732e+00,-1.206170966907657682e+00,-1.210245339265932696e+00,-1.177701362879153724e+00,-1.089357858978456717e+00,-9.295539437355756496e-01,-7.002946668126718288e-01,-4.497547702449032903e-01,-2.978061525613021621e-01,-2.978061223014301095e-01,-4.497546794052503794e-01,-7.002945150256515428e-01,-9.295537310907917572e-01,-1.089357585609403101e+00,-1.177701028852900622e+00,-1.210244944006608092e+00,-1.206170509923541134e+00,-1.183028380298348781e+00,-1.155425054724902534e+00,-1.134875157068084617e+00,-1.129739375746464658e+00,-1.144972690543514915e+00,-1.181831404426794352e+00,-1.237922647087575045e+00,-1.307969898172341772e+00,-1.385286159734447908e+00,-1.463309736180271825e+00,-1.536685067401742044e+00,-1.601740123060221066e+00,-1.656463571292932313e+00,-1.700176312178823590e+00,-1.733080956972022246e+00,-1.755818731472828631e+00,-1.769104824110662832e+00,-1.773469141532844962e+00,-1.000000000000000000e+00,-1.000000000000000000e+00,-1.000000000000000000e+00,-1.000000000000000000e+00,-1.000000000000000000e+00,-1.000000000000000000e+00,-1.000000000000000000e+00,-1.000000000000000000e+00,-1.000000000000000000e+00,-1.000000000000000000e+00,-1.000000000000000000e+00,-1.000000000000000000e+00,-1.000000000000000000e+00,-1.000000000000000000e+00,-1.000000000000000000e+00,-1.000000000000000000e+00,-1.000000000000000000e+00,-1.000000000000000000e+00,-1.000000000000000000e+00,-1.000000000000000000e+00,-1.000000000000000000e+00,-1.000000000000000000e+00,-1.000000000000000000e+00,-1.000000000000000000e+00,-1.000000000000000000e+00,-1.000000000000000000e+00,-1.000000000000000000e+00,-1.000000000000000000e+00,-1.000000000000000000e+00,-1.000000000000000000e+00,-1.000000000000000000e+00,-1.000000000000000000e+00,-1.000000000000000000e+00,-1.000000000000000000e+00,-1.000000000000000000e+00,-1.000000000000000000e+00,-1.000000000000000000e+00,-1.000000000000000000e+00,-1.000000000000000000e+00,-1.000000000000000000e+00,-1.000000000000000000e+00,-1.000000000000000000e+00,-1.000000000000000000e+00,-1.000000000000000000e+00,-1.000000000000000000e+00,-1.000000000000000000e+00,-1.000000000000000000e+00,-1.000000000000000000e+00,-1.000000000000000000e+00,-1.000000000000000000e+00,-1.000000000000000000e+00,-1.000000000000000000e+00,-1.000000000000000000e+00,-1.000000000000000000e+00
-1.000000000000000000e+00,-1.000000000000000000e+00,-1.000000000000000000e+00,-1.000000000000000000e+00,-1.000000000000000000e+00,-1.000000000000000000e+00,-1.000000000000000000e+00,-1.000000000000000000e+00,-1.000000000000000000e+00,-1.000000000000000000e+00,-1.000000000000000000e+00,-1.000000000000000000e+00,-1.000000000000000000e+00,-1.000000000000000000e+00,-1.000000000000000000e+00,-1.000000000000000000e+00,-1.000000000000000000e+00,-1.000000000000000000e+00,-1.000000000000000000e+00,-1.000000000000000000e+00,-1.000000000000000000e+00,-1.000000000000000000e+00,-1.000000000000000000e+00,-1.000000000000000000e+00,-1.000000000000000000e+00,-1.000000000000000000e+00,-1.000000000000000000e+00,-1.000000000000000000e+00,-1.000000000000000000e+00,-1.000000000000000000e+00,-1.000000000000000000e+00,-1.000000000000000000e+00,-1.000000000000000000e+00,-1.000000000000000000e+00,-1.000000000000000000e+00,-1.000000000000000000e+00,-1.000000000000000000e+00,-1.000000000000000000e+00,-1.000000000000000000e+00,-1.000000000000000000e+00,-1.000000000000000000e+00,-1.000000000000000000e+00,-1.000000000000000000e+00,-1.000000000000000000e+00,-1.000000000000000000e+00,-1.000000000000000000e+00,-1.000000000000000000e+00,-1.000000000000000000e+00,-1.000000000000000000e+00,-1.000000000000000000e+00,-1.000000000000000000e+00,-1.000000000000000000e+00,-1.000000000000000000e+00,-1.000000000000000000e+00,-1.786986611755864374e+00,-1.783678076071831153e+00,-1.773634051534822564e+00,-1.756536681849006243e+00,-1.731981907939409426e+00,-1.699668192974054026e+00,-1.659652290118025064e+00,-1.612644631220211178e+00,-1.560287260549841237e+00,-1.505322945489960151e+00,-1.451540023691141101e+00,-1.403388745737774501e+00,-1.365239711844452586e+00,-1.340403212760589380e+00,-1.330191917994672179e+00,-1.333323007135425842e+00,-1.345694799846883338e+00,-1.360354779704865624e+00,-1.367433769075482530e+00,-1.353964796531070602e+00,-1.303871002441783888e+00,-1.199193525819526318e+00,-1.025220118862961272e+00,-7.846625307209237343e-01,-5.262323104063788559e-01,-3.702368057186419259e-01,-3.702367759951890047e-01,-5.262322211901121483e-01,-7.846623817838398462e-01,-1.025219910121184297e+00,-1.199193257080020114e+00,-1.303870673156091398e+00,-1.353964405550158290e+00,-1.367433315693734386e+00,-1.360354263182809831e+00,-1.345694219457666874e+00,-1.333322361048993709e+00,-1.330191206588953845e+00,-1.340402437141751335e+00,-1.365238871302873580e+00,-1.403387839195060938e+00,-1.451539050650360041e+00,-1.505321906648004582e+00,-1.560286157836668464e+00,-1.612643468138292402e+00,-1.659651072539809702e+00,-1.699666926119749011e+00,-1.731980599931127074e+00,-1.756535342279018197e+00,-1.773632690119362199e+00,-1.783676701775280593e+00,-1.786985221486514730e+00,-1.000000000000000000e+00,-1.000000000000000000e+00,-1.000000000000000000e+00,-1.000000000000000000e+00,-1.000000000000000000e+00,-1.000000000000000000e+00,-1.000000000000000000e+00,-1.000000000000000000e+00,-1.000000000000000000e+00,-1.000000000000000000e+00,-1.000000000000000000e+00,-1.000000000000000000e+00,-1.000000000000000000e+00,-1.000000000000000000e+00,-1.000000000000000000e+00,-1.000000000000000000e+00,-1.000000000000000000e+00,-1.000000000000000000e+00,-1.000000000000000000e+00,-1.000000000000000000e+00,-1.000000000000000000e+00,-1.000000000000000000e+00,-1.000000000000000000e+00,-1.000000000000000000e+00,-1.000000000000000000e+00,-1.000000000000000000e+00,-1.000000000000000000e+00,-1.000000000000000000e+00,-1.000000000000000000e+00,-1.000000000000000000e+00,-1.000000000000000000e+00,-1.000000000000000000e+00,-1.000000000000000000e+00,-1.000000000000000000e+00,-1.000000000000000000e+00,-1.000000000000000000e+00,-1.000000000000000000e+00,-1.000000000000000000e+00,-1.000000000000000000e+00,-1.000000000000000000e+00,-1.000000000000000000e+00,-1.000000000000000000e+00,-1.000000000000000000e+00,-1.000000000000000000e+00,-1.000000000000000000e+00,-1.000000000000000000e+00,-1.000000000000000000e+00,-1.000000000000000000e+00,-1.000000000000000000e+00,-1.000000000000000000e+00,-1.000000000000000000e+00,-1.000000000000000000e+00,-1.000000000000000000e+00,-1.000000000000000000e+00
-1.000000000000000000e+00,-1.000000000000000000e+00,-1.000000000000000000e+00,-1.000000000000000000e+00,-1.000000000000000000e+00,-1.000000000000000000e+00,-1.000000000000000000e+00,-1.000000000000000000e+00,-1.000000000000000000e+00,-1.000000000000000000e+00,-1.000000000000000000e+00,-1.000000000000000000e+00,-1.000000000000000000e+00,-1.000000000000000000e+00,-1.000000000000000000e+00,-1.000000000000000000e+00,-1.000000000000000000e+00,-1.000000000000000000e+00,-1.000000000000000000e+00,-1.000000000000000000e+00,-1.000000000000000000e+00,-1.000000000000000000e+00,-1.000000000000000000e+00,-1.000000000000000000e+00,-1.000000000000000000e+00,-1.000000000000000000e+00,-1.000000000000000000e+00,-1.000000000000000000e+00,-1.000000000000000000e+00,-1.000000000000000000e+00,-1.000000000000000000e+00,-1.000000000000000000e+00,-1.000000000000000000e+00,-1.000000000000000000e+00,-1.000000000000000000e+00,-1.000000000000000000e+00,-1.000000000000000000e+00,-1.000000000000000000e+00,-1.000000000000000000e+00,-1.000000000000000000e+00,-1.000000000000000000e+00,-1.000000000000000000e+00,-1.000000000000000000e+00,-1.000000000000000000e+00,-1.000000000000000000e+00,-1.000000000000000000e+00,-1.000000000000000000e+00,-1.000000000000000000e+00,-1.000000000000000000e+00,-1.000000000000000000e+00,-1.000000000000000000e+00,-1.000000000000000000e+00,-1.000000000000000000e+00,-1.000000000000000000e+00,-1.798498150984110477e+00,-1.796050713270148647e+00,-1.788640782217981284e+00,-1.776092524818972951e+00,-1.758202730235368660e+00,-1.734872389079653576e+00,-1.706278903974946859e+00,-1.673065342431463209e+00,-1.636504432760924832e+00,-1.598576250264365228e+00,-1.561889903816715108e+00,-1.529395075264152748e+00,-1.503880186039526112e+00,-1.487335121933577309e+00,-1.480327759218894146e+00,-1.481533266340662847e+00,-1.487434156161371090e+00,-1.492090315765133735e+00,-1.486848768772287555e+00,-1.459971729880242375e+00,-1.396491232252486725e+00,-1.279364449855505459e+00,-1.094585173260818944e+00,-8.453916147280239324e-01,-5.809082455544185564e-01,-4.218022543711057448e-01,-4.218022255417821498e-01,-5.809081589966573755e-01,-8.453914703230168692e-01,-1.094584970759731934e+00,-1.279364188779458456e+00,-1.396490911578851524e+00,-1.459971348248689793e+00,-1.486848325277623006e+00,-1.492089809687408231e+00,-1.487433586498899230e+00,-1.481532631877450878e+00,-1.480327061222758589e+00,-1.487334361791668114e+00,-1.503879363661897006e+00,-1.529394190498590600e+00,-1.561888956987156352e+00,-1.598575242549716169e+00,-1.636503366493140321e+00,-1.673064220736774299e+00,-1.706277732532790692e+00,-1.734871173442343206e+00,-1.758201477825565462e+00,-1.776091244431241778e+00,-1.788639483058057866e+00,-1.796049403299161851e+00,-1.798496827674616494e+00,-1.000000000000000000e+00,-1.000000000000000000e+00,-1.000000000000000000e+00,-1.000000000000000000e+00,-1.000000000000000000e+00,-1.000000000000000000e+00,-1.000000000000000000e+00,-1.000000000000000000e+00,-1.000000000000000000e+00,-1.000000000000000000e+00,-1.000000000000000000e+00,-1.000000000000000000e+00,-1.000000000000000000e+00,-1.000000000000000000e+00,-1.000000000000000000e+00,-1.000000000000000000e+00,-1.000000000000000000e+00,-1.000000000000000000e+00,-1.000000000000000000e+00,-1.000000000000000000e+00,-1.000000000000000000e+00,-1.000000000000000000e+00,-1.000000000000000000e+00,-1.000000000000000000e+00,-1.000000000000000000e+00,-1.000000000000000000e+00,-1.000000000000000000e+00,-1.000000000000000000e+00,-1.000000000000000000e+00,-1.000000000000000000e+00,-1.000000000000000000e+00,-1.000000000000000000e+00,-1.000000000000000000e+00,-1.000000000000000000e+00,-1.000000000000000000e+00,-1.000000000000000000e+00,-1.000000000000000000e+00,-1.000000000000000000e+00,-1.000000000000000000e+00,-1.000000000000000000e+00,-1.000000000000000000e+00,-1.000000000000000000e+00,-1.000000000000000000e+00,-1.000000000000000000e+00,-1.000000000000000000e+00,-1.000000000000000000e+00,-1.000000000000000000e+00,-1.000000000000000000e+00,-1.000000000000000000e+00,-1.000000000000000000e+00,-1.000000000000000000e+00,-1.000000000000000000e+00,-1.000000000000000000e+00,-1.000000000000000000e+00
-1.000000000000000000e+00,-1.000000000000000000e+00,-1.000000000000000000e+00,-1.000000000000000000e+00,-1.000000000000000000e+00,-1.000000000000000000e+00,-1.000000000000000000e+00,-1.000000000000000000e+00,-1.000000000000000000e+00,-1.000000000000000000e+00,-1.000000000000000000e+00,-1.000000000000000000e+00,-1.000000000000000000e+00,-1.000000000000000000e+00,-1.000000000000000000e+00,-1.000000000000000000e+00,-1.000000000000000000e+00,-1.000000000000000000e+00,-1.000000000000000000e+00,-1.000000000000000000e+00,-1.000000000000000000e+00,-1.000000000000000000e+00,-1.000000000000000000e+00,-1.000000000000000000e+00,-1.000000000000000000e+00,-1.000000000000000000e+00,-1.000000000000000000e+00,-1.000000000000000000e+00,-1.000000000000000000e+00,-1.000000000000000000e+00,-1.000000000000000000e+00,-1.000000000000000000e+00,-1.000000000000000000e+00,-1.000000000000000000e+00,-1.000000000000000000e+00,-1.000000000000000000e+00,-1.000000000000000000e+00,-1.000000000000000000e+00,-1.000000000000000000e+00,-1.000000000000000000e+00,-1.000000000000000000e+00,-1.000000000000000000e+00,-1.000000000000000000e+00,-1.000000000000000000e+00,-1.000000000000000000e+00,-1.000000000000000000e+00,-1.000000000000000000e+00,-1.000000000000000000e+00,-1.000000000000000000e+00,-1.000000000000000000e+00,-1.000000000000000000e+00,-1.000000000000000000e+00,-1.000000000000000000e+00,-1.000000000000000000e+00,-1.807888172449856778e+00,-1.806118649484841798e+00,-1.800775000138271409e+00,-1.791770712010486433e+00,-1.779023259639569643e+00,-1.762542358683489185e+00,-1.742541705018678000e+00,-1.719555789230302834e+00,-1.694532165874084395e+00,-1.668859860953236351e+00,-1.644292765645636978e+00,-1.622739882696771385e+00,-1.605925502289743845e+00,-1.594964453701920304e+00,-1.589927151668881322e+00,-1.589455512545626448e+00,-1.590428519043426636e+00,-1.587612434950612883e+00,-1.573219733784635199e+00,-1.536398838661190869e+00,-1.462986870133831774e+00,-1.336607700635376927e+00,-1.143770144385785503e+00,-8.881022689979317652e-01,-6.190509486574626852e-01,-4.575894127182728033e-01,-4.575893850227288340e-01,-6.190508655384320269e-01,-8.881021304347953560e-01,-1.143769950051417794e+00,-1.336607449858104202e+00,-1.462986561611077097e+00,-1.536398471040841596e+00,-1.573219306004541851e+00,-1.587611946294343657e+00,-1.590427968195203379e+00,-1.589454898913781111e+00,-1.589926476959714563e+00,-1.594963719353717835e+00,-1.605924708579654192e+00,-1.622739030027741336e+00,-1.644291854864771141e+00,-1.668858893544971522e+00,-1.694531144391665745e+00,-1.719554716766728664e+00,-1.742540586658227308e+00,-1.762541200682803622e+00,-1.779022068671528789e+00,-1.791769496431330655e+00,-1.800773768114630302e+00,-1.806117408326747054e+00,-1.807886920350619819e+00,-1.000000000000000000e+00,-1.000000000000000000e+00,-1.000000000000000000e+00,-1.000000000000000000e+00,-1.000000000000000000e+00,-1.000000000000000000e+00,-1.000000000000000000e+00,-1.000000000000000000e+00,-1.000000000000000000e+00,-1.000000000000000000e+00,-1.000000000000000000e+00,-1.000000000000000000e+00,-1.000000000000000000e+00,-1.000000000000000000e+00,-1.000000000000000000e+00,-1.000000000000000000e+00,-1.000000000000000000e+00,-1.000000000000000000e+00,-1.000000000000000000e+00,-1.000000000000000000e+00,-1.000000000000000000e+00,-1.000000000000000000e+00,-1.000000000000000000e+00,-1.000000000000000000e+00,-1.000000000000000000e+00,-1.000000000000000000e+00,-1.000000000000000000e+00,-1.000000000000000000e+00,-1.000000000000000000e+00,-1.000000000000000000e+00,-1.000000000000000000e+00,-1.000000000000000000e+00,-1.000000000000000000e+00,-1.000000000000000000e+00,-1.000000000000000000e+00,-1.000000000000000000e+00,-1.000000000000000000e+00,-1.000000000000000000e+00,-1.000000000000000000e+00,-1.000000000000000000e+00,-1.000000000000000000e+00,-1.000000000000000000e+00,-1.000000000000000000e+00,-1.000000000000000000e+00,-1.000000000000000000e+00,-1.000000000000000000e+00,-1.000000000000000000e+00,-1.000000000000000000e+00,-1.000000000000000000e+00,-1.000000000000000000e+00,-1.000000000000000000e+00,-1.000000000000000000e+00,-1.000000000000000000e+00,-1.000000000000000000e+00
-1.000000000000000000e+00,-1.000000000000000000e+00,-1.000000000000000000e+00,-1.000000000000000000e+00,-1.000000000000000000e+00,-1.000000000000000000e+00,-1.000000000000000000e+00,-1.000000000000000000e+00,-1.000000000000000000e+00,-1.000000000000000000e+00,-1.000000000000000000e+00,-1.000000000000000000e+00,-1.000000000000000000e+00,-1.000000000000000000e+00,-1.000000000000000000e+00,-1.000000000000000000e+00,-1.000000000000000000e+00,-1.000000000000000000e+00,-1.000000000000000000e+00,-1.000000000000000000e+00,-1.000000000000000000e+00,-1.000000000000000000e+00,-1.000000000000000000e+00,-1.000000000000000000e+00,-1.000000000000000000e+00,-1.000000000000000000e+00,-1.000000000000000000e+00,-1.000000000000000000e+00,-1.000000000000000000e+00,-1.000000000000000000e+00,-1.000000000000000000e+00,-1.000000000000000000e+00,-1.000000000000000000e+00,-1.000000000000000000e+00,-1.000000000000000000e+00,-1.000000000000000000e+00,-1.000000000000000000e+00,-1.000000000000000000e+00,-1.000000000000000000e+00,-1.000000000000000000e+00,-1.000000000000000000e+00,-1.000000000000000000e+00,-1.000000000000000000e+00,-1.000000000000000000e+00,-1.000000000000000000e+00,-1.000000000000000000e+00,-1.000000000000000000e+00,-1.000000000000000000e+00,-1.000000000000000000e+00,-1.000000000000000000e+00,-1.000000000000000000e+00,-1.000000000000000000e+00,-1.000000000000000000e+00,-1.000000000000000000e+00,-1.815214197802751839e+00,-1.813962377435996753e+00,-1.810191379675138545e+00,-1.803867098614619691e+00,-1.794973490274622163e+00,-1.783569710909038264e+00,-1.769860142084397125e+00,-1.754263846522092551e+00,-1.737463505756810633e+00,-1.720409089751744558e+00,-1.704252010896720959e+00,-1.690194411589942547e+00,-1.679255775602810363e+00,-1.671979350473562054e+00,-1.668111222766156532e+00,-1.666272156710134400e+00,-1.663607071575122998e+00,-1.655362948867741490e+00,-1.634349615159905511e+00,-1.590334219526323478e+00,-1.509720599040347278e+00,-1.376604758440843401e+00,-1.177863556909161336e+00,-9.174118084779714355e-01,-6.449517561686463063e-01,-4.817231837523110460e-01,-4.817231574358060708e-01,-6.449516772520226260e-01,-9.174116770055718018e-01,-1.177863372537087283e+00,-1.376604520344025584e+00,-1.509720305852890521e+00,-1.590333869922621712e+00,-1.634349208122185315e+00,-1.655362483505475435e+00,-1.663606546388088248e+00,-1.666271571572594423e+00,-1.668110579457751985e+00,-1.671978650336279015e+00,-1.679255019144292760e+00,-1.690193599567772598e+00,-1.704251144471263135e+00,-1.720408170613037413e+00,-1.737462536567403459e+00,-1.754262830474145662e+00,-1.769859083644867326e+00,-1.783568616556667097e+00,-1.794972366615592563e+00,-1.803865953017545376e+00,-1.810190219464973271e+00,-1.813961209440169142e+00,-1.815213020559363954e+00,-1.000000000000000000e+00,-1.000000000000000000e+00,-1.000000000000000000e+00,-1.000000000000000000e+00,-1.000000000000000000e+00,-1.000000000000000000e+00,-1.000000000000000000e+00,-1.000000000000000000e+00,-1.000000000000000000e+00,-1.000000000000000000e+00,-1.000000000000000000e+00,-1.000000000000000000e+00,-1.000000000000000000e+00,-1.000000000000000000e+00,-1.000000000000000000e+00,-1.000000000000000000e+00,-1.000000000000000000e+00,-1.000000000000000000e+00,-1.000000000000000000e+00,-1.000000000000000000e+00,-1.000000000000000000e+00,-1.000000000000000000e+00,-1.000000000000000000e+00,-1.000000000000000000e+00,-1.000000000000000000e+00,-1.000000000000000000e+00,-1.000000000000000000e+00,-1.000000000000000000e+00,-1.000000000000000000e+00,-1.000000000000000000e+00,-1.000000000000000000e+00,-1.000000000000000000e+00,-1.000000000000000000e+00,-1.000000000000000000e+00,-1.000000000000000000e+00,-1.000000000000000000e+00,-1.000000000000000000e+00,-1.000000000000000000e+00,-1.000000000000000000e+00,-1.000000000000000000e+00,-1.000000000000000000e+00,-1.000000000000000000e+00,-1.000000000000000000e+00,-1.000000000000000000e+00,-1.000000000000000000e+00,-1.000000000000000000e+00,-1.000000000000000000e+00,-1.000000000000000000e+00,-1.000000000000000000e+00,-1.000000000000000000e+00,-1.000000000000000000e+00,-1.000000000000000000e+00,-1.000000000000000000e+00,-1.000000000000000000e+00
-1.000000000000000000e+00,-1.000000000000000000e+00,-1.000000000000000000e+00,-1.000000000000000000e+00,-1.000000000000000000e+00,-1.000000000000000000e+00,-1.000000000000000000e+00,-1.000000000000000000e+00,-1.000000000000000000e+00,-1.000000000000000000e+00,-1.000000000000000000e+00,-1.000000000000000000e+00,-1.000000000000000000e+00,-1.000000000000000000e+00,-1.000000000000000000e+00,-1.000000000000000000e+00,-1.000000000000000000e+00,-1.000000000000000000e+00,-1.000000000000000000e+00,-1.000000000000000000e+00,-1.000000000000000000e+00,-1.000000000000000000e+00,-1.000000000000000000e+00,-1.000000000000000000e+00,-1.000000000000000000e+00,-1.000000000000000000e+00,-1.000000000000000000e+00,-1.000000000000000000e+00,-1.000000000000000000e+00,-1.000000000000000000e+00,-1.000000000000000000e+00,-1.000000000000000000e+00,-1.000000000000000000e+00,-1.000000000000000000e+00,-1.000000000000000000e+00,-1.000000000000000000e+00,-1.000000000000000000e+00,-1.000000000000000000e+00,-1.000000000000000000e+00,-1.000000000000000000e+00,-1.000000000000000000e+00,-1.000000000000000000e+00,-1.000000000000000000e+00,-1.000000000000000000e+00,-1.000000000000000000e+00,-1.000000000000000000e+00,-1.000000000000000000e+00,-1.000000000000000000e+00,-1.000000000000000000e+00,-1.000000000000000000e+00,-1.000000000000000000e+00,-1.000000000000000000e+00,-1.000000000000000000e+00,-1.000000000000000000e+00,-1.820648056080157007e+00,-1.819781308874053538e+00,-1.817176405741181666e+00,-1.812827428528258178e+00,-1.806750614405143285e+00,-1.799020140820497549e+00,-1.789810532237279261e+00,-1.779436291854597174e+00,-1.768375651257337422e+00,-1.757262978620492078e+00,-1.746835227140724811e+00,-1.737823002836839326e+00,-1.730785649113553815e+00,-1.725898171113207979e+00,-1.722699158048755619e+00,-1.719797549239993284e+00,-1.714514213333922843e+00,-1.702416245755571156e+00,-1.676715278360438877e+00,-1.627598622215065571e+00,-1.541858029541189889e+00,-1.403915140568419373e+00,-1.200904362003971215e+00,-9.369500845712224191e-01,-6.619598523681794466e-01,-4.974101956692159598e-01,-4.974101709867746468e-01,-6.619597783784882949e-01,-9.369499613500302804e-01,-1.200904189204865746e+00,-1.403914917264348361e+00,-1.541857754459103891e+00,-1.627598294080127683e+00,-1.676714896264180465e+00,-1.702415808459048829e+00,-1.714513719323649266e+00,-1.719796998728826853e+00,-1.722698552688248785e+00,-1.725897512044315407e+00,-1.730784936956433651e+00,-1.737822238603958791e+00,-1.746834412191559327e+00,-1.757262114729926550e+00,-1.768374741101232717e+00,-1.779435338710727121e+00,-1.789809540112131003e+00,-1.799019115872179997e+00,-1.806749563317843865e+00,-1.812826357624127027e+00,-1.817175321767904084e+00,-1.819780217906383113e+00,-1.820646956803896543e+00,-1.000000000000000000e+00,-1.000000000000000000e+00,-1.000000000000000000e+00,-1.000000000000000000e+00,-1.000000000000000000e+00,-1.000000000000000000e+00,-1.000000000000000000e+00,-1.000000000000000000e+00,-1.000000000000000000e+00,-1.000000000000000000e+00,-1.000000000000000000e+00,-1.000000000000000000e+00,-1.000000000000000000e+00,-1.000000000000000000e+00,-1.000000000000000000e+00,-1.000000000000000000e+00,-1.000000000000000000e+00,-1.000000000000000000e+00,-1.000000000000000000e+00,-1.000000000000000000e+00,-1.000000000000000000e+00,-1.000000000000000000e+00,-1.000000000000000000e+00,-1.000000000000000000e+00,-1.000000000000000000e+00,-1.000000000000000000e+00,-1.000000000000000000e+00,-1.000000000000000000e+00,-1.000000000000000000e+00,-1.000000000000000000e+00,-1.000000000000000000e+00,-1.000000000000000000e+00,-1.000000000000000000e+00,-1.000000000000000000e+00,-1.000000000000000000e+00,-1.000000000000000000e+00,-1.000000000000000000e+00,-1.000000000000000000e+00,-1.000000000000000000e+00,-1.000000000000000000e+00,-1.000000000000000000e+00,-1.000000000000000000e+00,-1.000000000000000000e+00,-1.000000000000000000e+00,-1.000000000000000000e+00,-1.000000000000000000e+00,-1.000000000000000000e+00,-1.000000000000000000e+00,-1.000000000000000000e+00,-1.000000000000000000e+00,-1.000000000000000000e+00,-1.000000000000000000e+00,-1.000000000000000000e+00,-1.000000000000000000e+00
-1.000000000000000000e+00,-1.000000000000000000e+00,-1.000000000000000000e+00,-1.000000000000000000e+00,-1.000000000000000000e+00,-1.000000000000000000e+00,-1.000000000000000000e+00,-1.000000000000000000e+00,-1.000000000000000000e+00,-1.000000000000000000e+00,-1.000000000000000000e+00,-1.000000000000000000e+00,-1.000000000000000000e+00,-1.000000000000000000e+00,-1.000000000000000000e+00,-1.000000000000000000e+00,-1.000000000000000000e+00,-1.000000000000000000e+00,-1.000000000000000000e+00,-1.000000000000000000e+00,-1.000000000000000000e+00,-1.000000000000000000e+00,-1.000000000000000000e+00,-1.000000000000000000e+00,-1.000000000000000000e+00,-1.000000000000000000e+00,-1.000000000000000000e+00,-1.000000000000000000e+00,-1.000000000000000000e+00,-1.000000000000000000e+00,-1.000000000000000000e+00,-1.000000000000000000e+00,-1.000000000000000000e+00,-1.000000000000000000e+00,-1.000000000000000000e+00,-1.000000000000000000e+00,-1.000000000000000000e+00,-1.000000000000000000e+00,-1.000000000000000000e+00,-1.000000000000000000e+00,-1.000000000000000000e+00,-1.000000000000000000e+00,-1.000000000000000000e+00,-1.000000000000000000e+00,-1.000000000000000000e+00,-1.000000000000000000e+00,-1.000000000000000000e+00,-1.000000000000000000e+00,-1.000000000000000000e+00,-1.000000000000000000e+00,-1.000000000000000000e+00,-1.000000000000000000e+00,-1.000000000000000000e+00,-1.000000000000000000e+00,-1.824423563525535696e+00,-1.823836757197450309e+00,-1.822077120324643307e+00,-1.819152037471045258e+00,-1.815089990412930288e+00,-1.809962252904923741e+00,-1.803907662921922839e+00,-1.797154100512088348e+00,-1.790028154987646669e+00,-1.782943221219542185e+00,-1.776356720896211439e+00,-1.770689582948578700e+00,-1.766204630232229622e+00,-1.762842541827762899e+00,-1.760011096021328658e+00,-1.756313224974484610e+00,-1.749184436809449794e+00,-1.734400785596923900e+00,-1.705438005350723873e+00,-1.652761586891418943e+00,-1.563421785952264331e+00,-1.422058897246197606e+00,-1.215983649870902683e+00,-9.494729062776556816e-01,-6.726019861002001665e-01,-5.070611673808415043e-01,-5.070611445644793713e-01,-6.726019176916544495e-01,-9.494727923719921137e-01,-1.215983490063923922e+00,-1.422058690576388784e+00,-1.563421531243869067e+00,-1.652761283010871551e+00,-1.705437651401304988e+00,-1.734400380033878974e+00,-1.749183978308075593e+00,-1.756312713930125780e+00,-1.760010533822292444e+00,-1.762841929425520204e+00,-1.766203968294153936e+00,-1.770688872589344154e+00,-1.776355963576879304e+00,-1.782942418707676113e+00,-1.790027309884453022e+00,-1.797153216071819770e+00,-1.803906742869359592e+00,-1.809961302761598834e+00,-1.815089016599805927e+00,-1.819151045636280273e+00,-1.822076116566050841e+00,-1.823835746772647370e+00,-1.824422545160620857e+00,-1.000000000000000000e+00,-1.000000000000000000e+00,-1.000000000000000000e+00,-1.000000000000000000e+00,-1.000000000000000000e+00,-1.000000000000000000e+00,-1.000000000000000000e+00,-1.000000000000000000e+00,-1.000000000000000000e+00,-1.000000000000000000e+00,-1.000000000000000000e+00,-1.000000000000000000e+00,-1.000000000000000000e+00,-1.000000000000000000e+00,-1.000000000000000000e+00,-1.000000000000000000e+00,-1.000000000000000000e+00,-1.000000000000000000e+00,-1.000000000000000000e+00,-1.000000000000000000e+00,-1.000000000000000000e+00,-1.000000000000000000e+00,-1.000000000000000000e+00,-1.000000000000000000e+00,-1.000000000000000000e+00,-1.000000000000000000e+00,-1.000000000000000000e+00,-1.000000000000000000e+00,-1.000000000000000000e+00,-1.000000000000000000e+00,-1.000000000000000000e+00,-1.000000000000000000e+00,-1.000000000000000000e+00,-1.000000000000000000e+00,-1.000000000000000000e+00,-1.000000000000000000e+00,-1.000000000000000000e+00,-1.000000000000000000e+00,-1.000000000000000000e+00,-1.000000000000000000e+00,-1.000000000000000000e+00,-1.000000000000000000e+00,-1.000000000000000000e+00,-1.000000000000000000e+00,-1.000000000000000000e+00,-1.000000000000000000e+00,-1.000000000000000000e+00,-1.000000000000000000e+00,-1.000000000000000000e+00,-1.000000000000000000e+00,-1.000000000000000000e+00,-1.000000000000000000e+00,-1.000000000000000000e+00,-1.000000000000000000e+00
-1.000000000000000000e+00,-1.000000000000000000e+00,-1.000000000000000000e+00,-1.000000000000000000e+00,-1.000000000000000000e+00,-1.000000000000000000e+00,-1.000000000000000000e+00,-1.000000000000000000e+00,-1.000000000000000000e+00,-1.000000000000000000e+00,-1.000000000000000000e+00,-1.000000000000000000e+00,-1.000000000000000000e+00,-1.000000000000000000e+00,-1.000000000000000000e+00,-1.000000000000000000e+00,-1.000000000000000000e+00,-1.000000000000000000e+00,-1.000000000000000000e+00,-1.000000000000000000e+00,-1.000000000000000000e+00,-1.000000000000000000e+00,-1.000000000000000000e+00,-1.000000000000000000e+00,-1.000000000000000000e+00,-1.000000000000000000e+00,-1.000000000000000000e+00,-1.000000000000000000e+00,-1.000000000000000000e+00,-1.000000000000000000e+00,-1.000000000000000000e+00,-1.000000000000000000e+00,-1.000000000000000000e+00,-1.000000000000000000e+00,-1.000000000000000000e+00,-1.000000000000000000e+00,-1.000000000000000000e+00,-1.000000000000000000e+00,-1.000000000000000000e+00,-1.000000000000000000e+00,-1.000000000000000000e+00,-1.000000000000000000e+00,-1.000000000000000000e+00,-1.000000000000000000e+00,-1.000000000000000000e+00,-1.000000000000000000e+00,-1.000000000000000000e+00,-1.000000000000000000e+00,-1.000000000000000000e+00,-1.000000000000000000e+00,-1.000000000000000000e+00,-1.000000000000000000e+00,-1.000000000000000000e+00,-1.000000000000000000e+00,-1.826796412043562245e+00,-1.826409096978159896e+00,-1.825250196064012842e+00,-1.823331889828016417e+00,-1.820684192860319017e+00,-1.817367668834172223e+00,-1.813487307119733050e+00,-1.809203301814659826e+00,-1.804733174894163739e+00,-1.800338870086760412e+00,-1.796292366222158376e+00,-1.792813921648890085e+00,-1.789977445438108772e+00,-1.787576080436261261e+00,-1.784936046783152985e+00,-1.780657404869316451e+00,-1.772249089460825600e+00,-1.755620933539045581e+00,-1.724418460870313030e+00,-1.669286792257060004e+00,-1.577443716609681745e+00,-1.433672085282810205e+00,-1.225400478892681333e+00,-9.570165035748111615e-01,-6.787351365888376620e-01,-5.124423845109902231e-01,-5.124423637626562833e-01,-6.787350743380556883e-01,-9.570163998844470887e-01,-1.225400333207947057e+00,-1.433671896676868673e+00,-1.577443483996706419e+00,-1.669286514717319481e+00,-1.724418137381821481e+00,-1.755620562430189491e+00,-1.772248669726209869e+00,-1.780656937012943031e+00,-1.784935531920719853e+00,-1.787575519306141558e+00,-1.789976838670860770e+00,-1.792813270330829933e+00,-1.796291671816407476e+00,-1.800338134273927082e+00,-1.804732400098678635e+00,-1.809202491158124371e+00,-1.813486464163001965e+00,-1.817366798350499746e+00,-1.820683300582900177e+00,-1.823330980979410043e+00,-1.825249276030034506e+00,-1.826408170256232477e+00,-1.826795477241660803e+00,-1.000000000000000000e+00,-1.000000000000000000e+00,-1.000000000000000000e+00,-1.000000000000000000e+00,-1.000000000000000000e+00,-1.000000000000000000e+00,-1.000000000000000000e+00,-1.000000000000000000e+00,-1.000000000000000000e+00,-1.000000000000000000e+00,-1.000000000000000000e+00,-1.000000000000000000e+00,-1.000000000000000000e+00,-1.000000000000000000e+00,-1.000000000000000000e+00,-1.000000000000000000e+00,-1.000000000000000000e+00,-1.000000000000000000e+00,-1.000000000000000000e+00,-1.000000000000000000e+00,-1.000000000000000000e+00,-1.000000000000000000e+00,-1.000000000000000000e+00,-1.000000000000000000e+00,-1.000000000000000000e+00,-1.000000000000000000e+00,-1.000000000000000000e+00,-1.000000000000000000e+00,-1.000000000000000000e+00,-1.000000000000000000e+00,-1.000000000000000000e+00,-1.000000000000000000e+00,-1.000000000000000000e+00,-1.000000000000000000e+00,-1.000000000000000000e+00,-1.000000000000000000e+00,-1.000000000000000000e+00,-1.000000000000000000e+00,-1.000000000000000000e+00,-1.000000000000000000e+00,-1.000000000000000000e+00,-1.000000000000000000e+00,-1.000000000000000000e+00,-1.000000000000000000e+00,-1.000000000000000000e+00,-1.000000000000000000e+00,-1.000000000000000000e+00,-1.000000000000000000e+00,-1.000000000000000000e+00,-1.000000000000000000e+00,-1.000000000000000000e+00,-1.000000000000000000e+00,-1.000000000000000000e+00,-1.000000000000000000e+00
-1.000000000000000000e+00,-1.000000000000000000e+00,-1.000000000000000000e+00,-1.000000000000000000e+00,-1.000000000000000000e+00,-1.000000000000000000e+00,-1.000000000000000000e+00,-1.000000000000000000e+00,-1.000000000000000000e+00,-1.000000000000000000e+00,-1.000000000000000000e+00,-1.000000000000000000e+00,-1.000000000000000000e+00,-1.000000000000000000e+00,-1.000000000000000000e+00,-1.000000000000000000e+00,-1.000000000000000000e+00,-1.000000000000000000e+00,-1.000000000000000000e+00,-1.000000000000000000e+00,-1.000000000000000000e+00,-1.000000000000000000e+00,-1.000000000000000000e+00,-1.000000000000000000e+00,-1.000000000000000000e+00,-1.000000000000000000e+00,-1.000000000000000000e+00,-1.000000000000000000e+00,-1.000000000000000000e+00,-1.000000000000000000e+00,-1.000000000000000000e+00,-1.000000000000000000e+00,-1.000000000000000000e+00,-1.000000000000000000e+00,-1.000000000000000000e+00,-1.000000000000000000e+00,-1.000000000000000000e+00,-1.000000000000000000e+00,-1.000000000000000000e+00,-1.000000000000000000e+00,-1.000000000000000000e+00,-1.000000000000000000e+00,-1.000000000000000000e+00,-1.000000000000000000e+00,-1.000000000000000000e+00,-1.000000000000000000e+00,-1.000000000000000000e+00,-1.000000000000000000e+00,-1.000000000000000000e+00,-1.000000000000000000e+00,-1.000000000000000000e+00,-1.000000000000000000e+00,-1.000000000000000000e+00,-1.000000000000000000e+00,-1.828016770855542150e+00,-1.827769150941008336e+00,-1.827029880052243538e+00,-1.825811506503152160e+00,-1.824140589584474004e+00,-1.822064870096519185e+00,-1.819660617963621663e+00,-1.817037306138620689e+00,-1.814335896054744213e+00,-1.811716321249273731e+00,-1.809329209864621646e+00,-1.807266244051951132e+00,-1.805482132183442889e+00,-1.803677926123266717e+00,-1.801129373847775827e+00,-1.796435113845650022e+00,-1.787150193672334852e+00,-1.769268364116952430e+00,-1.736541795857951431e+00,-1.679728477024041711e+00,-1.586151314529772760e+00,-1.440682795164978769e+00,-1.230828049896346199e+00,-9.610553165195853120e-01,-6.816982053437165012e-01,-5.148241808463026592e-01,-5.148241622951822416e-01,-6.816981496328480272e-01,-9.610552236381145752e-01,-1.230827919129545478e+00,-1.440682625622415669e+00,-1.586151105229021141e+00,-1.679728227236882532e+00,-1.736541504433163352e+00,-1.769268029481914084e+00,-1.787149815150252063e+00,-1.796434692020052681e+00,-1.801128909616062757e+00,-1.803677419969374807e+00,-1.805481584622004032e+00,-1.807265656058807846e+00,-1.809328582773627847e+00,-1.811715656596074808e+00,-1.814335196021148233e+00,-1.817036573644822628e+00,-1.819659856392127351e+00,-1.822064083443998728e+00,-1.824139782620584072e+00,-1.825810683999535611e+00,-1.827029046756237562e+00,-1.827768310628161474e+00,-1.828015921938310084e+00,-1.000000000000000000e+00,-1.000000000000000000e+00,-1.000000000000000000e+00,-1.000000000000000000e+00,-1.000000000000000000e+00,-1.000000000000000000e+00,-1.000000000000000000e+00,-1.000000000000000000e+00,-1.000000000000000000e+00,-1.000000000000000000e+00,-1.000000000000000000e+00,-1.000000000000000000e+00,-1.000000000000000000e+00,-1.000000000000000000e+00,-1.000000000000000000e+00,-1.000000000000000000e+00,-1.000000000000000000e+00,-1.000000000000000000e+00,-1.000000000000000000e+00,-1.000000000000000000e+00,-1.000000000000000000e+00,-1.000000000000000000e+00,-1.000000000000000000e+00,-1.000000000000000000e+00,-1.000000000000000000e+00,-1.000000000000000000e+00,-1.000000000000000000e+00,-1.000000000000000000e+00,-1.000000000000000000e+00,-1.000000000000000000e+00,-1.000000000000000000e+00,-1.000000000000000000e+00,-1.000000000000000000e+00,-1.000000000000000000e+00,-1.000000000000000000e+00,-1.000000000000000000e+00,-1.000000000000000000e+00,-1.000000000000000000e+00,-1.000000000000000000e+00,-1.000000000000000000e+00,-1.000000000000000000e+00,-1.000000000000000000e+00,-1.000000000000000000e+00,-1.000000000000000000e+00,-1.000000000000000000e+00,-1.000000000000000000e+00,-1.000000000000000000e+00,-1.000000000000000000e+00,-1.000000000000000000e+00,-1.000000000000000000e+00,-1.000000000000000000e+00,-1.000000000000000000e+00,-1.000000000000000000e+00,-1.000000000000000000e+00
-1.000000000000000000e+00,-1.000000000000000000e+00,-1.000000000000000000e+00,-1.000000000000000000e+00,-1.000000000000000000e+00,-1.000000000000000000e+00,-1.000000000000000000e+00,-1.000000000000000000e+00,-1.000000000000000000e+00,-1.000000000000000000e+00,-1.000000000000000000e+00,-1.000000000000000000e+00,-1.000000000000000000e+00,-1.000000000000000000e+00,-1.000000000000000000e+00,-1.000000000000000000e+00,-1.000000000000000000e+00,-1.000000000000000000e+00,-1.000000000000000000e+00,-1.000000000000000000e+00,-1.000000000000000000e+00,-1.000000000000000000e+00,-1.000000000000000000e+00,-1.000000000000000000e+00,-1.000000000000000000e+00,-1.000000000000000000e+00,-1.000000000000000000e+00,-1.000000000000000000e+00,-1.000000000000000000e+00,-1.000000000000000000e+00,-1.000000000000000000e+00,-1.000000000000000000e+00,-1.000000000000000000e+00,-1.000000000000000000e+00,-1.000000000000000000e+00,-1.000000000000000000e+00,-1.000000000000000000e+00,-1.000000000000000000e+00,-1.000000000000000000e+00,-1.000000000000000000e+00,-1.000000000000000000e+00,-1.000000000000000000e+00,-1.000000000000000000e+00,-1.000000000000000000e+00,-1.000000000000000000e+00,-1.000000000000000000e+00,-1.000000000000000000e+00,-1.000000000000000000e+00,-1.000000000000000000e+00,-1.000000000000000000e+00,-1.000000000000000000e+00,-1.000000000000000000e+00,-1.000000000000000000e+00,-1.000000000000000000e+00,-1.828312911964793175e+00,-1.828161607423968604e+00,-1.827711002583245925e+00,-1.826972024264409411e+00,-1.825966043304439124e+00,-1.824728721147109933e+00,-1.823313558799908973e+00,-1.821793203433160091e+00,-1.820255914808867503e+00,-1.818793886882682287e+00,-1.817479224509714886e+00,-1.816321985897512148e+00,-1.815202252425335061e+00,-1.813763967629729468e+00,-1.811251755272835551e+00,-1.806263356259159902e+00,-1.796382082235103983e+00,-1.777653087897331785e+00,-1.743893710659254692e+00,-1.685930480706945733e+00,-1.591149463697502764e+00,-1.444476686336984894e+00,-1.233465143175258349e+00,-9.626422224546914430e-01,-6.824444787058979722e-01,-5.151094309638161173e-01,-5.151094146801895590e-01,-6.824444297427497697e-01,-9.626421406760151678e-01,-1.233465027769868438e+00,-1.444476536436041458e+00,-1.591149278479107920e+00,-1.685930259551697841e+00,-1.743893452376766406e+00,-1.777652791197438464e+00,-1.796381746775139066e+00,-1.806262982650934656e+00,-1.811251344192389867e+00,-1.813763519327683316e+00,-1.815201767238941555e+00,-1.816321464610801684e+00,-1.817478668231748085e+00,-1.818793296982210039e+00,-1.820255293184187106e+00,-1.821792552742253379e+00,-1.823312882142785085e+00,-1.824728021741102379e+00,-1.825965324850797433e+00,-1.826971290891968192e+00,-1.827710258496419327e+00,-1.828160855749730640e+00,-1.828312150950129888e+00,-1.000000000000000000e+00,-1.000000000000000000e+00,-1.000000000000000000e+00,-1.000000000000000000e+00,-1.000000000000000000e+00,-1.000000000000000000e+00,-1.000000000000000000e+00,-1.000000000000000000e+00,-1.000000000000000000e+00,-1.000000000000000000e+00,-1.000000000000000000e+00,-1.000000000000000000e+00,-1.000000000000000000e+00,-1.000000000000000000e+00,-1.000000000000000000e+00,-1.000000000000000000e+00,-1.000000000000000000e+00,-1.000000000000000000e+00,-1.000000000000000000e+00,-1.000000000000000000e+00,-1.000000000000000000e+00,-1.000000000000000000e+00,-1.000000000000000000e+00,-1.000000000000000000e+00,-1.000000000000000000e+00,-1.000000000000000000e+00,-1.000000000000000000e+00,-1.000000000000000000e+00,-1.000000000000000000e+00,-1.000000000000000000e+00,-1.000000000000000000e+00,-1.000000000000000000e+00,-1.000000000000000000e+00,-1.000000000000000000e+00,-1.000000000000000000e+00,-1.000000000000000000e+00,-1.000000000000000000e+00,-1.000000000000000000e+00,-1.000000000000000000e+00,-1.000000000000000000e+00,-1.000000000000000000e+00,-1.000000000000000000e+00,-1.000000000000000000e+00,-1.000000000000000000e+00,-1.000000000000000000e+00,-1.000000000000000000e+00,-1.000000000000000000e+00,-1.000000000000000000e+00,-1.000000000000000000e+00,-1.000000000000000000e+00,-1.000000000000000000e+00,-1.000000000000000000e+00,-1.000000000000000000e+00,-1.000000000000000000e+00
-1.000000000000000000e+00,-1.000000000000000000e+00,-1.000000000000000000e+00,-1.000000000000000000e+00,-1.000000000000000000e+00,-1.000000000000000000e+00,-1.000000000000000000e+00,-1.000000000000000000e+00,-1.000000000000000000e+00,-1.000000000000000000e+00,-1.000000000000000000e+00,-1.000000000000000000e+00,-1.000000000000000000e+00,-1.000000000000000000e+00,-1.000000000000000000e+00,-1.000000000000000000e+00,-1.000000000000000000e+00,-1.000000000000000000e+00,-1.000000000000000000e+00,-1.000000000000000000e+00,-1.000000000000000000e+00,-1.000000000000000000e+00,-1.000000000000000000e+00,-1.000000000000000000e+00,-1.000000000000000000e+00,-1.000000000000000000e+00,-1.000000000000000000e+00,-1.000000000000000000e+00,-1.000000000000000000e+00,-1.000000000000000000e+00,-1.000000000000000000e+00,-1.000000000000000000e+00,-1.000000000000000000e+00,-1.000000000000000000e+00,-1.000000000000000000e+00,-1.000000000000000000e+00,-1.000000000000000000e+00,-1.000000000000000000e+00,-1.000000000000000000e+00,-1.000000000000000000e+00,-1.000000000000000000e+00,-1.000000000000000000e+00,-1.000000000000000000e+00,-1.000000000000000000e+00,-1.000000000000000000e+00,-1.000000000000000000e+00,-1.000000000000000000e+00,-1.000000000000000000e+00,-1.000000000000000000e+00,-1.000000000000000000e+00,-1.000000000000000000e+00,-1.000000000000000000e+00,-1.000000000000000000e+00,-1.000000000000000000e+00,-1.827883267906642573e+00,-1.827797442184442289e+00,-1.827542677038052288e+00,-1.827127639879974952e+00,-1.826568459019404234e+00,-1.825890632931084001e+00,-1.825130433689505782e+00,-1.824334426089745165e+00,-1.823555164968483577e+00,-1.822840380659256354e+00,-1.822211826836256376e+00,-1.821628125069898463e+00,-1.820922914040524532e+00,-1.819704872253397054e+00,-1.817199411130447473e+00,-1.812003454288788173e+00,-1.801717070163503021e+00,-1.782415924641491456e+00,-1.747955705195281650e+00,-1.689202550321136531e+00,-1.593577961061139803e+00,-1.446037294938931073e+00,-1.234161777389094494e+00,-9.625227717643710657e-01,-6.816480717076942586e-01,-5.139360497949873041e-01,-5.139360357755187181e-01,-6.816480295113634957e-01,-9.625227011358674645e-01,-1.234161677505139165e+00,-1.446037164968309030e+00,-1.593577800375094000e+00,-1.689202358339753074e+00,-1.747955480805079231e+00,-1.782415666912876118e+00,-1.801716779087009446e+00,-1.812003130463115896e+00,-1.817199055004342423e+00,-1.819704483885204782e+00,-1.820922493539114395e+00,-1.821627672979167389e+00,-1.822211344011382739e+00,-1.822839868256195928e+00,-1.823554624578757499e+00,-1.824333860051793765e+00,-1.825129844686190994e+00,-1.825890023392459538e+00,-1.826567831586971780e+00,-1.827126997848061762e+00,-1.827542024082513539e+00,-1.827796780893002238e+00,-1.827882596436155138e+00,-1.000000000000000000e+00,-1.000000000000000000e+00,-1.000000000000000000e+00,-1.000000000000000000e+00,-1.000000000000000000e+00,-1.000000000000000000e+00,-1.000000000000000000e+00,-1.000000000000000000e+00,-1.000000000000000000e+00,-1.000000000000000000e+00,-1.000000000000000000e+00,-1.000000000000000000e+00,-1.000000000000000000e+00,-1.000000000000000000e+00,-1.000000000000000000e+00,-1.000000000000000000e+00,-1.000000000000000000e+00,-1.000000000000000000e+00,-1.000000000000000000e+00,-1.000000000000000000e+00,-1.000000000000000000e+00,-1.000000000000000000e+00,-1.000000000000000000e+00,-1.000000000000000000e+00,-1.000000000000000000e+00,-1.000000000000000000e+00,-1.000000000000000000e+00,-1.000000000000000000e+00,-1.000000000000000000e+00,-1.000000000000000000e+00,-1.000000000000000000e+00,-1.000000000000000000e+00,-1.000000000000000000e+00,-1.000000000000000000e+00,-1.000000000000000000e+00,-1.000000000000000000e+00,-1.000000000000000000e+00,-1.000000000000000000e+00,-1.000000000000000000e+00,-1.000000000000000000e+00,-1.000000000000000000e+00,-1.000000000000000000e+00,-1.000000000000000000e+00,-1.000000000000000000e+00,-1.000000000000000000e+00,-1.000000000000000000e+00,-1.000000000000000000e+00,-1.000000000000000000e+00,-1.000000000000000000e+00,-1.000000000000000000e+00,-1.000000000000000000e+00,-1.000000000000000000e+00,-1.000000000000000000e+00,-1.000000000000000000e+00
-1.000000000000000000e+00,-1.000000000000000000e+00,-1.000000000000000000e+00,-1.000000000000000000e+00,-1.000000000000000000e+00,-1.000000000000000000e+00,-1.000000000000000000e+00,-1.000000000000000000e+00,-1.000000000000000000e+00,-1.000000000000000000e+00,-1.000000000000000000e+00,-1.000000000000000000e+00,-1.000000000000000000e+00,-1.000000000000000000e+00,-1.000000000000000000e+00,-1.000000000000000000e+00,-1.000000000000000000e+00,-1.000000000000000000e+00,-1.000000000000000000e+00,-1.000000000000000000e+00,-1.000000000000000000e+00,-1.000000000000000000e+00,-1.000000000000000000e+00,-1.000000000000000000e+00,-1.000000000000000000e+00,-1.000000000000000000e+00,-1.000000000000000000e+00,-1.000000000000000000e+00,-1.000000000000000000e+00,-1.000000000000000000e+00,-1.000000000000000000e+00,-1.000000000000000000e+00,-1.000000000000000000e+00,-1.000000000000000000e+00,-1.000000000000000000e+00,-1.000000000000000000e+00,-1.000000000000000000e+00,-1.000000000000000000e+00,-1.000000000000000000e+00,-1.000000000000000000e+00,-1.000000000000000000e+00,-1.000000000000000000e+00,-1.000000000000000000e+00,-1.000000000000000000e+00,-1.000000000000000000e+00,-1.000000000000000000e+00,-1.000000000000000000e+00,-1.000000000000000000e+00,-1.000000000000000000e+00,-1.000000000000000000e+00,-1.000000000000000000e+00,-1.000000000000000000e+00,-1.000000000000000000e+00,-1.000000000000000000e+00,-1.826894284896299014e+00,-1.826852391067495862e+00,-1.826728772813192903e+00,-1.826529876757133408e+00,-1.826267276101732007e+00,-1.825958481817380186e+00,-1.825627171745119570e+00,-1.825301804259326088e+00,-1.825011061076222019e+00,-1.824773763409183847e+00,-1.824579612876199075e+00,-1.824355001366733120e+00,-1.823904785322929545e+00,-1.822815904236810614e+00,-1.820301832190717395e+00,-1.814958580678235567e+00,-1.804395648367628002e+00,-1.784705957202481041e+00,-1.749766442753047269e+00,-1.690464236495913042e+00,-1.594238230303686610e+00,-1.446057114764376150e+00,-1.233517083872656794e+00,-9.612228352428211497e-01,-6.797846400268688916e-01,-5.117542078222371282e-01,-5.117541960331891682e-01,-6.797846045262765369e-01,-9.612227756967826053e-01,-1.233516999507440204e+00,-1.446057004854418349e+00,-1.594238094388916283e+00,-1.690464074009897733e+00,-1.749766252768495844e+00,-1.784705739172781636e+00,-1.804395402548530480e+00,-1.814958307624603417e+00,-1.820301532155443214e+00,-1.822815577099828888e+00,-1.823904430974077062e+00,-1.824354620106639846e+00,-1.824579205299283746e+00,-1.824773330396574966e+00,-1.825010603907166074e+00,-1.825301324874646358e+00,-1.825626672276615903e+00,-1.825957963920488369e+00,-1.826266741436665342e+00,-1.826529327686807092e+00,-1.826728212406928176e+00,-1.826851821470201642e+00,-1.826893704261261409e+00,-1.000000000000000000e+00,-1.000000000000000000e+00,-1.000000000000000000e+00,-1.000000000000000000e+00,-1.000000000000000000e+00,-1.000000000000000000e+00,-1.000000000000000000e+00,-1.000000000000000000e+00,-1.000000000000000000e+00,-1.000000000000000000e+00,-1.000000000000000000e+00,-1.000000000000000000e+00,-1.000000000000000000e+00,-1.000000000000000000e+00,-1.000000000000000000e+00,-1.000000000000000000e+00,-1.000000000000000000e+00,-1.000000000000000000e+00,-1.000000000000000000e+00,-1.000000000000000000e+00,-1.000000000000000000e+00,-1.000000000000000000e+00,-1.000000000000000000e+00,-1.000000000000000000e+00,-1.000000000000000000e+00,-1.000000000000000000e+00,-1.000000000000000000e+00,-1.000000000000000000e+00,-1.000000000000000000e+00,-1.000000000000000000e+00,-1.000000000000000000e+00,-1.000000000000000000e+00,-1.000000000000000000e+00,-1.000000000000000000e+00,-1.000000000000000000e+00,-1.000000000000000000e+00,-1.000000000000000000e+00,-1.000000000000000000e+00,-1.000000000000000000e+00,-1.000000000000000000e+00,-1.000000000000000000e+00,-1.000000000000000000e+00,-1.000000000000000000e+00,-1.000000000000000000e+00,-1.000000000000000000e+00,-1.000000000000000000e+00,-1.000000000000000000e+00,-1.000000000000000000e+00,-1.000000000000000000e+00,-1.000000000000000000e+00,-1.000000000000000000e+00,-1.000000000000000000e+00,-1.000000000000000000e+00,-1.000000000000000000e+00
-1.000000000000000000e+00,-1.000000000000000000e+00,-1.000000000000000000e+00,-1.000000000000000000e+00,-1.000000000000000000e+00,-1.000000000000000000e+00,-1.000000000000000000e+00,-1.000000000000000000e+00,-1.000000000000000000e+00,-1.000000000000000000e+00,-1.000000000000000000e+00,-1.000000000000000000e+00,-1.000000000000000000e+00,-1.000000000000000000e+00,-1.000000000000000000e+00,-1.000000000000000000e+00,-1.000000000000000000e+00,-1.000000000000000000e+00,-1.000000000000000000e+00,-1.000000000000000000e+00,-1.000000000000000000e+00,-1.000000000000000000e+00,-1.000000000000000000e+00,-1.000000000000000000e+00,-1.000000000000000000e+00,-1.000000000000000000e+00,-1.000000000000000000e+00,-1.000000000000000000e+00,-1.000000000000000000e+00,-1.000000000000000000e+00,-1.000000000000000000e+00,-1.000000000000000000e+00,-1.000000000000000000e+00,-1.000000000000000000e+00,-1.000000000000000000e+00,-1.000000000000000000e+00,-1.000000000000000000e+00,-1.000000000000000000e+00,-1.000000000000000000e+00,-1.000000000000000000e+00,-1.000000000000000000e+00,-1.000000000000000000e+00,-1.000000000000000000e+00,-1.000000000000000000e+00,-1.000000000000000000e+00,-1.000000000000000000e+00,-1.000000000000000000e+00,-1.000000000000000000e+00,-1.000000000000000000e+00,-1.000000000000000000e+00,-1.000000000000000000e+00,-1.000000000000000000e+00,-1.000000000000000000e+00,-1.000000000000000000e+00,-1.825481839389963667e+00,-1.825469040427969203e+00,-1.825432126663575572e+00,-1.825375648018095376e+00,-1.825307536193306657e+00,-1.825239311215861804e+00,-1.825185690175638031e+00,-1.825162770485812214e+00,-1.825183449133441327e+00,-1.825247900437873882e+00,-1.825325542503638987e+00,-1.825322658691803213e+00,-1.825026312058489752e+00,-1.824010026696463838e+00,-1.821479758567808860e+00,-1.816030470051762880e+00,-1.805276478699843867e+00,-1.785319646260256077e+00,-1.750047378644637774e+00,-1.690355975828404578e+00,-1.593690134260514757e+00,-1.445021450083070480e+00,-1.231952231086451466e+00,-9.591130821363293979e-01,-6.771901400514579450e-01,-5.088822118267011252e-01,-5.088822022259236189e-01,-6.771901111397518047e-01,-9.591130335833966125e-01,-1.231952162216372715e+00,-1.445021360327333415e+00,-1.593690023270849521e+00,-1.690355843063859664e+00,-1.750047223402281471e+00,-1.785319468359738648e+00,-1.805276278581655403e+00,-1.816030248221067067e+00,-1.821479515133182403e+00,-1.824009761373683203e+00,-1.825026024574224026e+00,-1.825322349104828046e+00,-1.825325211150345961e+00,-1.825247547882579813e+00,-1.825183076310207042e+00,-1.825162378839191080e+00,-1.825185281190258468e+00,-1.825238885824242541e+00,-1.825307095190381812e+00,-1.825375192856418582e+00,-1.825431659716377553e+00,-1.825468563450271420e+00,-1.825481350583159967e+00,-1.000000000000000000e+00,-1.000000000000000000e+00,-1.000000000000000000e+00,-1.000000000000000000e+00,-1.000000000000000000e+00,-1.000000000000000000e+00,-1.000000000000000000e+00,-1.000000000000000000e+00,-1.000000000000000000e+00,-1.000000000000000000e+00,-1.000000000000000000e+00,-1.000000000000000000e+00,-1.000000000000000000e+00,-1.000000000000000000e+00,-1.000000000000000000e+00,-1.000000000000000000e+00,-1.000000000000000000e+00,-1.000000000000000000e+00,-1.000000000000000000e+00,-1.000000000000000000e+00,-1.000000000000000000e+00,-1.000000000000000000e+00,-1.000000000000000000e+00,-1.000000000000000000e+00,-1.000000000000000000e+00,-1.000000000000000000e+00,-1.000000000000000000e+00,-1.000000000000000000e+00,-1.000000000000000000e+00,-1.000000000000000000e+00,-1.000000000000000000e+00,-1.000000000000000000e+00,-1.000000000000000000e+00,-1.000000000000000000e+00,-1.000000000000000000e+00,-1.000000000000000000e+00,-1.000000000000000000e+00,-1.000000000000000000e+00,-1.000000000000000000e+00,-1.000000000000000000e+00,-1.000000000000000000e+00,-1.000000000000000000e+00,-1.000000000000000000e+00,-1.000000000000000000e+00,-1.000000000000000000e+00,-1.000000000000000000e+00,-1.000000000000000000e+00,-1.000000000000000000e+00,-1.000000000000000000e+00,-1.000000000000000000e+00,-1.000000000000000000e+00,-1.000000000000000000e+00,-1.000000000000000000e+00,-1.000000000000000000e+00
-1.000000000000000000e+00,-1.000000000000000000e+00,-1.000000000000000000e+00,-1.000000000000000000e+00,-1.000000000000000000e+00,-1.000000000000000000e+00,-1.000000000000000000e+00,-1.000000000000000000e+00,-1.000000000000000000e+00,-1.000000000000000000e+00,-1.000000000000000000e+00,-1.000000000000000000e+00,-1.000000000000000000e+00,-1.000000000000000000e+00,-1.000000000000000000e+00,-1.000000000000000000e+00,-1.000000000000000000e+00,-1.000000000000000000e+00,-1.000000000000000000e+00,-1.000000000000000000e+00,-1.000000000000000000e+00,-1.000000000000000000e+00,-1.000000000000000000e+00,-1.000000000000000000e+00,-1.000000000000000000e+00,-1.000000000000000000e+00,-1.000000000000000000e+00,-1.000000000000000000e+00,-1.000000000000000000e+00,-1.000000000000000000e+00,-1.000000000000000000e+00,-1.000000000000000000e+00,-1.000000000000000000e+00,-1.000000000000000000e+00,-1.000000000000000000e+00,-1.000000000000000000e+00,-1.000000000000000000e+00,-1.000000000000000000e+00,-1.000000000000000000e+00,-1.000000000000000000e+00,-1.000000000000000000e+00,-1.000000000000000000e+00,-1.000000000000000000e+00,-1.000000000000000000e+00,-1.000000000000000000e+00,-1.000000000000000000e+00,-1.000000000000000000e+00,-1.000000000000000000e+00,-1.000000000000000000e+00,-1.000000000000000000e+00,-1.000000000000000000e+00,-1.000000000000000000e+00,-1.000000000000000000e+00,-1.000000000000000000e+00,-1.823754543529477079e+00,-1.823760751562117477e+00,-1.823780388949733933e+00,-1.823816509333507252e+00,-1.823874287981295250e+00,-1.823960905807853861e+00,-1.824084844289715290e+00,-1.824253883601506532e+00,-1.824470586426325536e+00,-1.824723183029714146e+00,-1.824968319034343311e+00,-1.825099772028327294e+00,-1.824893614459346391e+00,-1.823915055274407226e+00,-1.821365208984499606e+00,-1.815837865920842287e+00,-1.804949291228090447e+00,-1.784805121559374985e+00,-1.749296514778623690e+00,-1.689321519033994523e+00,-1.592323294743563711e+00,-1.443269639799956483e+00,-1.229763128335051858e+00,-9.564550943378045123e-01,-6.741024805028722477e-01,-5.055459090714358172e-01,-5.055459016417153117e-01,-6.741024581240410152e-01,-9.564550567567486894e-01,-1.229763075007476614e+00,-1.443269570304169580e+00,-1.592323208786027067e+00,-1.689321416139426990e+00,-1.749296394470639671e+00,-1.784804983962082758e+00,-1.804949136893230222e+00,-1.815837695306393496e+00,-1.821365022101774755e+00,-1.823914851729216524e+00,-1.824893393865239632e+00,-1.825099534218999953e+00,-1.824968064093192455e+00,-1.824722911176243301e+00,-1.824470298189004636e+00,-1.824253579846475848e+00,-1.824084525802490031e+00,-1.823960572867872498e+00,-1.823873940658959913e+00,-1.823816148277562110e+00,-1.823780015796195642e+00,-1.823760367685811845e+00,-1.823754147170786100e+00,-1.000000000000000000e+00,-1.000000000000000000e+00,-1.000000000000000000e+00,-1.000000000000000000e+00,-1.000000000000000000e+00,-1.000000000000000000e+00,-1.000000000000000000e+00,-1.000000000000000000e+00,-1.000000000000000000e+00,-1.000000000000000000e+00,-1.000000000000000000e+00,-1.000000000000000000e+00,-1.000000000000000000e+00,-1.000000000000000000e+00,-1.000000000000000000e+00,-1.000000000000000000e+00,-1.000000000000000000e+00,-1.000000000000000000e+00,-1.000000000000000000e+00,-1.000000000000000000e+00,-1.000000000000000000e+00,-1.000000000000000000e+00,-1.000000000000000000e+00,-1.000000000000000000e+00,-1.000000000000000000e+00,-1.000000000000000000e+00,-1.000000000000000000e+00,-1.000000000000000000e+00,-1.000000000000000000e+00,-1.000000000000000000e+00,-1.000000000000000000e+00,-1.000000000000000000e+00,-1.000000000000000000e+00,-1.000000000000000000e+00,-1.000000000000000000e+00,-1.000000000000000000e+00,-1.000000000000000000e+00,-1.000000000000000000e+00,-1.000000000000000000e+00,-1.000000000000000000e+00,-1.000000000000000000e+00,-1.000000000000000000e+00,-1.000000000000000000e+00,-1.000000000000000000e+00,-1.000000000000000000e+00,-1.000000000000000000e+00,-1.000000000000000000e+00,-1.000000000000000000e+00,-1.000000000000000000e+00,-1.000000000000000000e+00,-1.000000000000000000e+00,-1.000000000000000000e+00,-1.000000000000000000e+00,-1.000000000000000000e+00
-1.000000000000000000e+00,-1.000000000000000000e+00,-1.000000000000000000e+00,-1.000000000000000000e+00,-1.000000000000000000e+00,-1.000000000000000000e+00,-1.000000000000000000e+00,-1.000000000000000000e+00,-1.000000000000000000e+00,-1.000000000000000000e+00,-1.000000000000000000e+00,-1.000000000000000000e+00,-1.000000000000000000e+00,-1.000000000000000000e+00,-1.000000000000000000e+00,-1.000000000000000000e+00,-1.000000000000000000e+00,-1.000000000000000000e+00,-1.000000000000000000e+00,-1.000000000000000000e+00,-1.000000000000000000e+00,-1.000000000000000000e+00,-1.000000000000000000e+00,-1.000000000000000000e+00,-1.000000000000000000e+00,-1.000000000000000000e+00,-1.000000000000000000e+00,-1.000000000000000000e+00,-1.000000000000000000e+00,-1.000000000000000000e+00,-1.000000000000000000e+00,-1.000000000000000000e+00,-1.000000000000000000e+00,-1.000000000000000000e+00,-1.000000000000000000e+00,-1.000000000000000000e+00,-1.000000000000000000e+00,-1.000000000000000000e+00,-1.000000000000000000e+00,-1.000000000000000000e+00,-1.000000000000000000e+00,-1.000000000000000000e+00,-1.000000000000000000e+00,-1.000000000000000000e+00,-1.000000000000000000e+00,-1.000000000000000000e+00,-1.000000000000000000e+00,-1.000000000000000000e+00,-1.000000000000000000e+00,-1.000000000000000000e+00,-1.000000000000000000e+00,-1.000000000000000000e+00,-1.000000000000000000e+00,-1.000000000000000000e+00,-1.821797801150235374e+00,-1.821816234370503551e+00,-1.821872189811848175e+00,-1.821967601685106075e+00,-1.822105640395334181e+00,-1.822290430838224395e+00,-1.822526197553009819e+00,-1.822815197631643347e+00,-1.823153290162554896e+00,-1.823521105009025423e+00,-1.823867281614679259e+00,-1.824077839635879217e+00,-1.823922057824456378e+00,-1.822959947122344548e+00,-1.820389400803894775e+00,-1.814802945832717285e+00,-1.803817026322799943e+00,-1.783537878396461496e+00,-1.747856270553600044e+00,-1.687667402725636423e+00,-1.590408317485860534e+00,-1.441038771201585522e+00,-1.227157785477276608e+00,-9.534338016217042133e-01,-6.706906171720931065e-01,-5.019060979494973651e-01,-5.019060926950146273e-01,-6.706906013317762705e-01,-9.534337750601359351e-01,-1.227157747796462584e+00,-1.441038722091673163e+00,-1.590408256665196474e+00,-1.687667329778901770e+00,-1.747856185223395142e+00,-1.783537781034792102e+00,-1.803816917544615039e+00,-1.814802826060028407e+00,-1.820389269988320846e+00,-1.822959804819942020e+00,-1.823921903553996859e+00,-1.824077673043859260e+00,-1.823867102519470151e+00,-1.823520913271262200e+00,-1.823153085860431677e+00,-1.822814981005832946e+00,-1.822525968685951181e+00,-1.822290189434635721e+00,-1.822105385948108225e+00,-1.821967334171072039e+00,-1.821871910140082651e+00,-1.821815943527628434e+00,-1.821797497358388584e+00,-1.000000000000000000e+00,-1.000000000000000000e+00,-1.000000000000000000e+00,-1.000000000000000000e+00,-1.000000000000000000e+00,-1.000000000000000000e+00,-1.000000000000000000e+00,-1.000000000000000000e+00,-1.000000000000000000e+00,-1.000000000000000000e+00,-1.000000000000000000e+00,-1.000000000000000000e+00,-1.000000000000000000e+00,-1.000000000000000000e+00,-1.000000000000000000e+00,-1.000000000000000000e+00,-1.000000000000000000e+00,-1.000000000000000000e+00,-1.000000000000000000e+00,-1.000000000000000000e+00,-1.000000000000000000e+00,-1.000000000000000000e+00,-1.000000000000000000e+00,-1.000000000000000000e+00,-1.000000000000000000e+00,-1.000000000000000000e+00,-1.000000000000000000e+00,-1.000000000000000000e+00,-1.000000000000000000e+00,-1.000000000000000000e+00,-1.000000000000000000e+00,-1.000000000000000000e+00,-1.000000000000000000e+00,-1.000000000000000000e+00,-1.000000000000000000e+00,-1.000000000000000000e+00,-1.000000000000000000e+00,-1.000000000000000000e+00,-1.000000000000000000e+00,-1.000000000000000000e+00,-1.000000000000000000e+00,-1.000000000000000000e+00,-1.000000000000000000e+00,-1.000000000000000000e+00,-1.000000000000000000e+00,-1.000000000000000000e+00,-1.000000000000000000e+00,-1.000000000000000000e+00,-1.000000000000000000e+00,-1.000000000000000000e+00,-1.000000000000000000e+00,-1.000000000000000000e+00,-1.000000000000000000e+00,-1.000000000000000000e+00
-1.000000000000000000e+00,-1.000000000000000000e+00,-1.000000000000000000e+00,-1.000000000000000000e+00,-1.000000000000000000e+00,-1.000000000000000000e+00,-1.000000000000000000e+00,-1.000000000000000000e+00,-1.000000000000000000e+00,-1.000000000000000000e+00,-1.000000000000000000e+00,-1.000000000000000000e+00,-1.000000000000000000e+00,-1.000000000000000000e+00,-1.000000000000000000e+00,-1.000000000000000000e+00,-1.000000000000000000e+00,-1.000000000000000000e+00,-1.000000000000000000e+00,-1.000000000000000000e+00,-1.000000000000000000e+00,-1.000000000000000000e+00,-1.000000000000000000e+00,-1.000000000000000000e+00,-1.000000000000000000e+00,-1.000000000000000000e+00,-1.000000000000000000e+00,-1.000000000000000000e+00,-1.000000000000000000e+00,-1.000000000000000000e+00,-1.000000000000000000e+00,-1.000000000000000000e+00,-1.000000000000000000e+00,-1.000000000000000000e+00,-1.000000000000000000e+00,-1.000000000000000000e+00,-1.000000000000000000e+00,-1.000000000000000000e+00,-1.000000000000000000e+00,-1.000000000000000000e+00,-1.000000000000000000e+00,-1.000000000000000000e+00,-1.000000000000000000e+00,-1.000000000000000000e+00,-1.000000000000000000e+00,-1.000000000000000000e+00,-1.000000000000000000e+00,-1.000000000000000000e+00,-1.000000000000000000e+00,-1.000000000000000000e+00,-1.000000000000000000e+00,-1.000000000000000000e+00,-1.000000000000000000e+00,-1.000000000000000000e+00,-1.819677912524548136e+00,-1.819704059307107658e+00,-1.819782895350747776e+00,-1.819915549916441222e+00,-1.820103780817546646e+00,-1.820349611521655531e+00,-1.820654410939432921e+00,-1.821016815128711830e+00,-1.821428375396472177e+00,-1.821864918500563535e+00,-1.822270089283537731e+00,-1.822525105446097360e+00,-1.822395035842948374e+00,-1.821436596356291293e+00,-1.818845441210809044e+00,-1.813212774800531335e+00,-1.802154144206799646e+00,-1.781774455440155780e+00,-1.745961568918623641e+00,-1.685605035158312948e+00,-1.588132973807292903e+00,-1.438494467447542835e+00,-1.224282522114657379e+00,-9.501801318172162780e-01,-6.670747830266960943e-01,-4.980775361877561869e-01,-4.980775331207951684e-01,-6.670747737714790571e-01,-9.501801163651137916e-01,-1.224282500192606538e+00,-1.438494438805540288e+00,-1.588132938161091134e+00,-1.685604992137356817e+00,-1.745961518468245544e+00,-1.781774398062305753e+00,-1.802154080534717817e+00,-1.813212705220318854e+00,-1.818845365639848222e+00,-1.821436514340138091e+00,-1.822394946819168693e+00,-1.822525008908539634e+00,-1.822269984768822848e+00,-1.821864805515425845e+00,-1.821428253545639864e+00,-1.821016684019900023e+00,-1.820654270001281549e+00,-1.820349459962863348e+00,-1.820103617677630181e+00,-1.819915374625354687e+00,-1.819782708142528405e+00,-1.819703860777276194e+00,-1.819677700795689246e+00,-1.000000000000000000e+00,-1.000000000000000000e+00,-1.000000000000000000e+00,-1.000000000000000000e+00,-1.000000000000000000e+00,-1.000000000000000000e+00,-1.000000000000000000e+00,-1.000000000000000000e+00,-1.000000000000000000e+00,-1.000000000000000000e+00,-1.000000000000000000e+00,-1.000000000000000000e+00,-1.000000000000000000e+00,-1.000000000000000000e+00,-1.000000000000000000e+00,-1.000000000000000000e+00,-1.000000000000000000e+00,-1.000000000000000000e+00,-1.000000000000000000e+00,-1.000000000000000000e+00,-1.000000000000000000e+00,-1.000000000000000000e+00,-1.000000000000000000e+00,-1.000000000000000000e+00,-1.000000000000000000e+00,-1.000000000000000000e+00,-1.000000000000000000e+00,-1.000000000000000000e+00,-1.000000000000000000e+00,-1.000000000000000000e+00,-1.000000000000000000e+00,-1.000000000000000000e+00,-1.000000000000000000e+00,-1.000000000000000000e+00,-1.000000000000000000e+00,-1.000000000000000000e+00,-1.000000000000000000e+00,-1.000000000000000000e+00,-1.000000000000000000e+00,-1.000000000000000000e+00,-1.000000000000000000e+00,-1.000000000000000000e+00,-1.000000000000000000e+00,-1.000000000000000000e+00,-1.000000000000000000e+00,-1.000000000000000000e+00,-1.000000000000000000e+00,-1.000000000000000000e+00,-1.000000000000000000e+00,-1.000000000000000000e+00,-1.000000000000000000e+00,-1.000000000000000000e+00,-1.000000000000000000e+00,-1.000000000000000000e+00
-1.000000000000000000e+00,-1.000000000000000000e+00,-1.000000000000000000e+00,-1.000000000000000000e+00,-1.000000000000000000e+00,-1.000000000000000000e+00,-1.000000000000000000e+00,-1.000000000000000000e+00,-1.000000000000000000e+00,-1.000000000000000000e+00,-1.000000000000000000e+00,-1.000000000000000000e+00,-1.000000000000000000e+00,-1.000000000000000000e+00,-1.000000000000000000e+00,-1.000000000000000000e+00,-1.000000000000000000e+00,-1.000000000000000000e+00,-1.000000000000000000e+00,-1.000000000000000000e+00,-1.000000000000000000e+00,-1.000000000000000000e+00,-1.000000000000000000e+00,-1.000000000000000000e+00,-1.000000000000000000e+00,-1.000000000000000000e+00,-1.000000000000000000e+00,-1.000000000000000000e+00,-1.000000000000000000e+00,-1.000000000000000000e+00,-1.000000000000000000e+00,-1.000000000000000000e+00,-1.000000000000000000e+00,-1.000000000000000000e+00,-1.000000000000000000e+00,-1.000000000000000000e+00,-1.000000000000000000e+00,-1.000000000000000000e+00,-1.000000000000000000e+00,-1.000000000000000000e+00,-1.000000000000000000e+00,-1.000000000000000000e+00,-1.000000000000000000e+00,-1.000000000000000000e+00,-1.000000000000000000e+00,-1.000000000000000000e+00,-1.000000000000000000e+00,-1.000000000000000000e+00,-1.000000000000000000e+00,-1.000000000000000000e+00,-1.000000000000000000e+00,-1.000000000000000000e+00,-1.000000000000000000e+00,-1.000000000000000000e+00,-1.817445843637593539e+00,-1.817476733449554516e+00,-1.817569616062182591e+00,-1.817725060490166467e+00,-1.817943856280167081e+00,-1.818226613408685521e+00,-1.818572817925880880e+00,-1.818978763476466032e+00,-1.819433261915012867e+00,-1.819909129042110552e+00,-1.820346911569888704e+00,-1.820624861639488445e+00,-1.820505426957966577e+00,-1.819543190014188738e+00,-1.816932163584544568e+00,-1.811262196879906083e+00,-1.800147296232682992e+00,-1.779689883654430815e+00,-1.743773408390396185e+00,-1.683280104409452971e+00,-1.585627500001290713e+00,-1.435752418995531299e+00,-1.221240288343101055e+00,-9.467868266148080636e-01,-6.633405956756831534e-01,-4.941421841122597414e-01,-4.941421832474197640e-01,-6.633405930485857249e-01,-9.467868223145842199e-01,-1.221240282203854166e+00,-1.435752410795623657e+00,-1.585627489447732241e+00,-1.683280091175247906e+00,-1.743773392578113812e+00,-1.779689865840097696e+00,-1.800147277035195170e+00,-1.811262176638761989e+00,-1.816932142185456511e+00,-1.819543166987270144e+00,-1.820505401667284362e+00,-1.820624833439544066e+00,-1.820346879730890377e+00,-1.819909092746133883e+00,-1.819433220294821796e+00,-1.818978715544643965e+00,-1.818572762532807419e+00,-1.818226549328965547e+00,-1.817943782187037893e+00,-1.817724975370439200e+00,-1.817569519558236646e+00,-1.817476625779643751e+00,-1.817445722749593484e+00,-1.000000000000000000e+00,-1.000000000000000000e+00,-1.000000000000000000e+00,-1.000000000000000000e+00,-1.000000000000000000e+00,-1.000000000000000000e+00,-1.000000000000000000e+00,-1.000000000000000000e+00,-1.000000000000000000e+00,-1.000000000000000000e+00,-1.000000000000000000e+00,-1.000000000000000000e+00,-1.000000000000000000e+00,-1.000000000000000000e+00,-1.000000000000000000e+00,-1.000000000000000000e+00,-1.000000000000000000e+00,-1.000000000000000000e+00,-1.000000000000000000e+00,-1.000000000000000000e+00,-1.000000000000000000e+00,-1.000000000000000000e+00,-1.000000000000000000e+00,-1.000000000000000000e+00,-1.000000000000000000e+00,-1.000000000000000000e+00,-1.000000000000000000e+00,-1.000000000000000000e+00,-1.000000000000000000e+00,-1.000000000000000000e+00,-1.000000000000000000e+00,-1.000000000000000000e+00,-1.000000000000000000e+00,-1.000000000000000000e+00,-1.000000000000000000e+00,-1.000000000000000000e+00,-1.000000000000000000e+00,-1.000000000000000000e+00,-1.000000000000000000e+00,-1.000000000000000000e+00,-1.000000000000000000e+00,-1.000000000000000000e+00,-1.000000000000000000e+00,-1.000000000000000000e+00,-1.000000000000000000e+00,-1.000000000000000000e+00,-1.000000000000000000e+00,-1.000000000000000000e+00,-1.000000000000000000e+00,-1.000000000000000000e+00,-1.000000000000000000e+00,-1.000000000000000000e+00,-1.000000000000000000e+00,-1.000000000000000000e+00
-1.000000000000000000e+00,-1.000000000000000000e+00,-1.000000000000000000e+00,-1.000000000000000000e+00,-1.000000000000000000e+00,-1.000000000000000000e+00,-1.000000000000000000e+00,-1.000000000000000000e+00,-1.000000000000000000e+00,-1.000000000000000000e+00,-1.000000000000000000e+00,-1.000000000000000000e+00,-1.000000000000000000e+00,-1.000000000000000000e+00,-1.000000000000000000e+00,-1.000000000000000000e+00,-1.000000000000000000e+00,-1.000000000000000000e+00,-1.000000000000000000e+00,-1.000000000000000000e+00,-1.000000000000000000e+00,-1.000000000000000000e+00,-1.000000000000000000e+00,-1.000000000000000000e+00,-1.000000000000000000e+00,-1.000000000000000000e+00,-1.000000000000000000e+00,-1.000000000000000000e+00,-1.000000000000000000e+00,-1.000000000000000000e+00,-1.000000000000000000e+00,-1.000000000000000000e+00,-1.000000000000000000e+00,-1.000000000000000000e+00,-1.000000000000000000e+00,-1.000000000000000000e+00,-1.000000000000000000e+00,-1.000000000000000000e+00,-1.000000000000000000e+00,-1.000000000000000000e+00,-1.000000000000000000e+00,-1.000000000000000000e+00,-1.000000000000000000e+00,-1.000000000000000000e+00,-1.000000000000000000e+00,-1.000000000000000000e+00,-1.000000000000000000e+00,-1.000000000000000000e+00,-1.000000000000000000e+00,-1.000000000000000000e+00,-1.000000000000000000e+00,-1.000000000000000000e+00,-1.000000000000000000e+00,-1.000000000000000000e+00,-1.815140487355686671e+00,-1.815174185585222144e+00,-1.815275369374636183e+00,-1.815444229177826774e+00,-1.815680907948747258e+00,-1.815985085737597204e+00,-1.816355029806816734e+00,-1.816785541520616221e+00,-1.817263712593647496e+00,-1.817760490707351462e+00,-1.818214515152283273e+00,-1.818502211328790752e+00,-1.818384381899452062e+00,-1.817414185611963662e+00,-1.814784359686261839e+00,-1.809083385570633862e+00,-1.797923353826152537e+00,-1.777403529756723000e+00,-1.741402081516986389e+00,-1.680792972573745825e+00,-1.582982194911302543e+00,-1.432893405708222989e+00,-1.218103482743607913e+00,-9.433195331065789002e-01,-6.595489677772363724e-01,-4.901585163256477751e-01,-4.901585176489234863e-01,-6.595489717481164416e-01,-9.433195398915976693e-01,-1.218103492266170873e+00,-1.432893417763038801e+00,-1.582982209195092249e+00,-1.680792988824776346e+00,-1.741402099943022197e+00,-1.777403550937476151e+00,-1.797923378322358490e+00,-1.809083413637356141e+00,-1.814784391156838428e+00,-1.817414219976148049e+00,-1.818384418449381812e+00,-1.818502249278302729e+00,-1.818214553546510626e+00,-1.817760528442300849e+00,-1.817263748368002085e+00,-1.816785573827215616e+00,-1.816355056995644590e+00,-1.815985106195585619e+00,-1.815680920034154600e+00,-1.815444231499942829e+00,-1.815275361085438188e+00,-1.815174166557670166e+00,-1.815140455323812629e+00,-1.000000000000000000e+00,-1.000000000000000000e+00,-1.000000000000000000e+00,-1.000000000000000000e+00,-1.000000000000000000e+00,-1.000000000000000000e+00,-1.000000000000000000e+00,-1.000000000000000000e+00,-1.000000000000000000e+00,-1.000000000000000000e+00,-1.000000000000000000e+00,-1.000000000000000000e+00,-1.000000000000000000e+00,-1.000000000000000000e+00,-1.000000000000000000e+00,-1.000000000000000000e+00,-1.000000000000000000e+00,-1.000000000000000000e+00,-1.000000000000000000e+00,-1.000000000000000000e+00,-1.000000000000000000e+00,-1.000000000000000000e+00,-1.000000000000000000e+00,-1.000000000000000000e+00,-1.000000000000000000e+00,-1.000000000000000000e+00,-1.000000000000000000e+00,-1.000000000000000000e+00,-1.000000000000000000e+00,-1.000000000000000000e+00,-1.000000000000000000e+00,-1.000000000000000000e+00,-1.000000000000000000e+00,-1.000000000000000000e+00,-1.000000000000000000e+00,-1.000000000000000000e+00,-1.000000000000000000e+00,-1.000000000000000000e+00,-1.000000000000000000e+00,-1.000000000000000000e+00,-1.000000000000000000e+00,-1.000000000000000000e+00,-1.000000000000000000e+00,-1.000000000000000000e+00,-1.000000000000000000e+00,-1.000000000000000000e+00,-1.000000000000000000e+00,-1.000000000000000000e+00,-1.000000000000000000e+00,-1.000000000000000000e+00,-1.000000000000000000e+00,-1.000000000000000000e+00,-1.000000000000000000e+00,-1.000000000000000000e+00
-1.000000000000000000e+00,-1.000000000000000000e+00,-1.000000000000000000e+00,-1.000000000000000000e+00,-1.000000000000000000e+00,-1.000000000000000000e+00,-1.000000000000000000e+00,-1.000000000000000000e+00,-1.000000000000000000e+00,-1.000000000000000000e+00,-1.000000000000000000e+00,-1.000000000000000000e+00,-1.000000000000000000e+00,-1.000000000000000000e+00,-1.000000000000000000e+00,-1.000000000000000000e+00,-1.000000000000000000e+00,-1.000000000000000000e+00,-1.000000000000000000e+00,-1.000000000000000000e+00,-1.000000000000000000e+00,-1.000000000000000000e+00,-1.000000000000000000e+00,-1.000000000000000000e+00,-1.000000000000000000e+00,-1.000000000000000000e+00,-1.000000000000000000e+00,-1.000000000000000000e+00,-1.000000000000000000e+00,-1.000000000000000000e+00,-1.000000000000000000e+00,-1.000000000000000000e+00,-1.000000000000000000e+00,-1.000000000000000000e+00,-1.000000000000000000e+00,-1.000000000000000000e+00,-1.000000000000000000e+00,-1.000000000000000000e+00,-1.000000000000000000e+00,-1.000000000000000000e+00,-1.000000000000000000e+00,-1.000000000000000000e+00,-1.000000000000000000e+00,-1.000000000000000000e+00,-1.000000000000000000e+00,-1.000000000000000000e+00,-1.000000000000000000e+00,-1.000000000000000000e+00,-1.000000000000000000e+00,-1.000000000000000000e+00,-1.000000000000000000e+00,-1.000000000000000000e+00,-1.000000000000000000e+00,-1.000000000000000000e+00,-1.812791373347945267e+00,-1.812826635666400010e+00,-1.812932429979343230e+00,-1.813108698485287107e+00,-1.813355164045711287e+00,-1.813670909749934834e+00,-1.814053430804817069e+00,-1.814496595803001266e+00,-1.814986434214587607e+00,-1.815492750952383272e+00,-1.815953023100020491e+00,-1.816242554114437580e+00,-1.816121100778290698e+00,-1.815140832147480454e+00,-1.812493436131600522e+00,-1.806766028207283270e+00,-1.795568574738787504e+00,-1.774996809434059575e+00,-1.738923143142955041e+00,-1.678212761923769891e+00,-1.580259635209439795e+00,-1.429973781479308981e+00,-1.214922949116738149e+00,-9.398246301611216103e-01,-6.557431300253689921e-01,-4.861681366232424306e-01,-4.861681400882190696e-01,-6.557431404735005742e-01,-9.398246478277123561e-01,-1.214922973993148414e+00,-1.429973813395744697e+00,-1.580259673886025951e+00,-1.678212807178522947e+00,-1.738923195229683305e+00,-1.774996868869128885e+00,-1.795568641966473589e+00,-1.806766103353467212e+00,-1.812493518942478898e+00,-1.815140922036713178e+00,-1.816121196951363315e+00,-1.816242655645684989e+00,-1.815953128859149501e+00,-1.815492859592402031e+00,-1.814986544069531194e+00,-1.814496704932807791e+00,-1.814053537132616967e+00,-1.813671011308126690e+00,-1.813355258902418665e+00,-1.813108784908830540e+00,-1.812932506741863792e+00,-1.812826702337242413e+00,-1.812791427443518844e+00,-1.000000000000000000e+00,-1.000000000000000000e+00,-1.000000000000000000e+00,-1.000000000000000000e+00,-1.000000000000000000e+00,-1.000000000000000000e+00,-1.000000000000000000e+00,-1.000000000000000000e+00,-1.000000000000000000e+00,-1.000000000000000000e+00,-1.000000000000000000e+00,-1.000000000000000000e+00,-1.000000000000000000e+00,-1.000000000000000000e+00,-1.000000000000000000e+00,-1.000000000000000000e+00,-1.000000000000000000e+00,-1.000000000000000000e+00,-1.000000000000000000e+00,-1.000000000000000000e+00,-1.000000000000000000e+00,-1.000000000000000000e+00,-1.000000000000000000e+00,-1.000000000000000000e+00,-1.000000000000000000e+00,-1.000000000000000000e+00,-1.000000000000000000e+00,-1.000000000000000000e+00,-1.000000000000000000e+00,-1.000000000000000000e+00,-1.000000000000000000e+00,-1.000000000000000000e+00,-1.000000000000000000e+00,-1.000000000000000000e+00,-1.000000000000000000e+00,-1.000000000000000000e+00,-1.000000000000000000e+00,-1.000000000000000000e+00,-1.000000000000000000e+00,-1.000000000000000000e+00,-1.000000000000000000e+00,-1.000000000000000000e+00,-1.000000000000000000e+00,-1.000000000000000000e+00,-1.000000000000000000e+00,-1.000000000000000000e+00,-1.000000000000000000e+00,-1.000000000000000000e+00,-1.000000000000000000e+00,-1.000000000000000000e+00,-1.000000000000000000e+00,-1.000000000000000000e+00,-1.000000000000000000e+00,-1.000000000000000000e+00
-1.000000000000000000e+00,-1.000000000000000000e+00,-1.000000000000000000e+00,-1.000000000000000000e+00,-1.000000000000000000e+00,-1.000000000000000000e+00,-1.000000000000000000e+00,-1.000000000000000000e+00,-1.000000000000000000e+00,-1.000000000000000000e+00,-1.000000000000000000e+00,-1.000000000000000000e+00,-1.000000000000000000e+00,-1.000000000000000000e+00,-1.000000000000000000e+00,-1.000000000000000000e+00,-1.000000000000000000e+00,-1.000000000000000000e+00,-1.000000000000000000e+00,-1.000000000000000000e+00,-1.000000000000000000e+00,-1.000000000000000000e+00,-1.000000000000000000e+00,-1.000000000000000000e+00,-1.000000000000000000e+00,-1.000000000000000000e+00,-1.000000000000000000e+00,-1.000000000000000000e+00,-1.000000000000000000e+00,-1.000000000000000000e+00,-1.000000000000000000e+00,-1.000000000000000000e+00,-1.000000000000000000e+00,-1.000000000000000000e+00,-1.000000000000000000e+00,-1.000000000000000000e+00,-1.000000000000000000e+00,-1.000000000000000000e+00,-1.000000000000000000e+00,-1.000000000000000000e+00,-1.000000000000000000e+00,-1.000000000000000000e+00,-1.000000000000000000e+00,-1.000000000000000000e+00,-1.000000000000000000e+00,-1.000000000000000000e+00,-1.000000000000000000e+00,-1.000000000000000000e+00,-1.000000000000000000e+00,-1.000000000000000000e+00,-1.000000000000000000e+00,-1.000000000000000000e+00,-1.000000000000000000e+00,-1.000000000000000000e+00,-1.810420855313989108e+00,-1.810456893616549934e+00,-1.810564963871916122e+00,-1.810744850936631067e+00,-1.810996013416807049e+00,-1.811317162571497885e+00,-1.811705317990935926e+00,-1.812153780030407280e+00,-1.812647937405118315e+00,-1.813156910145272249e+00,-1.813617477657575083e+00,-1.813904256380277857e+00,-1.813776324456942479e+00,-1.812785127171158139e+00,-1.810121445127396145e+00,-1.804371039668029697e+00,-1.793141647731831601e+00,-1.772525280653375335e+00,-1.736388360081404958e+00,-1.675587067244467265e+00,-1.577503152616345217e+00,-1.427032803575264186e+00,-1.211734314430460646e+00,-9.363347833159629818e-01,-6.519536466806691299e-01,-4.822005189290663463e-01,-4.822005244701650373e-01,-6.519536634028781918e-01,-9.363348115159176865e-01,-1.211734354180617812e+00,-1.427032854775716064e+00,-1.577503215050725771e+00,-1.675587140809671638e+00,-1.736388445029402261e+00,-1.772525377383349365e+00,-1.793141756507000695e+00,-1.804371160435870536e+00,-1.810121577499475221e+00,-1.812785270452555775e+00,-1.813776477754905470e+00,-1.813904418642410477e+00,-1.813617647612774775e+00,-1.813157086238426086e+00,-1.812648117677196469e+00,-1.812153962190289791e+00,-1.811705499609867376e+00,-1.811317341353310351e+00,-1.810996187156324266e+00,-1.810745017592327200e+00,-1.810565121937249611e+00,-1.810457042395815064e+00,-1.810420992128438211e+00,-1.000000000000000000e+00,-1.000000000000000000e+00,-1.000000000000000000e+00,-1.000000000000000000e+00,-1.000000000000000000e+00,-1.000000000000000000e+00,-1.000000000000000000e+00,-1.000000000000000000e+00,-1.000000000000000000e+00,-1.000000000000000000e+00,-1.000000000000000000e+00,-1.000000000000000000e+00,-1.000000000000000000e+00,-1.000000000000000000e+00,-1.000000000000000000e+00,-1.000000000000000000e+00,-1.000000000000000000e+00,-1.000000000000000000e+00,-1.000000000000000000e+00,-1.000000000000000000e+00,-1.000000000000000000e+00,-1.000000000000000000e+00,-1.000000000000000000e+00,-1.000000000000000000e+00,-1.000000000000000000e+00,-1.000000000000000000e+00,-1.000000000000000000e+00,-1.000000000000000000e+00,-1.000000000000000000e+00,-1.000000000000000000e+00,-1.000000000000000000e+00,-1.000000000000000000e+00,-1.000000000000000000e+00,-1.000000000000000000e+00,-1.000000000000000000e+00,-1.000000000000000000e+00,-1.000000000000000000e+00,-1.000000000000000000e+00,-1.000000000000000000e+00,-1.000000000000000000e+00,-1.000000000000000000e+00,-1.000000000000000000e+00,-1.000000000000000000e+00,-1.000000000000000000e+00,-1.000000000000000000e+00,-1.000000000000000000e+00,-1.000000000000000000e+00,-1.000000000000000000e+00,-1.000000000000000000e+00,-1.000000000000000000e+00,-1.000000000000000000e+00,-1.000000000000000000e+00,-1.000000000000000000e+00,-1.000000000000000000e+00
-1.000000000000000000e+00,-1.000000000000000000e+00,-1.000000000000000000e+00,-1.000000000000000000e+00,-1.000000000000000000e+00,-1.000000000000000000e+00,-1.000000000000000000e+00,-1.000000000000000000e+00,-1.000000000000000000e+00,-1.000000000000000000e+00,-1.000000000000000000e+00,-1.000000000000000000e+00,-1.000000000000000000e+00,-1.000000000000000000e+00,-1.000000000000000000e+00,-1.000000000000000000e+00,-1.000000000000000000e+00,-1.000000000000000000e+00,-1.000000000000000000e+00,-1.000000000000000000e+00,-1.000000000000000000e+00,-1.000000000000000000e+00,-1.000000000000000000e+00,-1.000000000000000000e+00,-1.000000000000000000e+00,-1.000000000000000000e+00,-1.000000000000000000e+00,-1.000000000000000000e+00,-1.000000000000000000e+00,-1.000000000000000000e+00,-1.000000000000000000e+00,-1.000000000000000000e+00,-1.000000000000000000e+00,-1.000000000000000000e+00,-1.000000000000000000e+00,-1.000000000000000000e+00,-1.000000000000000000e+00,-1.000000000000000000e+00,-1.000000000000000000e+00,-1.000000000000000000e+00,-1.000000000000000000e+00,-1.000000000000000000e+00,-1.000000000000000000e+00,-1.000000000000000000e+00,-1.000000000000000000e+00,-1.000000000000000000e+00,-1.000000000000000000e+00,-1.000000000000000000e+00,-1.000000000000000000e+00,-1.000000000000000000e+00,-1.000000000000000000e+00,-1.000000000000000000e+00,-1.000000000000000000e+00,-1.000000000000000000e+00,-1.808045838097988023e+00,-1.808082163365619666e+00,-1.808191062859339171e+00,-1.808372226026505603e+00,-1.808624952238517825e+00,-1.808947730542495247e+00,-1.809337298931951610e+00,-1.809786624467174976e+00,-1.810280722829092692e+00,-1.810788316213266969e+00,-1.811245774285570320e+00,-1.811527293642489767e+00,-1.811391498287320712e+00,-1.810389273057488424e+00,-1.807710582413120548e+00,-1.801939852308490853e+00,-1.790682548921382233e+00,-1.770026884137773537e+00,-1.733833209844175327e+00,-1.672948649285157074e+00,-1.574742720118003092e+00,-1.424097765122007031e+00,-1.208562467284301167e+00,-9.328729045105397244e-01,-6.482020168618263245e-01,-4.782764257257980933e-01,-4.782764332600926149e-01,-6.482020395977421412e-01,-9.328729428011399705e-01,-1.208562521307194881e+00,-1.424097834875627244e+00,-1.574742805484616870e+00,-1.672948750242075899e+00,-1.733833326600797919e+00,-1.770027016928896302e+00,-1.790682697776904364e+00,-1.801940016961164348e+00,-1.807710762299187035e+00,-1.810389467348646253e+00,-1.811391705984482403e+00,-1.811527513572983583e+00,-1.811246005056369679e+00,-1.810788556086844192e+00,-1.810280969608533796e+00,-1.809786875577719556e+00,-1.809337551659573773e+00,-1.808947982289692558e+00,-1.808625200554108359e+00,-1.808372468602011507e+00,-1.808191297991352808e+00,-1.808082390125455463e+00,-1.808046053643437734e+00,-1.000000000000000000e+00,-1.000000000000000000e+00,-1.000000000000000000e+00,-1.000000000000000000e+00,-1.000000000000000000e+00,-1.000000000000000000e+00,-1.000000000000000000e+00,-1.000000000000000000e+00,-1.000000000000000000e+00,-1.000000000000000000e+00,-1.000000000000000000e+00,-1.000000000000000000e+00,-1.000000000000000000e+00,-1.000000000000000000e+00,-1.000000000000000000e+00,-1.000000000000000000e+00,-1.000000000000000000e+00,-1.000000000000000000e+00,-1.000000000000000000e+00,-1.000000000000000000e+00,-1.000000000000000000e+00,-1.000000000000000000e+00,-1.000000000000000000e+00,-1.000000000000000000e+00,-1.000000000000000000e+00,-1.000000000000000000e+00,-1.000000000000000000e+00,-1.000000000000000000e+00,-1.000000000000000000e+00,-1.000000000000000000e+00,-1.000000000000000000e+00,-1.000000000000000000e+00,-1.000000000000000000e+00,-1.000000000000000000e+00,-1.000000000000000000e+00,-1.000000000000000000e+00,-1.000000000000000000e+00,-1.000000000000000000e+00,-1.000000000000000000e+00,-1.000000000000000000e+00,-1.000000000000000000e+00,-1.000000000000000000e+00,-1.000000000000000000e+00,-1.000000000000000000e+00,-1.000000000000000000e+00,-1.000000000000000000e+00,-1.000000000000000000e+00,-1.000000000000000000e+00,-1.000000000000000000e+00,-1.000000000000000000e+00,-1.000000000000000000e+00,-1.000000000000000000e+00,-1.000000000000000000e+00,-1.000000000000000000e+00
-1.000000000000000000e+00,-1.000000000000000000e+00,-1.000000000000000000e+00,-1.000000000000000000e+00,-1.000000000000000000e+00,-1.000000000000000000e+00,-1.000000000000000000e+00,-1.000000000000000000e+00,-1.000000000000000000e+00,-1.000000000000000000e+00,-1.000000000000000000e+00,-1.000000000000000000e+00,-1.000000000000000000e+00,-1.000000000000000000e+00,-1.000000000000000000e+00,-1.000000000000000000e+00,-1.000000000000000000e+00,-1.000000000000000000e+00,-1.000000000000000000e+00,-1.000000000000000000e+00,-1.000000000000000000e+00,-1.000000000000000000e+00,-1.000000000000000000e+00,-1.000000000000000000e+00,-1.000000000000000000e+00,-1.000000000000000000e+00,-1.000000000000000000e+00,-1.000000000000000000e+00,-1.000000000000000000e+00,-1.000000000000000000e+00,-1.000000000000000000e+00,-1.000000000000000000e+00,-1.000000000000000000e+00,-1.000000000000000000e+00,-1.000000000000000000e+00,-1.000000000000000000e+00,-1.000000000000000000e+00,-1.000000000000000000e+00,-1.000000000000000000e+00,-1.000000000000000000e+00,-1.000000000000000000e+00,-1.000000000000000000e+00,-1.000000000000000000e+00,-1.000000000000000000e+00,-1.000000000000000000e+00,-1.000000000000000000e+00,-1.000000000000000000e+00,-1.000000000000000000e+00,-1.000000000000000000e+00,-1.000000000000000000e+00,-1.000000000000000000e+00,-1.000000000000000000e+00,-1.000000000000000000e+00,-1.000000000000000000e+00,-1.805679118638800373e+00,-1.805715436219428982e+00,-1.805824294615611780e+00,-1.806005329118170355e+00,-1.806257749225376186e+00,-1.806579919465595596e+00,-1.806968421331623276e+00,-1.807416038093251798e+00,-1.807907580620901955e+00,-1.808411551532702388e+00,-1.808864087755826855e+00,-1.809139129024646575e+00,-1.808994981842758420e+00,-1.807982071323418038e+00,-1.805289606284261383e+00,-1.799500700749539606e+00,-1.788218548348287085e+00,-1.767527554546661772e+00,-1.731282014389474044e+00,-1.670320048241837441e+00,-1.571999041661317875e+00,-1.421187593542022398e+00,-1.205424728199014250e+00,-9.294549813853677511e-01,-6.445032674222268554e-01,-4.744103800953396455e-01,-4.744103895298195095e-01,-6.445032958928778033e-01,-9.294550292904922850e-01,-1.205424795820504658e+00,-1.421187681005105174e+00,-1.571999148968326709e+00,-1.670320175440964006e+00,-1.731282161616114479e+00,-1.767527721845149724e+00,-1.788218735496375444e+00,-1.799500907246129433e+00,-1.805289831363249053e+00,-1.807982314007591240e+00,-1.808995241018006350e+00,-1.809139403396393009e+00,-1.808864375809897451e+00,-1.808411851358465272e+00,-1.807907889815615787e+00,-1.807416353851464264e+00,-1.806968740712040056e+00,-1.806580239611432548e+00,-1.806258067477847673e+00,-1.806005642955211155e+00,-1.805824602194624262e+00,-1.805715736403112448e+00,-1.805679408448362722e+00,-1.000000000000000000e+00,-1.000000000000000000e+00,-1.000000000000000000e+00,-1.000000000000000000e+00,-1.000000000000000000e+00,-1.000000000000000000e+00,-1.000000000000000000e+00,-1.000000000000000000e+00,-1.000000000000000000e+00,-1.000000000000000000e+00,-1.000000000000000000e+00,-1.000000000000000000e+00,-1.000000000000000000e+00,-1.000000000000000000e+00,-1.000000000000000000e+00,-1.000000000000000000e+00,-1.000000000000000000e+00,-1.000000000000000000e+00,-1.000000000000000000e+00,-1.000000000000000000e+00,-1.000000000000000000e+00,-1.000000000000000000e+00,-1.000000000000000000e+00,-1.000000000000000000e+00,-1.000000000000000000e+00,-1.000000000000000000e+00,-1.000000000000000000e+00,-1.000000000000000000e+00,-1.000000000000000000e+00,-1.000000000000000000e+00,-1.000000000000000000e+00,-1.000000000000000000e+00,-1.000000000000000000e+00,-1.000000000000000000e+00,-1.000000000000000000e+00,-1.000000000000000000e+00,-1.000000000000000000e+00,-1.000000000000000000e+00,-1.000000000000000000e+00,-1.000000000000000000e+00,-1.000000000000000000e+00,-1.000000000000000000e+00,-1.000000000000000000e+00,-1.000000000000000000e+00,-1.000000000000000000e+00,-1.000000000000000000e+00,-1.000000000000000000e+00,-1.000000000000000000e+00,-1.000000000000000000e+00,-1.000000000000000000e+00,-1.000000000000000000e+00,-1.000000000000000000e+00,-1.000000000000000000e+00,-1.000000000000000000e+00
-1.000000000000000000e+00,-1.000000000000000000e+00,-1.000000000000000000e+00,-1.000000000000000000e+00,-1.000000000000000000e+00,-1.000000000000000000e+00,-1.000000000000000000e+00,-1.000000000000000000e+00,-1.000000000000000000e+00,-1.000000000000000000e+00,-1.000000000000000000e+00,-1.000000000000000000e+00,-1.000000000000000000e+00,-1.000000000000000000e+00,-1.000000000000000000e+00,-1.000000000000000000e+00,-1.000000000000000000e+00,-1.000000000000000000e+00,-1.000000000000000000e+00,-1.000000000000000000e+00,-1.000000000000000000e+00,-1.000000000000000000e+00,-1.000000000000000000e+00,-1.000000000000000000e+00,-1.000000000000000000e+00,-1.000000000000000000e+00,-1.000000000000000000e+00,-1.000000000000000000e+00,-1.000000000000000000e+00,-1.000000000000000000e+00,-1.000000000000000000e+00,-1.000000000000000000e+00,-1.000000000000000000e+00,-1.000000000000000000e+00,-1.000000000000000000e+00,-1.000000000000000000e+00,-1.000000000000000000e+00,-1.000000000000000000e+00,-1.000000000000000000e+00,-1.000000000000000000e+00,-1.000000000000000000e+00,-1.000000000000000000e+00,-1.000000000000000000e+00,-1.000000000000000000e+00,-1.000000000000000000e+00,-1.000000000000000000e+00,-1.000000000000000000e+00,-1.000000000000000000e+00,-1.000000000000000000e+00,-1.000000000000000000e+00,-1.000000000000000000e+00,-1.000000000000000000e+00,-1.000000000000000000e+00,-1.000000000000000000e+00,-1.803330413315707759e+00,-1.803366553607939737e+00,-1.803474871018395875e+00,-1.803654973533650008e+00,-1.803906025605324315e+00,-1.804226329779964555e+00,-1.804612390290706969e+00,-1.805056900235246342e+00,-1.805544569853147818e+00,-1.806043791398014520e+00,-1.806490576512949531e+00,-1.806758706422131100e+00,-1.806606252754054065e+00,-1.805583243463319665e+00,-1.802878173791313987e+00,-1.797072872477682548e+00,-1.785768283251022215e+00,-1.765045041276850579e+00,-1.728751455179711627e+00,-1.667716764433193166e+00,-1.569286394758883985e+00,-1.418315374661752060e+00,-1.202333094961349547e+00,-9.260920997757523532e-01,-6.408678204157581826e-01,-4.706124537685510978e-01,-4.706124650152865296e-01,-6.408678543502894787e-01,-9.260921568198348108e-01,-1.202333175481169247e+00,-1.418315478917174577e+00,-1.569286522866507827e+00,-1.667716916494693224e+00,-1.728751631251388643e+00,-1.765045241209204363e+00,-1.785768506578429449e+00,-1.797073118466526065e+00,-1.802878441471052584e+00,-1.805583531704999301e+00,-1.806606560311394105e+00,-1.806759031864368925e+00,-1.806490918186286709e+00,-1.806044147212355622e+00,-1.805544937218860779e+00,-1.805057276161379232e+00,-1.804612771658910431e+00,-1.804226713530728166e+00,-1.803906408913707349e+00,-1.803655353724502586e+00,-1.803475246142635768e+00,-1.803366922333403677e+00,-1.803330772541212657e+00,-1.000000000000000000e+00,-1.000000000000000000e+00,-1.000000000000000000e+00,-1.000000000000000000e+00,-1.000000000000000000e+00,-1.000000000000000000e+00,-1.000000000000000000e+00,-1.000000000000000000e+00,-1.000000000000000000e+00,-1.000000000000000000e+00,-1.000000000000000000e+00,-1.000000000000000000e+00,-1.000000000000000000e+00,-1.000000000000000000e+00,-1.000000000000000000e+00,-1.000000000000000000e+00,-1.000000000000000000e+00,-1.000000000000000000e+00,-1.000000000000000000e+00,-1.000000000000000000e+00,-1.000000000000000000e+00,-1.000000000000000000e+00,-1.000000000000000000e+00,-1.000000000000000000e+00,-1.000000000000000000e+00,-1.000000000000000000e+00,-1.000000000000000000e+00,-1.000000000000000000e+00,-1.000000000000000000e+00,-1.000000000000000000e+00,-1.000000000000000000e+00,-1.000000000000000000e+00,-1.000000000000000000e+00,-1.000000000000000000e+00,-1.000000000000000000e+00,-1.000000000000000000e+00,-1.000000000000000000e+00,-1.000000000000000000e+00,-1.000000000000000000e+00,-1.000000000000000000e+00,-1.000000000000000000e+00,-1.000000000000000000e+00,-1.000000000000000000e+00,-1.000000000000000000e+00,-1.000000000000000000e+00,-1.000000000000000000e+00,-1.000000000000000000e+00,-1.000000000000000000e+00,-1.000000000000000000e+00,-1.000000000000000000e+00,-1.000000000000000000e+00,-1.000000000000000000e+00,-1.000000000000000000e+00,-1.000000000000000000e+00
-1.000000000000000000e+00,-1.000000000000000000e+00,-1.000000000000000000e+00,-1.000000000000000000e+00,-1.000000000000000000e+00,-1.000000000000000000e+00,-1.000000000000000000e+00,-1.000000000000000000e+00,-1.000000000000000000e+00,-1.000000000000000000e+00,-1.000000000000000000e+00,-1.000000000000000000e+00,-1.000000000000000000e+00,-1.000000000000000000e+00,-1.000000000000000000e+00,-1.000000000000000000e+00,-1.000000000000000000e+00,-1.000000000000000000e+00,-1.000000000000000000e+00,-1.000000000000000000e+00,-1.000000000000000000e+00,-1.000000000000000000e+00,-1.000000000000000000e+00,-1.000000000000000000e+00,-1.000000000000000000e+00,-1.000000000000000000e+00,-1.000000000000000000e+00,-1.000000000000000000e+00,-1.000000000000000000e+00,-1.000000000000000000e+00,-1.000000000000000000e+00,-1.000000000000000000e+00,-1.000000000000000000e+00,-1.000000000000000000e+00,-1.000000000000000000e+00,-1.000000000000000000e+00,-1.000000000000000000e+00,-1.000000000000000000e+00,-1.000000000000000000e+00,-1.000000000000000000e+00,-1.000000000000000000e+00,-1.000000000000000000e+00,-1.000000000000000000e+00,-1.000000000000000000e+00,-1.000000000000000000e+00,-1.000000000000000000e+00,-1.000000000000000000e+00,-1.000000000000000000e+00,-1.000000000000000000e+00,-1.000000000000000000e+00,-1.000000000000000000e+00,-1.000000000000000000e+00,-1.000000000000000000e+00,-1.000000000000000000e+00,-1.801007136744570136e+00,-1.801043009608536805e+00,-1.801150521307899321e+00,-1.801329269553350487e+00,-1.801578401992445011e+00,-1.801896198249919978e+00,-1.802279134363602875e+00,-1.802719870616937836e+00,-1.803203079811340093e+00,-1.803697109426292355e+00,-1.804137909814398810e+00,-1.804399162060789763e+00,-1.804238752428273029e+00,-1.803206351084856163e+00,-1.800489770742305762e+00,-1.794669583657526601e+00,-1.783344521342404843e+00,-1.762591511095269015e+00,-1.726252980634731760e+00,-1.665149451512715428e+00,-1.566614606261879983e+00,-1.415490122797940842e+00,-1.199295831913377075e+00,-9.227918879092265048e-01,-6.373028360571495465e-01,-4.668895581090743985e-01,-4.668895710911165065e-01,-6.373028751996031582e-01,-9.227919536280311252e-01,-1.199295924628249521e+00,-1.415490242869133608e+00,-1.566614753899428170e+00,-1.665149626856833764e+00,-1.726253183671064395e+00,-1.762591741496874587e+00,-1.783344778436670497e+00,-1.794669866504882805e+00,-1.800490078183690557e+00,-1.803206681838970482e+00,-1.804239105091410833e+00,-1.804399535048656800e+00,-1.804138301302305791e+00,-1.803697517129824179e+00,-1.803203500968568296e+00,-1.802720302089417803e+00,-1.802279572904634364e+00,-1.801896640661884152e+00,-1.801578845320058964e+00,-1.801329711031128156e+00,-1.801150958881550412e+00,-1.801043441755108887e+00,-1.801007560243821359e+00,-1.000000000000000000e+00,-1.000000000000000000e+00,-1.000000000000000000e+00,-1.000000000000000000e+00,-1.000000000000000000e+00,-1.000000000000000000e+00,-1.000000000000000000e+00,-1.000000000000000000e+00,-1.000000000000000000e+00,-1.000000000000000000e+00,-1.000000000000000000e+00,-1.000000000000000000e+00,-1.000000000000000000e+00,-1.000000000000000000e+00,-1.000000000000000000e+00,-1.000000000000000000e+00,-1.000000000000000000e+00,-1.000000000000000000e+00,-1.000000000000000000e+00,-1.000000000000000000e+00,-1.000000000000000000e+00,-1.000000000000000000e+00,-1.000000000000000000e+00,-1.000000000000000000e+00,-1.000000000000000000e+00,-1.000000000000000000e+00,-1.000000000000000000e+00,-1.000000000000000000e+00,-1.000000000000000000e+00,-1.000000000000000000e+00,-1.000000000000000000e+00,-1.000000000000000000e+00,-1.000000000000000000e+00,-1.000000000000000000e+00,-1.000000000000000000e+00,-1.000000000000000000e+00,-1.000000000000000000e+00,-1.000000000000000000e+00,-1.000000000000000000e+00,-1.000000000000000000e+00,-1.000000000000000000e+00,-1.000000000000000000e+00,-1.000000000000000000e+00,-1.000000000000000000e+00,-1.000000000000000000e+00,-1.000000000000000000e+00,-1.000000000000000000e+00,-1.000000000000000000e+00,-1.000000000000000000e+00,-1.000000000000000000e+00,-1.000000000000000000e+00,-1.000000000000000000e+00,-1.000000000000000000e+00,-1.000000000000000000e+00
-1.000000000000000000e+00,-1.000000000000000000e+00,-1.000000000000000000e+00,-1.000000000000000000e+00,-1.000000000000000000e+00,-1.000000000000000000e+00,-1.000000000000000000e+00,-1.000000000000000000e+00,-1.000000000000000000e+00,-1.000000000000000000e+00,-1.000000000000000000e+00,-1.000000000000000000e+00,-1.000000000000000000e+00,-1.000000000000000000e+00,-1.000000000000000000e+00,-1.000000000000000000e+00,-1.000000000000000000e+00,-1.000000000000000000e+00,-1.000000000000000000e+00,-1.000000000000000000e+00,-1.000000000000000000e+00,-1.000000000000000000e+00,-1.000000000000000000e+00,-1.000000000000000000e+00,-1.000000000000000000e+00,-1.000000000000000000e+00,-1.000000000000000000e+00,-1.000000000000000000e+00,-1.000000000000000000e+00,-1.000000000000000000e+00,-1.000000000000000000e+00,-1.000000000000000000e+00,-1.000000000000000000e+00,-1.000000000000000000e+00,-1.000000000000000000e+00,-1.000000000000000000e+00,-1.000000000000000000e+00,-1.000000000000000000e+00,-1.000000000000000000e+00,-1.000000000000000000e+00,-1.000000000000000000e+00,-1.000000000000000000e+00,-1.000000000000000000e+00,-1.000000000000000000e+00,-1.000000000000000000e+00,-1.000000000000000000e+00,-1.000000000000000000e+00,-1.000000000000000000e+00,-1.000000000000000000e+00,-1.000000000000000000e+00,-1.000000000000000000e+00,-1.000000000000000000e+00,-1.000000000000000000e+00,-1.000000000000000000e+00,-1.798714987174666602e+00,-1.798750552145977455e+00,-1.798857140256864495e+00,-1.799034349390663534e+00,-1.799281327599339786e+00,-1.799596355191581454e+00,-1.799975909429117893e+00,-1.800412651830993749e+00,-1.800891254905259586e+00,-1.801380059542662782e+00,-1.801814991782400455e+00,-1.802069666322076769e+00,-1.801901813378995909e+00,-1.800860770692947810e+00,-1.798133692953706397e+00,-1.792299926192208570e+00,-1.780956036563902334e+00,-1.760175321837144979e+00,-1.723794455463585340e+00,-1.662625428803298222e+00,-1.563990425105406867e+00,-1.412718020966077237e+00,-1.196318593220367266e+00,-9.195595454456231277e-01,-6.338131757878798789e-01,-4.632463732541168833e-01,-4.632463878967911786e-01,-6.338132198876301748e-01,-9.195596193756706560e-01,-1.196318697410031717e+00,-1.412718155818550425e+00,-1.563990590896682464e+00,-1.662625625691956710e+00,-1.723794683376174586e+00,-1.760175580310944010e+00,-1.780956324772763777e+00,-1.792300243029361528e+00,-1.798134037097344207e+00,-1.800861140706944141e+00,-1.801902207680330603e+00,-1.802070083154469149e+00,-1.801815429114570932e+00,-1.801380514887001238e+00,-1.800891725344002436e+00,-1.800413134116420455e+00,-1.799976400233182172e+00,-1.799596851236497486e+00,-1.799281825825854497e+00,-1.799034846996336423e+00,-1.798857635058058069e+00,-1.798751042425264846e+00,-1.798715469592750082e+00,-1.000000000000000000e+00,-1.000000000000000000e+00,-1.000000000000000000e+00,-1.000000000000000000e+00,-1.000000000000000000e+00,-1.000000000000000000e+00,-1.000000000000000000e+00,-1.000000000000000000e+00,-1.000000000000000000e+00,-1.000000000000000000e+00,-1.000000000000000000e+00,-1.000000000000000000e+00,-1.000000000000000000e+00,-1.000000000000000000e+00,-1.000000000000000000e+00,-1.000000000000000000e+00,-1.000000000000000000e+00,-1.000000000000000000e+00,-1.000000000000000000e+00,-1.000000000000000000e+00,-1.000000000000000000e+00,-1.000000000000000000e+00,-1.000000000000000000e+00,-1.000000000000000000e+00,-1.000000000000000000e+00,-1.000000000000000000e+00,-1.000000000000000000e+00,-1.000000000000000000e+00,-1.000000000000000000e+00,-1.000000000000000000e+00,-1.000000000000000000e+00,-1.000000000000000000e+00,-1.000000000000000000e+00,-1.000000000000000000e+00,-1.000000000000000000e+00,-1.000000000000000000e+00,-1.000000000000000000e+00,-1.000000000000000000e+00,-1.000000000000000000e+00,-1.000000000000000000e+00,-1.000000000000000000e+00,-1.000000000000000000e+00,-1.000000000000000000e+00,-1.000000000000000000e+00,-1.000000000000000000e+00,-1.000000000000000000e+00,-1.000000000000000000e+00,-1.000000000000000000e+00,-1.000000000000000000e+00,-1.000000000000000000e+00,-1.000000000000000000e+00,-1.000000000000000000e+00,-1.000000000000000000e+00,-1.000000000000000000e+00
-1.000000000000000000e+00,-1.000000000000000000e+00,-1.000000000000000000e+00,-1.000000000000000000e+00,-1.000000000000000000e+00,-1.000000000000000000e+00,-1.000000000000000000e+00,-1.000000000000000000e+00,-1.000000000000000000e+00,-1.000000000000000000e+00,-1.000000000000000000e+00,-1.000000000000000000e+00,-1.000000000000000000e+00,-1.000000000000000000e+00,-1.000000000000000000e+00,-1.000000000000000000e+00,-1.000000000000000000e+00,-1.000000000000000000e+00,-1.000000000000000000e+00,-1.000000000000000000e+00,-1.000000000000000000e+00,-1.000000000000000000e+00,-1.000000000000000000e+00,-1.000000000000000000e+00,-1.000000000000000000e+00,-1.000000000000000000e+00,-1.000000000000000000e+00,-1.000000000000000000e+00,-1.000000000000000000e+00,-1.000000000000000000e+00,-1.000000000000000000e+00,-1.000000000000000000e+00,-1.000000000000000000e+00,-1.000000000000000000e+00,-1.000000000000000000e+00,-1.000000000000000000e+00,-1.000000000000000000e+00,-1.000000000000000000e+00,-1.000000000000000000e+00,-1.000000000000000000e+00,-1.000000000000000000e+00,-1.000000000000000000e+00,-1.000000000000000000e+00,-1.000000000000000000e+00,-1.000000000000000000e+00,-1.000000000000000000e+00,-1.000000000000000000e+00,-1.000000000000000000e+00,-1.000000000000000000e+00,-1.000000000000000000e+00,-1.000000000000000000e+00,-1.000000000000000000e+00,-1.000000000000000000e+00,-1.000000000000000000e+00,-1.796458383582429263e+00,-1.796493630545780373e+00,-1.796599266783716287e+00,-1.796774896470666461e+00,-1.797019678044158297e+00,-1.797331906081893083e+00,-1.797708075852047171e+00,-1.798140869341571690e+00,-1.798614979510671175e+00,-1.799098761772727872e+00,-1.799528138167711733e+00,-1.799776675711360907e+00,-1.799601965691179029e+00,-1.798553030410346310e+00,-1.795816387208363007e+00,-1.789970187118542722e+00,-1.778608883314704681e+00,-1.757802231793264225e+00,-1.721381290816867082e+00,-1.660149723912290654e+00,-1.561418475417861718e+00,-1.410003288663662646e+00,-1.193405215091236427e+00,-9.163985745861069621e-01,-6.304020904239017176e-01,-4.596860141258624077e-01,-4.596860303450434060e-01,-6.304021392141393454e-01,-9.163986562367802957e-01,-1.193405329991593877e+00,-1.410003437204085941e+00,-1.561418657900129237e+00,-1.660149940492061660e+00,-1.721381541376310720e+00,-1.757802515784674613e+00,-1.778609199811163055e+00,-1.789970534891240472e+00,-1.795816764802401710e+00,-1.798553436228753188e+00,-1.799602397962480227e+00,-1.799777132486963138e+00,-1.799528617184650958e+00,-1.799099260350060181e+00,-1.798615494597974207e+00,-1.798141397619875903e+00,-1.797708613954396295e+00,-1.797332450691446537e+00,-1.797020226015417332e+00,-1.796775444995831972e+00,-1.796599813513304778e+00,-1.796494173556713037e+00,-1.796458919419730238e+00,-1.000000000000000000e+00,-1.000000000000000000e+00,-1.000000000000000000e+00,-1.000000000000000000e+00,-1.000000000000000000e+00,-1.000000000000000000e+00,-1.000000000000000000e+00,-1.000000000000000000e+00,-1.000000000000000000e+00,-1.000000000000000000e+00,-1.000000000000000000e+00,-1.000000000000000000e+00,-1.000000000000000000e+00,-1.000000000000000000e+00,-1.000000000000000000e+00,-1.000000000000000000e+00,-1.000000000000000000e+00,-1.000000000000000000e+00,-1.000000000000000000e+00,-1.000000000000000000e+00,-1.000000000000000000e+00,-1.000000000000000000e+00,-1.000000000000000000e+00,-1.000000000000000000e+00,-1.000000000000000000e+00,-1.000000000000000000e+00,-1.000000000000000000e+00,-1.000000000000000000e+00,-1.000000000000000000e+00,-1.000000000000000000e+00,-1.000000000000000000e+00,-1.000000000000000000e+00,-1.000000000000000000e+00,-1.000000000000000000e+00,-1.000000000000000000e+00,-1.000000000000000000e+00,-1.000000000000000000e+00,-1.000000000000000000e+00,-1.000000000000000000e+00,-1.000000000000000000e+00,-1.000000000000000000e+00,-1.000000000000000000e+00,-1.000000000000000000e+00,-1.000000000000000000e+00,-1.000000000000000000e+00,-1.000000000000000000e+00,-1.000000000000000000e+00,-1.000000000000000000e+00,-1.000000000000000000e+00,-1.000000000000000000e+00,-1.000000000000000000e+00,-1.000000000000000000e+00,-1.000000000000000000e+00,-1.000000000000000000e+00
-1.000000000000000000e+00,-1.000000000000000000e+00,-1.000000000000000000e+00,-1.000000000000000000e+00,-1.000000000000000000e+00,-1.000000000000000000e+00,-1.000000000000000000e+00,-1.000000000000000000e+00,-1.000000000000000000e+00,-1.000000000000000000e+00,-1.000000000000000000e+00,-1.000000000000000000e+00,-1.000000000000000000e+00,-1.000000000000000000e+00,-1.000000000000000000e+00,-1.000000000000000000e+00,-1.000000000000000000e+00,-1.000000000000000000e+00,-1.000000000000000000e+00,-1.000000000000000000e+00,-1.000000000000000000e+00,-1.000000000000000000e+00,-1.000000000000000000e+00,-1.000000000000000000e+00,-1.000000000000000000e+00,-1.000000000000000000e+00,-1.000000000000000000e+00,-1.000000000000000000e+00,-1.000000000000000000e+00,-1.000000000000000000e+00,-1.000000000000000000e+00,-1.000000000000000000e+00,-1.000000000000000000e+00,-1.000000000000000000e+00,-1.000000000000000000e+00,-1.000000000000000000e+00,-1.000000000000000000e+00,-1.000000000000000000e+00,-1.000000000000000000e+00,-1.000000000000000000e+00,-1.000000000000000000e+00,-1.000000000000000000e+00,-1.000000000000000000e+00,-1.000000000000000000e+00,-1.000000000000000000e+00,-1.000000000000000000e+00,-1.000000000000000000e+00,-1.000000000000000000e+00,-1.000000000000000000e+00,-1.000000000000000000e+00,-1.000000000000000000e+00,-1.000000000000000000e+00,-1.000000000000000000e+00,-1.000000000000000000e+00,-1.794240790328812007e+00,-1.794275727082711658e+00,-1.794380435941163032e+00,-1.794554530688563521e+00,-1.794797185470873968e+00,-1.795106716338946029e+00,-1.795479645340079644e+00,-1.795908684868635419e+00,-1.796378558892206545e+00,-1.796857647943512770e+00,-1.797281880229486761e+00,-1.797524784712712931e+00,-1.797343823581557087e+00,-1.796287715788087436e+00,-1.793542359793971697e+00,-1.787684743487602645e+00,-1.776307262663406217e+00,-1.755476224691525200e+00,-1.719017218751256681e+00,-1.657725791219335942e+00,-1.558901917608646048e+00,-1.407348788042891430e+00,-1.190558273109031173e+00,-9.133112977436141922e-01,-6.270717098351049623e-01,-4.562105056455401098e-01,-4.562105233418926042e-01,-6.270717630097678574e-01,-9.133113865696721456e-01,-1.190558397891961606e+00,-1.407348949113940595e+00,-1.558902115249014786e+00,-1.657726025566103045e+00,-1.719017489652439057e+00,-1.755476531556006803e+00,-1.776307604508467364e+00,-1.787685119003690870e+00,-1.793542767418757844e+00,-1.796288153761732120e+00,-1.797344289949504015e+00,-1.797525277318446468e+00,-1.797282396579598984e+00,-1.796858185190606694e+00,-1.796379113882078826e+00,-1.795909254251993215e+00,-1.795480225743843805e+00,-1.795107304427775663e+00,-1.794797778024832313e+00,-1.794555124894448905e+00,-1.794381029254179749e+00,-1.794276317356404693e+00,-1.794241374002872647e+00,-1.000000000000000000e+00,-1.000000000000000000e+00,-1.000000000000000000e+00,-1.000000000000000000e+00,-1.000000000000000000e+00,-1.000000000000000000e+00,-1.000000000000000000e+00,-1.000000000000000000e+00,-1.000000000000000000e+00,-1.000000000000000000e+00,-1.000000000000000000e+00,-1.000000000000000000e+00,-1.000000000000000000e+00,-1.000000000000000000e+00,-1.000000000000000000e+00,-1.000000000000000000e+00,-1.000000000000000000e+00,-1.000000000000000000e+00,-1.000000000000000000e+00,-1.000000000000000000e+00,-1.000000000000000000e+00,-1.000000000000000000e+00,-1.000000000000000000e+00,-1.000000000000000000e+00,-1.000000000000000000e+00,-1.000000000000000000e+00,-1.000000000000000000e+00,-1.000000000000000000e+00,-1.000000000000000000e+00,-1.000000000000000000e+00,-1.000000000000000000e+00,-1.000000000000000000e+00,-1.000000000000000000e+00,-1.000000000000000000e+00,-1.000000000000000000e+00,-1.000000000000000000e+00,-1.000000000000000000e+00,-1.000000000000000000e+00,-1.000000000000000000e+00,-1.000000000000000000e+00,-1.000000000000000000e+00,-1.000000000000000000e+00,-1.000000000000000000e+00,-1.000000000000000000e+00,-1.000000000000000000e+00,-1.000000000000000000e+00,-1.000000000000000000e+00,-1.000000000000000000e+00,-1.000000000000000000e+00,-1.000000000000000000e+00,-1.000000000000000000e+00,-1.000000000000000000e+00,-1.000000000000000000e+00,-1.000000000000000000e+00
-1.000000000000000000e+00,-1.000000000000000000e+00,-1.000000000000000000e+00,-1.000000000000000000e+00,-1.000000000000000000e+00,-1.000000000000000000e+00,-1.000000000000000000e+00,-1.000000000000000000e+00,-1.000000000000000000e+00,-1.000000000000000000e+00,-1.000000000000000000e+00,-1.000000000000000000e+00,-1.000000000000000000e+00,-1.000000000000000000e+00,-1.000000000000000000e+00,-1.000000000000000000e+00,-1.000000000000000000e+00,-1.000000000000000000e+00,-1.000000000000000000e+00,-1.000000000000000000e+00,-1.000000000000000000e+00,-1.000000000000000000e+00,-1.000000000000000000e+00,-1.000000000000000000e+00,-1.000000000000000000e+00,-1.000000000000000000e+00,-1.000000000000000000e+00,-1.000000000000000000e+00,-1.000000000000000000e+00,-1.000000000000000000e+00,-1.000000000000000000e+00,-1.000000000000000000e+00,-1.000000000000000000e+00,-1.000000000000000000e+00,-1.000000000000000000e+00,-1.000000000000000000e+00,-1.000000000000000000e+00,-1.000000000000000000e+00,-1.000000000000000000e+00,-1.000000000000000000e+00,-1.000000000000000000e+00,-1.000000000000000000e+00,-1.000000000000000000e+00,-1.000000000000000000e+00,-1.000000000000000000e+00,-1.000000000000000000e+00,-1.000000000000000000e+00,-1.000000000000000000e+00,-1.000000000000000000e+00,-1.000000000000000000e+00,-1.000000000000000000e+00,-1.000000000000000000e+00,-1.000000000000000000e+00,-1.000000000000000000e+00,-1.792064957379665868e+00,-1.792099601712341395e+00,-1.792203437028995650e+00,-1.792376088268775147e+00,-1.792616747661616383e+00,-1.792923755955348586e+00,-1.793293665771981349e+00,-1.793719224132131362e+00,-1.794185190349935510e+00,-1.794659974318257412e+00,-1.795079514503654439e+00,-1.795317306087689246e+00,-1.795130687735149166e+00,-1.794068084328888757e+00,-1.791314792715777315e+00,-1.785446669861325830e+00,-1.774054111574843606e+00,-1.753200072630108464e+00,-1.716704822904224326e+00,-1.655356006709386207e+00,-1.556442906333163734e+00,-1.404756446488224952e+00,-1.187779473201084013e+00,-9.102992227130706215e-01,-6.238233898235726604e-01,-4.528211201334897407e-01,-4.528211391901741933e-01,-6.238234470245963559e-01,-9.102993181010333723e-01,-1.187779606966843371e+00,-1.404756618868204798e+00,-1.556443117548570898e+00,-1.655356256864944031e+00,-1.716705111813288998e+00,-1.753200399684776922e+00,-1.774054475767186334e+00,-1.785447069829013689e+00,-1.791315226808098515e+00,-1.794068550635052661e+00,-1.795131184130717372e+00,-1.795317830210285681e+00,-1.795080063660588365e+00,-1.794660545532364981e+00,-1.794185780400850749e+00,-1.793719829678367628e+00,-1.793294283455728833e+00,-1.792924382424958107e+00,-1.792617379631708641e+00,-1.792376722891899643e+00,-1.792204071556645406e+00,-1.792100233750689053e+00,-1.792065583278791507e+00,-1.000000000000000000e+00,-1.000000000000000000e+00,-1.000000000000000000e+00,-1.000000000000000000e+00,-1.000000000000000000e+00,-1.000000000000000000e+00,-1.000000000000000000e+00,-1.000000000000000000e+00,-1.000000000000000000e+00,-1.000000000000000000e+00,-1.000000000000000000e+00,-1.000000000000000000e+00,-1.000000000000000000e+00,-1.000000000000000000e+00,-1.000000000000000000e+00,-1.000000000000000000e+00,-1.000000000000000000e+00,-1.000000000000000000e+00,-1.000000000000000000e+00,-1.000000000000000000e+00,-1.000000000000000000e+00,-1.000000000000000000e+00,-1.000000000000000000e+00,-1.000000000000000000e+00,-1.000000000000000000e+00,-1.000000000000000000e+00,-1.000000000000000000e+00,-1.000000000000000000e+00,-1.000000000000000000e+00,-1.000000000000000000e+00,-1.000000000000000000e+00,-1.000000000000000000e+00,-1.000000000000000000e+00,-1.000000000000000000e+00,-1.000000000000000000e+00,-1.000000000000000000e+00,-1.000000000000000000e+00,-1.000000000000000000e+00,-1.000000000000000000e+00,-1.000000000000000000e+00,-1.000000000000000000e+00,-1.000000000000000000e+00,-1.000000000000000000e+00,-1.000000000000000000e+00,-1.000000000000000000e+00,-1.000000000000000000e+00,-1.000000000000000000e+00,-1.000000000000000000e+00,-1.000000000000000000e+00,-1.000000000000000000e+00,-1.000000000000000000e+00,-1.000000000000000000e+00,-1.000000000000000000e+00,-1.000000000000000000e+00
-1.000000000000000000e+00,-1.000000000000000000e+00,-1.000000000000000000e+00,-1.000000000000000000e+00,-1.000000000000000000e+00,-1.000000000000000000e+00,-1.000000000000000000e+00,-1.000000000000000000e+00,-1.000000000000000000e+00,-1.000000000000000000e+00,-1.000000000000000000e+00,-1.000000000000000000e+00,-1.000000000000000000e+00,-1.000000000000000000e+00,-1.000000000000000000e+00,-1.000000000000000000e+00,-1.000000000000000000e+00,-1.000000000000000000e+00,-1.000000000000000000e+00,-1.000000000000000000e+00,-1.000000000000000000e+00,-1.000000000000000000e+00,-1.000000000000000000e+00,-1.000000000000000000e+00,-1.000000000000000000e+00,-1.000000000000000000e+00,-1.000000000000000000e+00,-1.000000000000000000e+00,-1.000000000000000000e+00,-1.000000000000000000e+00,-1.000000000000000000e+00,-1.000000000000000000e+00,-1.000000000000000000e+00,-1.000000000000000000e+00,-1.000000000000000000e+00,-1.000000000000000000e+00,-1.000000000000000000e+00,-1.000000000000000000e+00,-1.000000000000000000e+00,-1.000000000000000000e+00,-1.000000000000000000e+00,-1.000000000000000000e+00,-1.000000000000000000e+00,-1.000000000000000000e+00,-1.000000000000000000e+00,-1.000000000000000000e+00,-1.000000000000000000e+00,-1.000000000000000000e+00,-1.000000000000000000e+00,-1.000000000000000000e+00,-1.000000000000000000e+00,-1.000000000000000000e+00,-1.000000000000000000e+00,-1.000000000000000000e+00,-1.789933097591150268e+00,-1.789967472294823336e+00,-1.790070502531011076e+00,-1.790241824840974605e+00,-1.790480650098491111e+00,-1.790785344549470137e+00,-1.791152492181807832e+00,-1.791574875427374369e+00,-1.792037289598641170e+00,-1.792508174458075088e+00,-1.792923479293951683e+00,-1.793156666722145243e+00,-1.792964955072060551e+00,-1.791896482897730847e+00,-1.789135962070705022e+00,-1.783258151052444784e+00,-1.771851503939772865e+00,-1.750975720268631575e+00,-1.714445902013441936e+00,-1.653042008491116377e+00,-1.554042907274390428e+00,-1.402227550527620492e+00,-1.185069925034719862e+00,-9.073632992202504965e-01,-6.206579566490908473e-01,-4.495186155904896674e-01,-4.495186358727935039e-01,-6.206580174692000185e-01,-9.073634004913231355e-01,-1.185070066817544232e+00,-1.402227732940782845e+00,-1.554043130452117838e+00,-1.653042272485435449e+00,-1.714446206596254241e+00,-1.750976064822924005e+00,-1.771851887444072515e+00,-1.783258572108251672e+00,-1.789136418953854335e+00,-1.791896973570499707e+00,-1.792965477259107931e+00,-1.793157217883116106e+00,-1.792924056590285975e+00,-1.792508774824633999e+00,-1.792037909793243289e+00,-1.791575512147222327e+00,-1.791153142095443851e+00,-1.790786004282215016e+00,-1.790481316306540505e+00,-1.790242494597709566e+00,-1.790071172898392238e+00,-1.789968140601291058e+00,-1.789933760115256067e+00,-1.000000000000000000e+00,-1.000000000000000000e+00,-1.000000000000000000e+00,-1.000000000000000000e+00,-1.000000000000000000e+00,-1.000000000000000000e+00,-1.000000000000000000e+00,-1.000000000000000000e+00,-1.000000000000000000e+00,-1.000000000000000000e+00,-1.000000000000000000e+00,-1.000000000000000000e+00,-1.000000000000000000e+00,-1.000000000000000000e+00,-1.000000000000000000e+00,-1.000000000000000000e+00,-1.000000000000000000e+00,-1.000000000000000000e+00,-1.000000000000000000e+00,-1.000000000000000000e+00,-1.000000000000000000e+00,-1.000000000000000000e+00,-1.000000000000000000e+00,-1.000000000000000000e+00,-1.000000000000000000e+00,-1.000000000000000000e+00,-1.000000000000000000e+00,-1.000000000000000000e+00,-1.000000000000000000e+00,-1.000000000000000000e+00,-1.000000000000000000e+00,-1.000000000000000000e+00,-1.000000000000000000e+00,-1.000000000000000000e+00,-1.000000000000000000e+00,-1.000000000000000000e+00,-1.000000000000000000e+00,-1.000000000000000000e+00,-1.000000000000000000e+00,-1.000000000000000000e+00,-1.000000000000000000e+00,-1.000000000000000000e+00,-1.000000000000000000e+00,-1.000000000000000000e+00,-1.000000000000000000e+00,-1.000000000000000000e+00,-1.000000000000000000e+00,-1.000000000000000000e+00,-1.000000000000000000e+00,-1.000000000000000000e+00,-1.000000000000000000e+00,-1.000000000000000000e+00,-1.000000000000000000e+00,-1.000000000000000000e+00
-1.000000000000000000e+00,-1.000000000000000000e+00,-1.000000000000000000e+00,-1.000000000000000000e+00,-1.000000000000000000e+00,-1.000000000000000000e+00,-1.000000000000000000e+00,-1.000000000000000000e+00,-1.000000000000000000e+00,-1.000000000000000000e+00,-1.000000000000000000e+00,-1.000000000000000000e+00,-1.000000000000000000e+00,-1.000000000000000000e+00,-1.000000000000000000e+00,-1.000000000000000000e+00,-1.000000000000000000e+00,-1.000000000000000000e+00,-1.000000000000000000e+00,-1.000000000000000000e+00,-1.000000000000000000e+00,-1.000000000000000000e+00,-1.000000000000000000e+00,-1.000000000000000000e+00,-1.000000000000000000e+00,-1.000000000000000000e+00,-1.000000000000000000e+00,-1.000000000000000000e+00,-1.000000000000000000e+00,-1.000000000000000000e+00,-1.000000000000000000e+00,-1.000000000000000000e+00,-1.000000000000000000e+00,-1.000000000000000000e+00,-1.000000000000000000e+00,-1.000000000000000000e+00,-1.000000000000000000e+00,-1.000000000000000000e+00,-1.000000000000000000e+00,-1.000000000000000000e+00,-1.000000000000000000e+00,-1.000000000000000000e+00,-1.000000000000000000e+00,-1.000000000000000000e+00,-1.000000000000000000e+00,-1.000000000000000000e+00,-1.000000000000000000e+00,-1.000000000000000000e+00,-1.000000000000000000e+00,-1.000000000000000000e+00,-1.000000000000000000e+00,-1.000000000000000000e+00,-1.000000000000000000e+00,-1.000000000000000000e+00,-1.787847017366492874e+00,-1.787881147156941353e+00,-1.787983446319282077e+00,-1.788153562784919659e+00,-1.788390725566038286e+00,-1.788693325772090503e+00,-1.789057977813229172e+00,-1.789477498341145889e+00,-1.789936717219082762e+00,-1.790404102502363148e+00,-1.790815612912471932e+00,-1.791044678063028028e+00,-1.790848397897730093e+00,-1.789774631595065557e+00,-1.787007522393398107e+00,-1.781120762747344433e+00,-1.769700923619201616e+00,-1.748804547031112877e+00,-1.712241718809435209e+00,-1.650784930861684874e+00,-1.551702915873396815e+00,-1.399762949720126715e+00,-1.182430332516528182e+00,-9.045040983529475387e-01,-6.175758784944413993e-01,-4.463034030087342785e-01,-4.463034243672169277e-01,-6.175759424909337270e-01,-9.045042047790147199e-01,-1.182430481301486314e+00,-1.399763140853912846e+00,-1.551703149384783931e+00,-1.650785206724875609e+00,-1.712242036742666951e+00,-1.748804906396706826e+00,-1.769701323380467484e+00,-1.781121201478594429e+00,-1.787007998309411594e+00,-1.789775142562158639e+00,-1.790848941518846882e+00,-1.791045251672011229e+00,-1.790816213582856253e+00,-1.790404727129330853e+00,-1.789937362584304026e+00,-1.789478161201737638e+00,-1.789058654871296117e+00,-1.788694013622419643e+00,-1.788391420812648347e+00,-1.788154262380852177e+00,-1.787984147161349568e+00,-1.787881846261624386e+00,-1.787847710957551239e+00,-1.000000000000000000e+00,-1.000000000000000000e+00,-1.000000000000000000e+00,-1.000000000000000000e+00,-1.000000000000000000e+00,-1.000000000000000000e+00,-1.000000000000000000e+00,-1.000000000000000000e+00,-1.000000000000000000e+00,-1.000000000000000000e+00,-1.000000000000000000e+00,-1.000000000000000000e+00,-1.000000000000000000e+00,-1.000000000000000000e+00,-1.000000000000000000e+00,-1.000000000000000000e+00,-1.000000000000000000e+00,-1.000000000000000000e+00,-1.000000000000000000e+00,-1.000000000000000000e+00,-1.000000000000000000e+00,-1.000000000000000000e+00,-1.000000000000000000e+00,-1.000000000000000000e+00,-1.000000000000000000e+00,-1.000000000000000000e+00,-1.000000000000000000e+00,-1.000000000000000000e+00,-1.000000000000000000e+00,-1.000000000000000000e+00,-1.000000000000000000e+00,-1.000000000000000000e+00,-1.000000000000000000e+00,-1.000000000000000000e+00,-1.000000000000000000e+00,-1.000000000000000000e+00,-1.000000000000000000e+00,-1.000000000000000000e+00,-1.000000000000000000e+00,-1.000000000000000000e+00,-1.000000000000000000e+00,-1.000000000000000000e+00,-1.000000000000000000e+00,-1.000000000000000000e+00,-1.000000000000000000e+00,-1.000000000000000000e+00,-1.000000000000000000e+00,-1.000000000000000000e+00,-1.000000000000000000e+00,-1.000000000000000000e+00,-1.000000000000000000e+00,-1.000000000000000000e+00,-1.000000000000000000e+00,-1.000000000000000000e+00
-1.000000000000000000e+00,-1.000000000000000000e+00,-1.000000000000000000e+00,-1.000000000000000000e+00,-1.000000000000000000e+00,-1.000000000000000000e+00,-1.000000000000000000e+00,-1.000000000000000000e+00,-1.000000000000000000e+00,-1.000000000000000000e+00,-1.000000000000000000e+00,-1.000000000000000000e+00,-1.000000000000000000e+00,-1.000000000000000000e+00,-1.000000000000000000e+00,-1.000000000000000000e+00,-1.000000000000000000e+00,-1.000000000000000000e+00,-1.000000000000000000e+00,-1.000000000000000000e+00,-1.000000000000000000e+00,-1.000000000000000000e+00,-1.000000000000000000e+00,-1.000000000000000000e+00,-1.000000000000000000e+00,-1.000000000000000000e+00,-1.000000000000000000e+00,-1.000000000000000000e+00,-1.000000000000000000e+00,-1.000000000000000000e+00,-1.000000000000000000e+00,-1.000000000000000000e+00,-1.000000000000000000e+00,-1.000000000000000000e+00,-1.000000000000000000e+00,-1.000000000000000000e+00,-1.000000000000000000e+00,-1.000000000000000000e+00,-1.000000000000000000e+00,-1.000000000000000000e+00,-1.000000000000000000e+00,-1.000000000000000000e+00,-1.000000000000000000e+00,-1.000000000000000000e+00,-1.000000000000000000e+00,-1.000000000000000000e+00,-1.000000000000000000e+00,-1.000000000000000000e+00,-1.000000000000000000e+00,-1.000000000000000000e+00,-1.000000000000000000e+00,-1.000000000000000000e+00,-1.000000000000000000e+00,-1.000000000000000000e+00,-1.785808212937843198e+00,-1.785842122602017579e+00,-1.785943764794081456e+00,-1.786112798240374389e+00,-1.786348469015199836e+00,-1.786649191647600166e+00,-1.787011609084530050e+00,-1.787428569948552592e+00,-1.787884936099641164e+00,-1.788349201232342311e+00,-1.788757331142418305e+00,-1.788982721201537007e+00,-1.788782354362645988e+00,-1.787703817056531364e+00,-1.784930700099921053e+00,-1.779035662428558595e+00,-1.767603450393740783e+00,-1.746687546008438785e+00,-1.710093170294208376e+00,-1.648585564969703654e+00,-1.549423608024516508e+00,-1.397363197663593626e+00,-1.179861125997994975e+00,-9.017219374267554377e-01,-6.145773849950835199e-01,-4.431756631009597935e-01,-4.431756853780562944e-01,-6.145774517063479214e-01,-9.017220482516556945e-01,-1.179861280742308338e+00,-1.397363396184768236e+00,-1.549423850232459987e+00,-1.648585850735239777e+00,-1.710093499262427486e+00,-1.746687917499028853e+00,-1.767603863345925008e+00,-1.779036115392302886e+00,-1.784931191242134174e+00,-1.787704344182701188e+00,-1.788782914996701834e+00,-1.788983312612147270e+00,-1.788757950371691496e+00,-1.788349845188779597e+00,-1.787885601626383103e+00,-1.787429253879192714e+00,-1.787012308161657570e+00,-1.786649902436318715e+00,-1.786349188078835137e+00,-1.786113522384034979e+00,-1.785944490768557769e+00,-1.785842847081347218e+00,-1.785808932101873747e+00,-1.000000000000000000e+00,-1.000000000000000000e+00,-1.000000000000000000e+00,-1.000000000000000000e+00,-1.000000000000000000e+00,-1.000000000000000000e+00,-1.000000000000000000e+00,-1.000000000000000000e+00,-1.000000000000000000e+00,-1.000000000000000000e+00,-1.000000000000000000e+00,-1.000000000000000000e+00,-1.000000000000000000e+00,-1.000000000000000000e+00,-1.000000000000000000e+00,-1.000000000000000000e+00,-1.000000000000000000e+00,-1.000000000000000000e+00,-1.000000000000000000e+00,-1.000000000000000000e+00,-1.000000000000000000e+00,-1.000000000000000000e+00,-1.000000000000000000e+00,-1.000000000000000000e+00,-1.000000000000000000e+00,-1.000000000000000000e+00,-1.000000000000000000e+00,-1.000000000000000000e+00,-1.000000000000000000e+00,-1.000000000000000000e+00,-1.000000000000000000e+00,-1.000000000000000000e+00,-1.000000000000000000e+00,-1.000000000000000000e+00,-1.000000000000000000e+00,-1.000000000000000000e+00,-1.000000000000000000e+00,-1.000000000000000000e+00,-1.000000000000000000e+00,-1.000000000000000000e+00,-1.000000000000000000e+00,-1.000000000000000000e+00,-1.000000000000000000e+00,-1.000000000000000000e+00,-1.000000000000000000e+00,-1.000000000000000000e+00,-1.000000000000000000e+00,-1.000000000000000000e+00,-1.000000000000000000e+00,-1.000000000000000000e+00,-1.000000000000000000e+00,-1.000000000000000000e+00,-1.000000000000000000e+00,-1.000000000000000000e+00
-1.000000000000000000e+00,-1.000000000000000000e+00,-1.000000000000000000e+00,-1.000000000000000000e+00,-1.000000000000000000e+00,-1.000000000000000000e+00,-1.000000000000000000e+00,-1.000000000000000000e+00,-1.000000000000000000e+00,-1.000000000000000000e+00,-1.000000000000000000e+00,-1.000000000000000000e+00,-1.000000000000000000e+00,-1.000000000000000000e+00,-1.000000000000000000e+00,-1.000000000000000000e+00,-1.000000000000000000e+00,-1.000000000000000000e+00,-1.000000000000000000e+00,-1.000000000000000000e+00,-1.000000000000000000e+00,-1.000000000000000000e+00,-1.000000000000000000e+00,-1.000000000000000000e+00,-1.000000000000000000e+00,-1.000000000000000000e+00,-1.000000000000000000e+00,-1.000000000000000000e+00,-1.000000000000000000e+00,-1.000000000000000000e+00,-1.000000000000000000e+00,-1.000000000000000000e+00,-1.000000000000000000e+00,-1.000000000000000000e+00,-1.000000000000000000e+00,-1.000000000000000000e+00,-1.000000000000000000e+00,-1.000000000000000000e+00,-1.000000000000000000e+00,-1.000000000000000000e+00,-1.000000000000000000e+00,-1.000000000000000000e+00,-1.000000000000000000e+00,-1.000000000000000000e+00,-1.000000000000000000e+00,-1.000000000000000000e+00,-1.000000000000000000e+00,-1.000000000000000000e+00,-1.000000000000000000e+00,-1.000000000000000000e+00,-1.000000000000000000e+00,-1.000000000000000000e+00,-1.000000000000000000e+00,-1.000000000000000000e+00,-1.783817941400975826e+00,-1.783851654728776825e+00,-1.783952711019203052e+00,-1.784120778984972677e+00,-1.784355120431560859e+00,-1.784654171451323545e+00,-1.785014601190839212e+00,-1.785429287499054052e+00,-1.785883121184208111e+00,-1.786344618462653910e+00,-1.786749749464141335e+00,-1.786971873790876186e+00,-1.786767858636534312e+00,-1.785685024256216780e+00,-1.782906425216432833e+00,-1.777003719340249477e+00,-1.765559886610724050e+00,-1.744625445965168442e+00,-1.708000904103978090e+00,-1.646444468893670798e+00,-1.547205443619614540e+00,-1.395028649160061418e+00,-1.177362553597831152e+00,-8.990169663773392994e-01,-6.116625500063698206e-01,-4.401354271489872350e-01,-4.401354501850895939e-01,-6.116626189637031086e-01,-8.990170808348552089e-01,-1.177362713247732229e+00,-1.395028853725926110e+00,-1.547205692881488570e+00,-1.646444762595019373e+00,-1.708001241793224434e+00,-1.744625826894847576e+00,-1.765560309684303775e+00,-1.777004183082235844e+00,-1.782906927764289495e+00,-1.785685563391884667e+00,-1.786768431856317063e+00,-1.786972478354153626e+00,-1.786750382436271378e+00,-1.786345276815576089e+00,-1.785883801850108199e+00,-1.785429987402911589e+00,-1.785015317126106282e+00,-1.784654899971100495e+00,-1.784355858078001900e+00,-1.784121522403900428e+00,-1.783953456816863126e+00,-1.783852399222844554e+00,-1.783818680725148154e+00,-1.000000000000000000e+00,-1.000000000000000000e+00,-1.000000000000000000e+00,-1.000000000000000000e+00,-1.000000000000000000e+00,-1.000000000000000000e+00,-1.000000000000000000e+00,-1.000000000000000000e+00,-1.000000000000000000e+00,-1.000000000000000000e+00,-1.000000000000000000e+00,-1.000000000000000000e+00,-1.000000000000000000e+00,-1.000000000000000000e+00,-1.000000000000000000e+00,-1.000000000000000000e+00,-1.000000000000000000e+00,-1.000000000000000000e+00,-1.000000000000000000e+00,-1.000000000000000000e+00,-1.000000000000000000e+00,-1.000000000000000000e+00,-1.000000000000000000e+00,-1.000000000000000000e+00,-1.000000000000000000e+00,-1.000000000000000000e+00,-1.000000000000000000e+00,-1.000000000000000000e+00,-1.000000000000000000e+00,-1.000000000000000000e+00,-1.000000000000000000e+00,-1.000000000000000000e+00,-1.000000000000000000e+00,-1.000000000000000000e+00,-1.000000000000000000e+00,-1.000000000000000000e+00,-1.000000000000000000e+00,-1.000000000000000000e+00,-1.000000000000000000e+00,-1.000000000000000000e+00,-1.000000000000000000e+00,-1.000000000000000000e+00,-1.000000000000000000e+00,-1.000000000000000000e+00,-1.000000000000000000e+00,-1.000000000000000000e+00,-1.000000000000000000e+00,-1.000000000000000000e+00,-1.000000000000000000e+00,-1.000000000000000000e+00,-1.000000000000000000e+00,-1.000000000000000000e+00,-1.000000000000000000e+00,-1.000000000000000000e+00
-1.000000000000000000e+00,-1.000000000000000000e+00,-1.000000000000000000e+00,-1.000000000000000000e+00,-1.000000000000000000e+00,-1.000000000000000000e+00,-1.000000000000000000e+00,-1.000000000000000000e+00,-1.000000000000000000e+00,-1.000000000000000000e+00,-1.000000000000000000e+00,-1.000000000000000000e+00,-1.000000000000000000e+00,-1.000000000000000000e+00,-1.000000000000000000e+00,-1.000000000000000000e+00,-1.000000000000000000e+00,-1.000000000000000000e+00,-1.000000000000000000e+00,-1.000000000000000000e+00,-1.000000000000000000e+00,-1.000000000000000000e+00,-1.000000000000000000e+00,-1.000000000000000000e+00,-1.000000000000000000e+00,-1.000000000000000000e+00,-1.000000000000000000e+00,-1.000000000000000000e+00,-1.000000000000000000e+00,-1.000000000000000000e+00,-1.000000000000000000e+00,-1.000000000000000000e+00,-1.000000000000000000e+00,-1.000000000000000000e+00,-1.000000000000000000e+00,-1.000000000000000000e+00,-1.000000000000000000e+00,-1.000000000000000000e+00,-1.000000000000000000e+00,-1.000000000000000000e+00,-1.000000000000000000e+00,-1.000000000000000000e+00,-1.000000000000000000e+00,-1.000000000000000000e+00,-1.000000000000000000e+00,-1.000000000000000000e+00,-1.000000000000000000e+00,-1.000000000000000000e+00,-1.000000000000000000e+00,-1.000000000000000000e+00,-1.000000000000000000e+00,-1.000000000000000000e+00,-1.000000000000000000e+00,-1.000000000000000000e+00,-1.781877273264023342e+00,-1.781910812474439609e+00,-1.782011349222015983e+00,-1.782178561298367381e+00,-1.782411724834478406e+00,-1.782709295474641964e+00,-1.783067966072734878e+00,-1.783480640798342787e+00,-1.783932236231922319e+00,-1.784391287894743439e+00,-1.784793767470251424e+00,-1.785012997282659386e+00,-1.784805730052084982e+00,-1.783719026516793260e+00,-1.780935421174525191e+00,-1.775025602999085850e+00,-1.763570843431492730e+00,-1.742618794483952627e+00,-1.705965397908328018e+00,-1.644362042883322772e+00,-1.545048737460967159e+00,-1.392759526875386955e+00,-1.174934743931648651e+00,-8.963892271275206713e-01,-6.088313484588994129e-01,-4.371826325215103504e-01,-4.371826561576881431e-01,-6.088314191922961083e-01,-8.963893444494118734e-01,-1.174934907428671904e+00,-1.392759736138287963e+00,-1.545048992127423304e+00,-1.644362342550046874e+00,-1.705965742002602870e+00,-1.742619182169769187e+00,-1.763571273563988573e+00,-1.775026074078730476e+00,-1.780935931330810629e+00,-1.783719573546534987e+00,-1.784806311475767959e+00,-1.785013610396738004e+00,-1.784794409415479732e+00,-1.784391955744276004e+00,-1.783932927027976234e+00,-1.783481351573704021e+00,-1.783068693687888340e+00,-1.782710036509338014e+00,-1.782412475835450705e+00,-1.782179318754384623e+00,-1.782012109578793968e+00,-1.781911571699880792e+00,-1.781878027427871602e+00,-1.000000000000000000e+00,-1.000000000000000000e+00,-1.000000000000000000e+00,-1.000000000000000000e+00,-1.000000000000000000e+00,-1.000000000000000000e+00,-1.000000000000000000e+00,-1.000000000000000000e+00,-1.000000000000000000e+00,-1.000000000000000000e+00,-1.000000000000000000e+00,-1.000000000000000000e+00,-1.000000000000000000e+00,-1.000000000000000000e+00,-1.000000000000000000e+00,-1.000000000000000000e+00,-1.000000000000000000e+00,-1.000000000000000000e+00,-1.000000000000000000e+00,-1.000000000000000000e+00,-1.000000000000000000e+00,-1.000000000000000000e+00,-1.000000000000000000e+00,-1.000000000000000000e+00,-1.000000000000000000e+00,-1.000000000000000000e+00,-1.000000000000000000e+00,-1.000000000000000000e+00,-1.000000000000000000e+00,-1.000000000000000000e+00,-1.000000000000000000e+00,-1.000000000000000000e+00,-1.000000000000000000e+00,-1.000000000000000000e+00,-1.000000000000000000e+00,-1.000000000000000000e+00,-1.000000000000000000e+00,-1.000000000000000000e+00,-1.000000000000000000e+00,-1.000000000000000000e+00,-1.000000000000000000e+00,-1.000000000000000000e+00,-1.000000000000000000e+00,-1.000000000000000000e+00,-1.000000000000000000e+00,-1.000000000000000000e+00,-1.000000000000000000e+00,-1.000000000000000000e+00,-1.000000000000000000e+00,-1.000000000000000000e+00,-1.000000000000000000e+00,-1.000000000000000000e+00,-1.000000000000000000e+00,-1.000000000000000000e+00
-1.000000000000000000e+00,-1.000000000000000000e+00,-1.000000000000000000e+00,-1.000000000000000000e+00,-1.000000000000000000e+00,-1.000000000000000000e+00,-1.000000000000000000e+00,-1.000000000000000000e+00,-1.000000000000000000e+00,-1.000000000000000000e+00,-1.000000000000000000e+00,-1.000000000000000000e+00,-1.000000000000000000e+00,-1.000000000000000000e+00,-1.000000000000000000e+00,-1.000000000000000000e+00,-1.000000000000000000e+00,-1.000000000000000000e+00,-1.000000000000000000e+00,-1.000000000000000000e+00,-1.000000000000000000e+00,-1.000000000000000000e+00,-1.000000000000000000e+00,-1.000000000000000000e+00,-1.000000000000000000e+00,-1.000000000000000000e+00,-1.000000000000000000e+00,-1.000000000000000000e+00,-1.000000000000000000e+00,-1.000000000000000000e+00,-1.000000000000000000e+00,-1.000000000000000000e+00,-1.000000000000000000e+00,-1.000000000000000000e+00,-1.000000000000000000e+00,-1.000000000000000000e+00,-1.000000000000000000e+00,-1.000000000000000000e+00,-1.000000000000000000e+00,-1.000000000000000000e+00,-1.000000000000000000e+00,-1.000000000000000000e+00,-1.000000000000000000e+00,-1.000000000000000000e+00,-1.000000000000000000e+00,-1.000000000000000000e+00,-1.000000000000000000e+00,-1.000000000000000000e+00,-1.000000000000000000e+00,-1.000000000000000000e+00,-1.000000000000000000e+00,-1.000000000000000000e+00,-1.000000000000000000e+00,-1.000000000000000000e+00,-1.779987131479395357e+00,-1.780020516957324661e+00,-1.780120595038068299e+00,-1.780287051673331344e+00,-1.780519175933051201e+00,-1.780815441000790145e+00,-1.781172560972976937e+00,-1.781583463466201778e+00,-1.782033087734653520e+00,-1.782489985500246288e+00,-1.782890127366812960e+00,-1.783106797061002835e+00,-1.782896634293621219e+00,-1.781806447087668444e+00,-1.779018266091733080e+00,-1.773101843503573694e+00,-1.761636799549251675e+00,-1.740668014565393662e+00,-1.703987013481470525e+00,-1.642338580636503398e+00,-1.542953707625775994e+00,-1.390555966824724266e+00,-1.172577748905541117e+00,-8.938386940435953942e-01,-6.060836950358818864e-01,-4.343171603971136552e-01,-4.343171844742649279e-01,-6.060837670738358218e-01,-8.938388134577970323e-01,-1.172577915181990615e+00,-1.390556179427452577e+00,-1.542953966037497793e+00,-1.642338884291770995e+00,-1.703987361665337374e+00,-1.740668406336730811e+00,-1.761637233703093885e+00,-1.773102318523291476e+00,-1.779018780121062182e+00,-1.781806997975761586e+00,-1.782897219627820107e+00,-1.783107414216425379e+00,-1.782890773602905155e+00,-1.782490658014499685e+00,-1.782033783698442120e+00,-1.781584180036883680e+00,-1.781173295105500598e+00,-1.780816189357005808e+00,-1.780519935089518668e+00,-1.780287817979285592e+00,-1.780121364748968871e+00,-1.780021285712383827e+00,-1.779987895260467301e+00,-1.000000000000000000e+00,-1.000000000000000000e+00,-1.000000000000000000e+00,-1.000000000000000000e+00,-1.000000000000000000e+00,-1.000000000000000000e+00,-1.000000000000000000e+00,-1.000000000000000000e+00,-1.000000000000000000e+00,-1.000000000000000000e+00,-1.000000000000000000e+00,-1.000000000000000000e+00,-1.000000000000000000e+00,-1.000000000000000000e+00,-1.000000000000000000e+00,-1.000000000000000000e+00,-1.000000000000000000e+00,-1.000000000000000000e+00,-1.000000000000000000e+00,-1.000000000000000000e+00,-1.000000000000000000e+00,-1.000000000000000000e+00,-1.000000000000000000e+00,-1.000000000000000000e+00,-1.000000000000000000e+00,-1.000000000000000000e+00,-1.000000000000000000e+00,-1.000000000000000000e+00,-1.000000000000000000e+00,-1.000000000000000000e+00,-1.000000000000000000e+00,-1.000000000000000000e+00,-1.000000000000000000e+00,-1.000000000000000000e+00,-1.000000000000000000e+00,-1.000000000000000000e+00,-1.000000000000000000e+00,-1.000000000000000000e+00,-1.000000000000000000e+00,-1.000000000000000000e+00,-1.000000000000000000e+00,-1.000000000000000000e+00,-1.000000000000000000e+00,-1.000000000000000000e+00,-1.000000000000000000e+00,-1.000000000000000000e+00,-1.000000000000000000e+00,-1.000000000000000000e+00,-1.000000000000000000e+00,-1.000000000000000000e+00,-1.000000000000000000e+00,-1.000000000000000000e+00,-1.000000000000000000e+00,-1.000000000000000000e+00
-1.000000000000000000e+00,-1.000000000000000000e+00,-1.000000000000000000e+00,-1.000000000000000000e+00,-1.000000000000000000e+00,-1.000000000000000000e+00,-1.000000000000000000e+00,-1.000000000000000000e+00,-1.000000000000000000e+00,-1.000000000000000000e+00,-1.000000000000000000e+00,-1.000000000000000000e+00,-1.000000000000000000e+00,-1.000000000000000000e+00,-1.000000000000000000e+00,-1.000000000000000000e+00,-1.000000000000000000e+00,-1.000000000000000000e+00,-1.000000000000000000e+00,-1.000000000000000000e+00,-1.000000000000000000e+00,-1.000000000000000000e+00,-1.000000000000000000e+00,-1.000000000000000000e+00,-1.000000000000000000e+00,-1.000000000000000000e+00,-1.000000000000000000e+00,-1.000000000000000000e+00,-1.000000000000000000e+00,-1.000000000000000000e+00,-1.000000000000000000e+00,-1.000000000000000000e+00,-1.000000000000000000e+00,-1.000000000000000000e+00,-1.000000000000000000e+00,-1.000000000000000000e+00,-1.000000000000000000e+00,-1.000000000000000000e+00,-1.000000000000000000e+00,-1.000000000000000000e+00,-1.000000000000000000e+00,-1.000000000000000000e+00,-1.000000000000000000e+00,-1.000000000000000000e+00,-1.000000000000000000e+00,-1.000000000000000000e+00,-1.000000000000000000e+00,-1.000000000000000000e+00,-1.000000000000000000e+00,-1.000000000000000000e+00,-1.000000000000000000e+00,-1.000000000000000000e+00,-1.000000000000000000e+00,-1.000000000000000000e+00,-1.778148320598445853e+00,-1.778181570823338165e+00,-1.778281245409842004e+00,-1.778447037602035152e+00,-1.778678248089210046e+00,-1.778973365668459650e+00,-1.779329123342193286e+00,-1.779738469448176374e+00,-1.780186362997210336e+00,-1.780641369032990529e+00,-1.781039454690675594e+00,-1.781253864047003699e+00,-1.781041125515854917e+00,-1.779947801364283988e+00,-1.777155434649382970e+00,-1.771232872649252998e+00,-1.759758141148492383e+00,-1.738773443103155403e+00,-1.702066033433445869e+00,-1.640374304113257908e+00,-1.540920508280482437e+00,-1.388418049199162896e+00,-1.170291572658229029e+00,-8.913653012153041066e-01,-6.034194701625039681e-01,-4.315388610537347347e-01,-4.315388854108462846e-01,-6.034195430262883075e-01,-8.913654219362093789e-01,-1.170291740628691457e+00,-1.388418263763639304e+00,-1.540920768762433113e+00,-1.640374609774335024e+00,-1.702066383399204685e+00,-1.738773836316301002e+00,-1.759758576336607039e+00,-1.771233348285579101e+00,-1.777155948914993733e+00,-1.779948352192612715e+00,-1.781041710593537886e+00,-1.781254480865553047e+00,-1.781040100655154390e+00,-1.780642041481328208e+00,-1.780187059249789927e+00,-1.779739186804271567e+00,-1.779329858890556393e+00,-1.778974116213587475e+00,-1.778679010258905846e+00,-1.778447807638849465e+00,-1.778282019341926867e+00,-1.778182343988021996e+00,-1.778149088876180839e+00,-1.000000000000000000e+00,-1.000000000000000000e+00,-1.000000000000000000e+00,-1.000000000000000000e+00,-1.000000000000000000e+00,-1.000000000000000000e+00,-1.000000000000000000e+00,-1.000000000000000000e+00,-1.000000000000000000e+00,-1.000000000000000000e+00,-1.000000000000000000e+00,-1.000000000000000000e+00,-1.000000000000000000e+00,-1.000000000000000000e+00,-1.000000000000000000e+00,-1.000000000000000000e+00,-1.000000000000000000e+00,-1.000000000000000000e+00,-1.000000000000000000e+00,-1.000000000000000000e+00,-1.000000000000000000e+00,-1.000000000000000000e+00,-1.000000000000000000e+00,-1.000000000000000000e+00,-1.000000000000000000e+00,-1.000000000000000000e+00,-1.000000000000000000e+00,-1.000000000000000000e+00,-1.000000000000000000e+00,-1.000000000000000000e+00,-1.000000000000000000e+00,-1.000000000000000000e+00,-1.000000000000000000e+00,-1.000000000000000000e+00,-1.000000000000000000e+00,-1.000000000000000000e+00,-1.000000000000000000e+00,-1.000000000000000000e+00,-1.000000000000000000e+00,-1.000000000000000000e+00,-1.000000000000000000e+00,-1.000000000000000000e+00,-1.000000000000000000e+00,-1.000000000000000000e+00,-1.000000000000000000e+00,-1.000000000000000000e+00,-1.000000000000000000e+00,-1.000000000000000000e+00,-1.000000000000000000e+00,-1.000000000000000000e+00,-1.000000000000000000e+00,-1.000000000000000000e+00,-1.000000000000000000e+00,-1.000000000000000000e+00
-1.000000000000000000e+00,-1.000000000000000000e+00,-1.000000000000000000e+00,-1.000000000000000000e+00,-1.000000000000000000e+00,-1.000000000000000000e+00,-1.000000000000000000e+00,-1.000000000000000000e+00,-1.000000000000000000e+00,-1.000000000000000000e+00,-1.000000000000000000e+00,-1.000000000000000000e+00,-1.000000000000000000e+00,-1.000000000000000000e+00,-1.000000000000000000e+00,-1.000000000000000000e+00,-1.000000000000000000e+00,-1.000000000000000000e+00,-1.000000000000000000e+00,-1.000000000000000000e+00,-1.000000000000000000e+00,-1.000000000000000000e+00,-1.000000000000000000e+00,-1.000000000000000000e+00,-1.000000000000000000e+00,-1.000000000000000000e+00,-1.000000000000000000e+00,-1.000000000000000000e+00,-1.000000000000000000e+00,-1.000000000000000000e+00,-1.000000000000000000e+00,-1.000000000000000000e+00,-1.000000000000000000e+00,-1.000000000000000000e+00,-1.000000000000000000e+00,-1.000000000000000000e+00,-1.000000000000000000e+00,-1.000000000000000000e+00,-1.000000000000000000e+00,-1.000000000000000000e+00,-1.000000000000000000e+00,-1.000000000000000000e+00,-1.000000000000000000e+00,-1.000000000000000000e+00,-1.000000000000000000e+00,-1.000000000000000000e+00,-1.000000000000000000e+00,-1.000000000000000000e+00,-1.000000000000000000e+00,-1.000000000000000000e+00,-1.000000000000000000e+00,-1.000000000000000000e+00,-1.000000000000000000e+00,-1.000000000000000000e+00,-1.776361548707272586e+00,-1.776394680296704109e+00,-1.776494000969656595e+00,-1.776659210477851136e+00,-1.776889619905098527e+00,-1.777183731873360317e+00,-1.777538296128334139e+00,-1.777946279215337544e+00,-1.778392657215532413e+00,-1.778846005888109927e+00,-1.779242286800929662e+00,-1.779454703618558398e+00,-1.779239675444238555e+00,-1.778143525911406231e+00,-1.775347326760807976e+00,-1.769419051975039237e+00,-1.757935189086675454e+00,-1.736935356991413881e+00,-1.700202686082447956e+00,-1.638469387060235594e+00,-1.538949251799567097e+00,-1.386345819074948249e+00,-1.168076190920044111e+00,-8.889689605976812681e-01,-6.008385371897922989e-01,-4.288475705252053904e-01,-4.288475949975698587e-01,-6.008386103858178728e-01,-8.889690818146377405e-01,-1.168076359472201009e+00,-1.386346034194247734e+00,-1.538949512655110485e+00,-1.638469692738868888e+00,-1.700203035540466256e+00,-1.736935749046886412e+00,-1.757935622397919007e+00,-1.769419525010400118e+00,-1.775347837758059155e+00,-1.778144072909877638e+00,-1.779240256254911445e+00,-1.779455315880902333e+00,-1.779242928076211427e+00,-1.778846673672747958e+00,-1.778393349000194190e+00,-1.777946992460682996e+00,-1.777539028103267693e+00,-1.777184479577606169e+00,-1.776890380035975880e+00,-1.776659979212066531e+00,-1.776494774072530536e+00,-1.776395452834715005e+00,-1.776362316470040614e+00,-1.000000000000000000e+00,-1.000000000000000000e+00,-1.000000000000000000e+00,-1.000000000000000000e+00,-1.000000000000000000e+00,-1.000000000000000000e+00,-1.000000000000000000e+00,-1.000000000000000000e+00,-1.000000000000000000e+00,-1.000000000000000000e+00,-1.000000000000000000e+00,-1.000000000000000000e+00,-1.000000000000000000e+00,-1.000000000000000000e+00,-1.000000000000000000e+00,-1.000000000000000000e+00,-1.000000000000000000e+00,-1.000000000000000000e+00,-1.000000000000000000e+00,-1.000000000000000000e+00,-1.000000000000000000e+00,-1.000000000000000000e+00,-1.000000000000000000e+00,-1.000000000000000000e+00,-1.000000000000000000e+00,-1.000000000000000000e+00,-1.000000000000000000e+00,-1.000000000000000000e+00,-1.000000000000000000e+00,-1.000000000000000000e+00,-1.000000000000000000e+00,-1.000000000000000000e+00,-1.000000000000000000e+00,-1.000000000000000000e+00,-1.000000000000000000e+00,-1.000000000000000000e+00,-1.000000000000000000e+00,-1.000000000000000000e+00,-1.000000000000000000e+00,-1.000000000000000000e+00,-1.000000000000000000e+00,-1.000000000000000000e+00,-1.000000000000000000e+00,-1.000000000000000000e+00,-1.000000000000000000e+00,-1.000000000000000000e+00,-1.000000000000000000e+00,-1.000000000000000000e+00,-1.000000000000000000e+00,-1.000000000000000000e+00,-1.000000000000000000e+00,-1.000000000000000000e+00,-1.000000000000000000e+00,-1.000000000000000000e+00
-1.000000000000000000e+00,-1.000000000000000000e+00,-1.000000000000000000e+00,-1.000000000000000000e+00,-1.000000000000000000e+00,-1.000000000000000000e+00,-1.000000000000000000e+00,-1.000000000000000000e+00,-1.000000000000000000e+00,-1.000000000000000000e+00,-1.000000000000000000e+00,-1.000000000000000000e+00,-1.000000000000000000e+00,-1.000000000000000000e+00,-1.000000000000000000e+00,-1.000000000000000000e+00,-1.000000000000000000e+00,-1.000000000000000000e+00,-1.000000000000000000e+00,-1.000000000000000000e+00,-1.000000000000000000e+00,-1.000000000000000000e+00,-1.000000000000000000e+00,-1.000000000000000000e+00,-1.000000000000000000e+00,-1.000000000000000000e+00,-1.000000000000000000e+00,-1.000000000000000000e+00,-1.000000000000000000e+00,-1.000000000000000000e+00,-1.000000000000000000e+00,-1.000000000000000000e+00,-1.000000000000000000e+00,-1.000000000000000000e+00,-1.000000000000000000e+00,-1.000000000000000000e+00,-1.000000000000000000e+00,-1.000000000000000000e+00,-1.000000000000000000e+00,-1.000000000000000000e+00,-1.000000000000000000e+00,-1.000000000000000000e+00,-1.000000000000000000e+00,-1.000000000000000000e+00,-1.000000000000000000e+00,-1.000000000000000000e+00,-1.000000000000000000e+00,-1.000000000000000000e+00,-1.000000000000000000e+00,-1.000000000000000000e+00,-1.000000000000000000e+00,-1.000000000000000000e+00,-1.000000000000000000e+00,-1.000000000000000000e+00,-1.774627444083355154e+00,-1.774660471898404479e+00,-1.774759482949995304e+00,-1.774924182797263938e+00,-1.775153891799129635e+00,-1.775447124787084663e+00,-1.775800646272702510e+00,-1.776207438735697419e+00,-1.776652492894325475e+00,-1.777104392896335039e+00,-1.777499092948399140e+00,-1.777709755828931204e+00,-1.777492693577754412e+00,-1.776393998485495063e+00,-1.773594287241621714e+00,-1.767660691912707360e+00,-1.756168217373100138e+00,-1.735153990801737933e+00,-1.698397162230212087e+00,-1.636623970811270201e+00,-1.537040023549468559e+00,-1.384339300171794962e+00,-1.165931563772971913e+00,-8.866495738553794581e-01,-5.983407535058162807e-01,-4.262431213081846471e-01,-4.262431457254549638e-01,-5.983408265227154743e-01,-8.866496947285369412e-01,-1.165931731761382650e+00,-1.384339514408416294e+00,-1.537040283061421819e+00,-1.636624274515456445e+00,-1.698397508918112253e+00,-1.735154379162241911e+00,-1.756168645994822031e+00,-1.767661159260726533e+00,-1.773594791624301337e+00,-1.776394538055991124e+00,-1.777493266290627316e+00,-1.777710359489862002e+00,-1.777499725282952969e+00,-1.777105051583909301e+00,-1.776653175617038061e+00,-1.776208143140059592e+00,-1.775801369850191991e+00,-1.775447864768222583e+00,-1.775154644967698037e+00,-1.774924945298390400e+00,-1.774760250267644945e+00,-1.774661238870072655e+00,-1.774628206443968237e+00,-1.000000000000000000e+00,-1.000000000000000000e+00,-1.000000000000000000e+00,-1.000000000000000000e+00,-1.000000000000000000e+00,-1.000000000000000000e+00,-1.000000000000000000e+00,-1.000000000000000000e+00,-1.000000000000000000e+00,-1.000000000000000000e+00,-1.000000000000000000e+00,-1.000000000000000000e+00,-1.000000000000000000e+00,-1.000000000000000000e+00,-1.000000000000000000e+00,-1.000000000000000000e+00,-1.000000000000000000e+00,-1.000000000000000000e+00,-1.000000000000000000e+00,-1.000000000000000000e+00,-1.000000000000000000e+00,-1.000000000000000000e+00,-1.000000000000000000e+00,-1.000000000000000000e+00,-1.000000000000000000e+00,-1.000000000000000000e+00,-1.000000000000000000e+00,-1.000000000000000000e+00,-1.000000000000000000e+00,-1.000000000000000000e+00,-1.000000000000000000e+00,-1.000000000000000000e+00,-1.000000000000000000e+00,-1.000000000000000000e+00,-1.000000000000000000e+00,-1.000000000000000000e+00,-1.000000000000000000e+00,-1.000000000000000000e+00,-1.000000000000000000e+00,-1.000000000000000000e+00,-1.000000000000000000e+00,-1.000000000000000000e+00,-1.000000000000000000e+00,-1.000000000000000000e+00,-1.000000000000000000e+00,-1.000000000000000000e+00,-1.000000000000000000e+00,-1.000000000000000000e+00,-1.000000000000000000e+00,-1.000000000000000000e+00,-1.000000000000000000e+00,-1.000000000000000000e+00,-1.000000000000000000e+00,-1.000000000000000000e+00
-1.000000000000000000e+00,-1.000000000000000000e+00,-1.000000000000000000e+00,-1.000000000000000000e+00,-1.000000000000000000e+00,-1.000000000000000000e+00,-1.000000000000000000e+00,-1.000000000000000000e+00,-1.000000000000000000e+00,-1.000000000000000000e+00,-1.000000000000000000e+00,-1.000000000000000000e+00,-1.000000000000000000e+00,-1.000000000000000000e+00,-1.000000000000000000e+00,-1.000000000000000000e+00,-1.000000000000000000e+00,-1.000000000000000000e+00,-1.000000000000000000e+00,-1.000000000000000000e+00,-1.000000000000000000e+00,-1.000000000000000000e+00,-1.000000000000000000e+00,-1.000000000000000000e+00,-1.000000000000000000e+00,-1.000000000000000000e+00,-1.000000000000000000e+00,-1.000000000000000000e+00,-1.000000000000000000e+00,-1.000000000000000000e+00,-1.000000000000000000e+00,-1.000000000000000000e+00,-1.000000000000000000e+00,-1.000000000000000000e+00,-1.000000000000000000e+00,-1.000000000000000000e+00,-1.000000000000000000e+00,-1.000000000000000000e+00,-1.000000000000000000e+00,-1.000000000000000000e+00,-1.000000000000000000e+00,-1.000000000000000000e+00,-1.000000000000000000e+00,-1.000000000000000000e+00,-1.000000000000000000e+00,-1.000000000000000000e+00,-1.000000000000000000e+00,-1.000000000000000000e+00,-1.000000000000000000e+00,-1.000000000000000000e+00,-1.000000000000000000e+00,-1.000000000000000000e+00,-1.000000000000000000e+00,-1.000000000000000000e+00,-1.772946567986890098e+00,-1.772979505263059918e+00,-1.773078246097124833e+00,-1.773242501225224199e+00,-1.773471599258146458e+00,-1.773764065817651003e+00,-1.774116678392700708e+00,-1.774522433365111507e+00,-1.774966333915045213e+00,-1.775416970523335802e+00,-1.775810288531482595e+00,-1.776019409640856805e+00,-1.775800541301978175e+00,-1.774699551911268047e+00,-1.771896619348670709e+00,-1.765958064880926770e+00,-1.754457465726272147e+00,-1.733429548722822400e+00,-1.696649626420812407e+00,-1.634838174818687317e+00,-1.535192891665293047e+00,-1.382398503857139360e+00,-1.163857643898454253e+00,-8.844070399009090755e-01,-5.959259774948065802e-01,-4.237253490050661986e-01,-4.237253731891804653e-01,-5.959260498074975265e-01,-8.844071595722844403e-01,-1.163857810148684946e+00,-1.382398715747585438e+00,-1.535193148103229488e+00,-1.634838474562950950e+00,-1.696649968112713847e+00,-1.733429930926096985e+00,-1.754457886961116486e+00,-1.765958523604785224e+00,-1.771897113943813107e+00,-1.774700080643433653e+00,-1.775801102279511712e+00,-1.776020000843356428e+00,-1.775810907865381649e+00,-1.775417615877183497e+00,-1.774967003188554937e+00,-1.774523124417063169e+00,-1.774117388966397701e+00,-1.773764793386901406e+00,-1.773472340706518935e+00,-1.773243252685036797e+00,-1.773079002789001546e+00,-1.772980261852534767e+00,-1.772947320207329369e+00,-1.000000000000000000e+00,-1.000000000000000000e+00,-1.000000000000000000e+00,-1.000000000000000000e+00,-1.000000000000000000e+00,-1.000000000000000000e+00,-1.000000000000000000e+00,-1.000000000000000000e+00,-1.000000000000000000e+00,-1.000000000000000000e+00,-1.000000000000000000e+00,-1.000000000000000000e+00,-1.000000000000000000e+00,-1.000000000000000000e+00,-1.000000000000000000e+00,-1.000000000000000000e+00,-1.000000000000000000e+00,-1.000000000000000000e+00,-1.000000000000000000e+00,-1.000000000000000000e+00,-1.000000000000000000e+00,-1.000000000000000000e+00,-1.000000000000000000e+00,-1.000000000000000000e+00,-1.000000000000000000e+00,-1.000000000000000000e+00,-1.000000000000000000e+00,-1.000000000000000000e+00,-1.000000000000000000e+00,-1.000000000000000000e+00,-1.000000000000000000e+00,-1.000000000000000000e+00,-1.000000000000000000e+00,-1.000000000000000000e+00,-1.000000000000000000e+00,-1.000000000000000000e+00,-1.000000000000000000e+00,-1.000000000000000000e+00,-1.000000000000000000e+00,-1.000000000000000000e+00,-1.000000000000000000e+00,-1.000000000000000000e+00,-1.000000000000000000e+00,-1.000000000000000000e+00,-1.000000000000000000e+00,-1.000000000000000000e+00,-1.000000000000000000e+00,-1.000000000000000000e+00,-1.000000000000000000e+00,-1.000000000000000000e+00,-1.000000000000000000e+00,-1.000000000000000000e+00,-1.000000000000000000e+00,-1.000000000000000000e+00
-1.000000000000000000e+00,-1.000000000000000000e+00,-1.000000000000000000e+00,-1.000000000000000000e+00,-1.000000000000000000e+00,-1.000000000000000000e+00,-1.000000000000000000e+00,-1.000000000000000000e+00,-1.000000000000000000e+00,-1.000000000000000000e+00,-1.000000000000000000e+00,-1.000000000000000000e+00,-1.000000000000000000e+00,-1.000000000000000000e+00,-1.000000000000000000e+00,-1.000000000000000000e+00,-1.000000000000000000e+00,-1.000000000000000000e+00,-1.000000000000000000e+00,-1.000000000000000000e+00,-1.000000000000000000e+00,-1.000000000000000000e+00,-1.000000000000000000e+00,-1.000000000000000000e+00,-1.000000000000000000e+00,-1.000000000000000000e+00,-1.000000000000000000e+00,-1.000000000000000000e+00,-1.000000000000000000e+00,-1.000000000000000000e+00,-1.000000000000000000e+00,-1.000000000000000000e+00,-1.000000000000000000e+00,-1.000000000000000000e+00,-1.000000000000000000e+00,-1.000000000000000000e+00,-1.000000000000000000e+00,-1.000000000000000000e+00,-1.000000000000000000e+00,-1.000000000000000000e+00,-1.000000000000000000e+00,-1.000000000000000000e+00,-1.000000000000000000e+00,-1.000000000000000000e+00,-1.000000000000000000e+00,-1.000000000000000000e+00,-1.000000000000000000e+00,-1.000000000000000000e+00,-1.000000000000000000e+00,-1.000000000000000000e+00,-1.000000000000000000e+00,-1.000000000000000000e+00,-1.000000000000000000e+00,-1.000000000000000000e+00,-1.771319424607363358e+00,-1.771352283094117297e+00,-1.771450788659412634e+00,-1.771614656643227148e+00,-1.771843222963646269e+00,-1.772135022805247262e+00,-1.772486845041959969e+00,-1.772891698153221451e+00,-1.773334595858958807e+00,-1.773784133173424538e+00,-1.774176245334597057e+00,-1.774384013038513785e+00,-1.774163541821115242e+00,-1.773060483760612316e+00,-1.770254594138233939e+00,-1.764311414259927435e+00,-1.752803148108180498e+00,-1.731762212603864981e+00,-1.694960224455324127e+00,-1.633112103605849796e+00,-1.533407913422009106e+00,-1.380523434924349147e+00,-1.161854381759930943e+00,-8.822412595190897155e-01,-5.935940726900590381e-01,-4.212940962187736726e-01,-4.212941199897016764e-01,-5.935941437701736101e-01,-8.822413771271697680e-01,-1.161854545092624758e+00,-1.380523642997574241e+00,-1.533408165053475658e+00,-1.633112397427263662e+00,-1.694960558974597742e+00,-1.731762586271465620e+00,-1.752803559378704579e+00,-1.764311861579979324e+00,-1.770255075953339530e+00,-1.773060998439883962e+00,-1.774164087627327913e+00,-1.774384588131847185e+00,-1.774176847829807668e+00,-1.773784761194261872e+00,-1.773335247551336424e+00,-1.772892371611981543e+00,-1.772487538269675866e+00,-1.772135733507675281e+00,-1.771843948129576019e+00,-1.771615392402269951e+00,-1.771451530033954169e+00,-1.771353024646633356e+00,-1.771320162130246789e+00,-1.000000000000000000e+00,-1.000000000000000000e+00,-1.000000000000000000e+00,-1.000000000000000000e+00,-1.000000000000000000e+00,-1.000000000000000000e+00,-1.000000000000000000e+00,-1.000000000000000000e+00,-1.000000000000000000e+00,-1.000000000000000000e+00,-1.000000000000000000e+00,-1.000000000000000000e+00,-1.000000000000000000e+00,-1.000000000000000000e+00,-1.000000000000000000e+00,-1.000000000000000000e+00,-1.000000000000000000e+00,-1.000000000000000000e+00,-1.000000000000000000e+00,-1.000000000000000000e+00,-1.000000000000000000e+00,-1.000000000000000000e+00,-1.000000000000000000e+00,-1.000000000000000000e+00,-1.000000000000000000e+00,-1.000000000000000000e+00,-1.000000000000000000e+00,-1.000000000000000000e+00,-1.000000000000000000e+00,-1.000000000000000000e+00,-1.000000000000000000e+00,-1.000000000000000000e+00,-1.000000000000000000e+00,-1.000000000000000000e+00,-1.000000000000000000e+00,-1.000000000000000000e+00,-1.000000000000000000e+00,-1.000000000000000000e+00,-1.000000000000000000e+00,-1.000000000000000000e+00,-1.000000000000000000e+00,-1.000000000000000000e+00,-1.000000000000000000e+00,-1.000000000000000000e+00,-1.000000000000000000e+00,-1.000000000000000000e+00,-1.000000000000000000e+00,-1.000000000000000000e+00,-1.000000000000000000e+00,-1.000000000000000000e+00,-1.000000000000000000e+00,-1.000000000000000000e+00,-1.000000000000000000e+00,-1.000000000000000000e+00
-1.000000000000000000e+00,-1.000000000000000000e+00,-1.000000000000000000e+00,-1.000000000000000000e+00,-1.000000000000000000e+00,-1.000000000000000000e+00,-1.000000000000000000e+00,-1.000000000000000000e+00,-1.000000000000000000e+00,-1.000000000000000000e+00,-1.000000000000000000e+00,-1.000000000000000000e+00,-1.000000000000000000e+00,-1.000000000000000000e+00,-1.000000000000000000e+00,-1.000000000000000000e+00,-1.000000000000000000e+00,-1.000000000000000000e+00,-1.000000000000000000e+00,-1.000000000000000000e+00,-1.000000000000000000e+00,-1.000000000000000000e+00,-1.000000000000000000e+00,-1.000000000000000000e+00,-1.000000000000000000e+00,-1.000000000000000000e+00,-1.000000000000000000e+00,-1.000000000000000000e+00,-1.000000000000000000e+00,-1.000000000000000000e+00,-1.000000000000000000e+00,-1.000000000000000000e+00,-1.000000000000000000e+00,-1.000000000000000000e+00,-1.000000000000000000e+00,-1.000000000000000000e+00,-1.000000000000000000e+00,-1.000000000000000000e+00,-1.000000000000000000e+00,-1.000000000000000000e+00,-1.000000000000000000e+00,-1.000000000000000000e+00,-1.000000000000000000e+00,-1.000000000000000000e+00,-1.000000000000000000e+00,-1.000000000000000000e+00,-1.000000000000000000e+00,-1.000000000000000000e+00,-1.000000000000000000e+00,-1.000000000000000000e+00,-1.000000000000000000e+00,-1.000000000000000000e+00,-1.000000000000000000e+00,-1.000000000000000000e+00,-1.769746468902880565e+00,-1.769779259002508764e+00,-1.769877560225730617e+00,-1.770041091987289317e+00,-1.770269196641115261e+00,-1.770560417864196268e+00,-1.770911554525721909e+00,-1.771315625610964117e+00,-1.771757653696891310e+00,-1.772206236774379606e+00,-1.772597298977264924e+00,-1.772803880298322809e+00,-1.772581987217049626e+00,-1.771477063158093390e+00,-1.768668456973920611e+00,-1.762720960564745809e+00,-1.751205458527022696e+00,-1.730152147360026094e+00,-1.693329088371635205e+00,-1.631445851304948791e+00,-1.531685139307748411e+00,-1.378714095195982647e+00,-1.159921728727516754e+00,-8.801521380373138470e-01,-5.913449100630814304e-01,-4.189492146182196564e-01,-4.189492378073758072e-01,-5.913449793980269931e-01,-8.801522527324607825e-01,-1.159921887985240874e+00,-1.378714298006809669e+00,-1.531685384426518137e+00,-1.631446137277421160e+00,-1.693329413600927369e+00,-1.730152510203959881e+00,-1.751205857376017860e+00,-1.762721393853426743e+00,-1.768668923192780795e+00,-1.771477560768232040e+00,-1.772582514628137318e+00,-1.772804435865311445e+00,-1.772597881053197044e+00,-1.772206843745931293e+00,-1.771758283983036364e+00,-1.771316277551854723e+00,-1.770912226365746189e+00,-1.770561107507672371e+00,-1.770269901180415717e+00,-1.770041807569799674e+00,-1.769878281782901297e+00,-1.769779981068776209e+00,-1.769747187389810295e+00,-1.000000000000000000e+00,-1.000000000000000000e+00,-1.000000000000000000e+00,-1.000000000000000000e+00,-1.000000000000000000e+00,-1.000000000000000000e+00,-1.000000000000000000e+00,-1.000000000000000000e+00,-1.000000000000000000e+00,-1.000000000000000000e+00,-1.000000000000000000e+00,-1.000000000000000000e+00,-1.000000000000000000e+00,-1.000000000000000000e+00,-1.000000000000000000e+00,-1.000000000000000000e+00,-1.000000000000000000e+00,-1.000000000000000000e+00,-1.000000000000000000e+00,-1.000000000000000000e+00,-1.000000000000000000e+00,-1.000000000000000000e+00,-1.000000000000000000e+00,-1.000000000000000000e+00,-1.000000000000000000e+00,-1.000000000000000000e+00,-1.000000000000000000e+00,-1.000000000000000000e+00,-1.000000000000000000e+00,-1.000000000000000000e+00,-1.000000000000000000e+00,-1.000000000000000000e+00,-1.000000000000000000e+00,-1.000000000000000000e+00,-1.000000000000000000e+00,-1.000000000000000000e+00,-1.000000000000000000e+00,-1.000000000000000000e+00,-1.000000000000000000e+00,-1.000000000000000000e+00,-1.000000000000000000e+00,-1.000000000000000000e+00,-1.000000000000000000e+00,-1.000000000000000000e+00,-1.000000000000000000e+00,-1.000000000000000000e+00,-1.000000000000000000e+00,-1.000000000000000000e+00,-1.000000000000000000e+00,-1.000000000000000000e+00,-1.000000000000000000e+00,-1.000000000000000000e+00,-1.000000000000000000e+00,-1.000000000000000000e+00
-1.000000000000000000e+00,-1.000000000000000000e+00,-1.000000000000000000e+00,-1.000000000000000000e+00,-1.000000000000000000e+00,-1.000000000000000000e+00,-1.000000000000000000e+00,-1.000000000000000000e+00,-1.000000000000000000e+00,-1.000000000000000000e+00,-1.000000000000000000e+00,-1.000000000000000000e+00,-1.000000000000000000e+00,-1.000000000000000000e+00,-1.000000000000000000e+00,-1.000000000000000000e+00,-1.000000000000000000e+00,-1.000000000000000000e+00,-1.000000000000000000e+00,-1.000000000000000000e+00,-1.000000000000000000e+00,-1.000000000000000000e+00,-1.000000000000000000e+00,-1.000000000000000000e+00,-1.000000000000000000e+00,-1.000000000000000000e+00,-1.000000000000000000e+00,-1.000000000000000000e+00,-1.000000000000000000e+00,-1.000000000000000000e+00,-1.000000000000000000e+00,-1.000000000000000000e+00,-1.000000000000000000e+00,-1.000000000000000000e+00,-1.000000000000000000e+00,-1.000000000000000000e+00,-1.000000000000000000e+00,-1.000000000000000000e+00,-1.000000000000000000e+00,-1.000000000000000000e+00,-1.000000000000000000e+00,-1.000000000000000000e+00,-1.000000000000000000e+00,-1.000000000000000000e+00,-1.000000000000000000e+00,-1.000000000000000000e+00,-1.000000000000000000e+00,-1.000000000000000000e+00,-1.000000000000000000e+00,-1.000000000000000000e+00,-1.000000000000000000e+00,-1.000000000000000000e+00,-1.000000000000000000e+00,-1.000000000000000000e+00,-1.768228112865140478e+00,-1.768260843767504253e+00,-1.768358967968606477e+00,-1.768522208456738465e+00,-1.768749913234738402e+00,-1.769040633514207261e+00,-1.769391176957636702e+00,-1.769794571668649841e+00,-1.770235847621737024e+00,-1.770683604454566851e+00,-1.771073754418387880e+00,-1.771279297294836352e+00,-1.771056143528549232e+00,-1.769949535617352909e+00,-1.767138432089704114e+00,-1.761186905714708262e+00,-1.749664574988603505e+00,-1.728599504593230973e+00,-1.691756339718101243e+00,-1.629839504571655384e+00,-1.530024615562434409e+00,-1.376970485677504241e+00,-1.158059638840848837e+00,-8.781395867061568827e-01,-5.891783690933045659e-01,-4.166905658233041043e-01,-4.166905882745091105e-01,-5.891784362027074895e-01,-8.781396976832865908e-01,-1.158059792913427755e+00,-1.376970681832116128e+00,-1.530024852523558909e+00,-1.629839780830867113e+00,-1.691756653609159944e+00,-1.728599854414790915e+00,-1.749664959076201898e+00,-1.761187322489333740e+00,-1.767138880065347362e+00,-1.769950013337699302e+00,-1.771056649547151141e+00,-1.771279830184072868e+00,-1.771074312795673844e+00,-1.770684186995801213e+00,-1.770236453028625423e+00,-1.769795198514520163e+00,-1.769391823687187948e+00,-1.769041298183287036e+00,-1.768750593043127761e+00,-1.768522899615813770e+00,-1.768359665447109652e+00,-1.768261542154571986e+00,-1.768228808242420014e+00,-1.000000000000000000e+00,-1.000000000000000000e+00,-1.000000000000000000e+00,-1.000000000000000000e+00,-1.000000000000000000e+00,-1.000000000000000000e+00,-1.000000000000000000e+00,-1.000000000000000000e+00,-1.000000000000000000e+00,-1.000000000000000000e+00,-1.000000000000000000e+00,-1.000000000000000000e+00,-1.000000000000000000e+00,-1.000000000000000000e+00,-1.000000000000000000e+00,-1.000000000000000000e+00,-1.000000000000000000e+00,-1.000000000000000000e+00,-1.000000000000000000e+00,-1.000000000000000000e+00,-1.000000000000000000e+00,-1.000000000000000000e+00,-1.000000000000000000e+00,-1.000000000000000000e+00,-1.000000000000000000e+00,-1.000000000000000000e+00,-1.000000000000000000e+00,-1.000000000000000000e+00,-1.000000000000000000e+00,-1.000000000000000000e+00,-1.000000000000000000e+00,-1.000000000000000000e+00,-1.000000000000000000e+00,-1.000000000000000000e+00,-1.000000000000000000e+00,-1.000000000000000000e+00,-1.000000000000000000e+00,-1.000000000000000000e+00,-1.000000000000000000e+00,-1.000000000000000000e+00,-1.000000000000000000e+00,-1.000000000000000000e+00,-1.000000000000000000e+00,-1.000000000000000000e+00,-1.000000000000000000e+00,-1.000000000000000000e+00,-1.000000000000000000e+00,-1.000000000000000000e+00,-1.000000000000000000e+00,-1.000000000000000000e+00,-1.000000000000000000e+00,-1.000000000000000000e+00,-1.000000000000000000e+00,-1.000000000000000000e+00
-1.000000000000000000e+00,-1.000000000000000000e+00,-1.000000000000000000e+00,-1.000000000000000000e+00,-1.000000000000000000e+00,-1.000000000000000000e+00,-1.000000000000000000e+00,-1.000000000000000000e+00,-1.000000000000000000e+00,-1.000000000000000000e+00,-1.000000000000000000e+00,-1.000000000000000000e+00,-1.000000000000000000e+00,-1.000000000000000000e+00,-1.000000000000000000e+00,-1.000000000000000000e+00,-1.000000000000000000e+00,-1.000000000000000000e+00,-1.000000000000000000e+00,-1.000000000000000000e+00,-1.000000000000000000e+00,-1.000000000000000000e+00,-1.000000000000000000e+00,-1.000000000000000000e+00,-1.000000000000000000e+00,-1.000000000000000000e+00,-1.000000000000000000e+00,-1.000000000000000000e+00,-1.000000000000000000e+00,-1.000000000000000000e+00,-1.000000000000000000e+00,-1.000000000000000000e+00,-1.000000000000000000e+00,-1.000000000000000000e+00,-1.000000000000000000e+00,-1.000000000000000000e+00,-1.000000000000000000e+00,-1.000000000000000000e+00,-1.000000000000000000e+00,-1.000000000000000000e+00,-1.000000000000000000e+00,-1.000000000000000000e+00,-1.000000000000000000e+00,-1.000000000000000000e+00,-1.000000000000000000e+00,-1.000000000000000000e+00,-1.000000000000000000e+00,-1.000000000000000000e+00,-1.000000000000000000e+00,-1.000000000000000000e+00,-1.000000000000000000e+00,-1.000000000000000000e+00,-1.000000000000000000e+00,-1.000000000000000000e+00,-1.766764730609099887e+00,-1.766797410414086666e+00,-1.766895381690035460e+00,-1.767058370512297305e+00,-1.767285729841855613e+00,-1.767576017546947043e+00,-1.767926049037704006e+00,-1.768328860334950292e+00,-1.768769487560270193e+00,-1.769216530881578819e+00,-1.769605890098421286e+00,-1.769810525438338500e+00,-1.769586254464248665e+00,-1.768478126520600657e+00,-1.765664725823874903e+00,-1.759709436007972361e+00,-1.748180662198323132e+00,-1.727104425011651845e+00,-1.690242091680912662e+00,-1.628293144416384397e+00,-1.528426385702491785e+00,-1.375292607758220154e+00,-1.156268069690175038e+00,-8.762035232553671005e-01,-5.870943380504222153e-01,-4.145180215529279399e-01,-4.145180431117069242e-01,-5.870944024864173105e-01,-8.762036297831670151e-01,-1.156268217547344879e+00,-1.375292795940544099e+00,-1.528426612940445128e+00,-1.628293409180373796e+00,-1.690242392277389927e+00,-1.727104759708894433e+00,-1.748181029296793643e+00,-1.759709833918782440e+00,-1.765665153074382321e+00,-1.768478581734009181e+00,-1.769586736345921452e+00,-1.769811032802104389e+00,-1.769606421845991040e+00,-1.769217085990715699e+00,-1.768770064995762059e+00,-1.768329458867198500e+00,-1.767926667253186590e+00,-1.767576653610847703e+00,-1.767286381084697711e+00,-1.767059033282737390e+00,-1.766896051120681932e+00,-1.766798081241530927e+00,-1.766765399114358148e+00,-1.000000000000000000e+00,-1.000000000000000000e+00,-1.000000000000000000e+00,-1.000000000000000000e+00,-1.000000000000000000e+00,-1.000000000000000000e+00,-1.000000000000000000e+00,-1.000000000000000000e+00,-1.000000000000000000e+00,-1.000000000000000000e+00,-1.000000000000000000e+00,-1.000000000000000000e+00,-1.000000000000000000e+00,-1.000000000000000000e+00,-1.000000000000000000e+00,-1.000000000000000000e+00,-1.000000000000000000e+00,-1.000000000000000000e+00,-1.000000000000000000e+00,-1.000000000000000000e+00,-1.000000000000000000e+00,-1.000000000000000000e+00,-1.000000000000000000e+00,-1.000000000000000000e+00,-1.000000000000000000e+00,-1.000000000000000000e+00,-1.000000000000000000e+00,-1.000000000000000000e+00,-1.000000000000000000e+00,-1.000000000000000000e+00,-1.000000000000000000e+00,-1.000000000000000000e+00,-1.000000000000000000e+00,-1.000000000000000000e+00,-1.000000000000000000e+00,-1.000000000000000000e+00,-1.000000000000000000e+00,-1.000000000000000000e+00,-1.000000000000000000e+00,-1.000000000000000000e+00,-1.000000000000000000e+00,-1.000000000000000000e+00,-1.000000000000000000e+00,-1.000000000000000000e+00,-1.000000000000000000e+00,-1.000000000000000000e+00,-1.000000000000000000e+00,-1.000000000000000000e+00,-1.000000000000000000e+00,-1.000000000000000000e+00,-1.000000000000000000e+00,-1.000000000000000000e+00,-1.000000000000000000e+00,-1.000000000000000000e+00
-1.000000000000000000e+00,-1.000000000000000000e+00,-1.000000000000000000e+00,-1.000000000000000000e+00,-1.000000000000000000e+00,-1.000000000000000000e+00,-1.000000000000000000e+00,-1.000000000000000000e+00,-1.000000000000000000e+00,-1.000000000000000000e+00,-1.000000000000000000e+00,-1.000000000000000000e+00,-1.000000000000000000e+00,-1.000000000000000000e+00,-1.000000000000000000e+00,-1.000000000000000000e+00,-1.000000000000000000e+00,-1.000000000000000000e+00,-1.000000000000000000e+00,-1.000000000000000000e+00,-1.000000000000000000e+00,-1.000000000000000000e+00,-1.000000000000000000e+00,-1.000000000000000000e+00,-1.000000000000000000e+00,-1.000000000000000000e+00,-1.000000000000000000e+00,-1.000000000000000000e+00,-1.000000000000000000e+00,-1.000000000000000000e+00,-1.000000000000000000e+00,-1.000000000000000000e+00,-1.000000000000000000e+00,-1.000000000000000000e+00,-1.000000000000000000e+00,-1.000000000000000000e+00,-1.000000000000000000e+00,-1.000000000000000000e+00,-1.000000000000000000e+00,-1.000000000000000000e+00,-1.000000000000000000e+00,-1.000000000000000000e+00,-1.000000000000000000e+00,-1.000000000000000000e+00,-1.000000000000000000e+00,-1.000000000000000000e+00,-1.000000000000000000e+00,-1.000000000000000000e+00,-1.000000000000000000e+00,-1.000000000000000000e+00,-1.000000000000000000e+00,-1.000000000000000000e+00,-1.000000000000000000e+00,-1.000000000000000000e+00,-1.765356662578896119e+00,-1.765389298402941121e+00,-1.765487137966973652e+00,-1.765649909965297581e+00,-1.765876971720749866e+00,-1.766166886949598336e+00,-1.766516477879772395e+00,-1.766918787407438129e+00,-1.767358856738739048e+00,-1.767805285655035918e+00,-1.768193961132590974e+00,-1.768397804659932904e+00,-1.768172544170421023e+00,-1.767063043663311017e+00,-1.764247528940151799e+00,-1.758288724214626342e+00,-1.746753873420425318e+00,-1.725667040045518519e+00,-1.688786450453944266e+00,-1.626806847315941607e+00,-1.526890491381401871e+00,-1.373680463801251417e+00,-1.154546982732964633e+00,-8.743438719512035551e-01,-5.850927138030691532e-01,-4.124314632998846708e-01,-4.124314838320592980e-01,-5.850927751648349329e-01,-8.743439733586285678e-01,-1.154547123430748501e+00,-1.373680642803434937e+00,-1.526890707433860017e+00,-1.626807098904271331e+00,-1.688786735905530634e+00,-1.725667357626922804e+00,-1.746754221423936659e+00,-1.758289101048797765e+00,-1.764247933157708559e+00,-1.767063473977644517e+00,-1.768172999462444661e+00,-1.768398283998913412e+00,-1.768194463711294961e+00,-1.767805810732356431e+00,-1.767359403491472136e+00,-1.766919354752867877e+00,-1.766517064488616784e+00,-1.766167491078550755e+00,-1.765877590880029491e+00,-1.765650540726579010e+00,-1.765487775730989695e+00,-1.765389938151076255e+00,-1.765357300795556528e+00,-1.000000000000000000e+00,-1.000000000000000000e+00,-1.000000000000000000e+00,-1.000000000000000000e+00,-1.000000000000000000e+00,-1.000000000000000000e+00,-1.000000000000000000e+00,-1.000000000000000000e+00,-1.000000000000000000e+00,-1.000000000000000000e+00,-1.000000000000000000e+00,-1.000000000000000000e+00,-1.000000000000000000e+00,-1.000000000000000000e+00,-1.000000000000000000e+00,-1.000000000000000000e+00,-1.000000000000000000e+00,-1.000000000000000000e+00,-1.000000000000000000e+00,-1.000000000000000000e+00,-1.000000000000000000e+00,-1.000000000000000000e+00,-1.000000000000000000e+00,-1.000000000000000000e+00,-1.000000000000000000e+00,-1.000000000000000000e+00,-1.000000000000000000e+00,-1.000000000000000000e+00,-1.000000000000000000e+00,-1.000000000000000000e+00,-1.000000000000000000e+00,-1.000000000000000000e+00,-1.000000000000000000e+00,-1.000000000000000000e+00,-1.000000000000000000e+00,-1.000000000000000000e+00,-1.000000000000000000e+00,-1.000000000000000000e+00,-1.000000000000000000e+00,-1.000000000000000000e+00,-1.000000000000000000e+00,-1.000000000000000000e+00,-1.000000000000000000e+00,-1.000000000000000000e+00,-1.000000000000000000e+00,-1.000000000000000000e+00,-1.000000000000000000e+00,-1.000000000000000000e+00,-1.000000000000000000e+00,-1.000000000000000000e+00,-1.000000000000000000e+00,-1.000000000000000000e+00,-1.000000000000000000e+00,-1.000000000000000000e+00
-1.000000000000000000e+00,-1.000000000000000000e+00,-1.000000000000000000e+00,-1.000000000000000000e+00,-1.000000000000000000e+00,-1.000000000000000000e+00,-1.000000000000000000e+00,-1.000000000000000000e+00,-1.000000000000000000e+00,-1.000000000000000000e+00,-1.000000000000000000e+00,-1.000000000000000000e+00,-1.000000000000000000e+00,-1.000000000000000000e+00,-1.000000000000000000e+00,-1.000000000000000000e+00,-1.000000000000000000e+00,-1.000000000000000000e+00,-1.000000000000000000e+00,-1.000000000000000000e+00,-1.000000000000000000e+00,-1.000000000000000000e+00,-1.000000000000000000e+00,-1.000000000000000000e+00,-1.000000000000000000e+00,-1.000000000000000000e+00,-1.000000000000000000e+00,-1.000000000000000000e+00,-1.000000000000000000e+00,-1.000000000000000000e+00,-1.000000000000000000e+00,-1.000000000000000000e+00,-1.000000000000000000e+00,-1.000000000000000000e+00,-1.000000000000000000e+00,-1.000000000000000000e+00,-1.000000000000000000e+00,-1.000000000000000000e+00,-1.000000000000000000e+00,-1.000000000000000000e+00,-1.000000000000000000e+00,-1.000000000000000000e+00,-1.000000000000000000e+00,-1.000000000000000000e+00,-1.000000000000000000e+00,-1.000000000000000000e+00,-1.000000000000000000e+00,-1.000000000000000000e+00,-1.000000000000000000e+00,-1.000000000000000000e+00,-1.000000000000000000e+00,-1.000000000000000000e+00,-1.000000000000000000e+00,-1.000000000000000000e+00,-1.764004219073378010e+00,-1.764036817146240610e+00,-1.764134543618042894e+00,-1.764297129383292084e+00,-1.764523935608063088e+00,-1.764813531120211110e+00,-1.765162744124805227e+00,-1.765564623473680594e+00,-1.766004214551970986e+00,-1.766450116021724970e+00,-1.766838201842283240e+00,-1.767041355738589115e+00,-1.766815219351479893e+00,-1.765704479159611484e+00,-1.762887018326274147e+00,-1.756924931066710993e+00,-1.745384351768017650e+00,-1.724287472927825693e+00,-1.687389516111322596e+00,-1.625380685865001507e+00,-1.525416972817454475e+00,-1.372134057351507952e+00,-1.152896343259430356e+00,-8.725605633484526669e-01,-5.831734013887441836e-01,-4.104307817562797833e-01,-4.104308011524786526e-01,-5.831734593260413657e-01,-8.725606590210951419e-01,-1.152896475931190379e+00,-1.372134226064687157e+00,-1.525417176342116266e+00,-1.625380922732612365e+00,-1.687389784696642803e+00,-1.724287771529282809e+00,-1.745384678707433412e+00,-1.756925284776755802e+00,-1.762887397417537638e+00,-1.765704882458484892e+00,-1.766815645940086998e+00,-1.767041804938028760e+00,-1.766838673119082825e+00,-1.766450608857091709e+00,-1.766004728266253876e+00,-1.765565157082473080e+00,-1.765163296348579491e+00,-1.764814100323436552e+00,-1.764524519542964409e+00,-1.764297724921783495e+00,-1.764135146499115292e+00,-1.764037422681870027e+00,-1.764004823945089839e+00,-1.000000000000000000e+00,-1.000000000000000000e+00,-1.000000000000000000e+00,-1.000000000000000000e+00,-1.000000000000000000e+00,-1.000000000000000000e+00,-1.000000000000000000e+00,-1.000000000000000000e+00,-1.000000000000000000e+00,-1.000000000000000000e+00,-1.000000000000000000e+00,-1.000000000000000000e+00,-1.000000000000000000e+00,-1.000000000000000000e+00,-1.000000000000000000e+00,-1.000000000000000000e+00,-1.000000000000000000e+00,-1.000000000000000000e+00,-1.000000000000000000e+00,-1.000000000000000000e+00,-1.000000000000000000e+00,-1.000000000000000000e+00,-1.000000000000000000e+00,-1.000000000000000000e+00,-1.000000000000000000e+00,-1.000000000000000000e+00,-1.000000000000000000e+00,-1.000000000000000000e+00,-1.000000000000000000e+00,-1.000000000000000000e+00,-1.000000000000000000e+00,-1.000000000000000000e+00,-1.000000000000000000e+00,-1.000000000000000000e+00,-1.000000000000000000e+00,-1.000000000000000000e+00,-1.000000000000000000e+00,-1.000000000000000000e+00,-1.000000000000000000e+00,-1.000000000000000000e+00,-1.000000000000000000e+00,-1.000000000000000000e+00,-1.000000000000000000e+00,-1.000000000000000000e+00,-1.000000000000000000e+00,-1.000000000000000000e+00,-1.000000000000000000e+00,-1.000000000000000000e+00,-1.000000000000000000e+00,-1.000000000000000000e+00,-1.000000000000000000e+00,-1.000000000000000000e+00,-1.000000000000000000e+00,-1.000000000000000000e+00
-1.000000000000000000e+00,-1.000000000000000000e+00,-1.000000000000000000e+00,-1.000000000000000000e+00,-1.000000000000000000e+00,-1.000000000000000000e+00,-1.000000000000000000e+00,-1.000000000000000000e+00,-1.000000000000000000e+00,-1.000000000000000000e+00,-1.000000000000000000e+00,-1.000000000000000000e+00,-1.000000000000000000e+00,-1.000000000000000000e+00,-1.000000000000000000e+00,-1.000000000000000000e+00,-1.000000000000000000e+00,-1.000000000000000000e+00,-1.000000000000000000e+00,-1.000000000000000000e+00,-1.000000000000000000e+00,-1.000000000000000000e+00,-1.000000000000000000e+00,-1.000000000000000000e+00,-1.000000000000000000e+00,-1.000000000000000000e+00,-1.000000000000000000e+00,-1.000000000000000000e+00,-1.000000000000000000e+00,-1.000000000000000000e+00,-1.000000000000000000e+00,-1.000000000000000000e+00,-1.000000000000000000e+00,-1.000000000000000000e+00,-1.000000000000000000e+00,-1.000000000000000000e+00,-1.000000000000000000e+00,-1.000000000000000000e+00,-1.000000000000000000e+00,-1.000000000000000000e+00,-1.000000000000000000e+00,-1.000000000000000000e+00,-1.000000000000000000e+00,-1.000000000000000000e+00,-1.000000000000000000e+00,-1.000000000000000000e+00,-1.000000000000000000e+00,-1.000000000000000000e+00,-1.000000000000000000e+00,-1.000000000000000000e+00,-1.000000000000000000e+00,-1.000000000000000000e+00,-1.000000000000000000e+00,-1.000000000000000000e+00,-1.762707683227936473e+00,-1.762740248988107883e+00,-1.762837878652233403e+00,-1.763000304976723998e+00,-1.763226892518971356e+00,-1.763516214558924933e+00,-1.763865104517130078e+00,-1.764266616373645791e+00,-1.764705798906733403e+00,-1.765151249084191631e+00,-1.765538827810727351e+00,-1.765741382173799723e+00,-1.765514470949638426e+00,-1.764402610921053549e+00,-1.761583358275026878e+00,-1.755618206345532339e+00,-1.744072231107043125e+00,-1.722965839418800771e+00,-1.686051383150816374e+00,-1.624014729139698687e+00,-1.524005868955629284e+00,-1.370653393108131057e+00,-1.151316120166756551e+00,-8.708535338506131485e-01,-5.813363134363612739e-01,-4.085158761701024321e-01,-4.085158943104290064e-01,-5.813363676025418147e-01,-8.708536232315686743e-01,-1.151316244034347180e+00,-1.370653550520317010e+00,-1.524006058730144941e+00,-1.624014949880986380e+00,-1.686051633301144603e+00,-1.722966117346077741e+00,-1.744072535198250673e+00,-1.755618535106146627e+00,-1.761583710418079152e+00,-1.764402985420292058e+00,-1.765514867099912566e+00,-1.765741799520152089e+00,-1.765539266040725197e+00,-1.765151707817835813e+00,-1.764706277544765722e+00,-1.764267114003595038e+00,-1.763865619913905558e+00,-1.763516746238179334e+00,-1.763227438526921320e+00,-1.763000862534556124e+00,-1.762838443867451588e+00,-1.762740817564511620e+00,-1.762708252056985669e+00,-1.000000000000000000e+00,-1.000000000000000000e+00,-1.000000000000000000e+00,-1.000000000000000000e+00,-1.000000000000000000e+00,-1.000000000000000000e+00,-1.000000000000000000e+00,-1.000000000000000000e+00,-1.000000000000000000e+00,-1.000000000000000000e+00,-1.000000000000000000e+00,-1.000000000000000000e+00,-1.000000000000000000e+00,-1.000000000000000000e+00,-1.000000000000000000e+00,-1.000000000000000000e+00,-1.000000000000000000e+00,-1.000000000000000000e+00,-1.000000000000000000e+00,-1.000000000000000000e+00,-1.000000000000000000e+00,-1.000000000000000000e+00,-1.000000000000000000e+00,-1.000000000000000000e+00,-1.000000000000000000e+00,-1.000000000000000000e+00,-1.000000000000000000e+00,-1.000000000000000000e+00,-1.000000000000000000e+00,-1.000000000000000000e+00,-1.000000000000000000e+00,-1.000000000000000000e+00,-1.000000000000000000e+00,-1.000000000000000000e+00,-1.000000000000000000e+00,-1.000000000000000000e+00,-1.000000000000000000e+00,-1.000000000000000000e+00,-1.000000000000000000e+00,-1.000000000000000000e+00,-1.000000000000000000e+00,-1.000000000000000000e+00,-1.000000000000000000e+00,-1.000000000000000000e+00,-1.000000000000000000e+00,-1.000000000000000000e+00,-1.000000000000000000e+00,-1.000000000000000000e+00,-1.000000000000000000e+00,-1.000000000000000000e+00,-1.000000000000000000e+00,-1.000000000000000000e+00,-1.000000000000000000e+00,-1.000000000000000000e+00
-1.000000000000000000e+00,-1.000000000000000000e+00,-1.000000000000000000e+00,-1.000000000000000000e+00,-1.000000000000000000e+00,-1.000000000000000000e+00,-1.000000000000000000e+00,-1.000000000000000000e+00,-1.000000000000000000e+00,-1.000000000000000000e+00,-1.000000000000000000e+00,-1.000000000000000000e+00,-1.000000000000000000e+00,-1.000000000000000000e+00,-1.000000000000000000e+00,-1.000000000000000000e+00,-1.000000000000000000e+00,-1.000000000000000000e+00,-1.000000000000000000e+00,-1.000000000000000000e+00,-1.000000000000000000e+00,-1.000000000000000000e+00,-1.000000000000000000e+00,-1.000000000000000000e+00,-1.000000000000000000e+00,-1.000000000000000000e+00,-1.000000000000000000e+00,-1.000000000000000000e+00,-1.000000000000000000e+00,-1.000000000000000000e+00,-1.000000000000000000e+00,-1.000000000000000000e+00,-1.000000000000000000e+00,-1.000000000000000000e+00,-1.000000000000000000e+00,-1.000000000000000000e+00,-1.000000000000000000e+00,-1.000000000000000000e+00,-1.000000000000000000e+00,-1.000000000000000000e+00,-1.000000000000000000e+00,-1.000000000000000000e+00,-1.000000000000000000e+00,-1.000000000000000000e+00,-1.000000000000000000e+00,-1.000000000000000000e+00,-1.000000000000000000e+00,-1.000000000000000000e+00,-1.000000000000000000e+00,-1.000000000000000000e+00,-1.000000000000000000e+00,-1.000000000000000000e+00,-1.000000000000000000e+00,-1.000000000000000000e+00,-1.761467313550358016e+00,-1.761499851744257938e+00,-1.761597398800506697e+00,-1.761759689081520808e+00,-1.761986090151254514e+00,-1.762275179167255512e+00,-1.762623794083167272e+00,-1.763024993257569450e+00,-1.763463828162586733e+00,-1.763908893620440121e+00,-1.764296037575344700e+00,-1.764498071726424033e+00,-1.764270475518089354e+00,-1.763157603850167066e+00,-1.760336701493258049e+00,-1.754368689711760965e+00,-1.742817636708505091e+00,-1.721702248298962790e+00,-1.684772140820306463e+00,-1.622709042871758101e+00,-1.522657217477583202e+00,-1.369238476755936018e+00,-1.149806285640929904e+00,-8.692227252198406751e-01,-5.795813694947206107e-01,-4.066866536168305402e-01,-4.066866703916233172e-01,-5.795814195671049607e-01,-8.692228077804664554e-01,-1.149806399973928750e+00,-1.369238621954111945e+00,-1.522657392420148970e+00,-1.622709246238386527e+00,-1.684772371149146908e+00,-1.721702504067143646e+00,-1.742817916416308233e+00,-1.754368991997075300e+00,-1.760337025209433026e+00,-1.763157948149092435e+00,-1.764270839887599696e+00,-1.764498455887319794e+00,-1.764296441351779432e+00,-1.763909316695757123e+00,-1.763464269980517640e+00,-1.763025452984366748e+00,-1.762624270589437714e+00,-1.762275671168204383e+00,-1.761986596006752892e+00,-1.761760206372396498e+00,-1.761597924001773618e+00,-1.761500380995472792e+00,-1.761467844002350347e+00,-1.000000000000000000e+00,-1.000000000000000000e+00,-1.000000000000000000e+00,-1.000000000000000000e+00,-1.000000000000000000e+00,-1.000000000000000000e+00,-1.000000000000000000e+00,-1.000000000000000000e+00,-1.000000000000000000e+00,-1.000000000000000000e+00,-1.000000000000000000e+00,-1.000000000000000000e+00,-1.000000000000000000e+00,-1.000000000000000000e+00,-1.000000000000000000e+00,-1.000000000000000000e+00,-1.000000000000000000e+00,-1.000000000000000000e+00,-1.000000000000000000e+00,-1.000000000000000000e+00,-1.000000000000000000e+00,-1.000000000000000000e+00,-1.000000000000000000e+00,-1.000000000000000000e+00,-1.000000000000000000e+00,-1.000000000000000000e+00,-1.000000000000000000e+00,-1.000000000000000000e+00,-1.000000000000000000e+00,-1.000000000000000000e+00,-1.000000000000000000e+00,-1.000000000000000000e+00,-1.000000000000000000e+00,-1.000000000000000000e+00,-1.000000000000000000e+00,-1.000000000000000000e+00,-1.000000000000000000e+00,-1.000000000000000000e+00,-1.000000000000000000e+00,-1.000000000000000000e+00,-1.000000000000000000e+00,-1.000000000000000000e+00,-1.000000000000000000e+00,-1.000000000000000000e+00,-1.000000000000000000e+00,-1.000000000000000000e+00,-1.000000000000000000e+00,-1.000000000000000000e+00,-1.000000000000000000e+00,-1.000000000000000000e+00,-1.000000000000000000e+00,-1.000000000000000000e+00,-1.000000000000000000e+00,-1.000000000000000000e+00
-1.000000000000000000e+00,-1.000000000000000000e+00,-1.000000000000000000e+00,-1.000000000000000000e+00,-1.000000000000000000e+00,-1.000000000000000000e+00,-1.000000000000000000e+00,-1.000000000000000000e+00,-1.000000000000000000e+00,-1.000000000000000000e+00,-1.000000000000000000e+00,-1.000000000000000000e+00,-1.000000000000000000e+00,-1.000000000000000000e+00,-1.000000000000000000e+00,-1.000000000000000000e+00,-1.000000000000000000e+00,-1.000000000000000000e+00,-1.000000000000000000e+00,-1.000000000000000000e+00,-1.000000000000000000e+00,-1.000000000000000000e+00,-1.000000000000000000e+00,-1.000000000000000000e+00,-1.000000000000000000e+00,-1.000000000000000000e+00,-1.000000000000000000e+00,-1.000000000000000000e+00,-1.000000000000000000e+00,-1.000000000000000000e+00,-1.000000000000000000e+00,-1.000000000000000000e+00,-1.000000000000000000e+00,-1.000000000000000000e+00,-1.000000000000000000e+00,-1.000000000000000000e+00,-1.000000000000000000e+00,-1.000000000000000000e+00,-1.000000000000000000e+00,-1.000000000000000000e+00,-1.000000000000000000e+00,-1.000000000000000000e+00,-1.000000000000000000e+00,-1.000000000000000000e+00,-1.000000000000000000e+00,-1.000000000000000000e+00,-1.000000000000000000e+00,-1.000000000000000000e+00,-1.000000000000000000e+00,-1.000000000000000000e+00,-1.000000000000000000e+00,-1.000000000000000000e+00,-1.000000000000000000e+00,-1.000000000000000000e+00,-1.760283346097639257e+00,-1.760315860877452065e+00,-1.760413337694282543e+00,-1.760575512311013613e+00,-1.760801754975625411e+00,-1.761090646246543656e+00,-1.761439028012204533e+00,-1.761839962343055621e+00,-1.762278502769613953e+00,-1.762723241604172042e+00,-1.763110014033824058e+00,-1.763311597704485312e+00,-1.763083396362443933e+00,-1.761969610833242772e+00,-1.759147189928461419e+00,-1.753176511374657354e+00,-1.741620685750398634e+00,-1.720496801719400448e+00,-1.683551873322147729e+00,-1.621463689499918148e+00,-1.521371054724559801e+00,-1.367889314729582306e+00,-1.148366814763811306e+00,-8.676680840853834287e-01,-5.779084954304515298e-01,-4.049430282722710217e-01,-4.049430435837990672e-01,-5.779085411105725489e-01,-8.676681593285394678e-01,-1.148366918892010258e+00,-1.367889446897520234e+00,-1.521371213884220364e+00,-1.621463874427389040e+00,-1.683552082678464457e+00,-1.720497034120610724e+00,-1.741620939864640949e+00,-1.753176786017104360e+00,-1.759147484127745242e+00,-1.761969923930658322e+00,-1.763083727988281835e+00,-1.763311947689862880e+00,-1.763110382241109830e+00,-1.762723627740276466e+00,-1.762278906317752858e+00,-1.761840382590829535e+00,-1.761439463986571585e+00,-1.761091096887258844e+00,-1.760802218934033103e+00,-1.760575987501850737e+00,-1.760413820954254138e+00,-1.760316348828449451e+00,-1.760283836229736831e+00,-1.000000000000000000e+00,-1.000000000000000000e+00,-1.000000000000000000e+00,-1.000000000000000000e+00,-1.000000000000000000e+00,-1.000000000000000000e+00,-1.000000000000000000e+00,-1.000000000000000000e+00,-1.000000000000000000e+00,-1.000000000000000000e+00,-1.000000000000000000e+00,-1.000000000000000000e+00,-1.000000000000000000e+00,-1.000000000000000000e+00,-1.000000000000000000e+00,-1.000000000000000000e+00,-1.000000000000000000e+00,-1.000000000000000000e+00,-1.000000000000000000e+00,-1.000000000000000000e+00,-1.000000000000000000e+00,-1.000000000000000000e+00,-1.000000000000000000e+00,-1.000000000000000000e+00,-1.000000000000000000e+00,-1.000000000000000000e+00,-1.000000000000000000e+00,-1.000000000000000000e+00,-1.000000000000000000e+00,-1.000000000000000000e+00,-1.000000000000000000e+00,-1.000000000000000000e+00,-1.000000000000000000e+00,-1.000000000000000000e+00,-1.000000000000000000e+00,-1.000000000000000000e+00,-1.000000000000000000e+00,-1.000000000000000000e+00,-1.000000000000000000e+00,-1.000000000000000000e+00,-1.000000000000000000e+00,-1.000000000000000000e+00,-1.000000000000000000e+00,-1.000000000000000000e+00,-1.000000000000000000e+00,-1.000000000000000000e+00,-1.000000000000000000e+00,-1.000000000000000000e+00,-1.000000000000000000e+00,-1.000000000000000000e+00,-1.000000000000000000e+00,-1.000000000000000000e+00,-1.000000000000000000e+00,-1.000000000000000000e+00
-1.000000000000000000e+00,-1.000000000000000000e+00,-1.000000000000000000e+00,-1.000000000000000000e+00,-1.000000000000000000e+00,-1.000000000000000000e+00,-1.000000000000000000e+00,-1.000000000000000000e+00,-1.000000000000000000e+00,-1.000000000000000000e+00,-1.000000000000000000e+00,-1.000000000000000000e+00,-1.000000000000000000e+00,-1.000000000000000000e+00,-1.000000000000000000e+00,-1.000000000000000000e+00,-1.000000000000000000e+00,-1.000000000000000000e+00,-1.000000000000000000e+00,-1.000000000000000000e+00,-1.000000000000000000e+00,-1.000000000000000000e+00,-1.000000000000000000e+00,-1.000000000000000000e+00,-1.000000000000000000e+00,-1.000000000000000000e+00,-1.000000000000000000e+00,-1.000000000000000000e+00,-1.000000000000000000e+00,-1.000000000000000000e+00,-1.000000000000000000e+00,-1.000000000000000000e+00,-1.000000000000000000e+00,-1.000000000000000000e+00,-1.000000000000000000e+00,-1.000000000000000000e+00,-1.000000000000000000e+00,-1.000000000000000000e+00,-1.000000000000000000e+00,-1.000000000000000000e+00,-1.000000000000000000e+00,-1.000000000000000000e+00,-1.000000000000000000e+00,-1.000000000000000000e+00,-1.000000000000000000e+00,-1.000000000000000000e+00,-1.000000000000000000e+00,-1.000000000000000000e+00,-1.000000000000000000e+00,-1.000000000000000000e+00,-1.000000000000000000e+00,-1.000000000000000000e+00,-1.000000000000000000e+00,-1.000000000000000000e+00,-1.759155996374521136e+00,-1.759188491380393016e+00,-1.759285908741856641e+00,-1.759447985423186367e+00,-1.759674094065368788e+00,-1.759962818258067330e+00,-1.760311003313853373e+00,-1.760711714445727605e+00,-1.761150006675676227e+00,-1.761594469499740967e+00,-1.761980925626205119e+00,-1.762182120046834610e+00,-1.761953384504332920e+00,-1.760838773579588734e+00,-1.758014955466790541e+00,-1.752041792650304242e+00,-1.740481487737052690e+00,-1.719349595466432179e+00,-1.682390659954030809e+00,-1.620278728174962213e+00,-1.520147415568332105e+00,-1.366605913978283127e+00,-1.146997685121846189e+00,-8.661895613972362407e-01,-5.763176228282589353e-01,-4.032849208144562159e-01,-4.032849345540995278e-01,-5.763176638137814667e-01,-8.661896288727980453e-01,-1.146997778474568630e+00,-1.366606032433842488e+00,-1.520147558170626301e+00,-1.620278893822241217e+00,-1.682390847455681682e+00,-1.719349803622500117e+00,-1.740481715426003051e+00,-1.752042038886082675e+00,-1.758015219477400803e+00,-1.760839054861751407e+00,-1.761953682765633245e+00,-1.762182435151611104e+00,-1.761981257406213697e+00,-1.761594817692130110e+00,-1.761150370834272394e+00,-1.760712094038661579e+00,-1.760311397568551595e+00,-1.759963226322714958e+00,-1.759674514829281167e+00,-1.759448417094992667e+00,-1.759286348547526302e+00,-1.759188936484685772e+00,-1.759156444682249631e+00,-1.000000000000000000e+00,-1.000000000000000000e+00,-1.000000000000000000e+00,-1.000000000000000000e+00,-1.000000000000000000e+00,-1.000000000000000000e+00,-1.000000000000000000e+00,-1.000000000000000000e+00,-1.000000000000000000e+00,-1.000000000000000000e+00,-1.000000000000000000e+00,-1.000000000000000000e+00,-1.000000000000000000e+00,-1.000000000000000000e+00,-1.000000000000000000e+00,-1.000000000000000000e+00,-1.000000000000000000e+00,-1.000000000000000000e+00,-1.000000000000000000e+00,-1.000000000000000000e+00,-1.000000000000000000e+00,-1.000000000000000000e+00,-1.000000000000000000e+00,-1.000000000000000000e+00,-1.000000000000000000e+00,-1.000000000000000000e+00,-1.000000000000000000e+00,-1.000000000000000000e+00,-1.000000000000000000e+00,-1.000000000000000000e+00,-1.000000000000000000e+00,-1.000000000000000000e+00,-1.000000000000000000e+00,-1.000000000000000000e+00,-1.000000000000000000e+00,-1.000000000000000000e+00,-1.000000000000000000e+00,-1.000000000000000000e+00,-1.000000000000000000e+00,-1.000000000000000000e+00,-1.000000000000000000e+00,-1.000000000000000000e+00,-1.000000000000000000e+00,-1.000000000000000000e+00,-1.000000000000000000e+00,-1.000000000000000000e+00,-1.000000000000000000e+00,-1.000000000000000000e+00,-1.000000000000000000e+00,-1.000000000000000000e+00,-1.000000000000000000e+00,-1.000000000000000000e+00,-1.000000000000000000e+00,-1.000000000000000000e+00
-1.000000000000000000e+00,-1.000000000000000000e+00,-1.000000000000000000e+00,-1.000000000000000000e+00,-1.000000000000000000e+00,-1.000000000000000000e+00,-1.000000000000000000e+00,-1.000000000000000000e+00,-1.000000000000000000e+00,-1.000000000000000000e+00,-1.000000000000000000e+00,-1.000000000000000000e+00,-1.000000000000000000e+00,-1.000000000000000000e+00,-1.000000000000000000e+00,-1.000000000000000000e+00,-1.000000000000000000e+00,-1.000000000000000000e+00,-1.000000000000000000e+00,-1.000000000000000000e+00,-1.000000000000000000e+00,-1.000000000000000000e+00,-1.000000000000000000e+00,-1.000000000000000000e+00,-1.000000000000000000e+00,-1.000000000000000000e+00,-1.000000000000000000e+00,-1.000000000000000000e+00,-1.000000000000000000e+00,-1.000000000000000000e+00,-1.000000000000000000e+00,-1.000000000000000000e+00,-1.000000000000000000e+00,-1.000000000000000000e+00,-1.000000000000000000e+00,-1.000000000000000000e+00,-1.000000000000000000e+00,-1.000000000000000000e+00,-1.000000000000000000e+00,-1.000000000000000000e+00,-1.000000000000000000e+00,-1.000000000000000000e+00,-1.000000000000000000e+00,-1.000000000000000000e+00,-1.000000000000000000e+00,-1.000000000000000000e+00,-1.000000000000000000e+00,-1.000000000000000000e+00,-1.000000000000000000e+00,-1.000000000000000000e+00,-1.000000000000000000e+00,-1.000000000000000000e+00,-1.000000000000000000e+00,-1.000000000000000000e+00,-1.758085461018525475e+00,-1.758117939437430222e+00,-1.758215306753862617e+00,-1.758377300930219267e+00,-1.758603296693859619e+00,-1.758891880379482631e+00,-1.759239900300919146e+00,-1.759640424351195609e+00,-1.760078508567252786e+00,-1.760522739383495239e+00,-1.760908927341966246e+00,-1.761109786239045238e+00,-1.760880579506901800e+00,-1.759765223342115714e+00,-1.756940120542664463e+00,-1.750964646435839045e+00,-1.739400144867110587e+00,-1.718260719198135389e+00,-1.681288575206310254e+00,-1.619154214751915788e+00,-1.518986333274389811e+00,-1.365388281713545426e+00,-1.145698876484448236e+00,-8.647871119857363231e-01,-5.748086883943657188e-01,-4.017122577679842488e-01,-4.017122698659421065e-01,-5.748087244731159284e-01,-8.647871713435840713e-01,-1.145698958599466355e+00,-1.365388385928713477e+00,-1.518986458763414760e+00,-1.619154360556959160e+00,-1.681288740314088370e+00,-1.718260902620242003e+00,-1.739400345699596784e+00,-1.750964863912587877e+00,-1.756940354083084799e+00,-1.759765472530099739e+00,-1.760880844072913565e+00,-1.761110066009912600e+00,-1.760909222110291994e+00,-1.760523048949059532e+00,-1.760078832605544985e+00,-1.759640762549127491e+00,-1.759240252090645384e+00,-1.758892245068981453e+00,-1.758603673358925423e+00,-1.758377688058150978e+00,-1.758215702040080597e+00,-1.758118340640398625e+00,-1.758085866494024430e+00,-1.000000000000000000e+00,-1.000000000000000000e+00,-1.000000000000000000e+00,-1.000000000000000000e+00,-1.000000000000000000e+00,-1.000000000000000000e+00,-1.000000000000000000e+00,-1.000000000000000000e+00,-1.000000000000000000e+00,-1.000000000000000000e+00,-1.000000000000000000e+00,-1.000000000000000000e+00,-1.000000000000000000e+00,-1.000000000000000000e+00,-1.000000000000000000e+00,-1.000000000000000000e+00,-1.000000000000000000e+00,-1.000000000000000000e+00,-1.000000000000000000e+00,-1.000000000000000000e+00,-1.000000000000000000e+00,-1.000000000000000000e+00,-1.000000000000000000e+00,-1.000000000000000000e+00,-1.000000000000000000e+00,-1.000000000000000000e+00,-1.000000000000000000e+00,-1.000000000000000000e+00,-1.000000000000000000e+00,-1.000000000000000000e+00,-1.000000000000000000e+00,-1.000000000000000000e+00,-1.000000000000000000e+00,-1.000000000000000000e+00,-1.000000000000000000e+00,-1.000000000000000000e+00,-1.000000000000000000e+00,-1.000000000000000000e+00,-1.000000000000000000e+00,-1.000000000000000000e+00,-1.000000000000000000e+00,-1.000000000000000000e+00,-1.000000000000000000e+00,-1.000000000000000000e+00,-1.000000000000000000e+00,-1.000000000000000000e+00,-1.000000000000000000e+00,-1.000000000000000000e+00,-1.000000000000000000e+00,-1.000000000000000000e+00,-1.000000000000000000e+00,-1.000000000000000000e+00,-1.000000000000000000e+00,-1.000000000000000000e+00
-1.000000000000000000e+00,-1.000000000000000000e+00,-1.000000000000000000e+00,-1.000000000000000000e+00,-1.000000000000000000e+00,-1.000000000000000000e+00,-1.000000000000000000e+00,-1.000000000000000000e+00,-1.000000000000000000e+00,-1.000000000000000000e+00,-1.000000000000000000e+00,-1.000000000000000000e+00,-1.000000000000000000e+00,-1.000000000000000000e+00,-1.000000000000000000e+00,-1.000000000000000000e+00,-1.000000000000000000e+00,-1.000000000000000000e+00,-1.000000000000000000e+00,-1.000000000000000000e+00,-1.000000000000000000e+00,-1.000000000000000000e+00,-1.000000000000000000e+00,-1.000000000000000000e+00,-1.000000000000000000e+00,-1.000000000000000000e+00,-1.000000000000000000e+00,-1.000000000000000000e+00,-1.000000000000000000e+00,-1.000000000000000000e+00,-1.000000000000000000e+00,-1.000000000000000000e+00,-1.000000000000000000e+00,-1.000000000000000000e+00,-1.000000000000000000e+00,-1.000000000000000000e+00,-1.000000000000000000e+00,-1.000000000000000000e+00,-1.000000000000000000e+00,-1.000000000000000000e+00,-1.000000000000000000e+00,-1.000000000000000000e+00,-1.000000000000000000e+00,-1.000000000000000000e+00,-1.000000000000000000e+00,-1.000000000000000000e+00,-1.000000000000000000e+00,-1.000000000000000000e+00,-1.000000000000000000e+00,-1.000000000000000000e+00,-1.000000000000000000e+00,-1.000000000000000000e+00,-1.000000000000000000e+00,-1.000000000000000000e+00,-1.757071919324481923e+00,-1.757104383922863722e+00,-1.757201709383551913e+00,-1.757363634488056103e+00,-1.757589535707317241e+00,-1.757878001859983552e+00,-1.758225883909991349e+00,-1.758626252064647177e+00,-1.759064163004038672e+00,-1.759508199951521634e+00,-1.759894161605095153e+00,-1.760094732088617109e+00,-1.759865110175333314e+00,-1.758749081534032310e+00,-1.755922798683498431e+00,-1.749945177636397009e+00,-1.738376752342053022e+00,-1.717230256677740430e+00,-1.680245688872372467e+00,-1.618090201777523163e+00,-1.517887839397459304e+00,-1.364236425174254252e+00,-1.144470370444651719e+00,-8.634606941628881760e-01,-5.733816335356550775e-01,-4.002249710082935730e-01,-4.002249814069905876e-01,-5.733816645503602150e-01,-8.634607451834461767e-01,-1.144470441071684608e+00,-1.364236514882985363e+00,-1.517887947507129853e+00,-1.618090327507137882e+00,-1.680245831413267110e+00,-1.717230415257372966e+00,-1.738376926288456970e+00,-1.749945366402674507e+00,-1.755923001809863937e+00,-1.758749298634765479e+00,-1.759865340968929104e+00,-1.760094976327261751e+00,-1.759894419094289564e+00,-1.759508470579815853e+00,-1.759064446619459599e+00,-1.758626548556435409e+00,-1.758226192888615369e+00,-1.757878322744139243e+00,-1.757589867743938994e+00,-1.757363976477784417e+00,-1.757202059596813415e+00,-1.757104740710227819e+00,-1.757072281477264353e+00,-1.000000000000000000e+00,-1.000000000000000000e+00,-1.000000000000000000e+00,-1.000000000000000000e+00,-1.000000000000000000e+00,-1.000000000000000000e+00,-1.000000000000000000e+00,-1.000000000000000000e+00,-1.000000000000000000e+00,-1.000000000000000000e+00,-1.000000000000000000e+00,-1.000000000000000000e+00,-1.000000000000000000e+00,-1.000000000000000000e+00,-1.000000000000000000e+00,-1.000000000000000000e+00,-1.000000000000000000e+00,-1.000000000000000000e+00,-1.000000000000000000e+00,-1.000000000000000000e+00,-1.000000000000000000e+00,-1.000000000000000000e+00,-1.000000000000000000e+00,-1.000000000000000000e+00,-1.000000000000000000e+00,-1.000000000000000000e+00,-1.000000000000000000e+00,-1.000000000000000000e+00,-1.000000000000000000e+00,-1.000000000000000000e+00,-1.000000000000000000e+00,-1.000000000000000000e+00,-1.000000000000000000e+00,-1.000000000000000000e+00,-1.000000000000000000e+00,-1.000000000000000000e+00,-1.000000000000000000e+00,-1.000000000000000000e+00,-1.000000000000000000e+00,-1.000000000000000000e+00,-1.000000000000000000e+00,-1.000000000000000000e+00,-1.000000000000000000e+00,-1.000000000000000000e+00,-1.000000000000000000e+00,-1.000000000000000000e+00,-1.000000000000000000e+00,-1.000000000000000000e+00,-1.000000000000000000e+00,-1.000000000000000000e+00,-1.000000000000000000e+00,-1.000000000000000000e+00,-1.000000000000000000e+00,-1.000000000000000000e+00
-1.000000000000000000e+00,-1.000000000000000000e+00,-1.000000000000000000e+00,-1.000000000000000000e+00,-1.000000000000000000e+00,-1.000000000000000000e+00,-1.000000000000000000e+00,-1.000000000000000000e+00,-1.000000000000000000e+00,-1.000000000000000000e+00,-1.000000000000000000e+00,-1.000000000000000000e+00,-1.000000000000000000e+00,-1.000000000000000000e+00,-1.000000000000000000e+00,-1.000000000000000000e+00,-1.000000000000000000e+00,-1.000000000000000000e+00,-1.000000000000000000e+00,-1.000000000000000000e+00,-1.000000000000000000e+00,-1.000000000000000000e+00,-1.000000000000000000e+00,-1.000000000000000000e+00,-1.000000000000000000e+00,-1.000000000000000000e+00,-1.000000000000000000e+00,-1.000000000000000000e+00,-1.000000000000000000e+00,-1.000000000000000000e+00,-1.000000000000000000e+00,-1.000000000000000000e+00,-1.000000000000000000e+00,-1.000000000000000000e+00,-1.000000000000000000e+00,-1.000000000000000000e+00,-1.000000000000000000e+00,-1.000000000000000000e+00,-1.000000000000000000e+00,-1.000000000000000000e+00,-1.000000000000000000e+00,-1.000000000000000000e+00,-1.000000000000000000e+00,-1.000000000000000000e+00,-1.000000000000000000e+00,-1.000000000000000000e+00,-1.000000000000000000e+00,-1.000000000000000000e+00,-1.000000000000000000e+00,-1.000000000000000000e+00,-1.000000000000000000e+00,-1.000000000000000000e+00,-1.000000000000000000e+00,-1.000000000000000000e+00,-1.756115534635657838e+00,-1.756147987778788222e+00,-1.756245278450454972e+00,-1.756407146136265141e+00,-1.756632968709789022e+00,-1.756921337177880016e+00,-1.757269104837976714e+00,-1.757669343918461635e+00,-1.758107111464159544e+00,-1.758550987455939962e+00,-1.758936759097065261e+00,-1.759137082414404363e+00,-1.758907095157480338e+00,-1.757790460241323460e+00,-1.754963094965923176e+00,-1.748983483579304110e+00,-1.737411398645789973e+00,-1.716258285951532514e+00,-1.679262066178483170e+00,-1.617086738511005706e+00,-1.516851963694359373e+00,-1.363150351479917033e+00,-1.143312150171771346e+00,-8.622102693218962610e-01,-5.720364038704282006e-01,-3.988229972998553752e-01,-3.988230059994769539e-01,-5.720364298202497144e-01,-8.622103120009810828e-01,-1.143312209304615745e+00,-1.363150426696088102e+00,-1.516852054495129165e+00,-1.617086844310407612e+00,-1.679262186369039345e+00,-1.716258419985239758e+00,-1.737411546076108149e+00,-1.748983644004247440e+00,-1.754963267987201148e+00,-1.757790645506079885e+00,-1.758907292343163009e+00,-1.759137291224820432e+00,-1.758936979412319968e+00,-1.758551219251603515e+00,-1.758107354785326537e+00,-1.757669598784777021e+00,-1.757269371015929282e+00,-1.756921614181315094e+00,-1.756633255999529464e+00,-1.756407442900835836e+00,-1.756245583600012594e+00,-1.756148300179450006e+00,-1.756115853462842491e+00,-1.000000000000000000e+00,-1.000000000000000000e+00,-1.000000000000000000e+00,-1.000000000000000000e+00,-1.000000000000000000e+00,-1.000000000000000000e+00,-1.000000000000000000e+00,-1.000000000000000000e+00,-1.000000000000000000e+00,-1.000000000000000000e+00,-1.000000000000000000e+00,-1.000000000000000000e+00,-1.000000000000000000e+00,-1.000000000000000000e+00,-1.000000000000000000e+00,-1.000000000000000000e+00,-1.000000000000000000e+00,-1.000000000000000000e+00,-1.000000000000000000e+00,-1.000000000000000000e+00,-1.000000000000000000e+00,-1.000000000000000000e+00,-1.000000000000000000e+00,-1.000000000000000000e+00,-1.000000000000000000e+00,-1.000000000000000000e+00,-1.000000000000000000e+00,-1.000000000000000000e+00,-1.000000000000000000e+00,-1.000000000000000000e+00,-1.000000000000000000e+00,-1.000000000000000000e+00,-1.000000000000000000e+00,-1.000000000000000000e+00,-1.000000000000000000e+00,-1.000000000000000000e+00,-1.000000000000000000e+00,-1.000000000000000000e+00,-1.000000000000000000e+00,-1.000000000000000000e+00,-1.000000000000000000e+00,-1.000000000000000000e+00,-1.000000000000000000e+00,-1.000000000000000000e+00,-1.000000000000000000e+00,-1.000000000000000000e+00,-1.000000000000000000e+00,-1.000000000000000000e+00,-1.000000000000000000e+00,-1.000000000000000000e+00,-1.000000000000000000e+00,-1.000000000000000000e+00,-1.000000000000000000e+00,-1.000000000000000000e+00
-1.000000000000000000e+00,-1.000000000000000000e+00,-1.000000000000000000e+00,-1.000000000000000000e+00,-1.000000000000000000e+00,-1.000000000000000000e+00,-1.000000000000000000e+00,-1.000000000000000000e+00,-1.000000000000000000e+00,-1.000000000000000000e+00,-1.000000000000000000e+00,-1.000000000000000000e+00,-1.000000000000000000e+00,-1.000000000000000000e+00,-1.000000000000000000e+00,-1.000000000000000000e+00,-1.000000000000000000e+00,-1.000000000000000000e+00,-1.000000000000000000e+00,-1.000000000000000000e+00,-1.000000000000000000e+00,-1.000000000000000000e+00,-1.000000000000000000e+00,-1.000000000000000000e+00,-1.000000000000000000e+00,-1.000000000000000000e+00,-1.000000000000000000e+00,-1.000000000000000000e+00,-1.000000000000000000e+00,-1.000000000000000000e+00,-1.000000000000000000e+00,-1.000000000000000000e+00,-1.000000000000000000e+00,-1.000000000000000000e+00,-1.000000000000000000e+00,-1.000000000000000000e+00,-1.000000000000000000e+00,-1.000000000000000000e+00,-1.000000000000000000e+00,-1.000000000000000000e+00,-1.000000000000000000e+00,-1.000000000000000000e+00,-1.000000000000000000e+00,-1.000000000000000000e+00,-1.000000000000000000e+00,-1.000000000000000000e+00,-1.000000000000000000e+00,-1.000000000000000000e+00,-1.000000000000000000e+00,-1.000000000000000000e+00,-1.000000000000000000e+00,-1.000000000000000000e+00,-1.000000000000000000e+00,-1.000000000000000000e+00,-1.755216455606689152e+00,-1.755248899280206887e+00,-1.755346161183737763e+00,-1.755507981466986722e+00,-1.755733739137055327e+00,-1.756022027051564294e+00,-1.756369700513233933e+00,-1.756769833511742762e+00,-1.757207483261483016e+00,-1.757651226554161727e+00,-1.758036839531267548e+00,-1.758236951703440853e+00,-1.758006643494406607e+00,-1.756889462687099890e+00,-1.754061106357075683e+00,-1.748079654346664569e+00,-1.736504165869519056e+00,-1.715344879527584965e+00,-1.678337767857194462e+00,-1.616143870967802432e+00,-1.515878734075791767e+00,-1.362130067465189054e+00,-1.142224200205453233e+00,-8.610358017217855098e-01,-5.707729489389123945e-01,-3.975062778888791559e-01,-3.975062849303683254e-01,-5.707729699476168372e-01,-8.610358362713071978e-01,-1.142224248145740972e+00,-1.362130128575513854e+00,-1.515878808025050262e+00,-1.616143957358337158e+00,-1.678337866298902359e+00,-1.715344989689227662e+00,-1.736504287454964324e+00,-1.748079787043332001e+00,-1.754061249846876835e+00,-1.756889616630498141e+00,-1.758006807514098657e+00,-1.758237125545308199e+00,-1.758037023158902201e+00,-1.757651420023822908e+00,-1.757207686800964508e+00,-1.756770047192889539e+00,-1.756369924260202664e+00,-1.756022260508662836e+00,-1.755733982065740495e+00,-1.755508233501197335e+00,-1.755346421840100479e+00,-1.755249167803557331e+00,-1.755216731512159400e+00,-1.000000000000000000e+00,-1.000000000000000000e+00,-1.000000000000000000e+00,-1.000000000000000000e+00,-1.000000000000000000e+00,-1.000000000000000000e+00,-1.000000000000000000e+00,-1.000000000000000000e+00,-1.000000000000000000e+00,-1.000000000000000000e+00,-1.000000000000000000e+00,-1.000000000000000000e+00,-1.000000000000000000e+00,-1.000000000000000000e+00,-1.000000000000000000e+00,-1.000000000000000000e+00,-1.000000000000000000e+00,-1.000000000000000000e+00,-1.000000000000000000e+00,-1.000000000000000000e+00,-1.000000000000000000e+00,-1.000000000000000000e+00,-1.000000000000000000e+00,-1.000000000000000000e+00,-1.000000000000000000e+00,-1.000000000000000000e+00,-1.000000000000000000e+00,-1.000000000000000000e+00,-1.000000000000000000e+00,-1.000000000000000000e+00,-1.000000000000000000e+00,-1.000000000000000000e+00,-1.000000000000000000e+00,-1.000000000000000000e+00,-1.000000000000000000e+00,-1.000000000000000000e+00,-1.000000000000000000e+00,-1.000000000000000000e+00,-1.000000000000000000e+00,-1.000000000000000000e+00,-1.000000000000000000e+00,-1.000000000000000000e+00,-1.000000000000000000e+00,-1.000000000000000000e+00,-1.000000000000000000e+00,-1.000000000000000000e+00,-1.000000000000000000e+00,-1.000000000000000000e+00,-1.000000000000000000e+00,-1.000000000000000000e+00,-1.000000000000000000e+00,-1.000000000000000000e+00,-1.000000000000000000e+00,-1.000000000000000000e+00
-1.000000000000000000e+00,-1.000000000000000000e+00,-1.000000000000000000e+00,-1.000000000000000000e+00,-1.000000000000000000e+00,-1.000000000000000000e+00,-1.000000000000000000e+00,-1.000000000000000000e+00,-1.000000000000000000e+00,-1.000000000000000000e+00,-1.000000000000000000e+00,-1.000000000000000000e+00,-1.000000000000000000e+00,-1.000000000000000000e+00,-1.000000000000000000e+00,-1.000000000000000000e+00,-1.000000000000000000e+00,-1.000000000000000000e+00,-1.000000000000000000e+00,-1.000000000000000000e+00,-1.000000000000000000e+00,-1.000000000000000000e+00,-1.000000000000000000e+00,-1.000000000000000000e+00,-1.000000000000000000e+00,-1.000000000000000000e+00,-1.000000000000000000e+00,-1.000000000000000000e+00,-1.000000000000000000e+00,-1.000000000000000000e+00,-1.000000000000000000e+00,-1.000000000000000000e+00,-1.000000000000000000e+00,-1.000000000000000000e+00,-1.000000000000000000e+00,-1.000000000000000000e+00,-1.000000000000000000e+00,-1.000000000000000000e+00,-1.000000000000000000e+00,-1.000000000000000000e+00,-1.000000000000000000e+00,-1.000000000000000000e+00,-1.000000000000000000e+00,-1.000000000000000000e+00,-1.000000000000000000e+00,-1.000000000000000000e+00,-1.000000000000000000e+00,-1.000000000000000000e+00,-1.000000000000000000e+00,-1.000000000000000000e+00,-1.000000000000000000e+00,-1.000000000000000000e+00,-1.000000000000000000e+00,-1.000000000000000000e+00,-1.754374817323210323e+00,-1.754407253171498926e+00,-1.754504491369495822e+00,-1.754666272741626232e+00,-1.754891977285051086e+00,-1.755180199373202132e+00,-1.755527795965388549e+00,-1.755927842528648641e+00,-1.756365396326778239e+00,-1.756809031046881797e+00,-1.757194512341706538e+00,-1.757394444732346184e+00,-1.757163855122335194e+00,-1.756046183703487973e+00,-1.753216922077898143e+00,-1.747233772962476950e+00,-1.735655129920618878e+00,-1.714490104631863021e+00,-1.677472850276108485e+00,-1.615261641925168634e+00,-1.514968176596730220e+00,-1.361175579626476617e+00,-1.141206506270972865e+00,-8.599372581898926393e-01,-5.695912218934253701e-01,-3.962747582481618291e-01,-3.962747637329023798e-01,-5.695912382561949538e-01,-8.599372850738135066e-01,-1.141206543615098212e+00,-1.361175627333161442e+00,-1.514968234499099342e+00,-1.615261709817829017e+00,-1.677472927953509441e+00,-1.714490191903789817e+00,-1.735655226599419620e+00,-1.747233878841608856e+00,-1.753217036885529101e+00,-1.756046307069776491e+00,-1.757163986719820103e+00,-1.757394584426235529e+00,-1.757194660129258068e+00,-1.756809187092470470e+00,-1.756365560970416961e+00,-1.755928015853310598e+00,-1.755527978073918360e+00,-1.755180390124945644e+00,-1.754892176816615246e+00,-1.754666481113307031e+00,-1.754504708564834203e+00,-1.754407478665692022e+00,-1.754375050961134219e+00,-1.000000000000000000e+00,-1.000000000000000000e+00,-1.000000000000000000e+00,-1.000000000000000000e+00,-1.000000000000000000e+00,-1.000000000000000000e+00,-1.000000000000000000e+00,-1.000000000000000000e+00,-1.000000000000000000e+00,-1.000000000000000000e+00,-1.000000000000000000e+00,-1.000000000000000000e+00,-1.000000000000000000e+00,-1.000000000000000000e+00,-1.000000000000000000e+00,-1.000000000000000000e+00,-1.000000000000000000e+00,-1.000000000000000000e+00,-1.000000000000000000e+00,-1.000000000000000000e+00,-1.000000000000000000e+00,-1.000000000000000000e+00,-1.000000000000000000e+00,-1.000000000000000000e+00,-1.000000000000000000e+00,-1.000000000000000000e+00,-1.000000000000000000e+00,-1.000000000000000000e+00,-1.000000000000000000e+00,-1.000000000000000000e+00,-1.000000000000000000e+00,-1.000000000000000000e+00,-1.000000000000000000e+00,-1.000000000000000000e+00,-1.000000000000000000e+00,-1.000000000000000000e+00,-1.000000000000000000e+00,-1.000000000000000000e+00,-1.000000000000000000e+00,-1.000000000000000000e+00,-1.000000000000000000e+00,-1.000000000000000000e+00,-1.000000000000000000e+00,-1.000000000000000000e+00,-1.000000000000000000e+00,-1.000000000000000000e+00,-1.000000000000000000e+00,-1.000000000000000000e+00,-1.000000000000000000e+00,-1.000000000000000000e+00,-1.000000000000000000e+00,-1.000000000000000000e+00,-1.000000000000000000e+00,-1.000000000000000000e+00
-1.000000000000000000e+00,-1.000000000000000000e+00,-1.000000000000000000e+00,-1.000000000000000000e+00,-1.000000000000000000e+00,-1.000000000000000000e+00,-1.000000000000000000e+00,-1.000000000000000000e+00,-1.000000000000000000e+00,-1.000000000000000000e+00,-1.000000000000000000e+00,-1.000000000000000000e+00,-1.000000000000000000e+00,-1.000000000000000000e+00,-1.000000000000000000e+00,-1.000000000000000000e+00,-1.000000000000000000e+00,-1.000000000000000000e+00,-1.000000000000000000e+00,-1.000000000000000000e+00,-1.000000000000000000e+00,-1.000000000000000000e+00,-1.000000000000000000e+00,-1.000000000000000000e+00,-1.000000000000000000e+00,-1.000000000000000000e+00,-1.000000000000000000e+00,-1.000000000000000000e+00,-1.000000000000000000e+00,-1.000000000000000000e+00,-1.000000000000000000e+00,-1.000000000000000000e+00,-1.000000000000000000e+00,-1.000000000000000000e+00,-1.000000000000000000e+00,-1.000000000000000000e+00,-1.000000000000000000e+00,-1.000000000000000000e+00,-1.000000000000000000e+00,-1.000000000000000000e+00,-1.000000000000000000e+00,-1.000000000000000000e+00,-1.000000000000000000e+00,-1.000000000000000000e+00,-1.000000000000000000e+00,-1.000000000000000000e+00,-1.000000000000000000e+00,-1.000000000000000000e+00,-1.000000000000000000e+00,-1.000000000000000000e+00,-1.000000000000000000e+00,-1.000000000000000000e+00,-1.000000000000000000e+00,-1.000000000000000000e+00,-1.753590742263861468e+00,-1.753623171652051838e+00,-1.753720390370571591e+00,-1.753882139925246220e+00,-1.754107801296287850e+00,-1.754395970101069180e+00,-1.754743504633408779e+00,-1.755143481488917079e+00,-1.755580957909732787e+00,-1.756024504532402331e+00,-1.756409877272110176e+00,-1.756609657153525461e+00,-1.756378821322981398e+00,-1.755260710079796338e+00,-1.752430624039772011e+00,-1.746445915727825593e+00,-1.734864360604399192e+00,-1.713694023268193645e+00,-1.676667365599802562e+00,-1.614440091027012247e+00,-1.514120315414100970e+00,-1.360286894028012394e+00,-1.140259055215980810e+00,-8.589146080455769550e-01,-5.684911793247422462e-01,-3.951283877878125628e-01,-3.951283918497907610e-01,-5.684911914350273543e-01,-8.589146278986632410e-01,-1.140259082812273395e+00,-1.360286929361538499e+00,-1.514120358435909086e+00,-1.614440141660450134e+00,-1.676667423768406495e+00,-1.713694088907634194e+00,-1.734864433630728175e+00,-1.746445995970282938e+00,-1.752430711214933767e+00,-1.755260803902746192e+00,-1.756378921637363533e+00,-1.756609763880923269e+00,-1.756409990450229275e+00,-1.756024624466327566e+00,-1.755581084922879898e+00,-1.755143615713944172e+00,-1.754743646374808508e+00,-1.754396119536468124e+00,-1.754107958934934430e+00,-1.753882306145901238e+00,-1.753720565429462308e+00,-1.753623355177277521e+00,-1.753590934453438832e+00,-1.000000000000000000e+00,-1.000000000000000000e+00,-1.000000000000000000e+00,-1.000000000000000000e+00,-1.000000000000000000e+00,-1.000000000000000000e+00,-1.000000000000000000e+00,-1.000000000000000000e+00,-1.000000000000000000e+00,-1.000000000000000000e+00,-1.000000000000000000e+00,-1.000000000000000000e+00,-1.000000000000000000e+00,-1.000000000000000000e+00,-1.000000000000000000e+00,-1.000000000000000000e+00,-1.000000000000000000e+00,-1.000000000000000000e+00,-1.000000000000000000e+00,-1.000000000000000000e+00,-1.000000000000000000e+00,-1.000000000000000000e+00,-1.000000000000000000e+00,-1.000000000000000000e+00,-1.000000000000000000e+00,-1.000000000000000000e+00,-1.000000000000000000e+00,-1.000000000000000000e+00,-1.000000000000000000e+00,-1.000000000000000000e+00,-1.000000000000000000e+00,-1.000000000000000000e+00,-1.000000000000000000e+00,-1.000000000000000000e+00,-1.000000000000000000e+00,-1.000000000000000000e+00,-1.000000000000000000e+00,-1.000000000000000000e+00,-1.000000000000000000e+00,-1.000000000000000000e+00,-1.000000000000000000e+00,-1.000000000000000000e+00,-1.000000000000000000e+00,-1.000000000000000000e+00,-1.000000000000000000e+00,-1.000000000000000000e+00,-1.000000000000000000e+00,-1.000000000000000000e+00,-1.000000000000000000e+00,-1.000000000000000000e+00,-1.000000000000000000e+00,-1.000000000000000000e+00,-1.000000000000000000e+00,-1.000000000000000000e+00
-1.000000000000000000e+00,-1.000000000000000000e+00,-1.000000000000000000e+00,-1.000000000000000000e+00,-1.000000000000000000e+00,-1.000000000000000000e+00,-1.000000000000000000e+00,-1.000000000000000000e+00,-1.000000000000000000e+00,-1.000000000000000000e+00,-1.000000000000000000e+00,-1.000000000000000000e+00,-1.000000000000000000e+00,-1.000000000000000000e+00,-1.000000000000000000e+00,-1.000000000000000000e+00,-1.000000000000000000e+00,-1.000000000000000000e+00,-1.000000000000000000e+00,-1.000000000000000000e+00,-1.000000000000000000e+00,-1.000000000000000000e+00,-1.000000000000000000e+00,-1.000000000000000000e+00,-1.000000000000000000e+00,-1.000000000000000000e+00,-1.000000000000000000e+00,-1.000000000000000000e+00,-1.000000000000000000e+00,-1.000000000000000000e+00,-1.000000000000000000e+00,-1.000000000000000000e+00,-1.000000000000000000e+00,-1.000000000000000000e+00,-1.000000000000000000e+00,-1.000000000000000000e+00,-1.000000000000000000e+00,-1.000000000000000000e+00,-1.000000000000000000e+00,-1.000000000000000000e+00,-1.000000000000000000e+00,-1.000000000000000000e+00,-1.000000000000000000e+00,-1.000000000000000000e+00,-1.000000000000000000e+00,-1.000000000000000000e+00,-1.000000000000000000e+00,-1.000000000000000000e+00,-1.000000000000000000e+00,-1.000000000000000000e+00,-1.000000000000000000e+00,-1.000000000000000000e+00,-1.000000000000000000e+00,-1.000000000000000000e+00,-1.752864341098383960e+00,-1.752896765197264228e+00,-1.752993967994001423e+00,-1.753155691602005906e+00,-1.753381318082991580e+00,-1.753669444122105903e+00,-1.754016929127698798e+00,-1.754416850436391062e+00,-1.754854265212498543e+00,-1.755297741029086422e+00,-1.755683024884710619e+00,-1.755882676005000365e+00,-1.755651625280450601e+00,-1.754533120847308725e+00,-1.751702286987993018e+00,-1.745716152576055391e+00,-1.734131922004949811e+00,-1.712956692324293373e+00,-1.675921361739680204e+00,-1.613679254807642849e+00,-1.513335172869740619e+00,-1.359464016297501132e+00,-1.139381834867511767e+00,-8.579678228959600750e-01,-5.674727810915193293e-01,-3.940671197507633616e-01,-3.940671225602357941e-01,-5.674727894473647893e-01,-8.579678365104961291e-01,-1.139381853748447693e+00,-1.359464040472866397e+00,-1.513335202362804832e+00,-1.613679289644819992e+00,-1.675921401950038359e+00,-1.712956737908542859e+00,-1.734131972880802453e+00,-1.745716208571413075e+00,-1.751702347924028569e+00,-1.754533186618954854e+00,-1.755651695810352964e+00,-1.755882751266010233e+00,-1.755683105092259666e+00,-1.755297826529376604e+00,-1.754854356231020152e+00,-1.754416947278023997e+00,-1.754017032294476808e+00,-1.753669554168823197e+00,-1.753381435771004249e+00,-1.753155817473618372e+00,-1.752994102393017783e+00,-1.752896907959104356e+00,-1.752864492854516287e+00,-1.000000000000000000e+00,-1.000000000000000000e+00,-1.000000000000000000e+00,-1.000000000000000000e+00,-1.000000000000000000e+00,-1.000000000000000000e+00,-1.000000000000000000e+00,-1.000000000000000000e+00,-1.000000000000000000e+00,-1.000000000000000000e+00,-1.000000000000000000e+00,-1.000000000000000000e+00,-1.000000000000000000e+00,-1.000000000000000000e+00,-1.000000000000000000e+00,-1.000000000000000000e+00,-1.000000000000000000e+00,-1.000000000000000000e+00,-1.000000000000000000e+00,-1.000000000000000000e+00,-1.000000000000000000e+00,-1.000000000000000000e+00,-1.000000000000000000e+00,-1.000000000000000000e+00,-1.000000000000000000e+00,-1.000000000000000000e+00,-1.000000000000000000e+00,-1.000000000000000000e+00,-1.000000000000000000e+00,-1.000000000000000000e+00,-1.000000000000000000e+00,-1.000000000000000000e+00,-1.000000000000000000e+00,-1.000000000000000000e+00,-1.000000000000000000e+00,-1.000000000000000000e+00,-1.000000000000000000e+00,-1.000000000000000000e+00,-1.000000000000000000e+00,-1.000000000000000000e+00,-1.000000000000000000e+00,-1.000000000000000000e+00,-1.000000000000000000e+00,-1.000000000000000000e+00,-1.000000000000000000e+00,-1.000000000000000000e+00,-1.000000000000000000e+00,-1.000000000000000000e+00,-1.000000000000000000e+00,-1.000000000000000000e+00,-1.000000000000000000e+00,-1.000000000000000000e+00,-1.000000000000000000e+00,-1.000000000000000000e+00
-1.000000000000000000e+00,-1.000000000000000000e+00,-1.000000000000000000e+00,-1.000000000000000000e+00,-1.000000000000000000e+00,-1.000000000000000000e+00,-1.000000000000000000e+00,-1.000000000000000000e+00,-1.000000000000000000e+00,-1.000000000000000000e+00,-1.000000000000000000e+00,-1.000000000000000000e+00,-1.000000000000000000e+00,-1.000000000000000000e+00,-1.000000000000000000e+00,-1.000000000000000000e+00,-1.000000000000000000e+00,-1.000000000000000000e+00,-1.000000000000000000e+00,-1.000000000000000000e+00,-1.000000000000000000e+00,-1.000000000000000000e+00,-1.000000000000000000e+00,-1.000000000000000000e+00,-1.000000000000000000e+00,-1.000000000000000000e+00,-1.000000000000000000e+00,-1.000000000000000000e+00,-1.000000000000000000e+00,-1.000000000000000000e+00,-1.000000000000000000e+00,-1.000000000000000000e+00,-1.000000000000000000e+00,-1.000000000000000000e+00,-1.000000000000000000e+00,-1.000000000000000000e+00,-1.000000000000000000e+00,-1.000000000000000000e+00,-1.000000000000000000e+00,-1.000000000000000000e+00,-1.000000000000000000e+00,-1.000000000000000000e+00,-1.000000000000000000e+00,-1.000000000000000000e+00,-1.000000000000000000e+00,-1.000000000000000000e+00,-1.000000000000000000e+00,-1.000000000000000000e+00,-1.000000000000000000e+00,-1.000000000000000000e+00,-1.000000000000000000e+00,-1.000000000000000000e+00,-1.000000000000000000e+00,-1.000000000000000000e+00,-1.752195713355710227e+00,-1.752228133220625539e+00,-1.752325323178013150e+00,-1.752487025730425696e+00,-1.752712624137958475e+00,-1.753000716073640275e+00,-1.753348161982692943e+00,-1.753748039599199782e+00,-1.754185405939249209e+00,-1.754628825549838123e+00,-1.755014037090460777e+00,-1.755213580002972451e+00,-1.754982342530729600e+00,-1.753863487924222309e+00,-1.751031978772189746e+00,-1.745044546996609824e+00,-1.733457872578149095e+00,-1.712278163900981642e+00,-1.675234882590160623e+00,-1.612979166686021371e+00,-1.512612769379947597e+00,-1.358706951572694610e+00,-1.138574834055526619e+00,-8.570968766500328684e-01,-5.665359902453375174e-01,-3.930909110368695503e-01,-3.930909127515199719e-01,-5.665359953165243212e-01,-8.570968848027810116e-01,-1.138574845288646831e+00,-1.358706965922371612e+00,-1.512612786895498163e+00,-1.612979187423366101e+00,-1.675234906592967032e+00,-1.712278191165917507e+00,-1.733457903033637226e+00,-1.745044580537827184e+00,-1.751032015316655421e+00,-1.753863527427225177e+00,-1.754982385027969993e+00,-1.755213625729799443e+00,-1.755014086385814576e+00,-1.754628878624215904e+00,-1.754185463054910299e+00,-1.753748101292578188e+00,-1.753348228896996375e+00,-1.753000789102868051e+00,-1.752712704086086148e+00,-1.752487113186252499e+00,-1.752325418496824438e+00,-1.752228236619524093e+00,-1.752195825989335987e+00,-1.000000000000000000e+00,-1.000000000000000000e+00,-1.000000000000000000e+00,-1.000000000000000000e+00,-1.000000000000000000e+00,-1.000000000000000000e+00,-1.000000000000000000e+00,-1.000000000000000000e+00,-1.000000000000000000e+00,-1.000000000000000000e+00,-1.000000000000000000e+00,-1.000000000000000000e+00,-1.000000000000000000e+00,-1.000000000000000000e+00,-1.000000000000000000e+00,-1.000000000000000000e+00,-1.000000000000000000e+00,-1.000000000000000000e+00,-1.000000000000000000e+00,-1.000000000000000000e+00,-1.000000000000000000e+00,-1.000000000000000000e+00,-1.000000000000000000e+00,-1.000000000000000000e+00,-1.000000000000000000e+00,-1.000000000000000000e+00,-1.000000000000000000e+00,-1.000000000000000000e+00,-1.000000000000000000e+00,-1.000000000000000000e+00,-1.000000000000000000e+00,-1.000000000000000000e+00,-1.000000000000000000e+00,-1.000000000000000000e+00,-1.000000000000000000e+00,-1.000000000000000000e+00,-1.000000000000000000e+00,-1.000000000000000000e+00,-1.000000000000000000e+00,-1.000000000000000000e+00,-1.000000000000000000e+00,-1.000000000000000000e+00,-1.000000000000000000e+00,-1.000000000000000000e+00,-1.000000000000000000e+00,-1.000000000000000000e+00,-1.000000000000000000e+00,-1.000000000000000000e+00,-1.000000000000000000e+00,-1.000000000000000000e+00,-1.000000000000000000e+00,-1.000000000000000000e+00,-1.000000000000000000e+00,-1.000000000000000000e+00
-1.000000000000000000e+00,-1.000000000000000000e+00,-1.000000000000000000e+00,-1.000000000000000000e+00,-1.000000000000000000e+00,-1.000000000000000000e+00,-1.000000000000000000e+00,-1.000000000000000000e+00,-1.000000000000000000e+00,-1.000000000000000000e+00,-1.000000000000000000e+00,-1.000000000000000000e+00,-1.000000000000000000e+00,-1.000000000000000000e+00,-1.000000000000000000e+00,-1.000000000000000000e+00,-1.000000000000000000e+00,-1.000000000000000000e+00,-1.000000000000000000e+00,-1.000000000000000000e+00,-1.000000000000000000e+00,-1.000000000000000000e+00,-1.000000000000000000e+00,-1.000000000000000000e+00,-1.000000000000000000e+00,-1.000000000000000000e+00,-1.000000000000000000e+00,-1.000000000000000000e+00,-1.000000000000000000e+00,-1.000000000000000000e+00,-1.000000000000000000e+00,-1.000000000000000000e+00,-1.000000000000000000e+00,-1.000000000000000000e+00,-1.000000000000000000e+00,-1.000000000000000000e+00,-1.000000000000000000e+00,-1.000000000000000000e+00,-1.000000000000000000e+00,-1.000000000000000000e+00,-1.000000000000000000e+00,-1.000000000000000000e+00,-1.000000000000000000e+00,-1.000000000000000000e+00,-1.000000000000000000e+00,-1.000000000000000000e+00,-1.000000000000000000e+00,-1.000000000000000000e+00,-1.000000000000000000e+00,-1.000000000000000000e+00,-1.000000000000000000e+00,-1.000000000000000000e+00,-1.000000000000000000e+00,-1.000000000000000000e+00,-1.751584948050233237e+00,-1.751617364645079444e+00,-1.751714544508552462e+00,-1.751876230195535511e+00,-1.752101806165206499e+00,-1.752389871052719927e+00,-1.752737286369386194e+00,-1.753137130075896222e+00,-1.753574458843623063e+00,-1.754017834522800801e+00,-1.754402987794061675e+00,-1.754602440030172517e+00,-1.754371040942555693e+00,-1.753251876288276723e+00,-1.750419761035205024e+00,-1.744431156588127196e+00,-1.732842265180113417e+00,-1.711658485141849484e+00,-1.674607968034964589e+00,-1.612339857150856037e+00,-1.511953123593085646e+00,-1.358015704494907494e+00,-1.137838042462130606e+00,-8.563017453274305302e-01,-5.656807728892865317e-01,-3.921997221446055226e-01,-3.921997229280528297e-01,-5.656807751616191871e-01,-8.563017488173585434e-01,-1.137838047132623931e+00,-1.358015710352040717e+00,-1.511953130668730605e+00,-1.612339865495036495e+00,-1.674607977684875904e+00,-1.711658496072077096e+00,-1.732842277286830157e+00,-1.744431169751759159e+00,-1.750419775221888630e+00,-1.753251891631788961e+00,-1.754371057764644970e+00,-1.754602458702600343e+00,-1.754403008542583908e+00,-1.754017857581455120e+00,-1.753574484673134037e+00,-1.753137159284640534e+00,-1.752737319731428212e+00,-1.752389909657093625e+00,-1.752101850676464734e+00,-1.751876281237442656e+00,-1.751714602535459964e+00,-1.751617430476068993e+00,-1.751585023307034472e+00,-1.000000000000000000e+00,-1.000000000000000000e+00,-1.000000000000000000e+00,-1.000000000000000000e+00,-1.000000000000000000e+00,-1.000000000000000000e+00,-1.000000000000000000e+00,-1.000000000000000000e+00,-1.000000000000000000e+00,-1.000000000000000000e+00,-1.000000000000000000e+00,-1.000000000000000000e+00,-1.000000000000000000e+00,-1.000000000000000000e+00,-1.000000000000000000e+00,-1.000000000000000000e+00,-1.000000000000000000e+00,-1.000000000000000000e+00,-1.000000000000000000e+00,-1.000000000000000000e+00,-1.000000000000000000e+00,-1.000000000000000000e+00,-1.000000000000000000e+00,-1.000000000000000000e+00,-1.000000000000000000e+00,-1.000000000000000000e+00,-1.000000000000000000e+00,-1.000000000000000000e+00,-1.000000000000000000e+00,-1.000000000000000000e+00,-1.000000000000000000e+00,-1.000000000000000000e+00,-1.000000000000000000e+00,-1.000000000000000000e+00,-1.000000000000000000e+00,-1.000000000000000000e+00,-1.000000000000000000e+00,-1.000000000000000000e+00,-1.000000000000000000e+00,-1.000000000000000000e+00,-1.000000000000000000e+00,-1.000000000000000000e+00,-1.000000000000000000e+00,-1.000000000000000000e+00,-1.000000000000000000e+00,-1.000000000000000000e+00,-1.000000000000000000e+00,-1.000000000000000000e+00,-1.000000000000000000e+00,-1.000000000000000000e+00,-1.000000000000000000e+00,-1.000000000000000000e+00,-1.000000000000000000e+00,-1.000000000000000000e+00
-1.000000000000000000e+00,-1.000000000000000000e+00,-1.000000000000000000e+00,-1.000000000000000000e+00,-1.000000000000000000e+00,-1.000000000000000000e+00,-1.000000000000000000e+00,-1.000000000000000000e+00,-1.000000000000000000e+00,-1.000000000000000000e+00,-1.000000000000000000e+00,-1.000000000000000000e+00,-1.000000000000000000e+00,-1.000000000000000000e+00,-1.000000000000000000e+00,-1.000000000000000000e+00,-1.000000000000000000e+00,-1.000000000000000000e+00,-1.000000000000000000e+00,-1.000000000000000000e+00,-1.000000000000000000e+00,-1.000000000000000000e+00,-1.000000000000000000e+00,-1.000000000000000000e+00,-1.000000000000000000e+00,-1.000000000000000000e+00,-1.000000000000000000e+00,-1.000000000000000000e+00,-1.000000000000000000e+00,-1.000000000000000000e+00,-1.000000000000000000e+00,-1.000000000000000000e+00,-1.000000000000000000e+00,-1.000000000000000000e+00,-1.000000000000000000e+00,-1.000000000000000000e+00,-1.000000000000000000e+00,-1.000000000000000000e+00,-1.000000000000000000e+00,-1.000000000000000000e+00,-1.000000000000000000e+00,-1.000000000000000000e+00,-1.000000000000000000e+00,-1.000000000000000000e+00,-1.000000000000000000e+00,-1.000000000000000000e+00,-1.000000000000000000e+00,-1.000000000000000000e+00,-1.000000000000000000e+00,-1.000000000000000000e+00,-1.000000000000000000e+00,-1.000000000000000000e+00,-1.000000000000000000e+00,-1.000000000000000000e+00,-1.751032124357093434e+00,-1.751064538498553036e+00,-1.751161710678840633e+00,-1.751323383197816330e+00,-1.751548941492042433e+00,-1.751836985134926916e+00,-1.752184376671331645e+00,-1.752584194444268828e+00,-1.753021494421810988e+00,-1.753464836116565007e+00,-1.753849943095683983e+00,-1.754049319951991537e+00,-1.753817781518069552e+00,-1.752698343916344381e+00,-1.749865688849383982e+00,-1.743876033226835931e+00,-1.732285147674108572e+00,-1.711097698720771332e+00,-1.674040654053391863e+00,-1.611761353614721726e+00,-1.511356252228500896e+00,-1.357390279156590607e+00,-1.137171450660396488e+00,-8.555824071123631080e-01,-5.649070981836210592e-01,-3.913935171026231563e-01,-3.913935170767650629e-01,-5.649070980345130000e-01,-8.555824066036734621e-01,-1.137171449737528706e+00,-1.357390277797382083e+00,-1.511356250424834347e+00,-1.611761351358257599e+00,-1.674040651300939597e+00,-1.711097695365197735e+00,-1.732285143577298125e+00,-1.743876028325486605e+00,-1.749865683252074477e+00,-1.752698337907458548e+00,-1.753817775466284035e+00,-1.754049314197476450e+00,-1.753849937985492602e+00,-1.753464832095972481e+00,-1.753021491914328989e+00,-1.752584194052099864e+00,-1.752184379369581491e+00,-1.751836991950129541e+00,-1.751548952954911531e+00,-1.751323400049005219e+00,-1.751161733651638075e+00,-1.751064569177285035e+00,-1.751032164509509048e+00,-1.000000000000000000e+00,-1.000000000000000000e+00,-1.000000000000000000e+00,-1.000000000000000000e+00,-1.000000000000000000e+00,-1.000000000000000000e+00,-1.000000000000000000e+00,-1.000000000000000000e+00,-1.000000000000000000e+00,-1.000000000000000000e+00,-1.000000000000000000e+00,-1.000000000000000000e+00,-1.000000000000000000e+00,-1.000000000000000000e+00,-1.000000000000000000e+00,-1.000000000000000000e+00,-1.000000000000000000e+00,-1.000000000000000000e+00,-1.000000000000000000e+00,-1.000000000000000000e+00,-1.000000000000000000e+00,-1.000000000000000000e+00,-1.000000000000000000e+00,-1.000000000000000000e+00,-1.000000000000000000e+00,-1.000000000000000000e+00,-1.000000000000000000e+00,-1.000000000000000000e+00,-1.000000000000000000e+00,-1.000000000000000000e+00,-1.000000000000000000e+00,-1.000000000000000000e+00,-1.000000000000000000e+00,-1.000000000000000000e+00,-1.000000000000000000e+00,-1.000000000000000000e+00,-1.000000000000000000e+00,-1.000000000000000000e+00,-1.000000000000000000e+00,-1.000000000000000000e+00,-1.000000000000000000e+00,-1.000000000000000000e+00,-1.000000000000000000e+00,-1.000000000000000000e+00,-1.000000000000000000e+00,-1.000000000000000000e+00,-1.000000000000000000e+00,-1.000000000000000000e+00,-1.000000000000000000e+00,-1.000000000000000000e+00,-1.000000000000000000e+00,-1.000000000000000000e+00,-1.000000000000000000e+00,-1.000000000000000000e+00
-1.000000000000000000e+00,-1.000000000000000000e+00,-1.000000000000000000e+00,-1.000000000000000000e+00,-1.000000000000000000e+00,-1.000000000000000000e+00,-1.000000000000000000e+00,-1.000000000000000000e+00,-1.000000000000000000e+00,-1.000000000000000000e+00,-1.000000000000000000e+00,-1.000000000000000000e+00,-1.000000000000000000e+00,-1.000000000000000000e+00,-1.000000000000000000e+00,-1.000000000000000000e+00,-1.000000000000000000e+00,-1.000000000000000000e+00,-1.000000000000000000e+00,-1.000000000000000000e+00,-1.000000000000000000e+00,-1.000000000000000000e+00,-1.000000000000000000e+00,-1.000000000000000000e+00,-1.000000000000000000e+00,-1.000000000000000000e+00,-1.000000000000000000e+00,-1.000000000000000000e+00,-1.000000000000000000e+00,-1.000000000000000000e+00,-1.000000000000000000e+00,-1.000000000000000000e+00,-1.000000000000000000e+00,-1.000000000000000000e+00,-1.000000000000000000e+00,-1.000000000000000000e+00,-1.000000000000000000e+00,-1.000000000000000000e+00,-1.000000000000000000e+00,-1.000000000000000000e+00,-1.000000000000000000e+00,-1.000000000000000000e+00,-1.000000000000000000e+00,-1.000000000000000000e+00,-1.000000000000000000e+00,-1.000000000000000000e+00,-1.000000000000000000e+00,-1.000000000000000000e+00,-1.000000000000000000e+00,-1.000000000000000000e+00,-1.000000000000000000e+00,-1.000000000000000000e+00,-1.000000000000000000e+00,-1.000000000000000000e+00,-1.750537312336546636e+00,-1.750569724606761302e+00,-1.750666891056573693e+00,-1.750828553654997011e+00,-1.751054098353157062e+00,-1.751342125671689676e+00,-1.751689498895543595e+00,-1.752089297089583608e+00,-1.752526575522101338e+00,-1.752969891141658021e+00,-1.753354961407460166e+00,-1.753554276193125316e+00,-1.753322618820813306e+00,-1.752202942982258094e+00,-1.749369811474666303e+00,-1.743379222957692987e+00,-1.731786562491148374e+00,-1.710595842646465359e+00,-1.673532972897834981e+00,-1.611243680767035613e+00,-1.510822170361374450e+00,-1.356830679198057554e+00,-1.136575050032743617e+00,-8.549388421640344848e-01,-5.642149381299794708e-01,-3.906722633002978062e-01,-3.906722625908258806e-01,-5.642149359418923149e-01,-8.549388383143160519e-01,-1.136575044449420258e+00,-1.356830671821410927e+00,-1.510822161128626107e+00,-1.611243669601116535e+00,-1.673532959680202437e+00,-1.710595827207910036e+00,-1.731786544667153205e+00,-1.743379202695513941e+00,-1.749369788913148982e+00,-1.752202918449208280e+00,-1.753322592771082267e+00,-1.753554249120040209e+00,-1.753354933743616950e+00,-1.752969863184080213e+00,-1.752526547645676613e+00,-1.752089270163788459e+00,-1.751689473917392048e+00,-1.751342103429473607e+00,-1.751054079490877102e+00,-1.750828539092495362e+00,-1.750666881956787879e+00,-1.750569723294839175e+00,-1.750537320255060703e+00,-1.000000000000000000e+00,-1.000000000000000000e+00,-1.000000000000000000e+00,-1.000000000000000000e+00,-1.000000000000000000e+00,-1.000000000000000000e+00,-1.000000000000000000e+00,-1.000000000000000000e+00,-1.000000000000000000e+00,-1.000000000000000000e+00,-1.000000000000000000e+00,-1.000000000000000000e+00,-1.000000000000000000e+00,-1.000000000000000000e+00,-1.000000000000000000e+00,-1.000000000000000000e+00,-1.000000000000000000e+00,-1.000000000000000000e+00,-1.000000000000000000e+00,-1.000000000000000000e+00,-1.000000000000000000e+00,-1.000000000000000000e+00,-1.000000000000000000e+00,-1.000000000000000000e+00,-1.000000000000000000e+00,-1.000000000000000000e+00,-1.000000000000000000e+00,-1.000000000000000000e+00,-1.000000000000000000e+00,-1.000000000000000000e+00,-1.000000000000000000e+00,-1.000000000000000000e+00,-1.000000000000000000e+00,-1.000000000000000000e+00,-1.000000000000000000e+00,-1.000000000000000000e+00,-1.000000000000000000e+00,-1.000000000000000000e+00,-1.000000000000000000e+00,-1.000000000000000000e+00,-1.000000000000000000e+00,-1.000000000000000000e+00,-1.000000000000000000e+00,-1.000000000000000000e+00,-1.000000000000000000e+00,-1.000000000000000000e+00,-1.000000000000000000e+00,-1.000000000000000000e+00,-1.000000000000000000e+00,-1.000000000000000000e+00,-1.000000000000000000e+00,-1.000000000000000000e+00,-1.000000000000000000e+00,-1.000000000000000000e+00
-1.000000000000000000e+00,-1.000000000000000000e+00,-1.000000000000000000e+00,-1.000000000000000000e+00,-1.000000000000000000e+00,-1.000000000000000000e+00,-1.000000000000000000e+00,-1.000000000000000000e+00,-1.000000000000000000e+00,-1.000000000000000000e+00,-1.000000000000000000e+00,-1.000000000000000000e+00,-1.000000000000000000e+00,-1.000000000000000000e+00,-1.000000000000000000e+00,-1.000000000000000000e+00,-1.000000000000000000e+00,-1.000000000000000000e+00,-1.000000000000000000e+00,-1.000000000000000000e+00,-1.000000000000000000e+00,-1.000000000000000000e+00,-1.000000000000000000e+00,-1.000000000000000000e+00,-1.000000000000000000e+00,-1.000000000000000000e+00,-1.000000000000000000e+00,-1.000000000000000000e+00,-1.000000000000000000e+00,-1.000000000000000000e+00,-1.000000000000000000e+00,-1.000000000000000000e+00,-1.000000000000000000e+00,-1.000000000000000000e+00,-1.000000000000000000e+00,-1.000000000000000000e+00,-1.000000000000000000e+00,-1.000000000000000000e+00,-1.000000000000000000e+00,-1.000000000000000000e+00,-1.000000000000000000e+00,-1.000000000000000000e+00,-1.000000000000000000e+00,-1.000000000000000000e+00,-1.000000000000000000e+00,-1.000000000000000000e+00,-1.000000000000000000e+00,-1.000000000000000000e+00,-1.000000000000000000e+00,-1.000000000000000000e+00,-1.000000000000000000e+00,-1.000000000000000000e+00,-1.000000000000000000e+00,-1.000000000000000000e+00,-1.750100573604445486e+00,-1.750132984316987050e+00,-1.750230146407133702e+00,-1.750391801782514190e+00,-1.750617336304671978e+00,-1.750905351478709182e+00,-1.751252710995311990e+00,-1.751652494464160936e+00,-1.752089757098774125e+00,-1.752533053429797816e+00,-1.752918094903633150e+00,-1.753117358564015404e+00,-1.752885600367490415e+00,-1.751765719032297053e+00,-1.748932172444846556e+00,-1.742940766862452806e+00,-1.731346547559658777e+00,-1.710152950761008039e+00,-1.673084953105809181e+00,-1.610786860305855495e+00,-1.510350891112701488e+00,-1.356336907598597374e+00,-1.136048832706846756e+00,-8.543710326794957677e-01,-5.636042677080894681e-01,-3.900359316288615208e-01,-3.900359303580878123e-01,-5.636042638595057941e-01,-8.543710261558544738e-01,-1.136048823427509458e+00,-1.356336895454782532e+00,-1.510350875949753036e+00,-1.610786841924732427e+00,-1.673084931273161491e+00,-1.710152925248811240e+00,-1.731346518233866760e+00,-1.742940733769450024e+00,-1.748932135825118195e+00,-1.751765679255588237e+00,-1.752885557833472774e+00,-1.753117313616165518e+00,-1.752918047822119352e+00,-1.752533004589725607e+00,-1.752089707223439818e+00,-1.751652444449509627e+00,-1.751252661527729515e+00,-1.750905303402956248e+00,-1.750617290543564852e+00,-1.750391759387937229e+00,-1.750230109038542370e+00,-1.750132954654932904e+00,-1.750100552405535081e+00,-1.000000000000000000e+00,-1.000000000000000000e+00,-1.000000000000000000e+00,-1.000000000000000000e+00,-1.000000000000000000e+00,-1.000000000000000000e+00,-1.000000000000000000e+00,-1.000000000000000000e+00,-1.000000000000000000e+00,-1.000000000000000000e+00,-1.000000000000000000e+00,-1.000000000000000000e+00,-1.000000000000000000e+00,-1.000000000000000000e+00,-1.000000000000000000e+00,-1.000000000000000000e+00,-1.000000000000000000e+00,-1.000000000000000000e+00,-1.000000000000000000e+00,-1.000000000000000000e+00,-1.000000000000000000e+00,-1.000000000000000000e+00,-1.000000000000000000e+00,-1.000000000000000000e+00,-1.000000000000000000e+00,-1.000000000000000000e+00,-1.000000000000000000e+00,-1.000000000000000000e+00,-1.000000000000000000e+00,-1.000000000000000000e+00,-1.000000000000000000e+00,-1.000000000000000000e+00,-1.000000000000000000e+00,-1.000000000000000000e+00,-1.000000000000000000e+00,-1.000000000000000000e+00,-1.000000000000000000e+00,-1.000000000000000000e+00,-1.000000000000000000e+00,-1.000000000000000000e+00,-1.000000000000000000e+00,-1.000000000000000000e+00,-1.000000000000000000e+00,-1.000000000000000000e+00,-1.000000000000000000e+00,-1.000000000000000000e+00,-1.000000000000000000e+00,-1.000000000000000000e+00,-1.000000000000000000e+00,-1.000000000000000000e+00,-1.000000000000000000e+00,-1.000000000000000000e+00,-1.000000000000000000e+00,-1.000000000000000000e+00
-1.000000000000000000e+00,-1.000000000000000000e+00,-1.000000000000000000e+00,-1.000000000000000000e+00,-1.000000000000000000e+00,-1.000000000000000000e+00,-1.000000000000000000e+00,-1.000000000000000000e+00,-1.000000000000000000e+00,-1.000000000000000000e+00,-1.000000000000000000e+00,-1.000000000000000000e+00,-1.000000000000000000e+00,-1.000000000000000000e+00,-1.000000000000000000e+00,-1.000000000000000000e+00,-1.000000000000000000e+00,-1.000000000000000000e+00,-1.000000000000000000e+00,-1.000000000000000000e+00,-1.000000000000000000e+00,-1.000000000000000000e+00,-1.000000000000000000e+00,-1.000000000000000000e+00,-1.000000000000000000e+00,-1.000000000000000000e+00,-1.000000000000000000e+00,-1.000000000000000000e+00,-1.000000000000000000e+00,-1.000000000000000000e+00,-1.000000000000000000e+00,-1.000000000000000000e+00,-1.000000000000000000e+00,-1.000000000000000000e+00,-1.000000000000000000e+00,-1.000000000000000000e+00,-1.000000000000000000e+00,-1.000000000000000000e+00,-1.000000000000000000e+00,-1.000000000000000000e+00,-1.000000000000000000e+00,-1.000000000000000000e+00,-1.000000000000000000e+00,-1.000000000000000000e+00,-1.000000000000000000e+00,-1.000000000000000000e+00,-1.000000000000000000e+00,-1.000000000000000000e+00,-1.000000000000000000e+00,-1.000000000000000000e+00,-1.000000000000000000e+00,-1.000000000000000000e+00,-1.000000000000000000e+00,-1.000000000000000000e+00,-1.749721961808673898e+00,-1.749754371090745719e+00,-1.749851529630697566e+00,-1.750013179783504569e+00,-1.750238706896619423e+00,-1.750526713177536164e+00,-1.750874062978920120e+00,-1.751273835868342843e+00,-1.751711086809205398e+00,-1.752154368905206594e+00,-1.752539388465400139e+00,-1.752738610959757803e+00,-1.752506768489288991e+00,-1.751386712314946692e+00,-1.748552809672492048e+00,-1.742560700360235248e+00,-1.730965135519880294e+00,-1.709769052331569172e+00,-1.672696619564258969e+00,-1.610390911331154529e+00,-1.509942426162163454e+00,-1.355908967137875010e+00,-1.135592791854663997e+00,-8.538789629862606478e-01,-5.630750647839846135e-01,-3.894844962768040375e-01,-3.894844945265795166e-01,-5.630750595285747284e-01,-8.538789542418712131e-01,-1.135592779541968245e+00,-1.355908951111715055e+00,-1.509942406196401521e+00,-1.610390887132072013e+00,-1.672696590826034058e+00,-1.709769018821276632e+00,-1.730965097161428989e+00,-1.742560657261311929e+00,-1.748552762067809185e+00,-1.751386660480473978e+00,-1.752506712687880164e+00,-1.752738551455632843e+00,-1.752539325599088427e+00,-1.752154303181426842e+00,-1.751711018883384652e+00,-1.751273766375733398e+00,-1.750873992734453655e+00,-1.750526643304245011e+00,-1.750238638289194126e+00,-1.750013113690634059e+00,-1.749851468247403119e+00,-1.749754316836536816e+00,-1.749721914656827026e+00,-1.000000000000000000e+00,-1.000000000000000000e+00,-1.000000000000000000e+00,-1.000000000000000000e+00,-1.000000000000000000e+00,-1.000000000000000000e+00,-1.000000000000000000e+00,-1.000000000000000000e+00,-1.000000000000000000e+00,-1.000000000000000000e+00,-1.000000000000000000e+00,-1.000000000000000000e+00,-1.000000000000000000e+00,-1.000000000000000000e+00,-1.000000000000000000e+00,-1.000000000000000000e+00,-1.000000000000000000e+00,-1.000000000000000000e+00,-1.000000000000000000e+00,-1.000000000000000000e+00,-1.000000000000000000e+00,-1.000000000000000000e+00,-1.000000000000000000e+00,-1.000000000000000000e+00,-1.000000000000000000e+00,-1.000000000000000000e+00,-1.000000000000000000e+00,-1.000000000000000000e+00,-1.000000000000000000e+00,-1.000000000000000000e+00,-1.000000000000000000e+00,-1.000000000000000000e+00,-1.000000000000000000e+00,-1.000000000000000000e+00,-1.000000000000000000e+00,-1.000000000000000000e+00,-1.000000000000000000e+00,-1.000000000000000000e+00,-1.000000000000000000e+00,-1.000000000000000000e+00,-1.000000000000000000e+00,-1.000000000000000000e+00,-1.000000000000000000e+00,-1.000000000000000000e+00,-1.000000000000000000e+00,-1.000000000000000000e+00,-1.000000000000000000e+00,-1.000000000000000000e+00,-1.000000000000000000e+00,-1.000000000000000000e+00,-1.000000000000000000e+00,-1.000000000000000000e+00,-1.000000000000000000e+00,-1.000000000000000000e+00
-1.000000000000000000e+00,-1.000000000000000000e+00,-1.000000000000000000e+00,-1.000000000000000000e+00,-1.000000000000000000e+00,-1.000000000000000000e+00,-1.000000000000000000e+00,-1.000000000000000000e+00,-1.000000000000000000e+00,-1.000000000000000000e+00,-1.000000000000000000e+00,-1.000000000000000000e+00,-1.000000000000000000e+00,-1.000000000000000000e+00,-1.000000000000000000e+00,-1.000000000000000000e+00,-1.000000000000000000e+00,-1.000000000000000000e+00,-1.000000000000000000e+00,-1.000000000000000000e+00,-1.000000000000000000e+00,-1.000000000000000000e+00,-1.000000000000000000e+00,-1.000000000000000000e+00,-1.000000000000000000e+00,-1.000000000000000000e+00,-1.000000000000000000e+00,-1.000000000000000000e+00,-1.000000000000000000e+00,-1.000000000000000000e+00,-1.000000000000000000e+00,-1.000000000000000000e+00,-1.000000000000000000e+00,-1.000000000000000000e+00,-1.000000000000000000e+00,-1.000000000000000000e+00,-1.000000000000000000e+00,-1.000000000000000000e+00,-1.000000000000000000e+00,-1.000000000000000000e+00,-1.000000000000000000e+00,-1.000000000000000000e+00,-1.000000000000000000e+00,-1.000000000000000000e+00,-1.000000000000000000e+00,-1.000000000000000000e+00,-1.000000000000000000e+00,-1.000000000000000000e+00,-1.000000000000000000e+00,-1.000000000000000000e+00,-1.000000000000000000e+00,-1.000000000000000000e+00,-1.000000000000000000e+00,-1.000000000000000000e+00,-1.749401522846553592e+00,-1.749433930825853079e+00,-1.749531086332197560e+00,-1.749692732480390589e+00,-1.749918254406879425e+00,-1.750206254136258410e+00,-1.750553596892496788e+00,-1.750953362794011481e+00,-1.751390605954243451e+00,-1.751833877780224258e+00,-1.752218880522035338e+00,-1.752418070124576177e+00,-1.752186158552342388e+00,-1.751065956915621058e+00,-1.748231755807428511e+00,-1.742239054316803593e+00,-1.730642354936579697e+00,-1.709444172921586569e+00,-1.672367993895449656e+00,-1.610055850312174019e+00,-1.509596785438695576e+00,-1.355546859957692529e+00,-1.135206921260258017e+00,-8.534626192060642547e-01,-5.626273098980802967e-01,-3.890179346208831879e-01,-3.890179324620014478e-01,-5.626273034569763132e-01,-8.534626086439260906e-01,-1.135206906500781043e+00,-1.355546840813395493e+00,-1.509596761614684368e+00,-1.610055821466588766e+00,-1.672367959738202403e+00,-1.709444133310524361e+00,-1.730642309912080679e+00,-1.742239004045259110e+00,-1.748231700472413719e+00,-1.751065896631713859e+00,-1.752186093362994468e+00,-1.752418000090823158e+00,-1.752218805856272654e+00,-1.751833798956999200e+00,-1.751390523714680070e+00,-1.750953278024223181e+00,-1.750553510532575574e+00,-1.750206166945079689e+00,-1.749918167293232241e+00,-1.749692647102469412e+00,-1.749531005139179696e+00,-1.749433855569957119e+00,-1.749401453073037516e+00,-1.000000000000000000e+00,-1.000000000000000000e+00,-1.000000000000000000e+00,-1.000000000000000000e+00,-1.000000000000000000e+00,-1.000000000000000000e+00,-1.000000000000000000e+00,-1.000000000000000000e+00,-1.000000000000000000e+00,-1.000000000000000000e+00,-1.000000000000000000e+00,-1.000000000000000000e+00,-1.000000000000000000e+00,-1.000000000000000000e+00,-1.000000000000000000e+00,-1.000000000000000000e+00,-1.000000000000000000e+00,-1.000000000000000000e+00,-1.000000000000000000e+00,-1.000000000000000000e+00,-1.000000000000000000e+00,-1.000000000000000000e+00,-1.000000000000000000e+00,-1.000000000000000000e+00,-1.000000000000000000e+00,-1.000000000000000000e+00,-1.000000000000000000e+00,-1.000000000000000000e+00,-1.000000000000000000e+00,-1.000000000000000000e+00,-1.000000000000000000e+00,-1.000000000000000000e+00,-1.000000000000000000e+00,-1.000000000000000000e+00,-1.000000000000000000e+00,-1.000000000000000000e+00,-1.000000000000000000e+00,-1.000000000000000000e+00,-1.000000000000000000e+00,-1.000000000000000000e+00,-1.000000000000000000e+00,-1.000000000000000000e+00,-1.000000000000000000e+00,-1.000000000000000000e+00,-1.000000000000000000e+00,-1.000000000000000000e+00,-1.000000000000000000e+00,-1.000000000000000000e+00,-1.000000000000000000e+00,-1.000000000000000000e+00,-1.000000000000000000e+00,-1.000000000000000000e+00,-1.000000000000000000e+00,-1.000000000000000000e+00
-1.000000000000000000e+00,-1.000000000000000000e+00,-1.000000000000000000e+00,-1.000000000000000000e+00,-1.000000000000000000e+00,-1.000000000000000000e+00,-1.000000000000000000e+00,-1.000000000000000000e+00,-1.000000000000000000e+00,-1.000000000000000000e+00,-1.000000000000000000e+00,-1.000000000000000000e+00,-1.000000000000000000e+00,-1.000000000000000000e+00,-1.000000000000000000e+00,-1.000000000000000000e+00,-1.000000000000000000e+00,-1.000000000000000000e+00,-1.000000000000000000e+00,-1.000000000000000000e+00,-1.000000000000000000e+00,-1.000000000000000000e+00,-1.000000000000000000e+00,-1.000000000000000000e+00,-1.000000000000000000e+00,-1.000000000000000000e+00,-1.000000000000000000e+00,-1.000000000000000000e+00,-1.000000000000000000e+00,-1.000000000000000000e+00,-1.000000000000000000e+00,-1.000000000000000000e+00,-1.000000000000000000e+00,-1.000000000000000000e+00,-1.000000000000000000e+00,-1.000000000000000000e+00,-1.000000000000000000e+00,-1.000000000000000000e+00,-1.000000000000000000e+00,-1.000000000000000000e+00,-1.000000000000000000e+00,-1.000000000000000000e+00,-1.000000000000000000e+00,-1.000000000000000000e+00,-1.000000000000000000e+00,-1.000000000000000000e+00,-1.000000000000000000e+00,-1.000000000000000000e+00,-1.000000000000000000e+00,-1.000000000000000000e+00,-1.000000000000000000e+00,-1.000000000000000000e+00,-1.000000000000000000e+00,-1.000000000000000000e+00,-1.749139294914589637e+00,-1.749171701868596163e+00,-1.749268854982563681e+00,-1.749430497753734048e+00,-1.749656015993766633e+00,-1.749944011441596725e+00,-1.750291349015582698e+00,-1.750691109593827788e+00,-1.751128347476714753e+00,-1.751571612592674354e+00,-1.751956603409912772e+00,-1.752155767805712916e+00,-1.751923801231947575e+00,-1.750803482061729088e+00,-1.747969038367489292e+00,-1.741975854331300200e+00,-1.730378229233307419e+00,-1.709178333356569990e+00,-1.672099093662366531e+00,-1.609781690619277672e+00,-1.509313976997660234e+00,-1.355250587731303025e+00,-1.134891215672573228e+00,-8.531219896852185736e-01,-5.622609867044531251e-01,-3.886362276520423098e-01,-3.886362251572996751e-01,-5.622609793047039783e-01,-8.531219777187779574e-01,-1.134891199083291724e+00,-1.355250566344237573e+00,-1.509313950530922543e+00,-1.609781658750500721e+00,-1.672099056141802098e+00,-1.709178290093800623e+00,-1.730378180292169832e+00,-1.741975799823756388e+00,-1.747968978325391110e+00,-1.750803416392687328e+00,-1.751923729803905871e+00,-1.752155690627887452e+00,-1.751956520800896255e+00,-1.751571525197022750e+00,-1.751128256035705322e+00,-1.750691014669906398e+00,-1.750291251036324436e+00,-1.749943911101286886e+00,-1.749655914907739085e+00,-1.749430397513653146e+00,-1.749268757901246030e+00,-1.749171609113524539e+00,-1.749139205999758584e+00,-1.000000000000000000e+00,-1.000000000000000000e+00,-1.000000000000000000e+00,-1.000000000000000000e+00,-1.000000000000000000e+00,-1.000000000000000000e+00,-1.000000000000000000e+00,-1.000000000000000000e+00,-1.000000000000000000e+00,-1.000000000000000000e+00,-1.000000000000000000e+00,-1.000000000000000000e+00,-1.000000000000000000e+00,-1.000000000000000000e+00,-1.000000000000000000e+00,-1.000000000000000000e+00,-1.000000000000000000e+00,-1.000000000000000000e+00,-1.000000000000000000e+00,-1.000000000000000000e+00,-1.000000000000000000e+00,-1.000000000000000000e+00,-1.000000000000000000e+00,-1.000000000000000000e+00,-1.000000000000000000e+00,-1.000000000000000000e+00,-1.000000000000000000e+00,-1.000000000000000000e+00,-1.000000000000000000e+00,-1.000000000000000000e+00,-1.000000000000000000e+00,-1.000000000000000000e+00,-1.000000000000000000e+00,-1.000000000000000000e+00,-1.000000000000000000e+00,-1.000000000000000000e+00,-1.000000000000000000e+00,-1.000000000000000000e+00,-1.000000000000000000e+00,-1.000000000000000000e+00,-1.000000000000000000e+00,-1.000000000000000000e+00,-1.000000000000000000e+00,-1.000000000000000000e+00,-1.000000000000000000e+00,-1.000000000000000000e+00,-1.000000000000000000e+00,-1.000000000000000000e+00,-1.000000000000000000e+00,-1.000000000000000000e+00,-1.000000000000000000e+00,-1.000000000000000000e+00,-1.000000000000000000e+00,-1.000000000000000000e+00
-1.000000000000000000e+00,-1.000000000000000000e+00,-1.000000000000000000e+00,-1.000000000000000000e+00,-1.000000000000000000e+00,-1.000000000000000000e+00,-1.000000000000000000e+00,-1.000000000000000000e+00,-1.000000000000000000e+00,-1.000000000000000000e+00,-1.000000000000000000e+00,-1.000000000000000000e+00,-1.000000000000000000e+00,-1.000000000000000000e+00,-1.000000000000000000e+00,-1.000000000000000000e+00,-1.000000000000000000e+00,-1.000000000000000000e+00,-1.000000000000000000e+00,-1.000000000000000000e+00,-1.000000000000000000e+00,-1.000000000000000000e+00,-1.000000000000000000e+00,-1.000000000000000000e+00,-1.000000000000000000e+00,-1.000000000000000000e+00,-1.000000000000000000e+00,-1.000000000000000000e+00,-1.000000000000000000e+00,-1.000000000000000000e+00,-1.000000000000000000e+00,-1.000000000000000000e+00,-1.000000000000000000e+00,-1.000000000000000000e+00,-1.000000000000000000e+00,-1.000000000000000000e+00,-1.000000000000000000e+00,-1.000000000000000000e+00,-1.000000000000000000e+00,-1.000000000000000000e+00,-1.000000000000000000e+00,-1.000000000000000000e+00,-1.000000000000000000e+00,-1.000000000000000000e+00,-1.000000000000000000e+00,-1.000000000000000000e+00,-1.000000000000000000e+00,-1.000000000000000000e+00,-1.000000000000000000e+00,-1.000000000000000000e+00,-1.000000000000000000e+00,-1.000000000000000000e+00,-1.000000000000000000e+00,-1.000000000000000000e+00,-1.748935308674203437e+00,-1.748967714959216213e+00,-1.749064866558761366e+00,-1.749226506862733954e+00,-1.749452021927361045e+00,-1.749740014281277123e+00,-1.750087348843804680e+00,-1.750487106119908320e+00,-1.750924340326210471e+00,-1.751367600609172070e+00,-1.751752582746901599e+00,-1.751951728338302372e+00,-1.751719719901719596e+00,-1.750599310312277668e+00,-1.747764679056390991e+00,-1.741771121047494209e+00,-1.730172777656161953e+00,-1.708971551008137579e+00,-1.671889933694371333e+00,-1.609568443665995829e+00,-1.509094007840035001e+00,-1.355020152147879742e+00,-1.134645671028400971e+00,-8.528570650422878652e-01,-5.619760819080461545e-01,-3.883393598348909848e-01,-3.883393570346698187e-01,-5.619760736524128664e-01,-8.528570518887832463e-01,-1.134645652958306439e+00,-1.355020129041184074e+00,-1.509093979511558103e+00,-1.609568409933203270e+00,-1.671889894462990522e+00,-1.708971506287478181e+00,-1.730172727480252304e+00,-1.741771065354377868e+00,-1.747764617626888395e+00,-1.750599242826459179e+00,-1.751719646090295956e+00,-1.751951648173337706e+00,-1.751752496553638849e+00,-1.751367508973691312e+00,-1.750924243794919066e+00,-1.750487005064704338e+00,-1.750087243744771204e+00,-1.749739905929442951e+00,-1.749451911676648930e+00,-1.749226395822310653e+00,-1.749064757472532872e+00,-1.748967608814534502e+00,-1.748935205021845629e+00,-1.000000000000000000e+00,-1.000000000000000000e+00,-1.000000000000000000e+00,-1.000000000000000000e+00,-1.000000000000000000e+00,-1.000000000000000000e+00,-1.000000000000000000e+00,-1.000000000000000000e+00,-1.000000000000000000e+00,-1.000000000000000000e+00,-1.000000000000000000e+00,-1.000000000000000000e+00,-1.000000000000000000e+00,-1.000000000000000000e+00,-1.000000000000000000e+00,-1.000000000000000000e+00,-1.000000000000000000e+00,-1.000000000000000000e+00,-1.000000000000000000e+00,-1.000000000000000000e+00,-1.000000000000000000e+00,-1.000000000000000000e+00,-1.000000000000000000e+00,-1.000000000000000000e+00,-1.000000000000000000e+00,-1.000000000000000000e+00,-1.000000000000000000e+00,-1.000000000000000000e+00,-1.000000000000000000e+00,-1.000000000000000000e+00,-1.000000000000000000e+00,-1.000000000000000000e+00,-1.000000000000000000e+00,-1.000000000000000000e+00,-1.000000000000000000e+00,-1.000000000000000000e+00,-1.000000000000000000e+00,-1.000000000000000000e+00,-1.000000000000000000e+00,-1.000000000000000000e+00,-1.000000000000000000e+00,-1.000000000000000000e+00,-1.000000000000000000e+00,-1.000000000000000000e+00,-1.000000000000000000e+00,-1.000000000000000000e+00,-1.000000000000000000e+00,-1.000000000000000000e+00,-1.000000000000000000e+00,-1.000000000000000000e+00,-1.000000000000000000e+00,-1.000000000000000000e+00,-1.000000000000000000e+00,-1.000000000000000000e+00
-1.000000000000000000e+00,-1.000000000000000000e+00,-1.000000000000000000e+00,-1.000000000000000000e+00,-1.000000000000000000e+00,-1.000000000000000000e+00,-1.000000000000000000e+00,-1.000000000000000000e+00,-1.000000000000000000e+00,-1.000000000000000000e+00,-1.000000000000000000e+00,-1.000000000000000000e+00,-1.000000000000000000e+00,-1.000000000000000000e+00,-1.000000000000000000e+00,-1.000000000000000000e+00,-1.000000000000000000e+00,-1.000000000000000000e+00,-1.000000000000000000e+00,-1.000000000000000000e+00,-1.000000000000000000e+00,-1.000000000000000000e+00,-1.000000000000000000e+00,-1.000000000000000000e+00,-1.000000000000000000e+00,-1.000000000000000000e+00,-1.000000000000000000e+00,-1.000000000000000000e+00,-1.000000000000000000e+00,-1.000000000000000000e+00,-1.000000000000000000e+00,-1.000000000000000000e+00,-1.000000000000000000e+00,-1.000000000000000000e+00,-1.000000000000000000e+00,-1.000000000000000000e+00,-1.000000000000000000e+00,-1.000000000000000000e+00,-1.000000000000000000e+00,-1.000000000000000000e+00,-1.000000000000000000e+00,-1.000000000000000000e+00,-1.000000000000000000e+00,-1.000000000000000000e+00,-1.000000000000000000e+00,-1.000000000000000000e+00,-1.000000000000000000e+00,-1.000000000000000000e+00,-1.000000000000000000e+00,-1.000000000000000000e+00,-1.000000000000000000e+00,-1.000000000000000000e+00,-1.000000000000000000e+00,-1.000000000000000000e+00,-1.748789587741192975e+00,-1.748821993676875852e+00,-1.748919144131645620e+00,-1.749080783420528418e+00,-1.749306297110217567e+00,-1.749594287124331515e+00,-1.749941618967208345e+00,-1.750341373507877218e+00,-1.750778604992215381e+00,-1.751221862014124664e+00,-1.751606838441317482e+00,-1.751805971311050980e+00,-1.751573933750272261e+00,-1.750453460311184317e+00,-1.747618695764656893e+00,-1.741624871326244106e+00,-1.730026015687402552e+00,-1.708823839570052794e+00,-1.671740525423344836e+00,-1.609416118045724264e+00,-1.508936883042377941e+00,-1.354855554120688144e+00,-1.134470283759284159e+00,-8.526678375807563715e-01,-5.617725847888230817e-01,-3.881273187491111054e-01,-3.881273156979581085e-01,-5.617725758171949746e-01,-8.526678234497175879e-01,-1.134470264485750501e+00,-1.354855529701615824e+00,-1.508936853501237518e+00,-1.609416083444063617e+00,-1.671740485837724943e+00,-1.708823795043527882e+00,-1.730025966159181028e+00,-1.741624816575245704e+00,-1.747618635423405120e+00,-1.750453393971123761e+00,-1.751573861125599763e+00,-1.751805892384439289e+00,-1.751606753457305432e+00,-1.751221771261227023e+00,-1.750778508532498945e+00,-1.750341271223436523e+00,-1.749941511008979989e+00,-1.749594174170253869e+00,-1.749306180632200336e+00,-1.749080665319668437e+00,-1.748919026680849864e+00,-1.748821877147380466e+00,-1.748789470721381800e+00,-1.000000000000000000e+00,-1.000000000000000000e+00,-1.000000000000000000e+00,-1.000000000000000000e+00,-1.000000000000000000e+00,-1.000000000000000000e+00,-1.000000000000000000e+00,-1.000000000000000000e+00,-1.000000000000000000e+00,-1.000000000000000000e+00,-1.000000000000000000e+00,-1.000000000000000000e+00,-1.000000000000000000e+00,-1.000000000000000000e+00,-1.000000000000000000e+00,-1.000000000000000000e+00,-1.000000000000000000e+00,-1.000000000000000000e+00,-1.000000000000000000e+00,-1.000000000000000000e+00,-1.000000000000000000e+00,-1.000000000000000000e+00,-1.000000000000000000e+00,-1.000000000000000000e+00,-1.000000000000000000e+00,-1.000000000000000000e+00,-1.000000000000000000e+00,-1.000000000000000000e+00,-1.000000000000000000e+00,-1.000000000000000000e+00,-1.000000000000000000e+00,-1.000000000000000000e+00,-1.000000000000000000e+00,-1.000000000000000000e+00,-1.000000000000000000e+00,-1.000000000000000000e+00,-1.000000000000000000e+00,-1.000000000000000000e+00,-1.000000000000000000e+00,-1.000000000000000000e+00,-1.000000000000000000e+00,-1.000000000000000000e+00,-1.000000000000000000e+00,-1.000000000000000000e+00,-1.000000000000000000e+00,-1.000000000000000000e+00,-1.000000000000000000e+00,-1.000000000000000000e+00,-1.000000000000000000e+00,-1.000000000000000000e+00,-1.000000000000000000e+00,-1.000000000000000000e+00,-1.000000000000000000e+00,-1.000000000000000000e+00
-1.000000000000000000e+00,-1.000000000000000000e+00,-1.000000000000000000e+00,-1.000000000000000000e+00,-1.000000000000000000e+00,-1.000000000000000000e+00,-1.000000000000000000e+00,-1.000000000000000000e+00,-1.000000000000000000e+00,-1.000000000000000000e+00,-1.000000000000000000e+00,-1.000000000000000000e+00,-1.000000000000000000e+00,-1.000000000000000000e+00,-1.000000000000000000e+00,-1.000000000000000000e+00,-1.000000000000000000e+00,-1.000000000000000000e+00,-1.000000000000000000e+00,-1.000000000000000000e+00,-1.000000000000000000e+00,-1.000000000000000000e+00,-1.000000000000000000e+00,-1.000000000000000000e+00,-1.000000000000000000e+00,-1.000000000000000000e+00,-1.000000000000000000e+00,-1.000000000000000000e+00,-1.000000000000000000e+00,-1.000000000000000000e+00,-1.000000000000000000e+00,-1.000000000000000000e+00,-1.000000000000000000e+00,-1.000000000000000000e+00,-1.000000000000000000e+00,-1.000000000000000000e+00,-1.000000000000000000e+00,-1.000000000000000000e+00,-1.000000000000000000e+00,-1.000000000000000000e+00,-1.000000000000000000e+00,-1.000000000000000000e+00,-1.000000000000000000e+00,-1.000000000000000000e+00,-1.000000000000000000e+00,-1.000000000000000000e+00,-1.000000000000000000e+00,-1.000000000000000000e+00,-1.000000000000000000e+00,-1.000000000000000000e+00,-1.000000000000000000e+00,-1.000000000000000000e+00,-1.000000000000000000e+00,-1.000000000000000000e+00,-1.748702148972084647e+00,-1.748734555325099693e+00,-1.748831705253036883e+00,-1.748993343325786043e+00,-1.749218856208209161e+00,-1.749506845532847965e+00,-1.749854176378934811e+00,-1.750253929500769967e+00,-1.750691159167001132e+00,-1.751134413852032168e+00,-1.751519386551369406e+00,-1.751718511714870585e+00,-1.751486456795196656e+00,-1.750365945223784081e+00,-1.747531100857250497e+00,-1.741537116688337550e+00,-1.729937953848075693e+00,-1.708735208276838335e+00,-1.671650876389756402e+00,-1.609324719123554015e+00,-1.508842605305555029e+00,-1.354756793293142136e+00,-1.134365050321097357e+00,-8.525543008922952248e-01,-5.616504868688345642e-01,-3.880000947700210645e-01,-3.880000915084927948e-01,-5.616504773444319643e-01,-8.525542861277038975e-01,-1.134365030448854172e+00,-1.354756768518335930e+00,-1.508842575873211356e+00,-1.609324685271926070e+00,-1.671650838294360231e+00,-1.708735165968775505e+00,-1.729937907141917419e+00,-1.741537065186271604e+00,-1.747531044053256100e+00,-1.750365882658680095e+00,-1.751486388177514897e+00,-1.751718436933826784e+00,-1.751519305554208428e+00,-1.751134326436256661e+00,-1.750691064937551333e+00,-1.750253828185800220e+00,-1.749854068125030526e+00,-1.749506731215758837e+00,-1.749218737147028691e+00,-1.748993221601547576e+00,-1.748831581887984710e+00,-1.748734433249448106e+00,-1.748702026158387879e+00,-1.000000000000000000e+00,-1.000000000000000000e+00,-1.000000000000000000e+00,-1.000000000000000000e+00,-1.000000000000000000e+00,-1.000000000000000000e+00,-1.000000000000000000e+00,-1.000000000000000000e+00,-1.000000000000000000e+00,-1.000000000000000000e+00,-1.000000000000000000e+00,-1.000000000000000000e+00,-1.000000000000000000e+00,-1.000000000000000000e+00,-1.000000000000000000e+00,-1.000000000000000000e+00,-1.000000000000000000e+00,-1.000000000000000000e+00,-1.000000000000000000e+00,-1.000000000000000000e+00,-1.000000000000000000e+00,-1.000000000000000000e+00,-1.000000000000000000e+00,-1.000000000000000000e+00,-1.000000000000000000e+00,-1.000000000000000000e+00,-1.000000000000000000e+00,-1.000000000000000000e+00,-1.000000000000000000e+00,-1.000000000000000000e+00,-1.000000000000000000e+00,-1.000000000000000000e+00,-1.000000000000000000e+00,-1.000000000000000000e+00,-1.000000000000000000e+00,-1.000000000000000000e+00,-1.000000000000000000e+00,-1.000000000000000000e+00,-1.000000000000000000e+00,-1.000000000000000000e+00,-1.000000000000000000e+00,-1.000000000000000000e+00,-1.000000000000000000e+00,-1.000000000000000000e+00,-1.000000000000000000e+00,-1.000000000000000000e+00,-1.000000000000000000e+00,-1.000000000000000000e+00,-1.000000000000000000e+00,-1.000000000000000000e+00,-1.000000000000000000e+00,-1.000000000000000000e+00,-1.000000000000000000e+00,-1.000000000000000000e+00
-1.000000000000000000e+00,-1.000000000000000000e+00,-1.000000000000000000e+00,-1.000000000000000000e+00,-1.000000000000000000e+00,-1.000000000000000000e+00,-1.000000000000000000e+00,-1.000000000000000000e+00,-1.000000000000000000e+00,-1.000000000000000000e+00,-1.000000000000000000e+00,-1.000000000000000000e+00,-1.000000000000000000e+00,-1.000000000000000000e+00,-1.000000000000000000e+00,-1.000000000000000000e+00,-1.000000000000000000e+00,-1.000000000000000000e+00,-1.000000000000000000e+00,-1.000000000000000000e+00,-1.000000000000000000e+00,-1.000000000000000000e+00,-1.000000000000000000e+00,-1.000000000000000000e+00,-1.000000000000000000e+00,-1.000000000000000000e+00,-1.000000000000000000e+00,-1.000000000000000000e+00,-1.000000000000000000e+00,-1.000000000000000000e+00,-1.000000000000000000e+00,-1.000000000000000000e+00,-1.000000000000000000e+00,-1.000000000000000000e+00,-1.000000000000000000e+00,-1.000000000000000000e+00,-1.000000000000000000e+00,-1.000000000000000000e+00,-1.000000000000000000e+00,-1.000000000000000000e+00,-1.000000000000000000e+00,-1.000000000000000000e+00,-1.000000000000000000e+00,-1.000000000000000000e+00,-1.000000000000000000e+00,-1.000000000000000000e+00,-1.000000000000000000e+00,-1.000000000000000000e+00,-1.000000000000000000e+00,-1.000000000000000000e+00,-1.000000000000000000e+00,-1.000000000000000000e+00,-1.000000000000000000e+00,-1.000000000000000000e+00,-1.748673001503228575e+00,-1.748705408107481762e+00,-1.748802558689098507e+00,-1.748964197544660149e+00,-1.749189710928502617e+00,-1.749477700514845635e+00,-1.749825031182339785e+00,-1.750224783542276397e+00,-1.750662011878424851e+00,-1.751105264798087591e+00,-1.751490235293964970e+00,-1.751689357185406193e+00,-1.751457296074153902e+00,-1.750336771580676798e+00,-1.747501900488883653e+00,-1.741507863051263927e+00,-1.729908597988484287e+00,-1.708705663148535336e+00,-1.671620993079813600e+00,-1.609294254133237789e+00,-1.508811182735316780e+00,-1.354723878423047978e+00,-1.134329979351713202e+00,-8.525164620643479463e-01,-5.616097919956295481e-01,-3.879576872706721469e-01,-3.879576793782881783e-01,-5.616097700146127636e-01,-8.525164305325987346e-01,-1.134329942258177848e+00,-1.354723838801838554e+00,-1.508811142146625262e+00,-1.609294213035615595e+00,-1.671620951219572548e+00,-1.708705619814308907e+00,-1.729908552207878314e+00,-1.741507813781970615e+00,-1.747501846799790481e+00,-1.750336712776412229e+00,-1.751457231698312800e+00,-1.751689286867005535e+00,-1.751490158556712418e+00,-1.751105180967422070e+00,-1.750661920278197003e+00,-1.750224684095532890e+00,-1.749824924460656961e+00,-1.749477588068088396e+00,-1.749189594260880609e+00,-1.748964079292465446e+00,-1.748802437921184394e+00,-1.748705286871693021e+00,-1.748672879033679184e+00,-1.000000000000000000e+00,-1.000000000000000000e+00,-1.000000000000000000e+00,-1.000000000000000000e+00,-1.000000000000000000e+00,-1.000000000000000000e+00,-1.000000000000000000e+00,-1.000000000000000000e+00,-1.000000000000000000e+00,-1.000000000000000000e+00,-1.000000000000000000e+00,-1.000000000000000000e+00,-1.000000000000000000e+00,-1.000000000000000000e+00,-1.000000000000000000e+00,-1.000000000000000000e+00,-1.000000000000000000e+00,-1.000000000000000000e+00,-1.000000000000000000e+00,-1.000000000000000000e+00,-1.000000000000000000e+00,-1.000000000000000000e+00,-1.000000000000000000e+00,-1.000000000000000000e+00,-1.000000000000000000e+00,-1.000000000000000000e+00,-1.000000000000000000e+00,-1.000000000000000000e+00,-1.000000000000000000e+00,-1.000000000000000000e+00,-1.000000000000000000e+00,-1.000000000000000000e+00,-1.000000000000000000e+00,-1.000000000000000000e+00,-1.000000000000000000e+00,-1.000000000000000000e+00,-1.000000000000000000e+00,-1.000000000000000000e+00,-1.000000000000000000e+00,-1.000000000000000000e+00,-1.000000000000000000e+00,-1.000000000000000000e+00,-1.000000000000000000e+00,-1.000000000000000000e+00,-1.000000000000000000e+00,-1.000000000000000000e+00,-1.000000000000000000e+00,-1.000000000000000000e+00,-1.000000000000000000e+00,-1.000000000000000000e+00,-1.000000000000000000e+00,-1.000000000000000000e+00,-1.000000000000000000e+00,-1.000000000000000000e+00
