Model: 11_26_25_metacentric_relaxed_MCF10A_chr19_PMP1
Simulation: 11_26_25_metacentric_relaxed_MCF10A_chr19_PMP1_haspin_stripe
(SimID_300540363_2 (PDE Simulation)) 
Sim time range (0.0 500.0) (saved timepoints 51) 
Number of variables 46 
Variable names ['BUB1a', 'BUB1a_his', 'BUB1a_pKNL1', 'CPC_all', 'CPCa', 'CPCa_total', 'CPCi', 'CPCi_total', 'H2A', 'H3', 'H3_CPCa', 'H3_CPCi', 'HASPINa', 'HASPINi', 'KNL1', 'NDC80', 'NDC80_TTKa', 'NDC80_TTKi', 'NDC80_pTTKa', 'NDC80_pTTKi', 'PLK1a', 'PLK1i', 'SGO1', 'SGO1_CPCa', 'SGO1_CPCi', 'SGO1_ic', 'TIMEBOUNDS', 'TIMES', 'TTKa', 'TTKi', 'bound_CPC', 'bound_active_CPC', 'pH2A', 'pH2A_SGO1', 'pH2A_SGO1_CPCa', 'pH2A_SGO1_CPCi', 'pH3', 'pH3_CPCa', 'pH3_CPCi', 'pKNL1', 'pNDC80', 'pNDC80_TTKa', 'pNDC80_TTKi', 'pNDC80_pTTKa', 'pNDC80_pTTKi', 'pNDC80_total', 'pTTKa', 'pTTKi'] 
 
2D Slice for variable pH2A_SGO1_CPCa at time 260.0 in plane XY at Z = 0 
 
X in rows, Y in columns 
0.5384361618386122,0.5384365797236,0.5384378807156086,0.5384402251073099,0.5384439257375625,0.5384495480226014,0.5384580742708517,0.5384711890394468,0.5384917627363947,0.5385246766964714,0.5385782389784249,0.5386666126600355,0.5388139854931427,0.5390616554437568,0.5394797541359139,0.5401855491958879,0.5413685471541264,0.5433145631333152,0.5463977352775791,0.5509637696570824,0.5569872884127729,0.5634910276198499,0.5683510627522563,0.5713996402318716,0.5730942889384986,0.5738389568541472,0.5738389588598524,0.573094294804894,0.5713996496082505,0.5683510752171707,0.5634910427222194,0.5569873057369387,0.5509637888730654,0.5463977564287708,0.5433145865486754,0.5413685730377256,0.5401855777735008,0.5394797860969801,0.5390616915523162,0.5388140257968967,0.538666656604441,0.5385782855213194,0.5385247242887383,0.5384918104149142,0.5384712367134445,0.5384581218104669,0.5384495952727959,0.5384439714449267,0.5384402680089584,0.5384379216565468,0.5384366190532157,0.5384362017188121
0.5384361969624615,0.5384366149439404,0.538437916292356,0.5384402607023377,0.538443961132824,0.5384495833761284,0.5384581095654161,0.5384712239526642,0.5384917973806599,0.5385247109782553,0.5385782726171463,0.5386666455500839,0.5388140172746819,0.5390616855556507,0.5394797818229679,0.5401855731842856,0.541368565572056,0.5433145733815921,0.5463977340070096,0.5509637533774012,0.5569872548865291,0.5634909777482742,0.5683510012185861,0.5713995713363187,0.5730942158092003,0.5738388818518776,0.5738388839985475,0.5730942220386833,0.5713995811831023,0.5683510141262889,0.5634909930657724,0.5569872719454539,0.5509637715983489,0.54639775326301,0.543314594168941,0.541368588463487,0.5401855985694098,0.5394798105939782,0.5390617188439256,0.538814055291108,0.5386666879250865,0.5385783183616266,0.5385247580914913,0.5384918445578634,0.538471270718305,0.5384581558640518,0.5384496303302272,0.5384440077275963,0.5384403045678761,0.5384379576449932,0.5384366542887817,0.5384362371406592
0.5384363023492668,0.5384367200240117,0.5384380216402512,0.5384403665126523,0.5384440670290249,0.5384496892382853,0.5384582152584549,0.5384713287617154,0.5384919011961893,0.5385248135577027,0.5385783732720179,0.5386667437505199,0.5388141120469295,0.5390617753179844,0.5394798643473115,0.5401856448884232,0.5413686210717182,0.543314605124084,0.5463977322874746,0.5509637080270601,0.5569871593327732,0.5634908345149527,0.5683508239540286,0.5713993725628822,0.5730940045216956,0.5738386646455367,0.5738386664631681,0.5730940098303768,0.5713993811048627,0.5683508353942078,0.5634908483371555,0.5569871750920444,0.5509637253792471,0.5463977509168525,0.5433146252747164,0.5413686431257241,0.5401856686336238,0.5394798901506948,0.5390618044159176,0.5388141449655679,0.5386667808438828,0.538578414335321,0.5385248566762872,0.5384919449737742,0.5384713717818277,0.5384582565276731,0.5384497312464779,0.5384441100404992,0.5384404078770121,0.5384380609473057,0.5384367571147957,0.5384363402970094
0.538436476136433,0.5384368933898994,0.5384381946672958,0.538440539679114,0.538444240272155,0.538449862515658,0.5384583888937633,0.5384715022476613,0.5384920741318431,0.5385249856497971,0.5385785434093999,0.5386669105659982,0.5388142736068648,0.5390619285264954,0.53948000489281,0.5401857664291795,0.5413687143551266,0.5433146574746442,0.5463977277875244,0.5509636302367241,0.5569869979393957,0.5634905942796353,0.5683505277572516,0.5713990412366746,0.5730936529984242,0.5738383037326392,0.5738383051540633,0.5730936572199089,0.5713990482633579,0.5683505375204454,0.5634906064715512,0.5569870124470307,0.5509636470307275,0.5463977464715309,0.5433146779383327,0.541368736698724,0.5401857897994474,0.5394800286860388,0.5390619534654055,0.538814300261188,0.5386669398486297,0.5385785761070793,0.538525020955459,0.5384921116887139,0.5384715406026914,0.5384584260497599,0.5384499006400448,0.5384442800396184,0.5384405786757941,0.5384382318825535,0.5384369279680924,0.5384365110894287
0.5384367206404979,0.5384371378511468,0.5384384387847586,0.5384407837261896,0.5384444840919131,0.5384501057113292,0.5384586317981146,0.5384717445441358,0.5384923152438039,0.5385252253786038,0.5385787806911808,0.5386671437085494,0.5388145002301032,0.5390621445839042,0.5394802043418844,0.5401859402891682,0.5413688493754394,0.5433147354104759,0.5463977258386982,0.5509635249649097,0.5569867747173752,0.563490259912211,0.568350114587903,0.5713985786913129,0.5730931622387851,0.5738378000924926,0.5738378013088986,0.5730931659024315,0.5713985849345108,0.5683501234297698,0.5634902709850301,0.5569867877391401,0.5509635398064581,0.5463977421034385,0.5433147530411888,0.5413688689354815,0.5401859613639896,0.5394802259564307,0.5390621668753487,0.5388145236644865,0.5386671691758592,0.5385788091035812,0.5385252564888051,0.5384923490948964,0.5384717797431833,0.5384586661881867,0.5384501407045648,0.5384445201748421,0.5384408192963277,0.5384384722456433,0.5384371677287276,0.5384367499208141
0.5384370378516435,0.5384374552426836,0.5384387558426494,0.5384411007188471,0.5384448011040223,0.5384504221011343,0.5384589476582919,0.5384720595839747,0.5384926284559418,0.5385255362261661,0.538579087914947,0.5386674450661398,0.5388147926972509,0.5390624232148284,0.5394804615820866,0.5401861649195298,0.5413690247157494,0.5433148381870209,0.546397726730141,0.5509633936029054,0.5569864919049066,0.5634898340625301,0.5683495871996973,0.5713979875906247,0.5730925346968745,0.5738371559248355,0.5738371568613638,0.5730925375239755,0.5713979924474664,0.5683495941928078,0.5634898429495524,0.5569865023602766,0.5509634055216861,0.5463977398604031,0.5433148524921564,0.5413690411412512,0.5401861839051589,0.5394804821690672,0.5390624447229925,0.5388148151975226,0.5386674690612088,0.5385791140584926,0.5385255647819431,0.5384926595061461,0.5384720917175816,0.5384589793556815,0.5384504543452971,0.5384448340573365,0.5384411337365935,0.5384387865932846,0.5384374813300384,0.5384370618990908
0.5384374302057652,0.5384378478985359,0.538439148152542,0.5384414926417747,0.5384451930304642,0.5384508134590696,0.5384593384222045,0.5384724496998035,0.5384930167065403,0.5385259216704995,0.5385794690930571,0.5386678191721842,0.538815155847419,0.5390627692966535,0.5394807811794815,0.540186444183905,0.541369243278001,0.5433149676616725,0.5463977314000753,0.5509632364893455,0.5569861496422297,0.5634893170262112,0.5683489461998064,0.5713972688883554,0.5730917716443721,0.5738363728020133,0.5738363737075347,0.5730917743317915,0.5713972733382229,0.5683489524493041,0.5634893250115619,0.5569861591103148,0.5509632472540064,0.5463977431897062,0.543314980058913,0.5413692569128093,0.5401864602483971,0.5394807994413456,0.5390627888834174,0.5388151767314575,0.5386678414471809,0.538579492871677,0.5385259475657656,0.5384930447327683,0.5384724784172243,0.538459366951123,0.5384508424414318,0.5384452226133573,0.5384415229632346,0.5384391761708617,0.5384378708336413,0.5384374507619107
0.5384379010419919,0.5384383192644189,0.5384396195781505,0.5384419635227531,0.5384456637805091,0.5384512835076525,0.5384598074453594,0.5384729178417342,0.5384934827648816,0.5385263843349207,0.5385799267525201,0.5386682686577825,0.538815592571278,0.5390631861634552,0.5394811670608288,0.540186782588518,0.5413695100176964,0.5433151289881664,0.5463977448598603,0.5509630581753163,0.5569857518111329,0.5634887119923971,0.5683481942351877,0.571396424834397,0.573090875012747,0.5738354523841802,0.5738354533241731,0.5730908778203042,0.5713964294026904,0.5683482004613702,0.5634887198678505,0.5569857610922524,0.5509630684961677,0.5463977560273902,0.5433151403782296,0.541369521537009,0.5401867955562335,0.5394811821112322,0.5390632028826283,0.5388156113588889,0.538668289516053,0.5385799491834388,0.5385264088333617,0.5384935090567546,0.5384729445753375,0.5384598338102421,0.5384513091188747,0.5384456892703103,0.5384419899889928,0.5384396433232916,0.5384383374638343,0.5384379167544967
0.5384384540618713,0.5384388728535378,0.5384401736114187,0.5384425170891961,0.5384462173357286,0.5384518365970276,0.5384603593149326,0.5384734685794649,0.5384940312142613,0.5385269287556153,0.5385804652139363,0.5386687975641464,0.5388161065443362,0.5390636771085314,0.5394816222518942,0.5401871830341235,0.5413698279061381,0.5433153254198739,0.5463977707653388,0.5509628627069793,0.5569853026947278,0.5634880232452313,0.5683473354921368,0.5713954594947569,0.5730898487245825,0.5738343983803462,0.5738343990715067,0.5730898508717571,0.5713954630800638,0.5683473404240601,0.5634880296479384,0.556985310472798,0.5509628715247323,0.5463977807526241,0.5433153362832672,0.5413698389523934,0.5401871948644957,0.5394816355284731,0.5390636916219206,0.5388161230615639,0.5386688163432072,0.5385804857550889,0.5385269515303714,0.5384940557564686,0.5384734941240144,0.5384603849129334,0.5384518600495477,0.5384462396760313,0.5384425406355682,0.5384401944051479,0.5384388876235887,0.5384384648993573
0.5384390940857056,0.5384395133220449,0.5384408146829537,0.5384431576110308,0.538446857766683,0.5384524768514686,0.5384609984065796,0.538474106451028,0.5384946668316848,0.5385275600183173,0.5385810897980476,0.5386694114304782,0.5388167034325547,0.5390642477586022,0.5394821522043584,0.5401876506204911,0.5413702015345605,0.5433155609960836,0.5463978126652158,0.5509626532918916,0.5569848053684672,0.5634872539206255,0.5683463732733752,0.5713943763931022,0.5730886965582175,0.5738332148609012,0.5738332153079242,0.5730886980023397,0.5713943788427627,0.5683463766425866,0.5634872584967544,0.5569848113460157,0.5509626603832934,0.5463978210389601,0.5433155708249052,0.5413702121275901,0.5401876618912319,0.5394821644015231,0.539064260575727,0.5388167175607005,0.5386694272012172,0.5385811071138222,0.5385275795236385,0.5384946880250678,0.5384741297084524,0.538461023118456,0.5384524990245354,0.538446878046935,0.5384431789501368,0.5384408338310419,0.5384395273538473,0.5384391032084631
0.5384398265152058,0.5384402461641105,0.5384415483989172,0.5384438907855988,0.538447590571393,0.5384532095182838,0.5384617298816443,0.5384748365022051,0.5384953946317381,0.5385282832543334,0.5385818057575772,0.5386701157054465,0.5388173889593408,0.5390649041198421,0.5394827632411847,0.5401881919454549,0.5413706376054606,0.5433158422935942,0.5463978767623237,0.5509624355500694,0.5569842647860634,0.5634864084032895,0.568345311606986,0.571393179386001,0.5730874223201401,0.5738319056872939,0.573831906106427,0.5730874236647004,0.5713931816157042,0.5683453144990301,0.5634864121381814,0.5569842697342547,0.550962441483601,0.5463978835402034,0.5433158501961,0.5413706463470057,0.540188201342905,0.5394827733630729,0.539064914721786,0.538817400506963,0.5386701282868914,0.5385818196234418,0.538528299122778,0.5384954117802275,0.5384748563366956,0.5384617525484917,0.5384532302555033,0.5384476092188039,0.53844390950912,0.5384415650071749,0.5384402597914237,0.5384398363823584
0.5384406574095292,0.5384410773902715,0.5384423807811591,0.5384447229530424,0.5384484222913126,0.5384540411653425,0.5384625603521837,0.5384756652539096,0.5384962209966856,0.5385291048162564,0.5385826193939105,0.5386709166463318,0.5388181693883284,0.5390656524512668,0.5394834616748206,0.5401888134778114,0.5413711427918488,0.5433161761726516,0.5463979700048882,0.5509622163340251,0.5569836874879707,0.5634854927816095,0.5683441561666311,0.5713918738323285,0.5730860311430639,0.5738304757975737,0.5738304762282914,0.5730860325247028,0.5713918761674646,0.5683441591551259,0.5634854962830871,0.5569836917927532,0.5509622214349976,0.5463979755986413,0.543316182301852,0.5413711494107005,0.5401888205506086,0.5394834692567293,0.5390656604863225,0.5388181782146292,0.5386709260719793,0.5385826298752001,0.5385291171077263,0.5384962341415503,0.538475681047719,0.5384625793852943,0.5384540591479521,0.538448438991991,0.5384447389142883,0.5384423941274739,0.5384410896550889,0.5384406679971141
0.5384415939976985,0.5384420141084636,0.5384433187038737,0.538445661030023,0.5384493599874347,0.538454978976742,0.5384634972423525,0.5384766002822479,0.5384971535256275,0.5385300323919336,0.5385835384607863,0.5386718220389503,0.538819052570045,0.5390665006120319,0.5394842553120169,0.5401895229633555,0.5413717247662777,0.5433165702188253,0.5463980998728478,0.5509620029812062,0.5569830806116642,0.5634845139509345,0.5683429136331127,0.5713904662336813,0.5730845294052158,0.5738289315034371,0.5738289319286132,0.5730845307161421,0.5713904684509035,0.5683429165482905,0.5634845172210985,0.5569830842684905,0.5509620072064888,0.5463981044930818,0.5433165750079523,0.5413717296191982,0.5401895279491942,0.5394842605312358,0.5390665061940791,0.5388190588572344,0.5386718287249205,0.5385835459568364,0.5385300413483112,0.5384971631022268,0.5384766122595009,0.5384635119247171,0.5384549929549277,0.5384493738138175,0.5384456740407988,0.538443328843417,0.5384420241866275,0.5384416038166514
0.5384426447183104,0.5384430648136285,0.5384443705746687,0.538446713391994,0.5384504120398178,0.5384560312877185,0.5384645490157619,0.5384776502172156,0.538498200894576,0.5385310747571865,0.538584571835238,0.5386728408062258,0.538820047522793,0.5390674577277057,0.5394851533580235,0.5401903296766715,0.5413723928274329,0.5433170336678427,0.5463982754268557,0.5509618042725439,0.5569824526014749,0.563483480043953,0.5683415919379754,0.5713889643757079,0.5730829247513636,0.57382728033661,0.5738272807214321,0.5730829258179813,0.5713889660427861,0.5683415941745247,0.5634834826077401,0.5569824553185524,0.5509618073024328,0.5463982787946196,0.5433170370600464,0.5413723959916116,0.5401903326948982,0.5394851563898178,0.5390674609919937,0.5388200514146584,0.5386728452505501,0.5385845770983171,0.5385310810467151,0.5384982076829661,0.5384776592531617,0.5384645600494167,0.5384560415468093,0.5384504226334803,0.5384467231449086,0.5384443777576261,0.5384430723863826,0.5384426523907987
0.5384438192976456,0.538444239293305,0.5384455461746578,0.5384478899108013,0.5384515884722662,0.5384572081416695,0.5384657258328763,0.5384788254303151,0.5384993735720458,0.5385322425075401,0.5385857302650109,0.5386739837482302,0.538821165070583,0.5390685346277788,0.5394861666078343,0.5401912443844114,0.5413731577236854,0.5433175772274991,0.5463985072580378,0.5509616305621907,0.5569818134743422,0.5634824007453753,0.5683402005870898,0.5713873777248858,0.5730812266470756,0.5738255317045768,0.5738255319286043,0.573081227171377,0.5713873783907076,0.568340201490964,0.563482401910575,0.5569818147656548,0.5509616320499764,0.5463985090644455,0.5433175791001948,0.5413731593290261,0.5401912457325643,0.5394861678602625,0.5390685358762554,0.5388211665414043,0.5386739858555296,0.5385857334459514,0.5385322464993044,0.5384993779987343,0.5384788318239135,0.5384657337565676,0.5384572155825653,0.5384515962638472,0.5384478965135542,0.5384455509513247,0.5384442447897064,0.5384438244916582
0.5384451292628487,0.5384455490925459,0.5384468569889338,0.538449202103438,0.5384529010032868,0.5384585213485346,0.5384670396287469,0.5384801381185522,0.5385006839294517,0.5385335482032224,0.538587026594444,0.5386752639462703,0.5388224184864667,0.5390697447241588,0.5394873084984958,0.5401922804546554,0.5413740326831391,0.5433182139272849,0.54639880813789,0.5509614942834372,0.5569811752432744,0.5634812876305155,0.5683387508435821,0.5713857174150243,0.5730794462797294,0.5738236969270346,0.5738236969580994,0.5730794462803013,0.5713857172335689,0.5683387504946492,0.5634812872301317,0.556981174870399,0.5509614940940538,0.5463988082936132,0.5433182142383687,0.5413740327713037,0.5401922802057477,0.539487308124512,0.5390697441985519,0.5388224176049236,0.5386752634623385,0.5385870274158007,0.538533550051991,0.5385006864491673,0.538480141995683,0.5384670444842546,0.5384585264706724,0.5384529065043077,0.5384492059838425,0.5384468600139712,0.5384455531513775,0.5384451320965089
0.5384465884785651,0.5384470081417482,0.5384483169693381,0.538450663950697,0.5384543638500778,0.5384599852932171,0.5384685049202002,0.5384816030754094,0.5385021469622936,0.5385350069832782,0.5385884762019502,0.538676697030139,0.5388238236531403,0.5390711041662187,0.5394885953832778,0.5401934543519633,0.5413750341661724,0.5433189600801449,0.546399194083769,0.5509614110321388,0.5569805530159054,0.5634801553273509,0.5683372569412091,0.5713839973611725,0.5730775973770424,0.5738217897188356,0.5738217895976552,0.573077597016711,0.5713839966753989,0.568337255761649,0.5634801536265456,0.5569805510207674,0.5509614091070764,0.5463991924783566,0.5433189587074265,0.5413750326676768,0.5401934524137981,0.5394885932482381,0.5390711019116954,0.5388238207005794,0.5386766940922069,0.5385884744834153,0.5385350066782625,0.5385021480037119,0.5384816048330803,0.5384685068779193,0.5384599882731977,0.5384543672961333,0.5384506656049427,0.5384483189162151,0.5384470113629757,0.5384465891951296
0.5384482137670582,0.53844863335371,0.5384499431422757,0.5384522925493752,0.5384559944080812,0.53846161768588,0.5384701396640095,0.5384832386601305,0.5385037814123285,0.5385366378493238,0.5385900983712808,0.5386783025431179,0.5388254003280665,0.5390726329261727,0.5394900474106039,0.5401947863461714,0.5413761824991946,0.543319835954755,0.5463996851300984,0.5509614004071706,0.556979965842662,0.5634790223984495,0.5683357371344694,0.5713822355954666,0.5730756977707052,0.5738198277922653,0.5738198275456304,0.5730756970731102,0.5713822344407185,0.5683357353335255,0.5634790197907799,0.5569799625861781,0.5509613968746047,0.546399681613001,0.5433198326096386,0.541376179250765,0.5401947827309874,0.5394900434891272,0.5390726289220162,0.5388253955902842,0.5386782975632121,0.5385900941768436,0.5385366351381773,0.5385037808049136,0.5384832384238293,0.5384701389938169,0.5384616185983022,0.5384559957777527,0.5384522923320477,0.5384499446046114,0.5384486364113756,0.5384482131357123
0.5384500259894327,0.5384504456979683,0.5384517566814715,0.5384541091982264,0.538457814304713,0.5384634405834369,0.5384719662660218,0.5384850677744725,0.5385056107464046,0.5385384647299185,0.5385919174950132,0.5386801053204509,0.5388271737032699,0.5390743564979765,0.5394916902856538,0.5401963022390524,0.541377503484476,0.5433208672617833,0.5464003067637564,0.5509614874612462,0.5569794381407707,0.5634779126111675,0.5683342147620992,0.5713804552350967,0.5730737704475019,0.5738178340626098,0.5738178337676324,0.5730737695398521,0.5713804536893633,0.5683342125038694,0.5634779095072902,0.5569794341960261,0.5509614828170117,0.5464003015647069,0.5433208618514141,0.5413774982554111,0.5401962968331249,0.5394916844979614,0.5390743505653388,0.5388271671792608,0.5386800986345186,0.5385919112239592,0.538538459679606,0.5385056081720603,0.5384850654003707,0.538471963210199,0.5384634395035625,0.5384578134636439,0.5384541071156232,0.5384517576517713,0.538450448820895,0.5384500248344285
0.5384520515232571,0.5384524716737483,0.5384537844039557,0.5384561409924792,0.5384598510912604,0.538465482175058,0.5384740134760133,0.5384871198117196,0.5385076650958242,0.5385405183895843,0.5385939649382198,0.5386821373170777,0.5388291762381003,0.5390763077791569,0.5394935572473533,0.5401980354532467,0.5413790305522758,0.5433220872810439,0.5464010919908813,0.5509617047843849,0.556979001905255,0.5634768572725876,0.5683327205641938,0.5713786866454642,0.5730718455421754,0.5738158385058515,0.5738158382080478,0.5730718445442069,0.5713786848304239,0.5683327179141976,0.563476853737245,0.5569789974567471,0.5509616994356423,0.5464010857061903,0.5433220803117708,0.5413790235263635,0.5401980282777565,0.5394935496149155,0.5390762998409482,0.5388291678006601,0.5386821289588041,0.538593956936972,0.5385405113578822,0.53850766046409,0.538487115160063,0.538474008203926,0.538465479166405,0.5384598480263273,0.538456136986641,0.5384537843359151,0.5384524743288933,0.5384520499939889
0.538454324325007,0.538454745362334,0.5384560607925636,0.5384584228625751,0.5384621403251845,0.5384677789324656,0.5384763186872993,0.5384894331495526,0.538509983941563,0.5385428393005972,0.5385962820481989,0.5386844406861,0.5388314507490229,0.5390785301199114,0.5394956920586996,0.5402000300022757,0.541380807758097,0.5433235398703625,0.5464020842667386,0.5509620952899195,0.5569786994114942,0.563475897989501,0.5683312955752464,0.571376970442795,0.5730699634191931,0.5738138813220849,0.5738138809420817,0.57306996220886,0.5713769683115212,0.5683312924826739,0.5634758938647151,0.5569786942429779,0.5509620891891643,0.5464020772461834,0.5433235319873443,0.5413807994970045,0.5402000214348944,0.5394956829520003,0.5390785205376993,0.5388314405911926,0.5386844306080865,0.5385962723054458,0.5385428303887704,0.5385099771382693,0.5384894261449409,0.5384763113496851,0.5384677740590574,0.5384621352736226,0.538458417216667,0.5384560592489402,0.5384547467633136,0.5384543220519049
0.5384568888964989,0.5384573114284856,0.5384586310624472,0.5384610007381286,0.5384647288201617,0.5384703788940147,0.5384789312632516,0.5384920585494782,0.5385126196182477,0.5385454813151719,0.5385989240338873,0.5386870718612549,0.5388340546768087,0.539081081717825,0.5394981534360558,0.5402023448827156,0.5413828941390171,0.5433252838365419,0.5464033418904392,0.5509627165535849,0.5569785874046168,0.5634750906915507,0.5683299950274329,0.5713753613132321,0.573068178442698,0.5738120167893846,0.5738120162701261,0.5730681769113484,0.571375358787895,0.5683299914459448,0.5634750859155142,0.5569785813725951,0.5509627094814604,0.5464033340344481,0.5433252752521396,0.5413828850428687,0.540202335308881,0.5394981432548517,0.5390810710045143,0.5388340433487901,0.5386870603846756,0.5385989126528992,0.5385454705342558,0.5385126105145365,0.5384920492396456,0.5384789220695215,0.5384703721813627,0.5384647220325796,0.5384609938751144,0.5384586278918414,0.5384573110347212,0.538456885488535
0.5384598043405663,0.5384602291969934,0.5384615553132986,0.5384639358813199,0.5384676792506496,0.5384733465402068,0.5384819176619305,0.5384950644866913,0.5385156427809732,0.5385485172502972,0.5386019656750677,0.5386901073855671,0.5388370660487781,0.5390840417341618,0.5395010212952926,0.5402050603665981,0.541385369953069,0.5433273990837463,0.5464049440963238,0.5509636468854646,0.55697874314437,0.5634745116243812,0.5683288942830071,0.571373933860553,0.5730665646417061,0.5738103186938436,0.5738103180908367,0.5730665628656919,0.5713739309150428,0.5683288901165983,0.5634745061683984,0.5569787363221302,0.550963638870154,0.5464049353118027,0.5433273897579539,0.5413853601522598,0.5402050499758692,0.5395010101945957,0.5390840301095516,0.5388370539847859,0.538690095054268,0.5386019531396337,0.5385485049090398,0.5385156314625774,0.5384950530542101,0.5384819068186466,0.5384733379150584,0.5384676707979369,0.5384639280690057,0.5384615505023643,0.5384602268148391,0.5384597996237394
0.5384631501120867,0.538463578427855,0.5384649143477275,0.5384673108040328,0.538471076289514,0.5384767692540209,0.5384853683120705,0.5384985444917988,0.538519150168784,0.5385520470107857,0.5386055097501946,0.5386936525567233,0.5388405922553718,0.5390875191581864,0.5395044056999481,0.540208287025251,0.5413883457205111,0.5433299955801637,0.5464069998822176,0.5509649940005449,0.5569792729101574,0.5634742656882857,0.568328097053869,0.571372790831244,0.5730652239985579,0.5738088885465641,0.5738088879128717,0.5730652220609828,0.5713727874791201,0.5683280922502274,0.5634742595212165,0.55697926539136,0.5509649852097355,0.5464069902236082,0.5433299854402144,0.5413883351804037,0.5402082758937168,0.5395043937848528,0.5390875066919185,0.5388405795848328,0.5386936396543632,0.53860549647354,0.5385520335177985,0.5385191369209422,0.5384985312443521,0.5384853560553192,0.5384767587167688,0.5384710662634528,0.5384673022720832,0.5384649080660405,0.5384635742167968,0.5384631441619636
0.5384670341449083,0.5384674675390305,0.5384688181078959,0.5384712379618458,0.5384750356055277,0.5384807666577369,0.538489407357368,0.5385026274030187,0.5385232754005806,0.5385562089196453,0.5386096988861832,0.5386978537360342,0.5388447826969402,0.539091665641238,0.5395084597517493,0.5402121786009538,0.5413919750365114,0.5433332260713135,0.5464096605908381,0.5509669074659079,0.5569803243059752,0.5634744985220165,0.5683277471485889,0.5713720745503004,0.573064297798017,0.5738078670344214,0.573807866356728,0.5730642957122678,0.5713720709146204,0.5683277418850168,0.563474491722178,0.5569803160856664,0.5509668979397958,0.5464096500945295,0.5433332150212723,0.5413919635815286,0.5402121666559685,0.53950844713249,0.5390916525066738,0.5388447695284903,0.5386978403429379,0.5386096850185571,0.5385561945482613,0.5385232605979169,0.5385026127707844,0.5384893940149121,0.5384807543832644,0.538475024180988,0.5384712288915854,0.5384688106398537,0.5384674619228004,0.5384670272461022
0.5384716041161811,0.5384720449667066,0.5384734173349345,0.5384758719035678,0.5384797166615769,0.5384855041220025,0.538494206885765,0.5385074923476231,0.5385282047053377,0.5385611961424925,0.5386147326243613,0.5387029159961094,0.5388498469240686,0.53909669399351,0.5395133982622873,0.5402169506717961,0.5413964730827137,0.5433373043199847,0.5464131377896867,0.5509695962102799,0.5569821034998063,0.5634754135842487,0.5683280453464875,0.5713719834383173,0.5730639827783367,0.5738074500380156,0.5738074492682325,0.5730639804794928,0.571371979574734,0.5683280398022711,0.5634754063095381,0.5569820946498947,0.5509695860334741,0.5464131265867846,0.5433372924101966,0.5413964606038297,0.5402169377490167,0.5395133848922269,0.5390966802891509,0.5388498333786609,0.5387029022055022,0.5386147182435251,0.5385611810586072,0.5385281887153199,0.5385074767685057,0.5384941927904581,0.5384854903765793,0.5384797039931062,0.5384758623056677,0.5384734089109968,0.5384720384207604,0.5384715966778172
0.5384770632843441,0.5384775151111472,0.5384789198439757,0.5384814261145817,0.5384853404088883,0.5384912115352649,0.5385000068896506,0.5385133899635457,0.5385341994138622,0.5385672803651727,0.5386208921385891,0.5387091286977398,0.5388560808712709,0.5391029048675416,0.53951952466444,0.5402229075676781,0.5414021433626264,0.543342531519006,0.5464177292197587,0.5509733538542974,0.5569848998547501,0.5634772961856831,0.5683292730123859,0.5713727953077381,0.5730645540940429,0.5738079113579525,0.5738079105059891,0.5730645515708509,0.5713727911523894,0.5683292671583395,0.5634772885358694,0.5569848905479169,0.5509733431793443,0.5464177174555102,0.5433425189100424,0.5414021300066674,0.5402228937596204,0.5395195105858922,0.5391028906120081,0.5388560669338565,0.5387091145044127,0.5386208772256003,0.5385672645912732,0.5385341824751678,0.5385133737465041,0.538499992315364,0.5384911967110088,0.5384853267804652,0.538481416022796,0.5384789107099144,0.5384775080439904,0.5384770556999812
0.53848369268571,0.5384841607680603,0.5384856135877553,0.5384881969988785,0.5384922144784179,0.5384982099776819,0.5385071436088887,0.5385206725271281,0.5385416279158174,0.5385748455230976,0.5386285755908061,0.538716902237424,0.5388639046826116,0.5391107253029247,0.5395272698911374,0.5402304811882606,0.5414094161120431,0.543349334074174,0.5464238558742497,0.5509785950560926,0.5569891214392911,0.5634805480375846,0.568331825696516,0.5713749002356,0.5730663976757191,0.5738096347112963,0.5738096338663327,0.5730663950856233,0.5713748958396982,0.568331819496849,0.5634805400502322,0.556989111791495,0.550978583950305,0.5464238435728463,0.5433493208519221,0.5414094020946113,0.5402304668003025,0.5395272553861972,0.5391107106612818,0.538863890358754,0.5387168876105113,0.5386285601152984,0.5385748290575745,0.5385416102095538,0.5385206558535007,0.5385071287162533,0.5384981945135916,0.5384922003016709,0.5384881865489095,0.5384856040464464,0.5384841535131657,0.5384836852317946
0.5384918819568709,0.5384923742675735,0.5384938987604743,0.5384965975047629,0.5385007687928265,0.5385069496977312,0.5385160901235913,0.5385298372847012,0.5385510117235891,0.5385844364485323,0.5386383491024244,0.5387268209962205,0.5388739172084449,0.539120764284878,0.5395372484820412,0.5402402871199493,0.5414189038693171,0.5433583181199915,0.5464321151375017,0.5509859072324303,0.5569953454498361,0.5634857364139548,0.5683362609750632,0.5713788472486733,0.5730700561382887,0.5738131591970395,0.573813158355857,0.5730700535001623,0.5713788426725731,0.5683362545029482,0.5634857281696265,0.5569953355639159,0.5509858958169258,0.5464321024351838,0.5433583044096726,0.5414188893122595,0.540240272309627,0.539537233764562,0.5391207494975658,0.5388739026662384,0.5387268060961405,0.5386383332487189,0.5385844194840899,0.5385509935315804,0.538529820284738,0.5385160749138387,0.5385069338789416,0.5385007543682717,0.5384965867576714,0.538493889048858,0.5384923670627393,0.5384918748126015
0.5385021722980049,0.5385027008575887,0.5385043325075686,0.5385072040265394,0.538511605417707,0.5385180635357586,0.5385275137931022,0.5385415881531269,0.5385630914673315,0.5385968289452729,0.5386510204670673,0.5387397200768018,0.5388869750208386,0.5391338932104008,0.5395503396675537,0.5402532055733836,0.5414314815946437,0.5433703482105124,0.5464433574977231,0.5509961249488459,0.5570043902679992,0.5634936640353944,0.5683433662291371,0.5713854102281463,0.5730762934031068,0.5738192434368339,0.5738192425040567,0.5730762905698781,0.5713854054743157,0.5683433596187397,0.5634936556629373,0.5570043802411471,0.5509961133624822,0.5464433445992174,0.5433703342281464,0.5414314666935764,0.5402531904924568,0.5395503248703643,0.5391338784569456,0.5388869604378117,0.5387397051173155,0.5386510045084885,0.5385968117843071,0.5385630731585856,0.5385415710080028,0.5385274982764277,0.5385180476000303,0.5385115909750531,0.5385071929802568,0.538504322755536,0.5385026938007037,0.5385021655426486
0.5385153162241892,0.5385158991560336,0.5385176914509879,0.5385208222589295,0.5385255688431602,0.5385324425331975,0.5385423578363969,0.5385569236367774,0.538578921229301,0.5386131302959886,0.5386677452524968,0.5387567961266951,0.538904306850896,0.5391513626581629,0.5395678050853808,0.5402704986826661,0.5414484023801868,0.5433866605825132,0.5464587967730852,0.5510104367107493,0.5570174186905213,0.5635054688765766,0.5683542551853135,0.571395681492521,0.5730861859650359,0.5738289556511101,0.5738289546422564,0.5730861829956565,0.5713956766721964,0.56835424856326,0.5635054604766904,0.5570174086084412,0.5510104250465553,0.5464587837679324,0.5433866464653716,0.5414483874019154,0.5402704836242066,0.5395677904064989,0.5391513480864281,0.5389042923435317,0.5387567812567394,0.5386677294194403,0.5386131132440817,0.5385789032076415,0.5385569066295338,0.5385423421782033,0.5385324268208708,0.5385255546719975,0.5385208109663733,0.5385176817418357,0.5385158922306612,0.5385153097865287
0.5385323602500253,0.5385330249049973,0.5385350586009678,0.5385385792156068,0.5385438448080054,0.5385513429430628,0.5385619574995734,0.5385772626623598,0.5386000040917546,0.5386349240974251,0.538690180024739,0.5387797676180386,0.5389276792536026,0.5391749715638093,0.5395914594892708,0.5402939807331495,0.541471465272061,0.5434090269965561,0.5464801689460026,0.5510305382585362,0.5570360855525055,0.5635227663456648,0.5683705050649297,0.5714112046905331,0.5731012525283312,0.5738438013215835,0.5738438003225633,0.5731012495789574,0.5714111998892942,0.5683704984616422,0.5635227580015326,0.5570360756015283,0.5510305267409522,0.5464801559780881,0.5434090128312209,0.5414714503750082,0.5402939658956395,0.53959144509421,0.5391749573428745,0.5389276649893692,0.5387797530188555,0.5386901645604248,0.5386349074830475,0.5385999867617169,0.5385772460957677,0.5385619419186428,0.5385513277860297,0.5385438311871683,0.5385385678041882,0.5385350490623202,0.5385330181343349,0.5385323540153145
0.5385547591453571,0.5385555468157305,0.5385579439080869,0.5385620514347943,0.5385680987608044,0.5385765370919334,0.5385882048742449,0.538604624214223,0.538628486699892,0.5386644791014551,0.5387207040922714,0.5388111074336607,0.5389596373797236,0.5392073131426594,0.5396239186985837,0.540326265159273,0.5415032585737963,0.5434399919871457,0.5465099616782542,0.5510588534563734,0.5570627497155566,0.5635478525255101,0.56839435156795,0.571434162919994,0.573123637337929,0.5738659040316496,0.5738659030535348,0.5731236344157649,0.5714341581314909,0.5683943450188763,0.5635478443367395,0.5570627400246557,0.5510588422474683,0.5465099489509967,0.5434399779931688,0.5415032439669891,0.5403262507202219,0.5396239047662864,0.5392072994734235,0.5389596235269364,0.5388110932267183,0.5387206891587933,0.5386644632100958,0.5386284704202755,0.5386046083692083,0.5385881895987639,0.5385765227523832,0.5385680858973936,0.5385620400839604,0.5385579347421362,0.538555540360088,0.5385547531368287
0.5385845333585406,0.5385855064221078,0.5385884512740072,0.5385934435775803,0.5386006699661556,0.5386105262330173,0.5386237828680585,0.538641883785572,0.5386674384325651,0.5387050501609361,0.5387627401711886,0.5388543802118935,0.5390038550827883,0.5392521331305241,0.5396689609777695,0.5403711242051964,0.5415475134715299,0.5434832168755074,0.5465517461488434,0.5510988526537682,0.5571007787446405,0.5635839955222511,0.5684289674456305,0.5714676462598268,0.5731563697802451,0.5738982611077542,0.5738982601269345,0.5731563668655116,0.5714676415350669,0.5684289610601846,0.563583987561465,0.5571007692707219,0.5510988417053405,0.5465517338075637,0.5434832033952741,0.5415474995188784,0.5403711104479184,0.5396689477250174,0.5392521201492472,0.5390038417032783,0.5388543664272657,0.5387627258668904,0.5387050352408417,0.5386674235106319,0.5386418689449661,0.538623768193443,0.5386105129585509,0.5386006580197696,0.5385934324973042,0.5385884426932298,0.5385855004951325,0.5385845277063492
0.5386244850411427,0.5386257377716291,0.5386295090608751,0.5386358364799951,0.5386448430881622,0.5386568406320319,0.5386724974430964,0.538693139892153,0.5387212526297603,0.5387613127725714,0.5388212190356353,0.5389147323443899,0.5390656442944178,0.539314851673533,0.5397320539984801,0.5404340134811605,0.5416096193747303,0.5435439802465317,0.5466106585099823,0.5511555128208901,0.5571549873416709,0.5636358531196487,0.5684788607337098,0.5715160333336887,0.573203733661619,0.5739451064028865,0.5739451054204835,0.5732037307822179,0.5715160287185448,0.5684788545417007,0.5636358454271574,0.5571549781517231,0.5511555022325025,0.5466106467367443,0.5435439675416963,0.541609606318108,0.5404340005780065,0.5397320415237422,0.539314839406164,0.5390656314632267,0.5389147191402661,0.538821205573095,0.5387612990773684,0.5387212392592784,0.5386931262532694,0.5386724836584245,0.5386568286275323,0.5386448322040234,0.5386358259612221,0.5386295013140595,0.538625732603643,0.5386244798886424
0.5386784933686192,0.5386801682614771,0.5386851872205114,0.5386935307114932,0.5387052272654417,0.5387204617966831,0.538739748701712,0.5387642374000652,0.5387962230175264,0.5388399907241616,0.5389032536777865,0.5389996053011498,0.5391526980762156,0.539403325343607,0.5398211244253146,0.5405228377698768,0.5416973755551009,0.5436299068537982,0.5466940997917774,0.5512359847317032,0.5572322707099897,0.5637100733940849,0.5685504449589646,0.5715855359224027,0.5732717932880402,0.5740124265707359,0.5740124256003656,0.5732717904806235,0.5715855314309113,0.5685504389364555,0.563710066013045,0.557232261987024,0.5512359747267656,0.5466940887338169,0.5436298950207658,0.5416973634915698,0.5405228258302204,0.5398211128108399,0.5394033138525094,0.5391526859748339,0.5389995929213364,0.5389032412652508,0.5388399784192257,0.5387962112545361,0.5387642250741977,0.5387397360575548,0.5387204511985747,0.5387052175859267,0.5386935211322917,0.5386851806029382,0.5386801641126329,0.5386784889394135
0.5387519164072656,0.5387542288013262,0.5387611320194924,0.5387725211748984,0.5387882843305528,0.5388084159435637,0.5388331984374145,0.5388635145261563,0.538901371637652,0.5389507623449806,0.5390191171057176,0.5391197741742343,0.5392761755906921,0.5395289617826725,0.5399476844032066,0.5406490716859559,0.5418220897660615,0.5437520308568204,0.5468127542885722,0.5513505611807086,0.5573425210746575,0.5638161609077623,0.5686528582828833,0.5716849784217135,0.5733691443864026,0.5741086970953918,0.5741086961431383,0.5733691416770449,0.5716849741063205,0.5686528524811154,0.5638161538593042,0.5573425128414957,0.5513505517974098,0.5468127439832132,0.5437520199891701,0.5418220788561005,0.5406490608800666,0.5399476737784132,0.5395289511886758,0.5392761644087841,0.539119762760964,0.5390191058415895,0.5389507515709953,0.5389013615892875,0.5388635037324105,0.5388331872707719,0.5388084068978013,0.5387882759923024,0.5387725128555934,0.538761126679185,0.5387542257996337,0.5387519129474538
0.5388521349930727,0.5388554100565619,0.538865159051024,0.5388811500567793,0.5389030626122382,0.5389306064319861,0.5389637149226327,0.5390028685912268,0.5390496382058125,0.5391075696844211,0.5391836611466256,0.5392908599189447,0.5394522863137301,0.5397083504356083,0.5401284813926663,0.5408294013663045,0.5420001866796917,0.543926350011712,0.5469820743991896,0.5515140841465668,0.5574999551579422,0.5639677270753112,0.5687991420663273,0.5718269157829563,0.573507988346084,0.5742459337426408,0.574245932819363,0.5735079857530911,0.5718269116968172,0.5687991365739729,0.5639677203799612,0.5574999473718703,0.5515140753924456,0.5469820649480029,0.5439263402704981,0.5420001770304909,0.5408293917014118,0.5401284717394376,0.5397083408057607,0.5394522762292727,0.5392908496351838,0.539183651230164,0.5391075606986538,0.5390496300533064,0.5390028596038311,0.5389637056067234,0.5389305991177237,0.538903055790199,0.5388811432614212,0.5388651550021765,0.5388554081896519,0.5388521326406883
0.5389892842269478,0.5389940123585939,0.5390080579250067,0.539031001042053,0.5390622123987431,0.5391009777098444,0.5391467066646042,0.5391992734835739,0.539259586311679,0.5393305085368454,0.5394183751355114,0.5395355320279709,0.539704603926261,0.5399656487684578,0.5403879145784524,0.5410881291610703,0.5422555624526975,0.5441760980057508,0.5472244472620561,0.5517479923541758,0.5577250391576849,0.5641842966373727,0.5690079376100124,0.5720292380391395,0.5737056703739196,0.5744411960601103,0.5744411952236158,0.5737056679893493,0.5720292342661351,0.5690079325436692,0.5641842903965576,0.5577250318935772,0.5517479843298293,0.5472244387850728,0.5441760894642994,0.5422555540313105,0.5410881205631564,0.5403879058810666,0.5399656401985921,0.5397045951510566,0.5395355231365424,0.5394183668609587,0.5393305015250316,0.5392595800600049,0.5391992664195249,0.5391466994481232,0.5391009722528652,0.5390622072879043,0.5390309960650079,0.5390080552807204,0.538994011725903,0.5389892831926054
0.5391772297402009,0.5391841493900239,0.539204677411108,0.5392381176855817,0.5392833853194741,0.5393391372714742,0.5394039999680765,0.5394769349416384,0.5395578454664175,0.539648551453913,0.5397543682289081,0.5398867132041207,0.5400674434206366,0.5403360722347688,0.5407615728009302,0.5414606946417319,0.5426230294337795,0.5445350636843026,0.5475723528787934,0.5520832979694577,0.5580472784748912,0.5644939165132609,0.5693059278951937,0.5723174720980234,0.5739868808547259,0.5747187363340734,0.5747187356415673,0.5739868787682316,0.5723174686999118,0.5693059233403198,0.5644939108459884,0.5580472718515536,0.5520832907584529,0.5475723454076686,0.5445350563314201,0.5426230222463153,0.5414606872244708,0.5407615652305144,0.5403360648711311,0.5400674361242211,0.5398867059452205,0.5397543618121973,0.5396485464408524,0.5395578410789452,0.5394769299905354,0.5394039951136099,0.5393391337510601,0.5392833820181829,0.539238114692421,0.5392046762617961,0.5391841501014338,0.5391772303132646
0.539434858397496,0.5394450793110458,0.5394753768612995,0.5395246520515047,0.5395911518643522,0.5396726053544234,0.5397664720731487,0.5398703423551116,0.5399825971374983,0.540103461232786,0.5402366795192639,0.5403922314246968,0.5405907796424264,0.5408709884369157,0.5413014049898841,0.5419988214925757,0.543153347735159,0.5450524312767395,0.5480729583199435,0.5525649040469188,0.5585092504625375,0.5649369136939733,0.5697313423369855,0.5727280751252751,0.5743867974645022,0.5751130630137027,0.5751130624570125,0.5743867956572901,0.5727280720815002,0.5697313382898468,0.5649369086527397,0.5585092445838798,0.5525648977469727,0.5480729519195878,0.5450524251328609,0.5431533418008683,0.5419988153494834,0.5413013986607584,0.540870982370111,0.5405907739824696,0.5403922260725815,0.5402366751881061,0.5401034583207582,0.5399825948416346,0.5398703399397986,0.5397664698952086,0.5396726038621812,0.539591150438641,0.5395246510966129,0.5394753772253388,0.53944508136833,0.5394348606866466
0.5397877655383609,0.5398029509820728,0.5398479484145647,0.5399210764329716,0.5400196094930853,0.5401399153418677,0.5402777233374705,0.5404285693213894,0.5405885309052385,0.5407553956612308,0.5409304874303348,0.5411215530839989,0.5413473902738163,0.541645331303161,0.5420832534149461,0.542778016998305,0.5439205503832242,0.5457998146723007,0.5487947774118389,0.5532578428868852,0.5591724099614538,0.5655712840349199,0.5703389634113557,0.5733131232086741,0.574955546819156,0.5756732844835781,0.5756732840371835,0.5749555452999092,0.5733131206014813,0.5703389599476516,0.5655712797075328,0.5591724049533874,0.5532578376152408,0.5487947721783825,0.5457998097743806,0.5439205456844683,0.5427780121467202,0.5420832484248767,0.5416453267065806,0.5413473864793037,0.5411215499007466,0.5409304853649567,0.5407553949827747,0.5405885309542524,0.5404285696552924,0.540277723851403,0.5401399158916164,0.5400196100776009,0.539921077678096,0.5398479505279826,0.5398029546330959,0.5397877697569192
0.5402704299671093,0.5402930643111447,0.5403601324346453,0.5404691199573356,0.5406158987004936,0.5407948536166989,0.5409991631471202,0.5412212959732445,0.5414538508363275,0.5416908936400457,0.54193001412399,0.542175486634766,0.5424431875340683,0.5427683497324057,0.5432177860508443,0.5439084535803925,0.545032558904671,0.5468814295252644,0.5498372726135936,0.5542562377385005,0.5601253948425149,0.5664803680071364,0.5712072277157063,0.5741469363741682,0.575764490598063,0.57646921937481,0.5764692189948905,0.5757644893555319,0.5741469342930072,0.5712072249346025,0.5664803645175858,0.5601253908641207,0.5542562336335924,0.549837268680719,0.5468814259991395,0.5450325555746768,0.5439084502121442,0.5432177826592824,0.5427683468313929,0.5424431856658845,0.5421754855957466,0.5419300143114982,0.5416908952779595,0.5414538533863335,0.54122129903117,0.540999166191398,0.5407948561880933,0.5406159013676061,0.5404691234797271,0.5403601365448629,0.5402930699050748,0.5402704365501291
0.5409289688555409,0.5409627472646124,0.5410628600786322,0.5412256172144578,0.5414448904745135,0.5417122021434618,0.542016994923175,0.5423471794260102,0.5426901129484818,0.5430341836985363,0.5433712210215615,0.5437000910391278,0.5440320833902935,0.544399109643587,0.5448662793214855,0.5455506729211889,0.5466464797200004,0.548448711758494,0.5513446045908821,0.5556960800738405,0.5614958102382158,0.5677836858699951,0.5724482001691261,0.5753353433217052,0.5769149872156243,0.5775998979109394,0.5775998975516454,0.5769149861784936,0.5753353417079927,0.5724481980139648,0.5677836832339458,0.5614958073881224,0.5556960772665666,0.5513446021010298,0.5484487097270365,0.5466464778819837,0.5455506711774258,0.5448662776763031,0.5443991085014386,0.5440320833649588,0.54370009211226,0.5433712235795339,0.543034187860316,0.5426901181996631,0.5423471853040639,0.5420170006092255,0.5417122069217621,0.5414448953214502,0.5412256230535359,0.5410628663096659,0.5409627548651631,0.5409289778826368
0.5418245508260667,0.5418749410965711,0.542024355155567,0.5422674707493778,0.5425953482119533,0.5429954219464497,0.5434517076587293,0.5439453796040352,0.5444559235947299,0.5449630782025404,0.5454497871884681,0.5459064855753286,0.5463372479891984,0.5467687167472,0.5472632627147979,0.5479381039307101,0.5489904939171536,0.5507211697843284,0.5535251605777273,0.5577732829329505,0.5634667820797645,0.5696520653212114,0.5742214169153741,0.5770284718766707,0.5785504392105638,0.5792052257913578,0.5792052255122927,0.5785504384905975,0.5770284707901404,0.5742214154051996,0.5696520635811596,0.5634667804074918,0.5577732814486239,0.5535251594886895,0.5507211691216364,0.5489904934496213,0.5479381037517489,0.5472632628668471,0.546768717514764,0.5463372500219127,0.5459064890792497,0.5454497923673751,0.544963084910263,0.5444559314403102,0.5439453882826342,0.5434517161894975,0.5429954292576221,0.5425953555808184,0.5422674793083943,0.5420243638985421,0.5418749508575581,0.5418245621663079
0.5430375057720565,0.5431125487489453,0.5433352009818652,0.5436979218947302,0.5441878899371425,0.5447867819150843,0.545470807037948,0.5462112499564017,0.5469758230373293,0.5477311136037684,0.5484463647590682,0.5490988583630503,0.5496813021562209,0.5502119608266955,0.550748788736457,0.5514091219888692,0.5523949433926558,0.5540158800899073,0.5566790336901775,0.5607689263755143,0.5662999436322292,0.5723284937906712,0.5767528297816462,0.5794381412011601,0.580872594921438,0.5814817245749517,0.5814817244617961,0.5808725946823409,0.57943814081659,0.5767528291738905,0.5723284932580974,0.5662999433752254,0.5607689263262481,0.5566790339801457,0.5540158807227294,0.5523949443027686,0.5514091234771828,0.5507487908965009,0.5502119637846384,0.5496813064945144,0.5490988644162353,0.5484463724193177,0.5477311225626099,0.5469758332788869,0.5462112614666697,0.5454708186202626,0.5447867920281563,0.544187900133198,0.5436979334507708,0.5433352124247531,0.5431125608542338,0.5430375195250587
0.5446720897151637,0.5447835234770361,0.5451144083400853,0.5456542727644828,0.546385057639706,0.5472804703654774,0.5483056274425943,0.5494174117126982,0.5505660129265073,0.5516980744869022,0.5527617319085871,0.5537137375394674,0.5545288672087163,0.5552120417904227,0.5558140798904753,0.5564523434011004,0.5573361161854692,0.5587888352862512,0.5612363048176571,0.565084165038671,0.5703669532791225,0.5761564567141938,0.5803603276281069,0.582861108846485,0.5841632068140549,0.5847033753181862,0.5847033753729652,0.58416320705514,0.5828611092504472,0.5803603281769181,0.5761564576664552,0.5703669546186694,0.5650841665635983,0.5612363066275016,0.5587888374124016,0.5573361187250929,0.5564523467692788,0.5558140842185173,0.5552120470122089,0.5545288737718291,0.5537137459077831,0.5527617418481842,0.5516980858532948,0.5505660260527439,0.549417426539457,0.548305642332664,0.5472804833701205,0.5463850706416897,0.5456542870477294,0.5451144221398446,0.5447835379020776,0.544672106040256
0.5468617242555981,0.5470265370529522,0.547516386831209,0.5483170794335185,0.549403704287601,0.5507391826012316,0.5522731084560211,0.5539415994288082,0.5556689231611756,0.5573715763883671,0.5589652164926183,0.5603745473690647,0.561546023690668,0.5624632781810619,0.5631655852041374,0.5637700963736555,0.5644973831412651,0.5656923577896941,0.5678098111782293,0.5712879225009804,0.5761921294224737,0.581617866000665,0.5854875366344273,0.5877095663215964,0.5888122326244252,0.5892486475696331,0.589248647776735,0.5888122333086545,0.5877095674966333,0.5854875382779009,0.5816178681963927,0.5761921320699548,0.5712879255078722,0.567809814596472,0.5656923615652931,0.5644973874343017,0.5637701016858716,0.5631655917674495,0.5624632857561349,0.5615460325904661,0.560374558201295,0.5589652290630297,0.557371590799629,0.5556689397085729,0.5539416176493418,0.5522731263527193,0.5507391981926187,0.5494037199345535,0.5483170963082181,0.5475164030896058,0.547026554291951,0.5468617435730532
0.5497743109745049,0.5500168450659462,0.5507384943084521,0.5519206059603805,0.5535296897457826,0.5555144985444993,0.5578033259712173,0.5603027163832264,0.5628988730923699,0.5654629083371009,0.5678605911159371,0.5699665989195087,0.5716826124839512,0.5729582519237989,0.5738140966773825,0.5743665825288626,0.5748537711633575,0.5756540196958984,0.5772670736323363,0.580181241430176,0.584509307221163,0.5893830100588351,0.5927477790037109,0.5945503468321846,0.5953537669056302,0.5956347637962943,0.5956347641634778,0.5953537680289241,0.5945503487137267,0.5927477815641533,0.5893830132589692,0.5845093110968086,0.5801812460545277,0.5772670788111276,0.5756540252001073,0.5748537772865968,0.5743665899456523,0.5738141056989859,0.5729582621156808,0.5716826240836638,0.5699666126551912,0.5678606068248423,0.5654629261638114,0.5628988929306092,0.5603027374630422,0.5578033463012798,0.5555145164011848,0.5535297080101635,0.5519206256219235,0.5507385135428428,0.5500168658793454,0.5497743338273936
0.5536169015397603,0.5539716359027322,0.5550284792213125,0.5567639337152696,0.5591344559616102,0.5620709499347102,0.5654732179899079,0.5692063351478462,0.5731011217458776,0.5769607112987978,0.5805744164658153,0.5837388560693639,0.5862848672838303,0.5881076520407664,0.5891974895041021,0.5896691056255099,0.5897877377577426,0.5899839155958787,0.5908271460132167,0.5928829353489495,0.5963365154148837,0.6003752156963028,0.6029801504689877,0.6041542649490701,0.6045107688930516,0.6045600909708561,0.6045600915306178,0.6045107705187691,0.6041542676076457,0.6029801541170436,0.6003752202918481,0.5963365210397448,0.5928829419515065,0.5908271531017454,0.5899839230109107,0.5897877460886486,0.5896691156168818,0.5891975013164679,0.5881076650660055,0.5862848818276957,0.5837388729624643,0.5805744356030699,0.5769607326722291,0.5731011446716552,0.5692063588754348,0.5654732407575335,0.5620709702297009,0.5591344770698393,0.5567639563629958,0.5550285015737636,0.5539716604045544,0.5536169280516859
0.5586385734531609,0.5591536952665173,0.5606906081301679,0.5632214994116512,0.5666923247722838,0.5710128694008229,0.5760461256791186,0.5816001582419167,0.5874261234159897,0.5932259802056666,0.5986722260313309,0.603439782367316,0.6072473290477483,0.6099028962403295,0.6113476219660084,0.6116926661360574,0.6112456134479324,0.6105185069184117,0.6101891462098916,0.6109418186562984,0.6130723845344647,0.6158529755668307,0.6173195630600298,0.617556776473276,0.6172493501022004,0.6169552151986905,0.616955215964862,0.617249352264824,0.6175567799651239,0.6173195679562866,0.615852981829796,0.6130723920355214,0.6109418271070814,0.6101891552011658,0.6105185166305338,0.6112456245526942,0.6116926791178467,0.6113476367943959,0.609902912429837,0.6072473469928991,0.6034398027602264,0.5986722488694698,0.5932260052025489,0.5874261492101258,0.5816001844256586,0.576046150930038,0.5710128924421569,0.5666923491527083,0.5632215253482638,0.5606906335994004,0.5591537232608601,0.5586386035554811
0.5651298231039747,0.5658716373635386,0.5680885640315816,0.5717509301850423,0.5767962108141094,0.583111711627102,0.5905151719870918,0.5987382869471829,0.6074192630824854,0.6161106852802016,0.624307301001279,0.6314945828965363,0.6372136243997787,0.641132701339312,0.6431132423687864,0.6432595056365199,0.6419452485384421,0.6398100036432314,0.637699622355623,0.6364808565200502,0.6366179942686985,0.6375119004640731,0.6372820922517552,0.6361305799382193,0.6348427897457963,0.6340426487084392,0.634042649659732,0.6348427924282192,0.6361305842456623,0.6372820983007608,0.637511908159835,0.6366180032611432,0.6364808665454185,0.6376996334025956,0.6398100160209894,0.6419452625691303,0.6432595215286578,0.6431132602969237,0.6411327212566865,0.6372136464568123,0.6314946072486831,0.6243073278312429,0.6161107139280665,0.6074192915027803,0.5987383154004299,0.5905151998693137,0.5831117379837453,0.5767962390923793,0.5717509597194138,0.5680885926704303,0.5658716687941778,0.5651298566385742
0.5734161827281483,0.5744742765077343,0.5776423081822092,0.5828947975205934,0.5901677219291976,0.5993292654205656,0.6101456735874667,0.6222498654817449,0.635122826864605,0.6480988512884973,0.6604036959687919,0.6712286469427016,0.6798338016701754,0.6856633750621354,0.6884496189559358,0.6882841078635841,0.6856442447548564,0.6813689730160508,0.6765645333397918,0.6723771537232599,0.6695264504656127,0.667607493685572,0.6648657009847468,0.6616696148931415,0.6589443578035409,0.6574040719316505,0.6574040730793974,0.658944361121352,0.6616696202146074,0.664865708264069,0.6676075027358132,0.6695264609413134,0.6723771655871456,0.6765645468021884,0.6813689881842488,0.6856442616866165,0.688284126854953,0.688449640507435,0.685663399353524,0.6798338282634747,0.6712286755134953,0.6604037270811075,0.6480988837983089,0.6351228582425295,0.6222498968336472,0.6101457049345574,0.5993292959113435,0.5901677543758265,0.5828948304101663,0.5776423400486752,0.57447431185418,0.5734162200858627
0.5838432041720386,0.5853360396045759,0.5898150901116203,0.5972713286715912,0.6076552119698304,0.6208287152433212,0.6365071117215366,0.654201762142955,0.6731799736966232,0.6924611844532684,0.7108670794597919,0.7271339141966766,0.7400780435849617,0.7487849630325536,0.7527781812302525,0.7521269895274046,0.7474713718641074,0.7399616579867101,0.7311061318314982,0.722476985928212,0.7151785209063831,0.7090964663062859,0.7026637224452447,0.6964816765038049,0.691666093975024,0.6890522325473935,0.6890522339267625,0.6916660980846967,0.6964816830950694,0.7026637311817312,0.7090964769548005,0.7151785333301534,0.7224770002576233,0.731106148176113,0.7399616763544201,0.7474713924993156,0.7521270127754894,0.7527782073610441,0.7487849921458507,0.7400780749784703,0.7271339475931506,0.710867115613842,0.6924612214619651,0.6731800089822166,0.6542017974334762,0.6365071470655912,0.6208287497644375,0.6076552477391283,0.5972713639607935,0.5898151252364024,0.5853360795725449,0.5838432463880867
0.5967496276750404,0.5988298494367825,0.6050858589544869,0.6155473450303428,0.6302102904326065,0.6489606504622853,0.6714780327488119,0.697135126707771,0.7249178478339212,0.753399071656428,0.7807994756137641,0.8051557301182919,0.8245862267559815,0.8376042985981138,0.843398235292944,0.8420000766892288,0.83430483750184,0.8219469041154689,0.807051179177062,0.791833931320984,0.7779739348516228,0.7657875877976876,0.7539833191432834,0.7434828248794341,0.7356573659126326,0.7315016450458998,0.7315016467159456,0.7356573709455979,0.7434828329205454,0.7539833296206018,0.7657876004901661,0.7779739498413772,0.7918339487860593,0.8070511990862343,0.8219469266578742,0.8343048630692861,0.8420001051390555,0.8433982665049282,0.8376043330780814,0.8245862641779476,0.8051557702382641,0.7807995184265489,0.7533991143691574,0.7249178884722371,0.6971351668780302,0.6714780719484992,0.6489606884856727,0.630210329004664,0.6155473826746747,0.6050858980127115,0.5988298943433201,0.5967496747576659
0.6124257877752891,0.6152839740570639,0.623901841609906,0.6383851351007391,0.6588299314829686,0.6852050094077616,0.7171972772570396,0.7540407136897894,0.7943661534420948,0.8361266556299655,0.8766607059675863,0.912938927958611,0.9419893889643938,0.9614193764006524,0.969885039848598,0.9673602240843165,0.9551390527194299,0.9356016992911819,0.9118079304758784,0.8869357844583733,0.8635112233314354,0.8424807683088383,0.8229520975216672,0.8062799683484634,0.7941716129474814,0.787827472635084,0.787827474649662,0.7941716189625989,0.8062799779220663,0.8229521100610189,0.8424807836096541,0.8635112415582695,0.8869358058362652,0.9118079549912995,0.9356017272437867,0.9551390841180597,0.9673602582721313,0.969885077258672,0.9614194184196595,0.9419894351993745,0.9129389773461494,0.8766607570023851,0.8361267052703015,0.7943662008617556,0.7540407592120922,0.7171973199194014,0.6852050511260233,0.6588299738538795,0.6383851768183894,0.623901886564908,0.6152840248632915,0.6124258395928304
0.6310555580960743,0.6349204448655335,0.6466066510131474,0.6663544446313597,0.6944486631872259,0.7310436195600315,0.775922895390287,0.8282176951614655,0.8861368366607831,0.9467966805838182,1.0062632149325559,1.0599031042761282,1.103059301010056,1.1319213886072688,1.1443170896094268,1.140138932254239,1.121301941405697,1.091317600636433,1.0546367579584068,1.0158465704680988,0.9787005489116516,0.9450529075311557,0.9145817182467223,0.8892175132844053,0.8711015103637649,0.8616948834791813,0.861694885797954,0.871101517193035,0.8892175242622224,0.9145817330829717,0.9450529260091688,0.9787005711042471,1.015846596683124,1.0546367882335532,1.091317635068435,1.121301979559403,1.1401389739193877,1.1443171365853162,1.1319214420630248,1.1030593590948163,1.0599031649227366,1.0062632755732082,0.9467967387435821,0.8861368923578057,0.8282177463423528,0.7759229415642073,0.7310436658396233,0.6944487103440397,0.6663544913697499,0.6466067027494822,0.6349205020362483,0.6310556151858174
0.6526429312742107,0.6577754264138697,0.6733419089736348,0.6998027192660459,0.7377654551253087,0.7877342559127376,0.8497493329775396,0.9229387065910933,1.0050526673357576,1.0921179342926237,1.1784066593665499,1.2569142782409455,1.3204191745471574,1.3629316503336908,1.3810291480273809,1.3745144985376745,1.346258242691725,1.301445592351385,1.2465382008396546,1.1881305385287153,1.131712099115362,1.0804201286926896,1.0347372630793672,0.9973495706862593,0.9709517250081992,0.9573316476870221,0.9573316502502565,0.9709517325232895,0.9973495830981961,1.034737280611609,1.0804201510600726,1.1317121261797867,1.1881305706294152,1.2465382379929477,1.3014456345094478,1.3462582897534616,1.3745145514967023,1.3810292091583827,1.3629317186351837,1.3204192466438402,1.2569143523739588,1.1784067323567413,1.0921180038720146,1.0050527334788049,0.9229387649231396,0.8497493848504706,0.7877343092162575,0.7377655082682517,0.6998027709674393,0.6733419663943603,0.6577754880448038,0.6526429922895066
0.6769290960021159,0.6836069594890932,0.7039261064690017,0.738683199891645,0.7889963498438086,0.8559614849940506,0.9401319504124545,1.0408308124614916,1.1553809867666707,1.278455581264554,1.401873293527747,1.5152060936603755,1.6074081886236193,1.6692174201354166,1.6954124473584433,1.6857618833710704,1.6445818492546993,1.5794413609292055,1.4995854406659355,1.4143544069282021,1.3316132527629436,1.2562722828895363,1.189937908467739,1.1362826569780786,1.0987057488636156,1.0794058275387575,1.0794058303851966,1.0987057572843508,1.1362826713269154,1.1899379294538175,1.2562723102808757,1.3316132863605918,1.4143544469818183,1.4995854872170098,1.57944141428489,1.6445819101899852,1.6857619532091805,1.6954125268549693,1.669217505924326,1.607408277712533,1.515206185159345,1.4018733824368403,1.278455664618231,1.1553810646238447,1.0408308797265295,0.9401320111239232,0.855961548082657,0.7889964106089928,0.7386832576221483,0.7039261693172243,0.6836070238525406,0.6769291585392929
0.7033125920381966,0.7118029729242809,0.7377241205797996,0.7823536476895566,0.8475612056171683,0.9353604499170916,1.0471897919636395,1.1828998347859117,1.3395356604022282,1.510195319336747,1.6834763419339602,1.8441615106409601,1.9756406887743498,2.063861707449221,2.1012007288653165,2.087629685624148,2.0296003536529237,1.9378936996459595,1.8253710404230656,1.7049191821123264,1.5875140726375823,1.480451295976452,1.3868968946566576,1.311820737018348,1.2595328901267258,1.2327612588995618,1.2327612620828696,1.259532899750127,1.3118207538221012,1.386896919632205,1.4804513293088724,1.5875141145468783,1.704919232700511,1.8253710998919843,1.9378937690094427,2.0296004340990765,2.0876297773361228,2.1012008306714605,2.063861815907399,1.9756408020910923,1.8441616261450775,1.6834764510339697,1.510195418667227,1.3395357510187271,1.1828999122957735,1.0471898626509322,0.9353605219966833,0.8475612728538425,0.7823537115016771,0.7377241885946839,0.7118030392616782,0.7033126552282308
0.7307928039499505,0.7413115193999772,0.7735341718325328,0.8293794630862383,0.9117451504786674,1.0239565869295795,1.1688210614399992,1.3472057301558795,1.5562057397809936,1.7872639729476263,2.024992806948293,2.247758488077304,2.43106203899001,2.553946328658729,2.605958563312481,2.5879450185882535,2.509422480676448,2.385172080558218,2.232338404567928,2.068031561995956,1.9070713146931182,1.7598593083893777,1.631714521975297,1.5293458802173179,1.458280914730767,1.4219621617805729,1.421962165211178,1.4582809254403943,1.5293458993240627,1.6317145505345343,1.7598593473323538,1.907071365093451,2.06803162376039,2.232338478089124,2.385172167484436,2.5094225820403233,2.5879451335073727,2.6059586906775842,2.5539464668173077,2.4310621849481246,2.2477586340532594,2.024992941559071,1.787264093221923,1.5562058466949522,1.347205819914272,1.168821142146889,1.0239566655379204,0.9117452215127231,0.8293795308099207,0.7735342422709663,0.7413115857902346,0.7307928673408438
0.757963197444296,0.7706232438381424,0.8095333234970791,0.8774014184147337,0.9784219866466185,1.1176412193292615,1.2997840664288232,1.5273663289649684,1.7980985227263473,2.1020000536385943,2.419220046274756,2.7200806061322353,2.969166881265744,3.1352824370175614,3.2054735158080687,3.183057536633566,3.0818245674805476,2.921014131871301,2.7221767990077264,2.5068886473312046,2.294361056516006,2.098875694137307,1.9286914839595344,1.7928992387913583,1.6987197307635125,1.6506132310756947,1.6506132346741893,1.698719742358193,1.7928992598795508,1.928691515650702,2.0988757381939154,2.2943611148752927,2.5068887196413394,2.7221768856951223,2.9210142348605523,3.081824687428635,3.1830576724956976,3.2054736684013525,3.1352826055851857,2.9691670597712028,2.7200807828133535,2.4192202099419817,2.1020001998267817,1.7980986487342498,1.527366432022394,1.299784157377931,1.1176413043703202,0.9784220616581091,0.8774014892332632,0.8095333939458184,0.7706233085208309,0.7579632597459107
0.7830811910799658,0.7978384457281743,0.8433315541536807,0.9231514445212511,1.0429769209734168,1.2098985215285938,1.431059980320802,1.7113189677569092,2.0498349574822274,2.436014489773118,2.8459707156979475,3.241192068835726,3.5716213796720155,3.788674752062722,3.8794974306266545,3.853335868598893,3.7298239599542424,3.532422338666459,3.2862126987728835,3.0166569203022604,2.7474528999945846,2.497459838308342,2.2788497737925284,2.1040016005303164,1.9825516710003115,1.9204611945242016,1.9204611984545537,1.982551683690084,2.1040016236379104,2.278849808845996,2.4974598881748986,2.7474529674913413,3.016657004708533,3.286212799639945,3.532422457174655,3.729824096744344,3.853336023624995,3.8794976068316527,3.7886749475612715,3.571621587437523,3.241192275644169,2.845970909817117,2.4360146609903874,2.0498350984498668,1.7113190813639547,1.4310600798286586,1.2098986113213563,1.0429769991555242,0.9231515177801465,0.8433316243114416,0.7978385100012422,0.7830812535946167
0.8042315956371975,0.8208417302604494,0.8721780853488683,0.9627030932267523,1.0995929566559988,1.2920753705765604,1.549973750768627,1.8810427502349494,2.286906339155744,2.7580378393527565,3.268993626592858,3.77493400907609,4.20847288445025,4.481942607622309,4.592788315348143,4.5632786034209785,4.420956544135856,4.192236139811505,3.903515563252529,3.582406714517555,3.2564221535529287,2.9493838008236017,2.6784217219892925,2.460367096180029,2.30828492970476,2.2303500133559986,2.2303500178808693,2.3082849437927626,2.4603671211822005,2.6784217601054388,2.9493838563337107,3.256422230533794,3.58240681223283,3.9035156797177835,4.192236275030737,4.420956699680328,4.563278780793388,4.592788517357395,4.481942831092457,4.208473123700291,3.77493424548335,3.2689938435393926,2.758038022203303,2.2869064827259815,1.8810428674253654,1.5499738546935062,1.292075461734711,1.0995930362117952,0.9627031685346306,0.8721781567033691,0.8208417973451355,0.8042316627307741
0.8195772326166196,0.8375815759544882,0.8933316634294991,0.9920041714459317,1.142026601430516,1.3544723293325749,1.6416119670648637,2.0141444957710815,2.476923804552216,3.0238477589753807,3.6336472775809203,4.267090875925585,4.852678268290545,5.181560488495635,5.3040931438033265,5.268620135851922,5.1125742165801125,4.862501617390497,4.542496091012386,4.17936621017946,3.8027682628449333,3.4412421007605203,3.1177263334352485,2.854783592917242,2.6701608121378086,2.5751834846243447,2.5751834895897576,2.6701608272141137,2.854783619153896,3.117726373373593,3.4412421596941987,3.8027683463976154,4.179366318023699,4.542496218828141,4.8625017632367245,5.112574383775072,5.268620328781591,5.304093365001299,5.1815607340197785,4.852678533686126,4.2670911285972,3.633647498614515,3.023847940031569,2.4769239495541346,2.0141446199645183,1.6416120767446594,1.3544724227117197,1.1420266838531625,0.9920042499982047,0.893331737086495,0.8375816458831192,0.819577301814148
0.8276566179839895,0.8464119691898622,0.9045457356190479,1.0076410960274496,1.1648480978112712,1.3883337098765778,1.6918879978625119,2.0882184596587337,2.5848914462221817,3.1802381694949804,3.8634002521410644,4.628219680409661,5.525349812695023,5.872231770590702,5.978823495248677,5.9273428488253215,5.7616839747229776,5.502362280451097,5.166418429070167,4.776194201450226,4.360946255524412,3.95282860146529,3.580882957742059,3.2744954373582456,3.057395699297469,2.9451202762380695,2.945120281122763,3.0573957145781723,3.2744954644516473,3.580882998634008,3.952828661428639,4.360946341448146,4.77619431389482,5.166418561563198,5.502362428179803,5.761684141809708,5.927343040184244,5.978823711047711,5.872232008422364,5.525350077163532,4.628219921399877,3.8634004582713954,3.1802383413630175,2.5848915931683107,2.088218591210914,1.6918881139234818,1.3883338095363313,1.1648481871613539,1.0076411792221434,0.9045458117548815,0.846412042015034,0.8276566905413846
0.0,0.0,0.0,0.0,0.0,0.0,0.0,0.0,0.0,0.0,0.0,0.0,6.4618879335163575,6.559641048548447,6.589166779661269,6.505349664256981,6.333738732624689,6.077036536160546,5.7409549311641,5.340484716969241,4.901863644262302,4.459037788697282,4.046626459352071,3.701368543508265,3.4540050156904276,3.325256944439981,3.325256948942355,3.454005030766996,3.7013685712419453,4.046626500747087,4.4590378484189195,4.901863729092798,5.3404848292999825,5.740955065459042,6.077036684304805,6.33373889686167,6.505349847347139,6.589166982220968,6.559641276132608,6.461888199285985,0.0,0.0,0.0,0.0,0.0,0.0,0.0,0.0,0.0,0.0,0.0,0.0
0.0,0.0,0.0,0.0,0.0,0.0,0.0,0.0,0.0,0.0,0.0,0.0,7.05464783951934,7.077606444112847,7.065728441044674,6.972400419726859,6.807330052896792,6.5641602050691885,6.24052807725264,5.844289501682757,5.397126961287537,4.932778816380404,4.4901222636649285,4.11294273366135,3.8394050945674847,3.696027219893183,3.6960272240815066,3.8394051092055257,4.112942761244158,4.490122305707792,4.932778877011533,5.3971270440851855,5.844289611899142,6.240528214555497,6.564160356698864,6.807330216060248,6.972400592933975,7.0657286225056835,7.07760665127762,7.054648093557137,0.0,0.0,0.0,0.0,0.0,0.0,0.0,0.0,0.0,0.0,0.0,0.0
0.0,0.0,0.0,0.0,0.0,0.0,0.0,0.0,0.0,0.0,0.0,0.0,7.4596972311114795,7.458558192179273,7.429381065301368,7.3362243526527715,7.182092166586126,6.956120345637993,6.650540960040293,6.267093140547534,5.8222785781637505,5.3479096422969326,4.885341950586387,4.484269275975754,4.189868773347497,4.034467068578109,4.034467072739537,4.189868787455092,4.48426930287246,4.885341994790023,5.34790970686312,5.822278659427715,6.2670932470204805,6.650541098500599,6.95612049722586,7.182092323733313,7.336224511042993,7.429381218134792,7.458558363992477,7.459697452041049,0.0,0.0,0.0,0.0,0.0,0.0,0.0,0.0,0.0,0.0,0.0,0.0
0.0,0.0,0.0,0.0,0.0,0.0,0.0,0.0,0.0,0.0,0.0,0.0,7.741128411004948,7.7316707798370885,7.696079993165522,7.605906925188984,7.461927417577648,7.251415739872012,6.963368594307879,6.594957010984034,6.157945257796643,5.681385896686076,5.207514651921482,4.790314833087589,4.48078675013773,4.316377084720803,4.316377088932839,4.480786763289395,4.790314858190259,5.207514697183556,5.681385963038604,6.157945333029117,6.594957106087361,6.963368721344093,7.251415875370324,7.46192755427614,7.605907061058071,7.69608011411152,7.731670903716633,7.741128579242716,0.0,0.0,0.0,0.0,0.0,0.0,0.0,0.0,0.0,0.0,0.0,0.0
0.0,0.0,0.0,0.0,0.0,0.0,0.0,0.0,0.0,0.0,0.0,0.0,7.922765180411332,7.910326584373872,7.872633092998428,7.785374466805762,7.648697447248755,7.449294063378872,7.174480186242621,6.818535428084761,6.389751511494008,5.9146559879170475,5.435431643381462,5.008699858114873,4.689555787189222,4.5192414346050755,4.519241438394254,4.689555797995921,5.008699878422351,5.435431682748994,5.9146560454024,6.389751570745585,6.818535500393404,7.17448028575689,7.449294168112846,7.648697553402312,7.785374569721526,7.872633174182133,7.910326657888251,7.922765289887542,0.0,0.0,0.0,0.0,0.0,0.0,0.0,0.0,0.0,0.0,0.0,0.0
0.0,0.0,0.0,0.0,0.0,0.0,0.0,0.0,0.0,0.0,0.0,0.0,8.012523432380313,7.999106337062622,7.960854007341499,7.875263813064728,7.74233999284266,7.5486591434536985,7.280851607074922,6.93182936127806,6.5080829010482075,6.034670415177373,5.553522195774638,5.12247452876938,4.798716501026947,4.625503731380447,4.625503734202773,4.798716508384921,5.122474541409144,5.553522220542822,6.034670451327344,6.508082935935067,6.931829403471412,7.280851668068121,7.548659207591012,7.742340058246116,7.8752638731646005,7.960854045608831,7.9991063694993505,8.012523488842737,0.0,0.0,0.0,0.0,0.0,0.0,0.0,0.0,0.0,0.0,0.0,0.0
0.0,0.0,0.0,0.0,0.0,0.0,0.0,0.0,0.0,0.0,0.0,0.0,8.012523456158851,7.999106353006449,7.960854030842421,7.875263843507807,7.742340018406774,7.548659168348746,7.280851629986202,6.931829378854661,6.5080829198547185,6.034670434085818,5.55352220806279,5.122474535409509,4.798716505186926,4.625503733689986,4.625503735218792,4.7987165089042145,5.122474539616119,5.553522213069637,6.034670440836597,6.508082926963849,6.931829390577104,7.280851650335676,7.54865919204245,7.742340040707982,7.87526385427305,7.9608540286495355,7.999106354020883,8.012523464147826,0.0,0.0,0.0,0.0,0.0,0.0,0.0,0.0,0.0,0.0,0.0,0.0
0.0,0.0,0.0,0.0,0.0,0.0,0.0,0.0,0.0,0.0,0.0,0.0,7.922765257345337,7.910326639177616,7.872633164414783,7.785374553999153,7.648697521705068,7.449294134228773,7.174480249950007,6.818535476875137,6.389751562472598,5.914656038410283,5.4354316765921435,5.008699876694944,4.689555798870184,4.519241440956311,4.519241440896557,4.689555798757186,5.0086998733456864,5.435431663190229,5.914656017297989,6.389751546171867,6.818535465204149,7.174480234785038,7.449294120939283,7.648697504617305,7.785374518510159,7.8726331247788774,7.91032660738336,7.922765213289176,0.0,0.0,0.0,0.0,0.0,0.0,0.0,0.0,0.0,0.0,0.0,0.0
0.0,0.0,0.0,0.0,0.0,0.0,0.0,0.0,0.0,0.0,0.0,0.0,7.741128549852247,7.7316708854179135,7.696080112590128,7.605907058923719,7.4619275350863585,7.251415848113095,6.9633686881441,6.594957081432419,6.157945327720425,5.681385964045376,5.207514697444691,4.79031486021659,4.480786767362735,4.31637709414767,4.316377092525114,4.480786763505337,4.790314851515034,5.2075146733474975,5.681385925819496,6.157945296281521,6.5949570543436185,6.963368646261449,7.251415802246959,7.461927483183771,7.605906986034226,7.696080036046017,7.731670811677673,7.7411284478937,0.0,0.0,0.0,0.0,0.0,0.0,0.0,0.0,0.0,0.0,0.0,0.0
0.0,0.0,0.0,0.0,0.0,0.0,0.0,0.0,0.0,0.0,0.0,0.0,7.459697431000338,7.458558351083027,7.429381227967744,7.336224521228218,7.1820923164221435,6.956120481248299,6.650541074441754,6.267093224020071,5.822278653685048,5.347909711870551,4.885342000367567,4.484269308484085,4.189868794288494,4.034467080556435,4.03446707780301,4.189868787058641,4.484269296189973,4.885341974565236,5.347909670882085,5.822278615598787,6.267093184795692,6.650541011594359,6.956120408139124,7.182092237205916,7.3362244206610105,7.4293811171779325,7.458558231804002,7.459697272757481,0.0,0.0,0.0,0.0,0.0,0.0,0.0,0.0,0.0,0.0,0.0,0.0
0.0,0.0,0.0,0.0,0.0,0.0,0.0,0.0,0.0,0.0,0.0,0.0,7.054648088395633,7.0776066477848,7.0657286363421,6.97240061428058,6.807330224318219,6.56416035618941,6.240528204463187,5.844289595068054,5.397127037870094,4.932778883008797,4.490122314874259,4.1129427700966845,3.8394051183565305,3.696027234172816,3.696027230836609,3.839405108148568,4.112942753763513,4.490122290145558,4.932778846764219,5.397126997147146,5.8442895435395075,6.240528125316578,6.5641602633347205,6.807330122993858,6.972400491526316,7.065728499864538,7.077606489591696,7.0546478844289435,0.0,0.0,0.0,0.0,0.0,0.0,0.0,0.0,0.0,0.0,0.0,0.0
0.0,0.0,0.0,0.0,0.0,0.0,0.0,0.0,0.0,0.0,0.0,0.0,6.461888217303049,6.559641287207241,6.589166998239353,6.505349872038893,6.333738914843311,6.077036696171602,5.740955069523399,5.34048482248843,4.901863725052263,4.459037854439929,4.046626511814954,3.701368582722362,3.4540050417949417,3.3252569604611524,3.3252569568166264,3.454005029222546,3.701368561589156,4.0466264851746,4.459037820357846,4.901863680078153,5.340484757627498,5.740954976759658,6.0770365888334865,6.333738796726266,6.505349734764006,6.589166843269206,6.559641098435412,6.461887978661664,0.0,0.0,0.0,0.0,0.0,0.0,0.0,0.0,0.0,0.0,0.0,0.0
0.8276566994888779,0.8464120516958409,0.904545823420504,1.007641191258244,1.1648482020576667,1.3883338276663943,1.6918881362184595,2.088218621655069,2.584891635200911,3.1802383953972897,3.8634005213793734,4.628219984247361,5.525350121226836,5.872232033984955,5.978823730426477,5.927343065381589,5.761684163684292,5.5023624460354,5.166418574861505,4.776194316618935,4.360946341318325,3.952828667413375,3.580883010076324,3.2744954775457327,3.0573957270806353,2.945120293222168,2.945120289195405,3.057395713261936,3.2744954533908035,3.5808829795448007,3.9528286301966298,4.3609462895313245,4.7761942409497475,5.1664184736402,5.502362329117609,5.761684031241436,5.927342913902116,5.978823560202892,5.872231824893024,5.525349855199952,4.62821970598131,3.8634002651162866,3.1802381763259135,2.5848914549309057,2.0882184736107696,1.6918880100889315,1.388333715242699,1.1648481000804667,1.007641097311972,0.9045457353599843,0.8464119695025047,0.8276566193660342
0.8195773112631658,0.8375816554206624,0.8933317479465005,0.9920042591651775,1.1420266945533464,1.3544724362053817,1.6416120928949605,2.0141446425252623,2.476923981920054,3.0238479818713584,3.633647549477182,4.267091181448564,4.852678582634208,5.181560769906181,5.3040933908309675,5.268620355515776,5.112574407296867,4.862501783021781,4.5424962363571,4.179366327656383,3.8027683507211574,3.4412421662212536,3.1177263842709686,2.8547836325985356,2.6701608407507558,2.575183502064587,2.575183497278218,2.670160826211967,2.8547836081919513,3.117726351563645,3.441242124459139,3.802768292154119,4.17936624536369,4.5424961319781945,4.862501661647409,5.112574265451232,5.26862019259788,5.304093206348291,5.181560547061285,4.852678315777491,4.267090907536984,3.6336472936896684,3.0238477622244457,2.476923803634394,2.0141445032798844,1.6416119807180625,1.3544723378577914,1.1420266056100348,0.9920041746965382,0.8933316639926366,0.8375815759836538,0.8195772344267492
0.8042316712140187,0.8208418079107037,0.8721781697017361,0.9627031793692642,1.0995930471748507,1.2920754748223668,1.5499738683598838,1.8810428828996395,2.2869065021701305,2.7580380445186745,3.268993871358741,3.7749342796672676,4.2084731612914,4.481942864093216,4.592788542940174,4.56327880558705,4.420956722033457,4.19223629417902,3.9035156980572387,3.582406825976054,3.2564222391228546,2.949383864454595,2.678421770650879,2.4603671341252036,2.3082849578372007,2.23035003119506,2.230350025817457,2.308284943068431,2.4603671109224923,2.6784217383432147,2.9493838209674097,3.256422178269708,3.5824067437964215,3.903515597629599,4.192236177355897,4.420956584513218,4.563278649377543,4.592788368439501,4.4819426611544495,4.208472930818604,3.7749340438945467,3.2689936493598557,2.7580378484590975,2.286906335677893,1.881042748460853,1.5499737584350435,1.2920753777913139,1.099592960795197,0.9627030976666194,0.872178086756504,0.8208417299837943,0.8042315984140704
0.7830812626087926,0.7978385207231377,0.8433316375505142,0.9231515295516508,1.0429770109903755,1.2098986261813194,1.4310600953887531,1.711319095971396,2.049835113848594,2.4360146767491764,2.845970926277874,3.2411922958284873,3.5716216107494514,3.7886749699797724,3.8794976247184305,3.8533360405664068,3.72982411261323,3.5324224712028403,3.2862128142075333,3.016657017919622,2.747452977443497,2.497459896916923,2.278849818612424,2.1040016350279993,1.9825516967541266,1.9204612120472646,1.920461207228388,1.9825516835644053,2.1040016141930704,2.278849788803303,2.4974598560365933,2.7474529212498826,3.0166569445420506,3.2862127266963888,3.5324223694300616,3.7298239924232526,3.8533359039481954,3.879497471213376,3.7886747942765115,3.5716214177045735,3.241192098263464,2.84597073714901,2.43601450399383,2.049834960064497,1.7113189654062375,1.4310599842438043,1.209898526254628,1.0429769229579053,0.9231514482435506,0.8433315554540294,0.7978384435258004,0.7830811929023606
0.7579632683078521,0.7706233182268755,0.8095334051433238,0.8774014990052911,0.9784220705096871,1.1176413159514578,1.2997841705588766,1.5273664455196942,1.7980986644416352,2.1020002165687526,2.4192202257007813,2.7200807994270866,2.9691670777508703,3.135282623118543,3.2054736824558336,3.1830576849180887,3.0818246989407014,2.9210142449704963,2.722176896520752,2.5068887308107897,2.2943611243986277,2.0988757465359558,1.92869152433655,1.7928992693367534,1.6987197530737768,1.6506132467648549,1.6506132432491716,1.6987197425241771,1.7928992510398751,1.9286914970351838,2.098875708877937,2.294361073867759,2.5068886667008727,2.7221768208903847,2.921014156124223,3.0818245929633474,3.183057563791144,3.205473546401233,3.135282469026425,2.9691669115412003,2.7200806298650795,2.41922006215036,2.1020000653590505,1.79809852768682,1.5273663284814316,1.2997840702502836,1.117641224175347,0.9784219876665351,0.8774014215436543,0.8095333256368112,0.7706232399700013,0.7579631966596644
0.7307928754942042,0.7413115945478416,0.7735342521911607,0.8293795398652019,0.9117452286915718,1.0239566739766965,1.1688211510172277,1.34720582804566,1.5562058574322963,1.7872641056499814,2.02499295302071,2.247758645358499,2.4310621970884916,2.5539464790569233,2.60595870078068,2.5879451425355358,2.50942259099076,2.385172175792276,2.232338487196793,2.068031634060903,1.9070713747979942,1.7598593558930729,1.6317145590729878,1.5293459081887992,1.4582809347127996,1.4219621755357608,1.4219621728136482,1.4582809256726073,1.5293458913045246,1.6317145332630343,1.7598593201415593,1.9070713279181648,2.068031576525937,2.2323384207818138,2.385172098687641,2.5094224996682746,2.58794503822689,2.605958584721765,2.55394635064892,2.431062061356942,2.247758507925025,2.024992820206194,1.7872639817476135,1.5562057437996137,1.3472057294017523,1.1688210647624162,1.0239565928651315,0.9117451519558628,0.8293794661961829,0.773534176562745,0.7413115171279145,0.7307928021350781
0.7033126631763069,0.7118030471744731,0.7377241972241082,0.7823537200362383,0.8475612795093009,0.9353605300954791,1.0471898721633541,1.1828999202618877,1.339535759770211,1.5101954284796582,1.6834764594486562,1.8441616330827606,1.9756408085565176,2.06386182183002,2.101200834599781,2.087629780392631,2.029600437908152,1.937893773194852,1.8253711053404689,1.704919240296689,1.5875141229277625,1.480451337138428,1.3868969274823475,1.3118207622698401,1.2595329085519213,1.2327612714989573,1.2327612690630876,1.2595329004467806,1.3118207474059311,1.3868969050044693,1.4804513060536517,1.5875140831313808,1.7049191930965273,1.8253710520706015,1.9378937125064202,2.029600367336088,2.0876296999957367,2.1012007443884757,2.0638617222966675,1.9756407032646308,1.8441615249288315,1.6834763526315448,1.510195326320692,1.3395356631109845,1.182899831987428,1.0471897922557756,0.9353604552246391,0.8475612073941572,0.7823536499373388,0.7377241270198078,0.7118029741036184,0.7033125915897341
0.6769291660643326,0.6836070311780652,0.7039261764432032,0.7386832646482229,0.7889964151090387,0.8559615537180764,0.9401320195921934,1.0408308874857475,1.155381072610118,1.2784556740957322,1.4018733913461299,1.5152061925013611,1.6074082838584862,1.6692175108602025,1.695412529187422,1.6857619536736492,1.6445819108241488,1.5794414150759988,1.499585488684518,1.4143544505035521,1.331613291553816,1.2562723156961841,1.1899379350029737,1.136282677766257,1.098705764628996,1.0794058385257503,1.0794058365108432,1.0987057581494897,1.1362826663241254,1.1899379178403735,1.2562722919113003,1.3316132617265302,1.414354415916609,1.4995854494277292,1.5794413697464684,1.6445818582203526,1.6857618931260094,1.6954124591978628,1.6692174322974562,1.607408199603421,1.5152061039426443,1.4018733016624063,1.278455587113729,1.1553809895532938,1.0408308087847689,0.9401319470346504,0.8559614878344237,0.7889963512584864,0.7386832004409967,0.7039261122246107,0.6836069628191644,0.6769290966721287
0.6526429995310206,0.657775494915512,0.6733419726217342,0.6998027778362261,0.7377655125337689,0.7877343131819097,0.8497493909199406,0.9229387700938275,1.0050527381097827,1.0921180100957146,1.178406739095808,1.256914358553886,1.3204192522697273,1.362931723848369,1.3810292125209616,1.3745145527890426,1.346258290704057,1.3014456351990131,1.2465382383238792,1.1881305718906925,1.1317121289019778,1.080420154325303,1.0347372839023967,0.9973495869948303,0.9709517374584443,0.9573316562284091,0.9573316546981392,0.9709517325563166,0.9973495783282873,1.0347372708115914,1.0804201362108976,1.1317121064653646,1.188130545878881,1.2465382078314984,1.3014455988123035,1.346258248425565,1.3745145040483586,1.3810291554649852,1.3629316598681454,1.3204191841462827,1.2569142868798322,1.178406665763834,1.092117938882348,1.0050526707076246,0.9229387042268555,0.8497493278987744,0.7877342561527078,0.7377654560266032,0.6998027186699081,0.6733419134118492,0.6577754310048898,0.6526429322893489
0.6310556225242927,0.6349205081993965,0.6466067074648614,0.6663544978950996,0.6944487155058435,0.7310436703457893,0.775922947580661,0.8282177511281618,0.8861368954049902,0.946796742220442,1.0062632792490334,1.0599031682262738,1.1030593620926847,1.1319214453859643,1.1443171393784826,1.140138975335185,1.121301980803915,1.0913176363638613,1.0546367889736463,1.0158465975337294,0.9787005728602235,0.9450529283302864,0.9145817353485887,0.8892175266293776,0.8711015201572911,0.8616948895996348,0.8616948882864504,0.8711015159039135,0.889217519034921,0.9145817240937705,0.9450529132089489,0.9787005542727029,1.015846575758579,1.0546367630941915,1.09131760547511,1.1213019456152378,1.140138935499971,1.1443170932845532,1.1319213944325488,1.1030593084588411,1.0599031119362927,1.006263220573249,0.9467966837853916,0.8861368395846407,0.8282176945015092,0.7759228905790062,0.7310436178723981,0.694448663067609,0.6663544428788508,0.6466066538055546,0.6349204503819966,0.6310555597694637
0.6124258476339824,0.6152840315070585,0.6239018903257558,0.6383851822160467,0.6588299784308098,0.6852050550212196,0.7171973256466464,0.7540407644998763,0.7943662042328224,0.836126708252325,0.8766607595572146,0.912938979235384,0.9419894364304515,0.9614194197970394,0.9698850787369484,0.9673602589119616,0.9551390846597452,0.935601728209691,0.9118079557863058,0.8869358066115725,0.8635112429435943,0.8424807855610845,0.8229521120475792,0.8062799797529088,0.7941716208992307,0.7878274769642342,0.7878274756395448,0.7941716166929398,0.8062799724305054,0.8229521017322682,0.8424807724036907,0.8635112269988068,0.8869357878067845,0.9118079336083326,0.9356017022979416,0.9551390556635558,0.9673602264021126,0.9698850415531441,0.9614193789570823,0.9419893932128433,0.9129389337403512,0.8766607112218787,0.8361266582520859,0.7943661554649554,0.7540407140698966,0.7171972738363105,0.6852050072186808,0.6588299305796707,0.6383851319331085,0.6239018416714119,0.6152839788565786,0.612425789594526
0.5967496831178755,0.5988299020065678,0.6050859022818461,0.6155473880993683,0.6302103334243344,0.6489606914583219,0.6714780765847616,0.6971351718014255,0.7249178917637702,0.7533991171229361,0.7807995206086957,0.8051557718057311,0.8245862650117637,0.837604333641605,0.8433982672455478,0.8420001053188457,0.8343048629900504,0.8219469269976323,0.8070511995453595,0.7918339493446347,0.7779739509366707,0.7657876021528796,0.7539833314301378,0.7434828345368988,0.7356573723996579,0.7315016481880217,0.7315016468349603,0.7356573682686811,0.7434828275794512,0.753983321942742,0.7657875905268534,0.7779739372202168,0.7918339332737515,0.8070511808071728,0.8219469055448121,0.8343048390826223,0.8420000782678376,0.8433982363247094,0.8376042995176141,0.8245862282553506,0.8051557330393235,0.7807994795210556,0.7533990739400215,0.7249178490237606,0.6971351271292339,0.6714780304828016,0.6489606488533118,0.6302102899951715,0.615547341573878,0.6050858564519932,0.5988298520681686,0.5967496282704092
0.5838432549763612,0.5853360876643976,0.5898151296581267,0.5972713695072545,0.6076552527083626,0.6208287527171307,0.6365071511744396,0.65420180207795,0.6731800120025231,0.6924612238091575,0.7108671173240271,0.7271339488018268,0.740078075689888,0.7487849923583568,0.7527782076261288,0.7521270127042353,0.7474713921071526,0.7399616762492953,0.7311061482863546,0.7224770005625597,0.7151785341900112,0.7090964784170253,0.7026637328808866,0.6964816846224194,0.6916660993064121,0.6890522349411238,0.6890522335932391,0.6916660953751904,0.6964816781955339,0.7026637241486356,0.7090964678568428,0.7151785221061188,0.7224769866682303,0.7311061322061876,0.7399616581228898,0.7474713720581869,0.7521269899086322,0.7527781815501529,0.7487849634317322,0.7400780440126025,0.727133915024335,0.7108670815132471,0.692461186118725,0.6731799742517002,0.6542017619142583,0.6365071094190938,0.6208287136830825,0.6076552122623218,0.5972713261450916,0.5898150865371685,0.5853360402951766,0.5838432031276699
0.5734162294835488,0.5744743207406314,0.5776423444334114,0.5828948355001682,0.5901677595318061,0.5993292988612101,0.6101457086714951,0.6222499014408622,0.6351228612716472,0.6480988860560121,0.6604037286423203,0.6712286764700314,0.679833828904625,0.6856633993877804,0.6884496403068793,0.6882841263726943,0.6856442609096346,0.6813689876120607,0.6765645464478913,0.6723771654162723,0.669526461311494,0.6676075037902702,0.6648657097467708,0.6616696217096045,0.6589443623291182,0.6574040739545609,0.657404072604223,0.658944358590176,0.6616696159159802,0.664865702019156,0.6676074945114707,0.6695264509030666,0.6723771535995262,0.676564532697225,0.6813689720965029,0.6856442437896559,0.6882841068266207,0.6884496177808115,0.6856633743601953,0.6798338015402627,0.6712286468766543,0.6604036966685903,0.6480988522872928,0.6351228271367232,0.6222498647711756,0.6101456706475292,0.5993292628492114,0.5901677218470324,0.5828947956072381,0.5776423043477901,0.5744742760003666,0.5734161805740733
0.5651298665498111,0.5658716788098923,0.5680885976933417,0.5717509647274939,0.5767962445428136,0.5831117409091343,0.5905152029869211,0.5987383197477563,0.6074192944731686,0.6161107161650848,0.6243073295547941,0.631494608279734,0.6372136472924712,0.6411327215528257,0.6431132600847811,0.6432595208721922,0.641945261525143,0.6398100150596091,0.637699632581147,0.6364808657500454,0.6366180027953829,0.6375119082894455,0.6372820989887491,0.6361305852468828,0.634842793404033,0.6340426504105523,0.6340426491845702,0.634842790118549,0.6361305804421934,0.6372820928260163,0.6375119008811637,0.6366179943435311,0.6364808560151785,0.6376996211027826,0.6398100019334416,0.6419452468239945,0.6432595037817064,0.6431132399277746,0.6411326989992606,0.6372136230868278,0.6314945821260979,0.6243073008087583,0.6161106856551128,0.6074192632517705,0.598738286256379,0.5905151687841756,0.5831117079156756,0.5767962095059491,0.5717509278193503,0.5680885595272994,0.5658716356372773,0.5651298200262782
0.5586386134348731,0.55915373402675,0.5606906394233202,0.5632215305738998,0.5666923552827048,0.5710128958546148,0.5760461536673328,0.5816001885461474,0.5874261520844088,0.5932260071810972,0.5986722505522011,0.6034398037535328,0.6072473478793613,0.6099029130698673,0.6113476369800888,0.611692678799204,0.611245623719857,0.6105185157000954,0.6101891542932564,0.6109418260405058,0.6130723909803579,0.615852981049389,0.6173195675546034,0.6175567799392179,0.6172493524263555,0.6169552161148083,0.6169552152042013,0.6172493499480676,0.6175567763593754,0.6173195630910369,0.6158529755670921,0.6130723843139547,0.6109418180055739,0.6101891447059182,0.6105185045772036,0.6112456109501065,0.61169266374021,0.6113476189890903,0.6099028927450894,0.6072473263000083,0.6034397805639099,0.5986722249444235,0.5932259798350822,0.5874261233188605,0.5816001576994533,0.5760461226517735,0.5710128650742556,0.5666923223996387,0.5632214962536054,0.5606906025486376,0.559153691968645,0.5586385691718341
0.5536169377562786,0.5539716716514634,0.5550285079490542,0.5567639613969595,0.559134483536625,0.5620709742993681,0.5654732434266863,0.5692063630956319,0.57310114791143,0.5769607346089513,0.580574437199414,0.5837388737908252,0.5862848824210608,0.5881076656019637,0.5891975016336589,0.5896691156290705,0.5897877456550403,0.5899839223803617,0.5908271524035367,0.5928829409912962,0.5963365198952165,0.6003752191622135,0.6029801530793494,0.6041542667479826,0.604510769789305,0.6045600908145606,0.6045600902052791,0.6045107679952635,0.6041542640057751,0.6029801496932301,0.6003752150248547,0.5963365146360816,0.5928829343776588,0.5908271444213546,0.5899839129592735,0.5897877345114041,0.5896691024756139,0.5891974861429022,0.5881076480046838,0.5862848634614234,0.5837388531319153,0.5805744143233459,0.5769607099399323,0.5731011210395719,0.5692063345080434,0.5654732150802789,0.5620709451239801,0.5591344527223846,0.5567639299102203,0.555028472604513,0.5539716309302017,0.5536168958937783
0.5497743432984821,0.5500168776839266,0.5507385205950053,0.5519206302033723,0.5535297141327254,0.5555145207018483,0.5578033486129124,0.5603027415091236,0.5628988966869323,0.5654629283867659,0.5678606085506313,0.5699666135508137,0.5716826245125389,0.5729582624071294,0.5738141057949669,0.5743665898860223,0.5748537769643596,0.5756540247258582,0.5772670782517884,0.5801812451737343,0.5845093099208506,0.5893830119977359,0.5927477802636408,0.5945503474364392,0.5953537667613411,0.5956347627940393,0.5956347623434916,0.5953537653483733,0.5945503451392559,0.5927477773918188,0.5893830086179508,0.5845093057007014,0.580181239776427,0.5772670716817366,0.5756540169075243,0.5748537674751807,0.5743665786198495,0.573814092759936,0.5729582475428174,0.5716826080262623,0.569966595082474,0.5678605879551577,0.5654629058517082,0.5628988715039913,0.5603027154867567,0.5578033231925048,0.5555144932570301,0.553529685545699,0.5519206015162359,0.5507384867308158,0.5500168383530697,0.5497743038352544
0.5468617525244615,0.5470265665241817,0.5475164111458045,0.5483171008298724,0.5494037256466818,0.5507392026586253,0.5522731281686732,0.5539416209715227,0.5556689435671119,0.5573715932085193,0.5589652308459352,0.5603745591904997,0.5615460330391003,0.5624632860289935,0.5631655917396865,0.5637701014175618,0.5644973869451202,0.5656923609830612,0.5678098139943504,0.5712879245883765,0.5761921307415775,0.5816178666786715,0.585487536650332,0.5877095658237705,0.5888122316143445,0.5892486458991331,0.5892486455075572,0.5888122304724737,0.5877095640044859,0.5854875342756893,0.5816178638507121,0.5761921272859274,0.5712879201778973,0.5678098086579572,0.565692354721438,0.5644973792019103,0.5637700919369668,0.5631655806902951,0.5624632733894774,0.5615460187652336,0.5603745428734792,0.5589652125002086,0.5573715727509267,0.5556689203364792,0.5539415979402027,0.5522731058813309,0.5507391771609219,0.54940369930225,0.548317074552853,0.5475163786496936,0.5470265287776856,0.5468617155609397
0.5446721139645043,0.5447835498305456,0.5451144308848742,0.5456542916791013,0.5463850759532959,0.5472804881405376,0.5483056439772276,0.5494174290143492,0.5505660296823311,0.5516980883146603,0.5527617435868278,0.5537137468448354,0.5545288741085894,0.5552120472573702,0.5558140842067674,0.5564523464154248,0.5573361180484732,0.5587888365801235,0.5612363058291243,0.5650841655478468,0.5703669531579151,0.576156455905592,0.580360326204127,0.5828611071340795,0.5841632049107925,0.5847033730438803,0.5847033726840409,0.5841632040296412,0.582861105889688,0.580360324479166,0.5761564536969498,0.5703669504211131,0.5650841620756417,0.5612363016960495,0.5587888318000639,0.5573361119766246,0.5564523386152159,0.5558140749023742,0.5552120365594719,0.5545288618220066,0.55371373250622,0.5527617273595137,0.5516980699729546,0.5505660086975346,0.5494174090189791,0.5483056246212162,0.5472804647717852,0.5463850519289434,0.5456542675843576,0.5451144000777384,0.544783514238996,0.5446720797756393
0.5430375262515749,0.54311257192789,0.5433352213535693,0.5436979380958865,0.544187904762691,0.5447867968044295,0.5454708201754801,0.5462112630206928,0.5469758363507352,0.5477311248770705,0.5484463740632624,0.5490988653115808,0.5496813066413058,0.5502119638087904,0.5507487907650838,0.5514091230220981,0.55239494346271,0.5540158795972773,0.5566790328419823,0.5607689250695753,0.5662999417271002,0.572328491281365,0.5767528269376906,0.5794381383309298,0.5808725921264413,0.581481721781594,0.5814817215257337,0.5808725916052797,0.5794381377145909,0.5767528260019531,0.5723284899364378,0.5662999399209782,0.5607689226496048,0.5566790298821445,0.5540158760487741,0.5523949387435257,0.551409116772501,0.550748783259075,0.5502119550804694,0.5496812961788623,0.5490988526563988,0.5484463597037008,0.5477311086368999,0.546975817819706,0.5462112459551596,0.5454708035780391,0.5447867759690879,0.5441878833061695,0.5436979161169836,0.5433351926848988,0.5431125389863055,0.5430374949537847
0.5418245676698688,0.541874960878616,0.5420243727871802,0.5422674841597462,0.5425953595990133,0.5429954338456348,0.5434517176886475,0.5439453889130909,0.5444559336866323,0.5449630867698784,0.5454497936456093,0.5459064898271766,0.5463372500015982,0.5467687172577348,0.5472632624580067,0.5479381030429382,0.5489904923712284,0.5507211676786068,0.5535251579279835,0.5577732797840402,0.5634667783792523,0.5696520612165172,0.5742214128131966,0.5770284679230009,0.5785504354995068,0.5792052224837035,0.5792052224335132,0.5785504354637275,0.5770284679340134,0.5742214126971514,0.569652060897733,0.5634667777080741,0.5577732785602044,0.5535251561776164,0.5507211652731084,0.5489904888600339,0.547938098257863,0.5472632567104516,0.5467687104238204,0.5463372413064338,0.545906478923258,0.5454497812350225,0.5449630726785362,0.5444559176938307,0.5439453745504336,0.5434517035975053,0.5429954157913597,0.5425953408168425,0.5422674642641873,0.5420243467151402,0.5418749309720331,0.5418245392993339
0.5409289821081531,0.5409627635186623,0.5410628747044492,0.5412256280533423,0.5414448988185323,0.5417122112560152,0.5420170021888744,0.5423471852070426,0.5426901196600209,0.5430341892820956,0.543371224358836,0.5437000924888499,0.544032083075994,0.544399107945708,0.5448662769630882,0.5455506701492014,0.5466464765066421,0.5484487079758301,0.5513446001534411,0.5556960751975408,0.5614958049343333,0.5677836803521263,0.5724481948856384,0.5753353383152018,0.57691498260276,0.5775998940065686,0.5775998941951759,0.5769149830837151,0.5753353389213117,0.5724481955181714,0.5677836809687863,0.5614958053341715,0.5556960751806413,0.5513445997106019,0.5484487069192724,0.5466464744532997,0.5455506669758813,0.5448662729340458,0.54439910287541,0.5440320761742259,0.5437000835561253,0.5433712139972837,0.5430341773110374,0.5426901062724726,0.5423471733362448,0.5420169902103577,0.5417121958813268,0.5414448825861343,0.5412256102059044,0.5410628516415923,0.5409627370033189,0.5409289568097355
0.5402704398201852,0.5402930772144635,0.5403601441243798,0.5404691283824605,0.5406159041805922,0.5407948599740658,0.540999167777419,0.5412212982317197,0.5414538539537106,0.5416908963299887,0.541930014730946,0.5421754855614627,0.5424431849757562,0.5427683458535698,0.543217781570478,0.543908448827984,0.5450325538709004,0.5468814239457293,0.5498372663896361,0.5542562312319453,0.5601253881155306,0.566480361250319,0.5712072213172519,0.5741469303757424,0.5757644851392574,0.5764692147437411,0.5764692151022163,0.5757644860194048,0.5741469315198415,0.571207222648342,0.5664803626816785,0.5601253894727918,0.5542562323897792,0.5498372672708193,0.5468814243306117,0.5450325534593939,0.5439084474527218,0.5432177793692698,0.5427683425917202,0.5424431799245977,0.5421754786058208,0.5419300062660682,0.5416908864579427,0.5414538434623518,0.5412212889270387,0.5409991577592353,0.540794847285179,0.5406158904387788,0.540469112478988,0.5403601241156692,0.5402930540964297,0.5402704175667679
0.539787772312971,0.5398029608641043,0.539847957369743,0.539921082592459,0.5400196123198485,0.5401399189677342,0.5402777254352258,0.5404285682672391,0.540588530398076,0.5407553954261202,0.5409304854427198,0.541121549527002,0.5413473853872285,0.5416453252051894,0.5420832468153498,0.5427780102845684,0.5439205435534249,0.5457998073599684,0.548794769508595,0.5532578348308718,0.559172401913314,0.5655712761628507,0.5703389559791038,0.5733131163151781,0.5749555406269833,0.5756732791522593,0.575673279567212,0.5749555416885558,0.573313117832861,0.5703389578958241,0.5655712783218656,0.5591724042132985,0.5532578372177481,0.5487947717452135,0.5457998091775501,0.5439205447936091,0.5427780107626788,0.5420832465238874,0.5416453238353826,0.5413473822748118,0.5411215445924112,0.5409304788847116,0.5407553877899489,0.5405885229752302,0.540428561460934,0.5402777173505376,0.5401399091695136,0.540019601189974,0.5399210686182355,0.5398479403179586,0.539802940958723,0.5397877528897359
0.5394348624624494,0.5394450864500756,0.5394753831557135,0.5395246560353435,0.5395911523550507,0.5396726061920759,0.5397664715146303,0.539870338346704,0.5399825932759861,0.5401034579599386,0.5402366747954481,0.5403922253593465,0.5405907725681853,0.5408709803977994,0.5413013964958421,0.5419988129206361,0.5431533391175787,0.5450524222490808,0.5480729488177001,0.5525648945173504,0.5585092411642693,0.5649369047879496,0.5697313339560656,0.5727280674280034,0.5743867906337325,0.5751130571087756,0.5751130575604267,0.5743867918348493,0.5727280692497899,0.5697313363516312,0.5649369075678049,0.5585092443101832,0.5525648980622939,0.5480729524117017,0.5450524255685196,0.5431533420921858,0.5419988153005973,0.5413013980910343,0.5408709808696499,0.5405907714567125,0.5403922226803597,0.5402366704972279,0.5401034528003864,0.5399825887641191,0.5398703336956621,0.5397664652856141,0.5396725993253034,0.5395911438688207,0.5395246441816818,0.5394753692195373,0.5394450697868864,0.5394348457914008
0.5391772314931031,0.5391841540509249,0.5392046809937713,0.5392381193813236,0.5392833837320348,0.5393391352761301,0.5394039965548899,0.5394769283655855,0.5395578387191267,0.539648545238213,0.5397543608341296,0.5398867047995243,0.5400674343880147,0.5403360625056431,0.5407615625837895,0.5414606842752019,0.5426230189903682,0.5445350528899989,0.5475723417986033,0.5520832870399863,0.5580472680075704,0.5644939066467946,0.5693059186463819,0.572317463632171,0.5739868733497112,0.5747187298514138,0.5747187303764802,0.5739868747710893,0.5723174658048601,0.5693059215215784,0.5644939100487341,0.5580472719421098,0.5520832916077856,0.5475723466629662,0.5445350577009134,0.5426230236936379,0.5414606885382078,0.5407615660155366,0.5403360647522943,0.5400674352772117,0.5398867045130347,0.539754359120386,0.539648542825552,0.5395578370590849,0.539476925825774,0.5394039922592001,0.5393391310944469,0.539283377685155,0.5392381098907819,0.5392046703472673,0.5391841406737826,0.5391772175948378
0.5389892839889396,0.5389940148564353,0.5390080588755367,0.539031000306156,0.5390622089622179,0.5391009731765429,0.5391467006268925,0.5391992648111514,0.5392595770216948,0.5393304994331365,0.5394183651940962,0.5395355214345182,0.5397045929911486,0.5399656373996813,0.5403879027397183,0.5410881171219699,0.542255550260124,0.5441760854808602,0.5472244346327119,0.5517479800575208,0.55772502753241,0.5641842857968526,0.5690079275023494,0.572029228810538,0.573705662188301,0.5744411890319859,0.5744411896213566,0.5737056638177983,0.5720292313171744,0.5690079308579541,0.5641842899006372,0.5577250323483389,0.5517479856494867,0.5472244407058202,0.5441760916609996,0.5422555564909392,0.5410881230932719,0.5403879079459369,0.5399656414609115,0.5397045959141177,0.5395355234965502,0.5394183661340877,0.539330499916453,0.5392595782292503,0.5391992645290218,0.539146698375288,0.539100971318958,0.5390622051809743,0.5390309934272328,0.5390080514594371,0.538994004642593,0.5389892728911718
0.5388521329147157,0.5388554106423155,0.5388651576210621,0.5388811468945995,0.5389030574463946,0.5389305996942152,0.5389637066741833,0.5390028582618861,0.5390496266098461,0.5391075577685914,0.539183648833385,0.5392908473242984,0.5394522735958173,0.5397083375502346,0.5401284680519584,0.5408293876911023,0.5420001727137578,0.5439263357727985,0.5469820603022417,0.551514070593041,0.5574999424407503,0.5639677152605979,0.5687991310920779,0.5718269057959107,0.5735079795226853,0.5742459262460543,0.5742459269001787,0.5735079813832242,0.5718269086663373,0.5687991349146688,0.5639677200368497,0.5574999481128289,0.5515140771502836,0.5469820675201612,0.5439263432704955,0.5420001803714931,0.5408293952233265,0.5401284749083044,0.5397083434082872,0.5394522785742591,0.5392908516501668,0.5391836523578345,0.5391075610601792,0.5390496303992084,0.5390028601010256,0.5389637064317164,0.5389305999027009,0.5389030559426835,0.5388811428371523,0.538865153263628,0.538855403539688,0.5388521248109664
0.5387519125252916,0.5387542275300541,0.5387611284015644,0.5387725157320251,0.5387882774540468,0.5388084070834623,0.5388331881482357,0.538863502793598,0.5389013580729459,0.5389507479668253,0.539019102734252,0.5391197598320465,0.5392761613050175,0.5395289475468527,0.5399476696288443,0.5406490563053534,0.5418220739313,0.5437520149200764,0.5468127388509817,0.551350546544224,0.5573425074035038,0.5638161482035402,0.5686528465093583,0.5716849677140438,0.5733691349276863,0.5741086890846447,0.5741086897937745,0.5733691370140724,0.5716849709598086,0.5686528507646003,0.563816153537066,0.5573425137858978,0.5513505539265687,0.5468127471317845,0.5437520237545819,0.541822083047822,0.5406490653304372,0.5399476779525406,0.539528955015856,0.5392761682124526,0.5391197662890058,0.5390191087261674,0.5389507538532232,0.5389013640206524,0.5388635065550156,0.5388331899603653,0.5388084092669962,0.5387882782157016,0.5387725145033756,0.5387611269291223,0.5387542236060727,0.538751907695207
0.5386784877497004,0.5386801651053071,0.5386851814901966,0.5386935232146266,0.538705218779141,0.5387204509416799,0.5387397364953632,0.5387642243782839,0.5387962078028099,0.5388399742533337,0.5389032374341591,0.5389995893169007,0.5391526823286367,0.5394033098170393,0.5398211082950007,0.5405228208079064,0.5416973580035526,0.5436298893350568,0.5466940830468435,0.5512359690171759,0.5572322561071723,0.5637100598593205,0.5685504324763815,0.5715855245815916,0.5732717832525224,0.5740124180478683,0.5740124187464342,0.5732717853993139,0.5715855280397394,0.5685504370511846,0.5637100656377754,0.5572322631122563,0.5512359771937931,0.5466940923774242,0.5436298994702397,0.5416973684759828,0.5405228311726344,0.5398211179319596,0.5394033187477929,0.5391526910083728,0.5389995977368249,0.5389032457253179,0.5388399824974158,0.5387962155981454,0.538764230010417,0.5387397404876318,0.5387204550332845,0.5387052216869935,0.538693524712733,0.53868518277475,0.5386801643314967,0.5386784862556601
0.5386244778584006,0.5386257328666532,0.5386295014098653,0.5386358272018248,0.5386448331017816,0.5386568280354072,0.5386724835712137,0.5386931256248402,0.5387212359285357,0.5387612944439789,0.5388212010009074,0.538914714794819,0.539065627177204,0.5393148348786763,0.5397320366171777,0.5404339951739385,0.5416096003579607,0.5435439612616555,0.5466106404190905,0.5511554959761152,0.5571549718307426,0.5636358388239555,0.5684788475934685,0.5715160213986954,0.573203723107296,0.5739450974505802,0.573945098136729,0.5732037252551528,0.5715160249530967,0.5684788523748178,0.5636358449168083,0.5571549793458512,0.5511555049047356,0.5466106507572427,0.5435439725753349,0.5416096119640528,0.5404340066497644,0.5397320474662072,0.5393148452456097,0.5390656375594841,0.5389147250523367,0.5388212113815536,0.5387613047514286,0.5387212452874356,0.5386931330059986,0.538672489680437,0.538656833900173,0.5386448380545678,0.5386358313322597,0.5386295052873702,0.5386257349981229,0.5386244794985591
0.5385845248069656,0.5385855000606062,0.5385884421168432,0.5385934328697496,0.5386006584961787,0.5386105120693473,0.5386237675649749,0.5386418682600161,0.5386674203785938,0.5387050303165769,0.5387627206262192,0.5388543613384287,0.5390038367495398,0.53925211508182,0.5396689423864814,0.5403711046685871,0.5415474931584321,0.5434831966072537,0.5465517268615303,0.5510988347873639,0.5571007624032501,0.5635839805216634,0.5684289536812936,0.5714676337603605,0.5731563587146243,0.5738982517179383,0.5738982524521737,0.5731563609331056,0.5714676373883868,0.5684289586032302,0.5635839868487481,0.5571007703356537,0.5510988443380531,0.5465517379929221,0.5434832088619301,0.5415475056935743,0.5403711170648806,0.5396689543190152,0.5392521267931715,0.5390038487043025,0.5388543732763525,0.538762732818736,0.5387050423363284,0.5386674310464592,0.538641877203897,0.5386237755919191,0.538610519581402,0.5386006653814358,0.538593439357924,0.5385884482103372,0.5385855046830602,0.5385845292605157
0.5385547493503531,0.5385555392203681,0.5385579336595815,0.5385620397141035,0.538568085892452,0.538576521545573,0.5385881883709802,0.538604607436001,0.5386284674671459,0.5386644581662601,0.5387206833920942,0.5388110874491533,0.5389596179221116,0.5392072938808998,0.5396238990128892,0.540326244576355,0.5415032372329587,0.5434399707839592,0.5465099415025758,0.5510588347058322,0.5570627325155516,0.5635478367737549,0.568394337227975,0.5714341499921084,0.5731236258576154,0.5738658941888896,0.5738658949526436,0.5731236280748132,0.5714341535904417,0.568394342229899,0.5635478433373701,0.5570627408763408,0.5510588447928069,0.5465099531663375,0.5434399836569611,0.5415032504568652,0.5403262576781431,0.5396239118083462,0.5392073067046556,0.5389596311880939,0.5388111008256007,0.5387206970625756,0.5386644715613045,0.5386284793105324,0.538604617824182,0.5385881981132649,0.5385765305973101,0.53856809449702,0.538562048090557,0.5385579415197734,0.5385555459320646,0.5385547562480726
0.5385323493467838,0.53853301618942,0.5385350474841034,0.5385385668021071,0.5385438307251726,0.5385513262997733,0.5385619401003989,0.5385772447381566,0.538599983872595,0.5386349024005955,0.5386901583972149,0.5387797466185471,0.5389276587356944,0.5391749512218399,0.5395914389669855,0.5402939594490301,0.5414714432814256,0.5434090051760619,0.5464801480799838,0.5510305187258258,0.5570360675502424,0.5635227498993264,0.5683704902064072,0.5714111914016271,0.5731012407226371,0.5738437910998461,0.5738437918374341,0.5731012428507006,0.5714111949411343,0.5683704952799418,0.5635227566294158,0.5570360762113,0.5510305292381812,0.5464801601363136,0.5434090184126957,0.5414714568909007,0.5402939729617376,0.5395914523842575,0.5391749649450274,0.5389276730628949,0.5387797611923436,0.5386901732177578,0.5386349168449278,0.5385999967689441,0.5385772564094582,0.5385619512818363,0.538551336734668,0.5385438408010824,0.5385385766680574,0.538535056854909,0.5385330247207898,0.538532358286951
0.5385153044400798,0.5385158894683473,0.5385176795946015,0.5385208093208084,0.5385255537200493,0.5385324250668265,0.5385423398212137,0.538556904752524,0.5385789002826639,0.5386131081775984,0.5386677229906465,0.5387567743270377,0.5389042854381791,0.5391513413591333,0.5395677838582554,0.5402704769469497,0.541448380074874,0.5433866383830003,0.5464587753324923,0.5510104165427098,0.5570174001300024,0.5635054519744177,0.5683542398978034,0.5713956678106383,0.5730861738537266,0.5738289451559196,0.573828945857499,0.5730861759152341,0.571395671352745,0.5683542450458708,0.563505458744817,0.557017408859464,0.5510104273021379,0.5464587876885062,0.5433866517953743,0.5414483937881795,0.5402704906374909,0.5395677977795559,0.5391513558742687,0.5389043006049149,0.5387567898258893,0.5386677386061891,0.5386131233045846,0.5385789140344512,0.538556917484576,0.5385423521378431,0.5385324367012277,0.5385255650276866,0.5385208203737155,0.5385176902968843,0.5385158995602797,0.5385153149864519
0.5385021598842163,0.5385026904083918,0.5385043200857209,0.5385071907189575,0.5385115895215205,0.5385180455840239,0.5385274954315118,0.5385415685383595,0.538563070091593,0.5385968067682876,0.5386509979587557,0.5387396978228962,0.5388869529773956,0.5391338710763075,0.5395503177356493,0.5402531834773125,0.5414314592347534,0.5433703259238611,0.5464433357030842,0.5509961042985255,0.5570043712738091,0.5634936468252668,0.568343350687467,0.5713853963205338,0.5730762811365679,0.5738192327629508,0.5738192334147492,0.5730762830762907,0.5713853997304588,0.5683433557741983,0.5634936536304934,0.5570043800874781,0.5509961152046846,0.5464433481792348,0.5433703392927443,0.5414314728882781,0.5402531972922868,0.5395503321297748,0.5391338862333981,0.5388869686675436,0.5387397138842867,0.5386510139995473,0.5385968222410156,0.5385630845067758,0.5385415821411418,0.5385275086145871,0.5385180581793964,0.538511601761505,0.5385072026411292,0.5385043318646132,0.5385027017486204,0.5385021716036114
0.5384918691621882,0.5384923632912998,0.538493885961923,0.5384965839531611,0.538500752468811,0.5385069317028599,0.538516071746512,0.5385298172476627,0.5385509902280025,0.5385844144979502,0.53863832665822,0.5387267985812658,0.5388738948307933,0.5391207415960437,0.5395372259966256,0.5402402647377262,0.5414188815589033,0.5433582959704132,0.5464320933135943,0.5509858863560877,0.5569953261065428,0.5634857189353559,0.5683362453469644,0.5713788333587971,0.5730700438682199,0.5738131483676066,0.5738131489633554,0.5730700456404128,0.5713788364917365,0.5683362502190089,0.5634857257921213,0.5569953350618352,0.5509858972677757,0.5464321056493616,0.5433583091357573,0.5414188951745392,0.5402402787398489,0.5395372407754799,0.5391207571389813,0.5388739107145631,0.5387268148793691,0.5386383428333275,0.5385844300531545,0.5385510050780908,0.5385298314551654,0.5385160854549326,0.5385069449170985,0.5385007653301005,0.5384965965119728,0.5384938986006865,0.5384923756135749,0.5384918817114633
0.53848367982941,0.5384841495828449,0.5384856006166594,0.5384881832047259,0.5384921979231512,0.5384981922403754,0.538507125466108,0.5385206524396424,0.5385416067014663,0.5385748241185543,0.5386285535327043,0.5387168799271156,0.5388638822304229,0.5391107024050095,0.5395272471630408,0.5402304586901993,0.5414093938727941,0.5433493121113755,0.546423834247957,0.5509785742901487,0.5569891020391398,0.5634805304545484,0.5683318100671588,0.5713748863988052,0.5730663853889343,0.5738096237332587,0.5738096242761723,0.5730663870591952,0.5713748893658356,0.5683318147330946,0.563480537226405,0.5569891109199465,0.5509785849819203,0.5464238462965989,0.5433493250571211,0.5414094074905055,0.5402304728346281,0.5395272621361467,0.5391107181110026,0.5388638981339781,0.5387168962472236,0.5386285696075701,0.5385748395141211,0.5385416216764792,0.5385206669127062,0.5385071393841009,0.5384982057945059,0.5384922112194145,0.5384881962840312,0.5384856138853962,0.5384841625631812,0.5384836928738049
0.538477050734656,0.538477504164639,0.5384789070650107,0.5384814121697225,0.5384853238142501,0.5384911942442674,0.5384999891040514,0.5385133701734405,0.5385341788909619,0.5385672598015273,0.5386208707736683,0.5387091067382125,0.5388560585081003,0.5391028819834551,0.539519501997218,0.5402228852971751,0.5414021214457982,0.5433425098537911,0.5464177078325508,0.5509733333005686,0.5569848806392955,0.5634772787360236,0.5683292574771313,0.5713727815268004,0.5730645418472734,0.5738079003785275,0.5738079008104117,0.5730645433719618,0.5713727844219194,0.5683292619934572,0.5634772852713767,0.5569848892592433,0.5509733437508987,0.546417719645725,0.5433425225267019,0.5414021348533781,0.5402228993172624,0.539519516937751,0.5391028977253983,0.5388560743734174,0.5387091229164088,0.5386208865686317,0.5385672748941459,0.5385341937555209,0.5385133846926509,0.5385000031084626,0.538491207997344,0.5384853374117002,0.5384814256075814,0.5384789205865673,0.538477517330362,0.5384770638571534
0.5384715922039505,0.538472034750083,0.5384734052529764,0.5384758581230209,0.5384797004399732,0.538485487582712,0.5384941895978319,0.538507473165526,0.5385281851773793,0.5385611765355248,0.5386147120907407,0.5387028945653418,0.5388498247922849,0.539096671269824,0.5395133758202189,0.540216928882359,0.5413964518140223,0.5433372832480325,0.5464131168097662,0.5509695759370149,0.5569820845831654,0.5634753964205255,0.5683280300027282,0.5713719697649081,0.5730639706655436,0.5738074392141436,0.5738074395248827,0.5730639720044941,0.5713719725648687,0.5683280343797683,0.563475402684088,0.5569820929018664,0.5509695861335839,0.5464131282904496,0.5433372954262826,0.5413964647562229,0.540216942636065,0.5395133906711593,0.5390966869925949,0.5388498405651712,0.5387029104658578,0.5386147275219083,0.5385611912970463,0.5385281997636476,0.5385074875542444,0.5384942035707774,0.5384855012987548,0.5384797140600658,0.5384758716568709,0.5384734186468123,0.5384720477200878,0.53847160513495
0.538467023133438,0.5384674584535072,0.5384688071296153,0.5384712246439596,0.5384750202050334,0.5384807512233598,0.5384893907629924,0.5385026091513571,0.5385232571500526,0.5385561903533489,0.5386096792679067,0.5386978330235823,0.5388447610582744,0.53909164335239,0.5395084376633047,0.5402121572705657,0.5413919544044489,0.543333205760041,0.5464096403542801,0.5509668877880163,0.5569803058802902,0.5634744817550911,0.568327732104124,0.571372061066125,0.5730642858023088,0.573807856349054,0.573807856659062,0.5730642870849812,0.571372063726386,0.5683277362839916,0.5634744877218538,0.5569803137804615,0.550966897461864,0.5464096512045673,0.5433332173167633,0.5413919669359702,0.5402121708870086,0.5395084524464843,0.5390916589286366,0.5388447766250424,0.5386978485510674,0.5386096943135712,0.538556204766972,0.5385232712795853,0.5385026231989734,0.5384894044923233,0.5384807645313963,0.5384750334453425,0.538471237949785,0.5384688200555329,0.5384674709652635,0.5384670357881782
0.5384631401845434,0.5384635707296368,0.5384649047257848,0.5384672981864883,0.5384710621213259,0.5384767552969889,0.5384853527306239,0.5384985275723524,0.5385191335085134,0.5385520296177252,0.5386054911078699,0.5386936326608232,0.5388405713145251,0.5390874976428326,0.539504384269587,0.5402082662520769,0.5413883256417656,0.5433299759692604,0.5464069805182651,0.550964975141437,0.5569792551351294,0.5634742494269652,0.5683280824832578,0.5713727777506984,0.5730652121896656,0.5738088779560953,0.5738088783410512,0.5730652134497012,0.5713727801330863,0.5683280863459824,0.5634742550590224,0.5569792625270875,0.5509649841143729,0.546406990637977,0.5433299869891509,0.5413883378503831,0.5402082796732153,0.5395043987787702,0.5390875128453807,0.5388405865982043,0.5386936478165786,0.5386055057761373,0.5385520436309377,0.5385191470152789,0.5384985410900608,0.5384853660108493,0.5384767679050857,0.538471074686788,0.5384673109956882,0.5384649168721031,0.538463582516788,0.5384631523915927
0.5384597956070803,0.5384602230060255,0.5384615472251413,0.5384639242571423,0.5384676666975919,0.5384733343828304,0.5384819035009026,0.5384950493719456,0.5385156280592416,0.5385485012801379,0.5386019481708272,0.5386900883823855,0.5388370458276682,0.5390840210605419,0.5395010006928714,0.5402050403547413,0.541385350556455,0.5433273801936569,0.5464049256380512,0.550963628968094,0.5569787261868786,0.5634744960006067,0.5683288802717368,0.5713739213116509,0.5730665531764649,0.5738103082790668,0.5738103086938146,0.5730665543205519,0.5713739233500018,0.5683288837793435,0.56347450123405,0.5569787329863323,0.5509636371805607,0.546404935034825,0.5433273906978331,0.5413853623361894,0.5402050534051187,0.5395010148315403,0.5390840359016191,0.5388370608866058,0.538690103133601,0.5386019622810291,0.5385485145956879,0.5385156406039732,0.5384950620182313,0.5384819160330455,0.5384733460956117,0.5384676784680722,0.538463936456811,0.5384615585163995,0.5384602340728066,0.538459807325692
0.5384568814229188,0.5384573067120647,0.5384586245495284,0.5384609904036526,0.538464718121386,0.5384703685916209,0.5384789187396778,0.5384920455213333,0.5385126070455521,0.5385454671081641,0.5385989081132466,0.5386870541994212,0.5388340354889941,0.5390810619790873,0.5394981336494789,0.5402023256616202,0.5413828755348512,0.543325265764224,0.5464033244191068,0.5509626997295707,0.5569785714934664,0.5634750758834457,0.5683299815623389,0.5713753492409023,0.5730681674378287,0.5738120067059282,0.5738120070829206,0.573068168443078,0.5713753510627751,0.5683299847512046,0.5634750805613277,0.556978577527612,0.5509627070968404,0.5464033330586482,0.5433252756998653,0.5413828868094468,0.540202338340666,0.5394981475000702,0.5390810764613719,0.5388340501239473,0.5386870682038438,0.5385989212676731,0.5385454793545086,0.5385126183608759,0.538492057028193,0.5384789302588877,0.5384703792478133,0.5384647289008407,0.5384610017466139,0.5384586349675666,0.5384573172655349,0.5384568928511921
0.5384543181503488,0.538454741926669,0.5384560556793953,0.5384584141143333,0.5384621317744558,0.5384677705900772,0.5384763080431298,0.5384894223256763,0.5385099734164563,0.5385428268998805,0.5385962679363916,0.5386844247927416,0.5388314331649869,0.5390785117985321,0.5394956734014843,0.5402000117671326,0.5413807901304318,0.5433235227593187,0.5464020678244267,0.5509620795480348,0.556978684574101,0.5634758841023805,0.5683312827118964,0.5713769588213882,0.5730699529142788,0.5738138716404529,0.5738138719571103,0.5730699538444839,0.5713769605829465,0.5683312855998477,0.5634758881332848,0.5569786898336913,0.5509620861307084,0.5464020757138136,0.5433235320250033,0.541380800744597,0.5402000238823894,0.5394956866631607,0.5390785254624404,0.5388314468431055,0.5386844376895358,0.5385962799894392,0.5385428380956568,0.5385099836639441,0.5384894327394333,0.5384763184337417,0.538467780054485,0.5384621412719117,0.538458424233708,0.5384560651739063,0.53845475205427,0.5384543292607036
0.5384520467473146,0.5384524693093024,0.5384537803413357,0.538456133973937,0.5384598448983835,0.538465475990718,0.5384740051591487,0.5384871114546199,0.538507656572791,0.5385405077790154,0.5385939526028912,0.5386821232445617,0.5388291605690971,0.5390762913330381,0.5394935401677611,0.5401980185190199,0.5413790141610652,0.5433220713945798,0.5464010767451548,0.5509616901238421,0.5569789880338369,0.563476844296889,0.5683327084117462,0.5713786755085021,0.5730718354688435,0.5738158291890388,0.5738158294728636,0.5730718364049157,0.5713786772632057,0.5683327109872145,0.5634768477299422,0.5569789926325402,0.5509616959534301,0.5464010837709822,0.5433220797859982,0.5413790239105989,0.5401980297906935,0.5394935524272111,0.5390763037465497,0.5388291729681923,0.5386821349331933,0.53859396351177,0.538540517834904,0.5385076656828982,0.5384871205571895,0.5384740141283457,0.5384654841578768,0.5384598530913326,0.5384561429144619,0.5384537892324038,0.5384524792129818,0.5384520574543267
0.53845002282661,0.5384504444238838,0.5384517534957922,0.5384541039487927,0.5384578102767463,0.5384634362854684,0.538471960283172,0.5384850618450193,0.5385056041602753,0.5385384561101813,0.5385919071822307,0.5386800932813738,0.5388271602766215,0.5390743423724969,0.5394916752753495,0.5401962869418846,0.54137748851682,0.5433208527957658,0.5464002929127374,0.5509614739712925,0.5569794251445443,0.5634779004414836,0.5683342033685297,0.5713804446519104,0.5730737607915999,0.5738178251644125,0.5738178254620366,0.5730737617903943,0.5713804463958888,0.5683342056919821,0.5634779034656932,0.556979429200404,0.5509614789761161,0.5464002989158838,0.5433208601636235,0.5413774972539547,0.5401962970536568,0.5394916860790254,0.5390743531764587,0.5388271711787014,0.5386801036389414,0.5385919167372528,0.5385384647678396,0.5385056120024666,0.5384850695034024,0.5384719677280974,0.5384634432453417,0.5384578172759996,0.5384541117212012,0.5384517618784207,0.5384504540798586,0.5384500330727878
0.5384482122905343,0.5384486332811871,0.5384499410376287,0.5384522895023149,0.5384559926522027,0.5384616151849387,0.5384701359212631,0.538483234815117,0.5385037763745828,0.5385366311362949,0.5385900901601974,0.538678292620671,0.5388253892394035,0.5390726213145962,0.5394900349203571,0.5401947732353397,0.5413761693585428,0.5433198231620078,0.5463996728851975,0.5509613883457022,0.5569799539365875,0.5634790111452991,0.5683357266261791,0.5713822257170275,0.5730756886169247,0.5738198193617976,0.5738198196886733,0.5730756896437552,0.5713822273544097,0.5683357286937705,0.563479013813505,0.5569799573674304,0.5509613923640129,0.5463996777525337,0.543319829358385,0.5413761767622475,0.5401947816511723,0.5394900437719091,0.5390726302758666,0.5388253985616256,0.5386783016374594,0.5385900984045101,0.5385366386154161,0.5385037833804005,0.5384832414067066,0.5384701420347443,0.5384616209714328,0.5384559982453864,0.5384522956341459,0.5384499484494595,0.5384486422464939,0.5384482217802772
0.5384465884621903,0.5384470091036426,0.5384483159696546,0.5384506634386172,0.5384543647121726,0.5384599851166882,0.5384685039956147,0.5384816015692881,0.5385021435068279,0.5385350021972637,0.5385884701396696,0.5386766892397588,0.5388238147243376,0.5390710946827637,0.5394885851861448,0.5401934435465146,0.5413750230947629,0.5433189491006082,0.5463991835401932,0.5509614007180195,0.5569805427547224,0.5634801455019268,0.5683372477019045,0.571383988511551,0.5730775889464121,0.5738217818030478,0.573821782082961,0.5730775897435715,0.5713839896516697,0.5683372491023011,0.5634801473627176,0.5569805451062423,0.5509614035190123,0.5463991872665147,0.5433189541121628,0.5413750290920911,0.5401934503064889,0.5394885924035353,0.539071102202425,0.5388238226091824,0.538676696838185,0.538588476960186,0.5385350084347694,0.5385021495494587,0.5384816067751493,0.5384685083307879,0.5384599893318942,0.5384543686864247,0.5384506678835764,0.538448322488783,0.5384470174230919,0.5384465972336892
0.5384451305504665,0.5384455509370165,0.5384468569431771,0.5384492037793905,0.538452904021654,0.5384585234019533,0.538467041743629,0.5384801392962941,0.5385006825010182,0.5385335457234041,0.5385870230838616,0.5386752588649996,0.5388224122749534,0.5390697375749964,0.5394873004810851,0.5401922718399355,0.5413740236901722,0.5433182047479245,0.5463987991546415,0.5509614856240777,0.5569811667437933,0.5634812794169319,0.5683387430374855,0.5713857098399521,0.5730794388732497,0.5738236897350529,0.5738236899072009,0.5730794392946796,0.5713857103381685,0.5683387436490256,0.563481280340855,0.5569811679885349,0.5509614873742337,0.5463988019075835,0.5433182085876677,0.5413740282969574,0.5401922771371757,0.5394873062996427,0.5390697435913415,0.5388224183127687,0.5386752645951047,0.5385870281543697,0.5385335503686002,0.5385006870148003,0.538480142516773,0.5384670439365155,0.5384585260205188,0.5384529067184654,0.5384492070107895,0.5384468628389172,0.5384455586980279,0.5384451386960749
0.5384438218887785,0.5384442422438996,0.5384455476294859,0.5384478938613514,0.5384515932740914,0.5384572119902926,0.5384657305333024,0.538478829133973,0.5384993744272127,0.5385322424921412,0.5385857292569709,0.5386739813547231,0.5388211617680105,0.5390685301648424,0.5394861610169239,0.5401912380981707,0.5413731510726412,0.5433175702931143,0.5463985002453212,0.5509616237891491,0.5569818068833471,0.5634823942572075,0.568340194282778,0.5713873715136609,0.5730812203643513,0.5738255252492906,0.5738255252824652,0.5730812203918396,0.5713873714497999,0.5683401942159538,0.5634823943098443,0.556981807086782,0.55096162448894,0.546398501819305,0.5433175726546591,0.5413731540897401,0.5401912418024848,0.5394861651736647,0.5390685343250976,0.5388211658155185,0.5386739853547654,0.5385857327999234,0.538532245627449,0.5384993773384711,0.5384788305320533,0.5384657310603531,0.5384572134467001,0.5384515949407346,0.5384478958214061,0.5384455524196028,0.5384442490746214,0.5384438292916592
0.5384426482900276,0.5384430688607521,0.5384443742822556,0.5384467203240169,0.5384504192349728,0.5384560373395447,0.5384645561300059,0.5384776562410807,0.538498204257901,0.5385310774869277,0.5385845734407345,0.5386728408533816,0.5388200466262472,0.5390674556490296,0.5394851501065304,0.5401903256291053,0.5413723884775653,0.5433170291588847,0.5463982707412999,0.5509617997205466,0.5569824482123004,0.5634834755780738,0.5683415873488984,0.571388959594207,0.5730829195544365,0.5738272745371044,0.5738272743717643,0.5730829190656275,0.5713889588264888,0.5683415863937883,0.5634834745020116,0.5569824471508316,0.5509617991435445,0.5463982709274714,0.5433170300430663,0.5413723901359385,0.5401903279829319,0.5394851527681137,0.5390674582601339,0.5388200491402095,0.5386728433167113,0.5385845753156745,0.5385310789144414,0.5384982055039247,0.5384776560928777,0.5384645552704515,0.538456037366723,0.5384504192366871,0.5384467203490669,0.5384443773449625,0.5384430746993117,0.5384426552694671
0.538441597980237,0.5384420186660623,0.5384433245245582,0.5384456709179632,0.5384493700789363,0.538454988088039,0.5384635071490784,0.5384766086673295,0.5384971594261584,0.5385300379236669,0.5385835431427844,0.5386718251696296,0.5388190543989063,0.5390665011052327,0.539484254652399,0.5401895213103403,0.5413717226421183,0.5433165679176059,0.5463980972585932,0.5509620002999841,0.5569830779980413,0.5634845111259632,0.5683429104115769,0.5713904625245054,0.5730845250409502,0.5738289263516347,0.5738289260672272,0.5730845242529956,0.571390461337338,0.5683429088753735,0.5634845093048847,0.5569830761340234,0.5509619988480822,0.5463980963641201,0.5433165676110575,0.5413717231373596,0.5401895223206928,0.5394842557271549,0.5390665020988011,0.5388190551107432,0.5386718254332719,0.5385835427900943,0.5385300375116624,0.5384971590024047,0.5384766069232731,0.5384635045843743,0.5384549860228678,0.5384493679635093,0.5384456690410573,0.5384433260550112,0.5384420238986914,0.5384416047981414
0.5384406615856708,0.5384410820839254,0.538442388293087,0.5384447350534697,0.5384484348951356,0.5384540535909839,0.5384625735825226,0.5384756767991032,0.5384962300616186,0.5385291131139329,0.5385826270795364,0.538670923196803,0.5388181743064008,0.5390656557074482,0.5394834637072317,0.5401888142488609,0.5413711427912056,0.5433161758928033,0.5463979692975188,0.550962215311134,0.5569836863114872,0.5634854912462146,0.5683441540585449,0.5713918710324665,0.5730860275496727,0.5738304713686624,0.5738304710218578,0.5730860265827414,0.5713918695399446,0.5683441520712941,0.5634854888748847,0.5569836838421823,0.5509622131034678,0.5463979674297789,0.5433161745506473,0.5413711422530434,0.5401888139998922,0.5394834632804094,0.5390656551223216,0.5388181730902192,0.5386709211341978,0.5385826246720008,0.5385291108918298,0.5384962273219244,0.5384756725337159,0.5384625686538681,0.5384540492796517,0.5384484311983019,0.5384447322476564,0.5384423891335659,0.5384410873358692,0.5384406685595003
0.5384398311565087,0.5384402513443693,0.538441557885242,0.5384439047944394,0.538447604974201,0.5384532242148675,0.5384617453992772,0.5384748510600085,0.5384954074766337,0.5385282946900637,0.5385818163822902,0.5386701257022949,0.5388173973039794,0.5390649106279354,0.5394827684301103,0.5401881954759246,0.5413706397850334,0.5433158437941664,0.5463978775996079,0.5509624357853937,0.5569842645749271,0.563486407706112,0.568345310354595,0.5713931774693459,0.5730874196302643,0.5738319022274678,0.5738319019070917,0.5730874187159475,0.571393176022965,0.5683453084086962,0.5634864053360961,0.5569842619328248,0.5509624330783314,0.5463978748984711,0.543315841361532,0.5413706378282674,0.5401881933364591,0.5394827658150917,0.5390649078587437,0.5388173938374815,0.5386701214594448,0.5385818122506825,0.538528290560075,0.5384954020963961,0.5384748445317104,0.5384617389943717,0.5384532185291891,0.5384476001695508,0.538443901151436,0.5384415578504332,0.5384402563820926,0.5384398382093457
0.5384390996569621,0.5384395193823618,0.5384408263374764,0.5384431738132441,0.5384468745628733,0.5384524939739678,0.5384610153966622,0.5384741228571299,0.5384946826693114,0.5385275740853415,0.5385811025880881,0.5386694238781927,0.5388167144993455,0.5390642572929755,0.5394821607578896,0.5401876575064533,0.5413702066145116,0.5433155648313547,0.5463978154251777,0.5509626550913452,0.5569848063310743,0.563487254101201,0.5683463727818922,0.571394375187198,0.5730886945424426,0.5738332121212717,0.5738332118953199,0.57308869385541,0.5713943740478199,0.5683463712176628,0.5634872520537151,0.556984803711026,0.550962651966763,0.5463978118399222,0.5433155609602278,0.5413702025702349,0.5401876527886117,0.5394821555227489,0.5390642522270336,0.538816709073196,0.5386694180650271,0.5385810972351458,0.5385275684367448,0.5384946756060164,0.538474115577844,0.538461008626721,0.5384524870644621,0.5384468682068504,0.5384431689628825,0.5384408252272531,0.5384395237528664,0.5384391059728968
0.5384384613708524,0.5384388800728829,0.5384401865645367,0.5384425345081048,0.5384462367357047,0.5384518575943585,0.5384603795488926,0.5384734879118913,0.53849405043491,0.538526945752739,0.538580480064288,0.5386688115192126,0.5388161187472464,0.5390636875900036,0.5394816318544872,0.5401871913294156,0.5413698346817896,0.5433153311109572,0.5463977756198877,0.5509628668716957,0.5569853061212005,0.563488025749316,0.5683473370838389,0.5713954600461835,0.5730898480473304,0.5738343965396975,0.5738343960937455,0.5730898466699407,0.5713954578038415,0.5683473341967739,0.5634880222718583,0.5569853020356901,0.5509628624456997,0.5463977710121709,0.543315326405536,0.5413698299440116,0.5401871862330139,0.5394816266120106,0.5390636825889128,0.5388161131181834,0.5386688050767025,0.5385804733994345,0.5385269378791386,0.5384940408750165,0.5384734784958589,0.5384603703988968,0.5384518480304337,0.5384462288418453,0.538442529614017,0.538440185595718,0.53843888403625,0.5384384665179276
0.5384379117582037,0.5384383293921547,0.5384396344542285,0.538441981160104,0.5384456836600348,0.538451306381652,0.5384598301582111,0.5384729399178331,0.5384935051509733,0.5385264046954191,0.5385799447918167,0.5386682854618678,0.5388156073183664,0.5390631986529258,0.5394811780235449,0.5401867920168034,0.5413695179486279,0.5433151358517566,0.5463977509562497,0.5509630637202823,0.556985756770687,0.563488716106623,0.5683481974536838,0.5713964269719625,0.5730908757672268,0.5738354516947944,0.5738354511417596,0.5730908740411954,0.5713964241770008,0.5683481939542907,0.5634887120587345,0.5569857522159961,0.5509630589607012,0.5463977460684732,0.5433151307719669,0.5413695127188821,0.5401867864337571,0.539481172140979,0.5390631925035586,0.5388156001409088,0.5386682773079897,0.5385799360764361,0.5385263944852928,0.5384934934998615,0.5384729285849906,0.538459819111212,0.5384512957554838,0.5384456759996299,0.5384419767600334,0.5384396326028885,0.5384383310460537,0.5384379142020872
0.538437445590372,0.5384378630802805,0.5384391678123879,0.5384415131546457,0.5384452140824737,0.5384508366043551,0.538459361408571,0.5384724722617693,0.5384930396567256,0.5385259431849061,0.5385794889551783,0.5386678383565717,0.5388151739055619,0.5390627857063705,0.53948079594903,0.54018645714652,0.5413692543462281,0.5433149770569874,0.5463977393041146,0.5509632430682186,0.5569861550270665,0.5634893212227007,0.5683489493130712,0.5713972708951839,0.5730917723794533,0.5738363722711031,0.573836371954737,0.5730917713075337,0.5713972690421582,0.5683489468837406,0.5634893182242839,0.5569861513526685,0.5509632387312755,0.5463977341239852,0.5433149708362025,0.5413692471106257,0.5401864488919046,0.5394807868860528,0.5390627761265375,0.5388151638769829,0.5386678284076944,0.5385794791749737,0.5385259326837685,0.5384930286123389,0.5384724616644024,0.5384593510476695,0.5384508267615595,0.5384452061584979,0.538441506563024,0.538439162021008,0.5384378601268146,0.5384374437287437
0.5384370575184864,0.5384374748327655,0.5384387800452419,0.5384411261216696,0.538444826580867,0.538450448287096,0.5384589731804177,0.5384720844475005,0.5384926529454703,0.53852555914573,0.5385791090505411,0.5386674650698814,0.538814811841837,0.5390624412676334,0.5394804782486836,0.5401861799897535,0.5413690379941261,0.5433148498410693,0.5463977369749693,0.5509634024471146,0.5569864993491603,0.5634898400389452,0.5683495916809382,0.5713979905451401,0.5730925360669942,0.5738371557728953,0.5738371553123943,0.5730925345833117,0.5713979879881226,0.5683495881724503,0.5634898356382168,0.5569864941400403,0.5509633966153429,0.5463977305432514,0.5433148426966014,0.5413690299810274,0.5401861710560077,0.5394804685928487,0.5390624311456612,0.5388148015832238,0.538667454959875,0.5385790985296062,0.5385255476163991,0.5384926409214432,0.538472072368403,0.5384589610496578,0.5384504363612114,0.5384448152257608,0.5384411154251797,0.5384387706474354,0.538437468342115,0.5384370519821033
0.5384367451478457,0.5384371614138668,0.5384384655198698,0.5384408123674237,0.5384445136026773,0.5384501355661145,0.5384586612345084,0.5384717734810742,0.5384923431263895,0.5385252516469622,0.5385788050286996,0.5386671659827167,0.5388145209674783,0.5390621638861781,0.5394802220783078,0.5401859565633986,0.5413688639925982,0.5433147485432099,0.5463977378923642,0.5509635359291324,0.5569867844798697,0.5634902682855456,0.5683501213407746,0.5713985836639147,0.5730931653330176,0.5738378012163385,0.5738378004456994,0.5730931630250123,0.5713985798841011,0.5683501162194361,0.5634902619996409,0.556986777315935,0.5509635282772802,0.5463977300621463,0.5433147405407814,0.5413688554630737,0.5401859474604357,0.5394802125561814,0.5390621538147684,0.5388145104372816,0.5386671548704047,0.5385787924687416,0.5385252376053408,0.5384923283563928,0.5384717580117236,0.5384586457265803,0.5384501206200459,0.5384444990328203,0.5384407991343215,0.5384384544045705,0.538437151897209,0.5384367357466718
0.5384365064199023,0.5384369223383807,0.5384382247394586,0.5384405709037939,0.5384442721624004,0.538449894139423,0.5384584206561827,0.5384715342877481,0.5384921051536702,0.5385250156653832,0.5385785723326172,0.53866693778404,0.5388142994538075,0.5390619527920141,0.5394800271919611,0.540185786836111,0.5413687323124199,0.5433146727612505,0.5463977408693009,0.5509636413788825,0.5569870074261732,0.5634906023726669,0.5683505343823797,0.571399046301824,0.5730936564479836,0.5738383053187935,0.5738383046547144,0.5730936545514911,0.5713990432801023,0.5683505302183226,0.5634905971059692,0.5569870011142801,0.5509636339741268,0.5463977324389911,0.5433146631949152,0.5413687212298707,0.5401857746222893,0.5394800143557673,0.5390619391742622,0.5388142853777608,0.5386669234071952,0.5385785569758147,0.5385249995212827,0.5384920886100771,0.5384715168884234,0.538458403584719,0.5384498779244502,0.5384442557139423,0.5384405554581432,0.5384382106533021,0.5384369077947107,0.5384364916204167
0.5384363368412638,0.5384367537452435,0.5384380557583341,0.5384404014316442,0.538444102912377,0.5384497248325424,0.5384582516231063,0.5384713662368646,0.5384919378157664,0.5385248490789143,0.5385784074860496,0.5386667759790863,0.5388141426356453,0.5390618038214481,0.5394798901969853,0.5401856682876752,0.541368641473017,0.543314622109346,0.54639774638892,0.5509637197899787,0.5569871692733055,0.5634908430384183,0.5683508309101586,0.5713993777605582,0.5730940078566171,0.5738386657608096,0.5738386650390241,0.5730940058638162,0.5713993746597178,0.5683508266455467,0.5634908376770623,0.5569871628286849,0.5509637119448161,0.5463977369874111,0.543314610878085,0.5413686280283602,0.5401856533201658,0.5394798743148901,0.5390617867354945,0.5388141248743211,0.5386667579370165,0.5385783885112778,0.5385248292814582,0.5384919174869472,0.5384713451401139,0.5384582313327109,0.5384497055508849,0.5384440830990841,0.5384403826692923,0.5384380379407201,0.5384367348619016,0.53843631827688
0.5384362337086583,0.5384366514783399,0.5384379536840028,0.5384402993951163,0.5384440018126306,0.5384496244812998,0.5384581518310977,0.5384712677957642,0.5384918407499302,0.5385247527528868,0.5385783117354586,0.5386666811762768,0.5388140500256781,0.539061715476777,0.5394798087580374,0.5401855978386392,0.5413685879435839,0.5433145930912205,0.5463977513959747,0.5509637688801158,0.5569872687645104,0.5634909900598744,0.5683510115691376,0.5713995792742003,0.5730942210117099,0.5738388838510019,0.573838882465013,0.5730942171270497,0.5713995732693954,0.5683510036673902,0.5634909806915659,0.5569872582851099,0.5509637572624262,0.5463977386477912,0.5433145790246602,0.5413685722688174,0.5401855811718388,0.5394797912509556,0.5390616963429238,0.5388140294464043,0.5386666591526545,0.5385782874590551,0.5385247265831622,0.5384918138100869,0.5384712408608019,0.5384581266491687,0.5384496010763047,0.5384439789817674,0.5384402789152339,0.5384379347607384,0.5384366319244611,0.538436215181641
0.5384361980681102,0.5384366158201539,0.5384379176881905,0.5384402632046644,0.5384439664762348,0.5384495901002893,0.5384581175890998,0.538471234268197,0.5384918088772226,0.5385247226333089,0.5385782831177268,0.5386666535771836,0.5388140232508042,0.5390616899569599,0.5394797850545112,0.5401855771076963,0.5413685723137374,0.5433145850819426,0.5463977540022066,0.5509637855004254,0.5569873017157824,0.5634910386861197,0.5683510715588472,0.571399646536172,0.5730942925606399,0.5738389574738743,0.5738389561508715,0.5730942887891715,0.5713996405205031,0.5683510633103698,0.5634910283540346,0.5569872893020968,0.5509637707750454,0.5463977369642178,0.5433145658588923,0.5413685511425507,0.5401855547819145,0.5394797616749899,0.5390616649212728,0.5388139968623448,0.5386666259387566,0.5385782539222683,0.538524692598951,0.5384917794006937,0.5384712059570084,0.5384580909504141,0.5384495650354018,0.5384439428443767,0.5384402424046686,0.5384378982058222,0.5384365956380828,0.5384361790570907
