Model: _005_20_26_CPC_metacentric_tensed_MCF10A_chr19_PMP1__from_pyvcell_compare
Simulation: 898407604_0
(SimID_898407604_0 (PDE Simulation)) 
Sim time range (0.0 500.0) (saved timepoints 51) 
Number of variables 42 
Variable names ['BUB1a', 'BUB1a_pknl1', 'CPCa', 'CPCi', 'H2A', 'H3', 'H3_CPCa', 'H3_CPCi', 'H3S10rep', 'HASPINa', 'HASPINi', 'I', 'KNL1', 'NDC80', 'NDC80_TTKa', 'NDC80_TTKi', 'NDC80_pTTKa', 'NDC80_pTTKi', 'pH2A', 'pH2A_SGO1', 'pH2A_SGO1_CPCa', 'pH2A_SGO1_CPCi', 'pH3', 'pH3_CPCa', 'pH3_CPCi', 'pH3S10rep', 'pKNL1', 'pKNL1_bub1a', 'PLK1a', 'PLK1i', 'pTTKa', 'pTTKi', 'pNDC80', 'pNDC80_TTKa', 'pNDC80_TTKi', 'pNDC80_pTTKa', 'pNDC80_pTTKi', 'SGO1', 'SGO1_CPCi', 'SGO1_CPCa', 'TTKa', 'TTKi'] 
 
2D Slice for variable H3_CPCa at time 40.0 in plane XY at Z = 0 
 
X in rows, Y in columns 
2.9741984771710386,2.9739728618703998,2.9732948558639425,2.9721609730381306,2.9705653846413647,2.9684998887988505,2.9659538557668776,2.96291411335601,2.9593646612429114,2.9552858781821008,2.9506522714775216,2.9454262441463985,2.93954163082209,2.9328627169411035,2.925088858610409,2.9155484051085785,2.9027888810685347,2.8838357895043707,2.8529976303116364,2.8002189007321747,2.7093661959334647,2.55772295734816,2.3198867526122577,1.9835211721727317,1.5944802823895927,1.3735365030617377,1.3735377448696942,1.5944843057176745,1.9835287022529526,2.3198982365354737,2.557738530315336,2.7093857859246175,2.8002423380341424,2.8530247192374163,2.883866341553026,2.902822722571746,2.9155853729461105,2.9251287931885046,2.932905456508862,2.939587008081897,2.945474084698493,2.950702393084281,2.9553380905074573,2.9594187658524986,2.9629699041379576,2.9660111202905877,2.9685584095171382,2.9706249400438947,2.972221338886114,2.973355805249342,2.974034164072618,2.9742598972770278
2.9742278679087355,2.974002251206284,2.97332424116629,2.972190351486067,2.970594753066441,2.968529243906794,2.9659831941006733,2.9629434313168916,2.9593939549666297,2.955315143146296,2.9506815027647955,2.9454554362947505,2.9395707775626394,2.9328918105141857,2.925117887762992,2.9155773512252137,2.902817710098362,2.8838644361643366,2.853025970439365,2.800246707482359,2.709393080184684,2.557748307357879,2.319909720867476,1.9835408268608072,1.594496184099467,1.3735502568169193,1.3735515000872,1.594500211510591,1.9835483628582025,2.3199212123864084,2.557763889679503,2.7094126813344066,2.800270157677023,2.8530530738835322,2.8838950043142053,2.9028515693073285,2.91561433833255,2.9251578430680003,2.9329345722289393,2.9396161783230528,2.945503301525142,2.950731650143212,2.9553673821916693,2.9594480869829733,2.9629992500496845,2.966040486966404,2.968587793565417,2.970654338637348,2.97225074921416,2.9733852235930267,2.9740635854889956,2.974289318309374
2.9743160412116505,2.974090420515597,2.9734123982693386,2.9722784876132837,2.970682859060231,2.968617310151088,2.966071210484528,2.963031387021407,2.9594818378696166,2.9554029399684496,2.9507691989437506,2.9455430156296325,2.939658221353547,2.932979095041675,2.9252049790197807,2.9156641933316547,2.9029042008716095,2.8839503800966244,2.853110995509673,2.8003301332113804,2.709473739032593,2.55782436420474,2.3199786338627724,1.9835998018983423,1.5945439043488039,1.373591535509722,1.3735927832429617,1.5945479442193744,1.9836073558372769,2.319990148078251,2.557839974132527,2.7094933729702584,2.800353621537013,2.8531381423474427,2.8839809964953877,2.9029381127193004,2.915701237284847,2.9252449953852353,2.9330219220291287,2.9397036915519696,2.945590954157385,2.9508194228201603,2.955455258026944,2.9595360509024613,2.9630872886659168,2.9661285885268427,2.968675947812363,2.970742535918905,2.972338978978389,2.973473473619961,2.974151844816079,2.974377580263236
2.9744629991381886,2.9742373717993735,2.9735593289978537,2.9724253834356302,2.9708297050324743,2.968764090589868,2.966217908697076,2.9631779846414594,2.9596283148269493,2.9555492743662466,2.9509153667580943,2.945688990051601,2.939803970962471,2.933124580049388,2.925350142634287,2.915808942327036,2.903048365143246,2.8840936342107537,2.8532527196096074,2.8004691931384693,2.7096081891586623,2.557951147133115,2.3200935157659797,1.9836981303085315,1.594623488699806,1.3736603913900747,1.3736616465771636,1.594627549379292,1.9837057141358787,2.3201050674532033,2.557966802196833,2.7096278764702855,2.8004927434926477,2.853279937049065,2.8841243291851004,2.9030823628028735,2.9158460788997993,2.925390258388544,2.933167513250096,2.939849554050704,2.945737047615283,2.950965714828562,2.9556017207441543,2.9596826598305053,2.963234022034592,2.966275426933049,2.968822873330123,2.9708895305143947,2.9724860236224413,2.973620550812017,2.9742989411462784,2.974524683844971
2.9746687424553593,2.9744431056937852,2.973765034292956,2.972631040441757,2.971035293275026,2.9689695884323957,2.966423292647796,2.9633832291497453,2.9598333921093674,2.9557541541110384,2.9511200156114565,2.9458933703663703,2.940008038562146,2.933328279113355,2.9255533935553952,2.916011614726743,2.903250221200885,2.884294218465769,2.8534511642092064,2.8006639104251665,2.7097964562615022,2.5581286864359196,2.3202544055962226,1.983835866320272,1.5947350124631414,1.3737569109694148,1.3737581765303766,1.5947391020591883,1.9838434915177858,2.3202660088719487,2.55814440322313,2.7098162161018884,2.800687544592158,2.853478476689747,2.8843250192518886,2.9032843348141144,2.9160488768076545,2.9255936439894588,2.9333713559384798,2.940053773826981,2.9459415879043873,2.951170530554404,2.9558067735108757,2.9598879159344293,2.9634394513725684,2.966481001792472,2.9690285669234613,2.9710953162547207,2.9726918771660857,2.973826452084927,2.9745048725109395,2.9747306260976702
2.9749332673940545,2.9747076186462844,2.9740295111181276,2.9728954564185193,2.971299622593521,2.969233803414806,2.9666873633770945,2.9636471232537023,2.960097074369347,2.9560175859586058,2.951383154199718,2.9461561672201526,2.940270436832799,2.9335902069904156,2.9258147488302604,2.916272230044417,2.9035097908720244,2.8845521567549537,2.8537063552576525,2.8009143135198573,2.7100385726189575,2.5583570213099676,2.320461355324485,1.9840130836730174,1.594878579462149,1.3738812141237007,1.373882492886069,1.5948827057206787,1.9840207609206375,2.320473023115245,2.5583728148340397,2.710058421935372,2.800938050322619,2.8537337836683974,2.8845830866201574,2.9035440463003153,2.916309646062805,2.9258551645775634,2.9336334596681226,2.9403163576765867,2.9462045793848617,2.951433872323532,2.956070416829204,2.96015181783321,2.963703572763041,2.9667453057569526,2.969293018116392,2.971359882551357,2.972956531049074,2.9740911693514707,2.9747696287587977,2.9749953955952684
2.975256561613561,2.975030898564107,2.9743527480387795,2.9732186208845404,2.9716226835148953,2.969556727464303,2.9670101147186703,2.9639696630580867,2.9604193601992512,2.956339570930375,2.9517047860460472,2.9464773867837093,2.940591174728273,2.9339103756658247,2.9261342236491292,2.9165908065269925,2.903827095194812,2.8848674727880623,2.8540183192901862,2.801220432485514,2.7103345737115556,2.5586361967019284,2.3207144269159965,1.9842298732156582,1.5950543204112442,1.37403345290514,1.3740347475869839,1.5950584906447551,1.984237612169101,2.3207261703646145,2.558652079408485,2.710354526220449,2.80124428696265,2.854045880195088,2.8848985500873767,2.903861512740216,2.916628398688342,2.926174828563491,2.9339538293030003,2.9406373072398897,2.9465260207762602,2.951755736065942,2.9563926437416743,2.960474355074974,2.9640263715589943,2.9670683206178947,2.9696162078878334,2.9716832112395837,2.97327996691583,2.9744146817350936,2.975093186753777,2.97531896851617
2.975638598326254,2.9754129189624403,2.974734719304163,2.9736005090323734,2.9720044525901015,2.969938339146541,2.9673915277081933,2.9643508323503855,2.9608002362005608,2.9567200985953557,2.9520849039177883,2.946857025271499,2.9409702522121774,2.934288789046539,2.9265118257539626,2.916967355528477,2.9042021489934604,2.885240184857503,2.854387078377393,2.8015822941864434,2.7106844935721712,2.5589662588246425,2.3210136883839936,1.9844863398593378,1.5952623908293948,1.3742138099734376,1.3742151231656667,1.5952666118399457,1.9844941489283086,2.3210255163766753,2.5589822398766175,2.710704558949067,2.801606276804681,2.8544147831772193,2.885271421988555,2.904236742058922,2.917005138155587,2.9265526350135107,2.9343324597642035,2.9410166135709424,2.9469058993413135,2.952136105036885,2.9567734329494924,2.9608555014102733,2.9644078174703785,2.967450014344545,2.9699981036427823,2.9720652686154767,2.9736621480560994,2.9747969496622026,2.9754755055391513,2.9757013037640605
2.9760793289790253,2.9758536316019564,2.9751753773640273,2.974041074474307,2.972444885412534,2.9703785965971607,2.9678315633937644,2.9647905952898106,2.961239669886108,2.9571591401545305,2.952523483080013,2.9472950623790775,2.9414076536480134,2.9347254361256616,2.9269475486148417,2.9174018748855373,2.9046349544217427,2.8856702995371726,2.8548126439870627,2.801999916213098,2.711088358805219,2.5593472496134955,2.3213592090430595,1.9847825988471999,1.5955029684229243,1.3744224966105532,1.3744238307402785,1.5955072463634696,1.984790484902297,2.321371127837245,2.5593633344728577,2.7111085420675893,2.8020240319526284,2.854840497790368,2.8857017016585744,2.9046697280938276,2.917439852999159,2.9269885673631557,2.934769329524845,2.9414542501794143,2.9473441833761864,2.952574941820473,2.9572127411382105,2.9612952087532087,2.9648478595391214,2.9678903339006717,2.97043865014455,2.9725059958223508,2.974103012048942,2.9752379086007354,2.975916519938851,2.976142336258782
2.9765786744968046,2.9763529576279417,2.9756746441266193,2.9745402408622286,2.972943908059858,2.970877428801392,2.9683301540305402,2.9652888877590593,2.9617376012323766,2.9576566402035986,2.9530204732007688,2.9477914531502156,2.941903339519741,2.9352202827809686,2.9274413634575422,2.9178943411328215,2.905125493352338,2.8861578042209035,2.8552950095604173,2.8024732995269908,2.7115461815628485,2.559779200326731,2.3217510539637467,1.985118771338033,1.595776249971419,1.3746597503378175,1.3746611076133841,1.5957805901689686,1.9851267394055876,2.3217630667917026,2.5597953902242314,2.711566482279102,2.802497546704064,2.855323009647374,2.886189367580649,2.9051604428500424,2.917932509078382,2.927482585450982,2.9352643922824435,2.9419501642515273,2.9478408131406812,2.953072179803718,2.9577104960029508,2.9617934004888604,2.9653464173222224,2.968389195268334,2.97093775889279,2.973005299868865,2.9746024627982144,2.975737460944161,2.9764161319222255,2.9766419679686615
2.9771365148827305,2.9769107772654353,2.9762324011223384,2.9750978918352913,2.9735014068842225,2.971434725355968,2.9688871929469025,2.9658456074400417,2.9622939329663094,2.9582125070828993,2.9535757886386937,2.9483461181612096,2.9424572367119977,2.9357732622702795,2.9279932099397645,2.9184447003591845,2.905673718366613,2.8867026581518744,2.855834141640741,2.8030024198787777,2.7120579514441037,2.560262124105084,2.322189277486682,1.9854949792431777,1.5960824476734385,1.3749258321280782,1.374927214502929,1.596086854496091,1.985503032219539,2.322201384074374,2.560278415307106,2.712078362706354,2.8030267888086446,2.855862275880906,2.8867343684291535,2.905708827415201,2.9184830401548534,2.928034615630749,2.935817566598826,2.9425042661733207,2.9483956910569775,2.953627714647489,2.9582665873873637,2.962349960869849,2.9659033699419486,2.968946471988217,2.9714952977846334,2.973563044252727,2.9751603610229553,2.976295465900612,2.97697419990894,2.9772000569962898
2.977752677416089,2.977526918408295,2.9768484778061923,2.975713859158616,2.9741172166770244,2.9720503247121908,2.969502523051828,2.9664606025681906,2.9629085193496865,2.9588266016105655,2.9541892971349824,2.948958932327978,2.9430692275127974,2.93638426439029,2.92860298546954,2.919052857625918,2.9062795421983982,2.8873047819613866,2.8564299696440396,2.8035872179385746,2.7126236261089307,2.5607960073068203,2.3226739156471568,1.9859113391752539,1.5964217848824998,1.3752210231823814,1.375222432340074,1.5964262616574776,1.9859194775651914,2.3226861116703925,2.5608123902700504,2.712644133435454,2.8036116896841503,2.8564582151777342,2.887336612845461,2.906314781371051,2.9190913368607245,2.9286445392646865,2.9364287243243217,2.943116418634955,2.9490086717079973,2.954241393341232,2.9588808547984504,2.9629647225642315,2.9665185432046806,2.969561982931541,2.972111079854692,2.9741790377583466,2.975776512602986,2.9769117273128947,2.9775905263035236,2.977816405077207
2.9784269236434144,2.9782011432630218,2.9775226380096633,2.976387909210219,2.974791107167572,2.9727240009515796,2.9701759238510026,2.9671336589418886,2.9635811531602294,2.9594987241056683,2.9548608069918845,2.9496297122946595,2.943739137178871,2.937053123220142,2.9292705330503246,2.9197186648667617,2.9069428257595047,2.8879640458894076,2.8570823743310174,2.8042275881001233,2.713243120585559,2.561380799594733,2.3232049774761174,1.986367955521127,1.5967944912402465,1.3755456212230601,1.3755470585478466,1.5967990401430205,1.9863761771553534,2.3232172539859715,2.56139725807519,2.713263700840643,2.8042521333151114,2.8571106962754014,2.88799595749818,2.9069781504155796,2.919757233975601,2.929312180130941,2.937097678700225,2.9437864252433075,2.9496795492065337,2.954913000460647,2.9595530739519953,2.9636374527701146,2.9671916957619215,2.9702354791623398,2.972784850148967,2.974853020866153,2.9764506544615346,2.9775859792606063,2.9782648431220977,2.9784907433410797
2.9791589341333733,2.9789331330177395,2.9782545646915293,2.9771197277127635,2.9755227680576257,2.9734554490400757,2.9709070966404845,2.9678644850705544,2.964311550919042,2.9602285997665314,2.955590052641527,2.9503582021801806,2.9444667198765906,2.9377796031840884,2.9299956274508365,2.9204419072360133,2.9076633647034176,2.888680256578363,2.8577911748663953,2.804923365906335,2.7139162952418587,2.5620164027943555,2.3237824352878604,1.9868649127313702,1.5972007972003368,1.375899936263162,1.3759014027815781,1.5972054190525753,1.986873212357931,2.323794778074924,2.5620329129876613,2.7139369155595734,2.804947943515741,2.857819524660159,2.888712193290297,2.907698712208205,2.9204804964493096,2.930037291112039,2.937824171218339,2.944514015968842,2.9504080419067775,2.9556422433875196,2.960282941811706,2.9643678380329495,2.9679225045227273,2.9709666294152943,2.97351627073225,2.975584650148895,2.977182438555214,2.9783178699671127,2.978996796060891,2.979222716579901
2.9799482912501345,2.9797224707058585,2.9790438427468677,2.977908902870412,2.976311792376992,2.974244268118163,2.9716956477716368,2.968652695577056,2.9650993364414675,2.9610158623856466,2.9563766785248977,2.951144057635236,2.94525164284979,2.938563383354688,2.9307779597076715,2.9212222878183822,2.908440874343666,2.889453142232665,2.8585561142803626,2.8056743139134217,2.714642942299608,2.562702658500542,2.324406213915595,1.987402266719235,1.597640927863915,1.3762842858307098,1.3762857821385448,1.5976456218754596,1.9874106354921133,2.3244186028028007,2.562719188164344,2.7146635589018673,2.8056988694824287,2.8585844275159866,2.8894850299716865,2.908476161152426,2.9212608046314834,2.9308195391893643,2.938607855187179,2.945298830263447,2.9511937759846973,2.956428735742448,2.9610700595068775,2.9651554676089207,2.9687105482119995,2.971755003371596,2.97430490350156,2.976373480747977,2.977971414305717,2.9791069444479508,2.97978592745015,2.9800118663381743
2.980794460057172,2.9805686220172554,2.9798899401367143,2.978754906677043,2.9771576576929575,2.9750899426821347,2.9725410700251036,2.969497792733778,2.9659440225376543,2.9618600362398717,2.9572202211821335,2.9519868280632493,2.946093468813507,2.9394040400685313,2.931617119949971,2.922059410643971,2.9092749728753526,2.8902823360836907,2.859376843235956,2.8064801059315,2.7154227708673546,2.563439334308231,2.3250761786608574,1.987980035181124,1.5981150960390742,1.3766989896003679,1.3767005158017886,1.5981198595857973,1.9879884601934918,2.3250885867608035,2.563455841698652,2.715443327597021,2.806504569666955,2.8594050371374045,2.890314079677806,2.909310092227829,2.922097737559398,2.9316584873444826,2.9394482773872506,2.9461403991651265,2.9520362674715557,2.957271978669381,2.9619139137476687,2.9659998149648743,2.969555288536285,2.9726000523392413,2.9751501905146704,2.9772189466362744,2.9788170090745623,2.979952625351322,2.980631657346952,2.980857611985368
2.981696767088233,2.981470914341312,2.9807921870819376,2.979657073990977,2.9780597051379334,2.97599182182091,2.973442721981539,2.970399145961631,2.966844990702789,2.962760515987139,2.9581200893081667,2.9528859369034928,2.946991636497972,2.9403010277056576,2.9325125783986215,2.9229527619188054,2.9101651628462526,2.8911673581222983,2.860252902136576,2.807340309716216,2.7162553904621323,2.564226108536409,2.3257921218648105,1.9885981868111318,1.5986234944907702,1.3771443633822569,1.3771459190466917,1.5986283229405185,1.9886066506620137,2.3258045147374666,2.5642425410497127,2.716275816895283,2.807364594169497,2.860280873204543,2.891198839178672,2.91019998247306,2.9229907532517947,2.932553574728543,2.9403448585821628,2.947038125770827,2.9529349019387037,2.9581713404926413,2.9628138565881312,2.9669002172490933,2.970456049131379,2.973501087724418,2.97605143224239,2.9781203389164665,2.979718506624654,2.980854191467204,2.981533261866362,2.981759228866714
2.98265437722119,2.9824285136953135,2.98174975284425,2.980614579264766,2.979017116387365,2.9769490963238896,2.9743998052320935,2.9713559692362064,2.967801468721413,2.963716544429044,2.959075541755636,2.9538406599063163,2.9479454391700473,2.941253657445057,2.9334636643737766,2.923901689299176,2.911110810712261,2.8921075950110313,2.861183701519878,2.8082543679687353,2.7171402928410675,2.5650625533835822,2.326553748145473,1.9892566294456409,1.5991662873879602,1.3776207124484414,1.377622296549098,1.59917117386426,1.989265109670864,2.32656608272431,2.565078845895871,2.7171605021777565,2.808278365869373,2.8612113235228938,2.8921386695917373,2.911145169619225,2.9239391672733688,2.933504095510935,2.941296872305294,2.9479912631719953,2.953888912160351,2.959126034428549,2.963769082918336,2.9678558523712977,2.9714119922318014,2.974457257465638,2.9770077639995707,2.979076782385176,2.980675023695365,2.9818107539971224,2.9824898490020364,2.982715823908724
2.9836662681860835,2.983440399078104,2.982761619995944,2.981626411061371,2.9800288882850454,2.9779607733851163,2.975411339300747,2.9723672962275,2.9688125060014143,2.9647271881150323,2.960085663426564,2.9548501012824944,2.948954001032355,2.9422610739259456,2.934469543226807,2.9249053791096977,2.9121111244057136,2.89310227807834,2.862168500518238,2.8092215773781395,2.7180768319771977,2.5659481164410987,2.3273606582360857,1.9899551970773641,1.5997436008953445,1.3781283241425122,1.3781299349457532,1.5997485359015267,1.9899636653774362,2.327372881551853,2.565964189607809,2.7180967191929497,2.809245159723767,2.862195622099997,2.8931327734756236,2.9121448290250567,2.92494212981761,2.934509175866863,2.9423034210553816,2.948998890206206,2.9548973538115524,2.9601350940181335,2.9647786054285126,2.9688657135009775,2.972422092891035,2.9754675201979937,2.978018130178231,2.980087209783598,2.981685484071884,2.98282123031229,2.98350033213144,2.983726309037959
2.9847312023298187,2.984505334174544,2.9838265563715267,2.9826913440810032,2.981093804895981,2.9790256488621885,2.9764761341036223,2.973431952963172,2.969876946524804,2.965791310612416,2.961149338834551,2.9559131675511674,2.950016251372532,2.94332222970976,2.935529191123916,2.9259628314896267,2.913165128881229,2.8941504592555916,2.8632063832281847,2.8102410656438614,2.719064202159873,2.5668821004931126,2.328212331313153,1.9906936356200615,1.600355512781035,1.3786674596631496,1.3786690945891613,1.600360483738583,1.9907020569806115,2.328224379263644,2.566897859345761,2.719083642383971,2.8102640794381393,2.863232824755636,2.894180170167726,2.913197949031608,2.9259986008449825,2.935567748328359,2.9433634100492774,2.95005988508327,2.955959078877959,2.961197346115656,2.9658412270926684,2.969928581145416,2.9734851108616636,2.9765306170779904,2.979081255958884,2.981150333180091,2.9827485895402783,2.983884314629078,2.984563400642971,2.9847893718664165
2.9858476956235367,2.9856218365631473,2.9849430843253617,2.983807908416017,2.9822104069723636,2.980142276934939,2.977592759815884,2.974548527964978,2.9709933992985387,2.9669075432598357,2.962265223162806,2.957028538922673,2.9511308962952087,2.944435857383874,2.9366413675594663,2.9270728333299996,2.914271639436694,2.895250984780779,2.8642962329359416,2.811311766494589,2.7201014142122086,2.567863641555969,2.3291081057408514,1.991471587324653,1.6010020409468457,1.379238344953934,1.3792400004471645,1.601007031751312,1.991479919187816,2.329119902015706,2.567878974136304,2.7201202607136135,2.8113340318840283,2.8643217829268224,2.895279669392563,2.9143033042566255,2.927107322631397,2.9366785235987827,2.9444755187481935,2.9511728966289503,2.9570727064676547,2.962311381217978,2.9669555110884334,2.9710429927967286,2.974599560077175,2.9776450410948527,2.980195616293334,2.982264612465027,2.9838627879114976,2.984998445749121,2.9856774876452494,2.9859034434958707
2.987013983989883,2.9867881440152857,2.9861094469695857,2.984974355984613,2.9833769585684995,2.9813089369474817,2.978759513990454,2.9757153397049754,2.9721602061347623,2.9680742532674875,2.9634317107089148,2.958194638119833,2.952296387943292,2.9456004392141795,2.937804585450885,2.928233928771231,2.9154292325943367,2.8964024665474835,2.865436704112057,2.812432392583234,2.721187269682809,2.568891685015072,2.33004715809223,1.9922885737441016,1.6016831308446615,1.379841160689773,1.3798428321231537,1.6016881215184486,1.9922967652974,2.3300586129998604,2.568906460533301,2.7212053512687056,2.8124536996069107,2.865461115620137,2.8964298426727915,2.9154594262382245,2.9282667896138435,2.937839960020813,2.9456381700293215,2.952336312995409,2.958236590950997,2.963475521079168,2.968119748040161,2.9722072099152346,2.9757636753574044,2.9788090033765475,2.9813594017354847,2.9834282207859517,2.9850262382253163,2.986161772211796,2.986840735202499,2.9870666638399075
2.988227986455349,2.988002177573753,2.9873235714191178,2.9861886239162683,2.9845914106317073,2.982523597240176,2.9799743857323127,2.976930401132149,2.97337540652487,2.9692895089702733,2.964646900564394,2.9594095965132774,2.953510891108458,2.9468141742279297,2.9390170786503633,2.9294443871208817,2.9166362144811813,2.8976032510531473,2.866626192066171,2.8136014060853247,2.722320332813513,2.569964959661611,2.3310284802812333,1.9931439771408992,1.6023986417285794,1.3804760313260702,1.3804777129338135,1.6024036081535675,1.993151968622153,2.331039489328138,2.569979026243661,2.722337450880978,2.813621511317978,2.8666491790505826,2.897628992080142,2.9166645712635457,2.92947521567872,2.939050230515384,2.9468494966944303,2.953548227637815,2.9594487873712034,2.9646877836137095,2.9693319205092514,2.9734191820387137,2.9769753760411173,2.9800203962186296,2.9825704808993936,2.984639006650537,2.9862367727921324,2.9873721144960004,2.9880509567168994,2.9882768440531966
2.9894872648936097,2.9892615014280244,2.9885830287726933,2.9874482947239915,2.985851361380946,2.9837838758563713,2.981235016752643,2.978191381068517,2.9746366994263007,2.9705510420732595,2.9659085593598364,2.9606712173874046,2.9547722470232833,2.948074942499974,2.940276766696216,2.930702168105281,2.91789058665229,2.8988513858567653,2.8678628001379387,2.814816986863579,2.7234989001526038,2.5710819495360915,2.332050854760443,1.9940370203140432,1.6031483316941517,1.3811430131121054,1.38114469789567,1.6031532452722317,1.9940447422038379,2.332061297105497,2.571095131882542,2.7235148257404647,2.814835610035384,2.867884033611381,2.898875116141799,2.917916685572025,2.9307304989058305,2.940307186813296,2.948107305100643,2.954806402338154,2.960707013920604,2.9659458448724765,2.9705896644692036,2.9746765077085398,2.9782322262997307,2.981276752792338,2.983826359666564,2.9858944528192253,2.987491855980683,2.9886269238012875,2.989305595657426,2.989531425156329
2.9907889803652825,2.9905632792696593,2.9898849906096685,2.9887505529620872,2.98715401329042,2.985086997889329,2.9825386590621705,2.979495562306764,2.975941401849229,2.9718562067744347,2.9672140809366097,2.961976936167041,2.9560779341313066,2.949380266454479,2.9415812166742206,2.9320048843356488,2.9191900091899945,2.9001445833464947,2.8691443042391853,2.816076998052155,2.724720967714556,2.5722408635427527,2.333112827811334,1.9949667448711104,1.603931841431732,1.38184208093709,1.3818437605058698,1.6039366685597896,1.9949741168661543,2.3331225646295914,2.572252960667827,2.724735438659857,2.8160938185859234,2.8691634079796207,2.9001658729976914,2.919213367937496,2.932030183618823,2.9416083208735797,2.949409035865096,2.9561082272084294,2.9620086113144555,2.9672469978234663,2.9718902274420453,2.9759763918793065,2.9795313918450064,2.9825752033135933,2.9851241370256756,2.987191631971939,2.9887885397193346,2.9899232372656037,2.9906016804004776,2.9908274326416406
2.992129845688751,2.991904226928583,2.99122618170749,2.9900921382179337,2.9884961264207517,2.986429749145975,2.983882129052321,2.9808397962196795,2.97728640405461,2.9732019355632064,2.9685604427548773,2.963323777432939,2.957425025698219,2.950727269095633,2.942927602106301,2.9333497608543895,2.9205317608962877,2.9014801816251374,2.8704681145807465,2.8173789489319097,2.725984195591153,2.573439602764898,2.3342126808513926,1.9959319878065926,1.6047486765353813,1.3825731139094588,1.3825747782904694,1.6047533779610508,1.9959389175955264,2.3342215535758797,2.573450385738992,2.7259969136645394,2.817393602225582,2.8704846603895735,2.901498540835595,2.920551829440509,2.9333714194870235,2.942950723273085,2.9507517215085124,2.957450677578061,2.9633504989364083,2.968588107757811,2.9732304231146993,2.9773155997098493,2.9808695929677906,2.9839124275181375,2.9864604572110593,2.9885271586251716,2.990123415128704,2.9912576291847857,2.9919357750358193,2.9921614271030257
2.9935060740135087,2.993280560953835,2.9926028288429816,2.9914692942118304,2.989873967805098,2.9878084259262243,2.9852617578089107,2.9822204536900956,2.978668121118591,2.9745846914417093,2.969944158802248,2.9647083085245165,2.9588101441207972,2.952112629048463,2.9443126587195563,2.9347335915974475,2.9219126964369706,2.9028551024038247,2.871831234497428,2.818719955039899,2.727285869972684,2.5746757253787522,2.3353483995310484,1.9969313561292201,1.605598188227554,1.3833358796038389,1.3833375170602478,1.605602718421212,1.9969377381555338,2.3353562280292746,2.5746849349353185,2.72729649774676,2.8187320283645128,2.871844737114657,2.902869975502851,2.921928850269954,2.9347509174921003,2.944331038340053,2.952131940782332,2.95883026751747,2.964729127524643,2.969965564089096,2.974606582247288,2.9786904066523863,2.9822430539239133,2.9852846034630827,2.9878314579825713,2.9898971368659173,2.9914925596727038,2.992626157648861,2.9933039257169134,2.9935294505588947
2.9949133230397207,2.994687942957949,2.9940106053743727,2.9928777136188685,2.9912832566427117,2.98921878075413,2.986673337480209,2.9836333721400323,2.9800824406525925,2.9760004163878584,2.971361228828989,2.9661265895699627,2.960229411776929,2.9535325322183783,2.9457326368796486,2.936152692583862,2.923329200302269,2.9042658058049398,2.8732302162921113,2.82009669544563,2.728622862482582,2.5759464089905912,2.3365176404208814,1.997963199423911,1.6064795524415376,1.3841300169057489,1.3841316137677144,1.6064838590192279,1.9979689137385463,2.3365242211715946,2.5759537529130965,2.7286310197949764,2.8201057234706175,2.8732401280722732,2.9042765651162066,2.923340733406168,2.936164902663207,2.9457454159345904,2.9535457695265643,2.960242999791728,2.966140428171838,2.9713752283377812,2.976014499671298,2.980096544598176,2.98364744838578,2.986687352351879,2.9892327147519353,2.9912971036714655,2.992891479693256,2.994024306529698,2.9947016024636848,2.994926968300045
2.9963466347371153,2.996121419433142,2.9954445711925946,2.9943124783275965,2.992719105073049,2.990655963799589,2.9881120633868603,2.985073798376516,2.9815246664711075,2.9774444758933423,2.9728070837699567,2.9675741198158754,2.961678398263403,2.95498261989583,2.9471832505306113,2.937602851698322,2.924777137463124,2.9057082419666735,2.874661113979556,2.821505367010403,2.7299915865829343,2.5772484102053994,2.3377176952238936,1.999025580332081,1.6073917472029964,1.3849550173675076,1.3849565578621403,1.6073957703633335,1.9990304914755903,2.3377227994410816,2.577253560495802,2.7299968467099043,2.8215108271009917,2.8746668193927962,2.9057141814610263,2.9247832549767563,2.93760906342674,2.9471894597877935,2.954988727987269,2.961684312133521,2.9675797575164493,2.972812378223436,2.977449377316097,2.981529143924528,2.9850778405947636,2.9881156788067686,2.9906591799422935,2.9927219673849343,2.9943150481878975,2.9954469228845837,2.9961236364858825,2.9963488062396837
2.9978003701873286,2.9975753566037087,2.9968991077777427,2.9957679949418656,2.994175954290045,2.99211445967223,2.9895724715658414,2.9865363270129595,2.9829894579847425,2.97891159935828,2.9742765271596725,2.9690457800690764,2.963152063839611,2.9564579331677985,2.948659622550041,2.939079274984472,2.9262518006299882,2.907177799339893,2.876119432777412,2.8229416354220573,2.7313879508567993,2.5785780213215586,2.3389454524680997,2.000116242889145,1.6083335282044484,1.3858102049542649,1.3858116710351231,1.608337200156912,2.0001201987301442,2.3389488241122818,2.5785806112428675,2.7313898366242384,2.822942942893209,2.8761202427862846,2.9071781280272586,2.9262516111215153,2.9390784973966544,2.94865817224393,2.9564557244590106,2.963149019706323,2.9690418389955395,2.9742716477384756,2.9789057631512588,2.9829826713113805,2.9865286219957694,2.9895639062683412,2.992105117209344,2.994165940988424,2.9957574374984643,2.996888149394665,2.9975641525292938,2.997789083212971
2.999268139065832,2.999043369989426,2.9983678481094693,2.9972379252417207,2.99564750565068,2.993588019277431,2.991048371544171,2.9880148342919792,2.9844707651176323,2.980395816138846,2.975763672339902,2.970535771051743,2.9646446989056625,2.9579528535023,2.950156226408797,2.9405765293416106,2.927747853984657,2.9086692495140456,2.8776000751819506,2.8244005829010894,2.732807309118342,2.5799310241005595,2.3401973565958536,2.0012325786094887,1.6093034024492232,1.3866947140491936,1.3866960852224373,1.6093066468190258,2.0012354091154956,2.340198710315815,2.5799306452371797,2.732805289104193,2.824397086327403,2.8775952215401763,2.9086630845869896,2.92774036131944,2.9405676535428493,2.9501458952907385,2.9579409951138755,2.964631253636479,2.970520700026445,2.97574696299251,2.980377485721748,2.9844508629374653,2.9879934430199055,2.991025607344276,2.9935640304924944,2.9956224701595815,2.9972120467148406,2.9983413513299446,2.9990164955045215,2.9992411374196974
3.000742723477691,3.0005182484053607,2.999843601088392,2.998715111172634,2.9971266463748805,2.9950695864576335,2.9925327741171417,2.9895024070697884,2.9859617585357294,2.981890387075982,2.9772618753092717,2.97203754754835,2.966149859415669,2.959461039397294,2.9516668240060984,2.942088481482106,2.9292592732249156,2.9101766884010973,2.87909728349559,2.8258766525123353,2.7342444073129366,2.5813026405360824,2.3414693643224678,2.0023715901828987,1.6102995998433371,1.3876074656015929,1.387608718737089,1.6103023310312545,2.002373106140978,2.3414683834266867,2.5812988399846812,2.7342378921985913,2.8258676291131746,2.879085913009231,2.9101630482213454,2.929243368148788,2.942070270728267,2.9516462478320853,2.959438039935378,2.9661243955301186,2.972009605034774,2.9772314736863903,2.9818575839997767,2.9859266526573083,2.989465139596702,2.9924935287814622,2.9950285876917135,2.997084155930147,2.9986714234953995,2.999799037619368,3.000473150933012,3.000697446564613
3.002215995856525,3.0019918720456857,3.0013182700232055,3.0001914939382415,2.9986053695424193,2.9965512191619514,2.9940178138147737,2.9909912666553495,2.98745475495278,2.9833877313235178,2.9787636630728396,2.973543748244717,2.9676602981476172,2.9609753590016075,2.953184399563157,2.943608233028919,2.930779281820352,2.9116934736983473,2.880604578729246,2.8273635889946167,2.7356933271044253,2.582687480501264,2.342756898127196,2.003529852638123,1.6113200425967882,1.3885471412959043,1.388548250428457,1.6113221651212748,2.0035298444022915,2.3427532326750615,2.5826797582394687,2.7356816661861107,2.827348240115725,2.88058574754351,2.9116712707392503,2.930753733417187,2.9435793125593395,2.953152059154934,2.9609395546894985,2.9676210078659837,2.9735009841882016,2.9787174800663636,2.9833382324213673,2.987402095040821,2.990935654251797,2.993959510831869,2.9964905385817273,2.9985426713604713,3.00012717961407,3.0012527753925724,3.0019256587351997,3.0021495413482873
3.0036788304678264,3.0034551241333203,3.0027827647001497,3.0016580268722115,3.0000746881255917,2.998024004821641,2.99549466573888,2.992472687271309,2.988941137334307,2.9848793483169658,2.980260657351138,2.975046121131905,2.9691678917101303,2.962487818600305,2.954701089480694,2.9451280516721186,2.932300283429531,2.9132121586085096,2.882114695844235,2.828854376016232,2.737147426017888,2.5840794861512233,2.3440547967739276,2.0047034718652217,1.6123623122990596,1.3895121555998742,1.3895130917442384,1.6123637201939227,2.00470170823488,2.344048061857475,2.584067292605711,2.7371299038996066,2.828831822773016,2.8820873638686306,2.913180192500817,2.932263730624279,2.9450868984816263,2.954655298536395,2.9624373588892388,2.969112760177414,2.974986357662997,2.9801963551384034,2.9848106609287366,2.988868283191328,2.9923959517661647,2.9954144009147954,2.9979406266438,2.9999886716647453,3.001569899538352,3.0026930973045167,3.003364519779428,3.003587911804296
3.005121007911657,3.0048977955656424,3.0042269066254166,3.0031045817405677,3.001524542632721,2.999477969527091,2.996953456509575,2.993936908970273,2.9904112698599894,2.9863557347681295,2.981743493555163,2.9765354443761254,2.970663563187565,2.9639894868947696,2.956208108115722,2.9466392983414904,2.933813790429655,2.914724421771256,2.883619515275615,2.830341169764671,2.738599274018523,2.585471872967342,2.3453572627719597,2.0058880404113695,1.6134236145564602,1.390500625552689,1.3905013565448456,1.6134241908635962,2.0058842676986166,2.345347037047151,2.5854546068491255,2.7385751075791065,2.830310448977793,2.8835825409250133,2.9146813726682037,2.9337647337617696,2.9465842310975274,2.9561470009629542,2.9639223197454108,2.9705903510255856,2.9764562554216414,2.9816584620657838,2.9862650698760214,2.990315261149452,2.9938359291472776,2.996847961232593,2.999368494375131,3.0014116973149534,3.0029890415926843,3.004109401256451,3.0047790948366218,3.0050019061083364
3.0065311120485037,3.0063084820986514,3.00563932703466,3.00451984796731,3.002943701852002,3.0009019806523254,2.9983831690860057,2.9953730448012696,2.9918544074700204,2.9878062965708296,2.98320173496314,2.9780014426225008,2.9721372004158395,2.9654704150882902,2.9576956695013656,2.9481323504118926,2.9353103485404364,2.916220993338811,2.8851099906450774,2.831815228782603,2.7400405864448008,2.5868570673489697,2.346657806665122,2.007078590428302,1.6145007410592387,1.3915103381526395,1.3915108285147968,1.6145003574154702,2.0070725317303526,2.346643631193057,2.5868340738826405,2.740008922261987,2.831775289425927,2.885062126143848,2.9161654158648003,2.935247142464467,2.948061519743186,2.957617188993332,2.9653842721236727,2.9720434258053237,2.9779001325893897,2.983093066856541,2.9876905398539897,2.991731930791066,2.995244319595269,2.998248769803573,3.000762581442134,3.0028000695311943,3.0043728312449383,3.005489842167392,3.00615749559498,3.006379621427934
3.007896418850184,3.0076744735789878,3.0070073570605937,3.005891224178813,3.004319656282531,3.002283642651658,2.9997715412047814,2.996768981995219,2.9932585998325165,2.9892192555177286,2.984623782057719,2.9794326987549304,2.97357756994669,2.966919552836607,2.9591529050670604,2.949596520999568,2.9367794575668222,2.9176915771579317,2.8865760725871623,2.833266839985913,2.741462153251953,2.5882266406972207,2.3479491880506846,2.008269543628134,1.6155900289050027,1.3925387151682944,1.3925389260034404,1.6155885452403127,2.0082608983369634,2.347930565516494,2.588197210384389,2.741422065714608,2.83321654044216,2.88651596014334,2.917621895220547,2.936700303537277,2.949507900419332,2.9590547908999,2.9668119346376263,2.973460490486088,2.9793062805129225,2.9844882464261557,2.989074936501483,2.993105953190517,2.9966085902571007,2.999604114534244,3.0021100151918674,3.004140777629892,3.0057081459628465,3.006821215147007,3.007486466889186,3.0077077858205348
3.0092027765231095,3.0089816344535105,3.008316909274244,3.0072047014946857,3.0056385038577758,3.003609185668288,3.0011049571200914,2.998111276972764,2.9946105896497017,2.9905815508134896,2.9859967770602207,2.980816561195013,2.974972226806745,2.9683246601600755,2.960567777431713,2.9510199743948133,2.938209488278225,2.919124769049584,2.8880066286588657,2.8346852408148457,2.742853764504469,2.589571239920394,2.3492233532412317,2.0094546581240067,1.6166873169942964,1.3935827751570686,1.3935826640879927,1.6166845813782476,2.0094431017307297,2.349199747642748,2.589534607992407,2.7428042548560083,2.8346233472548215,2.8879327978461222,2.9190392718338507,2.9381124289294758,2.9509113522138612,2.9604475553059335,2.9681928221452747,2.9748288215404597,2.980661733685346,2.9858307921233207,2.9904048102753986,2.994423644293667,2.99791483352857,3.0008998800605426,3.0033964932334603,3.0054193578705717,3.0069803910776876,3.0080888291605534,3.008751258901833,3.008971629830584
3.010434475903507,3.010214274557857,3.009552349811987,3.0084447379520904,3.0068848273746713,3.00486334642145,3.0023683322701107,2.9993850439758765,2.9958957052395974,2.9918787354218237,2.987306503763434,2.982139046871277,2.976307420194811,2.969672215455168,2.9619269903589545,2.9523896376445795,2.9395875953943436,2.9205079711571496,2.8893893592959725,2.8360585374348153,2.744204131972878,2.590880514180337,2.3504713693867836,2.0106269719696326,1.6177878992644286,1.3946390924208072,1.3946386135814683,1.6177837479303163,2.0106121562405868,2.350442206350577,2.5908358609574518,2.744144128538099,2.83598372360736,2.8893002259809073,2.920404810703176,2.939470510278549,2.952258610386596,2.961781962534223,2.9695131549132365,2.976134372367727,2.9819521728464844,2.987106108943541,2.991665291229897,2.995669864769821,2.999147651648562,3.0021204270286224,3.00460615768271,3.006619763223794,3.008173365769852,3.009276369976093,3.0099354879870743,3.010154746473516
3.0115741097824866,3.011355009006664,3.0106963600824663,3.009594123071249,3.0080415626907464,3.0060292406328224,3.0035449903551825,3.000573836968193,2.9970977471714564,2.9930948671526667,2.9885372826540344,2.9833847398782085,2.9775679951420093,2.9709473196161844,2.963215894829916,2.9536911081650263,2.9408996265002183,2.9218273021488073,2.890710709563621,2.837373618685412,2.745500806477892,2.592143037472575,2.3516833546237037,2.0117787429373872,1.6188864742776568,1.3957037524070142,1.3957028564939788,1.6188807318679035,2.011760296581352,2.3516480225567333,2.5920894898921505,2.74542916633284,2.837284467386682,2.8906045767263326,2.9217044930060587,2.940760230018726,2.9535350761826544,2.96304313275591,2.970757764552416,2.9773616763529587,2.9831618244304674,2.9882981105752218,2.992839978869165,2.9968279039956784,3.000290034386434,3.003248463399289,3.00572146033411,3.007724222899774,3.0092691176121686,3.010365750646953,3.0110209844319433,3.011238938020175
3.0126024190625973,3.0123846051658894,3.0117297860081544,3.0106338305606526,3.009089855915011,3.0070882255117524,3.0046165315782805,3.001659523734043,2.9981988680486165,2.99421239371967,2.9896718606417187,2.9845366851746724,2.978737289463765,2.9721335955356074,2.9644183904455703,2.954908556552147,2.9421300259930994,2.9230675022768,2.8919557756081047,2.8386160646319674,2.746730089819586,2.5933462258794964,2.3528484030564027,2.0129013832854086,1.6199770898794628,1.3967723022711143,1.3967709366764711,1.6199695699859833,2.0128789132510407,2.352806255318056,2.593282860424555,2.74664560218111,2.838511071185714,2.8918308364900027,2.9229229238127874,2.941965868251767,2.9547247226823554,2.9642147303440427,2.9719099962039035,2.9784937460767935,2.984273355860803,2.989389109741039,2.993910826500096,2.997879357527234,3.0013232290159446,3.004264906648106,3.0067230171379986,3.0087130894634133,3.0102477831021996,3.011336946813084,3.0119876244354935,3.0122040468809446
3.013498120859559,3.0132818117361304,3.012631469808889,3.0115428543627973,3.0100089050816736,3.0080197480347515,3.005562688021486,3.002622148409723,2.9991794418937214,2.99521202836843,2.9906912920856867,2.9855762740483858,2.9797970226817294,2.973213079565843,2.9655168186577603,2.9560246210185466,2.9432617303940263,2.924211829504857,2.89310820191127,2.8397700457494413,2.7478769373224265,2.594476245568083,2.3539545006641482,2.0139853856219467,1.6210530790118363,1.397839692690839,1.397837801738863,1.621043585077568,2.0139584791276293,2.353904858896,2.594402092788053,2.747778328976887,2.8396476239572035,2.8929625460644623,2.924043231544258,2.9430702017632786,2.9558099931908615,2.9652788611111767,2.9729516038366834,2.979511965654561,2.9852677637072946,2.990359700825783,2.994858016986874,2.9988039947810696,3.002226598979021,3.00514873278927,3.007589447348298,3.009564668417379,3.011087408751555,3.012167811185575,3.0128131405163145,3.013027764717365
3.0142377048625426,3.0140231561942348,3.0133780506448073,3.0122980145158214,3.0107757729022504,3.0088011657499254,3.0063611531203303,3.0034397696881556,3.000017910612373,2.996072603708961,2.9915747988447094,2.986483109091106,2.9807271646160527,2.97416609255564,2.966491835318567,2.957020280794483,2.9442760422162144,2.9252419337956503,2.894150056374131,2.840818199738606,2.74892483801866,2.5955178985988696,2.3549884193433765,2.0150202272354396,1.6221069742068592,1.3989001985729272,1.3988977238708484,1.6220953008204915,2.0149884546030608,2.3549305780862713,2.5954319494526574,2.7488107811478226,2.840676690831649,2.893981679284229,2.9250469463711077,2.9440543824801932,2.956771679609817,2.966215950068412,2.973862626503691,2.9803959642417897,2.9861242428898485,2.991188623028429,2.9956598180465757,2.999579604763256,3.0029774585657587,3.0058767988950494,3.008297183370472,3.0102550157649604,3.011763737823584,3.0128338519352953,3.0134728947569105,3.013685404030363
3.0147951583985853,3.014582670979998,3.013943694302327,3.0128736926446678,3.011365130059446,3.009407499412864,3.00698734456425,3.0040882341422788,3.0006905671355963,2.9967708634987877,2.992299569165927,2.987234808490473,2.9815057434082166,2.974971050142935,2.9673222220953845,2.957874667866946,2.9451524416263197,2.9261376687310707,2.8950616424300835,2.8417414453076373,2.7498556319523852,2.5964544462840387,2.355935549193041,2.0159942135233218,1.6231303620359319,1.3999472804527318,1.3999441613625307,1.623116296647236,2.015957131883748,2.355868781950327,2.596355660576251,2.7497247547406127,2.8415791304151115,2.894868459404055,2.925913816793873,2.9448977547367665,2.95758874035216,2.967004559476498,2.9746212055304717,2.981123430878942,2.9868199972630505,2.99185256443526,2.9962923773688406,3.0001817797800525,3.0035508429618187,3.006423597739048,3.0088202091844307,3.01075766066462,3.0122499190638385,3.013307930603757,3.013939569918817,3.0141495869804347
3.0151415073247723,3.0149314351145415,3.014299637234823,3.013241380534386,3.0117488107514117,3.0098109978446836,3.0074139801618447,3.0045407637599792,3.001171154205904,2.9972810713651494,2.992840374430677,2.9878066286467133,2.9821084719412743,2.9756040912088566,2.9679845155869717,2.9585646958641227,2.945868214738144,2.9268767194160064,2.8958211274216095,2.842518612575492,2.7506491448828827,2.59726725124982,2.356779551339663,2.016894144369428,1.6241135634269839,1.4009732741382646,1.400969448380045,1.6240968885229827,2.0168513023301835,2.3567031182360902,2.5971545684115167,2.7505000452961705,2.842333729217598,2.8956009924096477,2.9266214433796267,2.9455774902778153,2.9582379368145113,2.967621026358629,2.9752032219900886,2.9816697501977427,2.987329871206421,2.992325786616116,2.996729336956519,3.0005835160988212,3.003919091996356,3.0067608221019104,3.0091296039270317,3.011043128647135,3.012516011688345,3.013559752647895,3.014182650646497,3.0143897232889505
3.015243863609386,3.0150366204691967,3.0144132297563573,3.0133687207520503,3.011894853618315,3.0099801832916215,3.007610131509593,3.0047670204717556,3.0014299405669034,2.9975740978266514,2.9931686650433074,2.988170566470796,2.982507854132258,2.9760381861136787,2.9684521160081774,2.959064168348186,2.946397561343986,2.927433710236136,2.8964036518021095,2.8431255559214015,2.7512823080307633,2.597934908205517,2.3575015045455863,2.0177044812400493,1.625044823468128,1.4019685968319422,1.4019640012356547,1.6250253192594066,2.0176554246028653,2.357414661736961,2.597807260648063,2.751113571111029,2.8429163190494835,2.896154381798072,2.927144393245866,2.946067703923303,2.958692950893219,2.968038581714493,2.9755814165982195,2.9820071210870784,2.9876254642681714,2.992579231640062,2.9969409282456945,3.0007542925499173,3.00405090778043,3.0068563978699623,3.009192548417856,3.011077921592075,3.012527941147995,3.0135548036146713,3.014167346710448,3.0143709288483955
3.0150631827614496,3.014859241314404,3.0142456649799856,3.013217209785098,3.0117651820874753,3.0098775174300414,3.007538885587204,3.0047307715404807,3.001431395036529,2.9976151045970068,2.993250264099806,2.9882930603088633,2.982670890703715,2.9762408452522924,2.9686929971838274,2.9593414897506296,2.9467093072212656,2.92777792000575,2.8967790495112022,2.843532883316142,2.7517269014315677,2.5984310081001447,2.3580776987393848,2.0184051798866975,1.6259081909677136,1.4029196620976956,1.4029142335261622,1.625885638653928,2.0183494585291566,2.3579797097455075,2.598287337407396,2.7515371204484307,2.8432975113374366,2.8964984552368165,2.9274519229119043,2.9463371752776757,2.9589221071324094,2.9682250736129534,2.9757231131303827,2.9821022786216496,2.9876728485538995,2.9925782306462323,2.996891666511504,3.0006577447749243,3.003909002869038,3.0066721011166666,3.0089699079904095,3.0108220657309803,3.0122450148310818,3.013251838366927,3.013852064690124,3.0140514911970437
3.0145488232061277,3.0143486880401937,3.013746444314292,3.01273657414907,3.0113098935545475,3.009453622816343,3.007151523953266,3.00438404953368,3.001128343400341,2.9973577072079407,2.9930395389960363,2.988129170546677,2.982553267501174,2.9761683138297528,2.968663907265321,2.959353872594622,2.9467611197943553,2.927867509206706,2.896906091600977,2.8437002229705146,2.75194385295049,2.598718482447098,2.3584740423916633,2.018966183901741,1.6266781202605611,1.4038035654316074,1.4037972419125557,1.6266523059933429,2.018903360028839,2.3583641916326825,2.5985577587475706,2.751731654862386,2.843436969378309,2.8965920153378186,2.927502214619837,2.946343575672595,2.958882593755546,2.9681371843105007,2.975584432153289,2.98191070336285,2.9874267708451367,2.9922766942460437,2.996534523398821,3.000245812624966,3.00344421500828,3.0061576335245217,3.008410263995216,3.010223097904025,3.0116138659459306,3.0125967901277795,3.013182294072224,3.0133767476363302
3.013625716272938,3.013429828081537,3.0128402938578343,3.0118514422523157,3.0104536879333814,3.008633513011859,3.0063736167686583,3.003653168550435,3.000447950266724,2.9967299495045383,2.99246538271854,2.987608573905003,2.9820853652360952,2.9757515984813536,2.968296414153397,2.9590334050752314,2.946485602791272,2.9276356487430895,2.8967186586129787,2.8435624526056684,2.7518695430510838,2.5987360103685915,2.3586326109410214,2.019334169159756,1.6273064679576086,1.4045752781215812,1.4045680002693184,1.6272771877456977,2.0192638273346613,2.3585102200413353,2.598557255601883,2.75163361918648,2.843269644471139,2.8963690209159725,2.9272285163816343,2.94601957704926,2.9585065477952837,2.9677064969045994,2.975096342489395,2.981362658827899,2.9868166749435963,2.991603116143801,2.9957969058920964,2.9994446867570836,3.0025814128139707,3.005236479177741,3.0074357159982408,3.0092018114307253,3.010554146693099,3.0115084205408387,3.012076229143231,3.0122646974240985
3.012165835399276,3.0119743090655837,3.0113980242760876,3.0104316172108017,3.0090655546162406,3.0072857964796404,3.0050738865381277,3.0024073823480215,2.999260273795733,2.995602821461159,2.9913997330552395,2.9866041045332983,2.9811408338037406,2.9748650826893286,2.9674655697916767,2.9582557733642374,2.945759087933998,2.926959395637647,2.8960947197686315,2.842998808743134,2.75138508217347,2.5983675204567906,2.3584414583473574,2.019402788015281,1.627693300303909,1.4051388962756417,1.4051306091888809,1.6276603664212002,2.0193245478962045,2.358305906512976,2.598169837270394,2.7511242263756572,2.8426748949026024,2.8957075786184205,2.9265080334075266,2.9452416632053753,2.957669801507476,2.9668081889152944,2.974133311152525,2.9803318041590434,2.9857152804091625,2.990429118038268,2.994549164294832,2.998123273931865,3.0011879110530573,3.003774262609528,3.0059101775743104,3.007620488904322,3.0089267030988087,3.0098464477680844,3.010392866863721,3.0105740892659916
3.0099294698714063,3.009741468076375,3.0091764723429018,3.008230746938021,3.006896183190861,3.0051590529729153,3.00299985403378,3.000394082172913,2.9973132295564406,2.993725130115817,2.9895924348447793,2.984866655773456,2.9794715626077966,2.973261586713648,2.9659250789710603,2.956775559577559,2.94433708584366,2.925595326235853,2.8947921864506987,2.8417690127064317,2.7502527851106504,2.5973791283276997,2.357672194515918,2.018951145094819,1.6276265444066014,1.4052882160074802,1.405278872052005,1.6275897945411997,2.0188646789597664,2.357522945955584,2.5971617385497003,2.749965944356582,2.8414126277923564,2.894365816211938,2.925097585831624,2.9437656108401353,2.95612721699128,2.965196245158674,2.972448415026049,2.9785702214838183,2.9838735387464363,2.98850434384528,2.9925394297460364,2.9960279796046527,2.9990081977636405,3.0015134193284934,3.0035739905234977,3.00521746342483,3.006468090381329,3.0073460266096435,3.007866464894041,3.0080388718438047
3.00645516269411,3.0062675338538156,3.0057057708524266,3.0047710965535486,3.0034603055799836,3.0017622108442676,2.9996568431823625,2.9971169627336858,2.9941103149588297,2.99060104308041,2.986548760194032,2.9819027702761636,2.9765853993935365,2.9704502590012916,2.9631854019301436,2.9541045956526237,2.9417329362827007,2.9230585369611912,2.892328333512461,2.839393209639126,2.747996770788736,2.5953006169542148,2.3558626882911056,2.0175282260797736,1.6266686825539436,1.4045952143015468,1.404584777579114,1.6266279941442894,2.017433285302401,2.35569933264354,2.595062917504344,2.747683118147244,2.8390032659283753,2.8918613379379003,2.922512650746023,2.9411051896184404,2.953391099944556,2.9623816314820193,2.9695513148106443,2.9755862257433856,2.980798310672119,2.9853340318597743,2.98927110468018,2.9926601364800813,2.9955413180003183,2.997950550179744,2.9999212641053608,3.001484455197303,3.002667916026536,3.0034951021185465,3.0039839043137753,3.0041455600315436
3.000875755799064,3.0006802981872736,3.0001004855278057,2.9991502543122133,2.9978392324245027,2.9961638171743186,2.994105028774872,2.9916317362443205,2.988705627673623,2.985284821689132,2.9813241046500667,2.97676944947619,2.971541172387323,2.965491886271636,2.958309420646421,2.9493080549565107,2.9370144012935353,2.918419830185025,2.887777696308544,2.834950743071178,2.7437028636396357,2.5912268541399053,2.352120613548386,2.014259476251811,1.6239673322523955,1.402223808111922,1.4022122619688207,1.6239226461646639,2.014155933836228,2.3519429294998884,2.5909685037565295,2.7433619102870828,2.83452657040567,2.887269179652446,2.9178246175988023,2.9363288380622867,2.948527389423423,2.9574280767739616,2.9645036992175946,2.970439535909522,2.9755473256434435,2.9799738209887274,2.983797571647219,2.9870706695978217,2.9898355465377646,2.992131149282792,2.9939946984992254,2.995461517760764,2.9965639168839395,2.9973296028975946,2.9977799628324164,2.997928536487701
2.991653415196813,2.991431729985783,2.990786280996288,2.9897607669008543,2.988394287398993,2.9867009100779964,2.984665371058551,2.982250378845292,2.979407257734902,2.9760838716918943,2.9722270039251177,2.967777329549165,2.96265216003232,2.9567027672165365,2.949616818117009,2.9407094401164158,2.928509374742423,2.9100122808508204,2.8794796722379403,2.826789046894012,2.7357291695189576,2.5835306830153644,2.344839665128637,2.007567847463101,1.6179827513002534,1.3966625842462437,1.3966499436687352,1.6179341105507994,2.0074557664592625,2.3446477213100496,2.5832517382902394,2.735360938901856,2.8263306086582594,2.878929501736472,2.909367463355063,2.9277655012462422,2.939860796519553,2.948656629353374,2.955623365334446,2.9614449812824364,2.966432615067846,2.97073301271479,2.974425387610247,2.977563327876373,2.98019176006632,2.9823532119894742,2.984089504042272,2.9854413105560496,2.986446581772434,2.98713836036263,2.9875424324820936,2.98767523904652
2.976274068993882,2.9759882558104187,2.975180819240357,2.9739612073986934,2.972430342505342,2.9706377904729537,2.968575750338503,2.966195943215224,2.9634315013138166,2.9602127451952134,2.956473151073561,2.9521448720915155,2.947140588939042,2.9413096422379996,2.9343395625990225,2.9255467484071445,2.913462867971902,2.895089209982827,2.8646977080649956,2.812184385624819,2.7213689190656267,2.5695287950502177,2.3313700070015435,1.9948511896012089,1.606174820419005,1.3854198712591175,1.385406201840016,1.6061224292480216,1.9947309266959492,2.331164313609529,2.5692299134760814,2.720974205330901,2.8116925975633538,2.8641068995872065,2.894395871811856,2.912661787958676,2.9246311711379933,2.9333013783228554,2.9401394294800576,2.9458273361673184,2.950675110022618,2.954829079127845,2.9583688584469874,2.9613494873816424,2.9638186291430593,2.96582295718853,2.967409755463841,2.9686261243227645,2.969516810348118,2.9701212856436614,2.970470634835717,2.9705847933664677
2.9510290165296604,2.950604592892844,2.949452960258999,2.9478235258053394,2.9459370486519925,2.9439054276100602,2.9417305609806443,2.939342832513481,2.9366436729009187,2.9335342451638873,2.929926638859407,2.925739706544222,2.920879118056179,2.915191402961695,2.9083639439711058,2.899714944860245,2.8877800410673435,2.8695679238956124,2.8393639636495944,2.787087804237262,2.696598361970245,2.5452327985188847,2.3077747453814985,1.9722477824670188,1.5847820686093068,1.3648151499022498,1.3648005932526837,1.584726371905114,1.9721201273146531,2.3075564577444974,2.544915510343122,2.6961790749135903,2.7865649587209114,2.838735193427897,2.8688291218052226,2.8869251770795694,2.8987361812893018,2.9072517357972116,2.913934338618446,2.9194631945215206,2.9241465277589187,2.9281297277640608,2.93149246524462,2.9342911305728134,2.936576332401027,2.938399421964495,2.9398139456956214,2.940874383301305,2.9416332581247744,2.9421373707189566,2.942423835548262,2.9425165683104115
2.911118057067917,2.9104088954473464,2.9085830025645514,2.906181574087238,2.9036386236998895,2.90115827117403,2.8987447498148926,2.896285985818913,2.8936301868147183,2.8906327748009213,2.8871736325368347,2.8831521679519914,2.8784640607353715,2.8729519501172187,2.8663030694887555,2.857838111008503,2.846098022485393,2.8281012363841773,2.7981506232585613,2.7461964721536916,2.6561487732753406,2.505423369514536,2.2689093774755773,1.9347269094736772,1.5489314442905804,1.3301090588269382,1.33009385988628,1.5488732143690793,1.9345932388159386,2.2686805224243307,2.505090380500341,2.655708322390788,2.7456467100618607,2.797488796369101,2.82732267634148,2.8451959162784397,2.8568035572410935,2.8651250544869926,2.8716169011253707,2.876954475016914,2.881443438288973,2.8852276431979695,2.8883864135899286,2.890977337769222,2.893054098062551,2.8946731009032436,2.895894685127151,2.896781277828128,2.8973937101398226,2.897786582339404,2.8980034403049424,2.898072470223665
2.851372337053796,2.850071915892276,2.846982099913425,2.8432436947788364,2.839625681294264,2.836430265336738,2.8336287476474555,2.831027538227068,2.828391261090595,2.8255094800236358,2.822217950216114,2.8183902976896404,2.8139093026357376,2.808612756373847,2.8021878812823005,2.793958738174821,2.782473280847927,2.76476269887571,2.7351527727621057,2.6836341253767326,2.594184845344307,2.4443282519490284,2.2091039546703515,1.8767850701095727,1.4933644721837214,1.2762666617649336,1.2762511865852428,1.4933048699494451,1.8766474627884795,2.2088676040906807,2.4439836782334696,2.5937284392111035,2.683063804731842,2.7344654677826123,2.763953266255314,2.7815342229085207,2.7928801896966498,2.8009574326398727,2.8072146451280813,2.812322216488164,2.8165824146977956,2.8201369362750746,2.823064335915795,2.825423180780887,2.827270179942557,2.82866682669999,2.829680245703253,2.830380707873415,2.8308371964654717,2.8311120044467106,2.8312551098085126,2.831299041227645
2.7678487516362855,2.7652086981583692,2.759785619855448,2.753900306842108,2.7487183451081725,2.7445474513527457,2.741233015424125,2.7384386500907576,2.735810749914611,2.733054931822028,2.7299539201786893,2.7263515010741113,2.722115997151678,2.7170800898136664,2.7109314758105634,2.7029987040480394,2.691838766590145,2.674499332890693,2.6453360700511426,2.594393063321525,2.5057409108595428,2.3570544603705543,2.123597978635556,1.7939007006349748,1.4139432123972078,1.1995361395889619,1.1995208654221488,1.4138837711337318,1.7937619292319695,2.1233582518800986,2.356703840616127,2.505275577729066,2.5938107879087715,2.6446335764951416,2.6736711411595833,2.6908768617959558,2.7018924520195156,2.7096672837675984,2.715640205454629,2.7204753994722473,2.7244709377221956,2.7277657931911823,2.7304373371341124,2.7325447845907984,2.7341475115608973,2.735311570962953,2.7361101025633503,2.7366202834972078,2.7369183525061134,2.737073637269472,2.7371421923184602,2.7371607666304025
2.6604794916276515,2.654254413705227,2.6445279937995116,2.6355024986597946,2.62836915999222,2.623106478622589,2.6192626584335468,2.6162889810112944,2.613690786728555,2.611084786492926,2.6082012074298215,2.6048555574532015,2.6009030742111654,2.5961724194167997,2.5903528019055857,2.5827786107274355,2.5720181433271563,2.555139856019039,2.526537864717466,2.4763269276297413,2.3887045558448,2.241564236908941,2.0105176471196495,1.6845392652220073,1.3097375067770618,1.0996649632468622,1.0996504217833338,1.3096799857368808,1.6844025793727744,2.0102794231282526,2.2412141655057294,2.3882386891294884,2.475742995926485,2.525832526189774,2.554307474354078,2.571050413552223,2.581664414090908,2.5890777249638606,2.5947172032102803,2.5992396783412586,2.6029383557374994,2.605949029733248,2.608347486218025,2.6101930807486897,2.611547068045551,2.6124788692384304,2.6130660928005938,2.6133911740894695,2.613536173771088,2.6135764085790005,2.6135733390521145,2.6135675712682955
2.5376070109695554,2.5196425994207456,2.502291366456554,2.4894528936459133,2.480487558702596,2.4743736510898824,2.4701883995170593,2.4671532735834694,2.4646527328774543,2.462236831329608,2.4595992934728996,2.4565370355539535,2.452897508744758,2.4485081392490704,2.443061284485663,2.435898648664526,2.425602109900278,2.4092654717379602,2.381331117128916,2.3320059531186077,2.245661216877802,2.100508520527909,1.8727046361706403,1.5520024523412599,1.1849507566502464,0.9819528029116162,0.9819394708397602,1.184896847271645,1.5518711246711159,1.8724729328482774,2.1001658446267153,2.2452035724968673,2.331431137697094,2.3806358722652523,2.408444203436625,2.424646481515852,2.434797398135306,2.441799656038422,2.447066109884283,2.4512453162584946,2.4546251656740807,2.457337969474168,2.459457533220307,2.4610426484063126,2.4621552588222997,2.4628664564151763,2.4632563258315967,2.4634106266754263,2.4634156119194612,2.463351268872187,2.463283380453317,2.4632556371165193
2.427841727832095,2.364212391643995,2.337015797666963,2.3218998637045476,2.312394869437053,2.3062043595020683,2.3021011683451698,2.2992232119728264,2.2969269234665246,2.2947507812960786,2.2923833080338323,2.2896196909000497,2.286308121241106,2.2822788586883833,2.277229384640584,2.270510073673499,2.2607183258186985,2.2449775490733375,2.217788631143326,2.169475488284479,2.0846426869328627,1.9419575214224296,1.7184142439275691,1.4050642176427335,1.0494221192445354,0.8574846097942088,0.8574727794246816,1.049373069007612,1.4049409376131778,1.7181933726672627,1.9416282366785336,2.084200998453389,2.1689193464604517,2.217114991860532,2.244181043215771,2.259790831517969,2.2694405266663398,2.276003199880374,2.280876123365381,2.28469903299322,2.2877543387113057,2.2901707342627966,2.29201968086336,2.293358600124093,2.294248781818705,2.2947612262709876,2.2949766147701873,2.2949822906402253,2.2948670950745615,2.2947140739988905,2.2945917428011966,2.2945456405895315
0.0,2.1646511100428167,2.1538737693118186,2.1439292326168626,2.136483888531172,2.1313059677875064,2.1277905666443813,2.125308602325597,2.1233230494779893,2.121427465662798,2.119340241971578,2.1168731125413527,2.113884048777481,2.1102102802913825,2.1055561754401064,2.0992816813990802,2.0900009271932936,2.0748701320268608,2.048457845251219,2.0012303268695812,1.9180924274127356,1.7783322387384657,1.5601439582438683,1.2565112710490536,0.9164393344774485,0.7395943039448476,0.7395840204321049,0.9163956564192224,1.2563975979342261,1.559936716576418,1.7780204126999097,1.9176720452215115,2.0006995354858774,2.047813901029563,2.0741080234094063,2.089112936320628,2.0982572175385843,2.1043812657146437,2.108865927194805,2.112342050798447,2.1150867074738535,2.117225023946294,2.1188258620214495,2.1199445793310434,2.1206407015130653,2.1209838116965147,2.1210538648255164,2.120938456427568,2.120727459583957,2.120505138881659,2.1203409128955615,2.120280800792562
0.0,1.9841211818165885,1.9793074486226239,1.973508485394525,1.9685075275105361,1.9647513675319366,1.9620823740943516,1.9601314026780146,1.958513104926752,1.9569099727263555,1.9550916255449509,1.952898498680139,1.9502045784001247,1.9468568471136154,1.942567519593027,1.9367062643711055,1.9279040516361192,1.9133512235667485,1.8876898547127414,1.8415485467826997,1.7601914099037252,1.6236792108905018,1.4117312123132626,1.1197499641418693,0.7982853009257743,0.6381947520089034,0.6381858672263234,0.7982467427421432,1.1196460830137844,1.4115384235552153,1.6233863211339146,1.7597944430120724,1.8410458422881013,1.8870789973173536,1.912627620831972,1.9270604905401227,1.9357327886177882,1.9414510477373728,1.9455798421583526,1.9487416016210544,1.9512084988683713,1.9531023448062141,1.954489357767154,1.955422470368833,1.9559588699187376,1.956166090643949,1.9561226730623962,1.9559154873627194,1.9556340005584683,1.955362010158591,1.9551683546831935,1.9550985040926758
0.0,1.8312443421066649,1.8289374159095662,1.8257273077219645,1.8226758822190614,1.8202273693018407,1.8183933537072117,1.8169736289095335,1.815711566457652,1.8143768171607657,1.812793353225315,1.8108333346732906,1.8083885678536142,1.8053164566335962,1.8013369106461712,1.7958285786832378,1.7874380680676474,1.773388490289585,1.7483954318493735,1.70325644874401,1.623622337063583,1.4904013777643472,1.2849747397924678,1.0052377232977707,0.7027664203984231,0.5579535916626407,0.55794585000116,0.7027321752065464,1.0051425946659502,1.2847953068483846,1.4901262936614807,1.623247587173818,1.7027805265937979,1.7478162242984656,1.77270181298116,1.7866372184310175,1.7949042647040023,1.8002770202209508,1.804105100662468,1.8070035096169585,1.809240225355556,1.8109341934497996,1.8121492135147725,1.812935859344623,1.8133489914506138,1.8134540758535602,1.8133280146282533,1.8130562993900072,1.8127269649828095,1.8124222780813106,1.8122096837566395,1.812133640824959
0.0,1.713403169849722,1.7122689904990662,1.7105606327639247,1.70882715057065,1.707357370302698,1.7061881696719037,1.7052039463563304,1.7042340529477555,1.7031148997089178,1.701715359400873,1.6999349693766852,1.6976812344846532,1.6948206850409624,1.6910797440891256,1.6858444782930002,1.677774593175242,1.6641215045814202,1.6396663995936622,1.5953620086472045,1.517221158869963,1.3869478947468339,1.187449391875187,0.9187485379610656,0.6327719503563234,0.49983448215952175,0.49982758397187754,0.632740939768048,0.9186603039461986,1.187280772977807,1.3866874294767064,1.5168647733626932,1.5949082995643382,1.6391134933707538,1.6634655570250592,1.677009338625442,1.6849612052947758,1.6900672053384083,1.6936644885427408,1.6963620841897988,1.6984246836103554,1.6999689821538495,1.701056825548218,1.7017368483075281,1.7020620079906765,1.7020960482354262,1.7019143160987793,1.7016006891092927,1.7012414046327948,1.7009169171805334,1.7006931383987665,1.7006134884217363
0.0,1.6343660063160732,1.6337957302920432,1.6328967563930923,1.63194205235678,1.6310908046600006,1.6303613076846453,1.6296729456865213,1.628903469631737,1.6279315144078734,1.626656164179442,1.6249960701841935,1.62286993218094,1.6201508258779584,1.6165698002082323,1.611518165451777,1.6036650383875457,1.590282667473199,1.5662016462186499,1.5224936815713614,1.4454515763530857,1.3173915506707998,1.1223649030652065,0.8618817125283557,0.5877871109229847,0.4627016605388311,0.4626953060304619,0.5877582049335088,0.8617981309029699,1.1222037340036557,1.3171412620088025,1.4451080379292578,1.5220555479169053,1.5656672046144182,1.5896483118639142,1.6029248148173854,1.6106637820298313,1.6155906418516146,1.6190336049314964,1.6215975299916983,1.6235448623893047,1.6249907657401756,1.6259957447065696,1.626607105648563,1.6268765129222829,1.6268665003549065,1.626651196546036,1.6263130967002493,1.6259369056607345,1.6256015930099463,1.625371855000155,1.6252903111334054
0.0,1.5949787556264938,1.5946401539517296,1.594092590252104,1.5934930594143042,1.5929349489835685,1.592419703703152,1.5918781391700667,1.591209010315097,1.5903108291079049,1.5890974970211587,1.58749727373205,1.5854345730406285,1.5827858351285282,1.5792844861079498,1.5743245385042761,1.5665800206712834,1.5533342192127966,1.5294442566274764,1.486046318056275,1.4095853571526327,1.28270818602897,1.0900719727852235,0.8339355147213801,0.5659876215294073,0.4447585318655438,0.44475244094596805,0.5659597414282601,0.8338542517102276,1.089914564587943,1.2824630684382707,1.4092483666719688,1.4856161338901723,1.5289192456289717,1.5527108965394267,1.5658525928714437,1.573484931266892,1.5783224141407037,1.5816885891816304,1.5841861758370972,1.5860764837802472,1.5874739064347398,1.588438274823889,1.5890162326024722,1.5892588005079027,1.5892278898225412,1.5889969587925188,1.5886477188615389,1.5882640179977976,1.5879240132167047,1.5876917455271973,1.5876094076290193
0.0,1.5949787558657202,1.5946401540984352,1.5940925902143033,1.5934930592107674,1.5929349487410038,1.5924197035395986,1.5918781391124852,1.5912090103290648,1.5903108291406818,1.5890974970401242,1.5874972737213153,1.5854345730012902,1.5827858350695518,1.5792844860429847,1.574324538456055,1.5665800206597178,1.5533342192330561,1.5294442566536246,1.4860463180671664,1.4095853571452082,1.282708186011662,1.0900719727671178,0.8339355147076724,0.5659876215232977,0.44475853186416814,0.4447524409480885,0.5659597414375679,0.8338542517341255,1.0899145646139823,1.2824630684374143,1.4092483666315754,1.4856161338373461,1.5289192456141836,1.5527108965937808,1.5658525929783456,1.5734849313719759,1.5783224141913232,1.5816885891652146,1.5841861757841,1.586076483731231,1.5874739064168197,1.5884382748618335,1.589016232728722,1.5892588007273585,1.589227890059097,1.5889969589021837,1.5886477187402597,1.5882640176923253,1.5879240129213221,1.5876917454410142,1.5876094077357237
0.0,1.6343660068566594,1.633795730610304,1.6328967562718297,1.6319420518440617,1.6310908040451944,1.6303613072468035,1.6296729454989771,1.6289034696123132,1.6279315144566062,1.6266561642091522,1.624996070146169,1.6228699320734905,1.6201508257255008,1.6165698000447573,1.6115181653291732,1.6036650383511517,1.5902826675113733,1.566201646270592,1.5224936815883017,1.4454515763292364,1.3173915506257903,1.1223649030192793,0.8618817124935427,0.5877871109074169,0.46270166053564016,0.46269530603658127,0.5877582049582601,0.8617981309646032,1.1222037340727158,1.317141262015665,1.445108037842539,1.5220555478000204,1.5656672045876894,1.589648312003475,1.6029248150872963,1.610663782303126,1.615590642000175,1.6190336049168959,1.621597529881096,1.6235448622860913,1.6249907657199896,1.6259957448320486,1.6266071059916942,1.6268765134844478,1.6268665009447065,1.6266511968172876,1.6263130964118622,1.6259369049383128,1.625601592331183,1.6253718548433613,1.6252903114491848
0.0,1.7134031702541161,1.7122689906904125,1.7105606325449083,1.7088271499770542,1.707357369591346,1.7061881690867475,1.7052039459915833,1.704234052777891,1.7031148996517127,1.7017153593628358,1.699934969284158,1.6976812343307515,1.6948206848569154,1.6910797439054996,1.6858444781493849,1.6777745931106025,1.6641215045854587,1.6396663996092944,1.5953620086319442,1.5172211588238798,1.3869478946886848,1.1874493918204612,0.9187485379200434,0.6327719503379806,0.49983448215680665,0.4998275839813923,0.6327409398001748,0.9186603040198301,1.187280773065144,1.386687429510311,1.5168647733094445,1.594908299481422,1.639113493373623,1.663465557193941,1.6770093389387426,1.6849612056383867,1.6900672055777122,1.693664488613231,1.696362084141788,1.6984246835635848,1.6999689822139181,1.7010568257853163,1.701736848773409,1.7020620086559164,1.7020960488872279,1.7019143163976174,1.701600688850809,1.701241403984422,1.7009169166362093,1.7006931384215984,1.7006134889353044
0.0,1.8312443419217053,1.8289374156738465,1.8257273073824667,1.8226758817620257,1.820227368743963,1.8183933531052086,1.8169736283543998,1.8157115660360093,1.8143768168845404,1.8127933530174354,1.810833334470404,1.8083885676618878,1.8053164564819788,1.8013369105249675,1.7958285785727894,1.7874380679739508,1.773388490213555,1.7483954317712658,1.7032564486572694,1.62362233698317,1.4904013776999572,1.284974739742752,1.0052377232634666,0.7027664203836962,0.5579535916627549,0.5579458500137208,0.7027321752373643,1.005142594722618,1.284795306922234,1.490126293730487,1.6232475872228518,1.7027805266351865,1.7478162243709712,1.7727018131288255,1.7866372186776083,1.7949042650280997,1.8002770205460843,1.8041051009024205,1.8070035097608468,1.8092402254890179,1.810934193674359,1.8121492138709212,1.8129358598121978,1.8133489919601806,1.8134540762792573,1.813328014847529,1.813056299403993,1.8127269649531148,1.812422278229651,1.8122096842227442,1.8121336415211204
0.0,1.9841211808580757,1.979307447832054,1.9735084849045634,1.9685075272069656,1.964751367189044,1.96208237356564,1.9601314019898686,1.9585131042403947,1.9569099721681498,1.955091625103098,1.952898498312765,1.9502045781500148,1.9468568470114689,1.9425675195655707,1.9367062643163042,1.9279040515182782,1.9133512234018504,1.887689854525674,1.8415485466069401,1.7601914097713034,1.6236792108054947,1.4117312122610988,1.1197499641141369,0.7982853009163476,0.6381947520131918,0.6381858672432095,0.7982467427683207,1.1196460830380885,1.411538423592267,1.623386321222855,1.7597944431688761,1.8410458424753529,1.88707899747672,1.9126276209538184,1.927060490694964,1.9357327888968372,1.9414510481478164,1.9455798426075375,1.9487416020301214,1.9512084992578265,1.9531023452292817,1.9544893582032277,1.9554224707288703,1.9559588701356745,1.956166090752777,1.956122673236097,1.9559154878444602,1.9556340014527622,1.9553620112804482,1.9551683557157606,1.955098504952971
0.0,2.164651108507092,2.153873768094119,2.143929231884978,2.136483888164962,2.1313059675099013,2.127790566190741,2.125308601602412,2.123323048615927,2.1214274648513216,2.119340241286949,2.116873112001126,2.1138840484405046,2.110210280182435,2.105556175447792,2.0992816813662323,2.09000092705553,2.074870131807277,2.0484578449944615,2.0012303266218447,1.9180924272138178,1.778332238600592,1.5601439581596632,1.2565112710122568,0.9164393344709758,0.739594303955176,0.7395840204560633,0.9163956564450723,1.2563975979370279,1.5599367165784626,1.7780204127763668,1.9176720454197917,2.0006995357570454,2.0478139012656804,2.074108023559918,2.089112936464457,2.0982572178220984,2.104381266206348,2.108865927825436,2.112342051459202,2.1150867081145064,2.1172250245299433,2.1188258624561302,2.119944579529433,2.1206407015062663,2.1209838116885495,2.121053865167867,2.120938457451158,2.12072746128839,2.1205051407838917,2.1203409143737106,2.1202808017894497
2.42784172578615,2.364212389901553,2.337015796235142,2.3218998626329688,2.3123948687175977,2.30620435901615,2.3021011678544223,2.2992232112748527,2.296926922566068,2.2947507803456566,2.292383307172013,2.2896196902177204,2.2863081208039038,2.282278858484526,2.2772293845530696,2.270510073568798,2.2607183256442998,2.2449775488472414,2.2177886308859938,2.169475488010859,2.0846426866727494,1.9419575212087063,1.7184142437821939,1.4050642175749644,1.049422119234433,0.8574846098122744,0.8574727794581146,1.0493730690449552,1.4049409376308337,1.718193372667942,1.9416282367233568,2.0842009986079963,2.1689193467196914,2.2171149921494337,2.244181043474468,2.2597908317787003,2.2694405270344324,2.276003200434176,2.2808761240916673,2.2846990338179842,2.287754339532164,2.290170734931329,2.292019681235595,2.293358600209773,2.2942487818376507,2.2947612265392974,2.294976615572893,2.294982292131285,2.2948670971176814,2.2947140760950404,2.294591744391186,2.2945456416781433
2.5376070093894345,2.519642597826128,2.502291364962854,2.4894528922268107,2.4804875574644485,2.4743736501527396,2.4701883988011186,2.4671532728671854,2.46465273202942,2.4622368303871194,2.459599292558404,2.4565370347930497,2.4528975082019313,2.4485081388820613,2.4430612841885933,2.435898648375072,2.4256021096352325,2.4092654715157176,2.3813311169165767,2.332005952869232,2.245661216593228,2.1005085202582117,1.8727046359694857,1.5520024522342484,1.1849507566235544,0.981952802929649,0.9819394708817287,1.1848968473327957,1.5518711247407262,1.8724729328990144,2.1001658446682523,2.2452035725886814,2.3314311379015176,2.3806358725923418,2.408444203844754,2.424646481964413,2.4347973986271034,2.441799656616291,2.4470661106011398,2.4512453171246897,2.454625166579267,2.457337970186995,2.4594575335812117,2.4610426485604364,2.462155259172651,2.4628664572896386,2.463256327250082,2.4634106284332535,2.4634156137580723,2.4633512705475766,2.4632833818105824,2.4632556382473116
2.660479490579352,2.654254412508643,2.644527992275448,2.6355024969688077,2.6283691582878412,2.6231064771634984,2.6192626573276194,2.616288980135581,2.6136907859136396,2.6110847856596067,2.6082012065939146,2.6048555566865605,2.600903073565543,2.5961724188560966,2.5903528013590384,2.582778610201768,2.5720181429042244,2.555139855743698,2.526537864527669,2.476326927426683,2.3887045555934017,2.2415642366520534,2.010517646916077,1.684539265097593,1.3097375067270212,1.0996649632479585,1.0996504218197394,1.3096799858118118,1.684402579496702,2.0102794232683574,2.241214165623458,2.3882386892504766,2.4757429961413853,2.5258325265677555,2.5543074748765346,2.5710504141368182,2.581664414661951,2.5890777255176856,2.594717203836911,2.5992396791370105,2.6029383566461632,2.6059490305317565,2.608347486767134,2.610193081253438,2.6115470689414075,2.6124788707501594,2.61306609467919,2.613391175844692,2.6135361751142527,2.613576409608609,2.6135733400756607,2.613567572436795
2.767848750821598,2.7652086972090726,2.759785618480442,2.7539003050116024,2.7487183431380453,2.744547449499887,2.7412330138835275,2.7384386489107206,2.7358107490285017,2.733054931100872,2.729953919486414,2.7263515003482115,2.7221159964064015,2.7170800890621845,2.7109314750483344,2.702998703317302,2.6918387659877734,2.674499332481292,2.645336069803884,2.59439306314274,2.505740910686404,2.357054460206448,2.1235979785020316,1.793900700534118,1.4139432123313318,1.1995361395590238,1.1995208654272962,1.4138837711871273,1.7937619293719176,2.1233582521124426,2.3567038408947245,2.505275578028897,2.593810788268776,2.6446335769579767,2.6736711417120573,2.690876862381631,2.7018924525721872,2.7096672842591807,2.715640205958953,2.720475400131694,2.7244709385914256,2.7277657941698625,2.730437338131308,2.732544785716737,2.7341475130425414,2.7353115728262205,2.7361101044726577,2.7366202849974433,2.7369183534436834,2.7370736379539413,2.7371421932467994,2.737160767926271
2.851372335992574,2.8500719148348606,2.8469820986393484,2.843243693109167,2.8396256792994263,2.8364302633024323,2.833628745776113,2.8310275367141466,2.8283912600381766,2.8255094793269997,2.822217949620208,2.8183902969871486,2.813909301788431,2.808612755456304,2.802187880371241,2.793958737319849,2.7824732801057834,2.7647626983090685,2.735152772393915,2.6836341251735503,2.594184845247637,2.4443282519095244,2.209103954643746,1.8767850700584765,1.4933644721130286,1.2762666617008407,1.2762511865440938,1.4933048699523528,1.8766474628978127,2.2088676043795314,2.4439836786930482,2.5937284397714646,2.683063805324009,2.7344654683515697,2.7639532667739615,2.7815342233955573,2.792880190167136,2.8009574330683127,2.807214645532473,2.8123222170090627,2.8165824155203047,2.8201369374938547,2.8230643375028097,2.825423182629751,2.8272701818929664,2.828666828539481,2.829680247221038,2.8303807089890127,2.8308371973176074,2.8311120053443304,2.8312551110560253,2.831299042813452
2.9111180553948204,2.9104088939356,2.9085830011927305,2.906181572625806,2.90363862195126,2.9011582691754896,2.8987447478190966,2.8962859841092765,2.893630185587345,2.8906327740008555,2.887173631887801,2.8831521671852287,2.8784640597790165,2.8729519490775974,2.8663030684942883,2.8578381101089825,2.8460980216861334,2.828101235718537,2.798150622784235,2.746196471896087,2.6561487732008366,2.5054233695454857,2.268909377516372,1.9347269094558701,1.5489314442183644,1.3301090587405002,1.3300938598115444,1.5488732143279826,1.9345932388777511,2.268680522713319,2.5050903810582037,2.655708323132282,2.7456467108302047,2.79748879701915,2.827322676831272,2.845195916691748,2.8568035576671087,2.8651250549088716,2.8716169015048765,2.876954475464558,2.88144343908073,2.885227644602274,2.8883864156423793,2.8909773401635,2.8930541002800365,2.89467310253825,2.895894686167297,2.896781278646653,2.8973937111884864,2.8977865838245225,2.8980034421511323,2.898072472223221
2.951029014177541,2.9506045907784153,2.9494529585594194,2.947823524358495,2.945937047144024,2.9439054258695925,2.9417305591443297,2.939342830843363,2.936643671569666,2.933534244143479,2.9299266379681703,2.925739705593533,2.9208791169878254,2.9151914018598473,2.9083639429527155,2.899714943971268,2.8877800402906764,2.8695679232320015,2.8393639631464422,2.7870878039321068,2.6965983618435563,2.545232798500625,2.3077747453828414,1.9722477824257523,1.5847820685288092,1.3648151498158865,1.3648005931814555,1.5847263718630527,1.9721201273532039,2.3075564579813364,2.5449155108437,2.6961790756193356,2.78656495947839,2.8387351940864924,2.8688291223260967,2.8869251775493354,2.8987361817949124,2.907251736316606,2.9139343390911856,2.9194631950221703,2.9241465285596835,2.9281297291848514,2.931492467372921,2.9342911330756807,2.9365763346589175,2.938399423511027,2.939813946607233,2.9408743841451264,2.9416332594834995,2.9421373727354423,2.9424238379129632,2.942516570672684
2.976274066214684,2.975988253206524,2.975180817075379,2.9739612056796756,2.972430341039832,2.9706377890576516,2.9685757489088083,2.96619594182889,2.9634314999663447,2.960212743884405,2.956473149803397,2.9521448708724707,2.9471405877718437,2.941309641140427,2.934339561615064,2.9255467475623163,2.9134628672568015,2.8950892093909704,2.8646977076052735,2.8121843852906467,2.7213689188257595,2.569528794870979,2.331370006855761,1.9948511894759564,1.6061748203206194,1.3854198711942813,1.3854062018118285,1.6061224292573484,1.9947309267565583,2.3311643137680846,2.569229913776803,2.720974205773906,2.8116925980998033,2.864106900163078,2.8943958724160637,2.9126617886144404,2.924631171848648,2.9333013790472933,2.940139430178407,2.9458273368788026,2.9506751109006064,2.954829080379198,2.9583688601824396,2.9613494894670276,2.963818631212573,2.965822958900105,2.9674097568029314,2.96862612563394,2.969516812037325,2.9701212878401595,2.970470637315396,2.9705847958218485
2.991653412384087,2.991431727181073,2.9907862784024655,2.989760764744991,2.9883942857820474,2.9867009088970473,2.984665370070944,2.9822503777934815,2.9794072564433085,2.9760838701080026,2.9722270022742556,2.96777732807396,2.9626521588055645,2.95670276618185,2.9496168172184816,2.9407094393360067,2.9285093740827994,2.910012280321681,2.8794796718194413,2.826789046521564,2.7357291691390087,2.5835306826370155,2.3448396648037813,2.007567847237003,1.6179827511830092,1.3966625842124705,1.3966499437004296,1.6179341106369327,2.007455766573359,2.3446477214002317,2.5832517383490097,2.735360938988149,2.8263306088666846,2.8789295021581984,2.9093674640262375,2.927765502109875,2.9398607974728,2.9486566303388524,2.9556233663537106,2.961444982331453,2.9664326161054664,2.9707330137228722,2.974425388679442,2.9775633291875616,2.980191761742948,2.9823532139806948,2.9840895061738495,2.985441312674588,2.986446583841561,2.9871383624518466,2.987542434652156,2.987675241245993
3.0008757532387187,3.0006802954764207,3.000100482741231,2.9991502518323823,2.9978392306076858,2.996163816032567,2.994105027983781,2.9916317353574287,2.9887056263690663,2.9852848199732374,2.9813241027967856,2.976769447873794,2.9715411711652218,2.9654918853312378,2.958309419858387,2.949308054250508,2.9370144006591845,2.9184198296426516,2.887777695843387,2.8349507426090303,2.743702863127024,2.5912268536154435,2.3521206131081818,2.0142594759692027,1.6239673321315602,1.4022238081049958,1.4022122620445294,1.6239226463063334,2.0141559339944095,2.351942929555707,2.590968503658566,2.7433619101198903,2.8345265703517595,2.887269179905847,2.9178246182452865,2.936328839014545,2.948527390530657,2.9574280779846376,2.964503700560663,2.9704395373239607,2.9755473269023986,2.9799738218548657,2.983797572150389,2.9870706701533516,2.989835547713081,2.9921311513773907,2.9939947013065407,2.995461520701723,2.996563919420297,2.9973296049099227,2.997779964596998,2.9979285382776903
3.0064551604611043,3.0062675314298555,3.005705768239755,3.0047710941035786,3.003460303660926,3.0017622095125747,2.999656842180646,2.997116961677468,2.9941103135585045,2.9906010413553856,2.986548758447912,2.981902768771231,2.976585398251017,2.970450258145725,2.9631854012322365,2.954104595008798,2.9417329356367703,2.923058536317295,2.8923283328904077,2.8393932090258,2.747996770174135,2.59530061638545,2.3558626878500393,2.017528225817847,1.6266686824548149,1.4045952143099663,1.4045847776626976,1.6266279942871553,2.017433285458535,2.3556993326999196,2.5950629174085798,2.7476831179656496,2.8390032658172233,2.8918613380845124,2.9225126512625366,2.9411051904666925,2.953391101027468,2.9623816327859,2.969551316361611,2.9755862274232436,2.980798312156204,2.9853340328060254,2.9892711050457876,2.9926601366872423,2.995541318751605,2.997950552017566,2.9999212670167905,3.001484458560886,3.002667919028059,3.003495104356645,3.003983906005043,3.0041455616282553
3.009929467936715,3.009741466050896,3.0091764702324513,3.0082307448770607,3.0068961813043686,3.005159051273225,3.0029998524675374,3.000394080659837,2.9973132280075574,2.9937251285434496,2.989592433404469,2.984866654586114,2.979471561626916,2.973261585906234,2.965925078295161,2.9567755589429194,2.9443370851475468,2.925595325447537,2.8947921856257195,2.8417690119257326,2.7502527844364795,2.597379127802276,2.357672194165754,2.0189511449140927,1.627626544347038,1.40528821601876,1.4052788721111336,1.6275897946372972,2.018864679069797,2.3575229460378604,2.5971617385960823,2.749965944386774,2.8414126278432397,2.8943658163634707,2.9250975861834156,2.943765611448036,2.9561272178809963,2.9651962463748873,2.9724484165768827,2.9785702232243296,2.9838735403776617,2.9885043450766666,2.9925394304894564,2.9960279800610614,2.9990081983836303,3.0015134206497596,3.0035739928531284,3.0052174665355933,3.0064680936038646,3.0073460293443692,3.0078664670235273,3.0080388737104036
3.012165833775217,3.011974307505862,3.0113980227864863,3.0104316156537143,3.0090655528072996,3.0072857943601843,3.0050738843116025,3.002407380324438,2.999260272130507,2.9956028201382234,2.9913997320102474,2.986604103680477,2.9811408330245013,2.9748650819109113,2.9674655690565177,2.958255772658687,2.945759087160024,2.9269593947351256,2.896094718799567,2.842998807853672,2.751385081486071,2.598367520007374,2.358441458107232,2.0194027879219987,1.6276933002795198,1.4051388962800955,1.40513060921302,1.627660366462091,2.0193245479586888,2.3583059066408913,2.5981698375106057,2.751124226700579,2.842674895218728,2.895707578876274,2.926508033665097,2.9452416635874976,2.9576698021439585,2.9668081898972254,2.9741333124813334,2.980331805720052,2.985715282035594,2.990429119610905,2.994549165733782,2.9981232751256575,3.0011879119595823,3.0037742634907487,3.0059101789555336,3.0076204911438307,3.0089267060485643,3.009846450903939,3.0103928696989493,3.0105740917716735
3.013625714994088,3.013429826962982,3.0128402928357056,3.011851441002009,3.0104536861167985,3.0086335105795374,3.0063736141200526,3.0036531662444492,3.0004479485956486,2.99672994841376,2.9924653819814524,2.9876085732785818,2.9820853645610197,2.9757515977115236,2.9682964133281633,2.9590334042533497,2.9464856019465673,2.9276356478145695,2.89671865763504,2.84356245172329,2.7518695423973205,2.5987360099733814,2.3586326107559348,2.0193341691020907,1.6273064679407123,1.404575278114288,1.40456800027262,1.6272771877652588,2.019263827394748,2.358510220229938,2.5985572559891126,2.751633619719934,2.8432696449981907,2.896369021320428,2.927228516676824,2.9460195773541265,2.95850654825139,2.9677064976075394,2.9750963434596414,2.9813626600355576,2.986816676395389,2.9916031179210316,2.9957969079797153,2.999444688820855,3.0025814143504053,3.0052364800297164,3.0074357166281986,3.009201812588476,3.0105541488394736,3.0115084235405383,3.012076232417517,3.012264700529198
3.0145488221902093,3.0143486871650436,3.013746443400607,3.012736572842119,3.0113098916113166,3.0094536203158446,3.0071515213438884,3.0043840473371843,3.0011283418592485,2.997357706236511,2.993039538344088,2.9881291699548562,2.9825532668053487,2.976168313002701,2.968663906363491,2.9593538716968206,2.9467611189331926,2.9278675083526933,2.8969060907558757,2.8437002222188,2.75194385237576,2.5987184820653315,2.358474042175847,2.018966183801685,1.6266781202133669,1.4038035654110337,1.4037972419211204,1.6266523060438633,2.0189033601493294,2.358364191889067,2.598557759182259,2.751731655427507,2.8434369699629585,2.8965920158567586,2.9275022150608545,2.946343576075961,2.9588825941748964,2.968137184801841,2.975584432778063,2.981910704193672,2.9874267720164944,2.9922766959711686,2.9965345257589955,3.0002458152690785,3.0034442172401796,3.006157634842116,3.0084102645252804,3.0102230983264286,3.0116138670474517,3.0125967923015025,3.0131822970664848,3.013376750817732
3.0150631817499325,3.0148592403223735,3.0142456637636696,3.0132172081365947,3.0117651800232235,3.009877515176475,3.0075388834691266,3.004730769797826,3.0014313937142294,2.997615103599521,2.9932502632925755,2.988293059557679,2.982670889893507,2.9762408443414525,2.9686929962322095,2.9593414888494722,2.9467093064235317,2.9277779192995204,2.8967790488799823,2.8435328827683755,2.7517269009687513,2.5984310077125574,2.358077698439327,2.0184051796908085,1.625908190863337,1.4029196620621283,1.4029142335571054,1.6258856387705383,2.0183494587524353,2.3579797100702713,2.598287337808472,2.7515371208982877,2.843297511832687,2.8964984557927753,2.9274519235191154,2.9463371758729155,2.958922107637644,2.9682250740261704,2.975723113556356,2.9821022792040663,2.9876728494544498,2.9925782320887424,2.996891668656714,3.0006577474451746,3.0039090055164372,3.0066721031479213,3.008969909118488,3.0108220661403915,3.0122450151486095,3.013251839345134,3.013852066661213,3.0140514937047955
3.0152438622643505,3.0150366189907873,3.0144132279722857,3.0133687187343283,3.011894851623345,3.0099801815605214,3.007610130116161,3.0047670193036224,3.0014299394522,2.9975740966922935,2.993168663938873,2.988170565453403,2.982507853174287,2.976038185151542,2.968452115055909,2.959064167497256,2.9463975606520707,2.9274337096989957,2.896403651380011,2.8431255555677195,2.7512823076833803,2.5979349078290426,2.357501504178087,2.0177044809556857,1.6250448233077557,1.4019685967796205,1.4019640012833403,1.6250253194316449,2.017655424916201,2.357414662117366,2.597807261001039,2.7511135714221076,2.842916319410488,2.8961543823213365,2.9271443939450923,2.9460677046716497,2.958692951520901,2.968038582178711,2.975581417022463,2.98200712162076,2.9876254650090983,2.9925792327217975,2.996940929845596,3.000754294722644,3.004050910343201,3.006856400426352,3.009192550441418,3.0110779226670976,3.0125279413634454,3.0135548036713766,3.0141673473974153,3.014370930169272
3.0151415054084607,3.0149314329858643,3.0142996349230353,3.013241378378138,3.0117488090806668,3.009810996744324,3.007413979425821,3.004540763026347,3.0011711531999,2.9972810700698886,2.9928403730455786,2.987806627385471,2.982108470862312,2.975604090239835,2.967984514686169,2.958564695088665,2.945868214146256,2.9268767189956124,2.8958211271321916,2.842518612347689,2.75064914463131,2.5972672509259094,2.3567795509768255,2.0168941440574795,1.624113563239748,1.4009732740711573,1.4009694484210797,1.6240968886961658,2.016851302656928,2.356703118629074,2.5971545687561375,2.7505000455749355,2.8423337295333844,2.8956009928889284,2.926621444053862,2.9455774910381765,2.9582379375049723,2.9676210269413215,2.9752032225666087,2.9816697508529453,2.987329871934617,2.992325787431877,2.996729337983233,3.0005835175307314,3.0039190940024634,3.0067608246451423,3.009129606561415,3.0110431306346532,3.012516012544104,3.0135597526139755,3.0141826505109464,3.014389723517791
3.01479515593608,3.014582668374562,3.0139436918071176,3.0128736906817952,3.0113651288426193,3.0094074988074784,3.0069873441754718,3.0040882335524466,3.000690566127647,2.9967708621217093,2.992299567657516,2.9872348071108226,2.981505742266484,2.9749710491878476,2.967322221265313,2.957874667170344,2.945152441086739,2.926137668340794,2.8950616421654023,2.8417414451280627,2.7498556317808154,2.5964544460588863,2.3559355489149345,2.015994213258002,1.6231303618618118,1.3999472803773694,1.3999441613726962,1.6231162967575947,2.0159571321246816,2.3558687822896847,2.596355660952126,2.7497247551285575,2.8415791308368705,2.8948684598928742,2.925913817365258,2.9448977553662234,2.957588741002351,2.9670045601649555,2.9746212063071615,2.98112343172281,2.98681999807971,2.99185256516238,2.996292378043839,3.0001817805763547,3.0035508441990206,3.006423599698622,3.0088202117644443,3.010757663264542,3.012249920931911,3.013307931383332,3.013939569909207,3.014149586822456
3.0142377022005937,3.0140231535706072,3.013378048426598,3.0122980129845467,3.010775772052675,3.0088011653034923,3.006361152681075,3.0034397689737267,3.000017909557513,2.9960726023934554,2.9915747974241946,2.9864831077504075,2.980727163471424,2.9741660916122084,2.96649183453955,2.957020280149989,2.9442760416805367,2.9252419333647373,2.8941500560649107,2.840818199551029,2.7489248379098283,2.595517898495672,2.3549884191979977,2.0150202270686766,1.6221069740785656,1.3989001984975695,1.3988977238381555,1.6220953008339782,2.0149884547008177,2.3549305783230046,2.595431949858412,2.748810781700209,2.840676691443878,2.8939816798517666,2.925046946857843,2.944054382943504,2.9567716801577104,2.966215950794859,2.9738626274095408,2.980395965213897,2.986124243797555,2.991188623804227,2.9956598186618866,2.9995796052559585,3.002977459166099,3.0058768000026888,3.008297185272194,3.010255018334405,3.0117637404783473,3.0128338539352,3.013472895725902,3.0136854043965187
3.0134981185493137,3.013281809622936,3.0126314681999737,3.0115428532879966,3.0100089043452987,3.008019747372259,3.0055626872337218,3.0026221474518042,2.999179440831542,2.9952120272486153,2.9906912909140475,2.9855762728677977,2.9797970215817218,2.9732130786189734,2.965516817882131,2.956024620382315,2.9432617298476553,2.9242118290341454,2.893108201550994,2.839770045532373,2.7478769372385163,2.5944762455563675,2.353954500645972,2.0139853855662384,1.6210530789431643,1.39783969262309,1.3978378016683832,1.6210435850032392,2.0139584790942795,2.353904859025631,2.5944020931803293,2.747778329619223,2.8396476247067546,2.8929625467337132,2.9240432320401077,2.9430702021578536,2.9558099936654907,2.9652788618088177,2.972951604737041,2.9795119666138885,2.9852677646209522,2.990359701675316,2.9948580177247575,2.9988039953046774,3.0022265993049038,3.005148733208327,3.007589448343803,3.0095646703522583,3.01108741150447,3.0121678140563466,3.0128131426876243,3.013027766168919
3.0126024175797346,3.0123846039102764,3.0117297850744684,3.010633829760011,3.009089855006944,3.007088224410961,3.004616530371197,3.001659522579029,2.9981988670536013,2.9942123928526567,2.989671859768189,2.984536684205972,2.978737288441467,2.972133594572019,2.964418389625353,2.9549085558909693,2.9421300254551133,2.923067501824049,2.8919557752428533,2.838616064388348,2.746730089717161,2.593346225890187,2.35284840310543,2.012901383305519,1.6199770898569799,1.3967723022155982,1.3967709365901122,1.6199695698672616,2.0128789131471487,2.3528062553683635,2.593282860740881,2.7466456027632233,2.838511071920428,2.8918308372127113,2.922922924404083,2.94196586872625,2.954724723182892,2.964214730999936,2.9719099969967195,2.9784937468982076,2.9842733566727717,2.9893891105839496,2.9939108273478325,2.997879358229726,3.0013232294298344,3.0042649068369753,3.006723017482214,3.0087130905250414,3.010247785208638,3.0113369496704054,3.0119876272725605,3.0122040492841995
3.011574109245268,3.011355008605294,3.0106963596365257,3.009594122286431,3.008041561461435,3.006029239133708,3.003544988881831,3.0005738357476326,2.9970977462759794,2.9930948664840566,2.988537282010169,2.9833847391002832,2.9775679942192292,2.970947318658107,2.9632158939679716,2.953691107477513,2.940899625988587,2.921827301758966,2.8907107092424127,2.8373736184326592,2.7455008063316124,2.5921430374425642,2.351683354659353,2.0117787429642293,1.6188864742657025,1.3957037523637803,1.395702856422269,1.6188807317635112,2.0117602964816976,2.3516480225654908,2.5920894900815554,2.7454291667172463,2.837284467947194,2.8906045774051625,2.921704493702651,2.9407602306657177,2.953535076809649,2.9630431334150824,2.9707577652237624,2.9773616769966464,2.983161825080668,2.98829811130166,2.992839979678298,2.9968279048067865,3.000290035061089,3.003248463814121,3.0057214605506704,3.007724223289755,3.0092691186776586,3.010365752603599,3.011020986983709,3.0112389406446582
3.0104344759947193,3.0102142746411142,3.009552349521592,3.008444737025641,3.0068848259139527,3.004863344785381,3.0023683307882534,2.9993850428073228,2.9958957043972014,2.9918787348079743,2.98730650320386,2.982139046208153,2.976307419386616,2.9696722145795333,2.961926989534229,2.952389636967565,2.9395875949073464,2.9205079708211343,2.889389359022496,2.8360585371798726,2.744204131770557,2.590880514069122,2.350471369346516,2.0106269719456913,1.6177878992332453,1.3946390923893444,1.3946386135478988,1.617783747886098,2.0106121562021935,2.3504422063532022,2.5908358610089928,2.744144128666778,2.8359837239038503,2.88930022651795,2.920404811432469,2.939470511079136,2.952258611171933,2.961781963250338,2.969513155516591,2.976134372880441,2.9819521733569205,2.987106109511163,2.9916652918704503,2.995669865522007,2.99914765251607,3.002120427845523,3.0046061581927535,3.0066197633840424,3.0081733659226444,3.009276370653456,3.009935489485313,3.0101547484740903
3.009202776681156,3.0089816344690425,3.008316908816843,3.0072047004514193,3.0056385024397634,3.00360918421897,3.001104955845634,2.9981112759042188,2.9946105887704935,2.990581550102616,2.985996776441486,2.980816560563983,2.974972226125311,2.968324659459246,2.9605677767517973,2.9510199737882785,2.9382094878096985,2.9191247687209443,2.8880066283889327,2.8346852405361016,2.7428537642306923,2.5895712397020656,2.349223353096818,2.009454658033571,1.616687316943194,1.39358277514276,1.3935826641000635,1.6166845814041444,2.009443101763506,2.34919974765412,2.5895346079388344,2.7428042547735236,2.8346233473044236,2.8879327981896026,2.9190392724806125,2.938112429761365,2.950911353090614,2.960447556092518,2.9681928227542387,2.9748288220158763,2.9806617341418935,2.9858307925927443,2.990404810745664,2.9944236448720454,2.997914834371884,3.000899881096841,3.0033964940904676,3.0054193581756974,3.0069803908420423,3.0080888288816405,3.0087512592167647,3.0089716307698606
3.0078964185919093,3.0076744731120018,3.0070073562800625,3.0058912231564023,3.0043196551790063,3.0022836416071716,2.9997715402231315,2.9967689810066074,2.993258598851498,2.989219254636558,2.984623781314884,2.9794326981204464,2.973577569399694,2.966919552356163,2.959152904598054,2.9495965205161827,2.93677945711654,2.9176915767830947,2.8865760722575615,2.8332668396472362,2.7414621528973666,2.5882266403716674,2.3479491878075005,2.008269543487008,1.6155900288511882,1.3925387151800135,1.3925389260587613,1.6155885453167256,2.0082608984017405,2.347930565514668,2.588197210271181,2.741422065533332,2.8332165403513514,2.886515960306656,2.9176218956810693,2.936700304236147,2.949507901255287,2.959054791722371,2.9668119353084856,2.9734604910131295,2.979306281005187,2.9844882469044722,2.9890749369126883,2.9931059536104154,2.996608590885582,2.9996041154278377,3.0021100161074212,3.004140778176737,3.005708145913424,3.0068212146838054,3.00748646654348,3.007707785875486
3.0065311111953843,3.006308481095693,3.0056393260084078,3.004519847091893,3.0029437011585722,3.0009019800290235,2.9983831683499744,2.995373043853031,2.991854406398478,2.9878062955605302,2.9832017341346533,2.978001442003557,2.972137199993219,2.965470414805011,2.95769566924141,2.9481323500703227,2.935310348109195,2.916220992881591,2.885109990204254,2.8318152283513287,2.740040586014513,2.5868570669498148,2.346657806359983,2.0070785902637684,1.6145007410177568,1.391510338193756,1.3915108286078859,1.6145003575209536,2.007072531782173,2.3466436311423373,2.5868340737368523,2.740008922083189,2.831775289313061,2.885062126182659,2.9161654160963644,2.93524714291613,2.9480615204176965,2.957617189786899,2.9653842728621442,2.972043426422958,2.977900133161785,2.9830930674198513,2.9876905403377854,2.9917319311737947,2.9952443199803476,2.9982487702975944,3.000762582048435,3.002800070140466,3.004372831656378,3.005489842215564,3.0061574953628605,3.006379621190385
3.005121006601405,3.004897794272037,3.0042269055723603,3.0031045810524075,3.001524542219156,2.9994779691382663,2.9969534558958975,2.9939369080620657,2.9904112687988564,2.9863557337673203,2.9817434927545277,2.976535443814665,2.970663562852648,2.9639894867319594,2.95620810799616,2.9466392981075296,2.9338137900172,2.9147244212412575,2.8836195147173194,2.830341169223052,2.7385992735138553,2.5854718725317767,2.345357262456652,2.005888040257852,1.6134236145382495,1.3905006256168928,1.390501356662737,1.6134241909891252,2.005884267738015,2.345347036955314,2.5854546066869073,2.738575107433311,2.8303104488881257,2.8835825408879745,2.914681372703119,2.9337647339610915,2.946584231561205,2.956147001657591,2.9639223205007608,2.970590351718461,2.976456256077409,2.9816584627291602,2.9862650704884612,2.9903152616092172,2.9938359294074517,2.996847961341943,2.9993684945171517,3.001411697737529,3.0029890423402117,3.0041094020166295,3.0047790952225557,3.0050019061588134
3.0036788290164615,3.003455122855365,3.0027827637943694,3.001658026307282,3.0000746877277957,2.9980240043893436,2.9954946651221466,2.992472686449452,2.988941136430095,2.9848793474983912,2.980260656709653,2.9750461206708874,2.9691678914190307,2.962487818456451,2.9547010893797445,2.9451280514586906,2.932300283026946,2.9132121580583816,2.8821146952240473,2.8288543753871713,2.7371474254442183,2.5840794857004,2.3440547964890186,2.0047034717526775,1.6123623123075501,1.3895121556697412,1.3895130918617273,1.612363720335947,2.004701708312889,2.344048061801827,2.584067292464554,2.7371299037619323,2.828831822666829,2.8820873637640165,2.9131801924064313,2.932263730647253,2.9450868987567116,2.9546552990866446,2.962437359595674,2.9691127609111114,2.9749863583901925,2.980196355863538,2.984810661606942,2.988868283727433,2.9923959520469694,2.9954144008946315,2.997940626509,2.999988671830137,3.001569900288576,3.002693098425007,3.003364520705247,3.0035879123242752
3.002215994589807,3.0019918709827977,3.0013182692699325,3.0001914933424603,2.9986053689317544,2.996551218502112,2.9940178131311597,2.990991265965424,2.987454754309871,2.9833877307991816,2.9787636626698126,2.973543747912779,2.9676602978729303,2.9609753587924406,2.9531843993654467,2.9436082327440056,2.9307792814024918,2.911693473170083,2.880604578121879,2.82736358834962,2.735693326515349,2.5826874800738557,2.3427568978989077,2.003529852570564,1.6113200426122756,1.38854714134218,1.3885482505151152,1.6113221652713365,2.0035298445750533,2.342753232758177,2.582679758189244,2.735681666047139,2.8273482399410956,2.8805857473514678,2.9116712705608307,2.9307537333412195,2.943579312695837,2.953152059552716,2.960939555304201,2.9676210086074173,2.973500984965653,2.9787174807941077,2.9833382330464935,2.9874020955598493,2.9909356546359382,2.993959511000323,2.996490538567695,2.9985426714360286,3.0001271800871048,3.001252776258401,3.0019256596343675,3.002149542012553
3.000742722584673,3.0005182476075913,2.999843600354089,2.9987151103747847,2.9971266454776373,2.9950695855808487,2.992532773387881,2.9895024065238363,2.9859617581628957,2.9818903868421334,2.9772618751307287,2.9720375473321496,2.966149859136684,2.9594610390867255,2.951666823671866,2.9420884810953627,2.9292592727739093,2.9101766878951385,2.879097282935311,2.825876651928019,2.7342444068054155,2.581302640205929,2.341469364174695,2.0023715901395884,1.610299599827965,1.3876074655939883,1.3876087187692157,1.6103023311684912,2.0023731064142343,2.3414683837030923,2.5812988401053314,2.7342378921180606,2.825867628888438,2.879085912726537,2.9101630479669938,2.9292433680046503,2.9420702707604782,2.9516462480841543,2.959438040427346,2.966124396234165,2.972009605830951,2.9772314743935486,2.9818575845272064,2.985926653097419,2.9894651400842878,2.9924935292967443,2.995028588092593,2.9970841561486536,2.998671423619863,2.999799037793606,3.0004731512035527,3.0006974468535965
2.9992681385118685,2.999043369365778,2.9983678472632813,2.997237924185875,2.995647504546493,2.9935880183143264,2.9910483708407125,2.9880148338775583,2.984470764945621,2.9803958161023845,2.975763672299357,2.970535770889644,2.9646446985920765,2.957952853093301,2.950156225966725,2.9405765288877523,2.9277478535193806,2.908669249030809,2.8776000746802572,2.8244005824292864,2.7328073087683165,2.579931023920248,2.340197356532264,2.0012325785626173,1.609303402378532,1.3866947139769603,1.3866960851896548,1.6093066469071078,2.0012354094215414,2.3401987107492923,2.579930645579433,2.7328052891993786,2.8243970861652254,2.8775952212259095,2.908663084268471,2.9277403611060415,2.9405676534734693,2.9501458953866053,2.9579409954369917,2.9646312542337716,2.9705207008008485,2.975746963712943,2.980377486238027,2.9844508633482145,2.9879934435579307,2.9910256080987914,2.993564031269814,2.9956224706135637,2.9972120466371917,2.9983413508505876,2.999016494999797,2.9992411371050616
2.997800369761216,2.9975753559917004,2.9968991068174753,2.995767993765582,2.9941759531492687,2.9921144587557107,2.9895724709528397,2.9865363267008904,2.982989457904914,2.978911599385712,2.9742765271408143,2.969045779882885,2.963152063465484,2.956457932680518,2.9486596220425065,2.9390792745085146,2.9262518001901223,2.90717779892066,2.87611943238979,2.822941635120793,2.7313879506893772,2.5785780212659977,2.3389454524366005,2.000116242805568,1.608333528082516,1.385810204834726,1.3858116709442367,1.6083372001585177,2.0001201989534776,2.3389488245753123,2.578580611777265,2.7313898369971015,2.822942942962797,2.8761202425848413,2.9071781277161746,2.9262516108492926,2.9390784972083472,2.9486581721514833,2.956455724554507,2.9631490201102024,2.9690418396818097,2.9742716485032425,2.978905763800318,2.9829826718377235,2.986528622559171,2.9895639070095608,2.9921051180386766,2.9941659415499964,2.9957574374345235,2.996888148716468,2.9975641516779956,2.9977890825599016
2.996346634239375,2.996121418741394,2.9954445702458634,2.9943124772731933,2.992719104094154,2.9906559630360885,2.9881120628932276,2.985073798118617,2.98152466637064,2.9774444758479883,2.9728070836560283,2.967574119540085,2.961678397820624,2.954982619359356,2.947183249995059,2.937602851227934,2.924777137077962,2.9057082416747297,2.8746611138030516,2.8215053669537227,2.7299915865927797,2.577248410193363,2.3377176951317895,1.9990255801751284,1.6073917470479793,1.3849550172339449,1.3849565577393992,1.6073957702682182,1.999030491511957,2.3377227997504564,2.577253561074883,2.7299968473555727,2.8215108275452425,2.87466681950191,2.9057141813041447,2.9247832547030868,2.93760906311897,2.9471894594886914,2.954988727818577,2.961684312265431,2.9675797580107215,2.9728123789842003,2.977449378174243,2.9815291447194756,2.985077841246088,2.9881156793590784,2.9906591804590548,2.992721967773405,2.9943150482380685,2.99544692253851,2.9961236359737375,2.996348805817848
2.994913322456991,2.994687942257258,2.994010604596478,2.992877712865255,2.9912832559764886,2.989218780220544,2.986673337100931,2.983633371885154,2.9800824404578625,2.9760004161815345,2.971361228544365,2.9661265891677506,2.9602294112671306,2.953532531658056,2.9457326363447676,2.9361526921378998,2.923329199997007,2.904265805694021,2.8732302163908336,2.8200966956622238,2.728622862636791,2.5759464089484134,2.3365176402092045,1.9979631991826332,1.6064795522728805,1.3841300167876232,1.384131613647622,1.6064838588544028,1.997968913554744,2.336524221176429,2.57595375331544,2.728631020559239,2.820105724297893,2.8732401286325167,2.9042765652814153,2.92334073325207,2.9361649023088807,2.945745415482653,2.9535457691265985,2.9602429996257476,2.9661404283680444,2.9713752289501363,2.9760145006430507,2.980096545673264,2.9836474492015537,2.986687352728607,2.9892327148180713,2.9912971036845204,2.992891479823701,2.994024306791512,2.9947016027759434,2.9949269685977407
2.9935060734903907,2.993280560408606,2.9926028283429513,2.9914692938159027,2.989873967491014,2.98780842563512,2.9852617575221863,2.982220453408117,2.97866812080973,2.974584691063787,2.9699441583453714,2.964708308005858,2.958810143561863,2.9521126284773302,2.944312658187828,2.934733591186689,2.9219126962445445,2.9028551024993097,2.8718312348489663,2.818719955461978,2.72728587020339,2.5746757252889623,2.3353483992357553,1.9969313558463904,1.6055981880644907,1.3833358795101545,1.3833375169602855,1.6056027182305792,1.996937737817077,2.335356227725253,2.5746849350061765,2.7272964983809938,2.818732029376467,2.871844738075549,2.9028699760831222,2.9219288504039933,2.9347509172692,2.94433103789134,2.9521319402728157,2.9588302671128486,2.9647291273704033,2.9699655643574205,2.9746065830424944,2.9786904077667167,2.9822430548595573,2.985284603832963,2.987831457835589,2.9898971366351734,2.991492559851175,2.992626158415541,2.9933039268137813,2.9935294516330893
2.992129845336613,2.9919042266462936,2.9912261815416894,2.990092138165517,2.9884961263983167,2.9864297490464837,2.9838821288404853,2.9808397959073134,2.977286403641618,2.973201935048355,2.968560442174565,2.9633237768487146,2.957425025134411,2.9507272685348203,2.942927601582257,2.9333497604959855,2.9205317608331867,2.9014801818842413,2.8704681150583653,2.8173789494045898,2.72598419582219,2.5734396026869644,2.3342126806025103,1.9959319875711474,1.6047486763938192,1.3825731138235409,1.3825747781980502,1.6047533777798262,1.995938917237956,2.334221553135256,2.573450385505794,2.725996913947489,2.817393603060089,2.870484661468829,2.901498541773266,2.920551830009101,2.933371419626066,2.9429507230445386,2.950751721065911,2.957450677065508,2.963350498465382,2.9685881075323306,2.973230423381463,2.9773156004569876,2.98086959382935,2.983912428074739,2.9864604573395557,2.9885271585975453,2.99012341541995,2.991257630079439,2.991935776365234,2.992161428471687
2.9907889801722423,2.990563279224577,2.98988499075182,2.9887505531882277,2.987154013462997,2.9850869979115604,2.982538658904156,2.9794955619754067,2.9759414013692616,2.971856206184016,2.9672140803035814,2.9619769355768146,2.9560779336028675,2.9493802659440207,2.9415812162212878,2.9320048840874566,2.919190009235539,2.9001445836296464,2.8691443046179703,2.8160769983736,2.724720967888432,2.572240863581388,2.333112827769492,1.9949667447823805,1.6039318413250492,1.3818420808338479,1.3818437603960398,1.6039366684048564,1.994974116615536,2.333122564279501,2.572252960301055,2.7247354385055007,2.81609381889008,2.869163408776983,2.9001658740738763,2.919213368957791,2.9320301842793173,2.9416083210572825,2.9494090356667058,2.956108226750704,2.962008610655164,2.9672469971166215,2.9718902269964746,2.9759763919288913,2.9795313923629867,2.9825752040788363,2.9851241377845867,2.987191632588725,2.988788540271619,2.98992323795243,2.9906016812890095,2.9908274335882985
2.9894872647842887,2.9892615015036377,2.988583029072357,2.9874482950991927,2.985851361660843,2.9837838759321405,2.981235016598443,2.9781913807242746,2.974636698948865,2.9705510415099745,2.965908558775499,2.9606712168516984,2.9547722465475617,2.948074942079225,2.9402767664081226,2.9307021680396357,2.917890586761834,2.898851385985601,2.867862800185874,2.814816986870173,2.723498900231394,2.5710819497389474,2.3320508549950194,1.9940370204214004,1.6031483316398671,1.3811430129905335,1.3811446977627273,1.6031532451449242,1.9940447420945846,2.332061296951216,2.571095131542666,2.7235148252381642,2.8148356096869325,2.867884033822902,2.898875117039904,2.9179166868547943,2.9307305000599495,2.940307187494727,2.948107305279177,2.9548064020934133,2.960707013272928,2.9659458438969835,2.9705896634321602,2.9746765069914405,2.9782322262355225,2.9812767535144933,2.9838263609666433,2.9858944541917136,2.9874918569546365,2.9886269242562196,2.9893055957982484,2.989531425251743
2.9882279863249286,2.988002177617749,2.987323571671009,2.98618862428009,2.984591410934193,2.9825235973051942,2.979974385532097,2.9769304007770154,2.9733754061106623,2.96928950852997,2.9646469001267617,2.9594095961021765,2.953510890731556,2.946814173944497,2.9390170785669896,2.9294443872326608,2.9166362145817213,2.897603250916566,2.8666261917124003,2.8136014057724616,2.7223203327787613,2.56996495992772,2.3310284806564563,1.9931439773740545,1.6023986417403113,1.3804760312283066,1.3804777128116585,1.6024036080495518,1.993151968576991,2.331039489275152,2.5699790259662456,2.722337450243206,2.8136215105300777,2.866649178651892,2.897628992509734,2.916664572432195,2.92947521706164,2.939050231610043,2.946849497293322,2.953548227724553,2.959448786946209,2.9646877826998037,2.9693319192546612,2.973419180794167,2.9769753753376373,2.9800203965255627,2.9825704822369166,2.9846390084332395,2.9862367741681926,2.9873721149349453,2.9880509563352486,2.9882768434080416
2.987013983732356,2.9867881438824457,2.986109447023314,2.984974356189853,2.9833769587705428,2.9813089369439063,2.9787595137541705,2.9757153393748648,2.972160205812812,2.968074252966562,2.963431710434253,2.95819463788729,2.952296387770388,2.9456004391540613,2.937804585556459,2.9282339289422974,2.9154292325607796,2.896402466150086,2.8654367035196455,2.81243239211827,2.7211872695223827,2.568891685122632,2.330047158312708,1.9922885739231695,1.6016831309138022,1.3798411606831376,1.379842832078427,1.6016881214466332,1.9922967651964336,2.3300586128402627,2.5689064602258336,2.7212053506890133,2.812453698778394,2.865461114877574,2.896429842507843,2.9154594268653984,2.928266790782331,2.9378399612682076,2.9456381709856934,2.9523363134789653,2.958236590917693,2.9634755205351415,2.9681197470207175,2.9722072086135527,2.9757636742458873,2.9788090030440917,2.981359402466821,2.983428222251959,2.985026239614979,2.9861617727909344,2.9868407348238257,2.987066663036236
2.9858476952007713,2.9856218362044635,2.9849430840985307,2.9838079083238815,2.982210406920455,2.9801422768005184,2.977592759588972,2.9745485277364474,2.9709933991028765,2.9669075430672645,2.962265223001189,2.957028538878828,2.9511308964116227,2.9444358576282927,2.936641367822306,2.927072833404955,2.9142716391616665,2.8952509842340097,2.864296232360053,2.8113117660444504,2.7201014138865225,2.5678636413034845,2.329108105575874,1.9914715873069024,1.6010020410467414,1.3792383450759058,1.3792400005333092,1.6010070317453893,1.9914799189977472,2.3291199016315978,2.567878973680159,2.720120260232279,2.811334031285023,2.864321782185336,2.8952796687403337,2.9143033040864985,2.927107323156024,2.9366785246570473,2.9444755199232056,2.9511728975275022,2.9570727069184004,2.9623113812141795,2.966955510634331,2.9710429919227512,2.9745995589835452,2.9776450401790124,2.9801956159633494,2.982264612843509,2.9838627886876146,2.9849984463736954,2.9856774877635743,2.985903443270954
2.984731201852252,2.9845053336550906,2.9838265558373944,2.9826913435951337,2.9810938044999507,2.979025648547649,2.976476133892613,2.9734319528772355,2.9698769464803165,2.965791310519247,2.961149338772471,2.9559131676897166,2.9500162517676074,2.943322230223139,2.9355291914564,2.925962831395847,2.9131651284321722,2.8941504587428746,2.8632063827968435,2.8102410652062075,2.71906420160135,2.5668820998535824,2.3282123307994396,1.9906936354345466,1.6003555128850209,1.3786674598706916,1.3786690947856075,1.6003604838362582,1.9907020568325815,2.3282243788029224,2.5668978587745017,2.719083641911628,2.810264079020421,2.8632328241578664,2.8941801692893123,2.9131979481661463,2.925998600553902,2.9355677489105356,2.943363411239104,2.9500598863254166,2.955959079797513,2.961197346653061,2.9658412272897894,2.969928580953548,2.9734851101614455,2.976530615876886,2.9790812545739893,2.9811503321377257,2.982748589214219,2.9838843149995706,2.9845634013773488,2.9847893726117265
2.983666267792257,2.983440398515892,2.9827616192011703,2.9816264102192567,2.980028887582477,2.977960772899132,2.975411339071365,2.972367296222454,2.968812506053733,2.964727188124964,2.9600856635169794,2.954850101626237,2.948954001622076,2.942261074509158,2.934469543469729,2.9249053789225306,2.912111124032659,2.8931022777459905,2.8621685001655615,2.809221576819055,2.718076831187981,2.5659481156178496,2.327360657652474,1.9899551968747664,1.5997436009705057,1.3781283243256517,1.37812993515675,1.5997485361000925,1.989963665466332,2.3273728813783836,2.565964189197656,2.7180967187063785,2.8092451592399423,2.8621956215106916,2.8931327725877614,2.912144827877372,2.9249421289133815,2.93450917583159,2.942303421969034,2.9489988915635186,2.954897355079366,2.960135095005511,2.9647786061640096,2.968865713923853,2.9724220927117466,2.9754675190995705,2.978018128238655,2.9800872076424647,2.9816854825949664,2.9828212300787853,2.9835003330870977,2.983726310473128
2.982654376958173,2.9824285131722523,2.9817497519506424,2.9806145782318616,2.9790171154990217,2.9769490957160296,2.974399804934413,2.9713559691785574,2.967801468766605,2.9637165445484763,2.9590755420713633,2.9538406604785656,2.9479454398121385,2.9412536578477306,2.933463664422694,2.923901689171637,2.9111108105949928,2.8921075948420265,2.8611837011011856,2.808254367249206,2.717140292011344,2.565062552711709,2.3265537477715275,1.9892566293248188,1.599166287390528,1.3776207125081013,1.3776222966755,1.5991711741066266,1.9892651100492242,2.3265660830786485,2.5650788459821143,2.717160501856781,2.808278365228099,2.8612113227562297,2.892138668744115,2.9111451685886354,2.923939166192152,2.933504094916236,2.9412968726370505,2.9479912642904185,2.953888913583285,2.959126035769802,2.963769084010128,2.9678558531194934,2.9714119924122633,2.9744572567278893,2.9770077622083964,2.979076779958524,2.9806750215409337,2.9818107530451377,2.9824898495825316,2.982715825286852
2.98169676700233,2.981470913947421,2.9807921863022355,2.979657073007852,2.9780597042117574,2.975991821120322,2.9734427215294184,2.9703991457301964,2.966844990700962,2.9627605162703334,2.958120089897792,2.9528859376187686,2.946991636986055,2.9403010277960484,2.932512578298083,2.922952761903476,2.910165162882368,2.8911673579586026,2.860252901645891,2.8073403090623263,2.7162553899287354,2.5642261082576523,2.3257921217630093,1.9885981867373361,1.598623494388075,1.3771443632950995,1.3771459190495978,1.5986283231388767,1.9886066511656264,2.3258045154676257,2.5642425416659314,2.716275817004343,2.807364593670634,2.860280872387643,2.891198838361301,2.910199981661262,2.922990752317801,2.9325535738235486,2.940344858209442,2.947038126307318,2.9529349032438996,2.9581713420444307,2.962813857869755,2.9669002180289086,2.9704560493826433,2.9735010873735597,2.9760514311471793,2.9781203371386393,2.979718504666853,2.9808541901441727,2.9815332617166797,2.981759229468386
2.98079446018584,2.980568621893376,2.979889939664147,2.978754905978548,2.9771576569050575,2.975089941898335,2.972541069334252,2.969497792300339,2.96594402255294,2.961860036760808,2.957220221983506,2.9519868286956483,2.946093468972398,2.939404039885997,2.9316171197776595,2.922059410595375,2.9092749728058727,2.890282335856999,2.859376842918372,2.8064801057175086,2.7154227708576695,2.56343933441135,2.325076178697057,1.987980035060416,1.5981150958320884,1.376698989410285,1.3767005156988055,1.598119859656928,1.9879884605628886,2.3250885874622846,2.5634558425194567,2.7154433281837873,2.8065045697768247,2.8594050367907724,2.8903140790829958,2.909310091550986,2.922097736775693,2.931658486387873,2.9394482764859426,2.946140398933798,2.9520362682793064,2.957271980132873,2.9619139150865794,2.9659998157017777,2.9695552887452874,2.972600052299431,2.97515019030933,2.977218946114084,2.9788170081492162,2.979952624255201,2.9806316564777644,2.9808576114291867
2.979948291481618,2.9797224708842363,2.979043842719762,2.977908902594563,2.976311791825487,2.974244267299565,2.971695646909424,2.9686526950682226,2.9650993365872966,2.961015863098274,2.9563766792893937,2.9511440579403745,2.9452516426626953,2.9385633830159894,2.9307779594090593,2.9212222875398486,2.908440874086349,2.8894531421186556,2.858556114426922,2.8056743142963225,2.714642942750048,2.5627026588060278,2.324406213948549,1.9874022665196094,1.5976409275946652,1.3762842855976503,1.3762857819622352,1.5976456217780406,1.987410635560111,2.324418603162303,2.5627191888181438,2.714663559731267,2.8056988703037415,2.858584428075692,2.8894850300414925,2.908476160738142,2.921260803925597,2.930819538260817,2.938607854058782,2.945298829324262,2.951193775912915,2.956428736651802,2.9610700607396883,2.9651554684733856,2.968710548593753,2.9717550036509484,2.9743049040293763,2.976373481429515,2.9779714146460097,2.97910694398032,2.9797859261552264,2.98001186470893
2.9791589342440985,2.9789331333284887,2.978254565067636,2.97711972783223,2.9755227677094696,2.973455448314386,2.9709070958996575,2.967864484763364,2.9643115512525475,2.960228600419986,2.955590053013835,2.9503582020254195,2.944466719459032,2.9377796027242153,2.9299956269521292,2.9204419067568668,2.9076633644726955,2.8886802567789887,2.857791175458348,2.804923366667028,2.713916295904374,2.5620164031657664,2.323782435317443,1.986864912524852,1.5972007969386381,1.3758999360317845,1.3759014025584504,1.5972054188079174,1.986873212142081,2.323794778050244,2.562032913304489,2.7139369163084304,2.804947944663181,2.857819525942509,2.8887121942525322,2.9076987125013027,2.920480496079635,2.930037290285369,2.9378241700225405,2.944514014555591,2.9504080408165345,2.95564224326433,2.9602829426320727,2.964367839165678,2.96792250545211,2.970966630188325,2.973516271722492,2.975584651456788,2.977182439692313,2.978317870133951,2.9789967948107656,2.97922271449429
2.9784269235127088,2.978201143445788,2.9775226384729345,2.9763879095145644,2.97479110704589,2.9727240005939053,2.970175923636383,2.9671336591047823,2.9635811535691667,2.959498724308865,2.954860806695663,2.9496297117086754,2.943739136587358,2.937053122660217,2.929270532513273,2.919718664506678,2.9069428257699794,2.8879640463187166,2.8570823750475878,2.8042275888890207,2.7132431212565984,2.561380800016778,2.3232049775958856,1.9863679554074345,1.5967944910468894,1.3755456210226475,1.375547058309084,1.5967990398229122,1.9863761767893002,2.3232172537186213,2.561397258076436,2.7132637012777434,2.8042521342735567,2.857110697655958,2.887995958989096,2.9069781515832447,2.9197572344463625,2.929312179763752,2.9370976776060305,2.9437864235945956,2.949679547344256,2.9549129991427128,2.9595530739437197,2.9636374539826873,2.96719169743608,2.970235480713592,2.9727848515347666,2.9748530222273017,2.9764506556443324,2.9775859796969426,2.978264842274914,2.9784907415552917
2.9777526770153226,2.9775269182308044,2.976848477897115,2.97571385936773,2.9741172169261754,2.972050325114447,2.9695025237006654,2.966460603215865,2.962908519504414,2.958826601035479,2.9541892961549463,2.9489589314048774,2.9430692268340826,2.936384263956143,2.9286029852589253,2.919052857616805,2.9062795423846706,2.8873047823485365,2.8564299702001947,2.8035872185760415,2.7126236267127655,2.5607960077569576,2.322673915858382,1.9859113391709315,1.5964217847813256,1.3752210230412838,1.375222432135018,1.596426261348284,1.9859194771647386,2.3226861112806687,2.5608123900284396,2.7126441334941553,2.803611690178636,2.856458216155913,2.8873366142241914,2.9063147829211644,2.919091338170332,2.9286445398282086,2.936428723838208,2.9431164171907995,2.9490086696177666,2.9542413912308936,2.9588808537369986,2.962964723292463,2.9665185453021343,2.9695619853422213,2.972111081773882,2.9741790389665828,2.975776513240753,2.976911727435342,2.9775905257239033,2.977816403901286
2.977136514234675,2.976910776583303,2.9762324006072602,2.975097891801319,2.973501407571311,2.971434726721076,2.9688871944568955,2.9658456082162252,2.962293932499376,2.958212505751884,2.953575787208933,2.9483461171306002,2.942457236258947,2.9357732623015393,2.927993210176699,2.9184447005758445,2.905673718530914,2.8867026583671285,2.855834141996653,2.803002420349765,2.712057951905253,2.5602621244305652,2.322189277637567,1.9854949792777166,1.5960824476684239,1.3749258320865911,1.374927214391975,1.596086854262879,1.9855030318236524,2.322201383576505,2.560278414852621,2.712078362452405,2.8030267888813865,2.8558622763383297,2.8867343692685923,2.905708828628838,2.918483041641372,2.928034617011858,2.935817567303853,2.9425042657809874,2.9483956895829704,2.9536277125234482,2.958266585507028,2.9623499604388095,2.9659033714827907,2.968946474680656,2.9714953001910125,2.973563045424522,2.9751603610068975,2.976295465304747,2.9769741991934855,2.977200056287195
2.976578673676738,2.9763529566228795,2.9756746432633885,2.9745402407577775,2.972943909134728,2.9708774307802392,2.96833015575907,2.965288888093674,2.961737600148043,2.9576566385705023,2.953020471818856,2.947791452455751,2.94190333955214,2.935220283205123,2.927441363863859,2.9178943413551237,2.905125493473467,2.8861578043760376,2.8552950097932834,2.8024732997637494,2.7115461816917454,2.5597792003233115,2.321751053928058,1.9851187713803295,1.5957762500806114,1.3746597504321483,1.3746611076355992,1.5957805900419484,1.9851267390303065,2.3217630662011404,2.5597953895973187,2.7115664818086453,2.802497546495707,2.855323009669019,2.8861893677761854,2.905160443334382,2.917932510074416,2.9274825869883006,2.9352643940112064,2.941950165512722,2.947840813256388,2.9530721785798217,2.9577104939331,2.9617933986895406,2.9653464171361987,2.9683891969655973,2.970937761187291,2.9730053011817685,2.974602462618711,2.975737459939759,2.976416131083909,2.976641967619948
2.9760793280883275,2.9758536307276264,2.975175376818565,2.9740410747782717,2.972444886735738,2.970378598255177,2.967831564236567,2.964790594822868,2.96123966869573,2.957159139044342,2.9525234824791387,2.947295062304926,2.94140765388345,2.934725436427268,2.9269475488727963,2.9174018751425623,2.9046349547205157,2.885670299794999,2.85481264405691,2.801999916017897,2.7110883584111787,2.5593472492296225,2.321359208895084,1.9847825989790149,1.5955029686667355,1.374422496826325,1.3744238308744212,1.5955072463446518,1.9847904846204012,2.321371127294691,2.55936333380124,2.7111085414293496,2.80202403144178,2.8548404973599713,2.8857017012597126,2.904669727899978,2.917439853346375,2.92698856850576,2.9347693314802683,2.9414542525609453,2.947344185320979,2.9525749423521104,2.95721273988799,2.9612952063134195,2.9648478572944255,2.9678903332834965,2.9704386511396397,2.9725059970700958,2.974103012443844,2.9752379082321445,2.975916519702931,2.9761423367436204
2.9756385976482926,2.9754129185965885,2.9747347196665896,2.973600510065675,2.9720044536567185,2.9699383393937078,2.967391526932701,2.964350831292547,2.960800235678383,2.9567200988492384,2.9520849045058766,2.946857025606048,2.940970252154987,2.934288788894564,2.9265118258656098,2.916967356018902,2.904202149623202,2.885240185189007,2.8543870781243412,2.8015822934331474,2.710684492697088,2.5589662582542037,2.32101368832253,1.9844863401557178,1.595262391165762,1.3742138102240014,1.3742151233304876,1.5952666119098986,1.9844941488535774,2.3210255160913147,2.5589822393172312,2.7107045581306366,2.8016062758306624,2.854414782162727,2.88527142109131,2.904236741517142,2.9170051381700817,2.9265526357138674,2.934332461289351,2.941016615934968,2.9469059021318085,2.9521361073376777,2.9567734336277596,2.9608554998369345,2.9644078142158503,2.9674500110549147,2.969998102016684,2.972065268888577,2.973662149276005,2.9747969510152728,2.975475507126233,2.9757013059171014
2.975256561628852,2.9750308990532646,2.9743527492962167,2.973218622097596,2.9716226834359825,2.969556725827784,2.9670101127403905,2.963969662173348,2.9604193608800067,2.956339572500941,2.951704787381253,2.946477387205711,2.9405911744245774,2.9339103753530122,2.9261342238604873,2.9165908072215774,2.903827095876808,2.884867472910862,2.854018318662093,2.8012204314007367,2.710334572725198,2.5586361962477064,2.3207144270318825,1.984229873581904,1.5950543207024936,1.3740334530769902,1.3740347477037904,1.5950584907753476,1.9842376123425676,2.320726170416865,2.5586520790227185,2.7103545252342394,2.8012442855234405,2.854045878665772,2.884898548905909,2.9038615122057103,2.9166283987745025,2.926174829085327,2.9339538302552772,2.9406373088263815,2.9465260231584858,2.9517557390111913,2.956392646264355,2.9604743556208097,2.964026369114026,2.96706831592748,2.969616203365299,2.971683209403024,2.9732799682846993,2.9744146851422877,2.975093190894464,2.975318972658265
2.9749332685983667,2.9747076201765212,2.974029512527032,2.9728954565379384,2.971299620801493,2.9692338007621233,2.9666873616281633,2.963647123312063,2.960097075810966,2.9560175877061954,2.951383155418438,2.946156167716611,2.940270436934156,2.933590207153959,2.9258147492411344,2.9162722304889264,2.9035097909853262,2.8845521563536036,2.853706354469838,2.8009143126795273,2.710038572057437,2.5583570211709605,2.320461355482938,1.9840130838650558,1.5948785795514502,1.3738812141548753,1.3738824929407345,1.5948827058909243,1.984020761238678,2.3204730233321653,2.5583728145438793,2.710058420935099,2.8009380487915623,2.853733782077866,2.8845830855007684,2.9035440459184634,2.9163096462662206,2.925855165028032,2.9336334601922816,2.940316358425812,2.9462045807722057,2.9514338746439828,2.956070419706431,2.9601518199688566,2.963703572434607,2.9667453021194428,2.9692930126422943,2.971359878620533,2.972956531378126,2.9740911736236573,2.9747696345151833,2.9749954009412014
2.974668744785495,2.9744431077074576,2.9737650347100293,2.9726310386648698,2.9710352905357533,2.968969586549302,2.966423292405614,2.9633832300162153,2.9598333931524023,2.9557541548993185,2.951120016276659,2.9458933711927284,2.940008039595008,2.9333282800511893,2.925553393968206,2.9160116144056003,2.9032502203431165,2.8842942175443267,2.8534511636441127,2.8006639103383355,2.709796456461617,2.5581286866129997,2.3202544055716223,1.9838358661416151,1.5947350122942763,1.3737569108797971,1.373758176548889,1.5947391022240756,1.9838434917700745,2.3202660089347735,2.558144402880489,2.709816215343673,2.800687543560049,2.8534784756472367,2.8843250184996583,2.903284334479607,2.9160488767914616,2.92559364414657,2.9333713561656967,2.940053774119076,2.9459415884651863,2.9511705316755177,2.9558067752313204,2.9598879178790822,2.963439452663796,2.966481001191674,2.9690285639027723,2.9710953124918023,2.9726918758099017,2.9738264545910216,2.9745048771394744,2.97473063052135
2.9744630013746027,2.9742373729066904,2.9735593276642667,2.9724253806925205,2.970829703149014,2.9687640905987274,2.9662179097220607,2.9631779853906375,2.9596283148087865,2.955549274101922,2.950915367139925,2.9456889913819935,2.9398039727292895,2.9331245813665054,2.9253501427945965,2.915808941292002,2.9030483636385256,2.8840936331824687,2.853252719531819,2.80046919379895,2.7096081899366755,2.5579511474504613,2.320093515493123,1.9836981298061382,1.5946234883518635,1.373660391227956,1.37366164654268,1.5946275494205286,1.983705714107787,2.3201050671697048,2.5579668017654833,2.709627876157909,2.800492743356975,2.8532799369277413,2.8841243289365903,2.9030823623852067,2.915846078409955,2.925390258054102,2.933167513226165,2.939849554224917,2.9457370477538545,2.9509657148239605,2.9556017207541796,2.959682660354756,2.9632340235831434,2.966275429204255,2.9688228749162593,2.970889530096264,2.9724860217004547,2.9736205494135697,2.974298941326166,2.9745246844821907
2.9743160415071928,2.974090419507476,2.9734123960011885,2.9722784860292983,2.970682859225646,2.9686173113736882,2.9660712114546843,2.9630313869772036,2.9594818371419693,2.955402939509072,2.950769199506751,2.945543017165627,2.9396582230322474,2.932979095988256,2.925204978866178,2.915664192292682,2.9029041996569034,2.883950379508299,2.8531109958368406,2.8003301340761744,2.709473739793004,2.557824364418558,2.3199786335253636,1.9835998013774234,1.5945439039811982,1.373591535289093,1.3735927830747914,1.594547944002887,1.9836073554478955,2.3199901475568776,2.5578399738141524,2.7094933731897917,2.8003536222233714,2.853138143040352,2.8839809967127366,2.90293811230174,2.9157012364868136,2.925244994696129,2.9330219217482787,2.9397036915396115,2.9455909539455094,2.9508194219780544,2.955455256729807,2.9595360501992083,2.963087289922277,2.9661285922798535,2.9686759529831974,2.970742539778725,2.972338978648186,2.9734734691091695,2.974151839001982,2.974377574971706
2.974227865604912,2.9740022486068316,2.9733242398506086,2.9721903521698536,2.9705947547272635,2.96852924505214,2.965983194109723,2.9629434306331297,2.9593939543586987,2.9553151432369122,2.9506815036139686,2.945455437403369,2.9395707783244394,2.932891810648548,2.9251178874663766,2.9155773508686296,2.902817709931591,2.883864436312058,2.8530259708611454,2.8002467079398836,2.7093930804404946,2.5577483073617833,2.319909720708669,1.9835408266382992,1.5944961838496583,1.3735502565304334,1.373551499726308,1.594500211016912,1.9835483622333745,2.3199212119020087,2.5577638897118047,2.709412682015691,2.800270158760229,2.853053074895399,2.8838950048155865,2.9028515691117978,2.915614337657837,2.925157842329432,2.932934571659372,2.9396161778090586,2.9455033007069265,2.950731648746054,2.955367380534008,2.9594480861996955,2.9629992514208263,2.9660404911087475,2.9685877997495957,2.970654344333626,2.972250750929744,2.9733852189084997,2.9740635757568135,2.9742893076519286
2.9741984738435767,2.973972859362897,2.9732948557416004,2.9721609748263935,2.9705653865395596,2.968499889488538,2.9659538552310285,2.9629141125632534,2.959364661069727,2.955285878736209,2.950652272363674,2.945426244732113,2.939541630777359,2.9328627165448715,2.9250888583735306,2.915548405332072,2.9027888816600034,2.883835790120312,2.852997630663708,2.8002189007563874,2.7093661957858193,2.5577229572503852,2.3198867526454037,1.9835211722038946,1.5944802822406392,1.3735365027342985,1.3735377443896404,1.5944843050891382,1.9835287015850471,2.3198982361876803,2.55773853059358,2.709385786794623,2.8002423391360347,2.853024720197005,2.883866342120796,2.902822722634198,2.915585372558456,2.92512879253675,2.932905455715867,2.939587007081698,2.9454740833626287,2.950702391480264,2.955338089170175,2.9594187656473436,2.962969905935444,2.9660111243897576,2.9685584150469233,2.970624945173653,2.972221340900239,2.9733558014576413,2.9740341541828546,2.974259884866378
