Run: _005_20_26_CPC_metacentric_tensed_MCF10A_chr19_PMP1__from_pyvcell_compare
SimID: 898407604_0
Sim time range (0.0 500.0) (saved timepoints 51)
2D Slice for variable H3 at time 220.0 in plane XY at Z = 0
X in rows, Y in columns
116.52866227619917,116.52853500624705,116.5280470612604,116.52684363203359,116.524203375348,116.51881228216277,116.50838177911679,116.48903919627847,116.45439011522211,116.39411929901735,116.29195996629471,116.12281820865572,115.84878252401562,115.4136566742049,114.73548202364336,113.69617777209724,112.12677789948496,109.78554664693493,106.32413800156262,101.23332473219848,93.75359747802432,82.72504380166713,66.33079815420658,41.64793291870262,3.829578535053516,0.8761707732231045,0.8761708625408797,3.8295800767711046,41.647943544233684,66.3308161962968,82.72506747170188,93.75362522526991,101.23335540609429,106.32417086286767,109.78558129810561,112.12681418532547,113.69621568327132,114.73552161778339,115.41369802109641,115.84882567245947,116.12286316890321,116.29200670539402,116.39416774257747,116.45444015276972,116.4890906891916,116.50843456635727,116.51886618590122,116.52425820572333,116.52689919096642,116.52810314419787,116.52859140477354,116.5287187801746
116.52867232779501,116.52854505684175,116.52805710899237,116.52685367451691,116.52421341037933,116.51882230780053,116.5083917929022,116.48904919582674,116.45440009828629,116.3941292648998,116.29196991542008,116.12282814595763,115.84879246274626,115.41366664073706,114.73549206570871,113.69618796598313,112.12678835595024,109.78555750919028,106.32414942316817,101.2333368182391,93.75361016479512,82.72505664630873,66.33081001315341,41.64794154563653,3.829580293182452,0.8761711212001015,0.8761712106353714,3.82958183696154,41.647952184989926,66.33082807805849,82.72508034477683,93.75363794352324,101.23336752429863,106.32418231602215,109.78559219043511,112.12682467020203,113.69622590383035,114.735531685258,115.41370801224585,115.8488356351627,116.12287313015827,116.29201667854588,116.39417773285581,116.45445016110288,116.48910071430451,116.50844460604247,116.51887623789342,116.52426826769923,116.5269092604501,116.52811321907606,116.52860148289507,116.52872885942628
116.52870246713168,116.52857519318705,116.52808723596475,116.52688378577753,116.52424349971085,116.518852368706,116.50842181831197,116.48907917861276,116.45443003253376,116.39415914664592,116.29199974693364,116.12285794260363,115.84882226400798,115.41369652702382,114.73552217986443,113.6962185373258,112.12681971804119,109.78559009202473,106.32418368751016,101.23337307915533,93.75364823089879,82.72509518750729,66.3308455972901,41.64796743127686,3.829585568395212,0.876172165144903,0.876172254930027,3.8295871183600534,41.64797811215019,66.33086373046972,82.725118971626,93.75367610406362,101.2334038817594,106.32421667471479,109.78562486338762,112.12685611741523,113.69625655545995,114.73556187575548,115.41373797232546,115.84886550883995,116.12290299871889,116.29204658233964,116.394207687885,116.45448017004071,116.48913077341415,116.50847470910112,116.51890637789604,116.52429843739117,116.5269394528946,116.5281434277732,116.52863170132628,116.52875908106559
116.52875264657703,116.528625367117,116.52813739421782,116.52693391832508,116.52429359596731,116.51890241710593,116.50847180736936,116.4891290970282,116.45447987000638,116.3942088968307,116.29204941403931,116.12290755311551,115.84887188469922,115.41374629287837,114.7355723303991,113.69626945670994,112.12687196403871,109.78564438295946,106.32424079249353,101.23343352336299,93.75371169356093,82.72515944754078,66.33090492813884,41.64801059014202,3.829594363138966,0.8761739050928506,0.8761739954603607,3.8295959234124743,41.64802134023454,66.33092317520008,82.72518337450155,93.75373972402673,101.23346448690026,106.3242739369926,109.78567930428011,112.12690850470412,113.69630760819169,114.73561215336481,115.41378786094829,115.84891524996713,116.1229527290092,116.2920963699122,116.3942575598969,116.45453013143496,116.48918081836592,116.50852482731665,116.51895655753337,116.52434866649713,116.52698972024983,116.52819372215089,116.5286820118804,116.5288093969752
116.52882278570488,116.5286954993057,116.52820750502603,116.52700399293307,116.52436361897446,116.51897237309439,116.5085416803976,116.48919887126316,116.45454953104328,116.39427843637456,116.29211883922018,116.12297690204132,115.8489412525832,115.41381587115477,114.735642457626,113.69634067444521,112.1269450569804,109.78572036073518,106.32432073420078,101.23351816455205,93.75380058092728,82.72524946298842,66.33098804111596,41.64807104606972,3.8296066814307905,0.8761763410895308,0.8761764322713702,3.8296082561476514,41.648081893159215,66.33100644775502,82.7252735899069,93.75382883184731,101.23354935349876,106.32435409902632,109.78575549163003,112.12698179506067,113.69637901206775,114.7356824579492,115.41385761057964,115.84898478591133,116.12302224498745,116.29216596301234,116.39432726941432,116.45459996515766,116.48925076872102,116.50859488002449,116.51902669610728,116.52441887477299,116.52705998202015,116.52826402188576,116.52875233428118,116.52887972687068
116.52891277457135,116.52878547897865,116.52829745681909,116.52709389767992,116.52445345721227,116.51906212477513,116.50863132550468,116.4892883892219,116.45463890385443,116.39436765465452,116.2922079135171,116.1230658832912,115.84903026640406,115.41390516785096,114.73573247763049,113.69643212025481,112.12703894482442,109.78581799494411,106.32442350692241,101.2336270210922,93.75391493187507,82.72536528409722,66.33109498495608,41.64814883179861,3.8296225287471812,0.876179473168869,0.8761795654001546,3.8296241220554275,41.648159803715735,66.33111359687315,82.72538966830074,93.75394346639374,101.23365849995335,106.32445715467327,109.78585339495731,112.1270759361273,113.69647069653637,114.73577270487056,115.4139471263693,115.84907401464308,116.12311143983355,116.29225525181468,116.39441670487874,116.454689558844,116.48934051151822,116.50868475402906,116.51911668095174,116.52450894929376,116.5271501255984,116.52835421447061,116.52884255604894,116.52896995839687
116.52902246972789,116.52889516279278,116.5284071061061,116.52720348877692,116.5245629664572,116.5191715283242,116.50874059825502,116.48939750646691,116.45474784465966,116.3944764090493,116.2923164964609,116.12317436026798,115.84913879554719,115.41401406109289,114.73584228144253,113.69654370330589,112.1271535596995,109.7859372459033,106.32454910183503,101.23376011536223,93.75405479469451,82.72550697393726,66.33122582082764,41.648243988228906,3.8296419118840315,0.876183301328115,0.8761833948438126,3.829643527950931,41.64825511290317,66.33124468395367,82.7255316730195,93.75408367611296,101.2337919485863,106.32458309513657,109.78597297427045,112.12719085970872,113.69658257010569,114.7358827847405,115.41405628571115,115.84918280435338,116.12322017564748,116.29236409474001,116.3945257226396,116.45479876733951,116.48944990104438,116.50879430396448,116.51922636644896,116.52461874476022,116.52726000593884,116.52846415498719,116.52895253253455,116.52907994686451
116.52915169570777,116.52902437497792,116.52853627658267,116.52733259020226,116.52469197100018,116.51930040714863,116.50886932160955,116.48952604610182,116.45487617735029,116.39460452478231,116.29244441570545,116.12330216508562,115.84926667911071,115.41414240110035,114.73597173524203,113.69667531147765,112.12728881751353,109.78607806327267,106.32469750653107,101.23391747279572,93.75422022638482,82.72567460732095,66.33138062115509,41.6483565636508,3.829664838785526,0.8761878254880885,0.8761879205234163,3.8296664817977373,41.64836786918136,66.33139978172599,82.7256996790197,93.75424951803777,101.23394972485988,106.32473190806492,109.78611417902883,112.1273264811409,113.6967145199866,114.73601256287455,115.41418493783112,115.84931099309804,116.1233482833186,116.2924923181305,116.39465414597544,116.45492741272024,116.48957875921047,116.50892335131674,116.51935557429749,116.52474808328047,116.52738944535977,116.52859366612427,116.52908208657763,116.52920951517791
116.52930024432189,116.52917290716344,116.52868476066692,116.52748099416745,116.52484026198606,116.51944855151488,116.5090172859982,116.4896737989814,116.4550236931014,116.39475179418854,116.29259146652254,116.12344909799924,115.84941372593917,115.41429000956965,114.73612067958113,113.69682681056908,112.12744461699586,109.78624038565259,106.32486870416776,101.23409912083845,93.75441129112087,82.7258682691819,66.33155946831717,41.648486612629654,3.829691318305561,0.8761930454461321,0.8761931422389608,3.8296929924814145,41.64849812733332,66.33157897270266,82.72589377137744,93.75444105650121,101.23413185617116,106.32490357633489,109.78627694757613,112.1274826987402,113.69686641128737,114.73616187857951,115.41433290323374,115.84945838848866,116.1234955617578,116.29263971532454,116.3948017656005,116.45507528431231,116.48972687439918,116.50907168460341,116.51950409339607,116.52489675401645,116.52753823353925,116.52874253786489,116.52923100836266,116.5293584536213
116.52946787517591,116.52934051981521,116.52885231813686,116.5276484594096,116.52500759754605,116.51961571950157,116.5091842493153,116.48984052254866,116.45519014957543,116.39491797640827,116.29275741124287,116.12361492735288,115.8495797139601,115.41445667933259,114.73628892821796,113.69699804374162,112.12762083895679,109.78642413963398,106.32506267215443,101.23430508719449,93.75462805869051,82.72608805302396,66.33176245274852,41.64863419470924,3.8297213599320674,0.8761989608259286,0.8761990596147423,3.8297230695204156,41.648645947002315,66.33178234753046,82.72611404382303,93.75465836149712,101.23433837036667,106.32509807712206,109.78646120594877,112.1276593926286,113.69703808610389,114.73633054457733,115.41449997324037,115.84962476682469,116.12366177743448,116.29280604711256,116.39496833876257,116.45524213763697,116.48989400182087,116.50923905907118,116.51967167934252,116.52506451317223,116.52770612718278,116.52891052731111,116.52939905524991,116.52952651966297
116.52965431652902,116.52952694009785,116.52903867565846,116.52783471225898,116.52519370328146,116.51980163627574,116.50936993586461,116.49002594054181,116.45537527079557,116.39510279715823,116.29294197912996,116.12379938878327,115.84976438950257,115.41464217302112,114.73647626797843,113.69718883039825,112.12781734547656,109.78662923841166,106.3252793804602,101.23453539858964,93.75487060265466,82.72633405850668,66.33198967103348,41.64879937289042,3.8297549734780607,0.876205571010107,0.8762056720353673,3.8297567227493925,41.64881139136655,66.3320100031337,82.7263605964347,93.75490150678397,101.23456929412617,106.32531538021844,109.78666686675409,112.12785642383388,113.69722936280687,114.73651834626092,115.41468590902963,115.84980987257143,116.12384666402914,116.29299104042028,116.39515358894263,116.45542769453544,116.49007986278399,116.50942519626352,116.51985805433708,116.52525108368093,116.52789284981888,116.52909735856792,116.52958595166471,116.52971343782268
116.52985926262409,116.5297318625671,116.52924352750956,116.52803944595284,116.52539827204305,116.52000599358624,116.50957403595851,116.49022974266217,116.45557874699463,116.3953059481416,116.29314486561053,116.12400218464367,115.84996746663555,115.41484622282324,114.73668245733586,113.69739896553523,112.12803397814656,109.78685558034505,106.32551879055632,101.23479007854095,93.75513899788162,82.72660638939453,66.33224122364769,41.64898221188619,3.8297921687022374,0.8762128750680662,0.8762129785711821,3.8297939619616983,41.64899452538473,66.33226204025954,82.72663353328794,93.7551705675037,101.23482465097382,106.32555544671301,109.78689382781539,112.12807363319943,113.69744003499297,114.73672504057993,115.41489044083438,115.85001341759283,116.12404992158716,116.29319438829778,116.3953572052325,116.45563164247761,116.49028414442176,116.50962978383085,116.52006290685105,116.5254561549055,116.52809809169644,116.5293027225473,116.52979138895735,116.52991889955172
116.53008237556914,116.52995494907447,116.52946653469598,116.52826232116517,116.52562096308623,116.5202284487572,116.50979620600867,116.49045158490722,116.45580023393315,116.39552708664311,116.29336573165638,116.12422298344465,115.85018862621402,115.41506852942031,114.7369072256334,113.69762821797995,112.12827055738822,109.78710304766415,106.32578085293228,101.2350691454204,93.75543331854458,82.72690515077443,66.3325172120898,41.649182776166704,3.8298329548941807,0.8762208716714094,0.87622097789383,3.829834796477703,41.64919541371757,66.33253856078224,82.7269329596093,93.75546561790996,101.23510445930286,106.32581822698198,109.78714197059091,112.12831083993122,113.69766987025503,114.73695035510254,115.41511326709137,115.85023508064607,116.12427121597725,116.29341574899458,116.39557884195992,116.45585363413721,116.49050649939637,116.5098524751508,116.52028589133184,116.52567938246759,116.52832150953046,116.5295262768044,116.5300150252398,116.53014256319268
116.53032328411639,116.53019582839767,116.52970732540028,116.52850296474733,116.52586140163979,116.52046862576962,116.51003606864163,116.49069108850317,116.45603935261249,116.39576583485503,116.2936042034262,116.12446141874507,115.8504275154517,115.41530876075932,114.73715027208267,113.69787632984571,112.12852688043178,109.78737150427308,106.3260655056869,101.23537260998447,93.75575363496343,82.72723044574798,66.33281773618576,41.649401127661086,3.82987734039002,0.8762295589969146,0.8762296681826063,3.829879234666106,41.64941411845864,66.33283966472725,82.727258978989,93.75578672850172,101.23540872972363,106.3261036585253,109.78741115832143,112.12856784016743,113.69791860887811,114.73719398698951,115.41535405391683,115.85047450615565,116.12451017815224,116.29365474543128,116.39581811799499,116.4560932871095,116.49074654544326,116.51009288905111,116.52052662801974,116.52592038811139,116.52856272639876,116.52976764545944,116.53025648527033,116.53038405372574
116.53058158466855,116.53045409599487,116.52996549440388,116.52876097012481,116.5261191795358,116.52072611467031,116.51029321196773,116.49094783994376,116.45629568886315,116.39602177958244,116.29385987120537,116.12471708893065,115.85068374651486,115.41556655173808,114.73741126444793,113.69814301437673,112.12880271991821,109.78766079439502,106.3263726718045,101.23570047251596,93.75610001031738,82.72758237227099,66.33314289046831,41.64963732315926,3.829925332031282,0.8762389346230404,0.8762390470183415,3.8299272834071783,41.64965069666303,66.33316544702383,82.72761168963589,93.75613396263418,101.23573746225021,106.32641166374547,109.78770123425377,112.1288444051895,113.6981859625927,114.73745560201598,115.4156124333812,115.85073130369395,116.12476640317118,116.29391096452602,116.39607461646975,116.45635018336968,116.49100386513223,116.51035060953471,116.52078470282264,116.52617875956425,116.52882133164391,116.5300264190599,116.53051536040142,116.53064296275687
116.53085683995563,116.53072931455604,116.53024060339312,116.52903589753952,116.5263938550939,116.5210004714738,116.51056718940134,116.49122139062356,116.45656879277992,116.39629447142018,116.29413228906982,116.12498955615716,115.85095689618164,115.41584150237725,114.73768983760256,113.69842795523878,112.12909782228995,109.78797074007251,106.32670225644071,101.23605271958739,93.75647249727663,82.72796101911682,66.33349276040579,41.64989141150148,3.8299769345664667,0.8762489954112689,0.8762491112639998,3.829978947495908,41.64990519741398,66.33351599341637,82.7279911804557,93.75650737307198,101.23609064342621,106.32674214732367,109.78801201923227,112.12914027996028,113.69847161303879,114.73773483280507,115.41588800284825,115.85100504670496,116.12503944964593,116.29418395675178,116.39634788413073,116.456623868915,116.49127800552709,116.51062518559893,116.52105966702703,116.52645405040673,116.52909688081111,116.5303021546823,116.5307912086102,116.53091884861904
116.53114858028874,116.53102101413411,116.53053218124161,116.5293272739533,116.52668495287718,116.52129121776677,116.51085751958742,116.4915112564081,116.45685817853874,116.39658342445033,116.29442097443292,116.12527834550212,115.85124650439978,115.41613317715348,114.73798559285146,113.69873080445319,112.12941190553282,109.78830113857228,106.32705414433698,101.2364293208388,93.75687113404278,82.72836646131914,66.33386741817746,41.6501634303269,3.830032149980695,0.876259737373862,0.8762598569330904,3.8300342289486804,41.65017765857206,66.3338913763927,82.72839752677827,93.75690699799797,101.23646824264189,106.32709499333716,109.78834330969585,112.12945518074444,113.69877521000832,114.7380312777047,115.41618032375634,115.85129527174763,116.12532883901778,116.29447323530604,116.39663743085664,116.45691385337757,116.49156847783176,116.51091613106225,116.52135103733043,116.52674578008966,116.52938889574497,116.53059437597847,116.53108355466365,116.53121123643007
116.53145630353559,116.53132869205842,116.53083972396948,116.52963459328731,116.52699196375214,116.52159784102905,116.51116368634688,116.49181691785323,116.45716332392217,116.39688811598043,116.29472540693033,116.12558294440142,115.85155207382506,115.41644110387122,114.73829809584349,113.69905118060072,112.12974465714976,109.7886517603343,106.32742819647055,101.2368302251641,93.75729593961127,82.72879875543458,66.33426691788884,41.65045340259652,3.8300909767503546,0.8762711555259316,0.8762712790415362,3.8300931262727813,41.65046810326817,66.33429165029952,82.72883078544245,93.75733285647647,101.23687020839928,106.32747006204222,109.78869487457035,112.12978879331938,113.69909636972334,114.73834449952852,115.41648892031755,115.85160147760217,116.12563405465336,116.29477827555003,116.39694272911275,116.45721960966915,116.49187475736144,116.51122292451113,116.52165829582891,116.52705343407439,116.52969686475792,116.53090257335914,116.53139189028225,116.53151961832236
116.53177947541397,116.53165181367758,116.53116269526589,116.52995731644478,116.52731434535143,116.52191979472907,116.51148513884424,116.49213781956934,116.45748367032239,116.39720798584429,116.29504502836568,116.12590280201296,115.85187306844558,115.41676477208703,114.73862687513845,113.69938866721687,112.13009573209574,109.789022345838,106.32782424667198,101.23725535629889,93.75774690887053,82.7292579341328,66.3346912902817,41.65076133252295,3.8301534090002023,0.8762832437257818,0.8762833714486588,3.8301556336197016,41.650776535895425,66.33471684618925,82.72929098918831,93.75778494330416,101.23729646401301,106.32786718625965,109.7890664528197,112.13014077051002,113.69943467318626,114.73867402374324,115.41681327848038,115.85192312420945,116.12595454104655,116.29509851445776,116.39726321364704,116.45754057384471,116.49219628333205,116.5115450092732,116.52198089013336,116.52737646402115,116.5300202428012,116.53122620428131,116.5317156744901,116.53184345388182
116.53211753029487,116.53198981244182,116.53150052667785,116.53029487211364,116.52765152222972,116.52225649857262,116.51182129129852,116.49247337070283,116.457818622523,116.3975424362357,116.2953792420128,116.12623732801336,115.85220891269647,115.41710363205355,114.73897142092041,113.69974281081588,112.13046475001867,109.78941260230252,106.32824209764176,101.23770460805684,93.75822400720813,82.72974399987204,66.33514053680447,41.65108720117246,3.830219435580736,0.876295994492733,0.876296126674527,3.83022173987395,41.65110293767691,66.33516696555043,82.72977814061959,93.75826322369237,101.23774690267817,106.32828616762099,109.78945775020406,112.13051072961345,113.69978966388615,114.73901933700061,115.41715284461004,115.85225963157298,116.12628970317166,116.29543335006821,116.39759828121144,116.45787614481192,116.49253245881887,116.51188179346642,116.52231823364662,116.52771428796078,116.53035845185072,116.5315646937152,116.5320543341126,116.53218217056789
116.53246987099836,116.5323420906279,116.5318526183675,116.53064665704669,116.52800288613865,116.52260733872816,116.51217152362051,116.49282294479849,116.45816754825667,116.39789083134923,116.29572741200104,116.12658589222708,115.85255899052952,115.41745709337549,114.73933118303512,113.70011311837625,112.13085129231051,109.78982220032488,106.3286815164914,101.23817783905022,93.75872716396593,82.73025691833182,66.3356146229078,41.651430961412785,3.8302890390218014,0.8763093988100918,0.8763095357038178,3.830291427584293,41.65144726157175,66.3356419740361,82.73029220530736,93.75876762667082,101.23822138234361,106.32872677201848,109.78986843540406,112.13089824959734,113.70016084557162,114.73937988540891,115.41750702395133,115.85261037885823,116.12663890564174,116.29578214090343,116.39794729005904,116.45822568417852,116.49288265080371,116.51223265028125,116.52266970561145,116.52806629072622,116.53071088141321,116.53191743462718,116.5324072642761,116.5325351641619
116.53283586998337,116.53270801984277,116.53221833956698,116.5310120359586,116.52836779676029,116.52297166798853,116.51253518116846,116.49318587955004,116.45852977832988,116.39825249696626,116.2960888626308,116.12694782353543,115.85292264411326,115.41782452323142,114.73970556890089,113.70049905459402,112.13125489895359,109.79025076977337,106.32914222957724,101.23867486649839,93.75925626541894,82.73079661024579,66.33611347046072,41.65179253238919,3.830362194382424,0.8763234458997061,0.8763235877570095,3.8303646718249573,41.65180942683783,66.33614179355483,82.73083310397627,93.75929803806342,101.23871971925439,106.32918872438692,109.79029813607248,112.13130286773189,113.70054767967906,114.7397550723191,115.41787517905496,115.85297470303519,116.12700147160714,116.29614420520528,116.39830955951011,116.45858851603063,116.49324619004278,116.51259691787304,116.52303465140002,116.52843182422805,116.5310768887885,116.53228378836656,116.53277382870203,116.5329017992975
116.53321486919121,116.53308694089183,116.53259702802009,116.53139034235188,116.52874558089394,116.52334880558672,116.51291157453196,116.49356147633343,116.45890460567342,116.39862671938299,116.2964628773051,116.12732240836355,115.85329917166979,115.41820524413153,114.74009394051427,113.70090003887823,112.13167506433541,109.79069789435351,106.32962391640343,101.23919545851074,93.75981114606242,82.73136294246352,66.33663694910881,41.652171792973185,3.8304388678799324,0.8763381229659726,0.8763382700395049,3.83044143882007,41.65218931231059,66.33666629368162,82.73140070313163,93.75985429187467,101.23924168062021,106.32967170244798,109.79074643371855,112.13172407528741,113.70094958186259,114.74014425537571,115.4182566274596,115.85335189676704,116.12737668128464,116.29651881971058,116.39868436892976,116.45896392599545,116.49362237044488,116.51297389888526,116.52341238220014,116.52881020716835,116.53145579889848,116.53266308441366,116.53315335973011,116.5332814091841
116.53360617817219,116.53347816261787,116.53298798931665,116.53178087621589,116.52913553147758,116.52373803557751,116.51329997743863,116.49394899835885,116.45929128325675,116.39901274299267,116.29684869551176,116.12770888740111,115.85368782428675,115.41859853005373,114.74049561023234,113.70131543974512,112.13211123100211,109.79116310467175,106.33012620092167,101.23973932477907,93.7603915780438,82.73195571649902,66.3371848653666,41.6525685738026,3.830519015276474,0.8763534148957506,0.8763535674361871,3.8305216843314738,41.6525867485932,66.33721528067643,82.731994803908,93.76043615945882,101.23978697486815,106.33017532844951,109.79121285634875,112.13216131152495,113.70136591659492,114.74054674210306,115.41865063761176,115.85374120507586,116.12776376880436,116.2969052168399,116.3990709551313,116.45935115902658,116.49401044687681,116.51336285859882,116.52380217313913,116.52920072336047,116.53184690271495,116.53305461892533,116.5335451566895,116.53367329420283
116.53400907069593,116.53388095688979,116.53339049169574,116.53218289989036,116.5295369024355,116.5241386014639,116.5136996218198,116.49434766503595,116.45968901808874,116.39940976418546,116.29724550663224,116.1281064490144,115.85408779879498,115.41900359847241,114.7409098322149,113.70174456590446,112.13256277969047,109.79164586697395,106.3306486394579,101.24030610264234,93.76099725607115,82.73257465309968,66.33775694846393,41.652982647224015,3.8306025798124357,0.8763693038778341,0.8763694621342728,3.8306053515778595,41.65300150789399,66.3377884835632,82.73261512647893,93.76104333451501,101.24035523773647,106.33069915654117,109.7916968673143,112.13261395359505,113.70179598812454,114.74096178154244,115.4190564211237,115.85414181802967,116.12816191542132,116.2973025782084,116.39946850622803,116.45974941345285,116.4944096294902,116.51376301934933,116.52420325788474,116.52960261658943,116.5322494519465,116.53345764957632,116.53394848088654,116.53407671701794
116.53442277034414,116.53429454653522,116.53380375373223,116.53259562472583,116.52994889555876,116.52454969331802,116.51410968413892,116.49475663818355,116.46009695739093,116.39981691715751,116.29765243510626,116.12851421425228,115.8544982217035,115.41941959442042,114.74133578567674,113.70218664843026,112.13302901060707,109.79214556331836,106.33119069929278,101.24089533455764,93.76162777395479,82.73321936927628,66.33835282997492,41.65341371272252,3.830689489270583,0.87638576888576,0.876385933103008,3.830692368317534,41.6534332894687,66.33838553337696,82.73326128709957,93.76167540967523,101.24094600988653,106.33124265147673,109.79219784544745,112.13308129763075,113.70223902268,114.74138854715515,115.41947311646142,115.85455285505661,116.12857023411945,116.2977100196497,116.39987614707633,116.46015782658293,116.49481906963877,116.51417354650759,116.52461481498072,116.53001507653096,116.53266264555033,116.53387138204316,116.53436254216618,116.53449088873397
116.53484642196712,116.5347180744234,116.53422691324282,116.53301818056183,116.53037062959632,116.52497041625875,116.51452925382279,116.49517499015091,116.46051415631888,116.40023324085958,116.2980685071705,116.12893120266061,115.85491811524876,115.41984555528227,114.74177253889697,113.70264080419291,112.13350910576521,109.79266145268825,106.33175171873043,101.24150642735506,93.76228258451262,82.73388933991016,66.33897201012122,41.65386137389868,3.8307796513906482,0.8764027848850596,0.8764029553056669,3.8307826422349156,41.65388169654065,66.33900592969523,82.73393275951815,93.76233183621262,101.24155869621951,106.3318051487751,109.79271504606919,112.13356252104782,113.70269413160132,114.74182610089436,115.41989975372016,115.85497333017292,116.12898773542481,116.2981265574487,116.40029290566686,116.46057544149515,116.49523782683578,116.5145935157071,116.52503593481717,116.53043720649143,116.53308559718009,116.53429493757648,116.5347864662749,116.5349149367624
116.53527902136862,116.53515053440434,116.53465895835177,116.53344954598971,116.53080107028367,116.52539972002741,116.51495726213315,116.49560163206509,116.46093950526244,116.40065760600606,116.29849257736959,116.12935625828267,115.85534632219938,115.4202803351485,114.74221897310603,113.70310595849519,112.13400205080947,109.79319259215856,106.33233082821182,101.2421385743848,93.76296092333715,82.73458382692755,66.3396137981957,41.65432509791875,3.8308729458571777,0.87642032149642,0.876420498357124,3.8308760529489834,41.654346195758684,66.33964898083889,82.73462880440624,93.76301184787212,101.24219248742115,106.33238577565727,109.79324752221146,112.13405660430907,113.70316023395569,114.74227331649736,115.42033517860375,115.85540207648566,116.12941325237692,116.29855103359964,116.40071763882985,116.46100113307614,116.49566479482758,116.51502183913799,116.52546554635023,116.53086794990668,116.53351726178464,116.53472727956373,116.53521922180026,116.53534783124572
116.53571926550002,116.5355906211119,116.53509857666712,116.53388839708265,116.53123887798695,116.52583624576538,116.51539232792767,116.49603515861432,116.46137157368453,116.40108855815906,116.29892317008505,116.12978789048407,115.85578134597876,115.42072244420616,114.74267362058137,113.70358068300429,112.13450647278309,109.79373767557716,106.3329267903962,101.24279059852712,93.76366165954475,82.73530174340394,66.34027719874945,41.65480413961591,3.830969209427113,0.8764383405513352,0.8764385240826256,3.830972437126872,41.654826041317875,66.34031369022755,82.73534833306002,93.76371431143619,101.2428462033794,106.33298329074533,109.79379396266083,112.13456216854279,113.70363589413995,114.74272871753277,115.42077789073463,115.85583758498075,116.12984527973555,116.29898195553284,116.40114887228435,116.46143344799988,116.49609854209729,116.5154571060098,116.52590225768743,116.53130593084279,116.53395627645087,116.5351670543597,116.53565946072197,116.53578822624141
116.53616523610447,116.53603641327537,116.53554383776425,116.534332788647,116.53168208762963,116.52627800388561,116.51583243371907,116.4964735217427,116.4618082822846,116.40152398743237,116.29935814826173,116.1302239410129,115.85622101652864,115.42116971350612,114.74313432952933,113.70406286086298,112.13502030677638,109.79429470236839,106.33353767461432,101.24346063764044,93.76438299839009,82.73604138466031,66.34096068992562,41.65529739446499,3.8310682072325237,0.8764567914350029,0.876456981860384,3.831071559780086,41.655320127868215,66.3409985344599,82.73608963862284,93.76443742921411,101.24351797812928,106.33359575869797,109.79435236083657,112.13507714124907,113.70411898609076,114.74319014086042,115.42122570702827,115.85627766821482,116.13028163790833,116.29941716017213,116.40158446478117,116.46187026940271,116.49653697626376,116.51589724741622,116.52634402079215,116.5317491191964,116.5344006250961,116.53561225632076,116.53610518366708,116.53623412418017
116.53661375239537,116.53648472565486,116.53599154367897,116.53477950216713,116.53212745314543,116.52672171505762,116.51627426239041,116.49691336380401,116.46224623219095,116.40196045472261,116.29979403636301,116.130660904658,115.85666180950686,115.42161861346618,114.74359758283207,113.70454900725635,112.13554012020025,109.79486031053942,106.33416020454904,101.24414551528031,93.76512189021308,82.73679989801128,66.34166178786997,41.65580311131247,3.831169576821431,0.8764756020739937,0.8764757996060673,3.8311730582969785,41.65582670312072,66.34170102771861,82.73684986559559,93.76517814788869,101.24420463053076,106.33421989712025,109.79491934717942,112.13559808000953,113.70460601211973,114.74365405287313,115.42167507687856,115.85671877467558,116.1307187870886,116.2998531281315,116.40202092247435,116.46230813110947,116.49697665895373,116.51633885088096,116.52678744637906,116.53219414512213,116.53484695357596,116.53605954243945,116.53655305432441,116.5366821913215
116.53705908063071,116.53692981791298,116.53643593459161,116.53522274647788,116.53256914181033,116.52716149711063,116.51671187668147,116.4973486896759,116.46267936947326,116.40239184999805,116.30022467344551,116.13109257854336,115.85709749258207,115.4220628997069,114.7440571453728,113.70503292159553,112.13605977627192,109.79542845898189,106.33478847112329,101.24483950395818,93.76587287229648,82.73757224647798,66.3423761987524,41.656318334421655,3.831272719657841,0.8764946615273635,0.8764948663651089,3.8312763339330185,41.656342809900124,66.34241687365603,82.73762397340762,93.76593099995364,101.24490042691164,106.33484978888677,109.79548886980963,112.13611883382872,113.70509075262018,114.74411419255418,115.42211972118086,115.85715462590714,116.13115046346348,116.30028361943144,116.40245203447171,116.46274085338612,116.49741144115227,116.51677579596198,116.5272264392213,116.53263493488998,116.53528920487324,116.53650286791726,116.53699703536539,116.53712639256938
116.53749043138572,116.53736088959634,116.53686617753772,116.5356516368109,116.53299620135961,116.52758631809624,116.51713415763464,116.4977682900673,116.46309639580842,116.40280679070135,116.30063860184916,116.13150744320079,115.85751650284405,115.42249098931052,114.74450144476934,113.7055030810229,112.13656784980085,109.79598788179958,106.33541145070917,101.24553194330942,93.76662584244403,82.73834922078817,66.34309619489109,41.65683783668861,3.831376593814924,0.8765137868059625,0.8765139991325317,3.831380344494015,41.6568632192516,66.34313834122109,82.73840274803479,93.76668587683052,101.24559469836423,106.3354743986961,109.79604964689086,112.13662795517843,113.70556165344539,114.74455894404639,115.4225479964228,115.85757357602373,116.13156503596322,116.30069702901257,116.40286622764259,116.46315689726413,116.49782981736959,116.51719660831287,116.52764955253986,116.53306006448821,116.5357159732906,116.53693084011628,116.53742574201384,116.53755534598774
116.53788723141632,116.5377573480215,116.53726162292281,116.53604543361456,116.53338777514054,116.52797518553707,116.51751996625433,116.49815087644991,116.46347587762571,116.4031837091462,116.30101413676213,116.1318837191792,115.85789699527137,115.42288101000938,114.74490863115015,113.70593772357213,112.13704275566293,109.79651729350624,106.336008332951,101.24620276092776,93.76736187636038,82.73911370880184,66.34380757058474,41.65735212171947,3.831479325883515,0.8765326608382448,0.8765328808162435,3.831483216218538,41.657378432347414,66.34385122031846,82.73916907087651,93.76742384525159,101.24626735993691,106.33607289848425,109.79658036732037,112.13710382184274,113.70599689895242,114.7449663802364,115.4229379211116,115.857953627831,116.13194051711633,116.30107139436434,116.40324157278668,116.46353436973514,116.49820993059288,116.51757946423741,116.52803499188788,116.53344776429469,116.53610550843523,116.5373217226883,116.53781744634747,116.53794732633622
116.53821043341996,116.53808011078257,116.53758308596404,116.53636479037705,116.53370430844417,116.52828830466106,116.51782925085668,116.49845613912967,116.46377725870344,116.40348182538266,116.30131030612269,116.13218028342634,115.85819774777312,115.42319170621589,114.74523750276572,113.70629582107283,112.1374438071491,109.79697659056644,106.33653995259964,101.24681426193344,93.76804556592276,82.73983386616871,66.34448407319063,41.65784377075144,3.831577501525543,0.8765507191505394,0.8765509469144012,3.8315815342936723,41.65787102714367,66.34452925235185,82.73989108845097,93.7681094838098,101.24688069737131,106.33660609435145,109.79704088483079,112.13750568323614,113.70635536624934,114.74529516097547,115.42324804045,115.8582532784422,116.13223539768518,116.30136522444796,116.40353660985114,116.46383184754202,116.49851039480895,116.51788301278077,116.52834143741445,116.53375674027676,116.53641653695306,116.53763425688501,116.53813089838616,116.53826108658977
116.53838698525792,116.53825606190277,116.53775726504547,116.53653611360365,116.5338718327024,116.52845127633645,116.51798715640463,116.49860876855142,116.46392480045013,116.40362501632268,116.30145066356164,116.13232044216527,115.85834191225956,115.42334619488228,114.74541130035274,113.70650095868272,112.13769525166018,109.79729114742881,106.33693349985012,101.24729648369672,93.76861135753092,82.74045094430043,66.34507748145835,41.65828093613713,3.8316649020382187,0.876566948141754,0.876567183789216,3.831669079361409,41.658309151483735,66.34512420750013,82.74051003868837,93.76867721844228,101.24736471695408,106.33700112887693,109.79735650076493,112.13775767541479,113.70656047271369,114.74546827823627,115.42340111057989,115.85839516810123,116.13237227513841,116.3015011167201,116.40367395946839,116.46397198489025,116.49865390136048,116.51802998103776,116.52849164823166,116.53390977878789,116.53657186634103,116.53779126554208,116.53828893017513,116.53841946193523
116.53828286935699,116.53815106926662,116.53764969373765,116.53642441173929,116.5337546836231,116.52832766794279,116.51785643975013,116.49847071921685,116.46377970604246,116.40347381979844,116.30129519494058,116.13216376850137,115.85818881946875,115.42320377987204,114.74528958951402,113.70641337016811,112.13765858009317,109.79732458154862,106.33705601038982,101.2475218085562,93.76893987668208,82.74085820174126,66.34550041976343,41.65860607353859,3.831730316529052,0.8765795358341878,0.8765797794112477,3.8317346395907657,41.65863525455204,66.34554869754558,82.74091915959838,93.76900764219869,101.24759175015413,106.33712495774445,109.79739070745528,112.13772109535871,113.70647215670007,114.74534485666386,115.42325579142977,115.85823770989994,116.13220944780075,116.30133733142851,116.4035118859384,116.46381307133333,116.49849877316477,116.51787872689856,116.52834401460284,116.5337652975168,116.53642993625553,116.53765120405788,116.53815000666054,116.53828092036659
116.53765769755225,116.53752454058079,116.53701918608824,116.53578756769076,116.53310955381461,116.52767281621765,116.51719101276149,116.49779449923716,116.4630931776132,116.40277829013475,116.3005930136221,116.13145868618855,115.85748650840597,115.42251250154983,114.74462093043967,113.70578286761133,112.13708592445101,109.79683292431537,106.33666976294366,101.24726225799768,93.7688181086282,82.74086544242253,66.34559746420538,41.65871699993474,3.831753864312106,0.8765852848256493,0.8765855363018252,3.8317583329226994,41.65874714376684,66.34564727966655,82.74092822311214,93.76888768843251,101.24733373474551,106.33673972557699,109.7968993233198,112.13714774202089,113.70583971923115,114.74467268892715,115.422558998094,115.85752733372853,116.13149309724369,116.30061993993668,116.40279642715332,116.4631011511586,116.49779107968355,116.51717535103538,116.52764466816406,116.53306945558046,116.53573692794492,116.53696026975844,116.53746033484202,116.53759167218209
116.53609062310547,116.53595527341065,116.53544350538321,116.53420172432222,116.53151051852794,116.52605844621468,116.51556013864257,116.49614695600367,116.46142982525573,116.40110108392828,116.29890518945298,116.12976512098669,115.85579429603257,115.42083174526459,114.74296568761011,113.70417208420938,112.13554407039773,109.79538990374556,106.3353595714004,101.24611988648091,93.7678745069434,82.74014123327167,66.34509806774874,41.65843603535562,3.831701004708732,0.8765786559698059,0.8765789152038556,3.831705616627512,41.65846712492185,66.34514937788035,82.74020574613067,93.76794572754277,101.24619258853672,106.33543002416596,109.7954557202333,112.13560384011517,113.70422492789474,114.74301083486148,115.42086819660612,115.85582060406426,116.12977930458167,116.29890478419942,116.4010833233086,116.4613919362136,116.49608654051502,116.51547559657557,116.52594937985137,116.53137805014131,116.53404866035059,116.53527429776666,116.53577575957694,116.53590756550845
116.53286342166278,116.53272443698042,116.53220205769512,116.5309435287089,116.52823070954705,116.5227537037049,116.51222879899957,116.49278899803105,116.4580468014892,116.39769609180455,116.29548298412571,116.12633246564009,115.85236062281307,115.4174101586332,114.73957427586514,113.70083541362209,112.13229462458546,109.79226912809294,106.33241815183625,101.243417053298,93.76547671103155,82.73812183832875,66.34354237687292,41.65746137873661,3.83151310126908,0.8765502615380666,0.876550528222945,3.8315178511655437,41.65749337550782,66.34359509455071,82.73818791485286,93.7655492670101,101.243490451359,106.33248820891507,109.79233292400194,112.13235007373312,113.70088074779002,114.73960754839578,115.4174288469865,115.85236137881893,116.12631104606464,116.29543438166448,116.3976148723596,116.45792763497782,116.49262734165922,116.51202165832201,116.5225003656682,116.52793332076332,116.5306073940552,116.53183556445147,116.53233856707986,116.53247088987708
116.52678240847054,116.52663733602552,116.5260972120286,116.52481076095489,116.52206207123574,116.51654392989889,116.5059754558193,116.48649238094723,116.4517097022706,116.39132358702408,116.28908241135392,116.11991374482012,115.84593705342382,115.41099977858467,114.7332018061883,113.69453473164685,112.12611162558568,109.7862647886846,106.32667169313886,101.23802947980691,93.76057595197057,82.7338727044238,66.34016840800832,41.6552931639403,3.8310930826780893,0.8764845740892593,0.8764848476710841,3.8310979606065776,41.65532599733843,66.34022237926254,82.73394005644602,93.76064933281603,101.23810269920953,106.32673989744013,109.78632419797445,112.1261590061117,113.69456676166807,114.73321446258063,115.41098784175065,115.8458938081138,116.11983094025078,116.28895053114678,116.39113245911372,116.45144944127651,116.48615460296861,116.50555464024285,116.51603873940464,116.5214764000752,116.52415428078356,116.52538523699558,116.52588993439859,116.52602282571318
116.51591733264627,116.5157620763132,116.51519230390626,116.51385931038566,116.51105104113824,116.50546489516965,116.49482479965633,116.47527103222008,116.4404226099342,116.37997918729043,116.27769236244548,116.10849319013732,115.83450563996989,115.39958361051778,114.72183645631584,113.68326937600585,112.11501432783606,109.77542901107739,106.31622437790203,101.22814177326472,93.75147923067728,82.72588567591337,66.33374689480242,41.65112523708197,3.8302844862933076,0.876356574782851,0.8763568543462678,3.8302894755128873,41.651158789261174,66.333801866173,82.72595383525814,93.75155261401059,101.22821341059714,106.3162883924406,109.77548023265271,112.115047601525,113.68327873748302,114.72181432490123,115.399520132848,115.83438830658145,116.10830684253345,116.27741969639929,116.3796018237426,116.43992274141598,116.47463355431164,116.49403971607529,116.50452966625548,116.50997246414721,116.51265451291512,116.51388852253272,116.51439507838131,116.51452859317743
116.49723411089973,116.49706196849532,116.49644308362943,116.49503314496351,116.49212666714035,116.4864288577487,116.47567171133957,116.45600301970197,116.42104828333774,116.36051256106981,116.2581521808932,116.08890308822852,115.81489552286453,115.37999258332425,114.70231759168149,113.66389658511997,112.095891641195,109.75670277639847,106.29809944384748,101.21090401188712,93.73552935694097,82.71179424811521,66.3223494278978,41.643693264920586,3.828842127341751,0.8761270545329458,0.8761273386405533,3.828847201297872,41.64372734984297,66.32240500132778,82.71186248282066,93.73560145991505,101.21097187852318,106.29815561865398,109.75673985970677,112.09590132890185,113.66386853367139,114.70223829406932,115.37984444309487,115.81465632514116,116.08854607500679,116.25764693029491,116.35982681865758,116.42015078289285,116.45486715888363,116.47427973032785,116.48477595311985,116.49022431866591,116.49291090816087,116.49414825228456,116.4946568398671,116.4947910365589
116.46610154678322,116.46590178358707,116.46520263797191,116.46366717900361,116.46060091709842,116.4547220585933,116.44377591716116,116.42392253805836,116.38879779356465,116.3281151297485,116.22563791776798,116.05630914150751,115.78226804276639,115.34739122281185,114.66982309119673,113.63162202712996,112.06399812756413,109.72542072130402,106.26775769876056,101.18197119435372,93.70867595915797,82.68799188895976,66.30303775810124,41.63107130442385,3.8263930251873313,0.8757363361470909,0.8757366226331978,3.826398143549591,41.63110564031326,66.30309333147378,82.68805909229192,93.70874484104232,101.18203197422139,106.26780049186554,109.72543460726875,112.06396975796407,113.63153398960738,114.66965226930624,115.34710742468953,115.78183321789051,116.05567754327588,116.22475756870172,116.32693087019088,116.38725601192742,116.42197738656948,116.44139644035886,116.45189927646442,116.45735362052294,116.4600451286041,116.46128610018606,116.46179690251755,116.46193184318447
116.41566289172602,116.41541868695307,116.41459051972045,116.4128536431476,116.40953165028768,116.40336399699048,116.39211759015507,116.3719721140988,116.33657979076547,116.27566696763009,116.17300750973718,116.0035546397309,115.72946073332395,115.29462249844923,114.61721644079519,113.57935112161015,112.01231244381985,109.67468095868554,106.21848497731229,101.13491751762389,93.66493008899802,82.64914697930371,66.27146913798768,41.610413648277316,3.822387323001786,0.8750963478487568,0.8750966335619659,3.8223924267756715,41.61044782339699,66.27152383087406,82.64921153091824,93.66499290325469,101.13496633631625,106.21850622144254,109.6746582610841,112.0122245735978,113.5791695546212,114.61690289306435,115.29412682699618,115.72871971415864,116.00249222042572,116.1715371528325,116.27369659087441,116.334019519622,116.36874457465463,116.38816983408194,116.39867947979567,116.40414016667665,116.40683696681224,116.40808186834158,116.40859507817845,116.40873082867982
116.33608417481304,116.33576973818758,116.33473787859157,116.33268363166538,116.32895981280952,116.32233998211888,116.31062538637484,116.29002657034151,116.25422103940016,116.19295466294551,116.09001678030086,115.92037547651347,115.64620234825063,115.21142409694208,114.53426592295452,113.49691352372523,111.93077059486804,109.5945922060545,106.1406606386342,101.06053722294286,93.59571353549518,82.58762446028881,66.2214261558192,41.57764783535016,3.816041072489422,0.8740812939179792,0.8740815744260906,3.8160460784321324,41.577681268204515,66.22147872315388,82.58768406410816,93.59576623961962,101.06056714023894,106.1406486746257,109.59451376286333,111.93059244186014,113.49659013586607,114.53373571589374,115.21060615992923,115.64499447520016,115.9186544670932,116.08764204277212,116.18977599996623,116.25009105051257,116.28481732530294,116.30424797247748,116.31476439008534,116.3202316991266,116.32293414626737,116.32418328608883,116.3246991057427,116.3248357359971
116.21372467001709,116.21330128704133,116.21195382013943,116.20940893637005,116.20506590177283,116.19775203154504,116.18532211328295,116.16403415899467,116.12760390546497,116.06580611566984,115.96245251715617,115.79253250150575,115.51824559121197,115.08356289160155,114.40678266950718,113.3702073986159,111.80542028922942,109.471443887992,106.0209517118343,100.94607490833337,93.48914307352779,82.4928502944053,66.14430087350868,41.52713900301758,3.8062761723601697,0.8725176718389633,0.8725179411343112,3.8062809672838753,41.52717090047799,66.14434961414987,82.49290180656817,93.48918011835733,100.94607637319251,106.02089045106622,109.47128318340623,111.80510913436702,113.36967496837866,114.4059325601738,115.08226801710848,115.51634496659268,115.78983145407481,115.95872800442041,116.06081864173997,116.12111686572935,116.15584023446212,116.17527464994895,116.18579744493324,116.19127151742016,116.19397992805631,116.19523361475784,116.19575225547693,116.19588983964789
116.03032051088545,116.02973121280596,116.02790379570642,116.02461483898419,116.01933634597991,116.01097890546738,115.9974791324438,115.9751664123642,115.93781285181663,115.87523483745599,115.77127564753194,115.60095459142676,115.32651116661025,114.89198129975547,114.21577113749476,113.18035663225332,111.61758872533622,109.28689013298184,105.84152132815323,100.77447037520646,93.32932923198523,82.3506900045111,66.02859193475386,41.451365087967574,3.791667472418839,0.8701750790131083,0.8701753292743818,3.7916719084756836,41.45139440717934,66.02863460761785,82.35072927420869,93.32934327347442,100.77443071424184,105.84138936458288,109.28661178636177,111.61708739421701,113.17952490061967,114.2144620217649,114.89000031980379,115.32361109082996,115.59683523244692,115.76559136837096,115.86761222754677,115.92788009983893,115.96259409621194,115.98202952023229,115.99255778006801,115.99803854794644,116.00075317218983,116.00201170584847,116.00253338628123,116.0026720026924
115.76232641341147,115.76148885690513,115.75894461224081,115.7545482194351,115.74788413230728,115.73798986960063,115.72292463087688,115.69912257335424,115.66043660684362,115.59674118838055,115.49192260086902,115.32104101387137,115.0463919969449,114.61210438400379,113.93674053921494,112.90302872740632,111.34321012637172,109.01729160283371,105.57939160865723,100.523752365247,93.09581511790984,82.14295354618685,65.85950691925609,41.3406649002007,3.770412637997115,0.8667600718463323,0.8667602933345363,3.770416530535625,41.34069032287882,65.85954068582662,82.1429753051607,93.09579681324861,100.52365541516028,105.57916156600257,109.01685023075277,111.34244504436292,112.90178113942105,113.93479210437577,114.60916504568667,115.04209147711477,115.31492753732607,115.48347295187129,115.5853860478843,115.64560388665915,115.68029887249646,115.69973098356726,115.71026307415579,115.71575016795909,115.71847115208165,115.71973481161308,115.72025975477119,115.72039948573543
115.38061407503031,115.37941097660148,115.37581383749568,115.36979824503153,115.36112079689016,115.34900966333579,115.3317040335034,115.30578794030427,115.265226472126,115.19997205433124,115.09396720118798,114.92232600106723,114.64742078612797,114.21351076881878,113.53937972243124,112.50811467222753,110.95251220154833,108.63341091918794,105.20615145368518,100.1667635307488,92.76332545681834,81.84717846575464,65.61879465474532,41.18314271408979,3.740345606604917,0.8619161207245982,0.8619163019367749,3.740348736609729,41.18316264468686,65.61881607187881,81.84717631161048,92.76326342748467,100.16658955690158,105.20578981303024,108.63275078189399,110.95139269236068,112.506307032824,113.53656795531231,114.20927325998906,114.64121674997465,114.91349193894644,115.08172952091245,115.18348202217344,115.24362216887833,115.27828436668372,115.29770678524866,115.30824010695804,115.31373274287127,115.31646008125689,115.31772910640548,115.31825753396174,115.31839846471593
114.85076555187258,114.84903150141096,114.84391016918457,114.83556506222978,114.82401473550168,114.80877002247803,114.78832899373167,114.75948400350461,114.71635011551118,114.64897958550198,114.54138466583451,114.36874769195107,114.09354326105466,113.66020941831775,112.98783668664618,111.96001033688914,110.41029836832982,108.10069422458517,104.68823518552028,99.67143267989373,92.3020271301707,81.43687072429002,65.28495429683707,40.964827329722056,3.6990171867298858,0.8552331567315224,0.8552332849218316,3.699019309975023,40.96483992920692,65.28495938648939,81.4368372476625,92.30190818167685,99.67115874289415,104.687702872556,108.0997501290809,110.40871798037215,111.95747265122334,112.98389624195573,113.65426908946334,114.08483308373172,114.35631704093572,114.52411671801984,114.6256374360283,114.68566230871122,114.72027275354752,114.73967649589024,114.75020720973826,114.75570405862574,114.7584375347784,114.75971210159229,114.76024422520437,114.76038644164545
114.13420911162478,114.13171142991716,114.12440848572997,114.11275777626943,114.0971760182246,114.07758837035009,114.05285705888816,114.02005436506991,113.97348663973742,113.903326204013,113.79366585433411,113.61977003507499,113.34424565952152,112.91177031416989,112.24184964211466,111.21874436273752,109.67706761471803,107.38037602441466,103.98800207994292,99.001813781782,91.6785051518883,80.8823842699593,64.83396849878615,40.670182580834805,3.643863521344311,0.846269935419045,0.8462699975498832,3.643864385873908,40.670185846948335,64.83395291720046,80.88231136968761,91.67831483352322,99.0014146990568,103.98725607238643,107.37907593650594,109.67490824104252,111.21528713127674,112.23648313214605,112.90367086098153,113.33234503711557,113.60274018160764,113.76993318102365,113.87112924553026,113.93098946427575,113.96552297595328,113.98489590667248,113.99541865159995,114.00091769786033,114.0036568167821,114.00493700691496,114.005473015607,114.00561660093338
113.19040780917818,113.18681651633533,113.17641161916828,113.16011888185251,113.13896281842985,113.11346946184348,113.08300000614545,113.04498696964954,112.99396555591792,112.92023990136255,112.80798648056678,112.63256247743321,112.35674092096725,111.92551267638696,111.25893192692874,110.2421528481554,108.71116932048696,106.43160024116115,103.06580331226841,98.12006895409644,90.85761782475653,80.15258351056544,64.24067616281341,40.28304235525981,3.572471659046008,0.8345910493676342,0.8345910335162969,3.572471031063807,40.283034254440274,64.24063548269558,80.1524629223548,90.85734137620241,98.11951894774053,103.0647994355421,106.42986991059334,108.7083086552295,110.23757876667973,111.2518277594769,111.91477250563472,112.3409215359818,112.60985597875984,112.77623047538171,112.87698473404798,112.93661760828964,112.97104193391516,112.99036829167102,113.0008759280069,113.00637433356323,113.00911825102814,113.01040401630192,113.01094405987183,113.01108908991475
111.98021843547455,111.97505430375777,111.960238317724,111.93746531697983,111.90869659595668,111.87531894046987,111.83735357768126,111.7926689108096,111.73604827428167,111.65791951798744,111.5425310937408,111.36533674137304,111.0893120183257,110.65984805518909,109.99770675236448,108.98919509930731,107.47208508796338,105.21464655576298,101.88312133347407,96.98947485385885,89.80530270340421,79.217349319771,63.48082964649902,39.78799198687057,3.4829298099211763,0.8198177014343861,0.8198175984942336,3.482927505990036,39.787970634318135,63.48075974556968,79.2171733494659,89.80492637608938,96.98874986765288,101.88181822977164,105.21241616027551,107.46840748723388,108.98331638133551,109.98856605845215,110.6460010222967,111.06886139510968,111.33588648777818,111.50118584378576,111.60135566590999,111.66068441651036,111.69495974161238,111.71421983934191,111.7247032676446,111.73019726333887,111.73294472117023,111.73423584588329,111.73478001530756,111.73492655238964
110.47039685597525,110.46293114968952,110.4417813644505,110.40996329865962,110.3709005181127,110.32718880408824,110.2796756854951,110.22670598938466,110.16328666883761,110.07992481945963,109.9609056831342,109.78177309542023,109.50574333197753,109.07870784070197,108.42232018749212,107.42433794837682,105.92476442287976,103.6951885254599,100.40670825825718,95.57837981009214,88.49226244648885,78.05086083234966,62.533773885356815,39.17214160055312,3.3742203145022502,0.8016875649753048,0.8016873703806171,3.3742162350140665,39.17210547356015,62.53367141140598,78.05062323699546,88.49177509974379,95.57746032815457,100.40507225584201,103.69240090145439,105.9201745163404,107.41699833660738,108.41089160294977,109.06135689830624,109.48004549369048,109.74464025247777,109.90856517005132,110.0079834137072,110.0669175534098,110.10099661063681,110.12016682983075,110.13061494518777,110.1360997780196,110.13884905825329,110.14014512494467,110.14069343169105,110.14084151768236
108.63906823086816,108.62810480394558,108.59765065292878,108.55312395019403,108.50025164317466,108.4432606150507,108.38393232825078,108.32103337218848,108.24968671445366,108.16037785364993,108.03736266485289,107.85625711813987,107.58055884512478,107.15677251307469,106.50764911261534,105.52272577446034,104.0447330619695,101.8493056481812,98.61345125368906,93.86484904234167,86.89828238587751,76.63542677454664,61.385553944972834,38.42714674690207,3.246583793214089,0.7801151219206813,0.7801148369793631,3.246577949766848,38.42709490376665,61.38541679939144,76.63512368352832,86.89767716514484,93.86372307110625,98.6114615590743,101.84592515499992,104.03917058757783,105.51382487054671,106.49376786789104,107.13565120693245,107.5491889613644,107.8107734302739,107.97298926173548,108.07146813409435,108.12990542243985,108.16373442823483,108.1827876311269,108.19318747733988,108.19865744627431,108.20140635950763,108.20270672528778,108.20325908222928,108.20340873156657
106.48189175206522,106.46522723710248,106.42055427109307,106.35793689104896,106.28669263066887,106.21305005146296,106.13961832656211,106.0653325337197,105.98519110640106,105.88948450943073,105.76234177199849,105.57942612876151,105.30456348090155,104.88499766237875,104.2447994954272,103.27563374532099,101.82347598240035,99.66875917327857,96.49548712544144,91.84153924329074,85.01674984578864,74.96547918106847,60.03212732071847,37.551246880965316,3.101766106148372,0.7552412515447647,0.7552408839759988,3.1017586348625437,37.55117914824161,60.03195508095467,74.96510990614152,85.0160256655225,91.84020496693464,96.49314049143082,99.66477975787961,101.8169294755999,103.26514984338385,104.22842484538067,104.86003043528154,105.26738333947172,105.52534234341907,105.68549246926604,105.78283083462328,105.84066113531955,105.87418174321557,105.89308820844857,105.90342538954825,105.90887400043427,105.91161992459145,105.9129237161021,105.9134799240691,105.91363111775034
104.01884886924233,103.99172899853242,103.92404300238039,103.83526519982003,103.73993278868862,103.6461444714659,103.55669850206813,103.47010319597291,103.380820311416,103.27870457527825,103.1476462072689,102.96333877192235,102.689997996082,102.27574652313845,101.64620634038545,100.69551979106828,99.27341806545743,97.16586668758087,94.06491976552142,89.5201843292114,82.85879893815338,73.05121530604488,58.482258696640194,36.551036213357435,2.943068570666243,0.7274610164557749,0.7274605798524072,2.943059725524182,36.55095330138308,58.482052888363114,73.0507828673037,82.85796145330508,89.51865186932388,94.06223363567129,97.161317424839,99.26593448870412,100.68352639104508,101.62744952118707,102.2470954725371,102.64723330032803,102.90095095974485,103.05867653184255,103.15467088409041,103.21178207267259,103.24493443912398,103.26366338091108,103.27392276697738,103.27934302838227,103.28208301102092,103.28338914541494,103.28394888907481,103.28410157080904
101.30277230535485,101.25278270167621,101.14519244310317,101.0183181903566,100.892464215335,100.77574466313135,100.66946725180532,100.57066874410275,100.47272402436009,100.36480198963945,100.23047328216393,100.04548054575369,99.77451789954,99.36674011154201,98.74954958608033,97.81989564827995,96.43173262481349,94.37722094790975,91.35740897264974,86.93499518434132,80.45643443385282,70.92131633866018,56.759637083703026,35.442673603195985,2.775161640046367,0.697422196098496,0.6974217083427686,2.775151765132832,35.44257711467829,56.75940122144607,70.92082755055934,80.45549620844375,86.93328693553076,91.3544221551629,94.37216739206923,96.42342005523788,97.80656673629554,98.72868405275578,99.3348245781217,99.7267952796623,99.97569918492769,100.13066467481332,100.2251235054649,100.28140930801344,100.31413622461189,100.33265788254742,100.3428246106054,100.34820947643436,100.35094040662608,100.35224764352172,100.35281049952141,100.35296457507305
98.43562904075787,98.32340426785669,98.1425129536683,97.96178592194882,97.80040087513125,97.66047748185824,97.53874182960458,97.429451796507,97.32442496297254,97.21202774576463,97.0755388231102,96.89084017635696,96.62323144022038,96.22306275696234,95.61972862845234,94.71326709723594,93.36223898920414,91.36553052501186,88.43393235518735,84.1443106101039,77.86402410172809,68.62420934780704,54.90379651290441,34.25228609318893,2.603683906976741,0.665993322144166,0.6659928030690919,2.603673392392553,34.25217840604513,54.90353586092014,68.62367436616181,77.86300378840706,84.14245980320132,88.43070258719052,91.36007071526227,93.3532602879646,94.69886749826225,95.59717604756771,96.18854029533489,96.57155521974582,96.81516747760082,96.96709046893994,97.05985118386413,97.11522050336448,97.14747237285756,97.16576056698935,97.17582129081966,97.1811642323554,97.18388307729428,97.1851901016645,97.1857555602039,97.18591090057102
95.61902922130267,95.29735849948402,94.98340305889442,94.73670852821945,94.54231546992035,94.38447423095437,94.25207947193283,94.13602686765574,94.02668073820608,93.91183315366052,93.77468746225608,93.59145139566704,93.32819605669646,92.93662800051992,92.34830678077009,91.46656253366817,90.15481874966973,88.21902652856689,85.38018554938816,81.22999500759829,75.15769917812847,66.22747712488483,52.969542211698766,33.01541646807117,2.4347091201514033,0.6342066302929961,0.634206099128901,2.434698351163085,33.01530049565903,52.96926326488321,66.22690845161092,75.15661969360185,81.22804246336821,85.37678386297051,88.21328143217183,90.14537571761859,91.45142223687158,92.32459639788148,92.90033167463808,93.27385418011107,93.5118449233931,93.66052760579262,93.75147456513069,93.8058615203516,93.83760176906824,93.85563671443576,93.86558100497325,93.87087666832505,93.87358075733752,93.87488628763477,93.87545378613827,93.87561023418876
93.35667500924367,92.20433791185712,91.71272794758083,91.42434330544947,91.21845202742043,91.05645474377168,90.92197515062102,90.80464721699586,90.69460494540276,90.57975945350641,90.44365131499845,90.26307743228023,90.005061699589,89.6228015945988,89.05012932396218,88.19376030997441,86.9220688851212,85.04816354036534,82.30336226587968,78.29434293625994,72.43244967882843,63.8152414285916,51.02476591804521,31.775488298929243,2.2741979415499185,0.6031860389957993,0.6031855121476105,2.274187252035143,31.775367156952775,51.024475660076476,63.81465248148026,72.43133557423366,78.29233235882691,82.29986474835673,85.04226292177479,86.91237849445025,88.17823523136009,89.02583433895191,89.5856385516503,89.94946663573877,90.1817043516148,90.32706340126244,90.4161451887776,90.46951881459901,90.50072917653414,90.51850026432471,90.52832201539047,90.53356689632379,90.53625422308386,90.53755713380419,90.5381260997183,90.53828347984336
0.0,88.53039135664436,88.32930923488382,88.1286550304213,87.95558325235169,87.80849836421486,87.68181930562294,87.56901284383906,87.46192543313482,87.34946688298302,87.21597082582997,87.0390803498404,86.78691906984334,86.41424892997043,85.85718829634489,85.02579203107531,83.7932720806768,81.97969772316095,79.32639947212395,75.45457794945432,69.79700383663739,61.483610829409095,49.146744189891066,30.58138737162241,2.1275442470748587,0.5740715832716851,0.5740710727928527,2.1275338858519057,30.58126400202658,49.146449241392006,61.48301429332594,69.79587825743178,75.4525504688955,79.32287767268159,81.97376359691089,83.78353844101667,85.01021730712516,85.83284922959669,86.3770763392799,86.7314091440439,86.95800162162799,87.10009277699511,87.18733655898131,87.23970896283686,87.27039397671568,87.28790217449323,87.29760083759955,87.30279388938982,87.30546339499386,87.30676283912226,87.30733273715522,87.3074908672015
0.0,85.28036084513475,85.18150158387563,85.04956393547896,84.91591845045872,84.79151587144678,84.67837793215533,84.57402329370682,84.47254057719995,84.36423309744535,84.23447781871226,84.06190588617082,83.81579747335584,83.45245806513698,82.91018765962033,82.10217517466852,80.9061347757749,79.14858669405929,76.58012206539941,72.83536363879041,67.36688415180177,59.334546886469774,47.41721474340832,29.484365246602152,1.9992839711366848,0.5479498756384237,0.5479493885418716,1.999274085209404,29.484242062268716,47.41692054527371,59.333953129583605,67.36576591509015,72.83335255595061,76.57663373669592,79.14271731195691,80.89652191097224,82.08681961471284,82.8862372414741,83.41596078177449,83.76143948890464,83.98275951080214,84.121793296259,84.20731418566679,84.25874596988653,84.28893602950198,84.30619554688636,84.31577701277227,84.32092009755769,84.32357189341265,84.32486740780342,84.32543778542757,84.32559648924597
0.0,82.50891278796337,82.45174680701089,82.36213569941815,82.2603399151722,82.15781678866364,82.05931491970045,81.96476348778081,81.87001555164478,81.76666152314142,81.64110908655135,81.4729607692153,81.23259166083798,80.8777172203971,80.34858493531955,79.56114574469184,78.39705464598276,76.68845859985709,74.19401249222354,70.56001903783832,65.25628216543231,57.4687157161222,45.916684747349365,28.534546259991437,1.8929793019879462,0.5257965351117534,0.5257960734330109,1.8929699359556043,28.534424874502122,45.9163949305039,57.468131566268845,65.25518350312716,70.55804576712029,74.19059443855865,76.6827160704072,78.38766542902707,79.54617656953366,80.32528996936678,80.84231324685835,81.18002901179068,81.39672015769186,81.533065912422,81.61706964125725,81.6676716066714,81.69742401040946,81.71446292789481,81.72393989561077,81.72903799830092,81.73167348905068,81.73296506365715,81.73353558654847,81.73369470490864
0.0,80.31379444229209,80.27589080520232,80.21099594356431,80.13137928902071,80.04614647921913,79.96027271503678,79.8746908766889,79.78632381452864,79.68770895597294,79.5660930939088,79.40189845854198,79.16642060311274,78.81854111893863,78.30009561955906,77.52926725727815,76.39087972257461,74.721591905803,72.28651617128061,68.74130383576082,63.56955016910523,55.97802324129841,44.71851954147906,27.77735857037203,1.8112453478907673,0.5084327334751084,0.5084322948838423,1.8112364556609988,27.7772396642994,44.71823560702483,55.97745136556083,63.56847558750847,68.73937586008743,72.28318064932672,74.71599596985058,76.38174529947824,77.51473244719755,78.27752805382053,78.78433508926896,79.11580003157793,79.3287599964811,79.46293656328331,79.54571445186664,79.5956449793358,79.62504262972547,79.64190229436252,79.65129402038815,79.65635516749491,79.65897704354417,79.66026513836407,79.66083560757505,79.66099500496959
0.0,78.78986668350585,78.76132591473207,78.71009551649,78.64414369316259,78.5704894057637,78.49360422251787,78.41468610557544,78.33119162663115,78.2362392913674,78.11764552259638,77.95641408905563,77.72449980734426,77.38161498291691,76.87071790134877,76.11156076166131,74.99118686279387,73.34940955117199,70.95585153319755,67.47269142235287,62.39315351087318,54.938568188101094,43.88338259564492,27.250213216550613,1.7558626514707065,0.49649512998666695,0.49649470872750634,1.7558541155438983,27.2500965677652,43.88310397390208,54.93800721036991,62.39210001627675,67.47080270863235,70.9525869924623,73.34393886980527,74.9822688545821,76.09739278495574,76.84876113903678,77.34840896645865,77.67549036959878,77.88583174576274,78.01848470263872,78.10040080666782,78.14985881991805,78.1790065025313,78.19573964201848,78.20507103705448,78.21010589896528,78.21271798441843,78.21400348562756,78.21457383223668,78.21473339808584
0.0,78.00881932849627,77.98420740393661,77.93908417782902,77.87960443811744,77.81169745967274,77.73943567214542,77.66403451982455,77.58315633889163,77.49018770697907,77.37322844118836,77.21358155297217,76.98354459096483,76.64326138977438,76.13627134474984,75.38313632885134,74.27204275526333,72.64442669968513,70.27222977054382,66.8209857149633,61.78886821506364,54.40469342444501,43.454553302921326,26.97972646518273,1.7279166766908671,0.49041686655699823,0.49041645454857885,1.7279083310858832,26.97961114051438,43.45427778808745,54.40413877504336,61.78782689355907,66.81911956654973,70.26900588535398,72.63902755081583,74.26324800923824,75.36917673770822,76.11466062493007,76.61062030324665,76.93544248480912,77.14443364529659,77.27630059821213,77.35777188271993,77.40698585255441,77.43600433454179,77.45267200947902,77.46197213889083,77.46699333932432,77.46960030370421,77.47088442091157,77.47145467818427,77.47161432244087
0.0,78.00881932849504,77.98420740392945,77.93908417782816,77.8796044381209,77.81169745960997,77.73943567197387,77.66403451988383,77.58315633895154,77.49018770700602,77.37322844125202,77.21358155301705,76.98354459096429,76.64326138976404,76.13627134472796,75.38313632882829,74.27204275524669,72.64442669968298,70.27222977054323,66.82098571496986,61.788868215069144,54.404693424440566,43.45455330291488,26.97972646517616,1.7279166766906304,0.4904168665571308,0.4904164545486566,1.7279083310855452,26.97961114051225,43.45427778808123,54.40413877503911,61.78782689356052,66.81911956655915,70.26900588536492,72.63902755083062,74.26324800925015,75.36917673771951,76.11466062493602,76.61062030325081,76.93544248480677,77.14443364529356,77.27630059821252,77.35777188273079,77.40698585256119,77.43600433454282,77.4526720094668,77.46197213887976,77.4669933393156,77.46960030369719,77.47088442090822,77.47145467821879,77.4716143224418
0.0,78.78986668349738,78.7613259147191,78.71009551646132,78.64414369307967,78.57048940549117,78.49360422239191,78.41468610563759,78.33119162683283,78.23623929145192,78.11764552259152,77.95641408912995,77.72449980743704,77.38161498298668,76.87071790135127,76.11156076160178,74.99118686272203,73.34940955110527,70.95585153314187,67.47269142232744,62.39315351086696,54.93856818810333,43.883382595647,27.25021321654876,1.7558626514708624,0.4964951299870518,0.49649470872777646,1.7558541155433782,27.250096567759382,43.88310397387842,54.93800721034447,62.392100016262546,67.47080270863023,70.95258699246813,73.34393886982052,74.98226885459907,76.09739278497575,76.84876113904895,77.3484089664635,77.67549036960008,77.88583174576625,78.01848470265128,78.10040080671271,78.14985881994974,78.17900650254236,78.19573964200346,78.20507103703832,78.2101058989397,78.21271798440992,78.21400348563444,78.21457383230639,78.21473339809563
0.0,80.31379444226539,80.27589080516243,80.21099594342965,80.13137928870717,80.04614647900429,79.96027271507836,79.87469087675802,79.78632381466245,79.68770895611645,79.56609309400733,79.40189845854765,79.16642060308936,78.81854111898643,78.30009561962454,77.5292672572943,76.39087972253397,74.72159190574429,72.28651617120434,68.74130383570288,63.56955016906133,55.97802324126966,44.71851954146018,27.77735857036383,1.8112453478906767,0.5084327334754674,0.508432294884195,1.811236455661182,27.777239664299604,44.71823560700282,55.977451365528644,63.56847558748838,68.7393758600789,72.28318064932664,74.71599596986088,76.3817452994912,77.51473244720758,78.27752805382389,78.78433508926318,79.11580003157994,79.32875999649292,79.46293656331865,79.54571445194681,79.59564497940207,79.62504262974733,79.64190229436126,79.65129402039169,79.65635516747479,79.65897704354725,79.66026513838516,79.66083560762502,79.66099500500391
0.0,82.50891278787228,82.45174680683255,82.36213569899816,82.2603399150097,82.15781678876237,82.05931491979425,81.96476348781717,81.87001555163305,81.7666615232188,81.64110908665748,81.47296076921877,81.23259166084065,80.87771722038899,80.34858493534662,79.56114574475886,78.3970546460207,76.68845859984197,74.19401249216412,70.56001903776703,65.25628216536155,57.468715716065866,45.916684747305844,28.534546259968682,1.8929793019864012,0.5257965351117816,0.5257960734331373,1.8929699359563061,28.534424874505476,45.91639493049982,57.46813156626261,65.2551835031363,70.5580457671433,74.1905944385812,76.68271607043812,78.38766542905648,79.54617656954288,80.32528996935687,80.842313246847,81.18002901178684,81.39672015771025,81.53306591247295,81.61706964132557,81.66767160674411,81.6974240104292,81.71446292789224,81.72393989562347,81.72903799830493,81.73167348904232,81.7329650636579,81.7335355865572,81.73369470493995
0.0,85.2803608448974,85.18150158344416,85.04956393524505,84.91591845051116,84.79151587156974,84.67837793221894,84.57402329374602,84.4725405771914,84.36423309742719,84.23447781872171,84.0619058862373,83.81579747333241,83.45245806514869,82.91018765958948,82.10217517463174,80.9061347758068,79.14858669412628,76.58012206544755,72.83536363875096,67.36688415171581,59.334546886383116,47.417214743345966,29.48436524657118,1.999283971134112,0.547949875638012,0.5479493885416519,1.9992740852100725,29.48424206227651,47.41692054529626,59.33395312962332,67.36576591514134,72.83335255600106,76.57663373673837,79.14271731198679,80.89652191099341,82.0868196147144,82.88623724145711,83.41596078176524,83.76143948890558,83.98275951083977,84.12179329631988,84.20731418570217,84.25874596992594,84.28893602953175,84.30619554690003,84.315777012773,84.32092009756536,84.32357189337343,84.3248674077601,84.32543778538576,84.32559648921902
0.0,88.53039135630277,88.32930923465258,88.12865503050759,87.95558325253485,87.80849836432932,87.68181930568632,87.56901284385363,87.461925433097,87.34946688288282,87.21597082572994,87.03908034978913,86.78691906992134,86.41424892990668,85.85718829634575,85.02579203110467,83.79327208064649,81.97969772313739,79.32639947217683,75.45457794951427,69.79700383665585,61.4836108293769,49.14674418984087,30.58138737158442,2.1275442470702695,0.5740715832705846,0.5740710727919865,2.127533885850964,30.581264002029222,49.14644924142576,61.48301429340033,69.79587825752799,75.45255046898632,79.322877672757,81.97376359695014,83.78353844103185,85.01021730712306,85.83284922958445,86.37707633926036,86.73140914404034,86.95800162165526,87.10009277704107,87.18733655900601,87.23970896283136,87.27039397675792,87.28790217454207,87.29760083760117,87.3027938893882,87.30546339494657,87.30676283904302,87.3073327370695,87.30749086714532
93.35667501396424,92.20433791280084,91.7127279478364,91.42434330559934,91.21845202748867,91.05645474380935,90.92197515063738,90.80464721697435,90.69460494532811,90.57975945341292,90.44365131486016,90.26307743220045,90.00506169954794,89.62280159466559,89.05012932393568,88.19376030996094,86.92206888516783,85.04816354038738,82.30336226585943,78.29434293624725,72.43244967885232,63.81524142861782,51.02476591804048,31.77548829890808,2.2741979415460163,0.603186038994377,0.6031855121463053,2.2741872520332604,31.775367156945915,51.02447566009399,63.81465248153068,72.43133557431263,78.29233235891598,82.29986474843828,85.04226292183534,86.9123784944958,88.17823523139852,89.02583433898226,89.58563855165569,89.94946663575156,90.18170435163489,90.32706340127905,90.41614518878077,90.46951881457288,90.50072917654707,90.51850026436658,90.52832201539552,90.53356689629814,90.53625422302169,90.53755713371035,90.53812609962938,90.53828347981054
95.61902922242632,95.29735849999906,94.9834030592065,94.73670852831235,94.5423154699408,94.3844742309817,94.25207947195214,94.13602686765566,94.02668073818263,93.91183315362152,93.77468746219252,93.59145139558993,93.32819605662313,92.93662800052017,92.34830678080786,91.46656253368711,90.15481874969927,88.21902652860022,85.38018554939865,81.22999500754715,75.15769917806227,66.22747712487681,52.96954221173014,33.015416468083586,2.4347091201517026,0.6342066302920826,0.6342060991275538,2.43469835115951,33.015300495646585,52.96926326489072,66.22690845164898,75.15661969365858,81.22804246343252,85.37678386302724,88.21328143221776,90.14537571766782,91.45142223694238,92.3245963979557,92.90033167469296,93.27385418016054,93.51184492344007,93.66052760581293,93.7514745651185,93.80586152036086,93.83760176906208,93.85563671444473,93.86558100495745,93.8708766682585,93.87358075725491,93.8748862875547,93.87545378605421,93.87561023414086
98.4356290412167,98.32340426814788,98.1425129538,97.96178592203918,97.80040087516912,97.66047748185917,97.53874182961607,97.4294517965323,97.32442496300246,97.21202774576558,97.07553882313326,96.89084017631184,96.62323144019373,96.22306275690212,95.61972862849315,94.71326709726488,93.36223898918688,91.36553052502958,88.43393235517112,84.14431061011791,77.86402410170552,68.6242093477215,54.90379651284406,34.25228609318569,2.6036839069793647,0.6659933221451938,0.665992803069094,2.6036733923887754,34.2521784060116,54.90353586087859,68.62367436614635,77.86300378842105,84.1424598032386,88.43070258724045,91.36007071532379,93.35326028803495,94.69886749836142,95.59717604767201,96.18854029542513,96.57155521981626,96.81516747764852,96.96709046897077,97.0598511838649,97.11522050339197,97.14747237286485,97.1657605669676,97.17582129078404,97.18116423227121,97.1838830772237,97.18519010160544,97.18575556010693,97.18591090047326
101.30277230550813,101.25278270172502,101.1451924431478,101.01831819038817,100.89246421539434,100.77574466313537,100.66946725180013,100.5706687441442,100.47272402442488,100.36480198967206,100.23047328221897,100.04548054576985,99.77451789954723,99.36674011153612,98.74954958605728,97.8198956482781,96.4317326247959,94.3772209478575,91.3574089726522,86.93499518429581,80.45643443381942,70.92131633866076,56.7596370836783,35.442673603155235,2.775161640042661,0.6974221960995711,0.6974217083442741,2.7751517651342956,35.44257711466855,56.75940122140083,70.92082755048773,80.45549620837886,86.93328693549392,91.35442215517325,94.37216739213412,96.42342005532849,97.80656673641059,98.72868405286684,99.33482457822555,99.72679527974111,99.97569918497364,100.13066467485497,100.22512350550717,100.28140930803814,100.31413622464012,100.33265788249719,100.34282461056426,100.34820947635232,100.35094040656163,100.3522476434516,100.35281049940929,100.35296457492724
104.01884886930874,103.99172899856953,103.92404300237129,103.8352651998554,103.73993278871009,103.64614447150967,103.55669850208417,103.47010319602082,103.38082031149665,103.27870457534284,103.14764620734273,102.96333877201162,102.68999799613259,102.27574652320817,101.64620634036382,100.69551979101898,99.27341806541996,97.16586668754175,94.06491976541356,89.5201843292239,82.8587989381819,73.0512153060116,58.4822586966199,36.55103621335804,2.943068570665563,0.7274610164556012,0.7274605798533001,2.943059725532245,36.55095330143272,58.48205288838355,73.05078286725562,82.8579614531976,89.51865186922613,94.0622336356302,97.16131742487994,99.2659344888089,100.68352639115969,101.62744952129391,102.24709547262405,102.64723330037569,102.90095095977655,103.05867653186564,103.15467088415248,103.21178207271447,103.24493443915512,103.26366338087233,103.2739227669511,103.27934302834122,103.28208301097477,103.2833891453266,103.28394888895363,103.28410157063774
106.48189175209423,106.46522723716856,106.42055427114852,106.35793689105604,106.28669263069757,106.21305005149188,106.13961832662443,106.06533253374695,105.98519110645576,105.88948450950535,105.76234177207675,105.57942612891101,105.30456348102767,104.88499766247178,104.24479949545294,103.275633745243,101.82347598233326,99.66875917321883,96.4954871254204,91.84153924327504,85.01674984578456,74.96547918110056,60.032127320717045,37.55124688096489,3.1017661061491997,0.7552412515449364,0.7552408839760361,3.101758634867827,37.551179148293045,60.031955081050064,74.9651099062085,85.01602566551834,91.84020496687637,96.49314049136399,99.6647797578557,101.81692947563958,103.26514984343683,104.22842484547296,104.86003043537406,105.26738333953337,105.52534234346807,105.68549246928836,105.78283083466903,105.84066113534841,105.87418174320179,105.89308820844057,105.90342538951978,105.90887400043425,105.91161992457339,105.91292371602813,105.91347992396076,105.91363111761281
108.63906823089047,108.6281048039757,108.59765065302678,108.553123950258,108.50025164318866,108.44326061509892,108.38393232829793,108.32103337223572,108.24968671447724,108.16037785371331,108.03736266491812,107.85625711829047,107.58055884530441,107.15677251316853,106.50764911266532,105.52272577443154,104.04473306190725,101.8493056481302,98.6134512537368,93.86484904231153,86.89828238589479,76.6354267745595,61.38555394499043,38.4271467469108,3.2465837932163644,0.7801151219210768,0.7801148369803451,3.2465779497711527,38.427094903785736,61.38541679943085,76.63512368360611,86.8976771652557,93.86372307119757,98.61146155912911,101.84592515500886,104.03917058755714,105.5138248705179,106.49376786788311,107.13565120696336,107.54918896141201,107.81077343032295,107.9729892617899,108.07146813414502,108.12990542247955,108.16373442822741,108.18278763114758,108.19318747730213,108.19865744626577,108.20140635950601,108.20270672524458,108.20325908211696,108.20340873143866
110.4703968560422,110.46293114972082,110.4417813645195,110.40996329878257,110.37090051819877,110.32718880410512,110.27967568551864,110.22670598938686,110.16328666888963,110.07992481953617,109.96090568321632,109.78177309553841,109.50574333212144,109.07870784079226,108.42232018753627,107.42433794843424,105.92476442286032,103.69518852546567,100.40670825824844,95.5783798101549,88.49226244648231,78.05086083236627,62.53377388536379,39.17214160056591,3.3742203145076535,0.801687564976334,0.8016873703815254,3.3742162350192872,39.17210547359447,62.533671411445276,78.05062323705401,88.49177509983821,95.57746032829893,100.40507225598128,103.69240090153177,105.92017451634176,107.41699833658546,108.41089160290879,109.06135689829657,109.48004549370373,109.74464025248561,109.9085651700899,110.00798341372509,110.06691755343138,110.10099661065301,110.12016682986967,110.13061494519057,110.13609977800492,110.13884905826258,110.14014512491562,110.14069343157726,110.14084151753954
111.98021843556897,111.97505430384159,111.96023831778805,111.93746531706034,111.90869659607584,111.87531894052792,111.8373535776755,111.79266891081035,111.73604827431676,111.65791951811444,111.54253109385805,111.36533674146624,111.0893120184035,110.65984805527103,109.99770675241982,108.98919509940337,107.47208508801874,105.21464655579724,101.88312133346963,96.98947485389115,89.80530270343502,79.21734931975985,63.48082964652128,39.787991986892465,3.482929809927153,0.8198177014360489,0.8198175984957032,3.482927505995609,39.78797063435441,63.48075974564291,79.21717334954721,89.80492637616685,96.98874986774368,101.8818182298918,105.21241616038124,107.46840748730312,108.98331638137097,109.98856605845565,110.64600102228422,111.06886139510897,111.3358864877689,111.50118584379935,111.60135566589166,111.66068441648667,111.69495974161211,111.71421983936531,111.72470326766488,111.73019726334077,111.73294472115411,111.73423584585456,111.73478001522307,111.73492655226026
113.19040780926896,113.18681651643963,113.17641161926778,113.1601188818776,113.13896281847155,113.11346946191031,113.08300000619292,113.0449869696737,112.99396555598366,112.92023990148915,112.80798648073453,112.63256247750819,112.35674092100648,111.92551267646803,111.25893192702902,110.24215284825229,108.71116932060959,106.43160024120274,103.0658033122934,98.12006895407045,90.85761782476594,80.15258351058108,64.24067616282917,40.283042355282205,3.5724716590543864,0.834591049369822,0.8345910335181073,3.5724710310707724,40.283034254471715,64.24063548274735,80.1524629224564,90.85734137633509,98.1195189478297,103.0647994355731,106.42986991059753,108.70830865528261,110.23757876678572,111.25182775961379,111.91477250573021,112.34092153602745,112.60985597875643,112.77623047534384,112.87698473398127,112.93661760820643,112.97104193386107,112.99036829164574,113.00087592801269,113.0063743335892,113.00911825097559,113.01040401627895,113.01094405981655,113.0110890898177
114.1342091116684,114.13171142997875,114.12440848581461,114.11275777631042,114.09717601819767,114.07758837035948,114.05285705896955,114.02005436517693,113.97348663983026,113.90332620414118,113.7936658544962,113.61977003518847,113.34424565957056,112.91177031421944,112.24184964225105,111.21874436285533,109.67706761485574,107.38037602448453,103.98800207996247,99.00181378175364,91.67850515185337,80.88238426999273,64.83396849882561,40.67018258085694,3.643863521351222,0.8462699354206025,0.8462699975516289,3.6438643858807476,40.67018584698135,64.83395291726562,80.88231136974858,91.678314833582,99.0014146991305,103.98725607245348,107.37907593654522,109.6749082410612,111.21528713132507,112.23648313228844,112.90367086114959,113.33234503725403,113.60274018168462,113.76993318098872,113.8711292454458,113.93098946415307,113.9655229758581,113.98489590658095,113.99541865155396,114.000917697834,114.00365681670446,114.00493700686582,114.00547301558028,114.00561660089282
114.85076555189293,114.84903150139898,114.8439101691924,114.8355650622353,114.8240147355063,114.80877002247604,114.78832899381223,114.75948400367834,114.71635011564639,114.64897958560714,114.54138466595998,114.36874769208231,114.09354326116214,113.66020941841008,112.9878366867635,111.96001033699717,110.41029836844815,108.10069422466812,104.68823518553842,99.671432679889,92.30202713017076,81.43687072431663,65.28495429689787,40.964827329777044,3.6990171867346575,0.855233156732869,0.855233284923024,3.6990193099831354,40.9648399292421,65.28495938651594,81.43683724771505,92.30190818173895,99.67115874292321,104.6877028725695,108.09975012913746,110.4087179804619,111.95747265130605,112.98389624203182,113.65426908956798,114.08483308385387,114.35631704107217,114.524116718055,114.62563743598447,114.68566230860868,114.72027275343274,114.7396764957447,114.75020720961932,114.75570405853045,114.75843753469948,114.75971210149986,114.76024422517528,114.76038644162979
115.3806140750402,115.37941097655813,115.3758138374267,115.36979824501081,115.36112079694205,115.34900966341088,115.33170403360376,115.30578794045365,115.26522647227468,115.19997205443327,115.09396720127705,114.92232600118392,114.647420786266,114.21351076895802,113.53937972256355,112.50811467233802,110.95251220161366,108.63341091924681,105.20615145372302,100.16676353076103,92.76332545687923,81.84717846581641,65.61879465482205,41.18314271413265,3.7403456066102807,0.8619161207244683,0.8619163019377386,3.7403487366145143,41.18316264470427,65.61881607193668,81.84717631165205,92.76326342747723,100.16658955689948,105.20578981305327,108.63275078195439,110.95139269245517,112.5063070329553,113.53656795538707,114.20927326004653,114.641216749988,114.91349193899505,115.08172952096527,115.18348202222977,115.24362216889152,115.27828436660563,115.29770678510414,115.30824010677668,115.31373274268175,115.31646008112237,115.3177291063027,115.31825753390258,115.31839846473707
115.76232641343974,115.76148885687141,115.7589446121772,115.75454821944126,115.74788413239386,115.73798986977769,115.72292463101994,115.69912257345688,115.66043660693855,115.59674118848011,115.49192260096757,115.32104101395525,115.04639199708323,114.61210438414189,113.93674053934959,112.90302872752495,111.3432101264183,109.01729160287496,105.57939160870936,100.52375236531982,93.09581511800343,82.14295354629238,65.85950691931788,41.34066490023717,3.7704126380009475,0.8667600718465547,0.8667602933344474,3.770416530541204,41.34069032291655,65.85954068583327,82.14297530516073,93.09579681326973,100.52365541514183,105.57916156599661,109.0168502308096,111.34244504443676,112.90178113950913,113.93479210444141,114.60916504574598,115.04209147714617,115.31492753729239,115.48347295186632,115.58538604792531,115.64560388671043,115.68029887249679,115.69973098350182,115.71026307402794,115.71575016775483,115.7184711518931,115.71973481148194,115.72025975466181,115.72039948572385
116.03032051087223,116.0297312127852,116.02790379572271,116.02461483903983,116.01933634613223,116.01097890565532,115.99747913260775,115.9751664124658,115.93781285188479,115.87523483751612,115.77127564761733,115.60095459153872,115.32651116671848,114.89198129986549,114.21577113757452,113.18035663236171,111.61758872539558,109.28689013305797,105.841521328231,100.77447037532966,93.32932923210873,82.35069000462813,66.0285919348188,41.451365087988805,3.791667472421807,0.8701750790136352,0.8701753292747635,3.791671908479749,41.45139440718967,66.02863460763038,82.3507292741956,93.32934327344711,100.77443071425523,105.84138936458315,109.28661178637657,111.61708739426027,113.17952490065858,114.21446202178323,114.8900003197952,115.32361109086516,115.59683523244199,115.765591368393,115.86761222757029,115.92788009987007,115.96259409620473,115.9820295201816,115.99255778000506,115.99803854783113,116.00075317205398,116.002011705715,116.00253338616487,116.00267200257215
116.21372467006672,116.21330128702556,116.21195382020571,116.20940893651887,116.20506590194906,116.19775203172868,116.18532211343339,116.16403415909934,116.12760390555214,116.06580611571283,115.96245251719856,115.79253250160419,115.51824559131148,115.08356289166241,114.4067826695345,113.37020739868628,111.80542028931406,109.47144388809919,106.02095171198657,100.94607490850319,93.48914307366917,82.49285029450365,66.14430087358012,41.52713900303849,3.8062761723642966,0.8725176718394508,0.8725179411354053,3.8062809672849456,41.52717090048191,66.14434961414635,82.49290180654057,93.48918011833543,100.94607637317593,106.02089045109336,109.47128318341733,111.80510913435565,113.369674968309,114.40593256012876,115.08226801708638,115.51634496663677,115.78983145412427,115.95872800445623,116.06081864176984,116.1211168657482,116.15584023442594,116.17527464988343,116.18579744486016,116.19127151737246,116.19397992802025,116.19523361470193,116.19575225538,116.19588983946616
116.33608417492431,116.335769738296,116.33473787869615,116.33268363182317,116.32895981300706,116.32233998227122,116.31062538649905,116.29002657046173,116.25422103950433,116.1929546630094,116.09001678033559,115.9203754765425,115.64620234830171,115.21142409697366,114.53426592296485,113.49691352376647,111.93077059499538,109.5945922062033,106.14066063881408,101.0605372231356,93.5957135356547,82.58762446038739,66.22142615587377,41.57764783539857,3.8160410724952962,0.874081293919036,0.8740815744266014,3.8160460784314125,41.577681268192755,66.22147872310876,82.5876840640763,93.59576623958417,101.06056714025756,106.14064867463668,109.59451376282148,111.93059244180715,113.49659013577049,114.53373571581942,115.21060615989266,115.64499447522813,115.91865446715985,116.08764204284967,116.18977600000697,116.25009105051645,116.28481732525958,116.30424797241406,116.3147643900057,116.32023169908405,116.32293414623778,116.32418328606512,116.32469910567148,116.32483573588259
116.41566289187693,116.41541868713274,116.41459051987871,116.41285364325816,116.40953165043085,116.40336399713685,116.3921175902613,116.37197211420182,116.3365797908772,116.27566696772207,116.17300750978312,116.00355463972734,115.7294607333179,115.29462249848083,114.61721644081658,113.57935112167,112.0123124439552,109.67468095887598,106.21848497750587,101.13491751781596,93.66493008913102,82.64914697941214,66.27146913806111,41.61041364834435,3.8223873230103074,0.8750963478498974,0.8750966335621503,3.8223924267735234,41.61044782337089,66.27152383081884,82.6492115308411,93.66499290323785,101.13496633629924,106.21850622143899,109.67465826105096,112.01222457349957,113.57916955452642,114.61690289298775,115.29412682697973,115.72871971418331,116.00249222050526,116.17153715291361,116.27369659091936,116.334019519601,116.36874457457894,116.38816983400672,116.3986794797556,116.40414016665225,116.40683696676588,116.40808186828232,116.40859507810796,116.40873082859629
116.46610154686115,116.46590178371422,116.46520263814563,116.46366717909865,116.46060091714143,116.45472205869181,116.44377591727925,116.42392253815187,116.3887977936522,116.32811512984294,116.22563791781972,116.05630914152319,115.78226804274385,115.34739122285245,114.66982309128153,113.63162202721382,112.06399812770464,109.72542072148312,106.26775769895926,101.18197119452306,93.7086759593055,82.68799188906904,66.30303775821464,41.63107130449681,3.8263930251986222,0.8757363361476617,0.8757366226329647,3.826398143543691,41.63110564027333,66.3030933314187,82.6880590922326,93.70874484096942,101.18203197419739,106.26780049183084,109.7254346072227,112.06396975787229,113.63153398953168,114.66965226928878,115.34710742470497,115.78183321789983,116.05567754333903,116.22475756874796,116.32693087020567,116.38725601189965,116.42197738651011,116.4413964402835,116.45189927640527,116.45735362047108,116.46004512853838,116.46128610011688,116.46179690245478,116.4619318431395
116.49723411098012,116.4970619685266,116.49644308369025,116.49503314507089,116.4921266671871,116.48642885775918,116.47567171142333,116.4560030197985,116.42104828341698,116.36051256112543,116.25815218093635,116.08890308827009,115.81489552289418,115.37999258337643,114.70231759181468,113.66389658524646,112.09589164134066,109.75670277654454,106.29809944401245,101.21090401204465,93.73552935710345,82.71179424825158,66.32234942804838,41.64369326500508,3.8288421273531696,0.876127054533161,0.8761273386394849,3.828847201289583,41.64372734978487,66.32240500127688,82.71186248277186,93.73560145984696,101.21097187845102,106.29815561860481,109.75673985963769,112.09590132883947,113.66386853368235,114.70223829407342,115.37984444310739,115.81465632515248,116.08854607502187,116.2576469303025,116.35982681863928,116.42015078286487,116.4548671588122,116.47427973027197,116.48477595303946,116.49022431858505,116.49291090808904,116.49414825221636,116.49465683980996,116.49479103655626
116.51591733267139,116.51576207632894,116.51519230390913,116.51385931040596,116.5110510412156,116.5054648952048,116.49482479967742,116.47527103228109,116.44042260998597,116.37997918732562,116.27769236246867,116.10849319018105,115.83450564005686,115.39958361063381,114.7218364564799,113.68326937615318,112.11501432795589,109.77542901119122,106.31622437804842,101.22814177340804,93.75147923085882,82.72588567609296,66.3337468949568,41.65112523717554,3.8302844863035648,0.8763565747830528,0.8763568543449147,3.8302894755056913,41.65115878921517,66.33380186611211,82.7259538352209,93.7515526139671,101.22821341052438,106.3162883923397,109.77548023260091,112.1150476015152,113.6832787374782,114.72181432493873,115.3995201328726,115.83438830655498,116.10830684249615,116.27741969635025,116.3796018237082,116.43992274138363,116.47463355430186,116.49403971603363,116.50452966614655,116.5099724640135,116.5126545128283,116.51388852247825,116.51439507836173,116.51452859319966
116.52678240854817,116.52663733602454,116.52609721202762,116.52481076097972,116.5220620712556,116.51654392995884,116.50597545584505,116.48649238094956,116.45170970229347,116.39132358704661,116.28908241136428,116.11991374486416,115.8459370535184,115.41099977875547,114.73320180637336,113.69453473181196,112.12611162568173,109.78626478877179,106.32667169325737,101.23802947997122,93.76057595215283,82.73387270462831,66.3401684081498,41.65529316403385,3.8310930826884118,0.8764845740894393,0.8764848476703839,3.8310979606023077,41.655325997326216,66.34022237922606,82.73394005641481,93.76064933278761,101.23810269912357,106.32673989735991,109.78632419791532,112.12615900608252,113.69456676170617,114.7332144625957,115.41098784175284,115.84589380806095,116.11983094012474,116.28895053105273,116.39113245909707,116.45144944127553,116.48615460296044,116.50555464021303,116.5160387393442,116.52147639996907,116.52415428066757,116.52538523691976,116.52588993440983,116.52602282577995
116.53286342175602,116.53272443705089,116.5322020577306,116.53094352871877,116.52823070956991,116.52275370373164,116.51222879903017,116.49278899802141,116.4580468014773,116.39769609180219,116.29548298414224,116.12633246569118,115.85236062291897,115.4174101587708,114.7395742760303,113.70083541377201,112.13229462470336,109.79226912819504,106.33241815195619,101.24341705347568,93.76547671120449,82.73812183851068,66.34354237698895,41.6574613788092,3.831513101280276,0.8765502615390559,0.8765505282233629,3.831517851165408,41.65749337552318,66.34359509455456,82.73818791483082,93.76554926698478,101.24349045130171,106.33248820885754,109.79233292390764,112.13235007371085,113.70088074775902,114.73960754839489,115.41742884694011,115.85236137871586,116.12631104594844,116.29543438156023,116.39761487229495,116.45792763497711,116.4926273416922,116.51202165833541,116.52250036563949,116.52793332072514,116.53060739399969,116.53183556438422,116.53233856710396,116.53247088999095
116.53609062326214,116.53595527352977,116.53544350546078,116.53420172439229,116.53151051854906,116.52605844621102,116.51556013863295,116.49614695600631,116.46142982524543,116.40110108391218,116.29890518946254,116.1297651210576,115.85579429612636,115.42083174536543,114.74296568772695,113.70417208433051,112.13554407052777,109.79538990388394,106.33535957155199,101.24611988665384,93.76787450711424,82.7401412334077,66.34509806783855,41.65843603540028,3.8317010047199807,0.8765786559718408,0.8765789152056572,3.831705616633088,41.65846712494173,66.34514937791374,82.74020574613607,93.76794572751237,101.24619258852427,106.33543002411008,109.7954557201722,112.13560384003591,113.70422492781587,114.74301083474687,115.42086819649515,115.8558206039639,116.12977930446775,116.29890478411096,116.40108332324078,116.46139193619697,116.4960865405677,116.51547559660912,116.52594937988788,116.53137805018116,116.53404866040914,116.5352742978046,116.53577575962747,116.53590756557682
116.53765769778504,116.53752454073499,116.53701918620375,116.53578756774687,116.53310955387688,116.52767281622175,116.51719101270656,116.49779449921851,116.46309317762285,116.40277829015699,116.30059301364616,116.13145868624252,115.85748650849747,115.42251250162292,114.74462093051712,113.70578286774098,112.13708592458703,109.79683292448382,106.33666976310093,101.24726225815984,93.76881810875686,82.74086544251364,66.34559746428675,41.6587169999765,3.8317538643242717,0.8765852848285516,0.8765855363045277,3.831758332932615,41.65874714379723,66.34564727971227,82.74092822313058,93.76888768843446,101.24733373472421,106.33673972552546,109.79689932326127,112.1371477419427,113.70583971907094,114.74467268876259,115.42255899791303,115.85752733359088,116.13149309717703,116.30061993987617,116.40279642710256,116.46310115113943,116.49779107969512,116.5171753510847,116.5276446682583,116.53306945571624,116.53573692808966,116.53696026990677,116.5374603349221,116.53759167221999
116.53828286960825,116.53815106947324,116.53764969386626,116.53642441179726,116.53375468363738,116.52832766795905,116.5178564397224,116.49847071915393,116.46377970604745,116.4034738198644,116.30129519501186,116.1321637685456,115.85818881952999,115.42320377993912,114.74528958959144,113.70641337028967,112.13765858026981,109.79732458172671,106.33705601053352,101.24752180867151,93.76893987676738,82.74085820179407,66.3455004198224,41.65860607359672,3.8317303165438483,0.8765795358377554,0.8765797794143452,3.831734639600298,41.65863525458232,66.34554869758516,82.74091915962534,93.76900764220073,101.24759175013895,106.33712495769552,109.79739070738891,112.13772109524596,113.70647215653696,114.74534485645766,115.42325579123437,115.85823770977497,116.13220944774297,116.30133733140687,116.40351188590822,116.46381307129342,116.49849877318294,116.5178787269553,116.52834401472478,116.53376529770772,116.5364299364673,116.53765120422858,116.53815000673623,116.53828092037473
116.5383869855219,116.53825606214978,116.53775726519223,116.53653611368574,116.53387183273225,116.52845127632739,116.51798715637796,116.49860876850747,116.46392480043167,116.40362501639494,116.30145066367956,116.13232044223284,115.85834191230923,115.42334619492907,114.7454113004098,113.70650095882726,112.13769525183503,109.79729114760612,106.3369334999657,101.24729648375877,93.76861135759758,82.74045094433842,66.34507748151741,41.65828093620329,3.8316649020552473,0.8765669481453421,0.8765671837924177,3.8316690793684534,41.658309151508995,66.3451242075115,82.74051003870545,93.76867721843053,101.24736471693478,106.33700112882323,109.79735650070133,112.13775767527653,113.70656047258639,114.7454682780591,115.42340111039988,115.85839516799724,116.1323722750929,116.30150111670778,116.40367395944584,116.46397198488155,116.49865390134408,116.5180299810973,116.52849164839265,116.53390977900054,116.53657186655535,116.53779126567184,116.53828893024,116.53841946192959
116.53821043376784,116.53808011102429,116.5375830861243,116.5363647904818,116.53370430852762,116.52828830467487,116.51782925085003,116.4984561391058,116.4637772587075,116.40348182542245,116.30131030623907,116.132180283556,115.85819774783565,115.42319170624795,114.74523750284393,113.70629582116767,112.13744380730293,109.79697659070924,106.33653995269856,101.24681426198393,93.7680455659799,82.73983386623868,66.34448407327052,41.65784377082956,3.831577501542701,0.8765507191538874,0.8765509469171572,3.831581534299547,41.65787102716122,66.34452925235485,82.73989108843976,93.76810948378349,101.24688069733118,106.33660609430406,109.79704088473419,112.13750568314065,113.70635536614358,114.74529516086668,115.42324804032752,115.85825327836761,116.13223539763305,116.30136522442389,116.403536609848,116.46383184752035,116.49851039484362,116.51788301286261,116.52834143753242,116.53375674045404,116.53641653710108,116.53763425698335,116.53813089845175,116.53826108665582
116.53788723168988,116.53775734824602,116.53726162311176,116.53604543371378,116.53338777520057,116.52797518565221,116.5175199663109,116.49815087647636,116.46347587762207,116.40318370919873,116.30101413684591,116.13188371926078,115.8578969953935,115.42288101008704,114.7449086311981,113.70593772366489,112.13704275577349,109.79651729359607,106.33600833304376,101.24620276099184,93.7673618764495,82.7391137089216,66.34380757068703,41.657352121802994,3.831479325899997,0.8765326608409458,0.8765328808183455,3.8314832162246226,41.6573784323589,66.34385122031757,82.73916907085406,93.76742384522011,101.24626735985989,106.33607289843695,109.79658036724013,112.13710382176012,113.70599689887652,114.74496638018667,115.42293792107708,115.8579536277665,116.13194051704632,116.30107139431644,116.40324157275703,116.46353436977216,116.4982099306693,116.51757946435131,116.52803499200108,116.53344776436587,116.53610550852035,116.53732172276213,116.53781744643864,116.5379473264564
116.5374904315607,116.5373608897527,116.53686617768017,116.53565163694687,116.53299620144476,116.52758631819658,116.51713415778819,116.4977682901694,116.46309639585867,116.40280679070071,116.30063860189473,116.13150744329336,115.85751650292734,115.4224909894085,114.74450144483825,113.70550308108002,112.13656784986925,109.79598788188608,106.33541145079802,101.24553194341716,93.76662584256113,82.73834922094017,66.34309619502885,41.65683783676651,3.831376593828836,0.8765137868076593,0.876513999134118,3.8313803445008814,41.656863219273134,66.34313834122914,82.7384027480208,93.76668587677874,101.24559469827965,106.33547439861287,109.7960496468358,112.136627955114,113.70556165340423,114.7445589440385,115.4225479964416,115.85757357598435,116.13156503586123,116.30069702890998,116.4028662276223,116.46315689730199,116.49782981749007,116.51719660846678,116.52764955265529,116.53306006454108,116.53571597330567,116.53693084018308,116.53742574213173,116.53755534612502
116.53705908075943,116.53692981800285,116.53643593469252,116.5352227465777,116.53256914195617,116.52716149724885,116.5167118768289,116.49734868982735,116.46267936958131,116.40239185004914,116.3002246734547,116.13109257858784,115.8570974926767,115.42206289980825,114.74405714542166,113.70503292164419,112.1360597763218,109.79542845905145,106.33478847125502,101.24483950409694,93.76587287244566,82.7375722466267,66.34237619888447,41.65631833449197,3.8312727196683296,0.8764946615284005,0.8764948663659448,3.831276333940403,41.65634280993875,66.34241687369597,82.73762397341001,93.76593099990396,101.24490042683664,106.33484978878646,109.79548886973822,112.1361188337832,113.70509075260505,114.74411419256835,115.42211972118547,115.85715462585898,116.13115046335875,116.30028361934096,116.40245203442804,116.46274085342849,116.4974114412742,116.51677579611378,116.52722643935478,116.53263493494873,116.5352892049447,116.53650286798772,116.53699703544203,116.53712639265298
116.53661375252369,116.53648472570531,116.5359915437475,116.53477950227527,116.53212745328054,116.52672171523363,116.51627426253674,116.49691336397925,116.4622462322987,116.40196045481784,116.29979403640611,116.1306609047118,115.8566618095362,115.42161861354393,114.74359758294075,113.70454900730167,112.13554012025101,109.7948603106377,106.33416020468805,101.24414551544807,93.76512189036525,82.73679989814475,66.34166178795829,41.655803111363205,3.8311695768279144,0.876475602074802,0.8764757996065403,3.8311730583034653,41.65582670316502,66.34170102778539,82.7368498656243,93.76517814786561,101.24420463048145,106.33421989703912,109.79491934710772,112.13559807997488,113.70460601208957,114.74365405284283,115.4216750768598,115.85671877460365,116.13071878702267,116.29985312806498,116.40202092245565,116.46230813114886,116.49697665904422,116.51633885098815,116.52678744647997,116.53219414526484,116.53484695369437,116.53605954252853,116.5365530543927,116.53668219134467
116.53616523626617,116.536036413367,116.53554383783668,116.53433278874351,116.53168208778392,116.52627800408118,116.51583243390496,116.49647352184289,116.46180828241329,116.40152398753106,116.29935814834226,116.13022394106474,115.85622101658949,115.4211697135469,114.7431343295964,113.70406286096113,112.13502030687103,109.79429470247153,106.33353767476743,101.24346063780652,93.76438299852146,82.73604138476131,66.3409606899843,41.6552973944957,3.8310682072368087,0.8764567914354575,0.8764569818609891,3.831071559785492,41.655320127904666,66.34099853451339,82.73608963865702,93.76443742922659,101.24351797810607,106.33359575866302,109.79435236079229,112.13507714120799,113.70411898601937,114.74319014077291,115.42122570696802,115.85627766815038,116.13028163788351,116.29941716017426,116.40158446481573,116.46187026943144,116.49653697628673,116.515897247468,116.52634402089893,116.53174911931318,116.53440062524982,116.5356122564558,116.53610518372534,116.53623412421605
116.5357192656408,116.53559062126618,116.53509857679344,116.53388839720905,116.53123887815711,116.52583624594801,116.51539232813003,116.4960351587518,116.4613715737837,116.40108855824312,116.29892317016677,116.1297878905723,115.85578134605647,115.42072244428043,114.74267362062315,113.70358068305349,112.13450647289403,109.79373767571235,106.33292679051961,101.24279059866946,93.7636616596505,82.73530174347175,66.34027719880199,41.65480413964949,3.8309692094323506,0.876438340551622,0.8764385240832185,3.8309724371304665,41.65482604133931,66.34031369025438,82.73534833308267,93.7637143114614,101.24284620339981,106.3329832907594,109.79379396261665,112.1345621684726,113.70363589403998,114.74272871743335,115.4207778906401,115.85583758494728,116.12984527975625,116.29898195557057,116.40114887234473,116.4614334480624,116.49609854206832,116.5154571060374,116.52590225774668,116.53130593094866,116.53395627655857,116.53516705447933,116.53565946081504,116.53578822623386
116.53527902150212,116.53515053456218,116.53465895852871,116.53344954617967,116.53080107046694,116.52539972023423,116.51495726232918,116.4956016322785,116.46093950537565,116.40065760609752,116.29849257743685,116.12935625835748,115.85534632228361,115.42028033525413,114.74221897319204,113.703105958543,112.13400205084724,109.79319259224941,106.33233082832025,101.24213857447461,93.76296092341482,82.73458382700187,66.33961379826455,41.654325097980035,3.830872945865374,0.8764203214971944,0.8764204983574818,3.8308760529498467,41.654346195756126,66.3396489808269,82.73462880441853,93.76301184791144,101.24219248747772,106.33238577569013,109.79324752218092,112.13405660421972,113.70316023384628,114.7422733164094,115.42033517854973,115.85540207648732,116.12941325241599,116.29855103365668,116.40071763888768,116.4610011331159,116.4956647948439,116.51502183913728,116.52546554637847,116.53086794991289,116.5335172618283,116.53472727960617,116.53521922183259,116.53534783126824
116.53484642202795,116.53471807451439,116.53422691340288,116.53301818078116,116.53037062983137,116.52497041650275,116.51452925407403,116.49517499038714,116.46051415653261,116.40023324095158,116.29806850726365,116.1289312027181,115.85491811532356,115.41984555534398,114.74177253900136,113.70264080426789,112.13350910581813,109.79266145269663,106.33175171875423,101.24150642743243,93.76228258460245,82.73388933998676,66.3389720102263,41.653861373974514,3.83077965140268,0.8764027848863807,0.8764029553060991,3.830782642234122,41.65388169651385,66.33900592964883,82.73393275950892,93.76233183624454,101.24155869627012,106.33180514879103,109.79271504605906,112.13356252099109,113.70269413155253,114.74182610083895,115.4198997536829,115.85497333021522,116.12898773549772,116.29812655752559,116.40029290569466,116.46057544153291,116.49523782686722,116.51459351570122,116.52503593478028,116.5304372064277,116.53308559708832,116.5342949375033,116.53478646623243,116.53491493668915
116.53442277028624,116.5342945465498,116.53380375383928,116.53259562494245,116.52994889581183,116.52454969358656,116.51410968441469,116.49475663842651,116.4600969576601,116.39981691735109,116.29765243519815,116.12851421431783,115.85449822177999,115.4194195944755,114.74133578571077,113.70218664848144,112.13302901063884,109.7921455633396,106.33119069930756,101.24089533459549,93.76162777407379,82.73321936941974,66.33835283007943,41.653413712799285,3.8306894892847048,0.8763857688876335,0.8763859331038075,3.8306923683155714,41.653433289444756,66.33838553333419,82.73326128707546,93.76167540966782,101.24094600988794,106.33124265145716,109.7921978454517,112.13308129763979,113.70223902268953,114.74138854716597,115.41947311644223,115.85455285510412,116.1285702341877,116.29771001973658,116.39987614711448,116.46015782661884,116.49481906966811,116.51417354647637,116.52461481489546,116.53001507637539,116.53266264535677,116.53387138186582,116.53436254197912,116.53449088859753
116.53400907047596,116.53388095680624,116.53339049174893,116.53218290006765,116.5295369027075,116.52413860175413,116.5136996220896,116.49434766528677,116.4596890183182,116.39940976442492,116.29724550675891,116.12810644910843,115.85408779885259,115.41900359852016,114.74090983224448,113.70174456590586,112.13256277967393,109.79164586698006,106.33064863949467,101.24030610275473,93.76099725622306,82.73257465326711,66.33775694860626,41.65298264729672,3.8306025798251144,0.8763693038801059,0.8763694621348116,3.8306053515768634,41.653001507878685,66.33778848355209,82.73261512646539,93.76104333448639,101.24035523770128,106.33069915651211,109.7916968673099,112.13261395363048,113.701795988183,114.74096178161783,115.41905642115074,115.8541418180473,116.12816191545787,116.29730257826031,116.39946850627011,116.4597494134414,116.49440962945867,116.51376301928022,116.52420325779791,116.52960261640557,116.53224945168215,116.53345764930148,116.53394848061613,116.53407671678251
116.53360617811315,116.53347816246718,116.53298798927129,116.53178087635798,116.52913553172925,116.52373803583626,116.51329997768494,116.49394899861518,116.4592912834774,116.39901274319986,116.29684869566971,116.12770888746431,115.8536878243539,115.41859853009282,114.74049561025721,113.70131543975025,112.13211123098954,109.79116310467839,106.33012620097489,101.23973932490892,93.76039157825154,82.7319557167068,66.33718486552054,41.652568573889525,3.8305190152900894,0.8763534148976412,0.8763535674370709,3.830521684331042,41.65258674858528,66.33721528067572,82.73199480391288,93.76043615946972,101.2397869748411,106.33017532843905,109.79121285633538,112.13216131156895,113.70136591667118,114.7405467422103,115.41865063769228,115.85374120506329,116.12776376879378,116.29690521682355,116.39907095510361,116.45935115896357,116.49401044679556,116.51336285851224,116.52380217298493,116.52920072318322,116.53184690245311,116.53305461860697,116.53354515636498,116.53367329397337
116.53321486908722,116.53308694086516,116.53259702801004,116.53139034241175,116.52874558105393,116.52334880581822,116.51291157473194,116.4935614765345,116.4589046058703,116.3986267195569,116.29646287745382,116.12732240843275,115.85329917166013,115.41820524418854,114.740093940557,113.70090003891964,112.13167506438113,109.79069789442782,106.32962391648817,101.23919545862324,93.75981114623421,82.7313629426801,66.33663694929533,41.65217179306889,3.8304388678932413,0.8763381229676512,0.8763382700406984,3.830441438822204,41.65218931230729,66.33666629367875,82.73140070314447,93.75985429190031,101.23924168064221,106.3296717024605,109.79074643374688,112.13172407533396,113.70094958196911,114.7401442554595,115.41825662755754,115.85335189674714,116.12737668119755,116.29651881962738,116.39868436884753,116.45896392589174,116.49362237033141,116.51297389874733,116.52341238200121,116.52881020692415,116.53145579864525,116.53266308413627,116.53315335948129,116.53328140896659
116.53283587007537,116.53270801991712,116.53221833961412,116.53101203603607,116.52836779684058,116.52297166812058,116.51253518135466,116.49318587968062,116.45852977844655,116.39825249709705,116.29608886276257,116.12694782361645,115.85292264410596,115.41782452324031,114.73970556894736,113.70049905468738,112.13125489905755,109.79025076990166,106.32914222973088,101.2386748666068,93.75925626554785,82.73079661041128,66.33611347062723,41.651792532494596,3.830362194397293,0.8763234459013891,0.8763235877585215,3.830364671830248,41.6518094268562,66.33614179358253,82.73083310397082,93.75929803808246,101.23871971929906,106.3291887244355,109.79029813617116,112.13130286780293,113.70054767977444,114.73975507236936,115.41787517909115,115.85297470300551,116.1270014715066,116.29614420506707,116.3983095594071,116.45858851587991,116.49324618988128,116.51259691766067,116.52303465114689,116.52843182395009,116.53107688854175,116.53228378816814,116.53277382855194,116.53290179913418
116.53246987115709,116.53234209078805,116.5318526185391,116.53064665707532,116.5280028862137,116.52260733877696,116.51217152372426,116.49282294492471,116.45816754834611,116.39789083146104,116.29572741208962,116.12658589229345,115.85255899058843,115.4174570933717,114.73933118312222,113.7001131184724,112.1308512924225,109.7898222004518,106.32868151661857,101.23817783919463,93.75872716409044,82.7302569184448,66.33561462301925,41.651430961503046,3.830289039038472,0.8763093988123078,0.8763095357054607,3.8302914275935733,41.65144726161373,66.33564197406663,82.7302922053344,93.75876762667767,101.23822138240509,106.3287267721445,109.78986843551222,112.13089824969606,113.7001608455919,114.73937988541894,115.41750702389463,115.85261037882995,116.12663890555542,116.29578214076291,116.39794728992754,116.45822568400912,116.49288265057814,116.512232650009,116.52266970531164,116.52806629046091,116.53071088117096,116.531917434474,116.53240726415248,116.5325351640693
116.53211753049088,116.53198981262453,116.53150052681467,116.53029487223156,116.527651522215,116.52225649857472,116.51182129135157,116.49247337084232,116.45781862263398,116.39754243634793,116.29537924213774,116.12623732810809,115.85220891276546,115.41710363208576,114.73897142099011,113.69974281095588,112.13046475012865,109.78941260235446,106.32824209773992,101.23770460815939,93.75822400729167,82.72974399996781,66.33514053691351,41.65108720125799,3.8302194355967263,0.876295994495448,0.8762961266772519,3.830221739885428,41.65110293771724,66.33516696560413,82.72977814066476,93.75826322373503,101.23774690276107,106.32828616776428,109.78945775033046,112.13051072970136,113.69978966387913,114.73901933694202,115.41715284450028,115.85225963150756,116.12628970310722,116.29543334996421,116.39759828106352,116.45787614463539,116.4925324585438,116.51188179316556,116.52231823338354,116.52771428773721,116.53035845162229,116.53156469352734,116.53205433398612,116.53218217049506
116.53177947567674,116.53165181388371,116.53116269538287,116.52995731650466,116.52731434534573,116.5219197947039,116.51148513886547,116.49213781967977,116.45748367051333,116.39720798599689,116.29504502853719,116.12590280216834,115.85187306856278,115.41676477217088,114.7386268751655,113.69938866728995,112.1300957321726,109.78902234586637,106.32782424671949,101.23725535634829,93.7577469089323,82.72925793419188,66.33469129038271,41.65076133261334,3.8301534090174623,0.8762832437288904,0.876283371451813,3.8301556336367484,41.65077653597196,66.33471684625935,82.72929098927202,93.75778494338896,101.2372964640832,106.32786718636089,109.78906645294735,112.13014077058368,113.69943467319223,114.73867402363797,115.41681327838116,115.85192312411009,116.12595454097743,116.29509851437456,116.39726321350386,116.45754057367253,116.4921962830585,116.51154500899123,116.52198088994406,116.52737646385141,116.53002024259527,116.53122620405723,116.53171567436826,116.5318434538684
116.53145630372818,116.5313286922894,116.5308397241065,116.52963459329295,116.52699196374624,116.52159784100648,116.51116368641628,116.49181691795751,116.457163324101,116.3968881161798,116.29472540712015,116.12558294465045,115.85155207403872,115.41644110401597,114.73829809583285,113.69905118053524,112.12974465714936,109.78865176036646,106.32742819646094,101.2368302251907,93.7572959396515,82.72879875551736,66.3342669179497,41.65045340265516,3.83009097676542,0.876271155529642,0.8762712790453902,3.830093126290225,41.65046810336369,66.33429165043222,82.72883078555269,93.7573328565695,101.23687020850807,106.32747006210604,109.78869487461272,112.12978879336498,113.69909636973108,114.73834449945727,115.41648892023905,115.85160147754132,116.12563405459431,116.2947782754628,116.3969427289403,116.45721960948178,116.49187475714417,116.51122292432756,116.52165829564645,116.52705343395205,116.5296968645977,116.53090257319681,116.53139189024456,116.53151961836687
116.53114858053326,116.53102101434904,116.53053218137221,116.52932727402357,116.52668495288906,116.52129121778232,116.51085751962492,116.49151125655804,116.4568581787029,116.3965834246774,116.29442097465723,116.12527834574097,115.85124650465428,115.41613317729298,114.73798559287457,113.69873080436467,112.12941190547512,109.78830113856003,106.32705414430012,101.23642932087188,93.75687113411622,82.72836646135954,66.33386741820152,41.65016343035834,3.8300321499927987,0.8762597373774198,0.8762598569370318,3.8300342289679996,41.65017765867352,66.33389137651766,82.7283975269186,93.75690699814236,101.23646824274893,106.327094993395,109.78834330970913,112.12945518076636,113.6987752100018,114.73803127772214,115.41618032374251,115.85129527170831,116.12532883896908,116.29447323521333,116.39663743070093,116.45691385318464,116.4915684776823,116.51091613092244,116.52135103715854,116.526745779989,116.52938889569425,116.53059437597423,116.53108355475379,116.53121123655725
116.53085684031693,116.5307293148432,116.53024060359328,116.52903589767493,116.52639385517399,116.52100047154107,116.5105671894399,116.49122139070546,116.45656879295497,116.39629447162156,116.29413228937636,116.12498955641695,115.85095689635621,115.415841502431,114.73768983763155,113.69842795523562,112.12909782225549,109.78797074004711,106.3267022564804,101.23605271959903,93.75647249731873,82.72796101913856,66.33349276042016,41.64989141151585,3.829976934575695,0.8762489954145375,0.8762491112678458,3.8299789475143746,41.649905197515466,66.33351599355706,82.7279911805935,93.75650737321541,101.23609064353441,106.32674214739652,109.78801201928698,112.12914027996986,113.6984716130832,114.73773483286675,115.41588800293276,115.85100504670264,116.125039449608,116.29418395666903,116.39634788399688,116.45662386873845,116.49127800538912,116.51062518546169,116.521059666941,116.52645405037804,116.52909688087531,116.53030215485047,116.53079120882309,116.53091884884826
116.53058158520956,116.53045409636961,116.52996549471806,116.52876097036855,116.52611917964856,116.52072611478422,116.5102932120124,116.49094783999445,116.45629568900551,116.39602177981027,116.2938598714617,116.12471708919598,115.85068374667159,115.41556655182197,114.73741126444439,113.6981430143919,112.12880271992884,109.78766079447513,106.32637267187928,101.23570047253614,93.75610001027805,82.72758237228554,66.33314289049025,41.64963732319484,3.829925332041459,0.8762389346254676,0.8762390470212461,3.829927283424179,41.6496506967628,66.33316544716934,82.72761168979277,93.75613396277913,101.23573746237533,106.32641166383034,109.78770123430388,112.12884440524456,113.69818596267058,114.73745560213933,115.41561243350279,115.85073130378558,116.12476640314944,116.2939109644286,116.39607461631783,116.45635018320635,116.4910038650243,116.51035060945759,116.52078470283115,116.52617875965504,116.5288213318528,116.53002641936014,116.53051536071409,116.53064296305618
116.53032328485024,116.53019582894927,116.52970732589117,116.52850296512463,116.52586140180799,116.52046862583549,116.51003606868063,116.49069108850499,116.45603935272473,116.39576583507028,116.29360420363837,116.1244614189262,115.85042751560067,115.41530876093026,114.73715027218678,113.69787632987287,112.12852688046833,109.78737150434242,106.32606550577867,101.23537261002566,93.75575363490994,82.72723044571893,66.33281773622379,41.64940112771184,3.8298773404028172,0.8762295589986833,0.8762296681844481,3.8298792346779975,41.64941411853851,66.33283966488084,82.72725897917486,93.75578672866116,101.235408729869,106.32610365864758,109.78741115842406,112.12856784020092,113.69791860892617,114.73719398713912,115.41535405407413,115.85047450629497,116.12451017816785,116.29365474531853,116.39581811786785,116.45609328699422,116.49074654536436,116.51009288905715,116.52052662816241,116.52592038829528,116.5285627267071,116.52976764583445,116.53025648568187,116.53038405406933
116.5300823761189,116.52995494978003,116.52946653528534,116.52826232169565,116.52562096342386,116.52022844884286,116.50979620604731,116.49045158491418,116.45580023397686,116.39552708674113,116.29336573179734,116.12422298357211,115.85018862642123,115.41506852955683,114.73690722580115,113.69762821815361,112.12827055750527,109.78710304768033,106.32578085294564,101.23506914542227,93.75543331853731,82.72690515072286,66.33251721211408,41.64918277621812,3.829832954907834,0.876220871673451,0.8762209778952763,3.829834796488384,41.64919541377821,66.33253856089263,82.72693295977454,93.75546561809622,101.23510445947964,106.32581822713234,109.7871419706832,112.12831084001346,113.69766987032762,114.73695035518533,115.41511326722011,115.85023508071143,116.12427121602832,116.29341574898122,116.39557884190162,116.45585363408465,116.49050649941402,116.50985247528247,116.5202858915407,116.52567938268177,116.52832150986302,116.52952627723703,116.53001502566853,116.53014256353708
116.52985926300886,116.52973186313271,116.5292435280024,116.5280394464593,116.52539827256163,116.52000599384019,116.50957403605445,116.4902297427418,116.45557874700332,116.39530594815078,116.29314486565083,116.12400218479259,115.84996746677459,115.41484622303156,114.73668245755015,113.69739896573411,112.12803397831684,109.78685558041704,106.32551879049403,101.23479007847972,93.75513899785409,82.72660638938876,66.33224122364409,41.648982211922494,3.829792168714427,0.8762128750708089,0.8762129785731883,3.829793961973655,41.64899452544865,66.33226204036774,82.72663353340862,93.75517056765646,101.23482465111933,106.32555544684178,109.78689382791205,112.12807363332043,113.6974400351237,114.73672504066016,115.41489044084015,115.85001341763659,116.12404992161747,116.29319438835311,116.39535720529133,116.4556316425664,116.4902841445695,116.50962978404922,116.52006290705376,116.52545615515014,116.52809809203171,116.52930272294533,116.52979138924329,116.52991889965651
116.52965431660232,116.52952694032824,116.52903867601198,116.52783471245368,116.5251937036776,116.5198016368251,116.50936993619993,116.49002594065882,116.45537527083451,116.39510279713845,116.29294197914535,116.12379938882205,115.84976438962588,115.41464217324798,114.73647626825107,113.69718883065167,112.12781734559832,109.78662923845509,106.32527938044325,101.23453539852746,93.75487060261797,82.72633405852233,66.33198967107656,41.64879937291026,3.829754973486673,0.8762055710127621,0.8762056720383053,3.829756722761959,41.64881139142579,66.33201000324057,82.72636059657506,93.75490150687769,101.23456929417576,106.32531538027433,109.78666686685021,112.12785642396665,113.6972293629752,114.7365183464049,115.41468590910507,115.84980987256675,116.12384666404513,116.29299104051216,116.39515358909452,116.45542769475348,116.49007986298503,116.50942519645763,116.51985805455672,116.52525108393979,116.5278928501021,116.52909735879095,116.52958595162441,116.52971343749671
116.52946787507625,116.52934051973197,116.52885231822353,116.52764845950053,116.5250075976728,116.51961571992064,116.5091842498098,116.4898405228559,116.45519014969518,116.39491797643976,116.2927574111883,116.12361492732965,115.84957971406891,115.41445667954169,114.73628892849985,113.69699804391516,112.12762083907926,109.78642413967566,106.3250626721296,101.23430508720571,93.75462805876937,82.72608805310001,66.33176245279797,41.64863419473178,3.8297213599391107,0.8761989608281097,0.876199059617769,3.8297230695332436,41.64864594704919,66.33178234760479,82.72611404390481,93.75465836154949,101.23433837037601,106.32509807712944,109.78646120604209,112.12765939277891,113.69703808629812,114.7363305447875,115.41449997339535,115.84962476688159,116.12366177747016,116.29280604718177,116.39496833895056,116.45524213785211,116.48989400203207,116.50923905921375,116.51967167950158,116.52506451341115,116.52770612732647,116.5289105272327,116.52939905477923,116.52952651899773
116.5293002437771,116.52917290684296,116.52868476063053,116.5274809942492,116.5248402620694,116.51944855164136,116.50901728633399,116.48967379937164,116.45502369334031,116.3947517942205,116.29259146645038,116.12344909799481,115.84941372601949,115.41429000976089,114.73612067977352,113.69682681074437,112.12744461705523,109.7862403856774,106.32486870423031,101.23409912092218,93.75441129125433,82.72586826932725,66.33155946838349,41.648486612658715,3.8296913183118,0.8761930454477485,0.876193142241207,3.8296929924963203,41.64849812739186,66.33157897272649,82.72589377137159,93.75444105647277,101.23413185615615,106.32490357638412,109.7862769477077,112.12748269894634,113.69686641150543,114.7361618787792,115.41433290339641,115.84945838860034,116.1234955618035,116.29263971541886,116.39480176571294,116.45507528445202,116.48972687448685,116.50907168466743,116.51950409350336,116.52489675413452,116.52753823345053,116.52874253745105,116.52923100765622,116.52935845300264
116.529151695358,116.52902437445363,116.52853627636169,116.52733259035762,116.52469197124476,116.51930040716128,116.50886932166208,116.48952604630696,116.45487617752289,116.3946045248433,116.2924444157115,116.12330216507449,115.84926667913994,115.41414240116929,114.735971735439,113.69667531165378,112.12728881761734,109.78607806332232,106.32469750664019,101.23391747296866,93.75422022653612,82.72567460743,66.33138062123138,41.64835656368873,3.8296648387933487,0.876187825489007,0.8761879205250431,3.8296664818104458,41.64836786924772,66.33139978173323,82.72569967893824,93.75424951796037,101.2339497248721,106.32473190816314,109.78611417920717,112.12732648136395,113.69671452021963,114.73601256303158,115.41418493792429,115.84931099319459,116.12334828341064,116.29249231815132,116.39465414598472,116.45492741271003,116.48957875916311,116.50892335132305,116.5193555743686,116.52474808321551,116.52738944503194,116.52859366556329,116.52908208610357,116.5292095148078
116.52902246990575,116.52889516273237,116.52840710583062,116.52720348870045,116.52456296669018,116.5191715286135,116.50874059827656,116.48939750630878,116.45474784456954,116.39447640905276,116.29231649642773,116.12317436027764,115.84913879557132,115.41401406111827,114.73584228150659,113.6965437034963,112.12715355992269,109.78593724609634,106.32454910199317,101.23376011553297,93.75405479483668,82.72550697402991,66.33122582087564,41.64824398825766,3.82964191189168,0.8761833013299705,0.8761833948455179,3.8296435279553274,41.6482551128948,66.33124468392016,82.72553167295004,93.75408367608226,101.23379194864431,106.32458309529858,109.78597297444676,112.12719085984644,113.69658257022898,114.73588278483888,115.41405628574428,115.84918280435825,116.1232201756923,116.2923640947616,116.39452572252496,116.45479876715208,116.48944990096015,116.50879430397599,116.51922636641453,116.52461874457602,116.5272600055917,116.52846415465734,116.52895253237642,116.52907994684551
116.52891277505452,116.52878547935138,116.52829745693832,116.52709389761677,116.52445345725585,116.51906212514294,116.50863132564345,116.48928838907966,116.45463890361285,116.39436765447421,116.29220791337274,116.12306588318826,115.84903026641234,115.41390516783694,114.7357324776251,113.69643212041835,112.12703894510723,109.78581799529945,106.324423507193,101.23362702126668,93.75391493199032,82.72536528415326,66.33109498500134,41.64814883183316,3.8296225287569308,0.8761794731715685,0.8761795654022176,3.8296241220541813,41.64815980364809,66.33111359677123,82.72538966825678,93.75394346645162,101.23365850007045,106.32445715481106,109.7858533950941,112.12707593620634,113.69647069653422,114.73577270484286,115.41394712631461,115.84907401456228,116.12311143971071,116.29225525170173,116.39441670475576,116.45468955868544,116.489340511374,116.50868475404164,116.51911668090524,116.5245089491361,116.52715012548327,116.52835421440254,116.52884255618117,116.52896995868046
116.52882278612509,116.52869549972117,116.52820750534164,116.52700399309687,116.52436361909048,116.51897237324305,116.50854168066982,116.48919887137691,116.4545495308779,116.3942784361382,116.29211883902181,116.12297690177517,115.84894125239406,115.41381587108489,114.73564245764639,113.69634067455932,112.1269450573025,109.78572036107232,106.32432073453764,101.23351816474829,93.75380058106016,82.72524946306501,66.33098804117907,41.648071046142896,3.829606681449098,0.8761763410928028,0.876176432273418,3.829608256147358,41.64808189311218,66.33100644764448,82.72527358987179,93.75382883195482,101.23354935368052,106.32435409914967,109.78575549166763,112.12698179506367,113.69637901198948,114.73568245777437,115.4138576104116,115.84898478570747,116.12302224474054,116.2921659627259,116.39432726923155,116.45459996509298,116.48925076873974,116.50859487998589,116.51902669617692,116.52441887485763,116.52705998211133,116.52826402202629,116.52875233448296,116.52887972721388
116.52875264639306,116.52862536720517,116.52813739459592,116.5269339187071,116.52429359602112,116.5189024171494,116.50847180762513,116.48912909739731,116.45447987016995,116.39420889672705,116.29204941386774,116.12290755282731,115.84887188434884,115.41374629260525,114.73557233027563,113.69626945679623,112.12687196428931,109.78564438331001,106.32424079276609,101.2334335235865,93.75371169365998,82.72515944766107,66.33090492826781,41.64801059025553,3.8295943631640053,0.8761739050969541,0.8761739954621052,3.8295959234167403,41.64802134022831,66.33092317520297,82.7251833744907,93.7537397240833,101.23346448702809,106.32427393712396,109.78567930427809,112.12690850458984,113.6963076079822,114.73561215308357,115.41378786061537,115.84891524960796,116.12295272865346,116.29209636959189,116.39425755972012,116.45453013146458,116.48918081855889,116.50852482751927,116.51895655770147,116.5243486666823,116.52698972031168,116.52819372225922,116.52868201209515,116.52880939704572
116.52870246720452,116.52857519319343,116.52808723601996,116.52688378593899,116.52424349986708,116.51885236874345,116.50842181846701,116.48907917905481,116.45443003302876,116.39415914689,116.29199974688562,116.12285794237908,115.84882226362792,115.41369652665921,114.73552217959333,113.69621853724362,112.12681971817854,109.78559009232825,106.32418368781592,101.23337307937012,93.75364823106177,82.72509518767498,66.33084559749204,41.64796743141952,3.829585568420526,0.8761721651490247,0.8761722549326466,3.8295871183665353,41.64797811216961,66.33086373053477,82.72511897168422,93.75367610405098,101.23340388176815,106.32421667476532,109.78562486336767,112.12685611718351,113.69625655509691,114.73556187533242,115.41373797184002,115.84886550836268,116.1229029982936,116.29204658211225,116.39420768785918,116.45448017020078,116.48913077376595,116.50847470952802,116.5189063780948,116.52429843730432,116.52693945293912,116.5281434279254,116.52863170140894,116.52875908106729
116.52867232799876,116.52854505704931,116.52805710901919,116.52685367444526,116.52421341033849,116.51882230780149,116.50839179303621,116.48904919615626,116.45440009897642,116.39412926546657,116.29196991567031,116.12282814593335,115.84879246239501,115.41366664033863,114.73549206534501,113.69618796567018,112.1267883558591,109.78555750933779,106.32414942342476,101.23333681844618,93.75361016500838,82.72505664653058,66.33081001338985,41.647941545778515,3.8295802932066874,0.8761711212041235,0.8761712106389595,3.8295818369736714,41.64795218503884,66.33082807814122,82.72508034488723,93.75363794354837,101.23336752422668,106.32418231589699,109.78559219032525,112.12682466993222,113.69622590333806,114.73553168465348,115.41370801165046,115.84883563465323,116.12287312986246,116.29201667851744,116.39417773307147,116.45445016148197,116.48910071473871,116.50844460634694,116.51887623792148,116.52426826756118,116.52690926030039,116.52811321914828,116.52860148310053,116.52872885981981
116.52866227631087,116.5285350063349,116.52804706138211,116.52684363198948,116.52420337517697,116.51881228216294,116.50838177924304,116.48903919654514,116.4543901156557,116.3941192997222,116.29195996675926,116.12281820877934,115.84878252386646,115.41365667378027,114.73548202329447,113.69617777183909,112.12677789929835,109.78554664691393,106.32413800170413,101.23332473242007,93.75359747827375,82.72504380196413,66.3307981544189,41.64793291884569,3.8295785350727853,0.8761707732261805,0.8761708625454947,3.8295800767867627,41.64794354430896,66.33081619644194,82.72506747179641,93.75362522531765,101.23335540598177,106.32417086268961,109.78558129781686,112.12681418498907,113.69621568272866,114.73552161709269,115.4136980204816,115.84882567206566,116.12286316877984,116.29200670547768,116.39416774279866,116.45444015324703,116.48909068964906,116.50843456651563,116.51886618581602,116.52425820541654,116.5268991907862,116.52810314428113,116.52859140523161,116.52871878076168
