Run: _005_20_26_CPC_metacentric_tensed_MCF10A_chr19_PMP1__from_pyvcell_compare
SimID: 898407604_0
Sim time range (0.0 500.0) (saved timepoints 51)
2D Slice for variable PLK1a at time 490.0 in plane XY at Z = 0
X in rows, Y in columns
17.475808504774015,17.475818385962082,17.47584802570766,17.475897421163896,17.47596655816339,17.476055418427343,17.476163975154087,17.47629218678168,17.476439992188137,17.476607300258134,17.47679397744575,17.476999827419895,17.477224559364544,17.477467744558865,17.477728748766147,17.478006630977855,17.478299992462375,17.47860675044855,17.478923805002914,17.479246557051507,17.479568242466023,17.479879079710102,17.48016536741641,17.480408970797548,17.48058833688648,17.480683035988363,17.480682929201677,17.480588016631,17.48040843878849,17.48016462493335,17.4798781305687,17.47956708923394,17.479245204698415,17.478922258398967,17.478605015547583,17.478298075725984,17.478004539958153,17.477726491070097,17.47746532897688,17.477221994711346,17.47699712388871,17.47679114526762,17.476604349639,17.476436934713643,17.476289033796757,17.476160738595954,17.47605211039937,17.475963190785283,17.475894008738496,17.475844580989325,17.47581492091683,17.47580503315196
17.47580747258801,17.475817353648107,17.47584699454488,17.475896388702274,17.47596552470242,17.476054384617633,17.476162940850454,17.476291152118357,17.476438956626456,17.476606263839837,17.476792940347284,17.47699878911685,17.47722351998905,17.477466704133068,17.477727707291116,17.478005588460036,17.478298948749003,17.47860570569274,17.478922759136754,17.479245510554623,17.47956719458908,17.479878031838396,17.480164317955765,17.480407921393187,17.480587286635156,17.480681985515346,17.48068187835677,17.480586965867133,17.480407387973106,17.480163574424825,17.479877080156225,17.47956603931789,17.479244155314017,17.47892120952787,17.478603967161522,17.478297028231545,17.47800349300229,17.47772544507353,17.477464283488946,17.47722095030981,17.47699608011027,17.476790102135663,17.476603307556495,17.47643589293156,17.47628799296248,17.47615969823608,17.47605107029113,17.47596215181431,17.475892969143153,17.47584354258617,17.475813881918864,17.47580399463313
17.47580437766049,17.47581425714678,17.475843897458095,17.4758932907282,17.4759624254247,17.476051283977178,17.476159838525298,17.476288047581782,17.476435849686432,17.476603154256345,17.476789827872505,17.476995673699893,17.477220401366548,17.477463582331062,17.477724582194732,17.478002460073178,17.47829581728474,17.478602571012647,17.478919621731027,17.47924236981722,17.479564052032348,17.479874886114054,17.480161170862196,17.48040477215983,17.480584136160825,17.480678833921917,17.480678726317514,17.480583813491005,17.480404235902178,17.480160422728357,17.479873929449003,17.47956288980886,17.479241007183003,17.478918062949866,17.478600822671623,17.478293885627828,17.478000352728923,17.477722306870994,17.477461147848846,17.47721781688306,17.47699294890397,17.476786973524796,17.4766001807189,17.47643276847758,17.476284870293927,17.47615657699534,17.476047951218554,17.475959033048227,17.475889852277707,17.475840425709542,17.475810765951255,17.47580087854107
17.475799216401413,17.475809096906225,17.475838736302904,17.47588812789208,17.475957260618916,17.47604611663868,17.476154668041435,17.476282873380722,17.476430671360255,17.476597971478856,17.476784640294472,17.476990480999387,17.47721520340275,17.477458378935168,17.47771937336905,17.47799724591221,17.478290597589847,17.47859734629442,17.47891439154836,17.479237135727622,17.479558812787904,17.479869643583708,17.48015592449476,17.48039952304546,17.48057888461022,17.480673580823808,17.480673472100126,17.480578559057143,17.480398981592753,17.4801551694114,17.47986867762907,17.479557639895987,17.479235759609715,17.478912818381918,17.47859558112399,17.478288647677616,17.477995118284944,17.477717076435404,17.477455921241276,17.47721259413279,17.47698773039746,17.4767817583986,17.4765949696256,17.476427560713244,17.476279665457398,17.47615137563306,17.476042751455832,17.475953836299233,17.475884656555635,17.475835231586252,17.475805572371236,17.475795685317745
17.4757919925838,17.475801872950697,17.475831510885584,17.475880900248008,17.47595003021549,17.476038882422387,17.476147429246385,17.476275629383004,17.476423421510624,17.47659071533588,17.476777377300028,17.476983210820393,17.47720792572615,17.477451093626406,17.477712080398394,17.477989945050755,17.478283289347253,17.478590030280827,17.47890706922926,17.479229805960912,17.479551477511304,17.47986230240372,17.48014857857687,17.48039217291216,17.4805715313377,17.480666225088054,17.48066611502522,17.48057120134132,17.480391624373652,17.480147813534685,17.47986132378227,17.47955028878852,17.479228412096916,17.478905474771725,17.478588242162807,17.47828131348178,17.47798778946038,17.47770975297222,17.4774486032345,17.477205282086935,17.47698042346189,17.47677445727904,17.47658767353737,17.47642026932404,17.476272379189666,17.476144092624516,17.476035472796752,17.475946560016066,17.47587738302051,17.47582795957202,17.475798301507602,17.47578841468815
17.47578270569107,17.475792585318192,17.47582222152944,17.475871608188125,17.475940734100245,17.47602958128161,17.476138122237906,17.476266315515264,17.47641410011758,17.476581385583156,17.476768038663916,17.476973862727625,17.47719856791046,17.477441725873895,17.477702702409847,17.477980557230616,17.478273891238434,17.478580623231863,17.478897652254364,17.479220380941065,17.479542044137933,17.47985286190488,17.480139131687505,17.480382720767626,17.480562074818614,17.480656765564042,17.480656653555002,17.48056173928973,17.48038216297532,17.480138353783452,17.47985186672371,17.479540835545357,17.479218963310725,17.47889603135478,17.4785788045327,17.478271882417534,17.47797836518464,17.477700335704508,17.477439193620373,17.477195879375394,17.47697102848052,17.476765069217997,17.476578292130533,17.476410894889927,17.47626300994734,17.476134729411356,17.476026113741955,17.475937205185044,17.47586803110342,17.47581861005326,17.475788953179897,17.475779066919117
17.475771355810796,17.47578123446618,17.4758108685067,17.475860251414367,17.47592937239628,17.47601821354942,17.47612674701155,17.476254931802952,17.476402706909017,17.476569982055906,17.476756624010097,17.476962436389435,17.477187129437844,17.477430274849308,17.47769123901422,17.477969080951816,17.478262403262836,17.478569122627256,17.478886140759638,17.479208858352465,17.47953051168278,17.4798413204441,17.480127582380494,17.48037116471852,17.48055051355913,17.48064520043079,17.480645086144126,17.480550171223374,17.48037059558966,17.480126788559602,17.479840305017508,17.479529278437766,17.479207411927405,17.478884486526567,17.47856726720412,17.478260353121474,17.477966844356526,17.47768882416023,17.477427690780484,17.47718438619782,17.476959544231637,17.47675359375598,17.476566825706605,17.476399435829148,17.47625155890999,17.47612328467526,17.476014675049694,17.475925771244,17.475856601197915,17.47580718283873,17.475777527751426,17.475767642106614
17.475757942959255,17.475767820551,17.475797451833106,17.47584683050709,17.475915945622695,17.476004779178055,17.47611330370935,17.476241478274627,17.47638924200751,17.476556504552583,17.476743133040333,17.47694893125559,17.477173609505286,17.477416740039786,17.477677688715744,17.477955516040574,17.47824882282695,17.478555528269442,17.478872532274277,17.479195236904967,17.479516878235394,17.47982767618805,17.480113928544736,17.480357502915304,17.48053684536929,17.480631527673772,17.480631410761454,17.48053649489325,17.480356920277526,17.480113115892443,17.479826636592957,17.479515615646314,17.4791937561147,17.478870838787508,17.47855362850251,17.478246724136625,17.477953226128935,17.477675216386007,17.477414094585537,17.477170800989615,17.47694597004701,17.476740030872534,17.47655327263406,17.476385893049784,17.476238024855252,17.476109758896648,17.476001156255535,17.475912258531366,17.475843093072225,17.47579367826687,17.475764025295746,17.475754140225703
17.475742467626368,17.47575234418406,17.4757819722771,17.47583134581661,17.475900453990107,17.475989278667484,17.476097792664955,17.47622595513687,17.47637370509101,17.476540952784116,17.476727565334926,17.476933346660687,17.477158007626965,17.477401120069832,17.477662051168295,17.477939859994482,17.478233149612436,17.478539837623437,17.478856825293544,17.479179514574998,17.479501141706987,17.479811926772168,17.48009816793206,17.480341732870425,17.48052106783045,17.480615744870285,17.480615624681796,17.480520707947147,17.480341134466805,17.480097333361837,17.479810859086324,17.479499845029316,17.47917799372948,17.478855086111285,17.47853788651928,17.478230994137334,17.477937508181544,17.47765951187686,17.47739840314345,17.477155122878084,17.476930305597893,17.47672437886803,17.476537633441254,17.476370265348894,17.476222407995053,17.47609415164706,17.47598555762535,17.475896666824895,17.47582750712451,17.4757780964503,17.475748445832423,17.475738561616676
17.475724930709898,17.475734805981002,17.47576443048295,17.475813798204737,17.475882898142046,17.475971712435026,17.476080214027956,17.476208362205963,17.476356096264542,17.476523326530735,17.476709920352885,17.47691568213881,17.47714032255882,17.47738341451416,17.477644324076124,17.477922112319714,17.478215381059464,17.478522049080357,17.4788390176909,17.479161688960243,17.479483299483423,17.479794069654933,17.480080297775665,17.480323851681526,17.48050317808261,17.48059784881662,17.480597725141077,17.480502807267097,17.480323235367024,17.48007943803733,17.47979296993608,17.479481963799632,17.479160122362252,17.47883722606737,17.478520039365186,17.478213160450828,17.477919689613095,17.477641708373273,17.47738061529423,17.477137351094402,17.476912549069635,17.476706637864563,17.47651990694252,17.476352552583208,17.476204707888257,17.476076463082403,17.47596787883538,17.475878996510083,17.47580984349431,17.47576043750935,17.475730789820947,17.475720906752834
17.475705333165703,17.47571520705016,17.475744827362508,17.475794188262725,17.475863278623887,17.475952080886824,17.476060568238385,17.476188699871297,17.47633641540871,17.476503625474848,17.47669019776959,17.476895936756947,17.477120553817528,17.477363621226637,17.477624506765345,17.477902270542497,17.47819551537109,17.478502160372592,17.478819106833676,17.47914175733179,17.479463348772708,17.479774101777334,17.48006031478971,17.480303856225675,17.480483172590223,17.480577836419698,17.480577708521814,17.480482789683144,17.48030321947225,17.480059426852737,17.479772965724628,17.47946196899302,17.479140139047868,17.47881725613252,17.478500084031516,17.47819322162593,17.47789976768417,17.477621804336007,17.477360729724396,17.47711748368164,17.476892700036437,17.476686806600522,17.476500092636876,17.47633275430035,17.476184924502732,17.47605669278675,17.475948120253097,17.475859247720898,17.475790102306917,17.47574070195956,17.475711057832118,17.47570117565533
17.475683676069075,17.47569354831336,17.475723163902693,17.47577251689284,17.475841596271177,17.47593038487543,17.476038855700303,17.47616696824112,17.476314662613024,17.476481849526717,17.476668396987037,17.47687410996101,17.477098699619162,17.477341739541004,17.477602596926577,17.47788033277841,17.478173550401074,17.478480168791453,17.478797089892975,17.479119716679595,17.479441286321084,17.479752019578225,17.48003821556772,17.48028174254756,17.480461047784853,17.480555703482384,17.480555571161105,17.480460651012553,17.48028108318786,17.48003729577492,17.47975084293693,17.47943985723149,17.479118040598383,17.47879517295234,17.478478018338183,17.47817117442399,17.47787774042916,17.47759979785028,17.477338744283827,17.477095519590485,17.47687075713143,17.476664884121547,17.476478189902142,17.476310870222516,17.4761630572788,17.476034841067893,17.475926281997555,17.475837420596932,17.475768284158526,17.475718890419902,17.475689250017226,17.475679369316246
17.475659960783485,17.475669831160843,17.475699441359907,17.47574878520056,17.475817852279775,17.47590662507513,17.476015076920515,17.47614316786716,17.476290837947353,17.47645799842431,17.47664451756055,17.476850200497957,17.477074759319805,17.47731776747047,17.47757859286913,17.477856297091407,17.478149483375386,17.478456071469733,17.478772963786643,17.479095563598044,17.479417108264503,17.479727819280498,17.480013995710845,17.48025750661033,17.480436798960035,17.48053144584053,17.480531308264887,17.480436387204843,17.480256821857097,17.480013040751373,17.479726597646053,17.479415624476943,17.479093823203694,17.47877097351261,17.478453838602206,17.47814701637945,17.477853605237378,17.47757568648565,17.477314657260763,17.477071457246645,17.476846718890965,17.476640869623083,17.476454198159697,17.476286899611694,17.476139106424014,17.476010907928536,17.475902364159317,17.475813515763818,17.47574438969961,17.475695003231237,17.475665367497776,17.47565548821901
17.475634188810012,17.47564405726313,17.475673661165118,17.475722994893896,17.475792047693076,17.475880802448412,17.47598923291262,17.476117299088436,17.476264941717407,17.476432071944238,17.476618558812184,17.476824207849408,17.47704873141259,17.477291703501322,17.47755249276237,17.477830160759112,17.478123311510135,17.4784298653106,17.478746724960715,17.479069294012984,17.47939081057563,17.47970149623101,17.479987650849196,17.480231143281177,17.480410421488504,17.48050505815745,17.480504915260976,17.48040999286334,17.48023043076048,17.479986657121785,17.479700224920965,17.479389266464583,17.47906748296207,17.478744653620765,17.47842754167144,17.478120744071422,17.477827359358077,17.47754946780737,17.477288466729206,17.477045294642263,17.47682058422631,17.476614762135554,17.47642811647558,17.476260842465948,17.47611307181182,17.475984893422513,17.47587636736267,17.475787533890593,17.47571841944695,17.475669041623632,17.475639410971095,17.475629533536
17.475606362414403,17.475616228392383,17.475645825403472,17.475695147394614,17.475764183977706,17.475852918501005,17.475961324496332,17.476089362877104,17.476236973960003,17.476404070233226,17.476590520465702,17.47679613101676,17.47702061460097,17.477263546084323,17.47752429409578,17.47780192109952,17.478095031724877,17.478401546722484,17.47871836928516,17.47904090375118,17.47936238842679,17.479673045735375,17.479959175476367,17.480202647483324,17.480381909505375,17.480476535259232,17.480476386060413,17.48038146260943,17.48020190456496,17.47995813912105,17.479671719978906,17.479360778253525,17.479039015028,17.478716209320766,17.47839912330282,17.478092354327252,17.47779899943327,17.477521139395847,17.477260170082744,17.47701703026122,17.47679235169994,17.47658656043099,17.47639994454028,17.47623269844167,17.47608495337296,17.47595679813739,17.475848292285452,17.475759475621732,17.47569037472124,17.475641006523905,17.475611381883063,17.475601506338524
17.475576483529633,17.475586347154366,17.47561593602773,17.47566524471866,17.475734263284416,17.47582297458661,17.47593135332293,17.476059359670835,17.476206935743775,17.476373993192986,17.476560402184017,17.476765969110197,17.476990407750613,17.477233292976493,17.477493994457213,17.477771575262537,17.47806464057329,17.47837111164527,17.478687892515048,17.479010387851567,17.479331836830934,17.479642461967767,17.47992856403697,17.480172012864546,17.480351257226182,17.480445870482512,17.48044571458917,17.480350790414388,17.480171236556945,17.479927481333377,17.479641076808615,17.47933015436169,17.479008414594393,17.47868563545258,17.478368579698646,17.478061842792254,17.4777685224987,17.477490697932396,17.477229765234135,17.47698666208418,17.476762019670037,17.476556263814395,17.476369681739154,17.476202467278682,17.476054751564806,17.475926622620733,17.47581813964524,17.475729342337516,17.475660256611967,17.475610899625018,17.47558128159946,17.475571408294094
17.475544555524515,17.47555441592345,17.475583995687984,17.47563328972887,17.47570228753022,17.47579097316297,17.47589932030205,17.476027291456887,17.476174827292784,17.47634184132995,17.476528203526026,17.47673372149663,17.47695810911508,17.4772009423029,17.477461591358843,17.47773912005882,17.47803213418183,17.478338555859498,17.478655289667074,17.478977741116296,17.479299149736832,17.479609738981253,17.479895809803956,17.480139233082124,17.480318457412707,17.4804130569573,17.480412894073535,17.480317968605423,17.48013842068792,17.47989467662127,17.47960828919055,17.479297388957217,17.47897567550289,17.478652927502775,17.478335905464434,17.478029205765697,17.477735924412446,17.47745814067442,17.477197249463917,17.47695418797102,17.476729586915404,17.476523871259452,17.47633732748824,17.476170149240108,17.47602246674945,17.47589436763413,17.47578591080997,17.47569713527796,17.47562806703222,17.475578722537552,17.475549112125115,17.475539241498247
17.475510581185652,17.475520438032916,17.47555000793276,17.475599285003927,17.475668259980935,17.475756915669706,17.475865228533976,17.475993158946405,17.47614065002644,17.476307614870663,17.47649392461701,17.476699387169017,17.47692371740319,17.47716649198883,17.47742708200355,17.477704551931883,17.477997508463467,17.47830387451218,17.478620555472062,17.47894295748976,17.479264320937386,17.479574869753467,17.479860905902346,17.480104300302393,17.480283502474226,17.480378087178547,17.480377915941286,17.48028299038861,17.48010344858297,17.47985971794825,17.479573350175297,17.479262474813314,17.47894079233748,17.47861807889334,17.478301096025017,17.477994438237427,17.477701201557707,17.47742346405081,17.47716262002717,17.476919606032023,17.47669505189914,17.47648938173768,17.47630288170708,17.47613574442605,17.475988099629785,17.475860034459487,17.47575160713582,17.475662856523392,17.475593807866627,17.475544477609702,17.475514875962542,17.47550500813701
17.47547456444683,17.47548441779699,17.475513976046944,17.47556323468447,17.475632182807864,17.475720806418245,17.47582907926205,17.47595696470916,17.476104405122207,17.47627131474561,17.47645756525241,17.476662965496995,17.476887231178445,17.47712993981945,17.477390463325438,17.477667867121554,17.477960758930717,17.478267062466603,17.478583684010612,17.478906030508778,17.47922734319539,17.47953784691852,17.4798238440373,17.480067206347588,17.480246384153652,17.480340951707756,17.480340772520417,17.480245846202745,17.48006631234389,17.479822597145166,17.479536251307653,17.47922540549542,17.47890375729562,17.478581083997675,17.47826414528852,17.477957535510118,17.47766434942939,17.477386664498088,17.477125874186537,17.47688291406324,17.476658413061262,17.476452794711506,17.476266344156116,17.476099253317877,17.475951651307653,17.47582362447438,17.475715230778242,17.47562650816035,17.47555748175184,17.475508167764453,17.47547857580282,17.4754687112785
17.475436510386807,17.475446359296633,17.47547590520221,17.47552514172831,17.475594061573087,17.475682647386563,17.47579087637471,17.475918710831703,17.47606609431495,17.47623294175295,17.476419125732782,17.476624455915694,17.47684864903005,17.47709128347213,17.477351732140455,17.477629061712094,17.47792188069551,17.478228114010363,17.478544668705972,17.478866952959017,17.479188208812776,17.479498661911848,17.47978461542836,17.480027942202852,17.480207092202875,17.4803016419866,17.4803014530999,17.480206527136,17.480027002492047,17.479783304483213,17.479496985075553,17.479186171751582,17.478864563480773,17.47854193556037,17.47822504731535,17.477918491944557,17.47762536347694,17.477347738278493,17.477087008887782,17.47684410978846,17.476619669198204,17.476414109484995,17.476227714950014,17.476060676763296,17.475913123064544,17.47578513983715,17.4756767839343,17.47558809307898,17.475519091964856,17.475469796157196,17.475440215267483,17.475430354495632
17.475396424047986,17.47540626865457,17.475435799190326,17.475485013071356,17.475553899074026,17.475642443743144,17.475750622974594,17.47587840017639,17.476025719682095,17.47619249735711,17.476378606540255,17.476583858062888,17.476807969556184,17.47705052050836,17.47731088524177,17.477588131244445,17.47788086853379,17.47818702276151,17.478503502597412,17.478825716935418,17.479146909059814,17.479457305401723,17.479743210484518,17.479986496896565,17.480165617196445,17.48026014611759,17.48025994769822,17.48016502238566,17.4799855079511,17.4797418311529,17.479455540624453,17.479144765360743,17.47882320224874,17.478500626142594,17.47818379520233,17.477877301785057,17.477584238734188,17.477306681310473,17.477046020948038,17.476803191184555,17.476578818933255,17.47637332560587,17.476186994540694,17.47602001581299,17.475872516956713,17.475744582774112,17.4756362697215,17.475547614818236,17.475478642131215,17.475429366916085,17.47539979858606,17.47538994193301
17.475354312456602,17.475364150666675,17.475393666243292,17.47544285239222,17.475511701934384,17.475600199940907,17.475708323265817,17.475836036223587,17.475983284033646,17.47614998327242,17.476336008533234,17.476541171629563,17.476765191340746,17.477007648717677,17.47726791894813,17.477545071268057,17.477837716461057,17.478143782164473,17.478460177738086,17.47878231374685,17.47910343429417,17.479413767394867,17.479699617563366,17.479942860158385,17.4801219460988,17.48021645308833,17.480216244142348,17.480121319445832,17.479941818463654,17.479698164632122,17.479411908192287,17.47910117608347,17.478779664548902,17.478457147313627,17.478140381726856,17.47783395864067,17.477540969808395,17.477263489289808,17.47700290728885,17.476760155986636,17.476535861094543,17.476330442943656,17.476144183585205,17.475977272227688,17.475829835137855,17.47570195650209,17.47559369182275,17.475505077440015,17.475436136825003,17.475386884951824,17.475357330669418,17.475347478820318
17.475310181401166,17.475320014836033,17.47534951124678,17.475398667918185,17.47546747604795,17.475555921561977,17.475663982299135,17.47579162329512,17.475938790503385,17.476105401808656,17.47629133283972,17.47649639656928,17.47672031343936,17.476962665445292,17.47722282977466,17.477499876468947,17.477792418613205,17.478098384576434,17.478414685750547,17.47873673365821,17.479057774190245,17.47936803576357,17.47965382567387,17.47989701796533,17.4800760668803,17.480170549311723,17.480170328477588,17.48007540649808,17.479895919740674,17.47965229342894,17.479366075791468,17.47905539296963,17.478733940163494,17.478411490218548,17.47809479877184,17.477788455590527,17.477495551032323,17.47721815778384,17.476957664528474,17.476715002042337,17.47649079476366,17.476285461577696,17.476099283335415,17.47593244796308,17.47578508073184,17.475657264740434,17.475549054634328,17.475460485896775,17.475391581572318,17.475342355930973,17.475312817579187,17.475302970889675
17.47526404182233,17.475273867332525,17.475303343935387,17.475352467043567,17.475421228557323,17.475509615434568,17.47561760607749,17.475745166241932,17.475892243171447,17.47605875581689,17.476244580988272,17.476449533390866,17.476673334513332,17.476915568528813,17.477175613487088,17.477452541998463,17.477744967952678,17.478050822160913,17.47836701706885,17.478688966286057,17.479009916479455,17.479320098911565,17.479605819975873,17.479848957314076,17.480027964611615,17.48012241939352,17.480122187224843,17.480027267394092,17.479847798398115,17.479604203580152,17.479318030349866,17.47900740381979,17.478686018291096,17.478363644727605,17.478047037613948,17.477740785277323,17.477447976365298,17.477170682036473,17.476910289240394,17.476667727384736,17.47644361917235,17.4762383820119,17.47605229539015,17.475885545806513,17.475738257381114,17.47561051209075,17.475502363389563,17.47541384623757,17.475344982748783,17.47529578665212,17.47526626609828,17.475256425711347
17.475215901043462,17.475225719497363,17.47525517338468,17.47530425863242,17.47537296820803,17.475461289485047,17.475569201427522,17.475696671083004,17.475843646781886,17.476010048670652,17.476195755304374,17.476400582528985,17.47662425407909,17.47686635514658,17.477126266523367,17.477403061757528,17.477695357577996,17.478001085886422,17.478317161623213,17.478638999455782,17.478959849162845,17.47926994148551,17.479555586638437,17.47979866208655,17.47997762246022,17.480072048194245,17.480071802329082,17.47997688671984,17.47979743830629,17.47955387972321,17.47926775739219,17.47895719557445,17.478635886490856,17.4783135999616,17.477997088894085,17.47769093968206,17.477398239333684,17.47712105703253,17.476860778131645,17.476618330093125,17.476394333822306,17.476189205235205,17.476003221941763,17.475836569208894,17.47568936968822,17.475561703881905,17.47545362456932,17.47536516543227,17.475296347857476,17.47524718499861,17.4752176848465,17.47520785067328
17.475165772149033,17.47517558213172,17.475205010277858,17.475254053492293,17.47532270501747,17.475410952603422,17.475518776489125,17.47564614476984,17.4757930069596,17.47595928487992,17.47614485833179,17.47634954543112,17.47657307111979,17.476815023424706,17.477074784232567,17.47735143020712,17.47764357933865,17.477949166384455,17.47826510766006,17.47858682121113,17.47890755668982,17.47921754898282,17.479503108558344,17.479746114154665,17.479925023721663,17.480019415731512,17.48001915627313,17.479924246023703,17.479744821622415,17.47950130481924,17.479215241316727,17.47890475313855,17.47858353137535,17.47826134415855,17.477944942250655,17.477638910207386,17.477346332980684,17.477069277741105,17.4768091277948,17.47656680835697,17.476342938780622,17.47613793257647,17.47595206603115,17.47578552249148,17.475638422929237,17.47551084691444,17.475402845549837,17.47531445165997,17.475245685783637,17.47519656053057,17.475167082564454,17.47515725653837
17.475113667686703,17.47512346783824,17.475152867546523,17.475201863833938,17.4752704501642,17.4753586153794,17.475466340745605,17.475593595462716,17.475740330622298,17.475906469402563,17.476091893836724,17.476296423392146,17.476519785892275,17.47676157061508,17.47702116277779,17.477297640592834,17.477589625087763,17.47789505282433,17.478210843679932,17.478532416120743,17.478853024250814,17.479162903694007,17.479448366557822,17.47969129533864,17.479870146589082,17.479964502393926,17.479964228161453,17.47986932481927,17.479689928466094,17.479446460415385,17.47916046402394,17.47885006021339,17.47852893836837,17.478206864186117,17.477890586496063,17.47758468758556,17.47729225008573,17.477015338879742,17.4767553346999,17.47651316098231,17.476289434175698,17.4760845663711,17.475898831362915,17.475732410693798,17.475585423988324,17.475457948786076,17.475350035118897,17.47526171465145,17.47519300699649,17.475143923406936,17.475114471391926,17.475104653509828
17.475059602184793,17.475069391754634,17.47509875978889,17.47514770338895,17.475216216839144,17.475304290011767,17.475411905115177,17.475539032807195,17.475685625584884,17.4758516087637,17.47603686584666,17.476241219171737,17.476464398021008,17.47670599510504,17.476965397454595,17.477241686449418,17.477533485435885,17.47783873460399,17.478154354958026,17.478475769578456,17.478796233952167,17.47910598570233,17.47939134128744,17.479634182251623,17.479812969406215,17.479907284808995,17.479906994775853,17.479812100182087,17.47963273724688,17.47938932501865,17.47910340586456,17.478793098980283,17.47847209105395,17.47815014580661,17.477834009533044,17.477528261914525,17.47723598300551,17.47695923479537,17.476699395948458,17.47645738649506,17.476233821307755,17.476029109332725,17.475843522522652,17.47567724046054,17.475530380482216,17.475403018706015,17.475295203665357,17.47520696572019,17.475138323002525,17.47508928703643,17.475059863222736,17.47505005506875
17.475003593139494,17.475013370930924,17.475042703357747,17.47509158805325,17.475160020218155,17.475247990491912,17.475355482322648,17.475482467827327,17.47562890146324,17.475794710126458,17.475979780092604,17.47618393539034,17.47640690868486,17.476648294763645,17.476907483984604,17.477183560505992,17.47747515128275,17.47778019840279,17.478095627589134,17.478416864063263,17.47873716565703,17.479046774961297,17.479332008064034,17.47957475146734,17.479753466469017,17.47984773700104,17.47984743000644,17.479752547119464,17.479573222746392,17.479329875230523,17.479044045266356,17.478733849196527,17.478412971615032,17.47809117350562,17.477775198229335,17.477469622617363,17.477177523474623,17.476900960322386,17.47664130803759,17.47639948468132,17.47617610148313,17.47597156532549,17.475786145547627,17.475620019209664,17.475473301789975,17.475346067517847,17.475238363210927,17.475150217547423,17.475081648382563,17.475032665010577,17.475003273393764,17.474993475825737
17.474945659990627,17.47495542446692,17.47498471710789,17.475033536222455,17.47510187761158,17.47518973285277,17.475297086922026,17.47542391360784,17.47557016904794,17.475735782693334,17.475920642731012,17.47612457647718,17.47634731891552,17.476588468233352,17.476847417921707,17.477123255801516,17.477414611431595,17.47771943170213,17.47803464516603,17.478355679861025,17.478675799179882,17.478985246047895,17.479270342159193,17.47951297515863,17.47969160925158,17.479785829723177,17.479785505270748,17.47969063641093,17.479511357396323,17.479268085220657,17.478982357625465,17.478672288811975,17.47835156047839,17.478029930266352,17.477714138447382,17.477408758230528,17.47711686340432,17.476840509453204,17.476581068657136,17.476339455056202,17.476116277389416,17.475911939326256,17.47572670734564,17.47556075619917,17.47541419896431,17.47528710776585,17.47517952742604,17.475091485846747,17.475022998352653,17.474974074472385,17.47494471858674,17.47493493314212
17.474885824740348,17.474895574312047,17.474924822733048,17.47497356869931,17.475041808632852,17.475129535575842,17.47523673585044,17.47536338500699,17.475509441426215,17.475674836670578,17.475859462021432,17.476063147340945,17.47628563094494,17.476526514512354,17.476785195232825,17.47706076410615,17.477351855561263,17.47765641997847,17.47797138925194,17.47829219743898,17.47861210912078,17.478921373499727,17.47920631418238,17.479448822721782,17.479627365501365,17.479721530837516,17.47972118722727,17.47962633596219,17.47944711062023,17.479203925412165,17.478918315985272,17.47860839352187,17.478287835985867,17.47796639767867,17.47765081480626,17.47734565699702,17.477053993709514,17.476777877118007,17.47651867505128,17.4762772985399,17.476054352526337,17.47585023734803,17.47566521669433,17.47549946232574,17.475353084833333,17.475226153905563,17.47511871303829,17.47503078728242,17.47496239182555,17.474913534158897,17.47488421852445,17.47487444650191
17.474824112455682,17.474833845577695,17.474863044764266,17.47491170898722,17.474979835958536,17.475067419749774,17.475174448438942,17.475300899467847,17.4754467334469,17.475611884722404,17.475796247374618,17.47599965441344,17.476221848014518,17.47646243337013,17.476720811488182,17.47699607816644,17.4772868719826,17.477591147112012,17.47790584182512,17.478226392388937,17.478546070181924,17.478855127219152,17.47913989207707,17.4793822594099,17.479560699836966,17.479654802909433,17.47965443912004,17.479559610050956,17.479380447312284,17.479137363242575,17.47885189052887,17.478542136216355,17.47822177463742,17.477900555589535,17.477585211090062,17.47728030602776,17.476988905795032,17.476713057650386,17.476454125722384,17.47621301667656,17.475990331538345,17.47578646724339,17.475601683978795,17.475436150445777,17.475289974347838,17.47516322341995,17.47505593798694,17.474968142476865,17.474899849497422,17.474851066161627,17.47482179533606,17.474812038235108
17.47476055183259,17.474770266688953,17.474799410787227,17.474847984164317,17.47491598521478,17.475003409616285,17.475110246955946,17.47523647695261,17.475382062680684,17.475546941411825,17.475731010149158,17.475934106042583,17.4761559744456,17.476396225092593,17.476654263484576,17.47692919019466,17.477219647967782,17.477523597661598,17.477837980727987,17.478158240661557,17.478477652625532,17.478786474685418,17.479071039485344,17.479313247202196,17.479491571189993,17.479585604647074,17.479585219880523,17.47949041764988,17.479311328665727,17.479068362596085,17.478783047801905,17.47847348730512,17.47815335057265,17.477832382424054,17.477517309705362,17.47721269237826,17.476921590357257,17.47664604641783,17.476387419651548,17.47614661214303,17.475924220807173,17.475720638516414,17.47553612168328,17.475370835671693,17.475224885522973,17.47509833538421,17.47499122443484,17.4749035739222,17.474835395808455,17.474786695221017,17.474757474395048,17.474747734162737
17.474695175266092,17.47470486951362,17.474733952587535,17.474782424783527,17.474850285872634,17.474937532639494,17.47504415694559,17.475170140567503,17.4753154495026,17.475480023746183,17.47566376453882,17.475866511902453,17.47608801627499,17.47632789151639,17.47658554842762,17.476860092044618,17.47715017195774,17.477453753031213,17.477767784459008,17.478087714275713,17.478406824786827,17.478715379169632,17.478999716844598,17.479241742312038,17.479419934293034,17.479513889871864,17.4795134824024,17.47941871326082,17.479239711507372,17.47899688278646,17.47871175107741,17.47840241421046,17.478082535754208,17.47776185487506,17.477447092397664,17.477142802204135,17.476852038812723,17.47657683912662,17.47631855686196,17.47607808931022,17.475856028472364,17.47565276279464,17.475468544756897,17.475303536267738,17.475157838304643,17.475031513284037,17.474924596555276,17.474837108383216,17.474769058084824,17.4747204498042,17.47469128488709,17.474681563260205
17.474628019159635,17.474637690796268,17.474666705885255,17.474715065831372,17.474782771061854,17.474869820520706,17.474976207627122,17.4751019170608,17.475246917304915,17.475411152484956,17.47559452649863,17.475796884720083,17.476017981407583,17.476257436012254,17.47651466402818,17.476788777365464,17.477078430338032,17.4773815958764,17.477695228381165,17.478014784049204,17.478333551250746,17.47864180110877,17.478925879080375,17.479167696647806,17.479345738622815,17.47943960582751,17.479439174441055,17.47934444613001,17.479165547120278,17.478922878925047,17.478637959942535,17.478328881251297,17.478009300035907,17.47768894818776,17.477374539766966,17.477070622028485,17.47678024272377,17.476505432362455,17.47624753914862,17.4760074543412,17.475785764869766,17.475582854472876,17.475398971336453,17.475234272770088,17.475088857296146,17.47496278285262,17.474856083345085,17.47476877572213,17.474700867876386,17.474652362531774,17.47462325969621,17.47461355880967
17.47455912539035,17.47456877171824,17.47459771161354,17.47464594663004,17.47471347911328,17.47480030909114,17.474906432767646,17.475031836972303,17.475176494123208,17.47534035080866,17.475523316343395,17.47572523958512,17.475945880499207,17.476184863446544,17.476441610563885,17.47671523912752,17.47700441157079,17.477307106712168,17.477620287754654,17.47793941786615,17.47825779443102,17.4785656961467,17.478849477046374,17.47909105688938,17.479268926927414,17.479362694100534,17.47936223776178,17.479267559040604,17.479088781644595,17.47884630160123,17.478561629828278,17.47825285011202,17.47793361087908,17.477613636303666,17.477299632302433,17.476996138290584,17.47670619441135,17.476431824653524,17.47617436997671,17.475934715798576,17.475713443361443,17.475510931214586,17.47532742232204,17.475163070657285,17.47501796966497,17.474892175189463,17.474785717170068,17.474698610614176,17.474630861360744,17.474582470318996,17.47455343651271,17.474543758904566
17.474488541009258,17.474498159570338,17.474527015724977,17.47457511259638,17.47464245313139,17.474729039848675,17.47483487075253,17.474959936390746,17.47510421132903,17.475267647536043,17.47545015743245,17.475651595568383,17.475871726963046,17.47611018215296,17.476366389202543,17.47663947333873,17.47692810336075,17.477230267293393,17.477542936041893,17.47786158254255,17.47817951314772,17.478487016557317,17.47877045700286,17.479011763344545,17.479189436203704,17.479283089863248,17.479282606925462,17.47918798883328,17.479009355752698,17.478767096193558,17.478482712894,17.478174279115617,17.477855434221816,17.47753589241188,17.477222350247267,17.47691933815797,17.47662988824892,17.476356016055668,17.476099055640884,17.475859885524635,17.475639080775714,17.47543701402442,17.475253923813398,17.47508995847468,17.47494520853494,17.47481972519658,17.474713535897806,17.474626652869393,17.474559079598496,17.474510815528248,17.474481858532855,17.4744722062132
17.474416320046167,17.474425907476004,17.474454671344624,17.47450261483728,17.474569743000348,17.474656059808158,17.474761566640247,17.474886255811285,17.47503010719326,17.475193075430766,17.475375078492462,17.475575975986516,17.475795538587764,17.47603340314784,17.476289005321668,17.476561476914856,17.476849496167954,17.477151059191826,17.47746314712736,17.477781242991583,17.47809866417132,17.478405711241763,17.478688759849966,17.47892975112714,17.479107197175136,17.479200720919742,17.479200210017392,17.47910566603655,17.478927204014273,17.4786852041186,17.478401156948888,17.47809312476882,17.477774734641315,17.477455689314475,17.477142674597108,17.476840210816157,17.476551320265997,17.47627801002519,17.476021605950972,17.475782979194015,17.475562698031286,17.47536112945468,17.475178505741106,17.475014971328058,17.47487061140235,17.47474547403117,17.47463958314073,17.474552947943728,17.47448556997537,17.474437446730917,17.474408574393316,17.474398950910214
17.474342523486477,17.47435207694912,17.47438073831938,17.474428512418186,17.474495405349565,17.47458142394068,17.47468657104948,17.474810844076416,17.47495422511086,17.475116674106403,17.475298114052002,17.475498409577742,17.4757173379202,17.47595454299333,17.476209467096524,17.476481251351448,17.47676858224597,17.477069466239442,17.477380895218452,17.477698363925075,17.478015202764844,17.47832172555772,17.478604322644824,17.478844950111892,17.479022133829584,17.479115508682963,17.479114968507382,17.4790205145219,17.478842256358305,17.478600561611316,17.47831690772466,17.478009341645063,17.47769147618525,17.477373000734158,17.47706058833475,17.47675874763432,17.476470490374915,17.476197813934668,17.47594203524904,17.475704017505308,17.47548432208709,17.475283308895857,17.475101205240012,17.474938149515054,17.47479422297331,17.474669469440897,17.474563909084544,17.474477548634088,17.474410386837942,17.474362419109195,17.474333641190317,17.474324048761986
17.474267222019336,17.474276737500688,17.474305285930694,17.47435287269065,17.47441950610438,17.47450519426001,17.474609944630057,17.474733756500893,17.474876616901877,17.4750384907767,17.47521930536131,17.47541893210104,17.475637154551062,17.47587362321693,17.4761277893297,17.476398802181002,17.47668535833621,17.4769854752317,17.477296156715365,17.477612911083156,17.4779290832508,17.478235003321796,17.478517079288725,17.47875728510452,17.47893416487224,17.479027368483887,17.479026797358433,17.478932453266303,17.478754437132,17.4785131026518,17.478229908582364,17.477922883866164,17.477605624158798,17.47728780248269,17.47697607745997,17.47667494439353,17.47638740330794,17.47611544066779,17.47586036394539,17.47562302797187,17.47540398602004,17.475203591815923,17.475022065878196,17.47485954168891,17.474716095586516,17.47459176682108,17.47448657251044,17.47440051569134,17.474333592609018,17.474285797373934,17.474257122947023,17.474247565462427
17.47419049597305,17.474199969860294,17.474228393516043,17.47427577386179,17.47434212017585,17.474427444587608,17.474531756170386,17.474655058673775,17.47479734409857,17.47495858087428,17.47513870321871,17.4753375880316,17.47555502542685,17.47579067419566,17.476043993426625,17.47631414197013,17.47659982715108,17.476899078068303,17.47720891214968,17.477524852676996,17.47784026157926,17.47814548832316,17.47842696149691,17.478666678083425,17.478843204714693,17.478936210513755,17.47893560723455,17.47884139604237,17.478663668685,17.47842275884435,17.47814010285979,17.477833707313227,17.47751714641403,17.477200074596404,17.47688913323232,17.476588803064804,17.476302070479562,17.476030910582143,17.475776620548878,17.475540045884642,17.47532173224228,17.475122025724424,17.474941140869916,17.474779205537217,17.47463629063373,17.47451243176563,17.474407641419123,17.474321919688563,17.47425526055365,17.47420765482515,17.47417909516157,17.474169575811356
17.47411243901351,17.474121866872277,17.474150153251074,17.474197305487902,17.474263336309146,17.474348259073043,17.4744520868666,17.47457482831949,17.474716478258465,17.474877012187434,17.475056368925067,17.475254431949427,17.475470998792453,17.47570573575577,17.47595811066887,17.476227292584074,17.476511999788446,17.476810274413378,17.477119148565382,17.477434162433937,17.477748697841683,17.478053126246326,17.478333902070585,17.478573050086247,17.478749165633626,17.47884194263608,17.478841305410096,17.47874725568957,17.478569871780977,17.478329462770812,17.478047436632,17.47774177150871,17.477426016664236,17.477109803643195,17.47679975501664,17.476500333935597,17.476214512854842,17.47594425395102,17.475690843454867,17.475455117540708,17.475237613237358,17.4750386695136,17.474858494414576,17.474697209598283,17.4745548816643,17.47443154068673,17.474327195733427,17.474241843616586,17.474175474549178,17.47412807812279,17.474099644456263,17.474090167383842
17.474033159355656,17.47404253678565,17.474070671444164,17.474117573440186,17.474183256249184,17.474267736809793,17.474371032887007,17.474493155405792,17.474634106363613,17.474793865121917,17.47497237708378,17.475169532339898,17.47538513549195,17.475618860693196,17.475870185159376,17.476138287906583,17.476421899180156,17.476719074886137,17.477026863057002,17.47734082322194,17.477654359199363,17.477957869092545,17.478237837878865,17.478476324824925,17.47865196148068,17.47874447302543,17.478743800632845,17.47864994579221,17.478472970147386,17.47823315161496,17.477951861535416,17.47764704407118,17.47733221720604,17.477016987040564,17.47670795277405,17.476409559681713,17.476124763688887,17.475855513663333,17.47560308439647,17.475368302061433,17.475151695259537,17.47495359547937,17.474774203848924,17.474613636956057,17.474471955091133,17.474349184426195,17.474245329755657,17.474160383655676,17.474094334113335,17.474047167484663,17.474018872634318,17.47400944177079
17.473952783802545,17.473962105152385,17.473990073755747,17.47403669981433,17.474101999819904,17.474185995145376,17.474288705408004,17.4744101488129,17.474550330639232,17.474709236924127,17.47488681906053,17.475082973738743,17.475297512649615,17.475530118383247,17.47578027695357,17.47604717796238,17.47632956395828,17.47662550517269,17.476932067459757,17.47724483098321,17.477557225348317,17.477859679443178,17.4781387149323,17.478376433687362,17.47855151218448,17.478643715889508,17.478643006931822,17.478549386355148,17.4783728954334,17.478133771306094,17.477853340619923,17.477549504413574,17.4772357448227,17.476921635932904,17.476613752639953,17.47631651850593,17.476032872527185,17.475764749233146,17.475513411452525,17.475279675372324,17.47506406100543,17.47486689210207,17.474688363936465,17.474528586206425,17.474387614788544,17.47426547071728,17.474162154066175,17.47407765423628,17.4740119552099,17.473965041204828,17.47393689851298,17.473927518819536
17.47387146008471,17.473880720627054,17.47390850597864,17.473954828553616,17.474019708955588,17.474103169914518,17.474205238507516,17.474325935826496,17.474465274085176,17.474623244868102,17.47479980600022,17.47499486059153,17.4752082279571,17.47543959829436,17.475688466725696,17.475954033385875,17.47623505312216,17.47652961165187,17.476834793110296,17.477146201136357,17.477457294146543,17.477758536787974,17.478036494941026,17.47827332199648,17.478447750875723,17.478539597714533,17.478538850474152,17.478445510869214,17.478269593070376,17.478031283987594,17.477751853398107,17.47744915127246,17.477136614559374,17.476823782677403,17.476517200754614,17.47622126969293,17.475938909856094,17.47567204088933,17.475421913483544,17.475189333843787,17.47497481323934,17.47477866879511,17.474601088452328,17.474442177010197,17.47430198458503,17.47418052708406,17.47407780057294,17.473993789661712,17.473928475323167,17.473881838089206,17.473853862780935,17.47384453857187
17.473789363486812,17.473798556547948,17.473826140179774,17.47387213031611,17.473936548286908,17.47401942445975,17.474120788506372,17.47424066897436,17.474379083444003,17.47453603014727,17.474711472949217,17.47490532209704,17.475117403494053,17.47534741508105,17.475594860745183,17.475858950619834,17.476138452333906,17.476431466783115,17.476735098145156,17.477044975281608,17.47735458894713,17.477654445663823,17.4779311631077,17.47816695785465,17.478340632426466,17.478432065688256,17.4784312792231,17.478338274044724,17.478163031591624,17.477925675103645,17.4776474053356,17.47734600802052,17.47703486919404,17.47672348560741,17.476418370423442,17.476123899120328,17.47584297251504,17.47557749488027,17.47532870488869,17.475097398703006,17.474884080059894,17.47468905837616,17.474512516376446,17.474354552711176,17.474215212197958,17.474094506066155,17.473992424985845,17.473908949730827,17.473844056404804,17.47379772299043,17.473769930545195,17.473760668038047
17.473706699131974,17.473715817641857,17.4737431805111,17.473788803443902,17.473852715357154,17.47393494893853,17.474035542074496,17.474154528804924,17.474291934018602,17.474447762167777,17.474621984125566,17.4748145162516,17.475025191164388,17.475253713973952,17.475499596436748,17.47576205858779,17.47603987983049,17.476331177023656,17.476633074880134,17.4769412293971,17.47724916799174,17.477547444567954,17.47782273863623,17.478057342588098,17.478230143720307,17.478321099912524,17.478320272733736,17.478227663488763,17.478053212422157,17.477816964924305,17.477540035115993,17.477240134206635,17.476930585356104,17.47662083809346,17.47631736893067,17.476024526155143,17.4757451899832,17.47548124931818,17.475233930866793,17.47500402197577,17.474792018285594,17.47459822381093,17.474422814950877,17.474265885287306,17.474127474575237,17.474007588402717,17.473906212935475,17.47382332303454,17.473758891086593,17.47371288988201,17.473685298730373,17.473676103065152
17.47362370920659,17.47363274677588,17.473659864618263,17.473705085383138,17.473768439858894,17.473849969702563,17.473949718793353,17.474067729582163,17.474204034020165,17.474358644110907,17.474531537097462,17.474722635575066,17.474931778289694,17.475158676503636,17.47540284918944,17.475663524904903,17.475939494617368,17.476228890598186,17.47652885844869,17.47683508389911,17.477141134077026,17.47743761775231,17.477711286459805,17.477944522752686,17.478116318015918,17.478206725328445,17.47820585643748,17.478113712207893,17.477940183507844,17.477705218292535,17.477429828587795,17.477131633512382,17.476823884776817,17.476515976752896,17.47621434590364,17.475923311081797,17.475645731377334,17.47538348046017,17.475137774104244,17.474909390907836,17.474698820832128,17.474506361702275,17.47433218543868,17.474176380670258,17.47403898172915,17.473919989462537,17.473819383441825,17.47373713373089,17.473673206108426,17.473627569756616,17.47360019860911,17.473591076850607
17.473540680486973,17.473549626739562,17.473576476045796,17.473621251846073,17.4736839942306,17.473764751572553,17.47386357765215,17.473980523538174,17.474115630242753,17.474268917245112,17.474440368532683,17.474629912597262,17.47483739330958,17.475062527126063,17.475304838653432,17.47556356392194,17.475837504194732,17.47612480609591,17.47642263719205,17.476726713516697,17.47703064683053,17.477325107528873,17.477596930463957,17.477828605840532,17.477999248586343,17.478089028273526,17.47808811651608,17.477996514670608,17.47782405185222,17.47759056113936,17.47731692871584,17.477020667233912,17.47671494393835,17.47640909156324,17.476109502103625,17.475820463291697,17.47554481295307,17.475284410098467,17.475040460260193,17.474813735695115,17.47460472050075,17.47441370881617,17.47424086834982,17.474086283125622,17.47394998319772,17.473831962756403,17.47373219598131,17.473650645161563,17.47358727045561,17.473542033548462,17.473514904612532,17.47350586388203
17.473457946232905,17.473466793276977,17.473493343317973,17.473537628368256,17.473599695585982,17.47367960490571,17.473777420983964,17.47389320650829,17.47402701226049,17.474178866260125,17.474348759349265,17.47453662524267,17.474742311868223,17.474965539277743,17.47520583616926,17.475462444133314,17.47573417270646,17.47601918257606,17.476314661884615,17.47661635945004,17.476917934905558,17.47721012778027,17.477479869330036,17.477709774870174,17.47787910668258,17.477968173119983,17.477967218202952,17.47787624174993,17.47770500244555,17.47747319243688,17.4772015514453,17.476907465578147,17.47660400608666,17.476300435961836,17.47600309878552,17.47571624997186,17.475442705917104,17.47518431201257,17.47494226582281,17.474717333776074,17.47450999711748,17.47432054703399,17.474149148146566,17.473995881511158,17.47386077140512,17.47374380691887,17.47364495394839,17.47356416753749,17.473501398230564,17.473456600826104,17.47342973833122,17.473420786857787
17.473375899238352,17.47338463384084,17.473410851983903,17.473454591712972,17.473515912899334,17.47359488895458,17.473691599750985,17.47380612149779,17.473938516984056,17.47408882370751,17.474257039376106,17.474443101963388,17.474646862207223,17.474868041848712,17.47510617136003,17.475360495344145,17.47562983011935,17.47591234772488,17.47620525713686,17.47650434036023,17.47680330866558,17.47709297881984,17.47736039122955,17.477588306309034,17.47775615884312,17.47784442172423,17.477843422186737,17.47775316163638,17.477583312030255,17.47735340238301,17.477083998448816,17.476792341405595,17.476491392502382,17.476190337192925,17.475895467253952,17.475611004195525,17.475339743814004,17.47508351982146,17.474843522898933,17.47462051709531,17.474414982107806,17.47422720816375,17.474057359048828,17.473905512134632,17.473771688053706,17.47365586841763,17.47355801123718,17.473478060407633,17.473415956465104,17.47337164316117,17.473345074939044,17.473336222291703
17.47329498959197,17.47330359927755,17.473329444950863,17.473372576538438,17.473433069339226,17.473511016221114,17.473606515831154,17.473719661983086,17.473850531785775,17.473999173399523,17.474165590939528,17.47434972603665,17.474551430168233,17.474770424364905,17.475006237977173,17.47525811628621,17.475524878799092,17.47580470750456,17.476094830479934,17.476391063500312,17.47668717316706,17.476974060847713,17.477238889838937,17.477464586626258,17.477630785785134,17.477718150015498,17.47771710655486,17.477627654499546,17.477459368934962,17.477231585964255,17.47696467231831,17.476675702275855,17.476377513428204,17.476079206506643,17.475787017137122,17.475505132847953,17.47523632999303,17.474982431914416,17.474744626184258,17.474523676205358,17.474320063075933,17.474134078905927,17.473965887074037,17.473815564102424,17.47368312568044,17.473568546551395,17.47347177360103,17.473392738500817,17.4733313669994,17.473287589033166,17.47326134736441,17.473252604526692
17.473215734546695,17.47322420208719,17.4732496276456,17.473292075787576,17.473351644734787,17.473428452533547,17.47352262324354,17.473634272843295,17.47376349582844,17.47391035173517,17.474074851457313,17.474256938396266,17.474456462473597,17.47467314099078,17.474906499280213,17.475155779171363,17.475419800840214,17.475696752962456,17.475983880968364,17.47627703476799,17.476570038837156,17.476853886825854,17.477115878744648,17.47733912868292,17.477503497544923,17.477589869086984,17.47758878055071,17.47750023281443,17.477333686391987,17.477108258945094,17.476844088594206,17.476558061458892,17.476262878513495,17.475967546946773,17.475678244197606,17.475399123312325,17.475132942228903,17.474881517734886,17.474646036191054,17.474427264202397,17.47422568755366,17.474041601957097,17.473875173982872,17.473726479453873,17.473595530448538,17.473482292960213,17.473386701603534,17.473308671119092,17.473248108554795,17.473204925106792,17.473179047439366,17.473170427060634
17.4731387129343,17.47314701833248,17.473171964840084,17.47321363965786,17.473272171950725,17.473347714727026,17.47344042550922,17.473550448391737,17.473677898162748,17.47382284765439,17.47398531334162,17.474165238386853,17.47436246829869,17.474576713206552,17.474807490131447,17.47505403415895,17.475315161894052,17.475589065464924,17.475873005775554,17.476162865734466,17.476452530609897,17.47673309305624,17.476992003510215,17.477212583455966,17.47737495126541,17.477460236048998,17.477459103661754,17.477371552718793,17.47720691814796,17.47698406871693,17.47672288598313,17.47644004768301,17.47614810317812,17.47585596048501,17.475569735558913,17.475293547034713,17.47503013770745,17.474781319565906,17.474548282167664,17.4743317988638,17.47413236297643,17.473950278133593,17.47378571574257,17.473638753401655,17.47350939950966,17.473397611044835,17.473303306695406,17.473226380111694,17.473166713409604,17.473124192578304,17.473098722155054,17.473090239504028
17.473064561086247,17.473072678428878,17.4730970736044,17.473137865771307,17.473195228434676,17.473269362228823,17.473360468424268,17.47346872569842,17.473594273663643,17.473737198649378,17.47389752135885,17.474075182351807,17.474270018575666,17.47448172896445,17.474709818197233,17.474953509806628,17.475211612859518,17.475482319543577,17.4757629028426,17.47604927827546,17.476335393163623,17.476612445880452,17.47686804838599,17.47708575249756,17.47724595733196,17.47733006949277,17.47732889285295,17.477242427346283,17.477079866301306,17.476859802286512,17.476601834095728,17.47632240905716,17.47603391404931,17.47574515064738,17.47546217140265,17.47518906248194,17.474928552741478,17.474682453825878,17.47445196204323,17.474237861107085,17.47404065666365,17.47386066310743,17.473698060306617,17.473552929538986,17.47342527682129,17.473315048488974,17.473222144340543,17.47314643066517,17.473087757230772,17.473045975850006,17.4730209625392,17.47301263414954
17.47299395456362,17.47300185113255,17.47302560366579,17.473065380582113,17.473121418258742,17.473193981175086,17.47328332594829,17.47338967438349,17.473513193656864,17.47365398360464,17.473812067575256,17.473987378751993,17.474179742106838,17.474388840287546,17.474614160729978,17.474854911071024,17.47510988848041,17.475377280806313,17.475654370718388,17.475937104089212,17.476219492048156,17.47649284237145,17.476744941970026,17.47695958766802,17.47711748871817,17.477200350395915,17.477199131079562,17.477113829484715,17.4769534852932,17.47673639027933,17.476481833489338,17.47620601530961,17.47592114794868,17.475635921471223,17.475356324878362,17.475086411921357,17.474828901533055,17.47458560816701,17.474357738888287,17.47414609253066,17.47395119066712,17.47377336283966,17.473612800894454,17.473469592627012,17.473343742649032,17.47323518598189,17.47314379904734,17.4730694143223,17.47301183874767,17.472970880862615,17.472946377930768,17.472938223066595
17.472927581876988,17.47293521215026,17.472958204486364,17.47299680621946,17.473051341975445,17.473122158267,17.473209580411925,17.473313879571773,17.47343525277946,17.47357381304321,17.47372958161857,17.473902481354283,17.474092319017004,17.474298756407357,17.47452125894169,17.474759013555285,17.475010800896108,17.47527480114153,17.475548302496154,17.475827280174926,17.47610580778453,17.476375308503812,17.476623749677575,17.4768351926777,17.476990673886018,17.477072223619736,17.47707096275111,17.476986889424914,17.47682888008835,17.476614901377918,17.47636391311529,17.47609185191763,17.475810746662923,17.47552917307775,17.475253054906407,17.47498641668592,17.474731969695334,17.474491535264455,17.474266335375113,17.474057187938282,17.473864634862565,17.473689025205775,17.473530566540312,17.473389356336675,17.473265399621962,17.473158618563545,17.473068862596865,17.47299592095584,17.472939548006227,17.472899496085223,17.472875557004308,17.472867592834312
17.472866109731278,17.472873401401834,17.472895473662813,17.472932709080723,17.472985551564832,17.47305444613183,17.473139794343144,17.473241920773226,17.473361053378685,17.47349731453643,17.473650720865493,17.473821178157273,17.474008470864643,17.474212234705078,17.474431908202657,17.474666653277666,17.474915230424102,17.475175807438937,17.475445675976058,17.475720836676594,17.475995426999447,17.476260984564927,17.476505667012482,17.476713807417,17.476866789962376,17.47694698448245,17.476945683352483,17.476862885307277,17.47670729307056,17.476496533163367,17.476249217853365,17.475981009074275,17.475703746964037,17.475425889362253,17.475153296956158,17.474889966167957,17.47463860448092,17.47440104333567,17.474178523540367,17.47397188580341,17.473781696848935,17.47360832886549,17.473452009302708,17.4733128487406,17.473190853591625,17.47308593318064,17.47299790343693,17.47292650266394,17.472871419511772,17.47283234146289,17.472809006216604,17.472801246974154
17.47281017383423,17.47281697639095,17.472837885700773,17.472873529721042,17.47292449486708,17.472991320393188,17.47307447994719,17.473174350072764,17.47329118662513,17.473425119862632,17.473576155733472,17.473744179685237,17.473928948587854,17.474130067628245,17.47434694485361,17.47457871356976,17.47482410999812,17.475081287378412,17.475347536271354,17.475618881963186,17.475889521694615,17.47615111069309,17.476391995916153,17.476596792514947,17.476747239828338,17.476826059148845,17.47682472046489,17.47674322070888,17.47659008661398,17.476382591324107,17.476138990342882,17.47587466484533,17.475601261972585,17.475327123250754,17.4750580465066,17.47479800364736,17.47454970064239,17.474314982601836,17.474095111876682,17.473890955970937,17.473703109000976,17.473531970220627,17.47337779041093,17.4732406952283,17.473120694918094,17.47301768236415,17.472931435792304,17.472861631378827,17.47280788347815,17.47276980619839,17.47274708735073,17.47273953513665
17.47276049979449,17.472766380258182,17.47278570370154,17.472819504931977,17.47286845916088,17.472933142958322,17.47301407460303,17.473111672536323,17.473226219400125,17.473357849734672,17.473506557877915,17.47367220507215,17.47385451758881,17.474053067732527,17.47426723005332,17.47449610661677,17.47473840760402,17.474992268037457,17.475254976141958,17.47552257733228,17.475789328348668,17.476046996990185,17.476284121772334,17.47648559800687,17.476633523641627,17.47671097601739,17.476709601463234,17.476629397969607,17.47647871266619,17.476274463198177,17.476034545883678,17.47577405917771,17.47550445990947,17.475233973824484,17.474968339772804,17.474711506859506,17.47446618283503,17.474234228206434,17.474016930125945,17.47381518407906,17.47362961449429,17.473460649879236,17.47330856567025,17.473173505219584,17.473055480458214,17.47295436623772,17.47286989442488,17.472801671426012,17.47274922916307,17.47271211463573,17.472689976543155,17.47268261761206
17.47271850745375,17.47272188881989,17.472738863601208,17.472770605917386,17.472817547687647,17.472880153432648,17.47295893473268,17.473054342256404,17.473166684922585,17.473296105589284,17.473442587448226,17.473605967844822,17.473785942623024,17.473982049853372,17.474193630203015,17.474419753638735,17.474659102620222,17.474909793153003,17.475169108037235,17.475433111522076,17.47569611431887,17.475949994891742,17.476183475927485,17.47638172776165,17.47652720203027,17.47660332451783,17.476601917604096,17.47652297780655,17.476374677330387,17.476173583546327,17.475937238440935,17.475680465332857,17.475414534321448,17.475147561320245,17.474885228474974,17.47463146578269,17.474388983898084,17.474159661453484,17.473944810263326,17.473745355561444,17.473561952546216,17.473395058769594,17.473244975493333,17.47311186120108,17.47299572841424,17.472896427206035,17.472813636714164,17.472746885150904,17.472695627166868,17.47265935753966,17.472637715252258,17.47263051866641
17.472688714003723,17.472683002260798,17.472696761003245,17.472726554482314,17.472771739099382,17.47283251588686,17.4729093656825,17.47300277405813,17.47311308720374,17.473240464226475,17.47338488339761,17.473546163025112,17.473723970485565,17.473917812300847,17.474126996186197,17.474350560919227,17.47458716152524,17.47483489439969,17.475091036080947,17.475351665878286,17.475611145825507,17.475861456569753,17.476091495924937,17.47628669728025,17.4764298483566,17.476504711600185,17.476503275061052,17.476425535434913,17.47627949768208,17.476081392391784,17.475848424404838,17.475595152976563,17.47533267307084,17.475068995991563,17.474809752900025,17.474558856232793,17.474319022330352,17.47409214696616,17.47387956757331,17.47368223806944,17.473500842804796,17.47333586765797,17.47318763593689,17.47305631901451,17.472941923874437,17.4728442705417,17.47276297814963,17.47269749978984,17.472647225491006,17.47261163095738,17.472590374008064,17.472583302098734
0.0,17.472643884150784,17.472658058908717,17.472687071792908,17.472731076901837,17.47279043151307,17.472865681170504,17.47295737517664,17.473065911614874,17.473191477353303,17.473334055890966,17.47349345284873,17.473669313551092,17.47386111667108,17.47406814074692,17.474289395343025,17.474523510304174,17.474768562795425,17.475021822218057,17.475279381457682,17.475535647352658,17.475782694146087,17.4760095813192,17.476201983096026,17.47634300103264,17.47641670726205,17.476415244665368,17.476338609950854,17.476194652213827,17.47599929166889,17.475769418910087,17.475519351456146,17.475260021568474,17.474999346754064,17.474742911177646,17.47449461377826,17.47425717574967,17.474032510681948,17.473821979686136,17.473626562836724,17.473446971497776,17.473283715296056,17.47313713592699,17.473007411505762,17.472894538305155,17.472798300449107,17.47271825973458,17.472653804209234,17.472604288891564,17.47256920000458,17.472548229154437,17.47254124986131
0.0,17.472610008704233,17.47262416072071,17.472652715651005,17.47269593713257,17.472754253929725,17.472828263201652,17.47291857305401,17.47302563484873,17.473149670670683,17.47329067634482,17.473448453476163,17.473622631522545,17.473812667714682,17.474017815241922,17.474237059470628,17.47446900687998,17.47471171775645,17.474962454642284,17.475217321014814,17.475470762767042,17.475714936968615,17.47593904430385,17.476128975028338,17.47626810760262,17.476340791471497,17.476339306995754,17.476263649709857,17.476121532168435,17.47592859596779,17.4757014542868,17.475454208160745,17.475197647760222,17.47493960681209,17.474685630194482,17.47443960429216,17.474204256470912,17.47398151611569,17.473772765133425,17.47357900691118,17.473400975020734,17.47323919848038,17.473094031505273,17.47296565377315,17.47285404559895,17.472758956733838,17.472679898601033,17.47261621795605,17.472567261721373,17.472532542442078,17.47251178289267,17.47250487266301
0.0,17.472581896646776,17.472595948749035,17.47262419021414,17.4726668815062,17.472724465814636,17.47279756218977,17.472886815864772,17.47299272178341,17.473115534129455,17.473255265490145,17.473411718479003,17.47358451382738,17.473773092097872,17.47397668815488,17.474194266178923,17.474424414461954,17.474665178390612,17.474913814388447,17.475166434289772,17.47541751680494,17.47565928688648,17.47588106560088,17.476068923300073,17.476206473317273,17.476278299376844,17.47627679656941,17.47620196133854,17.47606138898159,17.475870487890504,17.47564563508736,17.475400751058366,17.4751465051935,17.47489066266858,17.474638734496278,17.474394598184404,17.474160986213157,17.473939841307583,17.4737325630632,17.473540173555218,17.47336342401286,17.473202857528918,17.473058836063913,17.47293153621013,17.472820922809962,17.47272671483613,17.47264838950604,17.47258527251077,17.472536718565795,17.4725022663262,17.472481660823526,17.472474800715702
0.0,17.472560167656226,17.472574129276854,17.472602154996057,17.472644491903257,17.472701579588094,17.47277404069296,17.472862540473006,17.472967601583868,17.47308950402913,17.473228275026578,17.473383721960364,17.473555460007148,17.473742920233473,17.47394532258856,17.47416161695097,17.474390376682944,17.474629635976882,17.474876646088006,17.47512752555478,17.475376777406133,17.475616680548,17.47583664850339,17.476022892955353,17.47615921112976,17.476230368814115,17.47622885257544,17.476154657499343,17.476015289399577,17.475825972151547,17.475602899997423,17.475359850895448,17.475107401589717,17.474853262761414,17.47460292044701,17.474360244977102,17.474127973072775,17.473908057994045,17.47370191292907,17.47351057391061,17.473334805034877,17.47317515890991,17.473032001061068,17.472905504491976,17.472795619452523,17.47270204376953,17.47262423359928,17.47256150729317,17.472513231879695,17.472478965764637,17.472458467683513,17.47245164323945
0.0,17.472545359685853,17.47255925898419,17.472587148481455,17.472629266507262,17.472686045584776,17.47275810721092,17.472846124152866,17.47295063559476,17.473071937286292,17.473210068225026,17.473364838960048,17.473535863849172,17.47372256665246,17.473924159362124,17.474139581292416,17.474367396348317,17.474605630773905,17.4748515326062,17.47510122420963,17.47534922593103,17.475587852813216,17.47580658195298,17.475991722520117,17.476127196729504,17.476197897236013,17.476196371433016,17.47612261553728,17.475984071866765,17.475795839463206,17.475573985348987,17.475332191135436,17.475080968871985,17.474827993060075,17.474578732136784,17.474337051870272,17.474105691870456,17.47388661283241,17.47368123679736,17.473490609331797,17.473315502678645,17.473156474917243,17.473013893725934,17.472887927705234,17.472778517794822,17.47268534852256,17.472607864900013,17.47254538473769,17.472497285185934,17.472463136694206,17.472442707376302,17.472435905199163
0.0,17.472537856515032,17.472551724658196,17.47257954840025,17.47262156135528,17.47267819269328,17.472750061391366,17.47283784339636,17.472942084205147,17.473063088173294,17.473200899011772,17.473355330824553,17.47352599629063,17.47371231722403,17.473913500744278,17.474128481513898,17.47435581839659,17.47459353385773,17.474838873970803,17.475087963332573,17.4753353308645,17.47557330977625,17.475791410178932,17.475975989598762,17.47611103541587,17.476181503150094,17.476179973047053,17.47610643990473,17.475968315630638,17.47578063408429,17.47555939883964,17.475318241417614,17.47506764191204,17.474815255815827,17.474566543036023,17.47432536675215,17.474094468490172,17.47387581222567,17.473670824876383,17.473480556481636,17.473305783204168,17.473147066114223,17.47300477292121,17.47287907037815,17.472769894598397,17.47267692359179,17.472599598310495,17.47253723724525,17.47248922250946,17.47245513153373,17.47243473526569,17.472427944206697
0.0,17.472537856463386,17.47255172471202,17.47257954838369,17.47262156137912,17.472678192624826,17.47275006148164,17.47283784326917,17.472942084342517,17.473063088041272,17.473200899143855,17.473355330727845,17.47352599634619,17.47371231720037,17.47391350076441,17.474128481515187,17.474355818390045,17.47459353387035,17.474838873929702,17.475087963406317,17.475335330749903,17.47557330989055,17.47579141005495,17.475975989757384,17.47611103523378,17.476181503308865,17.476179972902127,17.47610644000655,17.475968315557402,17.475780634163833,17.47555939876846,17.47531824145609,17.475067641887918,17.474815255890732,17.47456654296494,17.474325366811826,17.47409446844365,17.473875812262424,17.47367082487389,17.473480556442013,17.473305783259807,17.473147066102744,17.473004772900424,17.47287907043629,17.472769894555316,17.47267692356701,17.47259959841558,17.472537237102735,17.47248922265403,17.472455131435847,17.472434735315534,17.472427944151818
0.0,17.472545359695392,17.472559258973973,17.472587148535027,17.472629266434065,17.472686045674102,17.472758107078064,17.47284612424562,17.472950635498734,17.47307193740843,17.4732100681169,17.473364839068616,17.473535863775318,17.473722566706222,17.473924159386115,17.474139581275637,17.474367396360716,17.47460563073352,17.474851532656977,17.475101224156656,17.475349225966504,17.475587852698713,17.47580658211149,17.475991722383075,17.476127196843255,17.4761978970832,17.47619637155141,17.476122615414045,17.475984071976615,17.475795839389512,17.475573985415977,17.475332191060446,17.475080968958142,17.474827993043544,17.474578732189276,17.474337051818758,17.474105691922666,17.47388661281191,17.473681236809142,17.47349060935015,17.47331550265252,17.47315647496213,17.473013893744742,17.472887927681292,17.472778517808297,17.472685348559878,17.47260786482669,17.4725453848472,17.472497285097305,17.47246313679158,17.472442707267255,17.472435905354967
0.0,17.472560167730542,17.472574129250678,17.47260215494141,17.472644492045212,17.472701579438265,17.472774040781086,17.472862540393788,17.472967601656105,17.473089503951005,17.47322827511095,17.47338372189487,17.473555460089205,17.473742920216466,17.47394532260151,17.474161617009795,17.474390376608895,17.47462963601941,17.474876646081693,17.47512752553181,17.47537677737391,17.475616680605217,17.475836648390693,17.476022893105906,17.476159210985305,17.47623036890274,17.476228852459535,17.476154657596247,17.476015289285485,17.475825972262363,17.475602899913397,17.475359850993623,17.47510740151271,17.474853262838227,17.474602920438,17.474360245030002,17.4741279730273,17.47390805804716,17.4737019129307,17.47351057393508,17.47333480502094,17.473175158915797,17.473032001106347,17.47290550445757,17.472795619527265,17.472702043710896,17.472624233648148,17.472561507280396,17.472513231934947,17.472478965666518,17.47245846788853,17.472451642965563
0.0,17.47258189661569,17.472595948768724,17.472624190279312,17.472666881394613,17.472724465931442,17.472797562098776,17.472886815948648,17.472992721728993,17.473115534151624,17.473255265457134,17.473411718529775,17.47358451380274,17.47377309215747,17.47397668817827,17.47419426614332,17.474424414527416,17.47466517835904,17.474913814383665,17.475166434289108,17.475417516794643,17.475659286859056,17.475881065656058,17.47606892321614,17.476206473412216,17.47627829926316,17.47627679666847,17.476201961186092,17.47606138909049,17.47587048781509,17.475645635184488,17.47540075094359,17.47514650531192,17.474890662617163,17.474638734577724,17.474394598145626,17.474160986267286,17.473939841309704,17.473732563104672,17.47354017351557,17.47336342405545,17.47320285754385,17.47305883600889,17.472931536364158,17.47282092268053,17.472726714913822,17.472648389507977,17.47258527251246,17.472536718542656,17.472502266493237,17.472481660565833,17.472474800977423
0.0,17.472610008702404,17.472624160795398,17.472652715576988,17.472695937185737,17.472754253884478,17.472828263293525,17.472918572984977,17.473025634908936,17.47314967066022,17.473290676332617,17.473448453479353,17.473622631563845,17.473812667735057,17.47401781526861,17.474237059492495,17.474469006856395,17.47471171778106,17.474962454623178,17.47521732103192,17.475470762756053,17.475714936944623,17.475939044333575,17.476128975040346,17.4762681075318,17.47634079157945,17.476339306839023,17.476263649798092,17.476121532052876,17.47592859609848,17.47570145417993,17.47545420824505,17.475197647676723,17.474939606985398,17.474685630108052,17.47443960434504,17.474204256483176,17.473981516147433,17.473772765115942,17.47357900693202,17.47340097500951,17.473239198465038,17.473094031635213,17.472965653624506,17.47285404575983,17.472758956629907,17.472679898628755,17.47261621797428,17.47256726181944,17.47253254226529,17.472511783132546,17.472504872522045
0.0,17.47264388424794,17.472658058820162,17.472687071857095,17.472731076888326,17.472790431549992,17.47286568114774,17.47295737524505,17.47306591160075,17.473191477372588,17.473334055901645,17.473493452834358,17.47366931361025,17.473861116689772,17.47406814076334,17.474289395369347,17.47452351029284,17.474768562757507,17.475021822285296,17.475279381412008,17.475535647353645,17.475782694174598,17.476009581272443,17.476201983147885,17.476343001050008,17.47641670715417,17.47641524476455,17.476338609809588,17.47619465231838,17.4759992915477,17.475769419038716,17.475519351344815,17.475260021708184,17.47499934666107,17.47474291135089,17.474494613710736,17.474257175773783,17.474032510697658,17.47382197969336,17.473626562830994,17.473446971457307,17.47328371537371,17.47313713585107,17.473007411636864,17.472894538184548,17.472798300538198,17.472718259660034,17.472653804321574,17.472604288760884,17.472569200175638,17.472548229078797,17.47254124992534
17.47268871425303,17.472683002225917,17.472696761097147,17.47272655445138,17.472771739140665,17.472832515917734,17.472909365678245,17.473002774095285,17.47311308722736,17.47324046422564,17.473384883410716,17.47354616305599,17.47372397049079,17.473917812357502,17.474126996217844,17.47435056088797,17.474587161551447,17.474834894438256,17.475091035960695,17.475351665982025,17.475611145783656,17.47586145656932,17.47609149596329,17.476286697229938,17.47642984838588,17.476504711601034,17.47650327497036,17.476425535541704,17.476279497545857,17.47608139252344,17.47584842426819,17.475595153118487,17.475332672962786,17.475068996164914,17.474809752827106,17.47455885634545,17.47431902227466,17.474092146991957,17.473879567582124,17.473682238002784,17.473500842896733,17.47333586755731,17.47318763602823,17.47305631896326,17.472941923938215,17.47284427043122,17.472762978319576,17.472697499590417,17.472647225677285,17.4726116309066,17.47259037398894,17.472583302135188
17.472718507338037,17.472721888930945,17.47273886359351,17.472770605994913,17.472817547678453,17.472880153429422,17.47295893484553,17.47305434221913,17.473166684978345,17.473296105589313,17.473442587442474,17.473605967890403,17.473785942654374,17.473982049885727,17.474193630211683,17.47441975368151,17.474659102644647,17.474909793093627,17.47516910811108,17.47543311138373,17.475696114461815,17.475949994846655,17.476183475907824,17.47638172777484,17.476527201986627,17.476603324559342,17.47660191760219,17.47652297771134,17.476374677458985,17.47617358342314,17.47593723858569,17.475680465170985,17.475414534493915,17.475147561278458,17.474885228571765,17.47463146573049,17.474388983988003,17.47415966139379,17.473944810226495,17.47374535564042,17.473561952435745,17.473395058885664,17.473244975416993,17.473111861246988,17.472995728357155,17.47289642732605,17.47281363649391,17.472746885421195,17.47269562702014,17.47265935754603,17.4726377153019,17.472630518690472
17.47276049994909,17.472766380192564,17.47278570379169,17.472819504903956,17.47286845917506,17.472933143023447,17.47301407455079,17.47311167266729,17.473226219356143,17.473357849759907,17.47350655791002,17.473672205082966,17.47385451765074,17.47405306773579,17.474267230111757,17.47449610667264,17.47473840755991,17.47499226811324,17.475254976033177,17.47552257748905,17.475789328184995,17.476046997122317,17.476284121725747,17.476485597951427,17.4766335236941,17.47671097597459,17.476709601477193,17.47662939800959,17.47647871255833,17.47627446334428,17.476034545719138,17.47577405935775,17.47550445982406,17.4752339739114,17.474968339787072,17.474711506937496,17.474466182764374,17.474234228221057,17.47401693012358,17.473815184025135,17.47362961456972,17.47346064980483,17.47330856576135,17.473173505152538,17.473055480517818,17.47295436608437,17.472869894644944,17.472801671241996,17.472749229274775,17.47271211458865,17.4726899765989,17.472682617536208
17.472810173842806,17.472816976517155,17.472837885617853,17.47287352976472,17.472924494927238,17.47299132033906,17.473074480019694,17.473174350021466,17.473291186694794,17.473425119833028,17.473576155753353,17.473744179752668,17.47392894856542,17.474130067719102,17.47434694490808,17.47457871355092,17.47482411009304,17.475081287269127,17.475347536436065,17.475618881823895,17.475889521872052,17.47615111054057,17.476391996016584,17.4765967924912,17.476747239794364,17.47682605917934,17.476824720419398,17.4767432207281,17.47659008668984,17.476382591132786,17.476138990541155,17.47587466475978,17.475601262063535,17.47532712323798,17.475058046577875,17.47479800364718,17.474549700648478,17.47431498256001,17.47409511188016,17.473890955987194,17.473703108973556,17.47353197026768,17.473377790354878,17.473240695336855,17.473120694740537,17.473017682507372,17.472931435674713,17.472861631464102,17.47280788338704,17.472769806357952,17.472747087183706,17.472739535269902
17.472866109773076,17.47287340136655,17.47289547374849,17.472932709075664,17.47298555154889,17.47305444617024,17.47313979432699,17.473241920819817,17.473361053351837,17.47349731456822,17.473650720852483,17.473821178145048,17.47400847096902,17.474212234720145,17.474431908217948,17.47466665336011,17.474915230331813,17.475175807575173,17.475445675865867,17.475720836831655,17.475995426898223,17.476260984742005,17.476505666839017,17.47671380754641,17.47686678992306,17.47694698445285,17.476945683381533,17.47686288530894,17.476707293022574,17.476496533266232,17.476249217723666,17.47598100919544,17.475703746967202,17.475425889433968,17.475153296944185,17.474889966204778,17.474638604481644,17.474401043321105,17.47417852351185,17.473971885832032,17.473781696855937,17.47360832885547,17.473452009360095,17.473312848590567,17.47319085375501,17.473085933048473,17.47299790348115,17.472926502605205,17.472871419665637,17.472832341240608,17.472809006431586,17.472801246873594
17.472927581848317,17.472935212121957,17.472958204544287,17.472996806235653,17.4730513419479,17.473122158286856,17.473209580426442,17.473313879581852,17.47343525279404,17.473573813004446,17.473729581651835,17.473902481395488,17.47409231901815,17.474298756468613,17.474521258989085,17.47475901349036,17.47501080100025,17.475274801045465,17.47554830260549,17.475827280105616,17.476105807923453,17.476375308368993,17.47662374988047,17.476835192485115,17.476990674010555,17.47707222358905,17.477070962752535,17.476986889406668,17.47682888015161,17.476614901314615,17.476363913137472,17.476091851924952,17.475810746753442,17.47552917305277,17.475253054995633,17.47498641668083,17.474731969720285,17.474491535254955,17.474266335372306,17.474057187922515,17.473864634901147,17.473689025211616,17.47353056646109,17.473389356445534,17.473265399512414,17.473158618631764,17.473068862538334,17.472995921050522,17.472939547829,17.4728994962915,17.47287555685148,17.472867592923556
17.47299395465697,17.473001851165666,17.473025603607102,17.473065380617367,17.473121418291402,17.47319398111855,17.473283326007017,17.473389674355424,17.47351319364198,17.47365398363974,17.47381206757069,17.473987378755368,17.4741797421583,17.4743888403263,17.474614160715003,17.474854911164652,17.47510988839537,17.475377280873875,17.475654370700624,17.47593710414322,17.47621949196115,17.47649284254004,17.47674494178017,17.47695958788501,17.477117488528894,17.47720035052355,17.477199131020082,17.477113829558938,17.476953485258807,17.476736390214036,17.47648183356649,17.476206015342445,17.47592114790158,17.475635921596517,17.475356324840835,17.475086412009055,17.474828901536736,17.474585608149074,17.47435773889729,17.47414609254308,17.473951190669762,17.473773362804597,17.473612800959017,17.47346959256488,17.47334374268841,17.473235185935522,17.473143799115185,17.4730694141898,17.473011838911454,17.472970880744434,17.472946378020048,17.47293822300089
17.47306456110345,17.473072678435678,17.47309707364065,17.473137865755323,17.47319522842026,17.473269362323403,17.473360468292476,17.473468725741615,17.473594273641737,17.47373719867152,17.473897521354797,17.474075182352955,17.474270018610557,17.474481728974215,17.474709818275524,17.474953509758496,17.475211612928543,17.475482319553166,17.47576290281976,17.47604927827485,17.476335393251265,17.476612445715578,17.476868048567873,17.47708575232857,17.477245957534553,17.477330069251877,17.477328893064975,17.477242427295188,17.477079866236632,17.476859802402256,17.476601833998256,17.476322409101584,17.476033914165445,17.47574515054116,17.47546217153131,17.475189062474474,17.474928552767306,17.474682453840902,17.474451962000654,17.474237861127715,17.474040656653827,17.473860663175227,17.473698060242018,17.473552929566257,17.47342527681486,17.47331504850276,17.473222144219413,17.473146430818854,17.473087757160208,17.473045975888066,17.47302096249271,17.473012634205
17.473138712946056,17.473147018301578,17.47317196488417,17.473213639679454,17.473272171991592,17.473347714621003,17.47344042559015,17.473550448301964,17.47367789820333,17.473822847589936,17.47398531335321,17.47416523842043,17.47436246830199,17.474576713255292,17.474807490123915,17.475054034195843,17.47531516192544,17.475589065466174,17.47587300577614,17.47616286576099,17.476452530559218,17.47673309315473,17.47699200335056,17.47721258365358,17.47737495102255,17.477460236305657,17.477459103457914,17.477371552781285,17.477206918252392,17.476984068598306,17.476722886049306,17.476440047713986,17.476148103151797,17.47585596060356,17.475569735476387,17.475293547125915,17.47503013769851,17.47478131956142,17.474548282181257,17.474331798818678,17.474132363058683,17.473950278096304,17.47378571577185,17.473638753374246,17.473509399529725,17.47339761095616,17.47330330678727,17.473226380068507,17.473166713441515,17.473124192584987,17.473098722124423,17.473090239521788
17.47321573453372,17.47322420210549,17.4732496275969,17.473292075907068,17.473351644642932,17.47342845255707,17.47352262318827,17.47363427290861,17.473763495709736,17.473910351759113,17.474074851454407,17.474256938402846,17.474456462510002,17.474673140999293,17.474906499270332,17.475155779240243,17.475419800818667,17.475696752981705,17.47598388101072,17.476277034715128,17.47657003886447,17.476853886790096,17.477115878878745,17.47733912843258,17.477503497820734,17.47758986887743,17.477588780667084,17.477500232782525,17.47733368636148,17.47710825900057,17.476844088618964,17.476558061424015,17.476262878568654,17.475967546912603,17.475678244278484,17.475399123268446,17.47513294229694,17.47488151769781,17.474646036182346,17.47442726427527,17.474225687477965,17.474041602015284,17.473875173963172,17.473726479480163,17.473595530369263,17.4734822930592,17.47338670154416,17.473308671117696,17.47324810863678,17.473204925042214,17.473179047485523,17.473170427135653
17.47329498970516,17.473303599219786,17.473329445041614,17.473372576395686,17.473433069456526,17.473511016148,17.473606515831744,17.473719661896723,17.473850531858123,17.47399917333231,17.47416559093986,17.474349726073,17.474551430176597,17.47477042432823,17.47500623805341,17.475258116221177,17.475524878881284,17.475804707533204,17.476094830439244,17.476391063558083,17.476687173107372,17.476974060870663,17.477238889750037,17.477464586803965,17.47763078556201,17.477718150166808,17.477717106548752,17.4776276545152,17.477459368846368,17.47723158608977,17.4769646722552,17.476675702346952,17.476377513395356,17.476079206511297,17.475787017130582,17.475505132916826,17.47523632993411,17.474982431983456,17.474744626170413,17.474523676138244,17.474320063169554,17.474134078839906,17.473965887098956,17.473815564070005,17.47368312578928,17.473568546446522,17.473471773647013,17.473392738577314,17.4733313669082,17.473287589126613,17.473261347395333,17.47325260442827
17.473375899048975,17.473384633990054,17.473410851827527,17.473454591828947,17.47351591281141,17.473594889002804,17.473691599657183,17.47380612150937,17.473938516929426,17.47408882374324,17.47425703934839,17.474443101977794,17.47464686220255,17.47486804189121,17.4751061712663,17.47536049546101,17.475629830116848,17.47591234770592,17.47620525719941,17.476504340288166,17.476803308731313,17.47709297873328,17.477360391298717,17.47758830622597,17.477756158894408,17.47784442170028,17.477843422237022,17.477753161559228,17.47758331216632,17.477353402209133,17.477083998641415,17.476792341338857,17.476491392529134,17.476190337201505,17.47589546725535,17.475611004148668,17.475339743922415,17.475083519771868,17.474843522896087,17.474620517112086,17.47441498205137,17.474227208236588,17.474057358985732,17.47390551222253,17.47377168795869,17.473655868481842,17.473558011249843,17.473478060391024,17.473415956554113,17.473371643152273,17.473345074875468,17.4733362224956
17.473457946559428,17.47346679294994,17.473493343492468,17.473537628288895,17.473599695652734,17.473679604784905,17.473777421031436,17.473893206435584,17.47402701224659,17.47417886622426,17.474348759390185,17.47453662522071,17.474742311892683,17.474965539207638,17.47520583625759,17.47546244410705,17.475734172735663,17.47601918260248,17.476314661840014,17.476616359525128,17.476917934772008,17.47721012789065,17.477479869268713,17.477709774825097,17.477879106758106,17.47796817312731,17.477967218088274,17.47787624191879,17.477705002237848,17.47747319264169,17.47720155134444,17.476907465669104,17.47660400606654,17.47630043598322,17.47600309874862,17.47571625003589,17.475442705867458,17.475184312083154,17.474942265809435,17.474717333769284,17.47450999711368,17.47432054700634,17.47414914827628,17.473995881371234,17.473860771453428,17.47374380692132,17.47364495395769,17.47356416754633,17.473501398295163,17.47345660076637,17.473429738475346,17.473420786767342
17.473540680092526,17.47354962707925,17.47357647580552,17.473621251971508,17.473683994132465,17.473764751636494,17.473863577529254,17.473980523565736,17.474115630170594,17.474268917251788,17.474440368510933,17.474629912630007,17.474837393239007,17.475062527186957,17.475304838639182,17.475563563940483,17.47583750421582,17.476124806099158,17.476422637218267,17.476726713415054,17.477030646923726,17.477325107438336,17.47759693047422,17.47782860592777,17.477999248470528,17.47808902827169,17.47808811667741,17.477996514389172,17.477824052087907,17.4775905610198,17.477316928846427,17.477020667172532,17.476714943980113,17.476409091521234,17.47610950218044,17.475820463237635,17.475544812998848,17.475284410097387,17.47504046032284,17.47481373565829,17.474604720534124,17.474413708874337,17.47424086824402,17.474086283215975,17.473949983163724,17.473831962735083,17.473732195979956,17.47365064525673,17.473587270326714,17.473542033750594,17.47351490448822,17.47350586393661
17.473623709524137,17.473632746445908,17.473659864893854,17.47370508515498,17.473768439986245,17.473849969590812,17.4739497188338,17.474067729445462,17.47420403405338,17.474358644080482,17.474531537105733,17.474722635499056,17.47493177835087,17.475158676485723,17.47540284916526,17.475663524966706,17.475939494605235,17.476228890641213,17.47652885840277,17.476835083921504,17.477141134018286,17.47743761774199,17.47771128649544,17.47794452271362,17.47811631802579,17.47820672537992,17.478205856266868,17.478113712421404,17.477940183301715,17.477705218471385,17.47742982851672,17.477131633592748,17.476823884675717,17.476515976891676,17.476214345817663,17.475923311112087,17.475645731397925,17.47538348050552,17.47513777407124,17.474909391006758,17.474698820841915,17.47450636166074,17.47433218548987,17.474176380662644,17.474038981730516,17.473919989451094,17.47381938348282,17.473737133622908,17.47367320635418,17.473627569545172,17.47360019869646,17.47359107693508
17.473706698960314,17.473715817876403,17.473743180187657,17.47378880371533,17.473852715143003,17.473934949044292,17.474035541926067,17.474154528835605,17.474291933929575,17.47444776220875,17.474621984070914,17.47481451627745,17.47502519111894,17.475253713958576,17.47549959651194,17.4757620585212,17.47603987991344,17.476331176987717,17.476633074915902,17.4769412293785,17.47724916792303,17.477547444635757,17.477822738573433,17.478057342541344,17.47823014384602,17.478321099758126,17.47832027285635,17.478227663354122,17.47805321259097,17.47781696476774,17.47754003524935,17.477240134091264,17.47693058552382,17.47662083797365,17.47631736900944,17.47602452615203,17.47574519000944,17.4754812493268,17.475233930954893,17.475004021943572,17.474792018301862,17.474598223835528,17.474422814995325,17.474265885248894,17.474127474573603,17.47400758846225,17.47390621286424,17.473823323207952,17.473758890909433,17.47371289003232,17.47368529869175,17.473676103089037
17.47378936349373,17.473798556356247,17.473826140432678,17.473872129995204,17.473936548548107,17.474019424243053,17.474120788551346,17.474240668881624,17.474379083453332,17.474536030066293,17.474711473018477,17.474905322039834,17.47511740347296,17.475347415140565,17.47559486068927,17.475858950714265,17.476138452251497,17.47643146684576,17.476735098149845,17.477044975220004,17.477354589024397,17.47765444555696,17.477931163125263,17.47816695793146,17.47834063224425,17.478432065876458,17.47843127907315,17.478338274104875,17.478163031534315,17.477925675242368,17.47764740512517,17.4773460082643,17.47703486904995,17.47672348568836,17.476418370424863,17.47612389914112,17.475842972515448,17.475577494967236,17.475328704899756,17.475097398737997,17.474884080009364,17.47468905845404,17.474512516357695,17.47435455272317,17.474215212202573,17.474094506025438,17.47399242512372,17.4739089496178,17.473844056527575,17.47379772295009,17.473769930634862,17.473760667903832
17.473871460157653,17.473880720618805,17.473908505788124,17.47395482882056,17.474019708640768,17.474103170115924,17.474205238349885,17.474325935791175,17.474465274044523,17.474623244913815,17.474799805894044,17.47499486062354,17.47520822799754,17.47543959825727,17.47568846680575,17.475954033319375,17.476235053183352,17.476529611633076,17.47683479308843,17.477146201184656,17.477457294061335,17.47775853683026,17.47803649494925,17.478273321878557,17.478447751059637,17.47853959751385,17.478538850573198,17.47844551081204,17.478269593127195,17.478031283857486,17.47775185365094,17.477449151030907,17.477136614725726,17.476823782669587,17.476517200772026,17.47622126967776,17.47593890990669,17.47567204089914,17.47542191353878,17.475189333855184,17.47497481331938,17.474778668698946,17.474601088518952,17.47444217701311,17.474301984557332,17.474180527151667,17.474077800484096,17.47399378976823,17.473928475332336,17.47388183814433,17.47385386263385,17.473844538815506
17.47395278375699,17.47396210519192,17.473990073759445,17.47403669963124,17.47410200004824,17.47418599488316,17.474288705526675,17.474410148698308,17.474550330638554,17.47470923687091,17.474886819073927,17.475082973729677,17.475297512650158,17.47553011843836,17.475780276933,17.47604717800103,17.476329563949292,17.476625505191635,17.476932067458794,17.477244830946105,17.477557225366393,17.47785967944307,17.4781387148397,17.478376433804915,17.478551512061344,17.47864371599444,17.47864300680099,17.47854938644784,17.478372895323524,17.478133771521573,17.477853340391924,17.477549504597206,17.477235744746405,17.476921636002178,17.476613752630964,17.476316518557674,17.476032872494276,17.47576474924944,17.47551341153956,17.475279675423376,17.475064060956925,17.47486689218956,17.47468836382692,17.474528586265787,17.47438761482957,17.47426547062619,17.474162154148335,17.474077654249403,17.474011955251537,17.47396504112343,17.473936898682144,17.47392751865567
17.47403315932796,17.474042536733364,17.47407067148412,17.474117573440274,17.47418325610368,17.474267736963675,17.474371032676274,17.474493155524744,17.47463410624427,17.474793865091492,17.474972377114067,17.47516953235588,17.475385135476895,17.47561886070477,17.475870185189933,17.476138287938618,17.476421899198993,17.476719074868363,17.477026863080685,17.477340823208927,17.47765435921374,17.477957868991012,17.478237837975733,17.478476324735688,17.47865196153059,17.478744472974793,17.47874380069224,17.478649945653398,17.47847297037932,17.478233151406993,17.477951861677948,17.477647044013956,17.477332217295523,17.47701698696443,17.47670795287395,17.476409559645326,17.476124763685533,17.475855513727954,17.47560308442394,17.47536830211579,17.475151695292656,17.474953595380068,17.474774203965808,17.47461363686172,17.474471955077135,17.474349184503524,17.47424532972149,17.474160383698827,17.474094334069456,17.47404716760526,17.474018872535435,17.47400944192915
17.474112439114368,17.474121866787012,17.47415015321159,17.47419730558014,17.474263336243617,17.474348258981607,17.47445208701786,17.47457482808527,17.474716478350306,17.4748770121468,17.47505636890008,17.475254431975248,17.47547099881865,17.47570573573597,17.475958110728705,17.476227292593503,17.476511999809155,17.476810274441956,17.47711914852684,17.47743416250247,17.47774869774933,17.478053126339503,17.47833390194633,17.47857305016209,17.4787491656,17.47884194262498,17.478841305344357,17.47874725587851,17.47856987157334,17.478329462928883,17.478047436597706,17.477741771532674,17.477426016620345,17.477109803757465,17.476799754917494,17.47650033399271,17.47621451290084,17.47594425392967,17.475690843526607,17.475455117568284,17.47523761320775,17.47503866957249,17.474858494326956,17.474697209670317,17.474554881609965,17.474431540685117,17.474327195786753,17.47424184353858,17.47417547466288,17.474128078044068,17.474099644573062,17.474090167337653
17.474190495946278,17.474199969923056,17.474228393497008,17.47427577375396,17.474342120324728,17.47442744453276,17.4745317560427,17.474655058818538,17.474797343906246,17.4749585809475,17.47513870321676,17.47533758800974,17.475555025472804,17.475790674244386,17.47604399341229,17.476314141989352,17.47659982720198,17.47689907805845,17.477208912181617,17.477524852611094,17.47784026172209,17.47814548818884,17.47842696156684,17.478666678032166,17.478843204748195,17.478936210431684,17.47893560734038,17.478841395916774,17.478663668810256,17.47842275878932,17.478140102910878,17.477833707295652,17.477517146481723,17.477200074511586,17.476889133306972,17.476588803066296,17.47630207045321,17.47603091065743,17.475776620556093,17.47554004589407,17.475321732280594,17.475122025697207,17.474941140896757,17.474779205472476,17.474636290693862,17.474512431696976,17.474407641402017,17.474321919803426,17.47425526043679,17.47420765494664,17.47417909511271,17.474169575867872
17.474267222103748,17.47427673747422,17.474305285936293,17.474352872752643,17.474419505986283,17.474505194361566,17.474609944606325,17.474733756384964,17.474876617023273,17.475038490597072,17.475219305456843,17.475418932146713,17.475637154529384,17.475873623298245,17.47612778930863,17.47639880223394,17.4766853583188,17.476985475271864,17.47729615671665,17.477612911157973,17.477929083159278,17.47823500342333,17.47851707923157,17.478757285128236,17.478934164787997,17.479027368621747,17.479026797221124,17.478932453304793,17.478754437159203,17.47851310265168,17.478229908556724,17.47792288395989,17.477605624086248,17.477287802542328,17.476976077462584,17.476674944368217,17.476387403358263,17.47611544066302,17.475860363946083,17.47562302800524,17.47540398606644,17.475203591801776,17.4750220658593,17.474859541688314,17.474716095515213,17.474591766898392,17.4744865724477,17.474400515644174,17.4743335927765,17.47428579727463,17.474257123015605,17.474247565485403
17.47434252358621,17.474352076920592,17.474380738366516,17.474428512398955,17.47449540536701,17.47458142387503,17.4746865711265,17.474810844045557,17.47495422499729,17.475116674251115,17.475298113946266,17.475498409626354,17.47571733803558,17.475954542891895,17.476209467243837,17.476481251314382,17.476768582272975,17.4770694662451,17.477380895295457,17.477698363933673,17.478015202780764,17.47832172551755,17.4786043227161,17.47884495000908,17.47902213395975,17.479115508525066,17.47911496859762,17.47902051453408,17.47884225628203,17.478600561643486,17.47831690778017,17.478009341568836,17.47769147627037,17.477373000749083,17.477060588264866,17.476758747690212,17.476470490409167,17.476197813902903,17.47594203527251,17.475704017540245,17.47548432208759,17.475283308944057,17.475101205147332,17.474938149499692,17.47479422304151,17.474669469350374,17.47456390913296,17.474477548633455,17.47441038678831,17.47436241923655,17.47433364115732,17.474324048847272
17.474416320083392,17.474425907589648,17.47445467131408,17.47450261480167,17.474569743040995,17.474656059829993,17.47476156656362,17.47488625582956,17.475030107219805,17.475193075367503,17.475375078575503,17.47557597600303,17.475795538539384,17.47603340332758,17.476289005214632,17.47656147703293,17.476849496151182,17.477151059261338,17.477463147131974,17.477781243022562,17.478098664219534,17.478405711239407,17.47868875974267,17.478929751318276,17.479107196973185,17.47920072102031,17.47920020998533,17.479105666017357,17.47892720404215,17.478685204102288,17.478401156920548,17.47809312484795,17.477774734633172,17.477455689256377,17.477142674673754,17.476840210795928,17.476551320271025,17.47627801008475,17.476021605909896,17.475782979223897,17.475562698090254,17.475361129364156,17.475178505770213,17.47501497131413,17.474870611354206,17.47474547410221,17.474639583092273,17.474552947970892,17.47448556997364,17.47443744672054,17.474408574560375,17.47439895081007
17.474488541146716,17.474498159526966,17.474527015752127,17.474575112647056,17.474642453086656,17.474729039881307,17.47483487072467,17.47495993636531,17.47510421134443,17.475267647526934,17.475450157472057,17.47565159556712,17.475871727077116,17.476110182085606,17.476366389346655,17.476639473292966,17.476928103474,17.477230267264044,17.477542936118912,17.47786158253397,17.47817951317053,17.478487016548154,17.47877045710343,17.479011763148534,17.479189436356283,17.47928308978479,17.479282606918588,17.479187988813255,17.479009355770536,17.478767096202688,17.478482712893257,17.47817427914918,17.4778554341846,17.47753589245698,17.477222350207356,17.476919338194755,17.47662988827296,17.47635601604453,17.47609905569015,17.475859885527854,17.475639080727593,17.475437014061097,17.475253923784557,17.47508995847379,17.474945208550196,17.474819725182247,17.474713535915132,17.474626652819865,17.47455907966795,17.47451081558912,17.47448185846032,17.474472206392097
17.474559125393604,17.474568771723515,17.474597711672196,17.47464594661893,17.474713479153696,17.474800308999882,17.474906432832377,17.47503183694961,17.47517649406403,17.475340350909182,17.475523316273932,17.47572523970633,17.475945880468,17.476184863552888,17.476441610550495,17.476715239254194,17.47700441152028,17.47730710681609,17.477620287719503,17.47793941797282,17.478257794326968,17.478565696248058,17.478849476984596,17.479091056937346,17.479268926830546,17.479362694156332,17.479362237692232,17.47926755908907,17.479088781586942,17.478846301645586,17.47856162989844,17.47825285002292,17.477933610947076,17.477613636291206,17.47729963230167,17.476996138279397,17.47670619445098,17.476431824678045,17.476174369953345,17.47593471580928,17.475713443381398,17.47551093120239,17.475327422331357,17.47516307063159,17.475017969712766,17.47489217516954,17.47478571712949,17.474698610662298,17.474630861370624,17.474582470334056,17.474553436624706,17.474543758867846
17.474628019154487,17.47463769086043,17.474666705859107,17.474715065886617,17.474782770988288,17.47486982059112,17.474976207533512,17.475101917071992,17.47524691740075,17.475411152363005,17.47559452662336,17.475796884673123,17.476017981501347,17.476257436034757,17.476514664131525,17.47678877730417,17.477078430490643,17.47738159581409,17.477695228500306,17.478014783937464,17.478333551434194,17.478641800931868,17.47892587915303,17.479167696675585,17.47934573855477,17.479439605713786,17.479439174586965,17.479344446026072,17.47916554717661,17.478922878941482,17.478637959905296,17.478328881359996,17.47800929997011,17.47768894818922,17.477374539812843,17.477070622011723,17.476780242722793,17.476505432385622,17.476247539148847,17.476007454321284,17.475785764928045,17.475582854472904,17.475398971314878,17.475234272831102,17.475088857224776,17.474962782887086,17.474856083332,17.474768775708156,17.474700867914905,17.474652362596352,17.47462325976159,17.474613558853093
17.47469517534279,17.474704869424198,17.4747339526692,17.474782424710778,17.474850285947323,17.47493753253911,17.47504415697998,17.47517014058601,17.47531544943187,17.475480023894377,17.475663764425644,17.475866511947288,17.476088016335293,17.47632789157315,17.476585548411418,17.476860092194407,17.477150171859503,17.47745375320624,17.477767784345517,17.478087714440345,17.478406824602178,17.478715379352238,17.478999716729042,17.47924174226899,17.479419934304126,17.479513889878017,17.479513482282563,17.47941871339464,17.47923971148886,17.478996882743342,17.47871175118118,17.47840241414374,17.47808253579963,17.477761854891238,17.47744709234217,17.47714280229649,17.47685203877236,17.476576839114593,17.4763185569096,17.476078089343936,17.475856028430034,17.47565276284202,17.475468544792335,17.475303536203885,17.475157838335694,17.47503151322114,17.474924596636267,17.47483710835045,17.474769058116724,17.474720449895152,17.474691284902164,17.474681563373466
17.474760551817727,17.474770266718863,17.47479941068475,17.47484798428016,17.47491598510637,17.475003409651674,17.47511024695092,17.47523647692256,17.475382062741662,17.475546941342895,17.47573101022591,17.475934106035176,17.476155974402296,17.47639622517469,17.47665426357248,17.476929190115424,17.477219648171335,17.47752359750618,17.477837980933224,17.4781582405077,17.47847765275693,17.478786474572562,17.479071039576123,17.479313247038096,17.47949157120844,17.479585604668202,17.479585219882363,17.4794904176,17.47931132870649,17.479068362667736,17.47878304772654,17.47847348734448,17.47815335058489,17.477832382386755,17.477517309794074,17.477212692303546,17.476921590407123,17.476646046439864,17.476387419678233,17.47614661215815,17.475924220829896,17.475720638497144,17.475536121696877,17.475370835688317,17.47522488543584,17.47509833545252,17.47499122437562,17.47490357401895,17.474835395825988,17.47478669522831,17.474757474566953,17.47474773412132
17.474824112628674,17.474833845518987,17.47486304487402,17.474911708841713,17.474979835995605,17.475067419747493,17.475174448421143,17.475300899482964,17.475446733431006,17.475611884732103,17.475796247378728,17.475999654395423,17.47622184806387,17.476462433326564,17.47672081154464,17.47699607828796,17.47728687182724,17.47759114739063,17.477905841596876,17.478226392548105,17.478546070121748,17.47885512726381,17.479139891919647,17.47938225955725,17.479560699655785,17.479654802937283,17.479654439194068,17.47955960998429,17.479380447354472,17.479137363224076,17.478851890542824,17.478542136240183,17.478221774580295,17.47790055566089,17.477585211047483,17.4772803060888,17.476988905751327,17.476713057703506,17.47645412578937,17.47621301665517,17.475990331557423,17.475786467279853,17.475601683946657,17.47543615041413,17.475289974387373,17.47516322332258,17.47505593807367,17.474968142464324,17.47489984955823,17.47485106625783,17.474821795320384,17.474812038289286
17.474885824643493,17.47489557452263,17.474924822659997,17.474973568737877,17.475041808596348,17.475129535556402,17.475236735842532,17.475363385003064,17.47550944138794,17.47567483674867,17.475859461955753,17.476063147348498,17.47628563094019,17.476526514566196,17.476785195195433,17.47706076412632,17.4773518557145,17.477656419793533,17.47797138949513,17.478292197234968,17.47861210924369,17.478921373418203,17.479206314243857,17.479448822519526,17.479627365673135,17.479721530719775,17.479721187179212,17.479626336135045,17.479447110492966,17.479203925432206,17.478918316027187,17.478608393441096,17.47828783605097,17.477966397639708,17.477650814846875,17.477345656970652,17.477053993771353,17.476777877130854,17.47651867506888,17.476277298580186,17.476054352515987,17.475850237385142,17.47566521669972,17.47549946228842,17.475353084776927,17.475226153976728,17.475118712967326,17.475030787327732,17.47496239186516,17.474913534207136,17.474884218569265,17.474874446508615
17.474945660215106,17.47495542433892,17.47498471725677,17.47503353624028,17.475101877582812,17.4751897328212,17.47529708692827,17.47542391356218,17.475570169116214,17.47573578258675,17.475920642817368,17.4761245764121,17.476347318909678,17.476588468268428,17.476847417944,17.477123255766983,17.47741461149136,17.477719431777,17.478034645000623,17.478355680094168,17.47867579894098,17.478985246207454,17.479270342025856,17.47951297519499,17.47969160911146,17.47978582984127,17.47978550527124,17.479690636277795,17.47951135755861,17.479268085180948,17.478982357531716,17.47867228886996,17.478351560442686,17.47802993027422,17.47771413842187,17.47740875828005,17.47711686344384,17.476840509478812,17.476581068639696,17.47633945509473,17.47611627743288,17.475911939305508,17.47572670734244,17.475560756205947,17.475414198932857,17.475287107700183,17.475179527509265,17.47509148579148,17.475022998373714,17.47497407449548,17.474944718687347,17.47493493312116
17.47500359314,17.475013371066918,17.475042703333106,17.4750915881094,17.47516002023073,17.47524799049093,17.47535548226672,17.475482467903316,17.47562890135373,17.475794710219624,17.47597978000433,17.47618393543299,17.476406908647764,17.476648294737583,17.476907484047366,17.477183560580073,17.477475151154252,17.477780198500476,17.478095627641032,17.478416863852335,17.47873716595686,17.479046774656304,17.479332008195584,17.479574751394107,17.47975346642315,17.47984773699406,17.47984743002887,17.479752547141175,17.479573222710687,17.47932987523515,17.479044045261908,17.478733849161603,17.47841297159864,17.478091173489588,17.477775198245915,17.477469622651395,17.477177523506914,17.47690096031906,17.476641308096607,17.4763994846664,17.476176101482483,17.47597156533626,17.47578614554945,17.475620019191464,17.475473301759898,17.475346067481357,17.475238363182118,17.475150217629903,17.475081648313022,17.47503266510436,17.47500327334606,17.47499347601573
17.47505960238649,17.475069391851275,17.475098759839153,17.475147703354388,17.47521621691021,17.475304289973757,17.475411905184988,17.475539032713865,17.475685625678384,17.475851608690704,17.47603686589885,17.47624121908609,17.476464398054386,17.476705995115896,17.476965397472068,17.477241686426183,17.477533485578526,17.477838734436098,17.47815435501601,17.47847576968387,17.478796233689145,17.479105985980556,17.47939134101336,17.4796341822961,17.479812969473674,17.479907284649908,17.47990699480976,17.47981210031223,17.479632737121133,17.479389324999303,17.479103405924143,17.47879309891374,17.478472091030103,17.478150145815203,17.477834009584157,17.477528261895877,17.477235983014275,17.47695923486918,17.47669939591411,17.476457386530875,17.476233821248236,17.476029109355228,17.47584352254266,17.47567724038821,17.475530380440183,17.475403018710118,17.47529520367185,17.475206965655484,17.47513832316299,17.475089286923595,17.475059863400073,17.4750500550764
17.4751136676066,17.475123467909018,17.47515286764432,17.47520186391273,17.475270450106606,17.47535861546536,17.475466340670565,17.47559359555599,17.47574033057837,17.475906469449647,17.476091893764874,17.476296423452435,17.476519785829755,17.47676157069178,17.477021162736264,17.477297640680288,17.477589625038547,17.477895052923987,17.47821084355079,17.478532416154195,17.47885302432167,17.4791629034725,17.479448366737326,17.479691295185475,17.479870146532818,17.479964502496948,17.479964228119968,17.479869324714606,17.4796899286008,17.47944646036627,17.479160463933805,17.478850060266087,17.47852893836064,17.478206864202573,17.47789058647912,17.477584687619437,17.477292250096575,17.477015338885078,17.476755334711953,17.476513160911164,17.47628943424715,17.476084566317194,17.475898831306676,17.47573241071835,17.475585423918258,17.47545794875732,17.475350035124247,17.47526171471735,17.47519300687667,17.475143923692634,17.475114471335772,17.475104653381656
17.47516577231311,17.475175582033685,17.475205010389285,17.475254053555002,17.475322705102418,17.475410952511155,17.475518776584437,17.475646144748136,17.475793007018726,17.475959284819623,17.476144858389876,17.4763495453815,17.476573071220944,17.476815023314604,17.47707478436699,17.477351430183063,17.477643579360386,17.47794916637251,17.478265107733094,17.478586821086612,17.478907556773645,17.47921754893794,17.479503108429114,17.479746114276768,17.479925023597726,17.48001941576239,17.480019156255082,17.479924246007496,17.47974482159526,17.479501304857838,17.479215241277164,17.478904753123807,17.478583531419844,17.478261344157374,17.4779449422522,17.47763891020573,17.477346333015994,17.477069277709145,17.476809127739436,17.47656680841315,17.47634293869621,17.476137932581462,17.475952066038307,17.475785522405374,17.475638422952226,17.475510846847918,17.47540284555821,17.475314451640983,17.475245685933416,17.475196560454005,17.475167082584868,17.47515725668231
17.47521590125831,17.47522571965052,17.47525517328288,17.47530425879948,17.475372968220494,17.475461289561952,17.475569201384797,17.475696671142956,17.47584364674043,17.476010048744087,17.476195755246234,17.476400582640256,17.47662425397582,17.476866355255563,17.477126266468076,17.477403061851266,17.477695357602727,17.478001085852323,17.478317161625405,17.478638999606453,17.47895984892649,17.479269941634453,17.479555586549452,17.479798661992003,17.479977622667242,17.48007204795147,17.480071802393546,17.47997688678333,17.479797438207022,17.4795538796954,17.47926775750133,17.478957195517978,17.47863588648292,17.478313599987246,17.47799708890194,17.477690939704395,17.477398239268172,17.47712105700865,17.47686077816229,17.476618330023804,17.47639433382305,17.476189205216723,17.47600322191239,17.475836569217567,17.475689369600126,17.475561703896737,17.475453624506283,17.475365165522632,17.47529634788338,17.47524718490704,17.47521768495255,17.4752078507631
17.475264041666783,17.475273867507664,17.475303344144987,17.475352466927752,17.47542122872557,17.475509615448004,17.47561760612034,17.475745166224232,17.475892243252137,17.47605875572802,17.476244581094548,17.476449533319983,17.476673334621132,17.476915568458978,17.477175613557982,17.477452542004407,17.47774496798756,17.478050822211586,17.478367017126736,17.478688966178783,17.47900991666824,17.479320098633394,17.479605820170708,17.479848957283544,17.480027964433198,17.480122419651114,17.480122187047574,17.480027267390955,17.47984779844909,17.47960420358308,17.479318030277554,17.479007403902894,17.47868601824708,17.478363644719554,17.47804703764211,17.4777407852245,17.477447976347793,17.47717068203183,17.476910289226215,17.4766677273547,17.476443619184927,17.47623838194606,17.47605229537323,17.475885545773185,17.475738257391118,17.47561051198156,17.47550236349057,17.475413846235416,17.475344982582854,17.475295786889387,17.47526626609218,17.47525642563391
17.47531018188928,17.475320014754924,17.475349511384742,17.47539866815256,17.475467475994392,17.47555592164568,17.47566398229204,17.475791623373112,17.475938790451526,17.476105401917515,17.476291332767826,17.47649639666083,17.476720313413452,17.47696266550062,17.47722282973657,17.477499876511164,17.477792418638877,17.478098384667312,17.478414685727735,17.478736733749532,17.4790577740531,17.479368035968314,17.479653825457277,17.47989701809823,17.48007606690249,17.480170549194906,17.480170328670134,17.48007540631763,17.479895919837475,17.479652293424447,17.479366075777712,17.47905539290009,17.47873394023514,17.478411490197992,17.478094798693892,17.477788455567506,17.477495551085866,17.477218157761016,17.476957664476238,17.476715002066257,17.476490794690694,17.476285461581114,17.476099283271367,17.4759324479627,17.475785080686194,17.47565726480024,17.475549054558375,17.47546048576538,17.475391581807294,17.475342355864505,17.47531281762932,17.47530297088145
17.475354312426035,17.475364151064678,17.47539366622076,17.47544285257189,17.475511702115753,17.47560019990113,17.475708323369503,17.475836036171405,17.475983284131512,17.47614998324261,17.476336008607852,17.476541171622557,17.476765191407065,17.47700764871644,17.477267918969616,17.47754507123262,17.47783771654722,17.478143782134133,17.47846017783258,17.478782313734033,17.479103434391625,17.479413767278007,17.479699617751333,17.479942860009277,17.48012194624704,17.480216453073854,17.480216244010666,17.4801213196985,17.479941818258926,17.479698164725203,17.479411908171063,17.479101176063807,17.478779664509897,17.478457147311897,17.478140381683694,17.477833958643508,17.477540969789324,17.47726348928604,17.47700290730238,17.47676015589715,17.47653586112157,17.476330442864725,17.4761441835913,17.475977272138667,17.475829835204944,17.475701956488802,17.475593691659665,17.475505077608652,17.475436136778523,17.47538688503132,17.47535733061319,17.475347479088
17.475396424251354,17.475406268672618,17.47543579962869,17.47548501299178,17.475553899260344,17.475642443959703,17.475750622892114,17.475878400283474,17.476025719655052,17.47619249742826,17.476378606593528,17.47658385811625,17.476807969532867,17.477050520548293,17.477310885249246,17.47758813131823,17.47788086846605,17.47818702282755,17.478503502605985,17.47882571699433,17.479146909072227,17.479457305503,17.479743210398578,17.479986497100672,17.48016561702832,17.480260146246746,17.480259947721255,17.480165022226227,17.47998550820228,17.479741830952175,17.47945554068906,17.479144765352068,17.478823202204037,17.47850062608575,17.478183795217486,17.477877301782385,17.477584238695005,17.47730668132548,17.47704602090278,17.476803191193397,17.47657881884861,17.476373325602793,17.476186994450885,17.476020015860414,17.475872516941923,17.47574458267002,17.47563626989774,17.4755476147286,17.475478642190986,17.47542936686193,17.47539979888482,17.475389941728984
17.47543651064447,17.47544635952848,17.475475905175056,17.475525142151582,17.475594061582278,17.475682647511285,17.475790876588,17.475918710786928,17.4760660943693,17.476232941776374,17.476419125815774,17.47662445596554,17.476848649067485,17.477091283442483,17.47735173221716,17.477629061698604,17.477921880743423,17.478228114016297,17.478544668732365,17.478866952991527,17.479188208858222,17.479498661956978,17.47978461550504,17.48002794210849,17.480207092412087,17.480301641834608,17.480301453204817,17.480206527156092,17.48002700234187,17.479783304694774,17.47949698490512,17.479186171786647,17.478864563431006,17.478541935529734,17.478225047301144,17.47791849193187,17.477625363496166,17.477347738218924,17.477087008860547,17.476844109752875,17.476619669191226,17.476414109423477,17.47622771494684,17.476060676736545,17.475913123028466,17.475785139979067,17.475676783846577,17.47558809318957,17.475519091849666,17.475469796434883,17.47544021509226,17.47543035477351
17.475474564546033,17.47548441799231,17.475513976284844,17.475563234713405,17.47563218307713,17.475720806501176,17.475829079436988,17.475956964833948,17.4761044051512,17.476271314806134,17.47645756526281,17.476662965584552,17.476887231203396,17.477129939873816,17.477390463293293,17.477667867169785,17.477960759015268,17.47826706248471,17.478583684008008,17.47890603052907,17.479227343261158,17.479537846920906,17.47982384409254,17.48006720643637,17.4802463840347,17.480340951903923,17.480340772373328,17.480245846305554,17.480066312344942,17.47982259699993,17.479536251485285,17.47922540533191,17.478903757302792,17.478581083961554,17.478264145274277,17.47795753550069,17.47766434937398,17.477386664499296,17.477125874130113,17.476882914039074,17.476658413040354,17.476452794723155,17.476266344123058,17.47609925325847,17.475951651430623,17.475823624463633,17.475715230838603,17.475626508064273,17.47555748205784,17.475508167537132,17.475478576098766,17.475468711297495
17.475510581145087,17.475520438229292,17.475550008183383,17.475599285095104,17.475668260025344,17.475756915978135,17.475865228544823,17.475993159104064,17.476140650139637,17.476307614915672,17.4764939247028,17.476699387168484,17.476923717502174,17.477166492018817,17.477427082021727,17.47770455198112,17.4779975084768,17.478303874585357,17.478620555508652,17.478942957503094,17.47926432089686,17.479574869856933,17.479860905909238,17.48010430030787,17.480283502605687,17.480378087010113,17.480377916139638,17.48028299025628,17.480103448640108,17.479859717938155,17.479573350039615,17.479262474940292,17.47894079220504,17.478618078904333,17.478301095979855,17.47799443822943,17.477701201526372,17.47742346396754,17.47716262005564,17.476919606027064,17.476695051867353,17.476489381738286,17.476302881651936,17.4761357445317,17.475988099582473,17.475860034565102,17.475751607117274,17.475662856726856,17.47559380763667,17.47554447791413,17.47551487596624,17.475505008233675
17.47554455536368,17.475554416081664,17.475583995773235,17.475633289987112,17.4757022876594,17.475790973130533,17.475899320587967,17.476027291497996,17.476174827348068,17.476341841425622,17.476528203598182,17.476733721570834,17.476958109138042,17.47720094236776,17.47746159146944,17.477739120035327,17.478032134238447,17.478338555896038,17.478655289715828,17.47897774106748,17.47929914979241,17.479609738976507,17.479895809855595,17.48013923313365,17.480318457366952,17.480413057120234,17.480412893901015,17.48031796872203,17.480138420553665,17.479894676654023,17.479608289175086,17.47929738888217,17.478975675601934,17.478652927349664,17.478335905503908,17.47802920569095,17.47773592440176,17.477458140665558,17.477197249446522,17.476954187989207,17.476729586915095,17.47652387117595,17.47633732760818,17.47617014920419,17.47602246681259,17.47589436760338,17.47578591102149,17.47569713511075,17.475628067251144,17.475578722534504,17.47554911225249,17.475539241576044
17.475576483690343,17.475586346974563,17.475615936252566,17.47566524488867,17.475734263365418,17.475822974742922,17.475931353352234,17.476059359812925,17.4762069358038,17.47637399325792,17.47656040224304,17.476765969217077,17.476990407753785,17.47723329305514,17.477493994465686,17.477771575350857,17.478064640577568,17.478371111701694,17.478687892501924,17.479010387918308,17.479331836801922,17.47964246195392,17.479928564105098,17.480172012873123,17.480351257298345,17.48044587045106,17.480445714657932,17.480350790242923,17.480171236648236,17.479927481215253,17.47964107685446,17.479330154352642,17.479008414473064,17.47868563556814,17.4783685795673,17.47806184283883,17.47776852244155,17.47749069798199,17.477229765204473,17.476986662045366,17.47676201968101,17.476556263882895,17.476369681665602,17.476202467378595,17.47605475151613,17.475926622826723,17.475818139512572,17.475729342513596,17.475660256618358,17.47561089965468,17.475581281695582,17.475571408492307
17.475606362081802,17.475616228650015,17.475645825418344,17.475695147481797,17.47576418411465,17.4758529186187,17.475961324558565,17.47608936292952,17.47623697406245,17.47640407026688,17.476590520521082,17.47679613103431,17.47702061476735,17.4772635460363,17.477524294122958,17.477801921103058,17.47809503177266,17.478401546734926,17.47871836934693,17.47904090374492,17.479362388446322,17.479673045792058,17.47995917543092,17.48020264753713,17.48038190953589,17.480476535246318,17.48047638605026,17.480381462655615,17.480201904361717,17.479958139209835,17.479671719923278,17.479360778198522,17.479039015070803,17.478716209239273,17.478399123404746,17.47809235424928,17.47779899951897,17.477521139299693,17.4772601701068,17.47701703025867,17.476792351672913,17.476586560440698,17.47639994462134,17.476232698381047,17.476084953579896,17.475956798006504,17.475848292438993,17.47575947563518,17.475690374756223,17.475641006601784,17.475611381980894,17.475601506494197
17.47563418881738,17.475644057231285,17.475673661315668,17.475722994948068,17.47579204782651,17.475880802488028,17.47598923304959,17.476117299152797,17.476264941711847,17.476432071999575,17.47661855879328,17.47682420787966,17.47704873140467,17.477291703654775,17.477552492712167,17.477830160719513,17.47812331155936,17.478429865373617,17.478746724949584,17.479069294010465,17.47939081064155,17.47970149622769,17.4799876508818,17.480231143275947,17.480410421472516,17.480505058216906,17.480504915201355,17.480409992787184,17.480230430824992,17.479986657008567,17.479700224915863,17.479389266461805,17.47906748290981,17.478744653681634,17.478427541638744,17.478120744167256,17.4778273592646,17.477549467857898,17.477288466691473,17.477045294657284,17.476820584224612,17.476614762139885,17.47642811647499,17.4762608426081,17.47611307168022,17.475984893619298,17.475876367397447,17.47578753388714,17.475718419490782,17.475669041679662,17.475639411131088,17.475629533604216
17.47565996039897,17.475669831169032,17.47569944136004,17.475748785423526,17.475817852311177,17.47590662522445,17.47601507696993,17.47614316792061,17.476290838036626,17.476457998387122,17.476644517507943,17.476850200468878,17.47707475935368,17.47731776743173,17.47757859291641,17.477856297095997,17.47814948335029,17.478456071494133,17.47877296380623,17.479095563628427,17.479417108248597,17.479727819307158,17.48001399572399,17.480257506593055,17.480436798979053,17.480531445804786,17.48053130827141,17.480436387168208,17.480256821844737,17.48001304073775,17.479726597588908,17.47941562443935,17.479093823251237,17.478770973486185,17.478453838675243,17.478147016320662,17.47785360524916,17.47757568650992,17.477314657263985,17.4770714571588,17.476846718942745,17.476640869624333,17.47645419821076,17.47628689959662,17.476139106612596,17.476010907870208,17.47590236418853,17.475813515836474,17.475744389701273,17.475695003344846,17.47566536759048,17.475655488367046
17.475683675670048,17.47569354814406,17.475723163957515,17.475772516846888,17.475841596541443,17.475930384934646,17.476038855720294,17.47616696836364,17.47631466263805,17.476481849552034,17.476668396971597,17.476874109905197,17.477098699598965,17.477341739453422,17.477602596925305,17.477880332799877,17.478173550332794,17.47848016871813,17.478797089938418,17.479119716692775,17.479441286302954,17.479752019581834,17.4800382155734,17.480281742593817,17.480461047756958,17.48055570345897,17.480555571157897,17.480460651058348,17.480281083093974,17.480037295796116,17.4797508429005,17.479439857211073,17.479118040555708,17.47879517305911,17.47847801824114,17.478171174420794,17.47787774047432,17.477599797750006,17.477338744258045,17.477095519640486,17.476870757091405,17.47666488419848,17.47647818991528,17.476310870280592,17.476163057336713,17.476034841109442,17.47592628199723,17.475837420696916,17.47576828429026,17.475718890460364,17.47568925013181,17.475679369334614
17.47570533260721,17.475715206842132,17.475744827201424,17.475794188332156,17.475863278650348,17.475952081036816,17.476060568351933,17.47618869986825,17.476336415449943,17.47650362550572,17.476690197823697,17.476895936755902,17.47712055366676,17.477363621311035,17.477624506634,17.477902270452965,17.478195515346524,17.478502160278026,17.478819106778065,17.479141757317045,17.479463348759573,17.479774101745555,17.480060314832045,17.480303856231775,17.4804831726094,17.48057783642615,17.4805777085558,17.48048278961911,17.48030321952912,17.480059426718878,17.479772965711277,17.479461968981255,17.479140139085104,17.478817255998912,17.478500084086487,17.47819322159279,17.477899767605443,17.477621804374454,17.47736072965498,17.47711748372615,17.47689270004572,17.476686806582403,17.47650009275192,17.47633275438863,17.476184924492237,17.476056692875282,17.47594812037456,17.475859247782836,17.47579010236945,17.475740702054257,17.47571105778344,17.47570117563618
17.475724930183986,17.47573480554483,17.475764430404567,17.47581379811089,17.475882898109276,17.47597171254804,17.47608021409325,17.476208362247966,17.47635609626665,17.476523326521892,17.476709920355038,17.47691568211842,17.477140322675332,17.477383414314055,17.4776443241264,17.47792211221273,17.47821538095452,17.478522049066044,17.478839017570102,17.479161688903353,17.4794832994277,17.47979406962001,17.48008029775758,17.48032385170226,17.48050317808424,17.4805978488533,17.48059772507573,17.480502807302717,17.480323235275332,17.480079438069954,17.479792969833102,17.479481963823044,17.47916012228859,17.47883722605372,17.47852003932684,17.478213160459184,17.477919689547864,17.47764170831981,17.477380615413903,17.477137350973692,17.476912549187254,17.476706637911168,17.476519906988834,17.476352552662988,17.47620470795836,17.476076463070694,17.47596787893708,17.475878996572938,17.475809843474863,17.475760437504082,17.47573078983542,17.47572090657912
17.475742466872422,17.475752343776595,17.47578197192728,17.475831345727773,17.47590045399276,17.475989278659846,17.47609779272947,17.476225955112973,17.47637370509501,17.47654095271506,17.47672756524242,17.476933346714873,17.477158007510987,17.4774011201531,17.47766205101903,17.47793986004421,17.478233149526105,17.478539837485375,17.47885682526971,17.4791795144778,17.479501141624045,17.479811926743547,17.480098167909816,17.480341732858392,17.480521067839522,17.480615744775104,17.480615624682038,17.480520707855064,17.480341134457287,17.480097333279282,17.47981085916043,17.479499844947703,17.479177993727696,17.478855086161975,17.47853788641889,17.478230994044875,17.47793750826313,17.477659511896142,17.477398403061475,17.4771551230646,17.476930305453696,17.47672437901437,17.47653763342695,17.476370265346244,17.476222407974827,17.476094151706626,17.475985557594186,17.47589666685804,17.4758275071645,17.475778096377557,17.475748445755087,17.475738561684484
17.47575794239493,17.475767820036722,17.47579745139766,17.47584683034301,17.475915945466582,17.476004779147182,17.47611330376098,17.476241478333524,17.47638924193072,17.4765565044434,17.476743132982943,17.476948931107664,17.4771736094685,17.477416739927495,17.477677688754238,17.47795551588099,17.478248822823115,17.47855552814315,17.478872532152906,17.479195236852462,17.47951687819002,17.47982767613125,17.48011392852153,17.480357502882903,17.480536845316557,17.48063152767075,17.48063141066952,17.480536494872005,17.48035692018666,17.48011311592688,17.479826636530703,17.479515615654844,17.47919375619913,17.47887083866329,17.478553628533465,17.478246724155802,17.477953226092968,17.477675216353717,17.477414094609355,17.477170800880835,17.476945970173098,17.476740030675153,17.476553272738563,17.476385892949633,17.47623802484509,17.47610975885464,17.476001156290895,17.47591225852107,17.475843093155415,17.4757936781956,17.475764025210044,17.47575414021282
17.47577135542963,17.475781234063376,17.4758108680925,17.475860251137817,17.475929372342186,17.476018213407322,17.476126746959405,17.476254931828947,17.47640270688142,17.476569981995652,17.476756623859007,17.476962436253682,17.477187129282893,17.477430274748176,17.47769123890298,17.477969080968442,17.47826240303831,17.478569122631463,17.47888614058699,17.47920885825809,17.47953051164396,17.479841320397455,17.480127582306263,17.480371164679656,17.48055051349733,17.480645200379485,17.48064508614181,17.48055017112097,17.480370595617874,17.480126788507317,17.479840304998334,17.479529278541023,17.479207411789037,17.478884486575996,17.47856726707443,17.478260353156514,17.477966844219832,17.477688824162495,17.477427690751487,17.477184386096983,17.476959544157634,17.476753593841572,17.47656682543134,17.476399435922527,17.476251558794804,17.476123284695788,17.47601467505008,17.475925771341082,17.475856601106617,17.47580718282802,17.475777527730077,17.475767642028313
17.475782705823217,17.475792585266554,17.475822221231812,17.475871608028093,17.475940733971814,17.47602958123304,17.476138122198062,17.47626631549059,17.476414100085385,17.476581385507142,17.47676803853155,17.476973862586632,17.47719856775089,17.477441725717245,17.477702702271213,17.477980557055147,17.478273891274004,17.478580622953032,17.47889765228712,17.479220380793766,17.479542044083367,17.47985286186551,17.48013913167142,17.48038272067586,17.480562074785166,17.480656765489073,17.480656653462688,17.480561739344274,17.480382162879845,17.48013835371459,17.479851866812705,17.47954083532869,17.479218963298635,17.478896031157333,17.478578804620483,17.478271882105304,17.477978365294273,17.4777003356159,17.477439193459908,17.477195879420183,17.47697102833432,17.47676506906731,17.476578292233988,17.47641089465575,17.47626301007412,17.476134729345304,17.476026113858424,17.475937205181584,17.475868031087842,17.475818610009476,17.475788953103475,17.475779066838413
17.475791993137985,17.47580187291846,17.475831510846252,17.475880900298684,17.475950030215333,17.47603888247875,17.476147429250073,17.47627562939223,17.47642342159096,17.476590715332836,17.47677737721152,17.476983210674895,17.477207925597774,17.47745109346777,17.477712080225075,17.47798994490057,17.478283289124978,17.478590030339976,17.478907068938636,17.47922980601863,17.47955147735837,17.47986230236657,17.480148578454518,17.48039217289082,17.480571531251076,17.480666224987772,17.48066611495357,17.480571201236117,17.480391624315857,17.480147813518066,17.47986132348553,17.479550288796688,17.479228411890098,17.478905474876623,17.478588241797492,17.47828131366104,17.477987789204647,17.477709752881502,17.477448603216928,17.47720528187016,17.476980423465076,17.476774457181595,17.476587673464998,17.47642026942876,17.476272378978997,17.476144092896142,17.476035472731535,17.4759465601143,17.47587738289985,17.475827959459153,17.475798301362754,17.475788414846022
17.475799216712485,17.475809097185145,17.475838736223555,17.475888127897054,17.475957260895974,17.476046116800315,17.47615466816658,17.47628287356087,17.476430671532928,17.47659797158219,17.476784640343933,17.476990480932784,17.47721520330985,17.477458378855,17.477719373205822,17.477997245690137,17.478290597416823,17.478597346058837,17.478914391609795,17.479237135400364,17.479558812873986,17.479869643356356,17.4801559244361,17.480399522915214,17.480578884519254,17.480673580745595,17.480673471961673,17.480578558890585,17.480398981638825,17.480155169146478,17.479868677535983,17.47955763960982,17.47923575971594,17.478912817972194,17.47859558127695,17.478288647360753,17.47799511826212,17.477717076285618,17.477455921133068,17.477212594087693,17.47698773021867,17.476781758471137,17.47659496950448,17.476427560610233,17.47627966564878,17.47615137540991,17.476042751782032,17.475953836023,17.475884656500035,17.475835231668665,17.47580557234023,17.475795685313116
17.475804376791505,17.475814257368366,17.475843897397787,17.475893290721032,17.47596242564303,17.47605128427704,17.476159838906767,17.47628804788401,17.47643584994577,17.47660315459588,17.47678982802011,17.476995673753123,17.477220401365532,17.47746358224394,17.47772458212664,17.478002459961186,17.478295817127588,17.47860257086947,17.47891962147247,17.479242369941712,17.4795640516698,17.47987488619385,17.480161170612774,17.48040477199966,17.480584136044556,17.48067883379512,17.480678726191798,17.480583813543184,17.48040423554208,17.480160422702703,17.479873929178268,17.479562889795385,17.479241006674894,17.478918063088123,17.478600822307037,17.478293885568643,17.47800035254458,17.477722306828092,17.47746114765537,17.477217816822353,17.476992948960042,17.476786973319566,17.476600180757593,17.476432768383052,17.4762848702101,17.47615657724784,17.476047950958833,17.47595903322643,17.475889852274488,17.475840425728176,17.475810765844074,17.47580087851067
17.47580747273975,17.475817353571088,17.475846994279472,17.47589638829806,17.475965524556678,17.476054384890652,17.476162941295165,17.476291152473166,17.47643895709362,17.476606264201894,17.476792940665376,17.476998789321105,17.4772235200557,17.477466704190828,17.477727707250562,17.478005588409314,17.478298948616867,17.47860570553448,17.478922759104787,17.479245510257943,17.47956719470168,17.47987803148599,17.48016431796747,17.480407921214056,17.480587286462157,17.48068198536165,17.48068187842069,17.48058696555633,17.480407387975035,17.480163574116528,17.479877080243515,17.479566038859854,17.479244155372584,17.478921209099184,17.478603967119263,17.478297028083855,17.47800349295795,17.47772544487488,17.477464283528654,17.477220950233054,17.476996079988925,17.476790102166376,17.4766033074219,17.47643589301432,17.4762879930046,17.47615969835754,17.47605107055758,17.475962151603767,17.475892969327692,17.475843542151583,17.475813882072547,17.47580399461458
17.475808504719964,17.475818385778044,17.47584802643925,17.47589742083717,17.47596655765009,17.476055418366812,17.47616397543514,17.476292187450046,17.476439992647556,17.47660730085976,17.476793978122405,17.476999827804224,17.47722455962409,17.47746774477644,17.47772874897626,17.478006631045105,17.4782999924356,17.478606750407828,17.478923804845156,17.479246557096452,17.479568242312002,17.479879079841613,17.48016536713524,17.480408970747717,17.480588336601947,17.480683035923608,17.480682928786834,17.480588016543713,17.48040843840687,17.48016462491988,17.479878129934832,17.479567089258747,17.479245204215232,17.478922258146874,17.4786050152855,17.478298075583684,17.478004539641674,17.477726490948797,17.477465328759035,17.477221994621008,17.47699712370206,17.476791145165308,17.476604349618437,17.476436934639487,17.47628903409419,17.47616073862112,17.476052110234725,17.47596319089919,17.475894008175057,17.475844581406378,17.475814920756044,17.47580503290718
