-1.000000000000000000e+00,-1.000000000000000000e+00,-1.000000000000000000e+00,-1.000000000000000000e+00,-1.000000000000000000e+00,-1.000000000000000000e+00,-1.000000000000000000e+00,-1.000000000000000000e+00,-1.000000000000000000e+00,-1.000000000000000000e+00,-1.000000000000000000e+00,-1.000000000000000000e+00,-1.000000000000000000e+00,-1.000000000000000000e+00,-1.000000000000000000e+00,-1.000000000000000000e+00,-1.000000000000000000e+00,-1.000000000000000000e+00,-1.000000000000000000e+00,-1.000000000000000000e+00,-1.000000000000000000e+00,-1.000000000000000000e+00,-1.000000000000000000e+00,-1.000000000000000000e+00,-1.000000000000000000e+00,-1.000000000000000000e+00,-1.000000000000000000e+00,-1.000000000000000000e+00,-1.000000000000000000e+00,-1.000000000000000000e+00,-1.000000000000000000e+00,-1.000000000000000000e+00,-1.000000000000000000e+00,-1.000000000000000000e+00,-1.000000000000000000e+00,-1.000000000000000000e+00,-1.000000000000000000e+00,-1.000000000000000000e+00,-1.000000000000000000e+00,-1.000000000000000000e+00,-1.000000000000000000e+00,-1.000000000000000000e+00,-1.000000000000000000e+00,-1.000000000000000000e+00,-1.000000000000000000e+00,-1.000000000000000000e+00,-1.410015696796060869e+00,-1.410070302996066394e+00,-1.410232778353941008e+00,-1.410498228118787445e+00,-1.410855174001836243e+00,-1.411278899347091942e+00,-1.411718247572184559e+00,-1.412070712506261039e+00,-1.412137347114622354e+00,-1.411544494393677240e+00,-1.409613917338342848e+00,-1.405157864004102919e+00,-1.396173972417440456e+00,-1.379422440909749970e+00,-1.349893899184342327e+00,-1.300233962897904050e+00,-1.220294278245853015e+00,-1.097139754816180979e+00,-9.160465478109898196e-01,-6.632085859778293901e-01,-3.308430928461590925e-01,7.524739105773714520e-02,5.273633778155111251e-01,9.713945680657247728e-01,1.332484203264486133e+00,1.534637897780002813e+00,1.534637897619018698e+00,1.332484202810293450e+00,9.713945673912518508e-01,5.273633770522885289e-01,7.524739032924188109e-02,-3.308430934449553273e-01,-6.632085864055263791e-01,-9.160465480948694061e-01,-1.097139755003133432e+00,-1.220294278365142926e+00,-1.300233962976283131e+00,-1.349893899267041508e+00,-1.379422441032726709e+00,-1.396173972597617219e+00,-1.405157864219912733e+00,-1.409613917576606923e+00,-1.411544494658199644e+00,-1.412137347379641028e+00,-1.412070712748993317e+00,-1.411718247781591051e+00,-1.411278899456298586e+00,-1.410855174037410897e+00,-1.410498228002840859e+00,-1.410232778146762733e+00,-1.410070302593816161e+00,-1.410015696344878222e+00,-1.000000000000000000e+00,-1.000000000000000000e+00,-1.000000000000000000e+00,-1.000000000000000000e+00,-1.000000000000000000e+00,-1.000000000000000000e+00,-1.000000000000000000e+00,-1.000000000000000000e+00,-1.000000000000000000e+00,-1.000000000000000000e+00,-1.000000000000000000e+00,-1.000000000000000000e+00,-1.000000000000000000e+00,-1.000000000000000000e+00,-1.000000000000000000e+00,-1.000000000000000000e+00,-1.000000000000000000e+00,-1.000000000000000000e+00,-1.000000000000000000e+00,-1.000000000000000000e+00,-1.000000000000000000e+00,-1.000000000000000000e+00,-1.000000000000000000e+00,-1.000000000000000000e+00,-1.000000000000000000e+00,-1.000000000000000000e+00,-1.000000000000000000e+00,-1.000000000000000000e+00,-1.000000000000000000e+00,-1.000000000000000000e+00,-1.000000000000000000e+00,-1.000000000000000000e+00,-1.000000000000000000e+00,-1.000000000000000000e+00,-1.000000000000000000e+00,-1.000000000000000000e+00,-1.000000000000000000e+00,-1.000000000000000000e+00,-1.000000000000000000e+00,-1.000000000000000000e+00,-1.000000000000000000e+00,-1.000000000000000000e+00,-1.000000000000000000e+00,-1.000000000000000000e+00,-1.000000000000000000e+00,-1.000000000000000000e+00
-1.000000000000000000e+00,-1.000000000000000000e+00,-1.000000000000000000e+00,-1.000000000000000000e+00,-1.000000000000000000e+00,-1.000000000000000000e+00,-1.000000000000000000e+00,-1.000000000000000000e+00,-1.000000000000000000e+00,-1.000000000000000000e+00,-1.000000000000000000e+00,-1.000000000000000000e+00,-1.000000000000000000e+00,-1.000000000000000000e+00,-1.000000000000000000e+00,-1.000000000000000000e+00,-1.000000000000000000e+00,-1.000000000000000000e+00,-1.000000000000000000e+00,-1.000000000000000000e+00,-1.000000000000000000e+00,-1.000000000000000000e+00,-1.000000000000000000e+00,-1.000000000000000000e+00,-1.000000000000000000e+00,-1.000000000000000000e+00,-1.000000000000000000e+00,-1.000000000000000000e+00,-1.000000000000000000e+00,-1.000000000000000000e+00,-1.000000000000000000e+00,-1.000000000000000000e+00,-1.000000000000000000e+00,-1.000000000000000000e+00,-1.000000000000000000e+00,-1.000000000000000000e+00,-1.000000000000000000e+00,-1.000000000000000000e+00,-1.000000000000000000e+00,-1.000000000000000000e+00,-1.000000000000000000e+00,-1.000000000000000000e+00,-1.000000000000000000e+00,-1.000000000000000000e+00,-1.000000000000000000e+00,-1.000000000000000000e+00,-1.410022263149230737e+00,-1.410076869342857142e+00,-1.410239344682239437e+00,-1.410504794440960330e+00,-1.410861740376952334e+00,-1.411285465956147789e+00,-1.411724814845792375e+00,-1.412077281381483029e+00,-1.412143919535806091e+00,-1.411551074180260157e+00,-1.409620511733230552e+00,-1.405164486233618337e+00,-1.396180645754928840e+00,-1.379429204795785679e+00,-1.349900817836433120e+00,-1.300241136441098400e+00,-1.220301855496388255e+00,-1.097147945169897110e+00,-9.160556271724806798e-01,-6.632188886815897355e-01,-3.308549793227512081e-01,7.523359978655719260e-02,5.273474986462249881e-01,9.713766674037087601e-01,1.332464677247808371e+00,1.534617466178537892e+00,1.534617466025199217e+00,1.332464676818811089e+00,9.713766667715275638e-01,5.273474979345924574e-01,7.523359910656091110e-02,-3.308549798902560291e-01,-6.632188890997142705e-01,-9.160556274559918943e-01,-1.097147945350742226e+00,-1.220301855602166752e+00,-1.300241136508448303e+00,-1.349900817921385610e+00,-1.379429204933435793e+00,-1.396180645955483079e+00,-1.405164486473982288e+00,-1.409620511996774406e+00,-1.411551074465141387e+00,-1.412143919813785509e+00,-1.412077281630043535e+00,-1.411724815051754511e+00,-1.411285466052854431e+00,-1.410861740396301300e+00,-1.410504794298764075e+00,-1.410239344464985667e+00,-1.410076868962606866e+00,-1.410022262717874009e+00,-1.000000000000000000e+00,-1.000000000000000000e+00,-1.000000000000000000e+00,-1.000000000000000000e+00,-1.000000000000000000e+00,-1.000000000000000000e+00,-1.000000000000000000e+00,-1.000000000000000000e+00,-1.000000000000000000e+00,-1.000000000000000000e+00,-1.000000000000000000e+00,-1.000000000000000000e+00,-1.000000000000000000e+00,-1.000000000000000000e+00,-1.000000000000000000e+00,-1.000000000000000000e+00,-1.000000000000000000e+00,-1.000000000000000000e+00,-1.000000000000000000e+00,-1.000000000000000000e+00,-1.000000000000000000e+00,-1.000000000000000000e+00,-1.000000000000000000e+00,-1.000000000000000000e+00,-1.000000000000000000e+00,-1.000000000000000000e+00,-1.000000000000000000e+00,-1.000000000000000000e+00,-1.000000000000000000e+00,-1.000000000000000000e+00,-1.000000000000000000e+00,-1.000000000000000000e+00,-1.000000000000000000e+00,-1.000000000000000000e+00,-1.000000000000000000e+00,-1.000000000000000000e+00,-1.000000000000000000e+00,-1.000000000000000000e+00,-1.000000000000000000e+00,-1.000000000000000000e+00,-1.000000000000000000e+00,-1.000000000000000000e+00,-1.000000000000000000e+00,-1.000000000000000000e+00,-1.000000000000000000e+00,-1.000000000000000000e+00
-1.000000000000000000e+00,-1.000000000000000000e+00,-1.000000000000000000e+00,-1.000000000000000000e+00,-1.000000000000000000e+00,-1.000000000000000000e+00,-1.000000000000000000e+00,-1.000000000000000000e+00,-1.000000000000000000e+00,-1.000000000000000000e+00,-1.000000000000000000e+00,-1.000000000000000000e+00,-1.000000000000000000e+00,-1.000000000000000000e+00,-1.000000000000000000e+00,-1.000000000000000000e+00,-1.000000000000000000e+00,-1.000000000000000000e+00,-1.000000000000000000e+00,-1.000000000000000000e+00,-1.000000000000000000e+00,-1.000000000000000000e+00,-1.000000000000000000e+00,-1.000000000000000000e+00,-1.000000000000000000e+00,-1.000000000000000000e+00,-1.000000000000000000e+00,-1.000000000000000000e+00,-1.000000000000000000e+00,-1.000000000000000000e+00,-1.000000000000000000e+00,-1.000000000000000000e+00,-1.000000000000000000e+00,-1.000000000000000000e+00,-1.000000000000000000e+00,-1.000000000000000000e+00,-1.000000000000000000e+00,-1.000000000000000000e+00,-1.000000000000000000e+00,-1.000000000000000000e+00,-1.000000000000000000e+00,-1.000000000000000000e+00,-1.000000000000000000e+00,-1.000000000000000000e+00,-1.000000000000000000e+00,-1.000000000000000000e+00,-1.410041959417705604e+00,-1.410096565590278406e+00,-1.410259040876260972e+00,-1.410524490617604876e+00,-1.410881436725358373e+00,-1.411305163016888020e+00,-1.411744513918498312e+00,-1.412096985275350436e+00,-1.412163634077195695e+00,-1.411570810832282197e+00,-1.409640292226123526e+00,-1.405184350256598380e+00,-1.396200663145056975e+00,-1.379449493869272736e+00,-1.349921571224494743e+00,-1.300262654519396488e+00,-1.220324584741854235e+00,-1.097172513791662363e+00,-9.160828628644281935e-01,-6.632497944007738067e-01,-3.308906363260866179e-01,7.519222844902784253e-02,5.272998636819170581e-01,9.713229680464783300e-01,1.332406101919323849e+00,1.534556174164230846e+00,1.534556174047672972e+00,1.332406101592898295e+00,9.713229675590335788e-01,5.272998631221497146e-01,7.519222790027102477e-02,-3.308906368009731924e-01,-6.632497947701717633e-01,-9.160828631325819149e-01,-1.097172513984728814e+00,-1.220324584888501818e+00,-1.300262654644643412e+00,-1.349921571360713335e+00,-1.379449494034802104e+00,-1.396200663351723437e+00,-1.405184350498674739e+00,-1.409640292492240210e+00,-1.411570811116631852e+00,-1.412163634359462794e+00,-1.412096985532853788e+00,-1.411744514134232631e+00,-1.411305163136914009e+00,-1.410881436783090637e+00,-1.410524490524450059e+00,-1.410259040690423404e+00,-1.410096565310714478e+00,-1.410041959148120139e+00,-1.000000000000000000e+00,-1.000000000000000000e+00,-1.000000000000000000e+00,-1.000000000000000000e+00,-1.000000000000000000e+00,-1.000000000000000000e+00,-1.000000000000000000e+00,-1.000000000000000000e+00,-1.000000000000000000e+00,-1.000000000000000000e+00,-1.000000000000000000e+00,-1.000000000000000000e+00,-1.000000000000000000e+00,-1.000000000000000000e+00,-1.000000000000000000e+00,-1.000000000000000000e+00,-1.000000000000000000e+00,-1.000000000000000000e+00,-1.000000000000000000e+00,-1.000000000000000000e+00,-1.000000000000000000e+00,-1.000000000000000000e+00,-1.000000000000000000e+00,-1.000000000000000000e+00,-1.000000000000000000e+00,-1.000000000000000000e+00,-1.000000000000000000e+00,-1.000000000000000000e+00,-1.000000000000000000e+00,-1.000000000000000000e+00,-1.000000000000000000e+00,-1.000000000000000000e+00,-1.000000000000000000e+00,-1.000000000000000000e+00,-1.000000000000000000e+00,-1.000000000000000000e+00,-1.000000000000000000e+00,-1.000000000000000000e+00,-1.000000000000000000e+00,-1.000000000000000000e+00,-1.000000000000000000e+00,-1.000000000000000000e+00,-1.000000000000000000e+00,-1.000000000000000000e+00,-1.000000000000000000e+00,-1.000000000000000000e+00
-1.000000000000000000e+00,-1.000000000000000000e+00,-1.000000000000000000e+00,-1.000000000000000000e+00,-1.000000000000000000e+00,-1.000000000000000000e+00,-1.000000000000000000e+00,-1.000000000000000000e+00,-1.000000000000000000e+00,-1.000000000000000000e+00,-1.000000000000000000e+00,-1.000000000000000000e+00,-1.000000000000000000e+00,-1.000000000000000000e+00,-1.000000000000000000e+00,-1.000000000000000000e+00,-1.000000000000000000e+00,-1.000000000000000000e+00,-1.000000000000000000e+00,-1.000000000000000000e+00,-1.000000000000000000e+00,-1.000000000000000000e+00,-1.000000000000000000e+00,-1.000000000000000000e+00,-1.000000000000000000e+00,-1.000000000000000000e+00,-1.000000000000000000e+00,-1.000000000000000000e+00,-1.000000000000000000e+00,-1.000000000000000000e+00,-1.000000000000000000e+00,-1.000000000000000000e+00,-1.000000000000000000e+00,-1.000000000000000000e+00,-1.000000000000000000e+00,-1.000000000000000000e+00,-1.000000000000000000e+00,-1.000000000000000000e+00,-1.000000000000000000e+00,-1.000000000000000000e+00,-1.000000000000000000e+00,-1.000000000000000000e+00,-1.000000000000000000e+00,-1.000000000000000000e+00,-1.000000000000000000e+00,-1.000000000000000000e+00,-1.410074777245248878e+00,-1.410129383384277402e+00,-1.410291858595118741e+00,-1.410557308320431691e+00,-1.410914254747270391e+00,-1.411337982253609846e+00,-1.411777336552214157e+00,-1.412129815999808136e+00,-1.412196482596258962e+00,-1.411603696260976371e+00,-1.409673250782699672e+00,-1.405217448086094612e+00,-1.396234016665063971e+00,-1.379483300309529925e+00,-1.349956151646465319e+00,-1.300298509536615743e+00,-1.220362458481676349e+00,-1.097213453295386332e+00,-9.161282476356152893e-01,-6.633012959849970969e-01,-3.309500566999197257e-01,7.512328434932769028e-02,5.272204805088613888e-01,9.712334779318863021e-01,1.332308485533779230e+00,1.534454030164177585e+00,1.534454030096189747e+00,1.332308485337746262e+00,9.712334776301525530e-01,5.272204801548505682e-01,7.512328399716272642e-02,-3.309500570058278024e-01,-6.633012962266854329e-01,-9.161282478257880557e-01,-1.097213453460998966e+00,-1.220362458641629733e+00,-1.300298509703363248e+00,-1.349956151843068053e+00,-1.379483300558982162e+00,-1.396234016977210057e+00,-1.405217448436033134e+00,-1.409673251138568340e+00,-1.411603696604803337e+00,-1.412196482921465490e+00,-1.412129816285697892e+00,-1.411777336782410686e+00,-1.411337982406059677e+00,-1.410914254836621140e+00,-1.410557308355902206e+00,-1.410291858497899176e+00,-1.410129383138810644e+00,-1.410074777007704228e+00,-1.000000000000000000e+00,-1.000000000000000000e+00,-1.000000000000000000e+00,-1.000000000000000000e+00,-1.000000000000000000e+00,-1.000000000000000000e+00,-1.000000000000000000e+00,-1.000000000000000000e+00,-1.000000000000000000e+00,-1.000000000000000000e+00,-1.000000000000000000e+00,-1.000000000000000000e+00,-1.000000000000000000e+00,-1.000000000000000000e+00,-1.000000000000000000e+00,-1.000000000000000000e+00,-1.000000000000000000e+00,-1.000000000000000000e+00,-1.000000000000000000e+00,-1.000000000000000000e+00,-1.000000000000000000e+00,-1.000000000000000000e+00,-1.000000000000000000e+00,-1.000000000000000000e+00,-1.000000000000000000e+00,-1.000000000000000000e+00,-1.000000000000000000e+00,-1.000000000000000000e+00,-1.000000000000000000e+00,-1.000000000000000000e+00,-1.000000000000000000e+00,-1.000000000000000000e+00,-1.000000000000000000e+00,-1.000000000000000000e+00,-1.000000000000000000e+00,-1.000000000000000000e+00,-1.000000000000000000e+00,-1.000000000000000000e+00,-1.000000000000000000e+00,-1.000000000000000000e+00,-1.000000000000000000e+00,-1.000000000000000000e+00,-1.000000000000000000e+00,-1.000000000000000000e+00,-1.000000000000000000e+00,-1.000000000000000000e+00
-1.000000000000000000e+00,-1.000000000000000000e+00,-1.000000000000000000e+00,-1.000000000000000000e+00,-1.000000000000000000e+00,-1.000000000000000000e+00,-1.000000000000000000e+00,-1.000000000000000000e+00,-1.000000000000000000e+00,-1.000000000000000000e+00,-1.000000000000000000e+00,-1.000000000000000000e+00,-1.000000000000000000e+00,-1.000000000000000000e+00,-1.000000000000000000e+00,-1.000000000000000000e+00,-1.000000000000000000e+00,-1.000000000000000000e+00,-1.000000000000000000e+00,-1.000000000000000000e+00,-1.000000000000000000e+00,-1.000000000000000000e+00,-1.000000000000000000e+00,-1.000000000000000000e+00,-1.000000000000000000e+00,-1.000000000000000000e+00,-1.000000000000000000e+00,-1.000000000000000000e+00,-1.000000000000000000e+00,-1.000000000000000000e+00,-1.000000000000000000e+00,-1.000000000000000000e+00,-1.000000000000000000e+00,-1.000000000000000000e+00,-1.000000000000000000e+00,-1.000000000000000000e+00,-1.000000000000000000e+00,-1.000000000000000000e+00,-1.000000000000000000e+00,-1.000000000000000000e+00,-1.000000000000000000e+00,-1.000000000000000000e+00,-1.000000000000000000e+00,-1.000000000000000000e+00,-1.000000000000000000e+00,-1.000000000000000000e+00,-1.410120702675117688e+00,-1.410175308772753766e+00,-1.410337783905879716e+00,-1.410603233645688626e+00,-1.410960180581150691e+00,-1.411383909860799646e+00,-1.411823268988503077e+00,-1.412175759863391278e+00,-1.412242451477461413e+00,-1.411649716936409948e+00,-1.409719373988084890e+00,-1.405263766438507922e+00,-1.396280693146773055e+00,-1.379530611064848866e+00,-1.350004546213192658e+00,-1.300348688822867471e+00,-1.220415464279548612e+00,-1.097270751438522041e+00,-9.161917693833400156e-01,-6.633733814153096597e-01,-3.310332284105738099e-01,7.502677970107174410e-02,5.271093617217410543e-01,9.711082101938359745e-01,1.332171841765705800e+00,1.534311048181862258e+00,1.534311048177912973e+00,1.332171841745228402e+00,9.711082101492929386e-01,5.271093616563649054e-01,7.502677960958870074e-02,-3.310332285268976493e-01,-6.633733815559111902e-01,-9.161917695587082910e-01,-1.097270751652649201e+00,-1.220415464523436633e+00,-1.300348689097321486e+00,-1.350004546525254145e+00,-1.379530611419043540e+00,-1.396280693541429585e+00,-1.405263766841997164e+00,-1.409719374381744217e+00,-1.411649717299854334e+00,-1.412242451802099508e+00,-1.412175760138247860e+00,-1.411823269195173536e+00,-1.411383910010529874e+00,-1.410960180583290091e+00,-1.410603233651677835e+00,-1.410337783863367500e+00,-1.410175308649644688e+00,-1.410120702549648275e+00,-1.000000000000000000e+00,-1.000000000000000000e+00,-1.000000000000000000e+00,-1.000000000000000000e+00,-1.000000000000000000e+00,-1.000000000000000000e+00,-1.000000000000000000e+00,-1.000000000000000000e+00,-1.000000000000000000e+00,-1.000000000000000000e+00,-1.000000000000000000e+00,-1.000000000000000000e+00,-1.000000000000000000e+00,-1.000000000000000000e+00,-1.000000000000000000e+00,-1.000000000000000000e+00,-1.000000000000000000e+00,-1.000000000000000000e+00,-1.000000000000000000e+00,-1.000000000000000000e+00,-1.000000000000000000e+00,-1.000000000000000000e+00,-1.000000000000000000e+00,-1.000000000000000000e+00,-1.000000000000000000e+00,-1.000000000000000000e+00,-1.000000000000000000e+00,-1.000000000000000000e+00,-1.000000000000000000e+00,-1.000000000000000000e+00,-1.000000000000000000e+00,-1.000000000000000000e+00,-1.000000000000000000e+00,-1.000000000000000000e+00,-1.000000000000000000e+00,-1.000000000000000000e+00,-1.000000000000000000e+00,-1.000000000000000000e+00,-1.000000000000000000e+00,-1.000000000000000000e+00,-1.000000000000000000e+00,-1.000000000000000000e+00,-1.000000000000000000e+00,-1.000000000000000000e+00,-1.000000000000000000e+00,-1.000000000000000000e+00
-1.000000000000000000e+00,-1.000000000000000000e+00,-1.000000000000000000e+00,-1.000000000000000000e+00,-1.000000000000000000e+00,-1.000000000000000000e+00,-1.000000000000000000e+00,-1.000000000000000000e+00,-1.000000000000000000e+00,-1.000000000000000000e+00,-1.000000000000000000e+00,-1.000000000000000000e+00,-1.000000000000000000e+00,-1.000000000000000000e+00,-1.000000000000000000e+00,-1.000000000000000000e+00,-1.000000000000000000e+00,-1.000000000000000000e+00,-1.000000000000000000e+00,-1.000000000000000000e+00,-1.000000000000000000e+00,-1.000000000000000000e+00,-1.000000000000000000e+00,-1.000000000000000000e+00,-1.000000000000000000e+00,-1.000000000000000000e+00,-1.000000000000000000e+00,-1.000000000000000000e+00,-1.000000000000000000e+00,-1.000000000000000000e+00,-1.000000000000000000e+00,-1.000000000000000000e+00,-1.000000000000000000e+00,-1.000000000000000000e+00,-1.000000000000000000e+00,-1.000000000000000000e+00,-1.000000000000000000e+00,-1.000000000000000000e+00,-1.000000000000000000e+00,-1.000000000000000000e+00,-1.000000000000000000e+00,-1.000000000000000000e+00,-1.000000000000000000e+00,-1.000000000000000000e+00,-1.000000000000000000e+00,-1.000000000000000000e+00,-1.410179716147435869e+00,-1.410234322202181367e+00,-1.410396797278419712e+00,-1.410662247106213130e+00,-1.411019194785727349e+00,-1.411442926484374860e+00,-1.411882291962161862e+00,-1.412234797700946842e+00,-1.412301521672898907e+00,-1.411708853923725693e+00,-1.409778643018567923e+00,-1.405323286642947922e+00,-1.396340674120871483e+00,-1.379591407879531717e+00,-1.350066736874860229e+00,-1.300413174553989970e+00,-1.220483584601940841e+00,-1.097344391028947985e+00,-9.162734112253809737e-01,-6.634660339865805501e-01,-3.311401347102781445e-01,7.490273157427673745e-02,5.269665249783874739e-01,9.709471832415499382e-01,1.331996189737257197e+00,1.534127247756654100e+00,1.534127247806199357e+00,1.331996189860706892e+00,9.709471833957530329e-01,5.269665251233932590e-01,7.490273167672323318e-02,-3.311401346601848816e-01,-6.634660339921285566e-01,-9.162734113061754559e-01,-1.097344391195879787e+00,-1.220483584844367142e+00,-1.300413174860527210e+00,-1.350066737227141100e+00,-1.379591408259882135e+00,-1.396340674526579839e+00,-1.405323287041934766e+00,-1.409778643389940411e+00,-1.411708854231769283e+00,-1.412301521901254020e+00,-1.412234797872872649e+00,-1.411882292063622923e+00,-1.411442926646606644e+00,-1.411019194889236550e+00,-1.410662247205078046e+00,-1.410396797294336757e+00,-1.410234322192089440e+00,-1.410179716129489336e+00,-1.000000000000000000e+00,-1.000000000000000000e+00,-1.000000000000000000e+00,-1.000000000000000000e+00,-1.000000000000000000e+00,-1.000000000000000000e+00,-1.000000000000000000e+00,-1.000000000000000000e+00,-1.000000000000000000e+00,-1.000000000000000000e+00,-1.000000000000000000e+00,-1.000000000000000000e+00,-1.000000000000000000e+00,-1.000000000000000000e+00,-1.000000000000000000e+00,-1.000000000000000000e+00,-1.000000000000000000e+00,-1.000000000000000000e+00,-1.000000000000000000e+00,-1.000000000000000000e+00,-1.000000000000000000e+00,-1.000000000000000000e+00,-1.000000000000000000e+00,-1.000000000000000000e+00,-1.000000000000000000e+00,-1.000000000000000000e+00,-1.000000000000000000e+00,-1.000000000000000000e+00,-1.000000000000000000e+00,-1.000000000000000000e+00,-1.000000000000000000e+00,-1.000000000000000000e+00,-1.000000000000000000e+00,-1.000000000000000000e+00,-1.000000000000000000e+00,-1.000000000000000000e+00,-1.000000000000000000e+00,-1.000000000000000000e+00,-1.000000000000000000e+00,-1.000000000000000000e+00,-1.000000000000000000e+00,-1.000000000000000000e+00,-1.000000000000000000e+00,-1.000000000000000000e+00,-1.000000000000000000e+00,-1.000000000000000000e+00
-1.000000000000000000e+00,-1.000000000000000000e+00,-1.000000000000000000e+00,-1.000000000000000000e+00,-1.000000000000000000e+00,-1.000000000000000000e+00,-1.000000000000000000e+00,-1.000000000000000000e+00,-1.000000000000000000e+00,-1.000000000000000000e+00,-1.000000000000000000e+00,-1.000000000000000000e+00,-1.000000000000000000e+00,-1.000000000000000000e+00,-1.000000000000000000e+00,-1.000000000000000000e+00,-1.000000000000000000e+00,-1.000000000000000000e+00,-1.000000000000000000e+00,-1.000000000000000000e+00,-1.000000000000000000e+00,-1.000000000000000000e+00,-1.000000000000000000e+00,-1.000000000000000000e+00,-1.000000000000000000e+00,-1.000000000000000000e+00,-1.000000000000000000e+00,-1.000000000000000000e+00,-1.000000000000000000e+00,-1.000000000000000000e+00,-1.000000000000000000e+00,-1.000000000000000000e+00,-1.000000000000000000e+00,-1.000000000000000000e+00,-1.000000000000000000e+00,-1.000000000000000000e+00,-1.000000000000000000e+00,-1.000000000000000000e+00,-1.000000000000000000e+00,-1.000000000000000000e+00,-1.000000000000000000e+00,-1.000000000000000000e+00,-1.000000000000000000e+00,-1.000000000000000000e+00,-1.000000000000000000e+00,-1.000000000000000000e+00,-1.410251792466350462e+00,-1.410306398486758983e+00,-1.410468873555696945e+00,-1.410734323611885888e+00,-1.411091272331324697e+00,-1.411515007178232306e+00,-1.411954380637425954e+00,-1.412306904794869755e+00,-1.412373668611371258e+00,-1.411781082840547930e+00,-1.409851033684816235e+00,-1.405395984687673128e+00,-1.396413935778599846e+00,-1.379665667218988645e+00,-1.350142700442475530e+00,-1.300491943909537262e+00,-1.220566796984973834e+00,-1.097434349949717669e+00,-9.163731513700061893e-01,-6.635792321381650538e-01,-3.312707540587006561e-01,7.475116182891183847e-02,5.267919928414932507e-01,9.707504206013592984e-01,1.331781553911628890e+00,1.533902653918647552e+00,1.533902654027986312e+00,1.331781554206628915e+00,9.707504210106463471e-01,5.267919932790037230e-01,7.475116222048838743e-02,-3.312707537594320462e-01,-6.635792319572144660e-01,-9.163731513279873564e-01,-1.097434350041895712e+00,-1.220566797179902130e+00,-1.300491944172831982e+00,-1.350142700753022673e+00,-1.379665667563840792e+00,-1.396413936149733859e+00,-1.405395985046516305e+00,-1.409851034007565174e+00,-1.411781083119148628e+00,-1.412373668846852004e+00,-1.412306905025743520e+00,-1.411954380751462290e+00,-1.411515007263044907e+00,-1.411091272435920807e+00,-1.410734323772534271e+00,-1.410468873632303222e+00,-1.410306398563721419e+00,-1.410251792510510471e+00,-1.000000000000000000e+00,-1.000000000000000000e+00,-1.000000000000000000e+00,-1.000000000000000000e+00,-1.000000000000000000e+00,-1.000000000000000000e+00,-1.000000000000000000e+00,-1.000000000000000000e+00,-1.000000000000000000e+00,-1.000000000000000000e+00,-1.000000000000000000e+00,-1.000000000000000000e+00,-1.000000000000000000e+00,-1.000000000000000000e+00,-1.000000000000000000e+00,-1.000000000000000000e+00,-1.000000000000000000e+00,-1.000000000000000000e+00,-1.000000000000000000e+00,-1.000000000000000000e+00,-1.000000000000000000e+00,-1.000000000000000000e+00,-1.000000000000000000e+00,-1.000000000000000000e+00,-1.000000000000000000e+00,-1.000000000000000000e+00,-1.000000000000000000e+00,-1.000000000000000000e+00,-1.000000000000000000e+00,-1.000000000000000000e+00,-1.000000000000000000e+00,-1.000000000000000000e+00,-1.000000000000000000e+00,-1.000000000000000000e+00,-1.000000000000000000e+00,-1.000000000000000000e+00,-1.000000000000000000e+00,-1.000000000000000000e+00,-1.000000000000000000e+00,-1.000000000000000000e+00,-1.000000000000000000e+00,-1.000000000000000000e+00,-1.000000000000000000e+00,-1.000000000000000000e+00,-1.000000000000000000e+00,-1.000000000000000000e+00
-1.000000000000000000e+00,-1.000000000000000000e+00,-1.000000000000000000e+00,-1.000000000000000000e+00,-1.000000000000000000e+00,-1.000000000000000000e+00,-1.000000000000000000e+00,-1.000000000000000000e+00,-1.000000000000000000e+00,-1.000000000000000000e+00,-1.000000000000000000e+00,-1.000000000000000000e+00,-1.000000000000000000e+00,-1.000000000000000000e+00,-1.000000000000000000e+00,-1.000000000000000000e+00,-1.000000000000000000e+00,-1.000000000000000000e+00,-1.000000000000000000e+00,-1.000000000000000000e+00,-1.000000000000000000e+00,-1.000000000000000000e+00,-1.000000000000000000e+00,-1.000000000000000000e+00,-1.000000000000000000e+00,-1.000000000000000000e+00,-1.000000000000000000e+00,-1.000000000000000000e+00,-1.000000000000000000e+00,-1.000000000000000000e+00,-1.000000000000000000e+00,-1.000000000000000000e+00,-1.000000000000000000e+00,-1.000000000000000000e+00,-1.000000000000000000e+00,-1.000000000000000000e+00,-1.000000000000000000e+00,-1.000000000000000000e+00,-1.000000000000000000e+00,-1.000000000000000000e+00,-1.000000000000000000e+00,-1.000000000000000000e+00,-1.000000000000000000e+00,-1.000000000000000000e+00,-1.000000000000000000e+00,-1.000000000000000000e+00,-1.410336900759687540e+00,-1.410391506769478998e+00,-1.410553981905300791e+00,-1.410819432400178375e+00,-1.411176382559555798e+00,-1.411600121396299645e+00,-1.412039504617612629e+00,-1.412392050917341102e+00,-1.412458862226650735e+00,-1.411866373802999064e+00,-1.409936516345395408e+00,-1.405481831212989086e+00,-1.396500449040053216e+00,-1.379753360276186003e+00,-1.350232408428197584e+00,-1.300584968822425580e+00,-1.220665073872094775e+00,-1.097540601176114405e+00,-9.164909632540825246e-01,-6.637129495830749182e-01,-3.314250601436550259e-01,7.457209719985113949e-02,5.265857928932160537e-01,9.705179509986934239e-01,1.331527964123951246e+00,1.533637297153650714e+00,1.533637297288286128e+00,1.331527964490228033e+00,9.705179515136685975e-01,5.265857934520712380e-01,7.457209771912620688e-02,-3.314250597134735798e-01,-6.637129492694963107e-01,-9.164909630859732204e-01,-1.097540601167525276e+00,-1.220665074015482965e+00,-1.300584969083640630e+00,-1.350232408771264936e+00,-1.379753360664667472e+00,-1.396500449432096724e+00,-1.405481831568954565e+00,-1.409936516625722502e+00,-1.411866373998103441e+00,-1.412458862323223485e+00,-1.412392051020181505e+00,-1.412039504760219888e+00,-1.411600121511875638e+00,-1.411176382701179621e+00,-1.410819432609826451e+00,-1.410553982060823941e+00,-1.410391506945047446e+00,-1.410336900887194211e+00,-1.000000000000000000e+00,-1.000000000000000000e+00,-1.000000000000000000e+00,-1.000000000000000000e+00,-1.000000000000000000e+00,-1.000000000000000000e+00,-1.000000000000000000e+00,-1.000000000000000000e+00,-1.000000000000000000e+00,-1.000000000000000000e+00,-1.000000000000000000e+00,-1.000000000000000000e+00,-1.000000000000000000e+00,-1.000000000000000000e+00,-1.000000000000000000e+00,-1.000000000000000000e+00,-1.000000000000000000e+00,-1.000000000000000000e+00,-1.000000000000000000e+00,-1.000000000000000000e+00,-1.000000000000000000e+00,-1.000000000000000000e+00,-1.000000000000000000e+00,-1.000000000000000000e+00,-1.000000000000000000e+00,-1.000000000000000000e+00,-1.000000000000000000e+00,-1.000000000000000000e+00,-1.000000000000000000e+00,-1.000000000000000000e+00,-1.000000000000000000e+00,-1.000000000000000000e+00,-1.000000000000000000e+00,-1.000000000000000000e+00,-1.000000000000000000e+00,-1.000000000000000000e+00,-1.000000000000000000e+00,-1.000000000000000000e+00,-1.000000000000000000e+00,-1.000000000000000000e+00,-1.000000000000000000e+00,-1.000000000000000000e+00,-1.000000000000000000e+00,-1.000000000000000000e+00,-1.000000000000000000e+00,-1.000000000000000000e+00
-1.000000000000000000e+00,-1.000000000000000000e+00,-1.000000000000000000e+00,-1.000000000000000000e+00,-1.000000000000000000e+00,-1.000000000000000000e+00,-1.000000000000000000e+00,-1.000000000000000000e+00,-1.000000000000000000e+00,-1.000000000000000000e+00,-1.000000000000000000e+00,-1.000000000000000000e+00,-1.000000000000000000e+00,-1.000000000000000000e+00,-1.000000000000000000e+00,-1.000000000000000000e+00,-1.000000000000000000e+00,-1.000000000000000000e+00,-1.000000000000000000e+00,-1.000000000000000000e+00,-1.000000000000000000e+00,-1.000000000000000000e+00,-1.000000000000000000e+00,-1.000000000000000000e+00,-1.000000000000000000e+00,-1.000000000000000000e+00,-1.000000000000000000e+00,-1.000000000000000000e+00,-1.000000000000000000e+00,-1.000000000000000000e+00,-1.000000000000000000e+00,-1.000000000000000000e+00,-1.000000000000000000e+00,-1.000000000000000000e+00,-1.000000000000000000e+00,-1.000000000000000000e+00,-1.000000000000000000e+00,-1.000000000000000000e+00,-1.000000000000000000e+00,-1.000000000000000000e+00,-1.000000000000000000e+00,-1.000000000000000000e+00,-1.000000000000000000e+00,-1.000000000000000000e+00,-1.000000000000000000e+00,-1.000000000000000000e+00,-1.410435004426778827e+00,-1.410489610482962952e+00,-1.410652085814693812e+00,-1.410917537017448042e+00,-1.411274489127560372e+00,-1.411698232922432794e+00,-1.412137627835842402e+00,-1.412490200202585200e+00,-1.412557066894636115e+00,-1.411964691419930196e+00,-1.410035055840557661e+00,-1.405580791339203994e+00,-1.396600179393146623e+00,-1.379854452978426238e+00,-1.350335827222918450e+00,-1.300692216164406778e+00,-1.220778382659784222e+00,-1.097663112676634967e+00,-9.166268154128945911e-01,-6.638671552867483339e-01,-3.316030220335631773e-01,7.436556900407653714e-02,5.263479573610660989e-01,9.702498079332364522e-01,1.331235455128342959e+00,1.533331212974954560e+00,1.533331213120833869e+00,1.331235455520003441e+00,9.702498084801822742e-01,5.263479579499599215e-01,7.436556954242834472e-02,-3.316030216030384503e-01,-6.638671549955279527e-01,-9.166268152888104037e-01,-1.097663112719740708e+00,-1.220778382845089771e+00,-1.300692216438428694e+00,-1.350335827531119470e+00,-1.379854453296201156e+00,-1.396600179693034072e+00,-1.405580791624016390e+00,-1.410035056091030414e+00,-1.411964691655689608e+00,-1.412557067081213535e+00,-1.412490200286623310e+00,-1.412137627995759814e+00,-1.411698233102431477e+00,-1.411274489364028106e+00,-1.410917537308201020e+00,-1.410652086053776566e+00,-1.410489610714275255e+00,-1.410435004609888132e+00,-1.000000000000000000e+00,-1.000000000000000000e+00,-1.000000000000000000e+00,-1.000000000000000000e+00,-1.000000000000000000e+00,-1.000000000000000000e+00,-1.000000000000000000e+00,-1.000000000000000000e+00,-1.000000000000000000e+00,-1.000000000000000000e+00,-1.000000000000000000e+00,-1.000000000000000000e+00,-1.000000000000000000e+00,-1.000000000000000000e+00,-1.000000000000000000e+00,-1.000000000000000000e+00,-1.000000000000000000e+00,-1.000000000000000000e+00,-1.000000000000000000e+00,-1.000000000000000000e+00,-1.000000000000000000e+00,-1.000000000000000000e+00,-1.000000000000000000e+00,-1.000000000000000000e+00,-1.000000000000000000e+00,-1.000000000000000000e+00,-1.000000000000000000e+00,-1.000000000000000000e+00,-1.000000000000000000e+00,-1.000000000000000000e+00,-1.000000000000000000e+00,-1.000000000000000000e+00,-1.000000000000000000e+00,-1.000000000000000000e+00,-1.000000000000000000e+00,-1.000000000000000000e+00,-1.000000000000000000e+00,-1.000000000000000000e+00,-1.000000000000000000e+00,-1.000000000000000000e+00,-1.000000000000000000e+00,-1.000000000000000000e+00,-1.000000000000000000e+00,-1.000000000000000000e+00,-1.000000000000000000e+00,-1.000000000000000000e+00
-1.000000000000000000e+00,-1.000000000000000000e+00,-1.000000000000000000e+00,-1.000000000000000000e+00,-1.000000000000000000e+00,-1.000000000000000000e+00,-1.000000000000000000e+00,-1.000000000000000000e+00,-1.000000000000000000e+00,-1.000000000000000000e+00,-1.000000000000000000e+00,-1.000000000000000000e+00,-1.000000000000000000e+00,-1.000000000000000000e+00,-1.000000000000000000e+00,-1.000000000000000000e+00,-1.000000000000000000e+00,-1.000000000000000000e+00,-1.000000000000000000e+00,-1.000000000000000000e+00,-1.000000000000000000e+00,-1.000000000000000000e+00,-1.000000000000000000e+00,-1.000000000000000000e+00,-1.000000000000000000e+00,-1.000000000000000000e+00,-1.000000000000000000e+00,-1.000000000000000000e+00,-1.000000000000000000e+00,-1.000000000000000000e+00,-1.000000000000000000e+00,-1.000000000000000000e+00,-1.000000000000000000e+00,-1.000000000000000000e+00,-1.000000000000000000e+00,-1.000000000000000000e+00,-1.000000000000000000e+00,-1.000000000000000000e+00,-1.000000000000000000e+00,-1.000000000000000000e+00,-1.000000000000000000e+00,-1.000000000000000000e+00,-1.000000000000000000e+00,-1.000000000000000000e+00,-1.000000000000000000e+00,-1.000000000000000000e+00,-1.410546061062995848e+00,-1.410600667244320761e+00,-1.410763142979932994e+00,-1.411028595247699968e+00,-1.411385549950612939e+00,-1.411809299852631483e+00,-1.412248708588115909e+00,-1.412601311152366756e+00,-1.412668241378280953e+00,-1.412075994784523392e+00,-1.410146611625743285e+00,-1.405692824874867464e+00,-1.396713087000088782e+00,-1.379968905911113763e+00,-1.350452917953633758e+00,-1.300813647717572907e+00,-1.220906685861262719e+00,-1.097801847708231859e+00,-9.167806717672157824e-01,-6.640418136345731526e-01,-3.318046042101933102e-01,7.413161320589467529e-02,5.260785232622562368e-01,9.699460299066622326e-01,1.330904066899128324e+00,1.532984442234919253e+00,1.532984442357646859e+00,1.330904067225831433e+00,9.699460303693963059e-01,5.260785237755092325e-01,7.413161369862519834e-02,-3.318046037861207553e-01,-6.640418133102299336e-01,-9.167806715762351066e-01,-1.097801847665925923e+00,-1.220906685968156324e+00,-1.300813647953618313e+00,-1.350452918271438207e+00,-1.379968906292306841e+00,-1.396713087388356644e+00,-1.405692825230492105e+00,-1.410146611884060874e+00,-1.412075994966507597e+00,-1.412668241637893951e+00,-1.412601311365359713e+00,-1.412248708849062950e+00,-1.411809300120975275e+00,-1.411385550295298330e+00,-1.411028595629732596e+00,-1.410763143326895008e+00,-1.410600667565013344e+00,-1.410546061355430369e+00,-1.000000000000000000e+00,-1.000000000000000000e+00,-1.000000000000000000e+00,-1.000000000000000000e+00,-1.000000000000000000e+00,-1.000000000000000000e+00,-1.000000000000000000e+00,-1.000000000000000000e+00,-1.000000000000000000e+00,-1.000000000000000000e+00,-1.000000000000000000e+00,-1.000000000000000000e+00,-1.000000000000000000e+00,-1.000000000000000000e+00,-1.000000000000000000e+00,-1.000000000000000000e+00,-1.000000000000000000e+00,-1.000000000000000000e+00,-1.000000000000000000e+00,-1.000000000000000000e+00,-1.000000000000000000e+00,-1.000000000000000000e+00,-1.000000000000000000e+00,-1.000000000000000000e+00,-1.000000000000000000e+00,-1.000000000000000000e+00,-1.000000000000000000e+00,-1.000000000000000000e+00,-1.000000000000000000e+00,-1.000000000000000000e+00,-1.000000000000000000e+00,-1.000000000000000000e+00,-1.000000000000000000e+00,-1.000000000000000000e+00,-1.000000000000000000e+00,-1.000000000000000000e+00,-1.000000000000000000e+00,-1.000000000000000000e+00,-1.000000000000000000e+00,-1.000000000000000000e+00,-1.000000000000000000e+00,-1.000000000000000000e+00,-1.000000000000000000e+00,-1.000000000000000000e+00,-1.000000000000000000e+00,-1.000000000000000000e+00
-1.000000000000000000e+00,-1.000000000000000000e+00,-1.000000000000000000e+00,-1.000000000000000000e+00,-1.000000000000000000e+00,-1.000000000000000000e+00,-1.000000000000000000e+00,-1.000000000000000000e+00,-1.000000000000000000e+00,-1.000000000000000000e+00,-1.000000000000000000e+00,-1.000000000000000000e+00,-1.000000000000000000e+00,-1.000000000000000000e+00,-1.000000000000000000e+00,-1.000000000000000000e+00,-1.000000000000000000e+00,-1.000000000000000000e+00,-1.000000000000000000e+00,-1.000000000000000000e+00,-1.000000000000000000e+00,-1.000000000000000000e+00,-1.000000000000000000e+00,-1.000000000000000000e+00,-1.000000000000000000e+00,-1.000000000000000000e+00,-1.000000000000000000e+00,-1.000000000000000000e+00,-1.000000000000000000e+00,-1.000000000000000000e+00,-1.000000000000000000e+00,-1.000000000000000000e+00,-1.000000000000000000e+00,-1.000000000000000000e+00,-1.000000000000000000e+00,-1.000000000000000000e+00,-1.000000000000000000e+00,-1.000000000000000000e+00,-1.000000000000000000e+00,-1.000000000000000000e+00,-1.000000000000000000e+00,-1.000000000000000000e+00,-1.000000000000000000e+00,-1.000000000000000000e+00,-1.000000000000000000e+00,-1.000000000000000000e+00,-1.410670022517208633e+00,-1.410724628905478450e+00,-1.410887105323672897e+00,-1.411152559134932538e+00,-1.411509517216635645e+00,-1.411933274562535034e+00,-1.412372699511457164e+00,-1.412725336692988609e+00,-1.412792338885121790e+00,-1.412200237399671376e+00,-1.410271137565328736e+00,-1.405817886140584116e+00,-1.396839126697829059e+00,-1.380096674450905114e+00,-1.350583636570822144e+00,-1.300949220076022872e+00,-1.221049940810718493e+00,-1.097956764427544085e+00,-9.169524912737598843e-01,-6.642368841830106341e-01,-3.320297664161939721e-01,7.387027047451577566e-02,5.257775323383104826e-01,9.696066602081747643e-01,1.330533844290261225e+00,1.532597030761215784e+00,1.532597030869303101e+00,1.330533844576678781e+00,9.696066606078057593e-01,5.257775327695062284e-01,7.387027087540620762e-02,-3.320297660880848767e-01,-6.642368839545350623e-01,-9.169524911648806453e-01,-1.097956764446848421e+00,-1.221049940942991130e+00,-1.300949220285910313e+00,-1.350583636792681563e+00,-1.380096674681467350e+00,-1.396839126937332809e+00,-1.405817886433279096e+00,-1.410271137919404172e+00,-1.412200237668567837e+00,-1.412792339184451240e+00,-1.412725337005155790e+00,-1.412372699885894534e+00,-1.411933274966472585e+00,-1.411509517708980255e+00,-1.411152559611160484e+00,-1.410887105768459993e+00,-1.410724629313459655e+00,-1.410670022919453315e+00,-1.000000000000000000e+00,-1.000000000000000000e+00,-1.000000000000000000e+00,-1.000000000000000000e+00,-1.000000000000000000e+00,-1.000000000000000000e+00,-1.000000000000000000e+00,-1.000000000000000000e+00,-1.000000000000000000e+00,-1.000000000000000000e+00,-1.000000000000000000e+00,-1.000000000000000000e+00,-1.000000000000000000e+00,-1.000000000000000000e+00,-1.000000000000000000e+00,-1.000000000000000000e+00,-1.000000000000000000e+00,-1.000000000000000000e+00,-1.000000000000000000e+00,-1.000000000000000000e+00,-1.000000000000000000e+00,-1.000000000000000000e+00,-1.000000000000000000e+00,-1.000000000000000000e+00,-1.000000000000000000e+00,-1.000000000000000000e+00,-1.000000000000000000e+00,-1.000000000000000000e+00,-1.000000000000000000e+00,-1.000000000000000000e+00,-1.000000000000000000e+00,-1.000000000000000000e+00,-1.000000000000000000e+00,-1.000000000000000000e+00,-1.000000000000000000e+00,-1.000000000000000000e+00,-1.000000000000000000e+00,-1.000000000000000000e+00,-1.000000000000000000e+00,-1.000000000000000000e+00,-1.000000000000000000e+00,-1.000000000000000000e+00,-1.000000000000000000e+00,-1.000000000000000000e+00,-1.000000000000000000e+00,-1.000000000000000000e+00
-1.000000000000000000e+00,-1.000000000000000000e+00,-1.000000000000000000e+00,-1.000000000000000000e+00,-1.000000000000000000e+00,-1.000000000000000000e+00,-1.000000000000000000e+00,-1.000000000000000000e+00,-1.000000000000000000e+00,-1.000000000000000000e+00,-1.000000000000000000e+00,-1.000000000000000000e+00,-1.000000000000000000e+00,-1.000000000000000000e+00,-1.000000000000000000e+00,-1.000000000000000000e+00,-1.000000000000000000e+00,-1.000000000000000000e+00,-1.000000000000000000e+00,-1.000000000000000000e+00,-1.000000000000000000e+00,-1.000000000000000000e+00,-1.000000000000000000e+00,-1.000000000000000000e+00,-1.000000000000000000e+00,-1.000000000000000000e+00,-1.000000000000000000e+00,-1.000000000000000000e+00,-1.000000000000000000e+00,-1.000000000000000000e+00,-1.000000000000000000e+00,-1.000000000000000000e+00,-1.000000000000000000e+00,-1.000000000000000000e+00,-1.000000000000000000e+00,-1.000000000000000000e+00,-1.000000000000000000e+00,-1.000000000000000000e+00,-1.000000000000000000e+00,-1.000000000000000000e+00,-1.000000000000000000e+00,-1.000000000000000000e+00,-1.000000000000000000e+00,-1.000000000000000000e+00,-1.000000000000000000e+00,-1.000000000000000000e+00,-1.410806834749809280e+00,-1.410861441439078323e+00,-1.411023918876760153e+00,-1.411289374844701738e+00,-1.411646337280323849e+00,-1.412070103604371685e+00,-1.412509547387586384e+00,-1.412862223915063442e+00,-1.412929306887600323e+00,-1.412337367144997469e+00,-1.410408581928212390e+00,-1.405955923804949492e+00,-1.396978247633686054e+00,-1.380237708343587277e+00,-1.350727933548793835e+00,-1.301098884561484148e+00,-1.221208099761822874e+00,-1.098127816065697981e+00,-9.171422281048728919e-01,-6.644523218423008526e-01,-3.322784638521751877e-01,7.358158599579489589e-02,5.254450309207272518e-01,9.692317468557472004e-01,1.330124837000882909e+00,1.532169029239519364e+00,1.532169029275123329e+00,1.330124837093893841e+00,9.692317469841169597e-01,5.254450310576481709e-01,7.358158613281218230e-02,-3.322784637213528347e-01,-6.644523217312836572e-01,-9.171422280225903778e-01,-1.098127816034184745e+00,-1.221208099793474666e+00,-1.301098884665991218e+00,-1.350727933713511852e+00,-1.380237708568663013e+00,-1.396978247876073054e+00,-1.405955924023114090e+00,-1.410408582241480913e+00,-1.412337367492761508e+00,-1.412929307248977695e+00,-1.412862224331793204e+00,-1.412509547862066173e+00,-1.412070104101305734e+00,-1.411646337856039768e+00,-1.411289375369775057e+00,-1.411023919383530334e+00,-1.410861441895928214e+00,-1.410806835212296440e+00,-1.000000000000000000e+00,-1.000000000000000000e+00,-1.000000000000000000e+00,-1.000000000000000000e+00,-1.000000000000000000e+00,-1.000000000000000000e+00,-1.000000000000000000e+00,-1.000000000000000000e+00,-1.000000000000000000e+00,-1.000000000000000000e+00,-1.000000000000000000e+00,-1.000000000000000000e+00,-1.000000000000000000e+00,-1.000000000000000000e+00,-1.000000000000000000e+00,-1.000000000000000000e+00,-1.000000000000000000e+00,-1.000000000000000000e+00,-1.000000000000000000e+00,-1.000000000000000000e+00,-1.000000000000000000e+00,-1.000000000000000000e+00,-1.000000000000000000e+00,-1.000000000000000000e+00,-1.000000000000000000e+00,-1.000000000000000000e+00,-1.000000000000000000e+00,-1.000000000000000000e+00,-1.000000000000000000e+00,-1.000000000000000000e+00,-1.000000000000000000e+00,-1.000000000000000000e+00,-1.000000000000000000e+00,-1.000000000000000000e+00,-1.000000000000000000e+00,-1.000000000000000000e+00,-1.000000000000000000e+00,-1.000000000000000000e+00,-1.000000000000000000e+00,-1.000000000000000000e+00,-1.000000000000000000e+00,-1.000000000000000000e+00,-1.000000000000000000e+00,-1.000000000000000000e+00,-1.000000000000000000e+00,-1.000000000000000000e+00
-1.000000000000000000e+00,-1.000000000000000000e+00,-1.000000000000000000e+00,-1.000000000000000000e+00,-1.000000000000000000e+00,-1.000000000000000000e+00,-1.000000000000000000e+00,-1.000000000000000000e+00,-1.000000000000000000e+00,-1.000000000000000000e+00,-1.000000000000000000e+00,-1.000000000000000000e+00,-1.000000000000000000e+00,-1.000000000000000000e+00,-1.000000000000000000e+00,-1.000000000000000000e+00,-1.000000000000000000e+00,-1.000000000000000000e+00,-1.000000000000000000e+00,-1.000000000000000000e+00,-1.000000000000000000e+00,-1.000000000000000000e+00,-1.000000000000000000e+00,-1.000000000000000000e+00,-1.000000000000000000e+00,-1.000000000000000000e+00,-1.000000000000000000e+00,-1.000000000000000000e+00,-1.000000000000000000e+00,-1.000000000000000000e+00,-1.000000000000000000e+00,-1.000000000000000000e+00,-1.000000000000000000e+00,-1.000000000000000000e+00,-1.000000000000000000e+00,-1.000000000000000000e+00,-1.000000000000000000e+00,-1.000000000000000000e+00,-1.000000000000000000e+00,-1.000000000000000000e+00,-1.000000000000000000e+00,-1.000000000000000000e+00,-1.000000000000000000e+00,-1.000000000000000000e+00,-1.000000000000000000e+00,-1.000000000000000000e+00,-1.410956437623111182e+00,-1.411011044748488930e+00,-1.411173523623453274e+00,-1.411438982481597826e+00,-1.411795950447518821e+00,-1.412219727563754690e+00,-1.412659193100621602e+00,-1.413011914004432601e+00,-1.413079086908773485e+00,-1.412487325974156605e+00,-1.410558887200094480e+00,-1.406106880943217785e+00,-1.397130393507298285e+00,-1.380391951962240960e+00,-1.350885754023959162e+00,-1.301262587216071909e+00,-1.221381109814662524e+00,-1.098314950874480056e+00,-9.173498316348951409e-01,-6.646880768913285831e-01,-3.325506472332883101e-01,7.326560932751569055e-02,5.250810696560295199e-01,9.688213422175904199e-01,1.329677099207179136e+00,1.531700493004450436e+00,1.531700493015024644e+00,1.329677099235540449e+00,9.688213422468998637e-01,5.250810696699625968e-01,7.326560932302261797e-02,-3.325506472497167243e-01,-6.646880769257612620e-01,-9.173498316812495057e-01,-1.098314950937457679e+00,-1.221381109885684157e+00,-1.301262587275373805e+00,-1.350885754076726064e+00,-1.380391952059077054e+00,-1.397130393728067244e+00,-1.406106881207696446e+00,-1.410558887500166447e+00,-1.412487326391350440e+00,-1.413079087360486596e+00,-1.413011914534708868e+00,-1.412659193666374380e+00,-1.412219728130146734e+00,-1.411795951069305888e+00,-1.411438983030464112e+00,-1.411173524145963309e+00,-1.411011045197360314e+00,-1.410956438080413600e+00,-1.000000000000000000e+00,-1.000000000000000000e+00,-1.000000000000000000e+00,-1.000000000000000000e+00,-1.000000000000000000e+00,-1.000000000000000000e+00,-1.000000000000000000e+00,-1.000000000000000000e+00,-1.000000000000000000e+00,-1.000000000000000000e+00,-1.000000000000000000e+00,-1.000000000000000000e+00,-1.000000000000000000e+00,-1.000000000000000000e+00,-1.000000000000000000e+00,-1.000000000000000000e+00,-1.000000000000000000e+00,-1.000000000000000000e+00,-1.000000000000000000e+00,-1.000000000000000000e+00,-1.000000000000000000e+00,-1.000000000000000000e+00,-1.000000000000000000e+00,-1.000000000000000000e+00,-1.000000000000000000e+00,-1.000000000000000000e+00,-1.000000000000000000e+00,-1.000000000000000000e+00,-1.000000000000000000e+00,-1.000000000000000000e+00,-1.000000000000000000e+00,-1.000000000000000000e+00,-1.000000000000000000e+00,-1.000000000000000000e+00,-1.000000000000000000e+00,-1.000000000000000000e+00,-1.000000000000000000e+00,-1.000000000000000000e+00,-1.000000000000000000e+00,-1.000000000000000000e+00,-1.000000000000000000e+00,-1.000000000000000000e+00,-1.000000000000000000e+00,-1.000000000000000000e+00,-1.000000000000000000e+00,-1.000000000000000000e+00
-1.000000000000000000e+00,-1.000000000000000000e+00,-1.000000000000000000e+00,-1.000000000000000000e+00,-1.000000000000000000e+00,-1.000000000000000000e+00,-1.000000000000000000e+00,-1.000000000000000000e+00,-1.000000000000000000e+00,-1.000000000000000000e+00,-1.000000000000000000e+00,-1.000000000000000000e+00,-1.000000000000000000e+00,-1.000000000000000000e+00,-1.000000000000000000e+00,-1.000000000000000000e+00,-1.000000000000000000e+00,-1.000000000000000000e+00,-1.000000000000000000e+00,-1.000000000000000000e+00,-1.000000000000000000e+00,-1.000000000000000000e+00,-1.000000000000000000e+00,-1.000000000000000000e+00,-1.000000000000000000e+00,-1.000000000000000000e+00,-1.000000000000000000e+00,-1.000000000000000000e+00,-1.000000000000000000e+00,-1.000000000000000000e+00,-1.000000000000000000e+00,-1.000000000000000000e+00,-1.000000000000000000e+00,-1.000000000000000000e+00,-1.000000000000000000e+00,-1.000000000000000000e+00,-1.000000000000000000e+00,-1.000000000000000000e+00,-1.000000000000000000e+00,-1.000000000000000000e+00,-1.000000000000000000e+00,-1.000000000000000000e+00,-1.000000000000000000e+00,-1.000000000000000000e+00,-1.000000000000000000e+00,-1.000000000000000000e+00,-1.411118764802180348e+00,-1.411173372537903647e+00,-1.411335853385214278e+00,-1.411601316037856879e+00,-1.411958290905461766e+00,-1.412382080897068626e+00,-1.412821571475018967e+00,-1.413174342237683234e+00,-1.413241614700831761e+00,-1.412650050105171307e+00,-1.410721990092774991e+00,-1.406270694838004154e+00,-1.397295502281948210e+00,-1.380559344077106676e+00,-1.351057037696814067e+00,-1.301440268794833877e+00,-1.221568912914367422e+00,-1.098518112095670407e+00,-9.175752463933705139e-01,-6.649440949197149564e-01,-3.328462626851894646e-01,7.292239460712734989e-02,5.246857038332106704e-01,9.683755033851408900e-01,1.329190689840265449e+00,1.531191482059172770e+00,1.531191481993964487e+00,1.329190689665075809e+00,9.683755031268739266e-01,5.246857035357597177e-01,7.292239431766023294e-02,-3.328462629074024903e-01,-6.649440950506113612e-01,-9.175752464309645529e-01,-1.098518112075117958e+00,-1.221568912893542302e+00,-1.301440268795446276e+00,-1.351057037729268107e+00,-1.380559344101444541e+00,-1.397295502393975930e+00,-1.406270695123099657e+00,-1.410721990426812456e+00,-1.412650050574002947e+00,-1.413241615200685919e+00,-1.413174342815151086e+00,-1.412821572088670541e+00,-1.412382081521442512e+00,-1.411958291554322953e+00,-1.411601316588565913e+00,-1.411335853899500670e+00,-1.411173372983203445e+00,-1.411118765253942753e+00,-1.000000000000000000e+00,-1.000000000000000000e+00,-1.000000000000000000e+00,-1.000000000000000000e+00,-1.000000000000000000e+00,-1.000000000000000000e+00,-1.000000000000000000e+00,-1.000000000000000000e+00,-1.000000000000000000e+00,-1.000000000000000000e+00,-1.000000000000000000e+00,-1.000000000000000000e+00,-1.000000000000000000e+00,-1.000000000000000000e+00,-1.000000000000000000e+00,-1.000000000000000000e+00,-1.000000000000000000e+00,-1.000000000000000000e+00,-1.000000000000000000e+00,-1.000000000000000000e+00,-1.000000000000000000e+00,-1.000000000000000000e+00,-1.000000000000000000e+00,-1.000000000000000000e+00,-1.000000000000000000e+00,-1.000000000000000000e+00,-1.000000000000000000e+00,-1.000000000000000000e+00,-1.000000000000000000e+00,-1.000000000000000000e+00,-1.000000000000000000e+00,-1.000000000000000000e+00,-1.000000000000000000e+00,-1.000000000000000000e+00,-1.000000000000000000e+00,-1.000000000000000000e+00,-1.000000000000000000e+00,-1.000000000000000000e+00,-1.000000000000000000e+00,-1.000000000000000000e+00,-1.000000000000000000e+00,-1.000000000000000000e+00,-1.000000000000000000e+00,-1.000000000000000000e+00,-1.000000000000000000e+00,-1.000000000000000000e+00
-1.000000000000000000e+00,-1.000000000000000000e+00,-1.000000000000000000e+00,-1.000000000000000000e+00,-1.000000000000000000e+00,-1.000000000000000000e+00,-1.000000000000000000e+00,-1.000000000000000000e+00,-1.000000000000000000e+00,-1.000000000000000000e+00,-1.000000000000000000e+00,-1.000000000000000000e+00,-1.000000000000000000e+00,-1.000000000000000000e+00,-1.000000000000000000e+00,-1.000000000000000000e+00,-1.000000000000000000e+00,-1.000000000000000000e+00,-1.000000000000000000e+00,-1.000000000000000000e+00,-1.000000000000000000e+00,-1.000000000000000000e+00,-1.000000000000000000e+00,-1.000000000000000000e+00,-1.000000000000000000e+00,-1.000000000000000000e+00,-1.000000000000000000e+00,-1.000000000000000000e+00,-1.000000000000000000e+00,-1.000000000000000000e+00,-1.000000000000000000e+00,-1.000000000000000000e+00,-1.000000000000000000e+00,-1.000000000000000000e+00,-1.000000000000000000e+00,-1.000000000000000000e+00,-1.000000000000000000e+00,-1.000000000000000000e+00,-1.000000000000000000e+00,-1.000000000000000000e+00,-1.000000000000000000e+00,-1.000000000000000000e+00,-1.000000000000000000e+00,-1.000000000000000000e+00,-1.000000000000000000e+00,-1.000000000000000000e+00,-1.411293743678655677e+00,-1.411348352221058811e+00,-1.411510835669393948e+00,-1.411776303231814467e+00,-1.412133286659011278e+00,-1.412557091926426089e+00,-1.412996611161752014e+00,-1.413349437648567797e+00,-1.413416819786235568e+00,-1.412825469642958520e+00,-1.410897821351463577e+00,-1.406447296914437040e+00,-1.397473506109744967e+00,-1.380739817659359048e+00,-1.351241718510637124e+00,-1.301631864396797678e+00,-1.221771445497310760e+00,-1.098737237640349695e+00,-9.178184117934087283e-01,-6.652203166643602117e-01,-3.331652517929547530e-01,7.255200019992646965e-02,5.242589927284344586e-01,9.678942913188361974e-01,1.328665671723769037e+00,1.530642060440243313e+00,1.530642060357102707e+00,1.328665671503223678e+00,9.678942909917516157e-01,5.242589923437817045e-01,7.255199980229232182e-02,-3.331652521459208538e-01,-6.652203169412174155e-01,-9.178184119724042134e-01,-1.098737237704055625e+00,-1.221771445468341710e+00,-1.301631864305703878e+00,-1.351241718478574327e+00,-1.380739817705410877e+00,-1.397473506172791868e+00,-1.406447297137142893e+00,-1.410897821648538830e+00,-1.412825470081591872e+00,-1.413416820291498510e+00,-1.413349438243573619e+00,-1.412996611774356870e+00,-1.412557092542191084e+00,-1.412133287268982462e+00,-1.411776303751309136e+00,-1.411510836157171767e+00,-1.411348352652964877e+00,-1.411293744092773306e+00,-1.000000000000000000e+00,-1.000000000000000000e+00,-1.000000000000000000e+00,-1.000000000000000000e+00,-1.000000000000000000e+00,-1.000000000000000000e+00,-1.000000000000000000e+00,-1.000000000000000000e+00,-1.000000000000000000e+00,-1.000000000000000000e+00,-1.000000000000000000e+00,-1.000000000000000000e+00,-1.000000000000000000e+00,-1.000000000000000000e+00,-1.000000000000000000e+00,-1.000000000000000000e+00,-1.000000000000000000e+00,-1.000000000000000000e+00,-1.000000000000000000e+00,-1.000000000000000000e+00,-1.000000000000000000e+00,-1.000000000000000000e+00,-1.000000000000000000e+00,-1.000000000000000000e+00,-1.000000000000000000e+00,-1.000000000000000000e+00,-1.000000000000000000e+00,-1.000000000000000000e+00,-1.000000000000000000e+00,-1.000000000000000000e+00,-1.000000000000000000e+00,-1.000000000000000000e+00,-1.000000000000000000e+00,-1.000000000000000000e+00,-1.000000000000000000e+00,-1.000000000000000000e+00,-1.000000000000000000e+00,-1.000000000000000000e+00,-1.000000000000000000e+00,-1.000000000000000000e+00,-1.000000000000000000e+00,-1.000000000000000000e+00,-1.000000000000000000e+00,-1.000000000000000000e+00,-1.000000000000000000e+00,-1.000000000000000000e+00
-1.000000000000000000e+00,-1.000000000000000000e+00,-1.000000000000000000e+00,-1.000000000000000000e+00,-1.000000000000000000e+00,-1.000000000000000000e+00,-1.000000000000000000e+00,-1.000000000000000000e+00,-1.000000000000000000e+00,-1.000000000000000000e+00,-1.000000000000000000e+00,-1.000000000000000000e+00,-1.000000000000000000e+00,-1.000000000000000000e+00,-1.000000000000000000e+00,-1.000000000000000000e+00,-1.000000000000000000e+00,-1.000000000000000000e+00,-1.000000000000000000e+00,-1.000000000000000000e+00,-1.000000000000000000e+00,-1.000000000000000000e+00,-1.000000000000000000e+00,-1.000000000000000000e+00,-1.000000000000000000e+00,-1.000000000000000000e+00,-1.000000000000000000e+00,-1.000000000000000000e+00,-1.000000000000000000e+00,-1.000000000000000000e+00,-1.000000000000000000e+00,-1.000000000000000000e+00,-1.000000000000000000e+00,-1.000000000000000000e+00,-1.000000000000000000e+00,-1.000000000000000000e+00,-1.000000000000000000e+00,-1.000000000000000000e+00,-1.000000000000000000e+00,-1.000000000000000000e+00,-1.000000000000000000e+00,-1.000000000000000000e+00,-1.000000000000000000e+00,-1.000000000000000000e+00,-1.000000000000000000e+00,-1.000000000000000000e+00,-1.411481295068417019e+00,-1.411535904667230668e+00,-1.411698391448105383e+00,-1.411963865186800504e+00,-1.412320859073886714e+00,-1.412744682383119121e+00,-1.413184234353195734e+00,-1.413537122918149480e+00,-1.413604625348397814e+00,-1.413013508319655998e+00,-1.411086305340551572e+00,-1.406636612287913701e+00,-1.397664330989340176e+00,-1.380933299720467300e+00,-1.351439724643200169e+00,-1.301837303559336689e+00,-1.221988638674178063e+00,-1.098972260361007258e+00,-9.180792624552587267e-01,-6.655166782812016457e-01,-3.335075516842687104e-01,7.215448889682085643e-02,5.238010000885116035e-01,9.673777715217888318e-01,1.328102112248234157e+00,1.530052296669361933e+00,1.530052296547360857e+00,1.328102111923187056e+00,9.673777710486373138e-01,5.238009995513315253e-01,7.215448838815197163e-02,-3.335075520796639825e-01,-6.655166785248605166e-01,-9.180792625625621151e-01,-1.098972260378092924e+00,-1.221988638664562865e+00,-1.301837303495345211e+00,-1.351439724555685284e+00,-1.380933299755877641e+00,-1.397664331087088208e+00,-1.406636612519434060e+00,-1.411086305677362374e+00,-1.413013508753337533e+00,-1.413604625831286876e+00,-1.413537123466879208e+00,-1.413184234896264879e+00,-1.412744682949363728e+00,-1.412320859633579451e+00,-1.411963865683195873e+00,-1.411698391905396921e+00,-1.411535905087852427e+00,-1.411481295462258201e+00,-1.000000000000000000e+00,-1.000000000000000000e+00,-1.000000000000000000e+00,-1.000000000000000000e+00,-1.000000000000000000e+00,-1.000000000000000000e+00,-1.000000000000000000e+00,-1.000000000000000000e+00,-1.000000000000000000e+00,-1.000000000000000000e+00,-1.000000000000000000e+00,-1.000000000000000000e+00,-1.000000000000000000e+00,-1.000000000000000000e+00,-1.000000000000000000e+00,-1.000000000000000000e+00,-1.000000000000000000e+00,-1.000000000000000000e+00,-1.000000000000000000e+00,-1.000000000000000000e+00,-1.000000000000000000e+00,-1.000000000000000000e+00,-1.000000000000000000e+00,-1.000000000000000000e+00,-1.000000000000000000e+00,-1.000000000000000000e+00,-1.000000000000000000e+00,-1.000000000000000000e+00,-1.000000000000000000e+00,-1.000000000000000000e+00,-1.000000000000000000e+00,-1.000000000000000000e+00,-1.000000000000000000e+00,-1.000000000000000000e+00,-1.000000000000000000e+00,-1.000000000000000000e+00,-1.000000000000000000e+00,-1.000000000000000000e+00,-1.000000000000000000e+00,-1.000000000000000000e+00,-1.000000000000000000e+00,-1.000000000000000000e+00,-1.000000000000000000e+00,-1.000000000000000000e+00,-1.000000000000000000e+00,-1.000000000000000000e+00
-1.000000000000000000e+00,-1.000000000000000000e+00,-1.000000000000000000e+00,-1.000000000000000000e+00,-1.000000000000000000e+00,-1.000000000000000000e+00,-1.000000000000000000e+00,-1.000000000000000000e+00,-1.000000000000000000e+00,-1.000000000000000000e+00,-1.000000000000000000e+00,-1.000000000000000000e+00,-1.000000000000000000e+00,-1.000000000000000000e+00,-1.000000000000000000e+00,-1.000000000000000000e+00,-1.000000000000000000e+00,-1.000000000000000000e+00,-1.000000000000000000e+00,-1.000000000000000000e+00,-1.000000000000000000e+00,-1.000000000000000000e+00,-1.000000000000000000e+00,-1.000000000000000000e+00,-1.000000000000000000e+00,-1.000000000000000000e+00,-1.000000000000000000e+00,-1.000000000000000000e+00,-1.000000000000000000e+00,-1.000000000000000000e+00,-1.000000000000000000e+00,-1.000000000000000000e+00,-1.000000000000000000e+00,-1.000000000000000000e+00,-1.000000000000000000e+00,-1.000000000000000000e+00,-1.000000000000000000e+00,-1.000000000000000000e+00,-1.000000000000000000e+00,-1.000000000000000000e+00,-1.000000000000000000e+00,-1.000000000000000000e+00,-1.000000000000000000e+00,-1.000000000000000000e+00,-1.000000000000000000e+00,-1.000000000000000000e+00,-1.411681332811357104e+00,-1.411735943771312840e+00,-1.411898434779692790e+00,-1.412163916208446723e+00,-1.412520922746436591e+00,-1.412944767189598494e+00,-1.413384356390753105e+00,-1.413737313931075157e+00,-1.413804947920930255e+00,-1.413214083395591514e+00,-1.411287360096301402e+00,-1.406838559820862367e+00,-1.397867896703400614e+00,-1.381139711103444023e+00,-1.351650978171978990e+00,-1.302056509795524120e+00,-1.222220417613831600e+00,-1.099223107283714418e+00,-9.183577273680474384e-01,-6.658331106008421596e-01,-3.338730945640667747e-01,7.172992795751498285e-02,5.233117937011544374e-01,9.668260132236206061e-01,1.327500082373563650e+00,1.529422262841507507e+00,1.529422262733553417e+00,1.327500082086188193e+00,9.668260128025627509e-01,5.233117932036723818e-01,7.172992745337736231e-02,-3.338730950194770397e-01,-6.658331109527464431e-01,-9.183577275681099605e-01,-1.099223107322150783e+00,-1.222220417579643614e+00,-1.302056509779152771e+00,-1.351650978120263025e+00,-1.381139711109295121e+00,-1.397867896803260068e+00,-1.406838560002828364e+00,-1.411287360402632363e+00,-1.413214083778935093e+00,-1.413804948367762826e+00,-1.413737314449940996e+00,-1.413384356909360262e+00,-1.412944767751658448e+00,-1.412520923277797102e+00,-1.412163916699318955e+00,-1.411898435232000759e+00,-1.411735944206163662e+00,-1.411681333229229285e+00,-1.000000000000000000e+00,-1.000000000000000000e+00,-1.000000000000000000e+00,-1.000000000000000000e+00,-1.000000000000000000e+00,-1.000000000000000000e+00,-1.000000000000000000e+00,-1.000000000000000000e+00,-1.000000000000000000e+00,-1.000000000000000000e+00,-1.000000000000000000e+00,-1.000000000000000000e+00,-1.000000000000000000e+00,-1.000000000000000000e+00,-1.000000000000000000e+00,-1.000000000000000000e+00,-1.000000000000000000e+00,-1.000000000000000000e+00,-1.000000000000000000e+00,-1.000000000000000000e+00,-1.000000000000000000e+00,-1.000000000000000000e+00,-1.000000000000000000e+00,-1.000000000000000000e+00,-1.000000000000000000e+00,-1.000000000000000000e+00,-1.000000000000000000e+00,-1.000000000000000000e+00,-1.000000000000000000e+00,-1.000000000000000000e+00,-1.000000000000000000e+00,-1.000000000000000000e+00,-1.000000000000000000e+00,-1.000000000000000000e+00,-1.000000000000000000e+00,-1.000000000000000000e+00,-1.000000000000000000e+00,-1.000000000000000000e+00,-1.000000000000000000e+00,-1.000000000000000000e+00,-1.000000000000000000e+00,-1.000000000000000000e+00,-1.000000000000000000e+00,-1.000000000000000000e+00,-1.000000000000000000e+00,-1.000000000000000000e+00
-1.000000000000000000e+00,-1.000000000000000000e+00,-1.000000000000000000e+00,-1.000000000000000000e+00,-1.000000000000000000e+00,-1.000000000000000000e+00,-1.000000000000000000e+00,-1.000000000000000000e+00,-1.000000000000000000e+00,-1.000000000000000000e+00,-1.000000000000000000e+00,-1.000000000000000000e+00,-1.000000000000000000e+00,-1.000000000000000000e+00,-1.000000000000000000e+00,-1.000000000000000000e+00,-1.000000000000000000e+00,-1.000000000000000000e+00,-1.000000000000000000e+00,-1.000000000000000000e+00,-1.000000000000000000e+00,-1.000000000000000000e+00,-1.000000000000000000e+00,-1.000000000000000000e+00,-1.000000000000000000e+00,-1.000000000000000000e+00,-1.000000000000000000e+00,-1.000000000000000000e+00,-1.000000000000000000e+00,-1.000000000000000000e+00,-1.000000000000000000e+00,-1.000000000000000000e+00,-1.000000000000000000e+00,-1.000000000000000000e+00,-1.000000000000000000e+00,-1.000000000000000000e+00,-1.000000000000000000e+00,-1.000000000000000000e+00,-1.000000000000000000e+00,-1.000000000000000000e+00,-1.000000000000000000e+00,-1.000000000000000000e+00,-1.000000000000000000e+00,-1.000000000000000000e+00,-1.000000000000000000e+00,-1.000000000000000000e+00,-1.411893763555192471e+00,-1.411948376208208344e+00,-1.412110872447510435e+00,-1.412376363300745563e+00,-1.412733385044558254e+00,-1.413157254172645594e+00,-1.413596885598865427e+00,-1.413949919539636557e+00,-1.414017696928776990e+00,-1.413427104948988600e+00,-1.411500896463481425e+00,-1.407053051242866948e+00,-1.398084115994763010e+00,-1.381358965733999744e+00,-1.351875394436717004e+00,-1.302289400148366694e+00,-1.222466701377026066e+00,-1.099489699750632266e+00,-9.186537302680723993e-01,-6.661695395886879645e-01,-3.342618080685719750e-01,7.127838903123628889e-02,5.227914456670006427e-01,9.662390899585628912e-01,1.326859657367553513e+00,1.528752035302018975e+00,1.528752035195387382e+00,1.326859657079091814e+00,9.662390895489678666e-01,5.227914452087183417e-01,7.127838861540780613e-02,-3.342618084002321188e-01,-6.661695398402567303e-01,-9.186537304641420043e-01,-1.099489699888178906e+00,-1.222466701417124657e+00,-1.302289400206279035e+00,-1.351875394528573082e+00,-1.381358965827317542e+00,-1.398084116189887149e+00,-1.407053051462961557e+00,-1.411500896778433267e+00,-1.413427105297581754e+00,-1.414017697316972466e+00,-1.413949919959883506e+00,-1.413596886004747866e+00,-1.413157254647187999e+00,-1.412733385503718964e+00,-1.412376363785398325e+00,-1.412110872930672389e+00,-1.411948376681129602e+00,-1.411893764014809927e+00,-1.000000000000000000e+00,-1.000000000000000000e+00,-1.000000000000000000e+00,-1.000000000000000000e+00,-1.000000000000000000e+00,-1.000000000000000000e+00,-1.000000000000000000e+00,-1.000000000000000000e+00,-1.000000000000000000e+00,-1.000000000000000000e+00,-1.000000000000000000e+00,-1.000000000000000000e+00,-1.000000000000000000e+00,-1.000000000000000000e+00,-1.000000000000000000e+00,-1.000000000000000000e+00,-1.000000000000000000e+00,-1.000000000000000000e+00,-1.000000000000000000e+00,-1.000000000000000000e+00,-1.000000000000000000e+00,-1.000000000000000000e+00,-1.000000000000000000e+00,-1.000000000000000000e+00,-1.000000000000000000e+00,-1.000000000000000000e+00,-1.000000000000000000e+00,-1.000000000000000000e+00,-1.000000000000000000e+00,-1.000000000000000000e+00,-1.000000000000000000e+00,-1.000000000000000000e+00,-1.000000000000000000e+00,-1.000000000000000000e+00,-1.000000000000000000e+00,-1.000000000000000000e+00,-1.000000000000000000e+00,-1.000000000000000000e+00,-1.000000000000000000e+00,-1.000000000000000000e+00,-1.000000000000000000e+00,-1.000000000000000000e+00,-1.000000000000000000e+00,-1.000000000000000000e+00,-1.000000000000000000e+00,-1.000000000000000000e+00
-1.000000000000000000e+00,-1.000000000000000000e+00,-1.000000000000000000e+00,-1.000000000000000000e+00,-1.000000000000000000e+00,-1.000000000000000000e+00,-1.000000000000000000e+00,-1.000000000000000000e+00,-1.000000000000000000e+00,-1.000000000000000000e+00,-1.000000000000000000e+00,-1.000000000000000000e+00,-1.000000000000000000e+00,-1.000000000000000000e+00,-1.000000000000000000e+00,-1.000000000000000000e+00,-1.000000000000000000e+00,-1.000000000000000000e+00,-1.000000000000000000e+00,-1.000000000000000000e+00,-1.000000000000000000e+00,-1.000000000000000000e+00,-1.000000000000000000e+00,-1.000000000000000000e+00,-1.000000000000000000e+00,-1.000000000000000000e+00,-1.000000000000000000e+00,-1.000000000000000000e+00,-1.000000000000000000e+00,-1.000000000000000000e+00,-1.000000000000000000e+00,-1.000000000000000000e+00,-1.000000000000000000e+00,-1.000000000000000000e+00,-1.000000000000000000e+00,-1.000000000000000000e+00,-1.000000000000000000e+00,-1.000000000000000000e+00,-1.000000000000000000e+00,-1.000000000000000000e+00,-1.000000000000000000e+00,-1.000000000000000000e+00,-1.000000000000000000e+00,-1.000000000000000000e+00,-1.000000000000000000e+00,-1.000000000000000000e+00,-1.412118486070452983e+00,-1.412173100814909210e+00,-1.412335603454150545e+00,-1.412601105663372714e+00,-1.412958145412389843e+00,-1.413382043126697019e+00,-1.413821722255075075e+00,-1.414174840638316777e+00,-1.414242773993868552e+00,-1.413652475410257736e+00,-1.411726817768937048e+00,-1.407279990897498889e+00,-1.398312894373418214e+00,-1.381590970467258206e+00,-1.352112881849724779e+00,-1.302535884840718250e+00,-1.222727402293865895e+00,-1.099771952495107064e+00,-9.189671884868138019e-01,-6.665258851333442092e-01,-3.346736142223525334e-01,7.079994882008544543e-02,5.222400325647469366e-01,9.656170792381932877e-01,1.326180916138348209e+00,1.528041693922969735e+00,1.528041693873867679e+00,1.326180915994691123e+00,9.656170790139126936e-01,5.222400322628091285e-01,7.079994847990844775e-02,-3.346736145498244719e-01,-6.665258853900632996e-01,-9.189671886597249317e-01,-1.099771952674570619e+00,-1.222727402445063616e+00,-1.302535884960580148e+00,-1.352112882027257434e+00,-1.381590970607417201e+00,-1.398312894596194011e+00,-1.407279991126520802e+00,-1.411726818066359579e+00,-1.413652475714975765e+00,-1.414242774333876795e+00,-1.414174841002798999e+00,-1.413821722622521149e+00,-1.413382043584763492e+00,-1.412958145858231429e+00,-1.412601106138054341e+00,-1.412335603937278972e+00,-1.412173101308551226e+00,-1.412118486569529541e+00,-1.000000000000000000e+00,-1.000000000000000000e+00,-1.000000000000000000e+00,-1.000000000000000000e+00,-1.000000000000000000e+00,-1.000000000000000000e+00,-1.000000000000000000e+00,-1.000000000000000000e+00,-1.000000000000000000e+00,-1.000000000000000000e+00,-1.000000000000000000e+00,-1.000000000000000000e+00,-1.000000000000000000e+00,-1.000000000000000000e+00,-1.000000000000000000e+00,-1.000000000000000000e+00,-1.000000000000000000e+00,-1.000000000000000000e+00,-1.000000000000000000e+00,-1.000000000000000000e+00,-1.000000000000000000e+00,-1.000000000000000000e+00,-1.000000000000000000e+00,-1.000000000000000000e+00,-1.000000000000000000e+00,-1.000000000000000000e+00,-1.000000000000000000e+00,-1.000000000000000000e+00,-1.000000000000000000e+00,-1.000000000000000000e+00,-1.000000000000000000e+00,-1.000000000000000000e+00,-1.000000000000000000e+00,-1.000000000000000000e+00,-1.000000000000000000e+00,-1.000000000000000000e+00,-1.000000000000000000e+00,-1.000000000000000000e+00,-1.000000000000000000e+00,-1.000000000000000000e+00,-1.000000000000000000e+00,-1.000000000000000000e+00,-1.000000000000000000e+00,-1.000000000000000000e+00,-1.000000000000000000e+00,-1.000000000000000000e+00
-1.000000000000000000e+00,-1.000000000000000000e+00,-1.000000000000000000e+00,-1.000000000000000000e+00,-1.000000000000000000e+00,-1.000000000000000000e+00,-1.000000000000000000e+00,-1.000000000000000000e+00,-1.000000000000000000e+00,-1.000000000000000000e+00,-1.000000000000000000e+00,-1.000000000000000000e+00,-1.000000000000000000e+00,-1.000000000000000000e+00,-1.000000000000000000e+00,-1.000000000000000000e+00,-1.000000000000000000e+00,-1.000000000000000000e+00,-1.000000000000000000e+00,-1.000000000000000000e+00,-1.000000000000000000e+00,-1.000000000000000000e+00,-1.000000000000000000e+00,-1.000000000000000000e+00,-1.000000000000000000e+00,-1.000000000000000000e+00,-1.000000000000000000e+00,-1.000000000000000000e+00,-1.000000000000000000e+00,-1.000000000000000000e+00,-1.000000000000000000e+00,-1.000000000000000000e+00,-1.000000000000000000e+00,-1.000000000000000000e+00,-1.000000000000000000e+00,-1.000000000000000000e+00,-1.000000000000000000e+00,-1.000000000000000000e+00,-1.000000000000000000e+00,-1.000000000000000000e+00,-1.000000000000000000e+00,-1.000000000000000000e+00,-1.000000000000000000e+00,-1.000000000000000000e+00,-1.000000000000000000e+00,-1.000000000000000000e+00,-1.412355390396399013e+00,-1.412410007652674659e+00,-1.412572517997098043e+00,-1.412838033784995062e+00,-1.413195094740234081e+00,-1.413619025413260566e+00,-1.414058758243533553e+00,-1.414411969691462545e+00,-1.414480072251045994e+00,-1.413890088690364477e+00,-1.411965018801754512e+00,-1.407519274565135259e+00,-1.398554128762555138e+00,-1.381835623591351148e+00,-1.352363340375169365e+00,-1.302795865903317418e+00,-1.223002424898849805e+00,-1.100069772974843429e+00,-9.192980126778861338e-01,-6.669020610490300482e-01,-3.351084295186400608e-01,7.029468912647018897e-02,5.216576357850446488e-01,9.649600632205213024e-01,1.325463942135909789e+00,1.527291322994726475e+00,1.527291322961491282e+00,1.325463942045852050e+00,9.649600631138328666e-01,5.216576356788804603e-01,7.029468902308488865e-02,-3.351084296586273048e-01,-6.669020612473562926e-01,-9.192980128605414691e-01,-1.100069773173093512e+00,-1.223002425172291741e+00,-1.302795866161375216e+00,-1.352363340686926207e+00,-1.381835623854371198e+00,-1.398554129036742921e+00,-1.407519274803822107e+00,-1.411965019054603365e+00,-1.413890088919600885e+00,-1.414480072504301855e+00,-1.414411969957940052e+00,-1.414058758528849324e+00,-1.413619025803586782e+00,-1.413195095169354598e+00,-1.412838034285016198e+00,-1.412572518544888078e+00,-1.412410008234068259e+00,-1.412355390992416249e+00,-1.000000000000000000e+00,-1.000000000000000000e+00,-1.000000000000000000e+00,-1.000000000000000000e+00,-1.000000000000000000e+00,-1.000000000000000000e+00,-1.000000000000000000e+00,-1.000000000000000000e+00,-1.000000000000000000e+00,-1.000000000000000000e+00,-1.000000000000000000e+00,-1.000000000000000000e+00,-1.000000000000000000e+00,-1.000000000000000000e+00,-1.000000000000000000e+00,-1.000000000000000000e+00,-1.000000000000000000e+00,-1.000000000000000000e+00,-1.000000000000000000e+00,-1.000000000000000000e+00,-1.000000000000000000e+00,-1.000000000000000000e+00,-1.000000000000000000e+00,-1.000000000000000000e+00,-1.000000000000000000e+00,-1.000000000000000000e+00,-1.000000000000000000e+00,-1.000000000000000000e+00,-1.000000000000000000e+00,-1.000000000000000000e+00,-1.000000000000000000e+00,-1.000000000000000000e+00,-1.000000000000000000e+00,-1.000000000000000000e+00,-1.000000000000000000e+00,-1.000000000000000000e+00,-1.000000000000000000e+00,-1.000000000000000000e+00,-1.000000000000000000e+00,-1.000000000000000000e+00,-1.000000000000000000e+00,-1.000000000000000000e+00,-1.000000000000000000e+00,-1.000000000000000000e+00,-1.000000000000000000e+00,-1.000000000000000000e+00
-1.000000000000000000e+00,-1.000000000000000000e+00,-1.000000000000000000e+00,-1.000000000000000000e+00,-1.000000000000000000e+00,-1.000000000000000000e+00,-1.000000000000000000e+00,-1.000000000000000000e+00,-1.000000000000000000e+00,-1.000000000000000000e+00,-1.000000000000000000e+00,-1.000000000000000000e+00,-1.000000000000000000e+00,-1.000000000000000000e+00,-1.000000000000000000e+00,-1.000000000000000000e+00,-1.000000000000000000e+00,-1.000000000000000000e+00,-1.000000000000000000e+00,-1.000000000000000000e+00,-1.000000000000000000e+00,-1.000000000000000000e+00,-1.000000000000000000e+00,-1.000000000000000000e+00,-1.000000000000000000e+00,-1.000000000000000000e+00,-1.000000000000000000e+00,-1.000000000000000000e+00,-1.000000000000000000e+00,-1.000000000000000000e+00,-1.000000000000000000e+00,-1.000000000000000000e+00,-1.000000000000000000e+00,-1.000000000000000000e+00,-1.000000000000000000e+00,-1.000000000000000000e+00,-1.000000000000000000e+00,-1.000000000000000000e+00,-1.000000000000000000e+00,-1.000000000000000000e+00,-1.000000000000000000e+00,-1.000000000000000000e+00,-1.000000000000000000e+00,-1.000000000000000000e+00,-1.000000000000000000e+00,-1.000000000000000000e+00,-1.412604357086149953e+00,-1.412658977320873976e+00,-1.412821496775377161e+00,-1.413087028507690635e+00,-1.413444114088566961e+00,-1.413868082417452543e+00,-1.414307875399700265e+00,-1.414661189094244875e+00,-1.414729474755233696e+00,-1.414139828626257867e+00,-1.412215384338121993e+00,-1.407770788153819508e+00,-1.398807706424759711e+00,-1.382092813979407753e+00,-1.352626660803181613e+00,-1.303069236414343468e+00,-1.223291664978355175e+00,-1.100383060117447354e+00,-9.196461052607990405e-01,-6.672979733487881537e-01,-3.355661632441964137e-01,6.976269821814429228e-02,5.210443423798061247e-01,9.642681289936645417e-01,1.324708823234411970e+00,1.526501011070628522e+00,1.526501011116295548e+00,1.324708823341147035e+00,9.642681291017958234e-01,5.210443424307817928e-01,6.976269821694836004e-02,-3.355661632818986995e-01,-6.672979734755007941e-01,-9.196461054774595079e-01,-1.100383060353987030e+00,-1.223291665308955833e+00,-1.303069236763126693e+00,-1.352626661173940370e+00,-1.382092814329249242e+00,-1.398807706744629398e+00,-1.407770788429043352e+00,-1.412215384587257594e+00,-1.414139828830878409e+00,-1.414729474964483646e+00,-1.414661189298900279e+00,-1.414307875648096235e+00,-1.413868082766232215e+00,-1.413444114496604787e+00,-1.413087028994111760e+00,-1.412821497323406783e+00,-1.412658977911008584e+00,-1.412604357697994306e+00,-1.000000000000000000e+00,-1.000000000000000000e+00,-1.000000000000000000e+00,-1.000000000000000000e+00,-1.000000000000000000e+00,-1.000000000000000000e+00,-1.000000000000000000e+00,-1.000000000000000000e+00,-1.000000000000000000e+00,-1.000000000000000000e+00,-1.000000000000000000e+00,-1.000000000000000000e+00,-1.000000000000000000e+00,-1.000000000000000000e+00,-1.000000000000000000e+00,-1.000000000000000000e+00,-1.000000000000000000e+00,-1.000000000000000000e+00,-1.000000000000000000e+00,-1.000000000000000000e+00,-1.000000000000000000e+00,-1.000000000000000000e+00,-1.000000000000000000e+00,-1.000000000000000000e+00,-1.000000000000000000e+00,-1.000000000000000000e+00,-1.000000000000000000e+00,-1.000000000000000000e+00,-1.000000000000000000e+00,-1.000000000000000000e+00,-1.000000000000000000e+00,-1.000000000000000000e+00,-1.000000000000000000e+00,-1.000000000000000000e+00,-1.000000000000000000e+00,-1.000000000000000000e+00,-1.000000000000000000e+00,-1.000000000000000000e+00,-1.000000000000000000e+00,-1.000000000000000000e+00,-1.000000000000000000e+00,-1.000000000000000000e+00,-1.000000000000000000e+00,-1.000000000000000000e+00,-1.000000000000000000e+00,-1.000000000000000000e+00
-1.000000000000000000e+00,-1.000000000000000000e+00,-1.000000000000000000e+00,-1.000000000000000000e+00,-1.000000000000000000e+00,-1.000000000000000000e+00,-1.000000000000000000e+00,-1.000000000000000000e+00,-1.000000000000000000e+00,-1.000000000000000000e+00,-1.000000000000000000e+00,-1.000000000000000000e+00,-1.000000000000000000e+00,-1.000000000000000000e+00,-1.000000000000000000e+00,-1.000000000000000000e+00,-1.000000000000000000e+00,-1.000000000000000000e+00,-1.000000000000000000e+00,-1.000000000000000000e+00,-1.000000000000000000e+00,-1.000000000000000000e+00,-1.000000000000000000e+00,-1.000000000000000000e+00,-1.000000000000000000e+00,-1.000000000000000000e+00,-1.000000000000000000e+00,-1.000000000000000000e+00,-1.000000000000000000e+00,-1.000000000000000000e+00,-1.000000000000000000e+00,-1.000000000000000000e+00,-1.000000000000000000e+00,-1.000000000000000000e+00,-1.000000000000000000e+00,-1.000000000000000000e+00,-1.000000000000000000e+00,-1.000000000000000000e+00,-1.000000000000000000e+00,-1.000000000000000000e+00,-1.000000000000000000e+00,-1.000000000000000000e+00,-1.000000000000000000e+00,-1.000000000000000000e+00,-1.000000000000000000e+00,-1.000000000000000000e+00,-1.412865255214527993e+00,-1.412919878927681783e+00,-1.413082409001620299e+00,-1.413347959233149043e+00,-1.413705073122008660e+00,-1.414129084122004887e+00,-1.414568944102317705e+00,-1.414922369735982288e+00,-1.414990853033022855e+00,-1.414401567506416546e+00,-1.412477787556592146e+00,-1.408034405886823492e+00,-1.399073502842171468e+00,-1.382362418675018967e+00,-1.352902722149839088e+00,-1.303355877898478177e+00,-1.223595007193060358e+00,-1.100711702351598209e+00,-9.200113589338418940e-01,-6.677135191811930381e-01,-3.360467166549422346e-01,6.920407167412845340e-02,5.204002461518901779e-01,9.635413699759984851e-01,1.323915653283870064e+00,1.525670852339584105e+00,1.525670852395534016e+00,1.323915653448486829e+00,9.635413702176112150e-01,5.204002463879571216e-01,6.920407181661536455e-02,-3.360467166220291180e-01,-6.677135192402368080e-01,-9.200113591603250596e-01,-1.100711702677819259e+00,-1.223595007614243890e+00,-1.303355878391531775e+00,-1.352902722616934561e+00,-1.382362419108499996e+00,-1.399073503180082945e+00,-1.408034406153440443e+00,-1.412477787752790981e+00,-1.414401567654289371e+00,-1.414990853189608044e+00,-1.414922369887621656e+00,-1.414568944338798095e+00,-1.414129084464994524e+00,-1.413705073536165813e+00,-1.413347959732278003e+00,-1.413082409578773735e+00,-1.412919879549910940e+00,-1.412865255861353031e+00,-1.000000000000000000e+00,-1.000000000000000000e+00,-1.000000000000000000e+00,-1.000000000000000000e+00,-1.000000000000000000e+00,-1.000000000000000000e+00,-1.000000000000000000e+00,-1.000000000000000000e+00,-1.000000000000000000e+00,-1.000000000000000000e+00,-1.000000000000000000e+00,-1.000000000000000000e+00,-1.000000000000000000e+00,-1.000000000000000000e+00,-1.000000000000000000e+00,-1.000000000000000000e+00,-1.000000000000000000e+00,-1.000000000000000000e+00,-1.000000000000000000e+00,-1.000000000000000000e+00,-1.000000000000000000e+00,-1.000000000000000000e+00,-1.000000000000000000e+00,-1.000000000000000000e+00,-1.000000000000000000e+00,-1.000000000000000000e+00,-1.000000000000000000e+00,-1.000000000000000000e+00,-1.000000000000000000e+00,-1.000000000000000000e+00,-1.000000000000000000e+00,-1.000000000000000000e+00,-1.000000000000000000e+00,-1.000000000000000000e+00,-1.000000000000000000e+00,-1.000000000000000000e+00,-1.000000000000000000e+00,-1.000000000000000000e+00,-1.000000000000000000e+00,-1.000000000000000000e+00,-1.000000000000000000e+00,-1.000000000000000000e+00,-1.000000000000000000e+00,-1.000000000000000000e+00,-1.000000000000000000e+00,-1.000000000000000000e+00
-1.000000000000000000e+00,-1.000000000000000000e+00,-1.000000000000000000e+00,-1.000000000000000000e+00,-1.000000000000000000e+00,-1.000000000000000000e+00,-1.000000000000000000e+00,-1.000000000000000000e+00,-1.000000000000000000e+00,-1.000000000000000000e+00,-1.000000000000000000e+00,-1.000000000000000000e+00,-1.000000000000000000e+00,-1.000000000000000000e+00,-1.000000000000000000e+00,-1.000000000000000000e+00,-1.000000000000000000e+00,-1.000000000000000000e+00,-1.000000000000000000e+00,-1.000000000000000000e+00,-1.000000000000000000e+00,-1.000000000000000000e+00,-1.000000000000000000e+00,-1.000000000000000000e+00,-1.000000000000000000e+00,-1.000000000000000000e+00,-1.000000000000000000e+00,-1.000000000000000000e+00,-1.000000000000000000e+00,-1.000000000000000000e+00,-1.000000000000000000e+00,-1.000000000000000000e+00,-1.000000000000000000e+00,-1.000000000000000000e+00,-1.000000000000000000e+00,-1.000000000000000000e+00,-1.000000000000000000e+00,-1.000000000000000000e+00,-1.000000000000000000e+00,-1.000000000000000000e+00,-1.000000000000000000e+00,-1.000000000000000000e+00,-1.000000000000000000e+00,-1.000000000000000000e+00,-1.000000000000000000e+00,-1.000000000000000000e+00,-1.413137940819519711e+00,-1.413192568510486025e+00,-1.413355110715829976e+00,-1.413620682012508789e+00,-1.413977827948447397e+00,-1.414401886755567217e+00,-1.414841820758740987e+00,-1.415195368275804721e+00,-1.415264064108544328e+00,-1.414675162889431403e+00,-1.412752086781853045e+00,-1.408309987144363618e+00,-1.399351378797299539e+00,-1.382644300276778759e+00,-1.353191389309448045e+00,-1.303655658102633730e+00,-1.223912322779335815e+00,-1.101055575073620840e+00,-9.203936538463776129e-01,-6.681485838010863265e-01,-3.365499799997933028e-01,6.861891498439565140e-02,5.197254496436374271e-01,9.627798873101653943e-01,1.323084533231006166e+00,1.524800947935832873e+00,1.524800948028981473e+00,1.323084533477881131e+00,9.627798876346271850e-01,5.197254499774706105e-01,6.861891523011953709e-02,-3.365499799522860824e-01,-6.681485838912851749e-01,-9.203936540880743866e-01,-1.101055575450489821e+00,-1.223912323201931107e+00,-1.303655658619783164e+00,-1.353191389796609467e+00,-1.382644300755315303e+00,-1.399351379178974897e+00,-1.408309987466869195e+00,-1.412752087011639013e+00,-1.414675163062939056e+00,-1.415264064277980349e+00,-1.415195368415582688e+00,-1.414841820977538411e+00,-1.414401887067370467e+00,-1.413977828334249232e+00,-1.413620682481802948e+00,-1.413355111265304664e+00,-1.413192569105409913e+00,-1.413137941441790169e+00,-1.000000000000000000e+00,-1.000000000000000000e+00,-1.000000000000000000e+00,-1.000000000000000000e+00,-1.000000000000000000e+00,-1.000000000000000000e+00,-1.000000000000000000e+00,-1.000000000000000000e+00,-1.000000000000000000e+00,-1.000000000000000000e+00,-1.000000000000000000e+00,-1.000000000000000000e+00,-1.000000000000000000e+00,-1.000000000000000000e+00,-1.000000000000000000e+00,-1.000000000000000000e+00,-1.000000000000000000e+00,-1.000000000000000000e+00,-1.000000000000000000e+00,-1.000000000000000000e+00,-1.000000000000000000e+00,-1.000000000000000000e+00,-1.000000000000000000e+00,-1.000000000000000000e+00,-1.000000000000000000e+00,-1.000000000000000000e+00,-1.000000000000000000e+00,-1.000000000000000000e+00,-1.000000000000000000e+00,-1.000000000000000000e+00,-1.000000000000000000e+00,-1.000000000000000000e+00,-1.000000000000000000e+00,-1.000000000000000000e+00,-1.000000000000000000e+00,-1.000000000000000000e+00,-1.000000000000000000e+00,-1.000000000000000000e+00,-1.000000000000000000e+00,-1.000000000000000000e+00,-1.000000000000000000e+00,-1.000000000000000000e+00,-1.000000000000000000e+00,-1.000000000000000000e+00,-1.000000000000000000e+00,-1.000000000000000000e+00
-1.000000000000000000e+00,-1.000000000000000000e+00,-1.000000000000000000e+00,-1.000000000000000000e+00,-1.000000000000000000e+00,-1.000000000000000000e+00,-1.000000000000000000e+00,-1.000000000000000000e+00,-1.000000000000000000e+00,-1.000000000000000000e+00,-1.000000000000000000e+00,-1.000000000000000000e+00,-1.000000000000000000e+00,-1.000000000000000000e+00,-1.000000000000000000e+00,-1.000000000000000000e+00,-1.000000000000000000e+00,-1.000000000000000000e+00,-1.000000000000000000e+00,-1.000000000000000000e+00,-1.000000000000000000e+00,-1.000000000000000000e+00,-1.000000000000000000e+00,-1.000000000000000000e+00,-1.000000000000000000e+00,-1.000000000000000000e+00,-1.000000000000000000e+00,-1.000000000000000000e+00,-1.000000000000000000e+00,-1.000000000000000000e+00,-1.000000000000000000e+00,-1.000000000000000000e+00,-1.000000000000000000e+00,-1.000000000000000000e+00,-1.000000000000000000e+00,-1.000000000000000000e+00,-1.000000000000000000e+00,-1.000000000000000000e+00,-1.000000000000000000e+00,-1.000000000000000000e+00,-1.000000000000000000e+00,-1.000000000000000000e+00,-1.000000000000000000e+00,-1.000000000000000000e+00,-1.000000000000000000e+00,-1.000000000000000000e+00,-1.413422253542178320e+00,-1.413476885680934103e+00,-1.413639441441068012e+00,-1.413905036218949141e+00,-1.414262217742657590e+00,-1.414686329303262768e+00,-1.415126344235102307e+00,-1.415480023582955660e+00,-1.415548947012130743e+00,-1.414960454151599212e+00,-1.413038121956067705e+00,-1.408597372708937145e+00,-1.399641176264552644e+00,-1.382938302424573607e+00,-1.353492508217511769e+00,-1.303968426049982199e+00,-1.224243464773099532e+00,-1.101414536305642677e+00,-9.207928538453713507e-01,-6.686030373556548501e-01,-3.370758296048768088e-01,6.800734648265294169e-02,5.190200672822629091e-01,9.619837931404291442e-01,1.322215574214730793e+00,1.523891408574326256e+00,1.523891408690688287e+00,1.322215574512338510e+00,9.619837934901778187e-01,5.190200675880736192e-01,6.800734672447927842e-02,-3.370758295273645899e-01,-6.686030374588249892e-01,-9.207928540863921096e-01,-1.101414536727711946e+00,-1.224243465244054141e+00,-1.303968426604533271e+00,-1.353492508725177013e+00,-1.382938302901871364e+00,-1.399641176624313088e+00,-1.408597373006830855e+00,-1.413038122163997823e+00,-1.414960454324195815e+00,-1.415548947199577690e+00,-1.415480023769598805e+00,-1.415126344511490553e+00,-1.414686329653671137e+00,-1.414262218143229610e+00,-1.413905036668236637e+00,-1.413639441942818653e+00,-1.413476886219845463e+00,-1.413422254102684184e+00,-1.000000000000000000e+00,-1.000000000000000000e+00,-1.000000000000000000e+00,-1.000000000000000000e+00,-1.000000000000000000e+00,-1.000000000000000000e+00,-1.000000000000000000e+00,-1.000000000000000000e+00,-1.000000000000000000e+00,-1.000000000000000000e+00,-1.000000000000000000e+00,-1.000000000000000000e+00,-1.000000000000000000e+00,-1.000000000000000000e+00,-1.000000000000000000e+00,-1.000000000000000000e+00,-1.000000000000000000e+00,-1.000000000000000000e+00,-1.000000000000000000e+00,-1.000000000000000000e+00,-1.000000000000000000e+00,-1.000000000000000000e+00,-1.000000000000000000e+00,-1.000000000000000000e+00,-1.000000000000000000e+00,-1.000000000000000000e+00,-1.000000000000000000e+00,-1.000000000000000000e+00,-1.000000000000000000e+00,-1.000000000000000000e+00,-1.000000000000000000e+00,-1.000000000000000000e+00,-1.000000000000000000e+00,-1.000000000000000000e+00,-1.000000000000000000e+00,-1.000000000000000000e+00,-1.000000000000000000e+00,-1.000000000000000000e+00,-1.000000000000000000e+00,-1.000000000000000000e+00,-1.000000000000000000e+00,-1.000000000000000000e+00,-1.000000000000000000e+00,-1.000000000000000000e+00,-1.000000000000000000e+00,-1.000000000000000000e+00
-1.000000000000000000e+00,-1.000000000000000000e+00,-1.000000000000000000e+00,-1.000000000000000000e+00,-1.000000000000000000e+00,-1.000000000000000000e+00,-1.000000000000000000e+00,-1.000000000000000000e+00,-1.000000000000000000e+00,-1.000000000000000000e+00,-1.000000000000000000e+00,-1.000000000000000000e+00,-1.000000000000000000e+00,-1.000000000000000000e+00,-1.000000000000000000e+00,-1.000000000000000000e+00,-1.000000000000000000e+00,-1.000000000000000000e+00,-1.000000000000000000e+00,-1.000000000000000000e+00,-1.000000000000000000e+00,-1.000000000000000000e+00,-1.000000000000000000e+00,-1.000000000000000000e+00,-1.000000000000000000e+00,-1.000000000000000000e+00,-1.000000000000000000e+00,-1.000000000000000000e+00,-1.000000000000000000e+00,-1.000000000000000000e+00,-1.000000000000000000e+00,-1.000000000000000000e+00,-1.000000000000000000e+00,-1.000000000000000000e+00,-1.000000000000000000e+00,-1.000000000000000000e+00,-1.000000000000000000e+00,-1.000000000000000000e+00,-1.000000000000000000e+00,-1.000000000000000000e+00,-1.000000000000000000e+00,-1.000000000000000000e+00,-1.000000000000000000e+00,-1.000000000000000000e+00,-1.000000000000000000e+00,-1.000000000000000000e+00,-1.413718012761640441e+00,-1.413772649701331208e+00,-1.413935220123596181e+00,-1.414200840341478305e+00,-1.414558060421184704e+00,-1.414982229021195081e+00,-1.415422331080487872e+00,-1.415776151522741610e+00,-1.415845317046940943e+00,-1.415257256271020170e+00,-1.413335708089642928e+00,-1.408896378108121628e+00,-1.399942711889067937e+00,-1.383244243583040101e+00,-1.353805899965068837e+00,-1.304294006374916881e+00,-1.224588262364760149e+00,-1.101788420873398788e+00,-9.212088004266881791e-01,-6.690767287847602107e-01,-3.376241220761454498e-01,6.736950249461770568e-02,5.182842297856220526e-01,9.611532145478185463e-01,1.321308901499266053e+00,1.522942358767940707e+00,1.522942358816572916e+00,1.321308901664544067e+00,9.611532148210348847e-01,5.182842300431238503e-01,6.736950265392005477e-02,-3.376241220550091349e-01,-6.690767289665016104e-01,-9.212088007083427676e-01,-1.101788421271135965e+00,-1.224588262784251480e+00,-1.304294006836984821e+00,-1.353805900406331197e+00,-1.383244244024192326e+00,-1.399942712263748890e+00,-1.408896378454104203e+00,-1.413335708370462074e+00,-1.415257256525086715e+00,-1.415845317283674465e+00,-1.415776151738972199e+00,-1.415422331356340990e+00,-1.414982229337414577e+00,-1.414558060771692105e+00,-1.414200840732463993e+00,-1.413935220560636585e+00,-1.413772650175444845e+00,-1.413718013242887039e+00,-1.000000000000000000e+00,-1.000000000000000000e+00,-1.000000000000000000e+00,-1.000000000000000000e+00,-1.000000000000000000e+00,-1.000000000000000000e+00,-1.000000000000000000e+00,-1.000000000000000000e+00,-1.000000000000000000e+00,-1.000000000000000000e+00,-1.000000000000000000e+00,-1.000000000000000000e+00,-1.000000000000000000e+00,-1.000000000000000000e+00,-1.000000000000000000e+00,-1.000000000000000000e+00,-1.000000000000000000e+00,-1.000000000000000000e+00,-1.000000000000000000e+00,-1.000000000000000000e+00,-1.000000000000000000e+00,-1.000000000000000000e+00,-1.000000000000000000e+00,-1.000000000000000000e+00,-1.000000000000000000e+00,-1.000000000000000000e+00,-1.000000000000000000e+00,-1.000000000000000000e+00,-1.000000000000000000e+00,-1.000000000000000000e+00,-1.000000000000000000e+00,-1.000000000000000000e+00,-1.000000000000000000e+00,-1.000000000000000000e+00,-1.000000000000000000e+00,-1.000000000000000000e+00,-1.000000000000000000e+00,-1.000000000000000000e+00,-1.000000000000000000e+00,-1.000000000000000000e+00,-1.000000000000000000e+00,-1.000000000000000000e+00,-1.000000000000000000e+00,-1.000000000000000000e+00,-1.000000000000000000e+00,-1.000000000000000000e+00
-1.000000000000000000e+00,-1.000000000000000000e+00,-1.000000000000000000e+00,-1.000000000000000000e+00,-1.000000000000000000e+00,-1.000000000000000000e+00,-1.000000000000000000e+00,-1.000000000000000000e+00,-1.000000000000000000e+00,-1.000000000000000000e+00,-1.000000000000000000e+00,-1.000000000000000000e+00,-1.000000000000000000e+00,-1.000000000000000000e+00,-1.000000000000000000e+00,-1.000000000000000000e+00,-1.000000000000000000e+00,-1.000000000000000000e+00,-1.000000000000000000e+00,-1.000000000000000000e+00,-1.000000000000000000e+00,-1.000000000000000000e+00,-1.000000000000000000e+00,-1.000000000000000000e+00,-1.000000000000000000e+00,-1.000000000000000000e+00,-1.000000000000000000e+00,-1.000000000000000000e+00,-1.000000000000000000e+00,-1.000000000000000000e+00,-1.000000000000000000e+00,-1.000000000000000000e+00,-1.000000000000000000e+00,-1.000000000000000000e+00,-1.000000000000000000e+00,-1.000000000000000000e+00,-1.000000000000000000e+00,-1.000000000000000000e+00,-1.000000000000000000e+00,-1.000000000000000000e+00,-1.000000000000000000e+00,-1.000000000000000000e+00,-1.000000000000000000e+00,-1.000000000000000000e+00,-1.000000000000000000e+00,-1.000000000000000000e+00,-1.414025011621251160e+00,-1.414079653509922707e+00,-1.414242239058311146e+00,-1.414507885616667293e+00,-1.414865145836944782e+00,-1.415289374179195647e+00,-1.415729567919852494e+00,-1.416083537145951254e+00,-1.416152957883613839e+00,-1.415565351851119757e+00,-1.413644627138701759e+00,-1.409206785188027666e+00,-1.400255768098681575e+00,-1.383561907640494804e+00,-1.354131350993674987e+00,-1.304632189392060937e+00,-1.224946511233920177e+00,-1.102177031353206438e+00,-9.216413044337449234e-01,-6.695694781359315950e-01,-3.381946869104486275e-01,6.670554468841105589e-02,5.175180914419710287e-01,9.602883004603757211e-01,1.320364660779377974e+00,1.521953942764758594e+00,1.521953942809150195e+00,1.320364660875446017e+00,9.602883005867841604e-01,5.175180915469366205e-01,6.670554468000711168e-02,-3.381946869837136882e-01,-6.695694783313743681e-01,-9.216413047097632427e-01,-1.102177031698845289e+00,-1.224946511627782453e+00,-1.304632189807058751e+00,-1.354131351403740080e+00,-1.383561908032255872e+00,-1.400255768440508142e+00,-1.409206785504722337e+00,-1.413644627413344734e+00,-1.415565352141857414e+00,-1.416152958180990629e+00,-1.416083537445879559e+00,-1.415729568272577010e+00,-1.415289374542286760e+00,-1.414865146194287382e+00,-1.414507885968167011e+00,-1.414242239411967361e+00,-1.414079653887563071e+00,-1.414025011998325088e+00,-1.000000000000000000e+00,-1.000000000000000000e+00,-1.000000000000000000e+00,-1.000000000000000000e+00,-1.000000000000000000e+00,-1.000000000000000000e+00,-1.000000000000000000e+00,-1.000000000000000000e+00,-1.000000000000000000e+00,-1.000000000000000000e+00,-1.000000000000000000e+00,-1.000000000000000000e+00,-1.000000000000000000e+00,-1.000000000000000000e+00,-1.000000000000000000e+00,-1.000000000000000000e+00,-1.000000000000000000e+00,-1.000000000000000000e+00,-1.000000000000000000e+00,-1.000000000000000000e+00,-1.000000000000000000e+00,-1.000000000000000000e+00,-1.000000000000000000e+00,-1.000000000000000000e+00,-1.000000000000000000e+00,-1.000000000000000000e+00,-1.000000000000000000e+00,-1.000000000000000000e+00,-1.000000000000000000e+00,-1.000000000000000000e+00,-1.000000000000000000e+00,-1.000000000000000000e+00,-1.000000000000000000e+00,-1.000000000000000000e+00,-1.000000000000000000e+00,-1.000000000000000000e+00,-1.000000000000000000e+00,-1.000000000000000000e+00,-1.000000000000000000e+00,-1.000000000000000000e+00,-1.000000000000000000e+00,-1.000000000000000000e+00,-1.000000000000000000e+00,-1.000000000000000000e+00,-1.000000000000000000e+00,-1.000000000000000000e+00
-1.000000000000000000e+00,-1.000000000000000000e+00,-1.000000000000000000e+00,-1.000000000000000000e+00,-1.000000000000000000e+00,-1.000000000000000000e+00,-1.000000000000000000e+00,-1.000000000000000000e+00,-1.000000000000000000e+00,-1.000000000000000000e+00,-1.000000000000000000e+00,-1.000000000000000000e+00,-1.000000000000000000e+00,-1.000000000000000000e+00,-1.000000000000000000e+00,-1.000000000000000000e+00,-1.000000000000000000e+00,-1.000000000000000000e+00,-1.000000000000000000e+00,-1.000000000000000000e+00,-1.000000000000000000e+00,-1.000000000000000000e+00,-1.000000000000000000e+00,-1.000000000000000000e+00,-1.000000000000000000e+00,-1.000000000000000000e+00,-1.000000000000000000e+00,-1.000000000000000000e+00,-1.000000000000000000e+00,-1.000000000000000000e+00,-1.000000000000000000e+00,-1.000000000000000000e+00,-1.000000000000000000e+00,-1.000000000000000000e+00,-1.000000000000000000e+00,-1.000000000000000000e+00,-1.000000000000000000e+00,-1.000000000000000000e+00,-1.000000000000000000e+00,-1.000000000000000000e+00,-1.000000000000000000e+00,-1.000000000000000000e+00,-1.000000000000000000e+00,-1.000000000000000000e+00,-1.000000000000000000e+00,-1.000000000000000000e+00,-1.414343008680472469e+00,-1.414397655258184949e+00,-1.414560255226602781e+00,-1.414825927188359422e+00,-1.415183226723879084e+00,-1.415607514648066889e+00,-1.416047801465575073e+00,-1.416401923907722349e+00,-1.416471609849057733e+00,-1.415884478482573927e+00,-1.413964614627135186e+00,-1.409528328325291291e+00,-1.400580079262937039e+00,-1.383891030288768587e+00,-1.354468599801672557e+00,-1.304982718032662747e+00,-1.225317960517386062e+00,-1.102580124953636886e+00,-9.220901329674719982e-01,-6.700810638696133026e-01,-3.387873146143923764e-01,6.601567098360616725e-02,5.167218403036932806e-01,9.593892316014556165e-01,1.319383028087870446e+00,1.520926334152361115e+00,1.520926334151683879e+00,1.319383028029156080e+00,9.593892314657215259e-01,5.167218401814839268e-01,6.601567081497372591e-02,-3.387873148114958211e-01,-6.700810641032219905e-01,-9.220901332583131271e-01,-1.102580125229859931e+00,-1.225317960806670214e+00,-1.304982718298203004e+00,-1.354468600094079767e+00,-1.383891030596311911e+00,-1.400580079606129846e+00,-1.409528328703940403e+00,-1.413964615005600223e+00,-1.415884478884221753e+00,-1.416471610230757738e+00,-1.416401924257487455e+00,-1.416047801827254426e+00,-1.415607514993582949e+00,-1.415183227057421611e+00,-1.414825927518030824e+00,-1.414560255550352474e+00,-1.414397655587472880e+00,-1.414343008993817596e+00,-1.000000000000000000e+00,-1.000000000000000000e+00,-1.000000000000000000e+00,-1.000000000000000000e+00,-1.000000000000000000e+00,-1.000000000000000000e+00,-1.000000000000000000e+00,-1.000000000000000000e+00,-1.000000000000000000e+00,-1.000000000000000000e+00,-1.000000000000000000e+00,-1.000000000000000000e+00,-1.000000000000000000e+00,-1.000000000000000000e+00,-1.000000000000000000e+00,-1.000000000000000000e+00,-1.000000000000000000e+00,-1.000000000000000000e+00,-1.000000000000000000e+00,-1.000000000000000000e+00,-1.000000000000000000e+00,-1.000000000000000000e+00,-1.000000000000000000e+00,-1.000000000000000000e+00,-1.000000000000000000e+00,-1.000000000000000000e+00,-1.000000000000000000e+00,-1.000000000000000000e+00,-1.000000000000000000e+00,-1.000000000000000000e+00,-1.000000000000000000e+00,-1.000000000000000000e+00,-1.000000000000000000e+00,-1.000000000000000000e+00,-1.000000000000000000e+00,-1.000000000000000000e+00,-1.000000000000000000e+00,-1.000000000000000000e+00,-1.000000000000000000e+00,-1.000000000000000000e+00,-1.000000000000000000e+00,-1.000000000000000000e+00,-1.000000000000000000e+00,-1.000000000000000000e+00,-1.000000000000000000e+00,-1.000000000000000000e+00
-1.000000000000000000e+00,-1.000000000000000000e+00,-1.000000000000000000e+00,-1.000000000000000000e+00,-1.000000000000000000e+00,-1.000000000000000000e+00,-1.000000000000000000e+00,-1.000000000000000000e+00,-1.000000000000000000e+00,-1.000000000000000000e+00,-1.000000000000000000e+00,-1.000000000000000000e+00,-1.000000000000000000e+00,-1.000000000000000000e+00,-1.000000000000000000e+00,-1.000000000000000000e+00,-1.000000000000000000e+00,-1.000000000000000000e+00,-1.000000000000000000e+00,-1.000000000000000000e+00,-1.000000000000000000e+00,-1.000000000000000000e+00,-1.000000000000000000e+00,-1.000000000000000000e+00,-1.000000000000000000e+00,-1.000000000000000000e+00,-1.000000000000000000e+00,-1.000000000000000000e+00,-1.000000000000000000e+00,-1.000000000000000000e+00,-1.000000000000000000e+00,-1.000000000000000000e+00,-1.000000000000000000e+00,-1.000000000000000000e+00,-1.000000000000000000e+00,-1.000000000000000000e+00,-1.000000000000000000e+00,-1.000000000000000000e+00,-1.000000000000000000e+00,-1.000000000000000000e+00,-1.000000000000000000e+00,-1.000000000000000000e+00,-1.000000000000000000e+00,-1.000000000000000000e+00,-1.000000000000000000e+00,-1.000000000000000000e+00,-1.414671716398973267e+00,-1.414726366722562467e+00,-1.414888978361809269e+00,-1.415154671471562153e+00,-1.415512005109821336e+00,-1.415936347278729857e+00,-1.416376722930756671e+00,-1.416730997275255532e+00,-1.416800952901757116e+00,-1.416214311170475249e+00,-1.414295341479153700e+00,-1.409860675548315623e+00,-1.400915312014322955e+00,-1.384231278594077574e+00,-1.354817316051977860e+00,-1.305345266989584196e+00,-1.225702292534794458e+00,-1.102997394189184854e+00,-9.225549910415327126e-01,-6.706112052625561315e-01,-3.394017396409416687e-01,6.530013200440243359e-02,5.158957137013628902e-01,9.584562349349718957e-01,1.318364223647142008e+00,1.519859749859528097e+00,1.519859749777800584e+00,1.318364223449139505e+00,9.584562346432883295e-01,5.158957133934498618e-01,6.530013167059967039e-02,-3.394017399994831985e-01,-6.706112055505637493e-01,-9.225549913136327218e-01,-1.102997394387448038e+00,-1.225702292748300337e+00,-1.305345267190367808e+00,-1.354817316314034903e+00,-1.384231278870707404e+00,-1.400915312333628648e+00,-1.409860675899750504e+00,-1.414295341863188948e+00,-1.416214311602789433e+00,-1.416800953338017699e+00,-1.416730997700661909e+00,-1.416376723362550383e+00,-1.415936347669814577e+00,-1.415512005458711586e+00,-1.415154671784041529e+00,-1.414888978653159102e+00,-1.414726367011446939e+00,-1.414671716673339130e+00,-1.000000000000000000e+00,-1.000000000000000000e+00,-1.000000000000000000e+00,-1.000000000000000000e+00,-1.000000000000000000e+00,-1.000000000000000000e+00,-1.000000000000000000e+00,-1.000000000000000000e+00,-1.000000000000000000e+00,-1.000000000000000000e+00,-1.000000000000000000e+00,-1.000000000000000000e+00,-1.000000000000000000e+00,-1.000000000000000000e+00,-1.000000000000000000e+00,-1.000000000000000000e+00,-1.000000000000000000e+00,-1.000000000000000000e+00,-1.000000000000000000e+00,-1.000000000000000000e+00,-1.000000000000000000e+00,-1.000000000000000000e+00,-1.000000000000000000e+00,-1.000000000000000000e+00,-1.000000000000000000e+00,-1.000000000000000000e+00,-1.000000000000000000e+00,-1.000000000000000000e+00,-1.000000000000000000e+00,-1.000000000000000000e+00,-1.000000000000000000e+00,-1.000000000000000000e+00,-1.000000000000000000e+00,-1.000000000000000000e+00,-1.000000000000000000e+00,-1.000000000000000000e+00,-1.000000000000000000e+00,-1.000000000000000000e+00,-1.000000000000000000e+00,-1.000000000000000000e+00,-1.000000000000000000e+00,-1.000000000000000000e+00,-1.000000000000000000e+00,-1.000000000000000000e+00,-1.000000000000000000e+00,-1.000000000000000000e+00
-1.000000000000000000e+00,-1.000000000000000000e+00,-1.000000000000000000e+00,-1.000000000000000000e+00,-1.000000000000000000e+00,-1.000000000000000000e+00,-1.000000000000000000e+00,-1.000000000000000000e+00,-1.000000000000000000e+00,-1.000000000000000000e+00,-1.000000000000000000e+00,-1.000000000000000000e+00,-1.000000000000000000e+00,-1.000000000000000000e+00,-1.000000000000000000e+00,-1.000000000000000000e+00,-1.000000000000000000e+00,-1.000000000000000000e+00,-1.000000000000000000e+00,-1.000000000000000000e+00,-1.000000000000000000e+00,-1.000000000000000000e+00,-1.000000000000000000e+00,-1.000000000000000000e+00,-1.000000000000000000e+00,-1.000000000000000000e+00,-1.000000000000000000e+00,-1.000000000000000000e+00,-1.000000000000000000e+00,-1.000000000000000000e+00,-1.000000000000000000e+00,-1.000000000000000000e+00,-1.000000000000000000e+00,-1.000000000000000000e+00,-1.000000000000000000e+00,-1.000000000000000000e+00,-1.000000000000000000e+00,-1.000000000000000000e+00,-1.000000000000000000e+00,-1.000000000000000000e+00,-1.000000000000000000e+00,-1.000000000000000000e+00,-1.000000000000000000e+00,-1.000000000000000000e+00,-1.000000000000000000e+00,-1.000000000000000000e+00,-1.415010784233355023e+00,-1.415065436202386895e+00,-1.415228053386555551e+00,-1.415493757996660884e+00,-1.415851113390441673e+00,-1.416275495943418949e+00,-1.416715946711093910e+00,-1.417070361728250516e+00,-1.417140581761138884e+00,-1.416554435649896027e+00,-1.414636385832718890e+00,-1.410203399346912967e+00,-1.401261035610838368e+00,-1.384582221343975794e+00,-1.355177071094478825e+00,-1.305719413420579400e+00,-1.226099093670233398e+00,-1.103428438146567769e+00,-9.230354937016604921e-01,-6.711595358896023100e-01,-3.400376154228047509e-01,6.455925479232593744e-02,5.150400211719388111e-01,9.574896058973105806e-01,1.317308533142282911e+00,1.518754470603226991e+00,1.518754470470593532e+00,1.317308532834690737e+00,9.574896054464918649e-01,5.150400206277245818e-01,6.455925429104270030e-02,-3.400376158649870417e-01,-6.711595361939621807e-01,-9.230354939536762338e-01,-1.103428438306858217e+00,-1.226099093812195173e+00,-1.305719413517388627e+00,-1.355177071242636755e+00,-1.384582221535289648e+00,-1.401261035906727237e+00,-1.410203399723646056e+00,-1.414636386297941417e+00,-1.416554436166687303e+00,-1.417140582260275172e+00,-1.417070362192460298e+00,-1.416715947153783572e+00,-1.416275496339646667e+00,-1.415851113768077596e+00,-1.415493758349411380e+00,-1.415228053727196844e+00,-1.415065436529080012e+00,-1.415010784543793809e+00,-1.000000000000000000e+00,-1.000000000000000000e+00,-1.000000000000000000e+00,-1.000000000000000000e+00,-1.000000000000000000e+00,-1.000000000000000000e+00,-1.000000000000000000e+00,-1.000000000000000000e+00,-1.000000000000000000e+00,-1.000000000000000000e+00,-1.000000000000000000e+00,-1.000000000000000000e+00,-1.000000000000000000e+00,-1.000000000000000000e+00,-1.000000000000000000e+00,-1.000000000000000000e+00,-1.000000000000000000e+00,-1.000000000000000000e+00,-1.000000000000000000e+00,-1.000000000000000000e+00,-1.000000000000000000e+00,-1.000000000000000000e+00,-1.000000000000000000e+00,-1.000000000000000000e+00,-1.000000000000000000e+00,-1.000000000000000000e+00,-1.000000000000000000e+00,-1.000000000000000000e+00,-1.000000000000000000e+00,-1.000000000000000000e+00,-1.000000000000000000e+00,-1.000000000000000000e+00,-1.000000000000000000e+00,-1.000000000000000000e+00,-1.000000000000000000e+00,-1.000000000000000000e+00,-1.000000000000000000e+00,-1.000000000000000000e+00,-1.000000000000000000e+00,-1.000000000000000000e+00,-1.000000000000000000e+00,-1.000000000000000000e+00,-1.000000000000000000e+00,-1.000000000000000000e+00,-1.000000000000000000e+00,-1.000000000000000000e+00
-1.000000000000000000e+00,-1.000000000000000000e+00,-1.000000000000000000e+00,-1.000000000000000000e+00,-1.000000000000000000e+00,-1.000000000000000000e+00,-1.000000000000000000e+00,-1.000000000000000000e+00,-1.000000000000000000e+00,-1.000000000000000000e+00,-1.000000000000000000e+00,-1.000000000000000000e+00,-1.000000000000000000e+00,-1.000000000000000000e+00,-1.000000000000000000e+00,-1.000000000000000000e+00,-1.000000000000000000e+00,-1.000000000000000000e+00,-1.000000000000000000e+00,-1.000000000000000000e+00,-1.000000000000000000e+00,-1.000000000000000000e+00,-1.000000000000000000e+00,-1.000000000000000000e+00,-1.000000000000000000e+00,-1.000000000000000000e+00,-1.000000000000000000e+00,-1.000000000000000000e+00,-1.000000000000000000e+00,-1.000000000000000000e+00,-1.000000000000000000e+00,-1.000000000000000000e+00,-1.000000000000000000e+00,-1.000000000000000000e+00,-1.000000000000000000e+00,-1.000000000000000000e+00,-1.000000000000000000e+00,-1.000000000000000000e+00,-1.000000000000000000e+00,-1.000000000000000000e+00,-1.000000000000000000e+00,-1.000000000000000000e+00,-1.000000000000000000e+00,-1.000000000000000000e+00,-1.000000000000000000e+00,-1.000000000000000000e+00,-1.415359775512817109e+00,-1.415414425166585222e+00,-1.415577036254172416e+00,-1.415842733794059782e+00,-1.416200086742022579e+00,-1.416624481690364590e+00,-1.417064978248119500e+00,-1.417419506475000812e+00,-1.417489969656043680e+00,-1.416904310293873870e+00,-1.414987193157888345e+00,-1.410555935024443652e+00,-1.401616678670894345e+00,-1.384943284599561064e+00,-1.355547293064043313e+00,-1.306104592457983937e+00,-1.226507811008865634e+00,-1.103872720586360767e+00,-9.235311255991349721e-01,-6.717255646631508093e-01,-3.406944771635477265e-01,6.379347782337241313e-02,5.141551772954082722e-01,9.564897397826812586e-01,1.316216338459270663e+00,1.517610871252648597e+00,1.517610871118116656e+00,1.316216338083171067e+00,9.564897392482070160e-01,5.141551766832475057e-01,6.379347727708073457e-02,-3.406944776475219205e-01,-6.717255650304996273e-01,-9.235311258560070513e-01,-1.103872720709557553e+00,-1.226507811081754662e+00,-1.306104592513251950e+00,-1.355547293188929192e+00,-1.384943284783788586e+00,-1.401616678957189999e+00,-1.410555935372075353e+00,-1.414987193597603277e+00,-1.416904310796502919e+00,-1.417489970174977021e+00,-1.417419507001476120e+00,-1.417064978765608663e+00,-1.416624482152833764e+00,-1.416200087177843514e+00,-1.415842734187132246e+00,-1.415577036635559782e+00,-1.415414425535829190e+00,-1.415359775882326199e+00,-1.000000000000000000e+00,-1.000000000000000000e+00,-1.000000000000000000e+00,-1.000000000000000000e+00,-1.000000000000000000e+00,-1.000000000000000000e+00,-1.000000000000000000e+00,-1.000000000000000000e+00,-1.000000000000000000e+00,-1.000000000000000000e+00,-1.000000000000000000e+00,-1.000000000000000000e+00,-1.000000000000000000e+00,-1.000000000000000000e+00,-1.000000000000000000e+00,-1.000000000000000000e+00,-1.000000000000000000e+00,-1.000000000000000000e+00,-1.000000000000000000e+00,-1.000000000000000000e+00,-1.000000000000000000e+00,-1.000000000000000000e+00,-1.000000000000000000e+00,-1.000000000000000000e+00,-1.000000000000000000e+00,-1.000000000000000000e+00,-1.000000000000000000e+00,-1.000000000000000000e+00,-1.000000000000000000e+00,-1.000000000000000000e+00,-1.000000000000000000e+00,-1.000000000000000000e+00,-1.000000000000000000e+00,-1.000000000000000000e+00,-1.000000000000000000e+00,-1.000000000000000000e+00,-1.000000000000000000e+00,-1.000000000000000000e+00,-1.000000000000000000e+00,-1.000000000000000000e+00,-1.000000000000000000e+00,-1.000000000000000000e+00,-1.000000000000000000e+00,-1.000000000000000000e+00,-1.000000000000000000e+00,-1.000000000000000000e+00
-1.000000000000000000e+00,-1.000000000000000000e+00,-1.000000000000000000e+00,-1.000000000000000000e+00,-1.000000000000000000e+00,-1.000000000000000000e+00,-1.000000000000000000e+00,-1.000000000000000000e+00,-1.000000000000000000e+00,-1.000000000000000000e+00,-1.000000000000000000e+00,-1.000000000000000000e+00,-1.000000000000000000e+00,-1.000000000000000000e+00,-1.000000000000000000e+00,-1.000000000000000000e+00,-1.000000000000000000e+00,-1.000000000000000000e+00,-1.000000000000000000e+00,-1.000000000000000000e+00,-1.000000000000000000e+00,-1.000000000000000000e+00,-1.000000000000000000e+00,-1.000000000000000000e+00,-1.000000000000000000e+00,-1.000000000000000000e+00,-1.000000000000000000e+00,-1.000000000000000000e+00,-1.000000000000000000e+00,-1.000000000000000000e+00,-1.000000000000000000e+00,-1.000000000000000000e+00,-1.000000000000000000e+00,-1.000000000000000000e+00,-1.000000000000000000e+00,-1.000000000000000000e+00,-1.000000000000000000e+00,-1.000000000000000000e+00,-1.000000000000000000e+00,-1.000000000000000000e+00,-1.000000000000000000e+00,-1.000000000000000000e+00,-1.000000000000000000e+00,-1.000000000000000000e+00,-1.000000000000000000e+00,-1.000000000000000000e+00,-1.415718133932166944e+00,-1.415772774311094606e+00,-1.415935358851844406e+00,-1.416201016607130381e+00,-1.416558324119012058e+00,-1.416982680944688600e+00,-1.417423168830244551e+00,-1.417777756382439414e+00,-1.417848415195566592e+00,-1.417263209121568002e+00,-1.415347016004193659e+00,-1.410917518055577524e+00,-1.401981465030775142e+00,-1.385313686777306819e+00,-1.355927201713843289e+00,-1.306500032282338353e+00,-1.226927688331022059e+00,-1.104329507768885055e+00,-9.240411815038689358e-01,-6.723086193833553992e-01,-3.413716881442411255e-01,6.300340234340695567e-02,5.132417506586472999e-01,9.554571782774758937e-01,1.315088162429647323e+00,1.516429464827277585e+00,1.516429464714360797e+00,1.315088162034886654e+00,9.554571777320834958e-01,5.132417500561128332e-01,6.300340174842267160e-02,-3.413716886527542460e-01,-6.723086197525414143e-01,-9.240411817239876369e-01,-1.104329507893888396e+00,-1.226927688411811879e+00,-1.306500032352744256e+00,-1.355927201815255945e+00,-1.385313686919675824e+00,-1.401981465271018079e+00,-1.410917518380511160e+00,-1.415347016444635120e+00,-1.417263209631414611e+00,-1.417848415716926880e+00,-1.417777756914224252e+00,-1.417423169359926627e+00,-1.416982681442280123e+00,-1.416558324623691689e+00,-1.416201017101735626e+00,-1.415935359360222634e+00,-1.415772774807387391e+00,-1.415718134442820242e+00,-1.000000000000000000e+00,-1.000000000000000000e+00,-1.000000000000000000e+00,-1.000000000000000000e+00,-1.000000000000000000e+00,-1.000000000000000000e+00,-1.000000000000000000e+00,-1.000000000000000000e+00,-1.000000000000000000e+00,-1.000000000000000000e+00,-1.000000000000000000e+00,-1.000000000000000000e+00,-1.000000000000000000e+00,-1.000000000000000000e+00,-1.000000000000000000e+00,-1.000000000000000000e+00,-1.000000000000000000e+00,-1.000000000000000000e+00,-1.000000000000000000e+00,-1.000000000000000000e+00,-1.000000000000000000e+00,-1.000000000000000000e+00,-1.000000000000000000e+00,-1.000000000000000000e+00,-1.000000000000000000e+00,-1.000000000000000000e+00,-1.000000000000000000e+00,-1.000000000000000000e+00,-1.000000000000000000e+00,-1.000000000000000000e+00,-1.000000000000000000e+00,-1.000000000000000000e+00,-1.000000000000000000e+00,-1.000000000000000000e+00,-1.000000000000000000e+00,-1.000000000000000000e+00,-1.000000000000000000e+00,-1.000000000000000000e+00,-1.000000000000000000e+00,-1.000000000000000000e+00,-1.000000000000000000e+00,-1.000000000000000000e+00,-1.000000000000000000e+00,-1.000000000000000000e+00,-1.000000000000000000e+00,-1.000000000000000000e+00
-1.000000000000000000e+00,-1.000000000000000000e+00,-1.000000000000000000e+00,-1.000000000000000000e+00,-1.000000000000000000e+00,-1.000000000000000000e+00,-1.000000000000000000e+00,-1.000000000000000000e+00,-1.000000000000000000e+00,-1.000000000000000000e+00,-1.000000000000000000e+00,-1.000000000000000000e+00,-1.000000000000000000e+00,-1.000000000000000000e+00,-1.000000000000000000e+00,-1.000000000000000000e+00,-1.000000000000000000e+00,-1.000000000000000000e+00,-1.000000000000000000e+00,-1.000000000000000000e+00,-1.000000000000000000e+00,-1.000000000000000000e+00,-1.000000000000000000e+00,-1.000000000000000000e+00,-1.000000000000000000e+00,-1.000000000000000000e+00,-1.000000000000000000e+00,-1.000000000000000000e+00,-1.000000000000000000e+00,-1.000000000000000000e+00,-1.000000000000000000e+00,-1.000000000000000000e+00,-1.000000000000000000e+00,-1.000000000000000000e+00,-1.000000000000000000e+00,-1.000000000000000000e+00,-1.000000000000000000e+00,-1.000000000000000000e+00,-1.000000000000000000e+00,-1.000000000000000000e+00,-1.000000000000000000e+00,-1.000000000000000000e+00,-1.000000000000000000e+00,-1.000000000000000000e+00,-1.000000000000000000e+00,-1.000000000000000000e+00,-1.416085137253829229e+00,-1.416139756676681127e+00,-1.416302280242540901e+00,-1.416567842909039143e+00,-1.416925031937243062e+00,-1.417349264147069743e+00,-1.417789648862787466e+00,-1.418144199846441467e+00,-1.418214964984577886e+00,-1.417630139369586928e+00,-1.415714826810653637e+00,-1.411287092650680863e+00,-1.402354318971946734e+00,-1.385692341880110590e+00,-1.356315711241483646e+00,-1.306904658008751330e+00,-1.227357672092546759e+00,-1.104797777157705552e+00,-9.245646783296123106e-01,-6.729077629323617638e-01,-3.420683608144090559e-01,6.218986648735280731e-02,5.123005340787671891e-01,9.543926766333974410e-01,1.313924733617502394e+00,1.515210966001578008e+00,1.515210965909609797e+00,1.313924733275477763e+00,9.543926761524303970e-01,5.123005335437960106e-01,6.218986593480102520e-02,-3.420683612520323269e-01,-6.729077632837394685e-01,-9.245646785779888521e-01,-1.104797777338297537e+00,-1.227357672178353454e+00,-1.306904658065286107e+00,-1.356315711322321871e+00,-1.385692342030671265e+00,-1.402354319208859001e+00,-1.411287092952889566e+00,-1.415714827195476033e+00,-1.417630139816402846e+00,-1.418214965465958599e+00,-1.418144200389078957e+00,-1.417789649441081545e+00,-1.417349264726069924e+00,-1.416925032532322160e+00,-1.416567843497315238e+00,-1.416302280838782179e+00,-1.416139757251107856e+00,-1.416085137843534847e+00,-1.000000000000000000e+00,-1.000000000000000000e+00,-1.000000000000000000e+00,-1.000000000000000000e+00,-1.000000000000000000e+00,-1.000000000000000000e+00,-1.000000000000000000e+00,-1.000000000000000000e+00,-1.000000000000000000e+00,-1.000000000000000000e+00,-1.000000000000000000e+00,-1.000000000000000000e+00,-1.000000000000000000e+00,-1.000000000000000000e+00,-1.000000000000000000e+00,-1.000000000000000000e+00,-1.000000000000000000e+00,-1.000000000000000000e+00,-1.000000000000000000e+00,-1.000000000000000000e+00,-1.000000000000000000e+00,-1.000000000000000000e+00,-1.000000000000000000e+00,-1.000000000000000000e+00,-1.000000000000000000e+00,-1.000000000000000000e+00,-1.000000000000000000e+00,-1.000000000000000000e+00,-1.000000000000000000e+00,-1.000000000000000000e+00,-1.000000000000000000e+00,-1.000000000000000000e+00,-1.000000000000000000e+00,-1.000000000000000000e+00,-1.000000000000000000e+00,-1.000000000000000000e+00,-1.000000000000000000e+00,-1.000000000000000000e+00,-1.000000000000000000e+00,-1.000000000000000000e+00,-1.000000000000000000e+00,-1.000000000000000000e+00,-1.000000000000000000e+00,-1.000000000000000000e+00,-1.000000000000000000e+00,-1.000000000000000000e+00
-1.000000000000000000e+00,-1.000000000000000000e+00,-1.000000000000000000e+00,-1.000000000000000000e+00,-1.000000000000000000e+00,-1.000000000000000000e+00,-1.000000000000000000e+00,-1.000000000000000000e+00,-1.000000000000000000e+00,-1.000000000000000000e+00,-1.000000000000000000e+00,-1.000000000000000000e+00,-1.000000000000000000e+00,-1.000000000000000000e+00,-1.000000000000000000e+00,-1.000000000000000000e+00,-1.000000000000000000e+00,-1.000000000000000000e+00,-1.000000000000000000e+00,-1.000000000000000000e+00,-1.000000000000000000e+00,-1.000000000000000000e+00,-1.000000000000000000e+00,-1.000000000000000000e+00,-1.000000000000000000e+00,-1.000000000000000000e+00,-1.000000000000000000e+00,-1.000000000000000000e+00,-1.000000000000000000e+00,-1.000000000000000000e+00,-1.000000000000000000e+00,-1.000000000000000000e+00,-1.000000000000000000e+00,-1.000000000000000000e+00,-1.000000000000000000e+00,-1.000000000000000000e+00,-1.000000000000000000e+00,-1.000000000000000000e+00,-1.000000000000000000e+00,-1.000000000000000000e+00,-1.000000000000000000e+00,-1.000000000000000000e+00,-1.000000000000000000e+00,-1.000000000000000000e+00,-1.000000000000000000e+00,-1.000000000000000000e+00,-1.416459831267834257e+00,-1.416514410616715125e+00,-1.416676816861976107e+00,-1.416942193807881667e+00,-1.417299144231039421e+00,-1.417723108783967900e+00,-1.418163232606527657e+00,-1.418517584471711279e+00,-1.418588300090903642e+00,-1.418003719318789102e+00,-1.416089188278828681e+00,-1.411663176219291271e+00,-1.402733725410491239e+00,-1.386077717014443600e+00,-1.356711286825066809e+00,-1.307316949209360146e+00,-1.227796272122410937e+00,-1.105276083222421546e+00,-9.251002271209058936e-01,-6.735216716733957165e-01,-3.427832416705961505e-01,6.135405372523616840e-02,5.113326467457615099e-01,9.532973008165512852e-01,1.312727080038698979e+00,1.513956382998103756e+00,1.513956382921521904e+00,1.312727079817875175e+00,9.532973004899407687e-01,5.113326463781915354e-01,6.135405333809629269e-02,-3.427832420045964223e-01,-6.735216720072367824e-01,-9.251002273625006378e-01,-1.105276083403283316e+00,-1.227796272237347441e+00,-1.307316949344879742e+00,-1.356711286969578323e+00,-1.386077717195772552e+00,-1.402733725612610005e+00,-1.411663176458434421e+00,-1.416089188586143299e+00,-1.418003719691739661e+00,-1.418588300508888622e+00,-1.418517584977482704e+00,-1.418163233157322622e+00,-1.417723109372978740e+00,-1.417299144874007988e+00,-1.416942194493509888e+00,-1.416676817587632975e+00,-1.416514411346294411e+00,-1.416459832007632702e+00,-1.000000000000000000e+00,-1.000000000000000000e+00,-1.000000000000000000e+00,-1.000000000000000000e+00,-1.000000000000000000e+00,-1.000000000000000000e+00,-1.000000000000000000e+00,-1.000000000000000000e+00,-1.000000000000000000e+00,-1.000000000000000000e+00,-1.000000000000000000e+00,-1.000000000000000000e+00,-1.000000000000000000e+00,-1.000000000000000000e+00,-1.000000000000000000e+00,-1.000000000000000000e+00,-1.000000000000000000e+00,-1.000000000000000000e+00,-1.000000000000000000e+00,-1.000000000000000000e+00,-1.000000000000000000e+00,-1.000000000000000000e+00,-1.000000000000000000e+00,-1.000000000000000000e+00,-1.000000000000000000e+00,-1.000000000000000000e+00,-1.000000000000000000e+00,-1.000000000000000000e+00,-1.000000000000000000e+00,-1.000000000000000000e+00,-1.000000000000000000e+00,-1.000000000000000000e+00,-1.000000000000000000e+00,-1.000000000000000000e+00,-1.000000000000000000e+00,-1.000000000000000000e+00,-1.000000000000000000e+00,-1.000000000000000000e+00,-1.000000000000000000e+00,-1.000000000000000000e+00,-1.000000000000000000e+00,-1.000000000000000000e+00,-1.000000000000000000e+00,-1.000000000000000000e+00,-1.000000000000000000e+00,-1.000000000000000000e+00
-1.000000000000000000e+00,-1.000000000000000000e+00,-1.000000000000000000e+00,-1.000000000000000000e+00,-1.000000000000000000e+00,-1.000000000000000000e+00,-1.000000000000000000e+00,-1.000000000000000000e+00,-1.000000000000000000e+00,-1.000000000000000000e+00,-1.000000000000000000e+00,-1.000000000000000000e+00,-1.000000000000000000e+00,-1.000000000000000000e+00,-1.000000000000000000e+00,-1.000000000000000000e+00,-1.000000000000000000e+00,-1.000000000000000000e+00,-1.000000000000000000e+00,-1.000000000000000000e+00,-1.000000000000000000e+00,-1.000000000000000000e+00,-1.000000000000000000e+00,-1.000000000000000000e+00,-1.000000000000000000e+00,-1.000000000000000000e+00,-1.000000000000000000e+00,-1.000000000000000000e+00,-1.000000000000000000e+00,-1.000000000000000000e+00,-1.000000000000000000e+00,-1.000000000000000000e+00,-1.000000000000000000e+00,-1.000000000000000000e+00,-1.000000000000000000e+00,-1.000000000000000000e+00,-1.000000000000000000e+00,-1.000000000000000000e+00,-1.000000000000000000e+00,-1.000000000000000000e+00,-1.000000000000000000e+00,-1.000000000000000000e+00,-1.000000000000000000e+00,-1.000000000000000000e+00,-1.000000000000000000e+00,-1.000000000000000000e+00,-1.416840938249526616e+00,-1.416895446807086678e+00,-1.417057645093585450e+00,-1.417322690287662112e+00,-1.417679208123775236e+00,-1.418102673274015402e+00,-1.418542279344219947e+00,-1.418896164981578556e+00,-1.418966570642434366e+00,-1.418382000014281052e+00,-1.416468063288171209e+00,-1.412043659355430636e+00,-1.403117522665071171e+00,-1.386467621198052447e+00,-1.357111732737322107e+00,-1.307734730159439751e+00,-1.228241356384623728e+00,-1.105762359040324494e+00,-9.256458438255520393e-01,-6.741484570032949541e-01,-3.435145438166192777e-01,6.049764998817264150e-02,5.103396819620467095e-01,9.521725673743521856e-01,1.311496663470579360e+00,1.512667148980670451e+00,1.512667148923439786e+00,1.311496663376941818e+00,9.521725672005270091e-01,5.103396817529912699e-01,6.049764975024696234e-02,-3.435145440685130058e-01,-6.741484572759581795e-01,-9.256458440417736355e-01,-1.105762359257029592e+00,-1.228241356555949793e+00,-1.307734730313797833e+00,-1.357111732840673213e+00,-1.386467621332371891e+00,-1.403117522822322716e+00,-1.412043659554862218e+00,-1.416468063533986355e+00,-1.418382000298987533e+00,-1.418966570965331186e+00,-1.418896165431682954e+00,-1.418542279881399359e+00,-1.418102673913888445e+00,-1.417679208852400397e+00,-1.417322691081334352e+00,-1.417057645910976271e+00,-1.416895447640792449e+00,-1.416840939085197704e+00,-1.000000000000000000e+00,-1.000000000000000000e+00,-1.000000000000000000e+00,-1.000000000000000000e+00,-1.000000000000000000e+00,-1.000000000000000000e+00,-1.000000000000000000e+00,-1.000000000000000000e+00,-1.000000000000000000e+00,-1.000000000000000000e+00,-1.000000000000000000e+00,-1.000000000000000000e+00,-1.000000000000000000e+00,-1.000000000000000000e+00,-1.000000000000000000e+00,-1.000000000000000000e+00,-1.000000000000000000e+00,-1.000000000000000000e+00,-1.000000000000000000e+00,-1.000000000000000000e+00,-1.000000000000000000e+00,-1.000000000000000000e+00,-1.000000000000000000e+00,-1.000000000000000000e+00,-1.000000000000000000e+00,-1.000000000000000000e+00,-1.000000000000000000e+00,-1.000000000000000000e+00,-1.000000000000000000e+00,-1.000000000000000000e+00,-1.000000000000000000e+00,-1.000000000000000000e+00,-1.000000000000000000e+00,-1.000000000000000000e+00,-1.000000000000000000e+00,-1.000000000000000000e+00,-1.000000000000000000e+00,-1.000000000000000000e+00,-1.000000000000000000e+00,-1.000000000000000000e+00,-1.000000000000000000e+00,-1.000000000000000000e+00,-1.000000000000000000e+00,-1.000000000000000000e+00,-1.000000000000000000e+00,-1.000000000000000000e+00
-1.000000000000000000e+00,-1.000000000000000000e+00,-1.000000000000000000e+00,-1.000000000000000000e+00,-1.000000000000000000e+00,-1.000000000000000000e+00,-1.000000000000000000e+00,-1.000000000000000000e+00,-1.000000000000000000e+00,-1.000000000000000000e+00,-1.000000000000000000e+00,-1.000000000000000000e+00,-1.000000000000000000e+00,-1.000000000000000000e+00,-1.000000000000000000e+00,-1.000000000000000000e+00,-1.000000000000000000e+00,-1.000000000000000000e+00,-1.000000000000000000e+00,-1.000000000000000000e+00,-1.000000000000000000e+00,-1.000000000000000000e+00,-1.000000000000000000e+00,-1.000000000000000000e+00,-1.000000000000000000e+00,-1.000000000000000000e+00,-1.000000000000000000e+00,-1.000000000000000000e+00,-1.000000000000000000e+00,-1.000000000000000000e+00,-1.000000000000000000e+00,-1.000000000000000000e+00,-1.000000000000000000e+00,-1.000000000000000000e+00,-1.000000000000000000e+00,-1.000000000000000000e+00,-1.000000000000000000e+00,-1.000000000000000000e+00,-1.000000000000000000e+00,-1.000000000000000000e+00,-1.000000000000000000e+00,-1.000000000000000000e+00,-1.000000000000000000e+00,-1.000000000000000000e+00,-1.000000000000000000e+00,-1.000000000000000000e+00,-1.417226728075530406e+00,-1.417281117107755062e+00,-1.417442963569667480e+00,-1.417707444982577503e+00,-1.418063221425573950e+00,-1.418485817178873676e+00,-1.418924493711461565e+00,-1.419277482259008627e+00,-1.419347153494523006e+00,-1.418762202793698135e+00,-1.416848534615019695e+00,-1.412425510835277009e+00,-1.403502596395798108e+00,-1.386858892524275300e+00,-1.357513877706660210e+00,-1.308154858724442704e+00,-1.228689848212167313e+00,-1.106253625404299168e+00,-9.261986726386071123e-01,-6.747854047378094577e-01,-3.442597033971650511e-01,5.962307077157014135e-02,5.093239197337418034e-01,9.510206442123978476e-01,1.310235571919680986e+00,1.511345310247462770e+00,1.511345310244938123e+00,1.310235571980489677e+00,9.510206442495954260e-01,5.093239197540129215e-01,5.962307073755734876e-02,-3.442597035070693590e-01,-6.747854049138252153e-01,-9.261986728600776209e-01,-1.106253625662329432e+00,-1.228689848412416463e+00,-1.308154858912303986e+00,-1.357513877878204100e+00,-1.386858892726798853e+00,-1.403502596562937743e+00,-1.412425510977320497e+00,-1.416848534768485823e+00,-1.418762202996300070e+00,-1.419347153768384828e+00,-1.419277482688930503e+00,-1.418924494232268074e+00,-1.418485817813472050e+00,-1.418063222158550296e+00,-1.417707445832202984e+00,-1.417442964462038102e+00,-1.417281118032951648e+00,-1.417226728984546824e+00,-1.000000000000000000e+00,-1.000000000000000000e+00,-1.000000000000000000e+00,-1.000000000000000000e+00,-1.000000000000000000e+00,-1.000000000000000000e+00,-1.000000000000000000e+00,-1.000000000000000000e+00,-1.000000000000000000e+00,-1.000000000000000000e+00,-1.000000000000000000e+00,-1.000000000000000000e+00,-1.000000000000000000e+00,-1.000000000000000000e+00,-1.000000000000000000e+00,-1.000000000000000000e+00,-1.000000000000000000e+00,-1.000000000000000000e+00,-1.000000000000000000e+00,-1.000000000000000000e+00,-1.000000000000000000e+00,-1.000000000000000000e+00,-1.000000000000000000e+00,-1.000000000000000000e+00,-1.000000000000000000e+00,-1.000000000000000000e+00,-1.000000000000000000e+00,-1.000000000000000000e+00,-1.000000000000000000e+00,-1.000000000000000000e+00,-1.000000000000000000e+00,-1.000000000000000000e+00,-1.000000000000000000e+00,-1.000000000000000000e+00,-1.000000000000000000e+00,-1.000000000000000000e+00,-1.000000000000000000e+00,-1.000000000000000000e+00,-1.000000000000000000e+00,-1.000000000000000000e+00,-1.000000000000000000e+00,-1.000000000000000000e+00,-1.000000000000000000e+00,-1.000000000000000000e+00,-1.000000000000000000e+00,-1.000000000000000000e+00
-1.000000000000000000e+00,-1.000000000000000000e+00,-1.000000000000000000e+00,-1.000000000000000000e+00,-1.000000000000000000e+00,-1.000000000000000000e+00,-1.000000000000000000e+00,-1.000000000000000000e+00,-1.000000000000000000e+00,-1.000000000000000000e+00,-1.000000000000000000e+00,-1.000000000000000000e+00,-1.000000000000000000e+00,-1.000000000000000000e+00,-1.000000000000000000e+00,-1.000000000000000000e+00,-1.000000000000000000e+00,-1.000000000000000000e+00,-1.000000000000000000e+00,-1.000000000000000000e+00,-1.000000000000000000e+00,-1.000000000000000000e+00,-1.000000000000000000e+00,-1.000000000000000000e+00,-1.000000000000000000e+00,-1.000000000000000000e+00,-1.000000000000000000e+00,-1.000000000000000000e+00,-1.000000000000000000e+00,-1.000000000000000000e+00,-1.000000000000000000e+00,-1.000000000000000000e+00,-1.000000000000000000e+00,-1.000000000000000000e+00,-1.000000000000000000e+00,-1.000000000000000000e+00,-1.000000000000000000e+00,-1.000000000000000000e+00,-1.000000000000000000e+00,-1.000000000000000000e+00,-1.000000000000000000e+00,-1.000000000000000000e+00,-1.000000000000000000e+00,-1.000000000000000000e+00,-1.000000000000000000e+00,-1.000000000000000000e+00,-1.417614839925640524e+00,-1.417669032800849438e+00,-1.417830301087308342e+00,-1.418093853278338479e+00,-1.418448401281850568e+00,-1.418869542915074833e+00,-1.419306637235833168e+00,-1.419658042769764927e+00,-1.419726299032948447e+00,-1.419140334646845636e+00,-1.417226391979098832e+00,-1.412804341447680301e+00,-1.403884426822611609e+00,-1.387246936054215896e+00,-1.357913110732373863e+00,-1.308572767161813477e+00,-1.229137279101548019e+00,-1.106745562026539620e+00,-9.267545802348806649e-01,-6.754285947285556535e-01,-3.450150253337003203e-01,5.873379002102629975e-02,5.082886329263802683e-01,9.498446382341823035e-01,1.308946794161387484e+00,1.509993794016811997e+00,1.509993794066839090e+00,1.308946794308510686e+00,9.498446384138901077e-01,5.082886330931457586e-01,5.873379010887402885e-02,-3.450150253586449223e-01,-6.754285948631714165e-01,-9.267545804593055880e-01,-1.106745562276376882e+00,-1.229137279338622157e+00,-1.308572767411683824e+00,-1.357913110941854518e+00,-1.387246936225257077e+00,-1.403884426943328156e+00,-1.412804341571622491e+00,-1.417226392133561497e+00,-1.419140334832157624e+00,-1.419726299263597724e+00,-1.419658043131835079e+00,-1.419306637700974871e+00,-1.418869543530991928e+00,-1.418448402018771759e+00,-1.418093854166549983e+00,-1.417830302030478995e+00,-1.417669033801437051e+00,-1.417614840913157925e+00,-1.000000000000000000e+00,-1.000000000000000000e+00,-1.000000000000000000e+00,-1.000000000000000000e+00,-1.000000000000000000e+00,-1.000000000000000000e+00,-1.000000000000000000e+00,-1.000000000000000000e+00,-1.000000000000000000e+00,-1.000000000000000000e+00,-1.000000000000000000e+00,-1.000000000000000000e+00,-1.000000000000000000e+00,-1.000000000000000000e+00,-1.000000000000000000e+00,-1.000000000000000000e+00,-1.000000000000000000e+00,-1.000000000000000000e+00,-1.000000000000000000e+00,-1.000000000000000000e+00,-1.000000000000000000e+00,-1.000000000000000000e+00,-1.000000000000000000e+00,-1.000000000000000000e+00,-1.000000000000000000e+00,-1.000000000000000000e+00,-1.000000000000000000e+00,-1.000000000000000000e+00,-1.000000000000000000e+00,-1.000000000000000000e+00,-1.000000000000000000e+00,-1.000000000000000000e+00,-1.000000000000000000e+00,-1.000000000000000000e+00,-1.000000000000000000e+00,-1.000000000000000000e+00,-1.000000000000000000e+00,-1.000000000000000000e+00,-1.000000000000000000e+00,-1.000000000000000000e+00,-1.000000000000000000e+00,-1.000000000000000000e+00,-1.000000000000000000e+00,-1.000000000000000000e+00,-1.000000000000000000e+00,-1.000000000000000000e+00
-1.000000000000000000e+00,-1.000000000000000000e+00,-1.000000000000000000e+00,-1.000000000000000000e+00,-1.000000000000000000e+00,-1.000000000000000000e+00,-1.000000000000000000e+00,-1.000000000000000000e+00,-1.000000000000000000e+00,-1.000000000000000000e+00,-1.000000000000000000e+00,-1.000000000000000000e+00,-1.000000000000000000e+00,-1.000000000000000000e+00,-1.000000000000000000e+00,-1.000000000000000000e+00,-1.000000000000000000e+00,-1.000000000000000000e+00,-1.000000000000000000e+00,-1.000000000000000000e+00,-1.000000000000000000e+00,-1.000000000000000000e+00,-1.000000000000000000e+00,-1.000000000000000000e+00,-1.000000000000000000e+00,-1.000000000000000000e+00,-1.000000000000000000e+00,-1.000000000000000000e+00,-1.000000000000000000e+00,-1.000000000000000000e+00,-1.000000000000000000e+00,-1.000000000000000000e+00,-1.000000000000000000e+00,-1.000000000000000000e+00,-1.000000000000000000e+00,-1.000000000000000000e+00,-1.000000000000000000e+00,-1.000000000000000000e+00,-1.000000000000000000e+00,-1.000000000000000000e+00,-1.000000000000000000e+00,-1.000000000000000000e+00,-1.000000000000000000e+00,-1.000000000000000000e+00,-1.000000000000000000e+00,-1.000000000000000000e+00,-1.418002034715573512e+00,-1.418055911812774461e+00,-1.418216248435565818e+00,-1.418478300128060754e+00,-1.418830857165968018e+00,-1.419249627418721627e+00,-1.419684113111348678e+00,-1.420032853356671287e+00,-1.420098615653909935e+00,-1.419510624739909854e+00,-1.417595525406682766e+00,-1.413173761260118955e+00,-1.404256419208840256e+00,-1.387625038888573581e+00,-1.358302693246655313e+00,-1.308981783440149371e+00,-1.229577129687150716e+00,-1.107231877050563362e+00,-9.273075610031847882e-01,-6.760723462707803888e-01,-3.457751699968178993e-01,5.783481393946243720e-02,5.072385258773239869e-01,9.486490054483167622e-01,1.307634609763153488e+00,1.508616788147427723e+00,1.508616788239085071e+00,1.307634609961714656e+00,9.486490057290362099e-01,5.072385261283050006e-01,5.783481410942137302e-02,-3.457751699552820135e-01,-6.760723463688691481e-01,-9.273075612080732277e-01,-1.107231877301899647e+00,-1.229577129976479721e+00,-1.308981783698968560e+00,-1.358302693445557319e+00,-1.387625039058641985e+00,-1.404256419355853103e+00,-1.413173761388571759e+00,-1.417595525529039557e+00,-1.419510624879062544e+00,-1.420098615881347337e+00,-1.420032853739326084e+00,-1.419684113612627474e+00,-1.419249628065557101e+00,-1.418830857927169342e+00,-1.418478301036144140e+00,-1.418216249396918149e+00,-1.418055912840453070e+00,-1.418002035747354395e+00,-1.000000000000000000e+00,-1.000000000000000000e+00,-1.000000000000000000e+00,-1.000000000000000000e+00,-1.000000000000000000e+00,-1.000000000000000000e+00,-1.000000000000000000e+00,-1.000000000000000000e+00,-1.000000000000000000e+00,-1.000000000000000000e+00,-1.000000000000000000e+00,-1.000000000000000000e+00,-1.000000000000000000e+00,-1.000000000000000000e+00,-1.000000000000000000e+00,-1.000000000000000000e+00,-1.000000000000000000e+00,-1.000000000000000000e+00,-1.000000000000000000e+00,-1.000000000000000000e+00,-1.000000000000000000e+00,-1.000000000000000000e+00,-1.000000000000000000e+00,-1.000000000000000000e+00,-1.000000000000000000e+00,-1.000000000000000000e+00,-1.000000000000000000e+00,-1.000000000000000000e+00,-1.000000000000000000e+00,-1.000000000000000000e+00,-1.000000000000000000e+00,-1.000000000000000000e+00,-1.000000000000000000e+00,-1.000000000000000000e+00,-1.000000000000000000e+00,-1.000000000000000000e+00,-1.000000000000000000e+00,-1.000000000000000000e+00,-1.000000000000000000e+00,-1.000000000000000000e+00,-1.000000000000000000e+00,-1.000000000000000000e+00,-1.000000000000000000e+00,-1.000000000000000000e+00,-1.000000000000000000e+00,-1.000000000000000000e+00
-1.000000000000000000e+00,-1.000000000000000000e+00,-1.000000000000000000e+00,-1.000000000000000000e+00,-1.000000000000000000e+00,-1.000000000000000000e+00,-1.000000000000000000e+00,-1.000000000000000000e+00,-1.000000000000000000e+00,-1.000000000000000000e+00,-1.000000000000000000e+00,-1.000000000000000000e+00,-1.000000000000000000e+00,-1.000000000000000000e+00,-1.000000000000000000e+00,-1.000000000000000000e+00,-1.000000000000000000e+00,-1.000000000000000000e+00,-1.000000000000000000e+00,-1.000000000000000000e+00,-1.000000000000000000e+00,-1.000000000000000000e+00,-1.000000000000000000e+00,-1.000000000000000000e+00,-1.000000000000000000e+00,-1.000000000000000000e+00,-1.000000000000000000e+00,-1.000000000000000000e+00,-1.000000000000000000e+00,-1.000000000000000000e+00,-1.000000000000000000e+00,-1.000000000000000000e+00,-1.000000000000000000e+00,-1.000000000000000000e+00,-1.000000000000000000e+00,-1.000000000000000000e+00,-1.000000000000000000e+00,-1.000000000000000000e+00,-1.000000000000000000e+00,-1.000000000000000000e+00,-1.000000000000000000e+00,-1.000000000000000000e+00,-1.000000000000000000e+00,-1.000000000000000000e+00,-1.000000000000000000e+00,-1.000000000000000000e+00,-1.418383855053205966e+00,-1.418437230665341220e+00,-1.418596086623238328e+00,-1.418855749786413822e+00,-1.419205128955122852e+00,-1.419620097502148903e+00,-1.420050370359757341e+00,-1.420394748880277058e+00,-1.420456319414451274e+00,-1.419864699140552577e+00,-1.417947032840313426e+00,-1.413524432113928642e+00,-1.404608916256808060e+00,-1.387983359394395100e+00,-1.358672743416103001e+00,-1.309372129378217009e+00,-1.229999859153531716e+00,-1.107703381864967085e+00,-9.278488674944576076e-01,-6.767084105582423792e-01,-3.465324095593406151e-01,5.693336346029265194e-02,5.061803624698122395e-01,9.474401350259247234e-01,1.306305142208108894e+00,1.507220278264654656e+00,1.507220278365042798e+00,1.306305142417059084e+00,9.474401353485524258e-01,5.061803627551111351e-01,5.693336369214718751e-02,-3.465324094612347583e-01,-6.767084105988292464e-01,-9.278488676542987479e-01,-1.107703382095973632e+00,-1.229999859433423826e+00,-1.309372129621285463e+00,-1.358672743670205740e+00,-1.387983359643289116e+00,-1.404608916462678270e+00,-1.413524432282426080e+00,-1.417947033032682658e+00,-1.419864699362917815e+00,-1.420456319716517868e+00,-1.420394749273591994e+00,-1.420050370828417119e+00,-1.419620098084939608e+00,-1.419205129675606969e+00,-1.418855750675873661e+00,-1.418596087598557043e+00,-1.418437231695150569e+00,-1.418383856084802108e+00,-1.000000000000000000e+00,-1.000000000000000000e+00,-1.000000000000000000e+00,-1.000000000000000000e+00,-1.000000000000000000e+00,-1.000000000000000000e+00,-1.000000000000000000e+00,-1.000000000000000000e+00,-1.000000000000000000e+00,-1.000000000000000000e+00,-1.000000000000000000e+00,-1.000000000000000000e+00,-1.000000000000000000e+00,-1.000000000000000000e+00,-1.000000000000000000e+00,-1.000000000000000000e+00,-1.000000000000000000e+00,-1.000000000000000000e+00,-1.000000000000000000e+00,-1.000000000000000000e+00,-1.000000000000000000e+00,-1.000000000000000000e+00,-1.000000000000000000e+00,-1.000000000000000000e+00,-1.000000000000000000e+00,-1.000000000000000000e+00,-1.000000000000000000e+00,-1.000000000000000000e+00,-1.000000000000000000e+00,-1.000000000000000000e+00,-1.000000000000000000e+00,-1.000000000000000000e+00,-1.000000000000000000e+00,-1.000000000000000000e+00,-1.000000000000000000e+00,-1.000000000000000000e+00,-1.000000000000000000e+00,-1.000000000000000000e+00,-1.000000000000000000e+00,-1.000000000000000000e+00,-1.000000000000000000e+00,-1.000000000000000000e+00,-1.000000000000000000e+00,-1.000000000000000000e+00,-1.000000000000000000e+00,-1.000000000000000000e+00
-1.000000000000000000e+00,-1.000000000000000000e+00,-1.000000000000000000e+00,-1.000000000000000000e+00,-1.000000000000000000e+00,-1.000000000000000000e+00,-1.000000000000000000e+00,-1.000000000000000000e+00,-1.000000000000000000e+00,-1.000000000000000000e+00,-1.000000000000000000e+00,-1.000000000000000000e+00,-1.000000000000000000e+00,-1.000000000000000000e+00,-1.000000000000000000e+00,-1.000000000000000000e+00,-1.000000000000000000e+00,-1.000000000000000000e+00,-1.000000000000000000e+00,-1.000000000000000000e+00,-1.000000000000000000e+00,-1.000000000000000000e+00,-1.000000000000000000e+00,-1.000000000000000000e+00,-1.000000000000000000e+00,-1.000000000000000000e+00,-1.000000000000000000e+00,-1.000000000000000000e+00,-1.000000000000000000e+00,-1.000000000000000000e+00,-1.000000000000000000e+00,-1.000000000000000000e+00,-1.000000000000000000e+00,-1.000000000000000000e+00,-1.000000000000000000e+00,-1.000000000000000000e+00,-1.000000000000000000e+00,-1.000000000000000000e+00,-1.000000000000000000e+00,-1.000000000000000000e+00,-1.000000000000000000e+00,-1.000000000000000000e+00,-1.000000000000000000e+00,-1.000000000000000000e+00,-1.000000000000000000e+00,-1.000000000000000000e+00,-1.418754160252665208e+00,-1.418806747601811802e+00,-1.418963274610791414e+00,-1.419219175651596387e+00,-1.419563538348695086e+00,-1.419972485433944387e+00,-1.420396050483820449e+00,-1.420733422171662319e+00,-1.420788145391439272e+00,-1.420190377875796495e+00,-1.418267913632176969e+00,-1.413842674899149277e+00,-1.404927742536730584e+00,-1.388307436247834481e+00,-1.359008738643946668e+00,-1.309729444840353807e+00,-1.230391477474344963e+00,-1.108146633900792599e+00,-9.283657401981179058e-01,-6.773247969459118556e-01,-3.472755533078477619e-01,5.603985431251845561e-02,5.051238622614953044e-01,9.462271775472517188e-01,1.304967139553905753e+00,1.505812803895398844e+00,1.505812803958466617e+00,1.304967139691585842e+00,9.462271777637145664e-01,5.051238624311997771e-01,5.603985445346659766e-02,-3.472755532913047727e-01,-6.773247970174651744e-01,-9.283657403710766642e-01,-1.108146634123171381e+00,-1.230391477733039807e+00,-1.309729445084371946e+00,-1.359008738906768654e+00,-1.388307436464920830e+00,-1.404927742735369911e+00,-1.413842675114275860e+00,-1.418267913888001663e+00,-1.420190378116727992e+00,-1.420788145686084469e+00,-1.420733422553900782e+00,-1.420396050987053016e+00,-1.419972486047963001e+00,-1.419563539086458492e+00,-1.419219176500717161e+00,-1.418963275550471970e+00,-1.418806748604496182e+00,-1.418754161285328053e+00,-1.000000000000000000e+00,-1.000000000000000000e+00,-1.000000000000000000e+00,-1.000000000000000000e+00,-1.000000000000000000e+00,-1.000000000000000000e+00,-1.000000000000000000e+00,-1.000000000000000000e+00,-1.000000000000000000e+00,-1.000000000000000000e+00,-1.000000000000000000e+00,-1.000000000000000000e+00,-1.000000000000000000e+00,-1.000000000000000000e+00,-1.000000000000000000e+00,-1.000000000000000000e+00,-1.000000000000000000e+00,-1.000000000000000000e+00,-1.000000000000000000e+00,-1.000000000000000000e+00,-1.000000000000000000e+00,-1.000000000000000000e+00,-1.000000000000000000e+00,-1.000000000000000000e+00,-1.000000000000000000e+00,-1.000000000000000000e+00,-1.000000000000000000e+00,-1.000000000000000000e+00,-1.000000000000000000e+00,-1.000000000000000000e+00,-1.000000000000000000e+00,-1.000000000000000000e+00,-1.000000000000000000e+00,-1.000000000000000000e+00,-1.000000000000000000e+00,-1.000000000000000000e+00,-1.000000000000000000e+00,-1.000000000000000000e+00,-1.000000000000000000e+00,-1.000000000000000000e+00,-1.000000000000000000e+00,-1.000000000000000000e+00,-1.000000000000000000e+00,-1.000000000000000000e+00,-1.000000000000000000e+00,-1.000000000000000000e+00
-1.000000000000000000e+00,-1.000000000000000000e+00,-1.000000000000000000e+00,-1.000000000000000000e+00,-1.000000000000000000e+00,-1.000000000000000000e+00,-1.000000000000000000e+00,-1.000000000000000000e+00,-1.000000000000000000e+00,-1.000000000000000000e+00,-1.000000000000000000e+00,-1.000000000000000000e+00,-1.000000000000000000e+00,-1.000000000000000000e+00,-1.000000000000000000e+00,-1.000000000000000000e+00,-1.000000000000000000e+00,-1.000000000000000000e+00,-1.000000000000000000e+00,-1.000000000000000000e+00,-1.000000000000000000e+00,-1.000000000000000000e+00,-1.000000000000000000e+00,-1.000000000000000000e+00,-1.000000000000000000e+00,-1.000000000000000000e+00,-1.000000000000000000e+00,-1.000000000000000000e+00,-1.000000000000000000e+00,-1.000000000000000000e+00,-1.000000000000000000e+00,-1.000000000000000000e+00,-1.000000000000000000e+00,-1.000000000000000000e+00,-1.000000000000000000e+00,-1.000000000000000000e+00,-1.000000000000000000e+00,-1.000000000000000000e+00,-1.000000000000000000e+00,-1.000000000000000000e+00,-1.000000000000000000e+00,-1.000000000000000000e+00,-1.000000000000000000e+00,-1.000000000000000000e+00,-1.000000000000000000e+00,-1.000000000000000000e+00,-1.419104496346313082e+00,-1.419155854598532329e+00,-1.419308748016077093e+00,-1.419558772173962868e+00,-1.419895283367473837e+00,-1.420294779530090201e+00,-1.420707773279701325e+00,-1.421034031715897594e+00,-1.421077773283466072e+00,-1.420469925091512486e+00,-1.418539160446652625e+00,-1.414108429865827521e+00,-1.405192068035504116e+00,-1.388575996674944690e+00,-1.359289313715430048e+00,-1.310032620470522158e+00,-1.230731453159825683e+00,-1.108541953276696024e+00,-9.288395582225499325e-01,-6.779040721850454476e-01,-3.479883989750974793e-01,5.516930071680881120e-02,5.040829759878340255e-01,9.450232170675876286e-01,1.303633074082263921e+00,1.504406520863081909e+00,1.504406520880773535e+00,1.303633074147183546e+00,9.450232171571508744e-01,5.040829760489096145e-01,5.516930077327630855e-02,-3.479883990044664310e-01,-6.779040722495466298e-01,-9.288395583709233572e-01,-1.108541953446405159e+00,-1.230731453367638117e+00,-1.310032620686579108e+00,-1.359289313955163614e+00,-1.388575996919343636e+00,-1.405192068336577726e+00,-1.414108430179424891e+00,-1.418539160760653228e+00,-1.420469925400385414e+00,-1.421077773681971967e+00,-1.421034032173910333e+00,-1.420707773817672548e+00,-1.420294780123968259e+00,-1.419895284099033539e+00,-1.419558773018683606e+00,-1.419308748969492440e+00,-1.419155855593470461e+00,-1.419104497381330710e+00,-1.000000000000000000e+00,-1.000000000000000000e+00,-1.000000000000000000e+00,-1.000000000000000000e+00,-1.000000000000000000e+00,-1.000000000000000000e+00,-1.000000000000000000e+00,-1.000000000000000000e+00,-1.000000000000000000e+00,-1.000000000000000000e+00,-1.000000000000000000e+00,-1.000000000000000000e+00,-1.000000000000000000e+00,-1.000000000000000000e+00,-1.000000000000000000e+00,-1.000000000000000000e+00,-1.000000000000000000e+00,-1.000000000000000000e+00,-1.000000000000000000e+00,-1.000000000000000000e+00,-1.000000000000000000e+00,-1.000000000000000000e+00,-1.000000000000000000e+00,-1.000000000000000000e+00,-1.000000000000000000e+00,-1.000000000000000000e+00,-1.000000000000000000e+00,-1.000000000000000000e+00,-1.000000000000000000e+00,-1.000000000000000000e+00,-1.000000000000000000e+00,-1.000000000000000000e+00,-1.000000000000000000e+00,-1.000000000000000000e+00,-1.000000000000000000e+00,-1.000000000000000000e+00,-1.000000000000000000e+00,-1.000000000000000000e+00,-1.000000000000000000e+00,-1.000000000000000000e+00,-1.000000000000000000e+00,-1.000000000000000000e+00,-1.000000000000000000e+00,-1.000000000000000000e+00,-1.000000000000000000e+00,-1.000000000000000000e+00
-1.000000000000000000e+00,-1.000000000000000000e+00,-1.000000000000000000e+00,-1.000000000000000000e+00,-1.000000000000000000e+00,-1.000000000000000000e+00,-1.000000000000000000e+00,-1.000000000000000000e+00,-1.000000000000000000e+00,-1.000000000000000000e+00,-1.000000000000000000e+00,-1.000000000000000000e+00,-1.000000000000000000e+00,-1.000000000000000000e+00,-1.000000000000000000e+00,-1.000000000000000000e+00,-1.000000000000000000e+00,-1.000000000000000000e+00,-1.000000000000000000e+00,-1.000000000000000000e+00,-1.000000000000000000e+00,-1.000000000000000000e+00,-1.000000000000000000e+00,-1.000000000000000000e+00,-1.000000000000000000e+00,-1.000000000000000000e+00,-1.000000000000000000e+00,-1.000000000000000000e+00,-1.000000000000000000e+00,-1.000000000000000000e+00,-1.000000000000000000e+00,-1.000000000000000000e+00,-1.000000000000000000e+00,-1.000000000000000000e+00,-1.000000000000000000e+00,-1.000000000000000000e+00,-1.000000000000000000e+00,-1.000000000000000000e+00,-1.000000000000000000e+00,-1.000000000000000000e+00,-1.000000000000000000e+00,-1.000000000000000000e+00,-1.000000000000000000e+00,-1.000000000000000000e+00,-1.000000000000000000e+00,-1.000000000000000000e+00,-1.419423251646814377e+00,-1.419472706448000165e+00,-1.419619969243649305e+00,-1.419860875519301402e+00,-1.420185183054419875e+00,-1.420569952783736989e+00,-1.420966418074001814e+00,-1.421275215195110020e+00,-1.421301566086830670e+00,-1.420677520855943898e+00,-1.418732988776728599e+00,-1.414292284584296899e+00,-1.405371288530762541e+00,-1.388757752293560577e+00,-1.359483040166611367e+00,-1.310250628906441062e+00,-1.230989658962115207e+00,-1.108860534901676242e+00,-9.292431558196602159e-01,-6.784209032823991237e-01,-3.486475069720640363e-01,5.434332088824422868e-02,5.030776965280925328e-01,9.438469253463526165e-01,1.302320686863289279e+00,1.503018689451106393e+00,1.503018689414051590e+00,1.302320686822806550e+00,9.438469252687420319e-01,5.030776964444296784e-01,5.434332080787496189e-02,-3.486475070699677214e-01,-6.784209033706789516e-01,-9.292431559468611324e-01,-1.108860535026802152e+00,-1.230989659129743563e+00,-1.310250629086928242e+00,-1.359483040398596909e+00,-1.388757752588340555e+00,-1.405371288885849390e+00,-1.414292284956375934e+00,-1.418732989185478299e+00,-1.420677521293757017e+00,-1.421301566587203968e+00,-1.421275215699382422e+00,-1.420966418647777729e+00,-1.420569953395403706e+00,-1.420185183787141980e+00,-1.419860876326440868e+00,-1.419619970141262844e+00,-1.419472707359853203e+00,-1.419423252593306595e+00,-1.000000000000000000e+00,-1.000000000000000000e+00,-1.000000000000000000e+00,-1.000000000000000000e+00,-1.000000000000000000e+00,-1.000000000000000000e+00,-1.000000000000000000e+00,-1.000000000000000000e+00,-1.000000000000000000e+00,-1.000000000000000000e+00,-1.000000000000000000e+00,-1.000000000000000000e+00,-1.000000000000000000e+00,-1.000000000000000000e+00,-1.000000000000000000e+00,-1.000000000000000000e+00,-1.000000000000000000e+00,-1.000000000000000000e+00,-1.000000000000000000e+00,-1.000000000000000000e+00,-1.000000000000000000e+00,-1.000000000000000000e+00,-1.000000000000000000e+00,-1.000000000000000000e+00,-1.000000000000000000e+00,-1.000000000000000000e+00,-1.000000000000000000e+00,-1.000000000000000000e+00,-1.000000000000000000e+00,-1.000000000000000000e+00,-1.000000000000000000e+00,-1.000000000000000000e+00,-1.000000000000000000e+00,-1.000000000000000000e+00,-1.000000000000000000e+00,-1.000000000000000000e+00,-1.000000000000000000e+00,-1.000000000000000000e+00,-1.000000000000000000e+00,-1.000000000000000000e+00,-1.000000000000000000e+00,-1.000000000000000000e+00,-1.000000000000000000e+00,-1.000000000000000000e+00,-1.000000000000000000e+00,-1.000000000000000000e+00
-1.000000000000000000e+00,-1.000000000000000000e+00,-1.000000000000000000e+00,-1.000000000000000000e+00,-1.000000000000000000e+00,-1.000000000000000000e+00,-1.000000000000000000e+00,-1.000000000000000000e+00,-1.000000000000000000e+00,-1.000000000000000000e+00,-1.000000000000000000e+00,-1.000000000000000000e+00,-1.000000000000000000e+00,-1.000000000000000000e+00,-1.000000000000000000e+00,-1.000000000000000000e+00,-1.000000000000000000e+00,-1.000000000000000000e+00,-1.000000000000000000e+00,-1.000000000000000000e+00,-1.000000000000000000e+00,-1.000000000000000000e+00,-1.000000000000000000e+00,-1.000000000000000000e+00,-1.000000000000000000e+00,-1.000000000000000000e+00,-1.000000000000000000e+00,-1.000000000000000000e+00,-1.000000000000000000e+00,-1.000000000000000000e+00,-1.000000000000000000e+00,-1.000000000000000000e+00,-1.000000000000000000e+00,-1.000000000000000000e+00,-1.000000000000000000e+00,-1.000000000000000000e+00,-1.000000000000000000e+00,-1.000000000000000000e+00,-1.000000000000000000e+00,-1.000000000000000000e+00,-1.000000000000000000e+00,-1.000000000000000000e+00,-1.000000000000000000e+00,-1.000000000000000000e+00,-1.000000000000000000e+00,-1.000000000000000000e+00,-1.419694537949925950e+00,-1.419741063008541193e+00,-1.419879653933949326e+00,-1.420106500301190344e+00,-1.420411955554056416e+00,-1.420773921338937207e+00,-1.421144713678498928e+00,-1.421426278612799798e+00,-1.421425346650965427e+00,-1.420775636438754930e+00,-1.418808846284805858e+00,-1.414351176557229861e+00,-1.405420502167965324e+00,-1.388806745924149988e+00,-1.359543746993364000e+00,-1.310337922459829052e+00,-1.231121941283191967e+00,-1.109060268421015572e+00,-9.295369501931742828e-01,-6.788385259169740227e-01,-3.492190164981644473e-01,5.359299053987931494e-02,5.021366210690938470e-01,9.427248896668314337e-01,1.301055151795536879e+00,1.501673754341562805e+00,1.501673754251223958e+00,1.301055151619515460e+00,9.427248893852056000e-01,5.021366207780078028e-01,5.359299023707686516e-02,-3.492190167538595791e-01,-6.788385261393200532e-01,-9.295369503784505216e-01,-1.109060268575927655e+00,-1.231121941446836399e+00,-1.310337922615292250e+00,-1.359543747208351805e+00,-1.388806746197581488e+00,-1.405420502485529965e+00,-1.414351176951364808e+00,-1.418808846732404927e+00,-1.420775636888683469e+00,-1.421425347144972706e+00,-1.421426279142268712e+00,-1.421144714305095702e+00,-1.420773921983415677e+00,-1.420411956267693121e+00,-1.420106501062361026e+00,-1.419879654797597146e+00,-1.419741063913395163e+00,-1.419694538892221747e+00,-1.000000000000000000e+00,-1.000000000000000000e+00,-1.000000000000000000e+00,-1.000000000000000000e+00,-1.000000000000000000e+00,-1.000000000000000000e+00,-1.000000000000000000e+00,-1.000000000000000000e+00,-1.000000000000000000e+00,-1.000000000000000000e+00,-1.000000000000000000e+00,-1.000000000000000000e+00,-1.000000000000000000e+00,-1.000000000000000000e+00,-1.000000000000000000e+00,-1.000000000000000000e+00,-1.000000000000000000e+00,-1.000000000000000000e+00,-1.000000000000000000e+00,-1.000000000000000000e+00,-1.000000000000000000e+00,-1.000000000000000000e+00,-1.000000000000000000e+00,-1.000000000000000000e+00,-1.000000000000000000e+00,-1.000000000000000000e+00,-1.000000000000000000e+00,-1.000000000000000000e+00,-1.000000000000000000e+00,-1.000000000000000000e+00,-1.000000000000000000e+00,-1.000000000000000000e+00,-1.000000000000000000e+00,-1.000000000000000000e+00,-1.000000000000000000e+00,-1.000000000000000000e+00,-1.000000000000000000e+00,-1.000000000000000000e+00,-1.000000000000000000e+00,-1.000000000000000000e+00,-1.000000000000000000e+00,-1.000000000000000000e+00,-1.000000000000000000e+00,-1.000000000000000000e+00,-1.000000000000000000e+00,-1.000000000000000000e+00
-1.000000000000000000e+00,-1.000000000000000000e+00,-1.000000000000000000e+00,-1.000000000000000000e+00,-1.000000000000000000e+00,-1.000000000000000000e+00,-1.000000000000000000e+00,-1.000000000000000000e+00,-1.000000000000000000e+00,-1.000000000000000000e+00,-1.000000000000000000e+00,-1.000000000000000000e+00,-1.000000000000000000e+00,-1.000000000000000000e+00,-1.000000000000000000e+00,-1.000000000000000000e+00,-1.000000000000000000e+00,-1.000000000000000000e+00,-1.000000000000000000e+00,-1.000000000000000000e+00,-1.000000000000000000e+00,-1.000000000000000000e+00,-1.000000000000000000e+00,-1.000000000000000000e+00,-1.000000000000000000e+00,-1.000000000000000000e+00,-1.000000000000000000e+00,-1.000000000000000000e+00,-1.000000000000000000e+00,-1.000000000000000000e+00,-1.000000000000000000e+00,-1.000000000000000000e+00,-1.000000000000000000e+00,-1.000000000000000000e+00,-1.000000000000000000e+00,-1.000000000000000000e+00,-1.000000000000000000e+00,-1.000000000000000000e+00,-1.000000000000000000e+00,-1.000000000000000000e+00,-1.000000000000000000e+00,-1.000000000000000000e+00,-1.000000000000000000e+00,-1.000000000000000000e+00,-1.000000000000000000e+00,-1.000000000000000000e+00,-1.419896733453853255e+00,-1.419938775919839857e+00,-1.420064089947768560e+00,-1.420269382688660986e+00,-1.420545884195954844e+00,-1.420872743779792335e+00,-1.421203897684751860e+00,-1.421443265053777827e+00,-1.421399854715513777e+00,-1.420709893468017793e+00,-1.418707725356384897e+00,-1.414222246247891279e+00,-1.405274021297397535e+00,-1.388655664471196705e+00,-1.359403789542521057e+00,-1.310227812353674581e+00,-1.231063751072953183e+00,-1.109079738268357929e+00,-9.296633959670658198e-01,-6.791037017515910712e-01,-3.496541159673551835e-01,5.296288535783300055e-02,5.013005644997263754e-01,9.416948814894754438e-01,1.299872103556879654e+00,1.500406248980374890e+00,1.500406248872974135e+00,1.299872103313558735e+00,9.416948811170056111e-01,5.013005641234229426e-01,5.296288497791423744e-02,-3.496541162473926212e-01,-6.791037019941279507e-01,-9.296633961252819267e-01,-1.109079738408681459e+00,-1.231063751198315126e+00,-1.310227812490276422e+00,-1.359403789747766433e+00,-1.388655664740420903e+00,-1.405274021637826998e+00,-1.414222246688131790e+00,-1.418707725816090504e+00,-1.420709893973913118e+00,-1.421399855323667971e+00,-1.421443265694542157e+00,-1.421203898339483240e+00,-1.420872744422857714e+00,-1.420545884911324830e+00,-1.420269383470232905e+00,-1.420064090797137801e+00,-1.419938776794394286e+00,-1.419896734358152557e+00,-1.000000000000000000e+00,-1.000000000000000000e+00,-1.000000000000000000e+00,-1.000000000000000000e+00,-1.000000000000000000e+00,-1.000000000000000000e+00,-1.000000000000000000e+00,-1.000000000000000000e+00,-1.000000000000000000e+00,-1.000000000000000000e+00,-1.000000000000000000e+00,-1.000000000000000000e+00,-1.000000000000000000e+00,-1.000000000000000000e+00,-1.000000000000000000e+00,-1.000000000000000000e+00,-1.000000000000000000e+00,-1.000000000000000000e+00,-1.000000000000000000e+00,-1.000000000000000000e+00,-1.000000000000000000e+00,-1.000000000000000000e+00,-1.000000000000000000e+00,-1.000000000000000000e+00,-1.000000000000000000e+00,-1.000000000000000000e+00,-1.000000000000000000e+00,-1.000000000000000000e+00,-1.000000000000000000e+00,-1.000000000000000000e+00,-1.000000000000000000e+00,-1.000000000000000000e+00,-1.000000000000000000e+00,-1.000000000000000000e+00,-1.000000000000000000e+00,-1.000000000000000000e+00,-1.000000000000000000e+00,-1.000000000000000000e+00,-1.000000000000000000e+00,-1.000000000000000000e+00,-1.000000000000000000e+00,-1.000000000000000000e+00,-1.000000000000000000e+00,-1.000000000000000000e+00,-1.000000000000000000e+00,-1.000000000000000000e+00
-1.000000000000000000e+00,-1.000000000000000000e+00,-1.000000000000000000e+00,-1.000000000000000000e+00,-1.000000000000000000e+00,-1.000000000000000000e+00,-1.000000000000000000e+00,-1.000000000000000000e+00,-1.000000000000000000e+00,-1.000000000000000000e+00,-1.000000000000000000e+00,-1.000000000000000000e+00,-1.000000000000000000e+00,-1.000000000000000000e+00,-1.000000000000000000e+00,-1.000000000000000000e+00,-1.000000000000000000e+00,-1.000000000000000000e+00,-1.000000000000000000e+00,-1.000000000000000000e+00,-1.000000000000000000e+00,-1.000000000000000000e+00,-1.000000000000000000e+00,-1.000000000000000000e+00,-1.000000000000000000e+00,-1.000000000000000000e+00,-1.000000000000000000e+00,-1.000000000000000000e+00,-1.000000000000000000e+00,-1.000000000000000000e+00,-1.000000000000000000e+00,-1.000000000000000000e+00,-1.000000000000000000e+00,-1.000000000000000000e+00,-1.000000000000000000e+00,-1.000000000000000000e+00,-1.000000000000000000e+00,-1.000000000000000000e+00,-1.000000000000000000e+00,-1.000000000000000000e+00,-1.000000000000000000e+00,-1.000000000000000000e+00,-1.000000000000000000e+00,-1.000000000000000000e+00,-1.000000000000000000e+00,-1.000000000000000000e+00,-1.420000620960152116e+00,-1.420035847176044141e+00,-1.420140958220244443e+00,-1.420313409234431390e+00,-1.420545707860681572e+00,-1.420818841058518966e+00,-1.421089157170080775e+00,-1.421263540014227278e+00,-1.421154442296830522e+00,-1.420401884285039662e+00,-1.418344178191768723e+00,-1.413814171331526426e+00,-1.404836197702507672e+00,-1.388206361950744983e+00,-1.358964496324026605e+00,-1.309823065537554454e+00,-1.230721097969647015e+00,-1.108829707415915244e+00,-9.295391235807786146e-01,-6.791395823640771212e-01,-3.498826476671466068e-01,5.251677324659054236e-02,5.006276325252685400e-01,9.408104323078836373e-01,1.298821866423805815e+00,1.499264846235952131e+00,1.499264846124507944e+00,1.298821866138013537e+00,9.408104318867116511e-01,5.006276320800202573e-01,5.251677279297495282e-02,-3.498826480175702969e-01,-6.791395826687480763e-01,-9.295391237723071853e-01,-1.108829707590065938e+00,-1.230721098089304855e+00,-1.309823065681136711e+00,-1.358964496498376695e+00,-1.388206362189378318e+00,-1.404836198034337125e+00,-1.413814171761817562e+00,-1.418344178658277555e+00,-1.420401884862289466e+00,-1.421154442958424857e+00,-1.421263540698962213e+00,-1.421089157874869446e+00,-1.420818841787430564e+00,-1.420545708615544189e+00,-1.420313410019347300e+00,-1.420140959027376582e+00,-1.420035847996275802e+00,-1.420000621790867834e+00,-1.000000000000000000e+00,-1.000000000000000000e+00,-1.000000000000000000e+00,-1.000000000000000000e+00,-1.000000000000000000e+00,-1.000000000000000000e+00,-1.000000000000000000e+00,-1.000000000000000000e+00,-1.000000000000000000e+00,-1.000000000000000000e+00,-1.000000000000000000e+00,-1.000000000000000000e+00,-1.000000000000000000e+00,-1.000000000000000000e+00,-1.000000000000000000e+00,-1.000000000000000000e+00,-1.000000000000000000e+00,-1.000000000000000000e+00,-1.000000000000000000e+00,-1.000000000000000000e+00,-1.000000000000000000e+00,-1.000000000000000000e+00,-1.000000000000000000e+00,-1.000000000000000000e+00,-1.000000000000000000e+00,-1.000000000000000000e+00,-1.000000000000000000e+00,-1.000000000000000000e+00,-1.000000000000000000e+00,-1.000000000000000000e+00,-1.000000000000000000e+00,-1.000000000000000000e+00,-1.000000000000000000e+00,-1.000000000000000000e+00,-1.000000000000000000e+00,-1.000000000000000000e+00,-1.000000000000000000e+00,-1.000000000000000000e+00,-1.000000000000000000e+00,-1.000000000000000000e+00,-1.000000000000000000e+00,-1.000000000000000000e+00,-1.000000000000000000e+00,-1.000000000000000000e+00,-1.000000000000000000e+00,-1.000000000000000000e+00
-1.000000000000000000e+00,-1.000000000000000000e+00,-1.000000000000000000e+00,-1.000000000000000000e+00,-1.000000000000000000e+00,-1.000000000000000000e+00,-1.000000000000000000e+00,-1.000000000000000000e+00,-1.000000000000000000e+00,-1.000000000000000000e+00,-1.000000000000000000e+00,-1.000000000000000000e+00,-1.000000000000000000e+00,-1.000000000000000000e+00,-1.000000000000000000e+00,-1.000000000000000000e+00,-1.000000000000000000e+00,-1.000000000000000000e+00,-1.000000000000000000e+00,-1.000000000000000000e+00,-1.000000000000000000e+00,-1.000000000000000000e+00,-1.000000000000000000e+00,-1.000000000000000000e+00,-1.000000000000000000e+00,-1.000000000000000000e+00,-1.000000000000000000e+00,-1.000000000000000000e+00,-1.000000000000000000e+00,-1.000000000000000000e+00,-1.000000000000000000e+00,-1.000000000000000000e+00,-1.000000000000000000e+00,-1.000000000000000000e+00,-1.000000000000000000e+00,-1.000000000000000000e+00,-1.000000000000000000e+00,-1.000000000000000000e+00,-1.000000000000000000e+00,-1.000000000000000000e+00,-1.000000000000000000e+00,-1.000000000000000000e+00,-1.000000000000000000e+00,-1.000000000000000000e+00,-1.000000000000000000e+00,-1.000000000000000000e+00,-1.419967072351419057e+00,-1.419992003094926902e+00,-1.420066576427708505e+00,-1.420189314813139703e+00,-1.420354567303129478e+00,-1.420546002901553972e+00,-1.420723536226899286e+00,-1.420798485319018978e+00,-1.420588498556020873e+00,-1.419739343324746939e+00,-1.417595327918961701e+00,-1.412995188955709303e+00,-1.403968697395288068e+00,-1.387316680341662556e+00,-1.358082857531431653e+00,-1.308982783606416955e+00,-1.229957916063895595e+00,-1.108181216564181337e+00,-9.290439513171462327e-01,-6.788357364178581044e-01,-3.498041731513257258e-01,5.234556259052602911e-02,5.002003011040490055e-01,9.401472151992877890e-01,1.297975348789464967e+00,1.498318002964741602e+00,1.498318002853537223e+00,1.297975348475747026e+00,9.401472147485321340e-01,5.002003005935029556e-01,5.234556206529461519e-02,-3.498041736124398726e-01,-6.788357368330431019e-01,-9.290439516364377148e-01,-1.108181216862448304e+00,-1.229957916280315366e+00,-1.308982783838420261e+00,-1.358082857736977900e+00,-1.387316680590261475e+00,-1.403968697694589318e+00,-1.412995189331234691e+00,-1.417595328356819451e+00,-1.419739343874294013e+00,-1.420588499147510397e+00,-1.420798485980417025e+00,-1.420723536933317988e+00,-1.420546003632800591e+00,-1.420354568018710406e+00,-1.420189315588755052e+00,-1.420066577263784602e+00,-1.419992003971560113e+00,-1.419967073215809172e+00,-1.000000000000000000e+00,-1.000000000000000000e+00,-1.000000000000000000e+00,-1.000000000000000000e+00,-1.000000000000000000e+00,-1.000000000000000000e+00,-1.000000000000000000e+00,-1.000000000000000000e+00,-1.000000000000000000e+00,-1.000000000000000000e+00,-1.000000000000000000e+00,-1.000000000000000000e+00,-1.000000000000000000e+00,-1.000000000000000000e+00,-1.000000000000000000e+00,-1.000000000000000000e+00,-1.000000000000000000e+00,-1.000000000000000000e+00,-1.000000000000000000e+00,-1.000000000000000000e+00,-1.000000000000000000e+00,-1.000000000000000000e+00,-1.000000000000000000e+00,-1.000000000000000000e+00,-1.000000000000000000e+00,-1.000000000000000000e+00,-1.000000000000000000e+00,-1.000000000000000000e+00,-1.000000000000000000e+00,-1.000000000000000000e+00,-1.000000000000000000e+00,-1.000000000000000000e+00,-1.000000000000000000e+00,-1.000000000000000000e+00,-1.000000000000000000e+00,-1.000000000000000000e+00,-1.000000000000000000e+00,-1.000000000000000000e+00,-1.000000000000000000e+00,-1.000000000000000000e+00,-1.000000000000000000e+00,-1.000000000000000000e+00,-1.000000000000000000e+00,-1.000000000000000000e+00,-1.000000000000000000e+00,-1.000000000000000000e+00
-1.000000000000000000e+00,-1.000000000000000000e+00,-1.000000000000000000e+00,-1.000000000000000000e+00,-1.000000000000000000e+00,-1.000000000000000000e+00,-1.000000000000000000e+00,-1.000000000000000000e+00,-1.000000000000000000e+00,-1.000000000000000000e+00,-1.000000000000000000e+00,-1.000000000000000000e+00,-1.000000000000000000e+00,-1.000000000000000000e+00,-1.000000000000000000e+00,-1.000000000000000000e+00,-1.000000000000000000e+00,-1.000000000000000000e+00,-1.000000000000000000e+00,-1.000000000000000000e+00,-1.000000000000000000e+00,-1.000000000000000000e+00,-1.000000000000000000e+00,-1.000000000000000000e+00,-1.000000000000000000e+00,-1.000000000000000000e+00,-1.000000000000000000e+00,-1.000000000000000000e+00,-1.000000000000000000e+00,-1.000000000000000000e+00,-1.000000000000000000e+00,-1.000000000000000000e+00,-1.000000000000000000e+00,-1.000000000000000000e+00,-1.000000000000000000e+00,-1.000000000000000000e+00,-1.000000000000000000e+00,-1.000000000000000000e+00,-1.000000000000000000e+00,-1.000000000000000000e+00,-1.000000000000000000e+00,-1.000000000000000000e+00,-1.000000000000000000e+00,-1.000000000000000000e+00,-1.000000000000000000e+00,-1.000000000000000000e+00,-1.419744266500069241e+00,-1.419753763905803989e+00,-1.419782524105535737e+00,-1.419830570383689983e+00,-1.419894872773528771e+00,-1.419962974244660003e+00,-1.420000017838780160e+00,-1.419923910251568833e+00,-1.419560102772509103e+00,-1.418563052531674362e+00,-1.416286146063948870e+00,-1.411576973916041755e+00,-1.402473305965160177e+00,-1.385782583087382447e+00,-1.356553428670440375e+00,-1.307504521504400774e+00,-1.228578807795156935e+00,-1.106949295558137702e+00,-9.280058147807285218e-01,-6.780344422361928025e-01,-3.492756653190348670e-01,5.257827706379147870e-02,5.001352148475293191e-01,9.398118970861144561e-01,1.297432234588795197e+00,1.497661812071808374e+00,1.497661811996326975e+00,1.297432234347504210e+00,9.398118967402193658e-01,5.001352144229869179e-01,5.257827662492076115e-02,-3.492756657508545581e-01,-6.780344426353179799e-01,-9.280058151349174222e-01,-1.106949295887920792e+00,-1.228578808051258742e+00,-1.307504521759157656e+00,-1.356553428887221413e+00,-1.385782583353212694e+00,-1.402473306264246489e+00,-1.411576974296283371e+00,-1.416286146495739029e+00,-1.418563053063954360e+00,-1.419560103383721739e+00,-1.419923910966105485e+00,-1.420000018554967269e+00,-1.419962975004515737e+00,-1.419894873567871363e+00,-1.419830571250104922e+00,-1.419782524973875137e+00,-1.419753764792424766e+00,-1.419744267381137126e+00,-1.000000000000000000e+00,-1.000000000000000000e+00,-1.000000000000000000e+00,-1.000000000000000000e+00,-1.000000000000000000e+00,-1.000000000000000000e+00,-1.000000000000000000e+00,-1.000000000000000000e+00,-1.000000000000000000e+00,-1.000000000000000000e+00,-1.000000000000000000e+00,-1.000000000000000000e+00,-1.000000000000000000e+00,-1.000000000000000000e+00,-1.000000000000000000e+00,-1.000000000000000000e+00,-1.000000000000000000e+00,-1.000000000000000000e+00,-1.000000000000000000e+00,-1.000000000000000000e+00,-1.000000000000000000e+00,-1.000000000000000000e+00,-1.000000000000000000e+00,-1.000000000000000000e+00,-1.000000000000000000e+00,-1.000000000000000000e+00,-1.000000000000000000e+00,-1.000000000000000000e+00,-1.000000000000000000e+00,-1.000000000000000000e+00,-1.000000000000000000e+00,-1.000000000000000000e+00,-1.000000000000000000e+00,-1.000000000000000000e+00,-1.000000000000000000e+00,-1.000000000000000000e+00,-1.000000000000000000e+00,-1.000000000000000000e+00,-1.000000000000000000e+00,-1.000000000000000000e+00,-1.000000000000000000e+00,-1.000000000000000000e+00,-1.000000000000000000e+00,-1.000000000000000000e+00,-1.000000000000000000e+00,-1.000000000000000000e+00
-1.000000000000000000e+00,-1.000000000000000000e+00,-1.000000000000000000e+00,-1.000000000000000000e+00,-1.000000000000000000e+00,-1.000000000000000000e+00,-1.000000000000000000e+00,-1.000000000000000000e+00,-1.000000000000000000e+00,-1.000000000000000000e+00,-1.000000000000000000e+00,-1.000000000000000000e+00,-1.000000000000000000e+00,-1.000000000000000000e+00,-1.000000000000000000e+00,-1.000000000000000000e+00,-1.000000000000000000e+00,-1.000000000000000000e+00,-1.000000000000000000e+00,-1.000000000000000000e+00,-1.000000000000000000e+00,-1.000000000000000000e+00,-1.000000000000000000e+00,-1.000000000000000000e+00,-1.000000000000000000e+00,-1.000000000000000000e+00,-1.000000000000000000e+00,-1.000000000000000000e+00,-1.000000000000000000e+00,-1.000000000000000000e+00,-1.000000000000000000e+00,-1.000000000000000000e+00,-1.000000000000000000e+00,-1.000000000000000000e+00,-1.000000000000000000e+00,-1.000000000000000000e+00,-1.000000000000000000e+00,-1.000000000000000000e+00,-1.000000000000000000e+00,-1.000000000000000000e+00,-1.000000000000000000e+00,-1.000000000000000000e+00,-1.000000000000000000e+00,-1.000000000000000000e+00,-1.000000000000000000e+00,-1.000000000000000000e+00,-1.419264504589006881e+00,-1.419251066963678864e+00,-1.419211689916944685e+00,-1.419148472618922074e+00,-1.419062062867910923e+00,-1.418945533136471759e+00,-1.418771616243352129e+00,-1.418467926924434463e+00,-1.417871552924136358e+00,-1.416650020867834536e+00,-1.414170425588953783e+00,-1.409293694809614639e+00,-1.400069489192233396e+00,-1.383314742535783903e+00,-1.354084524473928131e+00,-1.305100674249668913e+00,-1.226306166642644913e+00,-1.104871278596292861e+00,-9.261806126071279177e-01,-6.765122649842910674e-01,-3.480948760949572618e-01,5.339697348958849510e-02,5.005965859354046810e-01,9.399543123588027793e-01,1.297332299286559465e+00,1.497430877477012423e+00,1.497430877432043062e+00,1.297332299110409259e+00,9.399543121134559254e-01,5.005965856053353757e-01,5.339697313571756254e-02,-3.480948764948003094e-01,-6.765122653709392253e-01,-9.261806130016935201e-01,-1.104871278962641146e+00,-1.226306166968704314e+00,-1.305100674542436501e+00,-1.354084524721546057e+00,-1.383314742794438335e+00,-1.400069489477804296e+00,-1.409293695186899065e+00,-1.414170425998071856e+00,-1.416650021382674485e+00,-1.417871553545988927e+00,-1.418467927642385717e+00,-1.418771616986795214e+00,-1.418945533978947626e+00,-1.419062063753762981e+00,-1.419148473560907231e+00,-1.419211690868145803e+00,-1.419251067943180900e+00,-1.419264505580443148e+00,-1.000000000000000000e+00,-1.000000000000000000e+00,-1.000000000000000000e+00,-1.000000000000000000e+00,-1.000000000000000000e+00,-1.000000000000000000e+00,-1.000000000000000000e+00,-1.000000000000000000e+00,-1.000000000000000000e+00,-1.000000000000000000e+00,-1.000000000000000000e+00,-1.000000000000000000e+00,-1.000000000000000000e+00,-1.000000000000000000e+00,-1.000000000000000000e+00,-1.000000000000000000e+00,-1.000000000000000000e+00,-1.000000000000000000e+00,-1.000000000000000000e+00,-1.000000000000000000e+00,-1.000000000000000000e+00,-1.000000000000000000e+00,-1.000000000000000000e+00,-1.000000000000000000e+00,-1.000000000000000000e+00,-1.000000000000000000e+00,-1.000000000000000000e+00,-1.000000000000000000e+00,-1.000000000000000000e+00,-1.000000000000000000e+00,-1.000000000000000000e+00,-1.000000000000000000e+00,-1.000000000000000000e+00,-1.000000000000000000e+00,-1.000000000000000000e+00,-1.000000000000000000e+00,-1.000000000000000000e+00,-1.000000000000000000e+00,-1.000000000000000000e+00,-1.000000000000000000e+00,-1.000000000000000000e+00,-1.000000000000000000e+00,-1.000000000000000000e+00,-1.000000000000000000e+00,-1.000000000000000000e+00,-1.000000000000000000e+00
-1.000000000000000000e+00,-1.000000000000000000e+00,-1.000000000000000000e+00,-1.000000000000000000e+00,-1.000000000000000000e+00,-1.000000000000000000e+00,-1.000000000000000000e+00,-1.000000000000000000e+00,-1.000000000000000000e+00,-1.000000000000000000e+00,-1.000000000000000000e+00,-1.000000000000000000e+00,-1.000000000000000000e+00,-1.000000000000000000e+00,-1.000000000000000000e+00,-1.000000000000000000e+00,-1.000000000000000000e+00,-1.000000000000000000e+00,-1.000000000000000000e+00,-1.000000000000000000e+00,-1.000000000000000000e+00,-1.000000000000000000e+00,-1.000000000000000000e+00,-1.000000000000000000e+00,-1.000000000000000000e+00,-1.000000000000000000e+00,-1.000000000000000000e+00,-1.000000000000000000e+00,-1.000000000000000000e+00,-1.000000000000000000e+00,-1.000000000000000000e+00,-1.000000000000000000e+00,-1.000000000000000000e+00,-1.000000000000000000e+00,-1.000000000000000000e+00,-1.000000000000000000e+00,-1.000000000000000000e+00,-1.000000000000000000e+00,-1.000000000000000000e+00,-1.000000000000000000e+00,-1.000000000000000000e+00,-1.000000000000000000e+00,-1.000000000000000000e+00,-1.000000000000000000e+00,-1.000000000000000000e+00,-1.000000000000000000e+00,-1.418440818982120266e+00,-1.418393639602170797e+00,-1.418253935119811793e+00,-1.418026623763919858e+00,-1.417717433060409427e+00,-1.417327223037932793e+00,-1.416839617939808393e+00,-1.416196391066779192e+00,-1.415251822270843451e+00,-1.413692931100281047e+00,-1.410907372892304057e+00,-1.405776091585810406e+00,-1.396366464144446207e+00,-1.379509241849164125e+00,-1.350268264373595706e+00,-1.301368591931422181e+00,-1.222751039411789087e+00,-1.101578990177224826e+00,-9.232261512308019835e-01,-6.739560303890741455e-01,-3.459784360377700096e-01,5.505658665046930800e-02,5.018142039604367444e-01,9.407839839254936720e-01,1.297870884548079751e+00,1.497813249489190479e+00,1.497813249470018260e+00,1.297870884424570104e+00,9.407839837490539203e-01,5.018142036816370943e-01,5.505658630736598447e-02,-3.459784364782537702e-01,-6.739560308583727455e-01,-9.232261517626799696e-01,-1.101578990681738146e+00,-1.222751039901543768e+00,-1.301368592357498688e+00,-1.350268264759913794e+00,-1.379509242187653806e+00,-1.396366464483364656e+00,-1.405776091948944373e+00,-1.410907373256275354e+00,-1.413692931561327359e+00,-1.415251822811471216e+00,-1.416196391693482992e+00,-1.416839618665444611e+00,-1.417327223875576969e+00,-1.417717433926259041e+00,-1.418026624715433837e+00,-1.418253936158055950e+00,-1.418393640670306377e+00,-1.418440820050405948e+00,-1.000000000000000000e+00,-1.000000000000000000e+00,-1.000000000000000000e+00,-1.000000000000000000e+00,-1.000000000000000000e+00,-1.000000000000000000e+00,-1.000000000000000000e+00,-1.000000000000000000e+00,-1.000000000000000000e+00,-1.000000000000000000e+00,-1.000000000000000000e+00,-1.000000000000000000e+00,-1.000000000000000000e+00,-1.000000000000000000e+00,-1.000000000000000000e+00,-1.000000000000000000e+00,-1.000000000000000000e+00,-1.000000000000000000e+00,-1.000000000000000000e+00,-1.000000000000000000e+00,-1.000000000000000000e+00,-1.000000000000000000e+00,-1.000000000000000000e+00,-1.000000000000000000e+00,-1.000000000000000000e+00,-1.000000000000000000e+00,-1.000000000000000000e+00,-1.000000000000000000e+00,-1.000000000000000000e+00,-1.000000000000000000e+00,-1.000000000000000000e+00,-1.000000000000000000e+00,-1.000000000000000000e+00,-1.000000000000000000e+00,-1.000000000000000000e+00,-1.000000000000000000e+00,-1.000000000000000000e+00,-1.000000000000000000e+00,-1.000000000000000000e+00,-1.000000000000000000e+00,-1.000000000000000000e+00,-1.000000000000000000e+00,-1.000000000000000000e+00,-1.000000000000000000e+00,-1.000000000000000000e+00,-1.000000000000000000e+00
-1.000000000000000000e+00,-1.000000000000000000e+00,-1.000000000000000000e+00,-1.000000000000000000e+00,-1.000000000000000000e+00,-1.000000000000000000e+00,-1.000000000000000000e+00,-1.000000000000000000e+00,-1.000000000000000000e+00,-1.000000000000000000e+00,-1.000000000000000000e+00,-1.000000000000000000e+00,-1.000000000000000000e+00,-1.000000000000000000e+00,-1.000000000000000000e+00,-1.000000000000000000e+00,-1.000000000000000000e+00,-1.000000000000000000e+00,-1.000000000000000000e+00,-1.000000000000000000e+00,-1.000000000000000000e+00,-1.000000000000000000e+00,-1.000000000000000000e+00,-1.000000000000000000e+00,-1.000000000000000000e+00,-1.000000000000000000e+00,-1.000000000000000000e+00,-1.000000000000000000e+00,-1.000000000000000000e+00,-1.000000000000000000e+00,-1.000000000000000000e+00,-1.000000000000000000e+00,-1.000000000000000000e+00,-1.000000000000000000e+00,-1.000000000000000000e+00,-1.000000000000000000e+00,-1.000000000000000000e+00,-1.000000000000000000e+00,-1.000000000000000000e+00,-1.000000000000000000e+00,-1.000000000000000000e+00,-1.000000000000000000e+00,-1.000000000000000000e+00,-1.000000000000000000e+00,-1.000000000000000000e+00,-1.000000000000000000e+00,-1.417163768525417034e+00,-1.417067524816723267e+00,-1.416781807210771849e+00,-1.416315284601048941e+00,-1.415680579631339642e+00,-1.414889358882544856e+00,-1.413940671899079016e+00,-1.412796690779039022e+00,-1.411336800240884148e+00,-1.409276767550764697e+00,-1.406034765276025222e+00,-1.400521519834400319e+00,-1.390830682870698665e+00,-1.373813203074814249e+00,-1.344545142058462206e+00,-1.295754911315047941e+00,-1.217377996273801832e+00,-1.096564827243514451e+00,-9.186699650339653633e-01,-6.699327318011872867e-01,-3.425340065803932355e-01,5.791056334701005781e-02,5.041070639273335097e-01,9.425921048465579766e-01,1.299319713179444946e+00,1.499070635342210522e+00,1.499070635341231750e+00,1.299319713101805718e+00,9.425921047303509326e-01,5.041070637212761163e-01,5.791056306531672249e-02,-3.425340069700720802e-01,-6.699327322550384656e-01,-9.186699655928993735e-01,-1.096564827803103714e+00,-1.217377996847711197e+00,-1.295754911818019384e+00,-1.344545142527357795e+00,-1.373813203470790612e+00,-1.390830683278231339e+00,-1.400521520202785197e+00,-1.406034765653093821e+00,-1.409276768003561386e+00,-1.411336800764312338e+00,-1.412796691392318893e+00,-1.413940672609711680e+00,-1.414889359684471160e+00,-1.415680580524506293e+00,-1.416315285590047157e+00,-1.416781808266321496e+00,-1.417067525895753022e+00,-1.417163769620100267e+00,-1.000000000000000000e+00,-1.000000000000000000e+00,-1.000000000000000000e+00,-1.000000000000000000e+00,-1.000000000000000000e+00,-1.000000000000000000e+00,-1.000000000000000000e+00,-1.000000000000000000e+00,-1.000000000000000000e+00,-1.000000000000000000e+00,-1.000000000000000000e+00,-1.000000000000000000e+00,-1.000000000000000000e+00,-1.000000000000000000e+00,-1.000000000000000000e+00,-1.000000000000000000e+00,-1.000000000000000000e+00,-1.000000000000000000e+00,-1.000000000000000000e+00,-1.000000000000000000e+00,-1.000000000000000000e+00,-1.000000000000000000e+00,-1.000000000000000000e+00,-1.000000000000000000e+00,-1.000000000000000000e+00,-1.000000000000000000e+00,-1.000000000000000000e+00,-1.000000000000000000e+00,-1.000000000000000000e+00,-1.000000000000000000e+00,-1.000000000000000000e+00,-1.000000000000000000e+00,-1.000000000000000000e+00,-1.000000000000000000e+00,-1.000000000000000000e+00,-1.000000000000000000e+00,-1.000000000000000000e+00,-1.000000000000000000e+00,-1.000000000000000000e+00,-1.000000000000000000e+00,-1.000000000000000000e+00,-1.000000000000000000e+00,-1.000000000000000000e+00,-1.000000000000000000e+00,-1.000000000000000000e+00,-1.000000000000000000e+00
-1.000000000000000000e+00,-1.000000000000000000e+00,-1.000000000000000000e+00,-1.000000000000000000e+00,-1.000000000000000000e+00,-1.000000000000000000e+00,-1.000000000000000000e+00,-1.000000000000000000e+00,-1.000000000000000000e+00,-1.000000000000000000e+00,-1.000000000000000000e+00,-1.000000000000000000e+00,-1.000000000000000000e+00,-1.000000000000000000e+00,-1.000000000000000000e+00,-1.000000000000000000e+00,-1.000000000000000000e+00,-1.000000000000000000e+00,-1.000000000000000000e+00,-1.000000000000000000e+00,-1.000000000000000000e+00,-1.000000000000000000e+00,-1.000000000000000000e+00,-1.000000000000000000e+00,-1.000000000000000000e+00,-1.000000000000000000e+00,-1.000000000000000000e+00,-1.000000000000000000e+00,-1.000000000000000000e+00,-1.000000000000000000e+00,-1.000000000000000000e+00,-1.000000000000000000e+00,-1.000000000000000000e+00,-1.000000000000000000e+00,-1.000000000000000000e+00,-1.000000000000000000e+00,-1.000000000000000000e+00,-1.000000000000000000e+00,-1.000000000000000000e+00,-1.000000000000000000e+00,-1.000000000000000000e+00,-1.000000000000000000e+00,-1.000000000000000000e+00,-1.000000000000000000e+00,-1.000000000000000000e+00,-1.000000000000000000e+00,-1.415299092911134426e+00,-1.415132459549148791e+00,-1.414637085160670660e+00,-1.413826517893608470e+00,-1.412722563383390195e+00,-1.411351641911958943e+00,-1.409734328855943852e+00,-1.407861770382534461e+00,-1.405649496263274401e+00,-1.402855075444900956e+00,-1.398941351267216415e+00,-1.392862794467236487e+00,-1.382751620942122228e+00,-1.365488179962454751e+00,-1.336165782754178855e+00,-1.287516475443033270e+00,-1.209465987340695214e+00,-1.089143251283145819e+00,-9.118720232433235040e-01,-6.638538787809319386e-01,-3.372265220594264923e-01,6.244266172893175870e-02,5.079133269075268853e-01,9.457799503142882980e-01,1.302054183723053704e+00,1.501565108768653012e+00,1.501565108774061130e+00,1.302054183684418387e+00,9.457799502459485197e-01,5.079133267728079826e-01,6.244266151381827612e-02,-3.372265223811894419e-01,-6.638538791820585150e-01,-9.118720237494963854e-01,-1.089143251817825897e+00,-1.209465987915888885e+00,-1.287516475976283381e+00,-1.336165783250177874e+00,-1.365488180370211246e+00,-1.382751621359391780e+00,-1.392862794807248061e+00,-1.398941351633054664e+00,-1.402855075834943399e+00,-1.405649496752468641e+00,-1.407861770990989747e+00,-1.409734329562663424e+00,-1.411351642725043432e+00,-1.412722564346502452e+00,-1.413826518940887178e+00,-1.414637086284799672e+00,-1.415132460751025389e+00,-1.415299094166371896e+00,-1.000000000000000000e+00,-1.000000000000000000e+00,-1.000000000000000000e+00,-1.000000000000000000e+00,-1.000000000000000000e+00,-1.000000000000000000e+00,-1.000000000000000000e+00,-1.000000000000000000e+00,-1.000000000000000000e+00,-1.000000000000000000e+00,-1.000000000000000000e+00,-1.000000000000000000e+00,-1.000000000000000000e+00,-1.000000000000000000e+00,-1.000000000000000000e+00,-1.000000000000000000e+00,-1.000000000000000000e+00,-1.000000000000000000e+00,-1.000000000000000000e+00,-1.000000000000000000e+00,-1.000000000000000000e+00,-1.000000000000000000e+00,-1.000000000000000000e+00,-1.000000000000000000e+00,-1.000000000000000000e+00,-1.000000000000000000e+00,-1.000000000000000000e+00,-1.000000000000000000e+00,-1.000000000000000000e+00,-1.000000000000000000e+00,-1.000000000000000000e+00,-1.000000000000000000e+00,-1.000000000000000000e+00,-1.000000000000000000e+00,-1.000000000000000000e+00,-1.000000000000000000e+00,-1.000000000000000000e+00,-1.000000000000000000e+00,-1.000000000000000000e+00,-1.000000000000000000e+00,-1.000000000000000000e+00,-1.000000000000000000e+00,-1.000000000000000000e+00,-1.000000000000000000e+00,-1.000000000000000000e+00,-1.000000000000000000e+00
-1.000000000000000000e+00,-1.000000000000000000e+00,-1.000000000000000000e+00,-1.000000000000000000e+00,-1.000000000000000000e+00,-1.000000000000000000e+00,-1.000000000000000000e+00,-1.000000000000000000e+00,-1.000000000000000000e+00,-1.000000000000000000e+00,-1.000000000000000000e+00,-1.000000000000000000e+00,-1.000000000000000000e+00,-1.000000000000000000e+00,-1.000000000000000000e+00,-1.000000000000000000e+00,-1.000000000000000000e+00,-1.000000000000000000e+00,-1.000000000000000000e+00,-1.000000000000000000e+00,-1.000000000000000000e+00,-1.000000000000000000e+00,-1.000000000000000000e+00,-1.000000000000000000e+00,-1.000000000000000000e+00,-1.000000000000000000e+00,-1.000000000000000000e+00,-1.000000000000000000e+00,-1.000000000000000000e+00,-1.000000000000000000e+00,-1.000000000000000000e+00,-1.000000000000000000e+00,-1.000000000000000000e+00,-1.000000000000000000e+00,-1.000000000000000000e+00,-1.000000000000000000e+00,-1.000000000000000000e+00,-1.000000000000000000e+00,-1.000000000000000000e+00,-1.000000000000000000e+00,-1.000000000000000000e+00,-1.000000000000000000e+00,-1.000000000000000000e+00,-1.000000000000000000e+00,-1.000000000000000000e+00,-1.000000000000000000e+00,-1.412687237417779462e+00,-1.412421170259117176e+00,-1.411629379574055987e+00,-1.410331607899548256e+00,-1.408561643124121465e+00,-1.406365693347023438e+00,-1.403793879869870587e+00,-1.400877835515508041e+00,-1.397584271562142266e+00,-1.393730515303237549e+00,-1.388843684868498851e+00,-1.381941429520829656e+00,-1.371211704550131971e+00,-1.353577182145313751e+00,-1.324155565733815765e+00,-1.275683110985370572e+00,-1.198069855276874707e+00,-1.078411613275908509e+00,-9.019854131998288338e-01,-6.549365213401271424e-01,-3.293399379984722763e-01,6.930423031016408331e-02,5.138265370131258614e-01,9.508941100734955576e-01,1.306587848164986188e+00,1.505793178950163291e+00,1.505793178931074561e+00,1.306587848100666971e+00,9.508941099546619480e-01,5.138265368431698121e-01,6.930423006349695214e-02,-3.293399383344753906e-01,-6.549365217636111680e-01,-9.019854137253549009e-01,-1.078411613854831641e+00,-1.198069855887057278e+00,-1.275683111574159811e+00,-1.324155566280189156e+00,-1.353577182611493956e+00,-1.371211704997078451e+00,-1.381941429872771243e+00,-1.388843685246785142e+00,-1.393730515661844027e+00,-1.397584272018077112e+00,-1.400877836052980996e+00,-1.403793880530061156e+00,-1.406365694152397872e+00,-1.408561644073795804e+00,-1.410331608954324079e+00,-1.411629380763141040e+00,-1.412421171522425078e+00,-1.412687238716809013e+00,-1.000000000000000000e+00,-1.000000000000000000e+00,-1.000000000000000000e+00,-1.000000000000000000e+00,-1.000000000000000000e+00,-1.000000000000000000e+00,-1.000000000000000000e+00,-1.000000000000000000e+00,-1.000000000000000000e+00,-1.000000000000000000e+00,-1.000000000000000000e+00,-1.000000000000000000e+00,-1.000000000000000000e+00,-1.000000000000000000e+00,-1.000000000000000000e+00,-1.000000000000000000e+00,-1.000000000000000000e+00,-1.000000000000000000e+00,-1.000000000000000000e+00,-1.000000000000000000e+00,-1.000000000000000000e+00,-1.000000000000000000e+00,-1.000000000000000000e+00,-1.000000000000000000e+00,-1.000000000000000000e+00,-1.000000000000000000e+00,-1.000000000000000000e+00,-1.000000000000000000e+00,-1.000000000000000000e+00,-1.000000000000000000e+00,-1.000000000000000000e+00,-1.000000000000000000e+00,-1.000000000000000000e+00,-1.000000000000000000e+00,-1.000000000000000000e+00,-1.000000000000000000e+00,-1.000000000000000000e+00,-1.000000000000000000e+00,-1.000000000000000000e+00,-1.000000000000000000e+00,-1.000000000000000000e+00,-1.000000000000000000e+00,-1.000000000000000000e+00,-1.000000000000000000e+00,-1.000000000000000000e+00,-1.000000000000000000e+00
-1.000000000000000000e+00,-1.000000000000000000e+00,-1.000000000000000000e+00,-1.000000000000000000e+00,-1.000000000000000000e+00,-1.000000000000000000e+00,-1.000000000000000000e+00,-1.000000000000000000e+00,-1.000000000000000000e+00,-1.000000000000000000e+00,-1.000000000000000000e+00,-1.000000000000000000e+00,-1.000000000000000000e+00,-1.000000000000000000e+00,-1.000000000000000000e+00,-1.000000000000000000e+00,-1.000000000000000000e+00,-1.000000000000000000e+00,-1.000000000000000000e+00,-1.000000000000000000e+00,-1.000000000000000000e+00,-1.000000000000000000e+00,-1.000000000000000000e+00,-1.000000000000000000e+00,-1.000000000000000000e+00,-1.000000000000000000e+00,-1.000000000000000000e+00,-1.000000000000000000e+00,-1.000000000000000000e+00,-1.000000000000000000e+00,-1.000000000000000000e+00,-1.000000000000000000e+00,-1.000000000000000000e+00,-1.000000000000000000e+00,-1.000000000000000000e+00,-1.000000000000000000e+00,-1.000000000000000000e+00,-1.000000000000000000e+00,-1.000000000000000000e+00,-1.000000000000000000e+00,-1.000000000000000000e+00,-1.000000000000000000e+00,-1.000000000000000000e+00,-1.000000000000000000e+00,-1.000000000000000000e+00,-1.000000000000000000e+00,-1.409146111791142131e+00,-1.408742033644652558e+00,-1.407538489240320878e+00,-1.405562880445746066e+00,-1.402864292087432574e+00,-1.399514965852909132e+00,-1.395604836171342455e+00,-1.391221064896908777e+00,-1.386401454515121534e+00,-1.381047076943908269e+00,-1.374775667875444807e+00,-1.366694279278555246e+00,-1.355069863366029859e+00,-1.336884996984719631e+00,-1.307291625132060320e+00,-1.259031291383710727e+00,-1.181990748159916116e+00,-1.063217535825551785e+00,-8.879210525428276046e-01,-6.421657722095117649e-01,-3.179381099182722048e-01,7.935443118481355640e-02,5.226364803997192165e-01,9.586676416697552661e-01,1.313613658586212374e+00,1.512427049602791396e+00,1.512427049553974445e+00,1.313613658481974422e+00,9.586676414741917007e-01,5.226364801607064070e-01,7.935443086959037551e-02,-3.179381102930927128e-01,-6.421657726654452780e-01,-8.879210530869550144e-01,-1.063217536444459821e+00,-1.181990748809888636e+00,-1.259031292037010807e+00,-1.307291625742328600e+00,-1.336884997547137743e+00,-1.355069863886241510e+00,-1.366694279705692239e+00,-1.374775668293862996e+00,-1.381047077341081453e+00,-1.386401454997664207e+00,-1.391221065402892254e+00,-1.395604836803159499e+00,-1.399514966630624357e+00,-1.402864292996190754e+00,-1.405562881498767069e+00,-1.407538490442095558e+00,-1.408742034897215722e+00,-1.409146113063622474e+00,-1.000000000000000000e+00,-1.000000000000000000e+00,-1.000000000000000000e+00,-1.000000000000000000e+00,-1.000000000000000000e+00,-1.000000000000000000e+00,-1.000000000000000000e+00,-1.000000000000000000e+00,-1.000000000000000000e+00,-1.000000000000000000e+00,-1.000000000000000000e+00,-1.000000000000000000e+00,-1.000000000000000000e+00,-1.000000000000000000e+00,-1.000000000000000000e+00,-1.000000000000000000e+00,-1.000000000000000000e+00,-1.000000000000000000e+00,-1.000000000000000000e+00,-1.000000000000000000e+00,-1.000000000000000000e+00,-1.000000000000000000e+00,-1.000000000000000000e+00,-1.000000000000000000e+00,-1.000000000000000000e+00,-1.000000000000000000e+00,-1.000000000000000000e+00,-1.000000000000000000e+00,-1.000000000000000000e+00,-1.000000000000000000e+00,-1.000000000000000000e+00,-1.000000000000000000e+00,-1.000000000000000000e+00,-1.000000000000000000e+00,-1.000000000000000000e+00,-1.000000000000000000e+00,-1.000000000000000000e+00,-1.000000000000000000e+00,-1.000000000000000000e+00,-1.000000000000000000e+00,-1.000000000000000000e+00,-1.000000000000000000e+00,-1.000000000000000000e+00,-1.000000000000000000e+00,-1.000000000000000000e+00,-1.000000000000000000e+00
-1.000000000000000000e+00,-1.000000000000000000e+00,-1.000000000000000000e+00,-1.000000000000000000e+00,-1.000000000000000000e+00,-1.000000000000000000e+00,-1.000000000000000000e+00,-1.000000000000000000e+00,-1.000000000000000000e+00,-1.000000000000000000e+00,-1.000000000000000000e+00,-1.000000000000000000e+00,-1.000000000000000000e+00,-1.000000000000000000e+00,-1.000000000000000000e+00,-1.000000000000000000e+00,-1.000000000000000000e+00,-1.000000000000000000e+00,-1.000000000000000000e+00,-1.000000000000000000e+00,-1.000000000000000000e+00,-1.000000000000000000e+00,-1.000000000000000000e+00,-1.000000000000000000e+00,-1.000000000000000000e+00,-1.000000000000000000e+00,-1.000000000000000000e+00,-1.000000000000000000e+00,-1.000000000000000000e+00,-1.000000000000000000e+00,-1.000000000000000000e+00,-1.000000000000000000e+00,-1.000000000000000000e+00,-1.000000000000000000e+00,-1.000000000000000000e+00,-1.000000000000000000e+00,-1.000000000000000000e+00,-1.000000000000000000e+00,-1.000000000000000000e+00,-1.000000000000000000e+00,-1.000000000000000000e+00,-1.000000000000000000e+00,-1.000000000000000000e+00,-1.000000000000000000e+00,-1.000000000000000000e+00,-1.000000000000000000e+00,-1.404478723709661203e+00,-1.403886858032532547e+00,-1.402122616302121871e+00,-1.399222606798062873e+00,-1.395254993450925518e+00,-1.390325560649698478e+00,-1.384576800455569856e+00,-1.378170441984681416e+00,-1.371240882530423644e+00,-1.363803899919434404e+00,-1.355602023672864753e+00,-1.345865855495432584e+00,-1.332971727411819574e+00,-1.313985201656950874e+00,-1.284105590979981226e+00,-1.236081606350052153e+00,-1.159767530252088008e+00,-1.042143810527726089e+00,-8.683260260320535551e-01,-6.242669485525179640e-01,-3.018314508100067295e-01,9.369812875528582552e-02,5.353705890636102360e-01,9.700639786973415113e-01,1.324049457214078629e+00,1.522360868020748992e+00,1.522360867948588936e+00,1.324049457071563296e+00,9.700639784396856147e-01,5.353705887787065798e-01,9.369812839585156539e-02,-3.018314511982037596e-01,-6.242669490079959527e-01,-8.683260265344587836e-01,-1.042143811091259753e+00,-1.159767530848572648e+00,-1.236081606969029911e+00,-1.284105591551900627e+00,-1.313985202214170034e+00,-1.332971727933486950e+00,-1.345865855973428893e+00,-1.355602024114678894e+00,-1.363803900348827369e+00,-1.371240883015633738e+00,-1.378170442508265481e+00,-1.384576801106821797e+00,-1.390325561438779056e+00,-1.395254994413457794e+00,-1.399222607929109907e+00,-1.402122617565890295e+00,-1.403886859391515030e+00,-1.404478725104383763e+00,-1.000000000000000000e+00,-1.000000000000000000e+00,-1.000000000000000000e+00,-1.000000000000000000e+00,-1.000000000000000000e+00,-1.000000000000000000e+00,-1.000000000000000000e+00,-1.000000000000000000e+00,-1.000000000000000000e+00,-1.000000000000000000e+00,-1.000000000000000000e+00,-1.000000000000000000e+00,-1.000000000000000000e+00,-1.000000000000000000e+00,-1.000000000000000000e+00,-1.000000000000000000e+00,-1.000000000000000000e+00,-1.000000000000000000e+00,-1.000000000000000000e+00,-1.000000000000000000e+00,-1.000000000000000000e+00,-1.000000000000000000e+00,-1.000000000000000000e+00,-1.000000000000000000e+00,-1.000000000000000000e+00,-1.000000000000000000e+00,-1.000000000000000000e+00,-1.000000000000000000e+00,-1.000000000000000000e+00,-1.000000000000000000e+00,-1.000000000000000000e+00,-1.000000000000000000e+00,-1.000000000000000000e+00,-1.000000000000000000e+00,-1.000000000000000000e+00,-1.000000000000000000e+00,-1.000000000000000000e+00,-1.000000000000000000e+00,-1.000000000000000000e+00,-1.000000000000000000e+00,-1.000000000000000000e+00,-1.000000000000000000e+00,-1.000000000000000000e+00,-1.000000000000000000e+00,-1.000000000000000000e+00,-1.000000000000000000e+00
-1.000000000000000000e+00,-1.000000000000000000e+00,-1.000000000000000000e+00,-1.000000000000000000e+00,-1.000000000000000000e+00,-1.000000000000000000e+00,-1.000000000000000000e+00,-1.000000000000000000e+00,-1.000000000000000000e+00,-1.000000000000000000e+00,-1.000000000000000000e+00,-1.000000000000000000e+00,-1.000000000000000000e+00,-1.000000000000000000e+00,-1.000000000000000000e+00,-1.000000000000000000e+00,-1.000000000000000000e+00,-1.000000000000000000e+00,-1.000000000000000000e+00,-1.000000000000000000e+00,-1.000000000000000000e+00,-1.000000000000000000e+00,-1.000000000000000000e+00,-1.000000000000000000e+00,-1.000000000000000000e+00,-1.000000000000000000e+00,-1.000000000000000000e+00,-1.000000000000000000e+00,-1.000000000000000000e+00,-1.000000000000000000e+00,-1.000000000000000000e+00,-1.000000000000000000e+00,-1.000000000000000000e+00,-1.000000000000000000e+00,-1.000000000000000000e+00,-1.000000000000000000e+00,-1.000000000000000000e+00,-1.000000000000000000e+00,-1.000000000000000000e+00,-1.000000000000000000e+00,-1.000000000000000000e+00,-1.000000000000000000e+00,-1.000000000000000000e+00,-1.000000000000000000e+00,-1.000000000000000000e+00,-1.000000000000000000e+00,-1.398487386730805415e+00,-1.397645621741142818e+00,-1.395134685257625184e+00,-1.391001918868707943e+00,-1.385338695794329888e+00,-1.378293038774618839e+00,-1.370075241382943565e+00,-1.360944792284301208e+00,-1.351164089505989541e+00,-1.340902003891365046e+00,-1.330068435394436088e+00,-1.318060242071725785e+00,-1.303401280477632707e+00,-1.283269238252570776e+00,-1.252927648381567671e+00,-1.205135449301051320e+00,-1.129704065850162031e+00,-1.013524810315254987e+00,-8.415883971037109168e-01,-5.996988523313746544e-01,-2.795594834376950999e-01,1.137126911831203291e-01,5.533283572023646180e-01,9.863170531373068872e-01,1.339081865661616799e+00,1.536756478903994250e+00,1.536756478817618454e+00,1.339081865478434441e+00,9.863170528225759792e-01,5.533283568679632225e-01,1.137126907874943527e-01,-2.795594838203526722e-01,-5.996988527614031117e-01,-8.415883975449854892e-01,-1.013524810792280739e+00,-1.129704066341031377e+00,-1.205135449810957438e+00,-1.252927648855208576e+00,-1.283269238742354990e+00,-1.303401280932017681e+00,-1.318060242527780090e+00,-1.330068435837769458e+00,-1.340902004362211297e+00,-1.351164089991431005e+00,-1.360944792847280205e+00,-1.370075242056856268e+00,-1.378293039594064906e+00,-1.385338696841589279e+00,-1.391001920112274970e+00,-1.395134686671275048e+00,-1.397645623318353847e+00,-1.398487388346371318e+00,-1.000000000000000000e+00,-1.000000000000000000e+00,-1.000000000000000000e+00,-1.000000000000000000e+00,-1.000000000000000000e+00,-1.000000000000000000e+00,-1.000000000000000000e+00,-1.000000000000000000e+00,-1.000000000000000000e+00,-1.000000000000000000e+00,-1.000000000000000000e+00,-1.000000000000000000e+00,-1.000000000000000000e+00,-1.000000000000000000e+00,-1.000000000000000000e+00,-1.000000000000000000e+00,-1.000000000000000000e+00,-1.000000000000000000e+00,-1.000000000000000000e+00,-1.000000000000000000e+00,-1.000000000000000000e+00,-1.000000000000000000e+00,-1.000000000000000000e+00,-1.000000000000000000e+00,-1.000000000000000000e+00,-1.000000000000000000e+00,-1.000000000000000000e+00,-1.000000000000000000e+00,-1.000000000000000000e+00,-1.000000000000000000e+00,-1.000000000000000000e+00,-1.000000000000000000e+00,-1.000000000000000000e+00,-1.000000000000000000e+00,-1.000000000000000000e+00,-1.000000000000000000e+00,-1.000000000000000000e+00,-1.000000000000000000e+00,-1.000000000000000000e+00,-1.000000000000000000e+00,-1.000000000000000000e+00,-1.000000000000000000e+00,-1.000000000000000000e+00,-1.000000000000000000e+00,-1.000000000000000000e+00,-1.000000000000000000e+00
-1.000000000000000000e+00,-1.000000000000000000e+00,-1.000000000000000000e+00,-1.000000000000000000e+00,-1.000000000000000000e+00,-1.000000000000000000e+00,-1.000000000000000000e+00,-1.000000000000000000e+00,-1.000000000000000000e+00,-1.000000000000000000e+00,-1.000000000000000000e+00,-1.000000000000000000e+00,-1.000000000000000000e+00,-1.000000000000000000e+00,-1.000000000000000000e+00,-1.000000000000000000e+00,-1.000000000000000000e+00,-1.000000000000000000e+00,-1.000000000000000000e+00,-1.000000000000000000e+00,-1.000000000000000000e+00,-1.000000000000000000e+00,-1.000000000000000000e+00,-1.000000000000000000e+00,-1.000000000000000000e+00,-1.000000000000000000e+00,-1.000000000000000000e+00,-1.000000000000000000e+00,-1.000000000000000000e+00,-1.000000000000000000e+00,-1.000000000000000000e+00,-1.000000000000000000e+00,-1.000000000000000000e+00,-1.000000000000000000e+00,-1.000000000000000000e+00,-1.000000000000000000e+00,-1.000000000000000000e+00,-1.000000000000000000e+00,-1.000000000000000000e+00,-1.000000000000000000e+00,-1.000000000000000000e+00,-1.000000000000000000e+00,-1.000000000000000000e+00,-1.000000000000000000e+00,-1.000000000000000000e+00,-1.000000000000000000e+00,-1.390995993839905243e+00,-1.389829790845401369e+00,-1.386348780922508128e+00,-1.380612401285924662e+00,-1.372739492846080323e+00,-1.362929913954706196e+00,-1.351479155559403234e+00,-1.338771400187979133e+00,-1.325233890007626147e+00,-1.311233935519662275e+00,-1.296899410718341805e+00,-1.281844512882093667e+00,-1.264786561489653849e+00,-1.243050744896855075e+00,-1.211985653514945360e+00,-1.164365114433530302e+00,-1.089946854937820175e+00,-9.755089478317983120e-01,-8.058828079702134994e-01,-5.666820270803335502e-01,-2.494024447709364267e-01,1.410513450576826866e-01,5.780972214502946294e-01,1.008956801780154677e+00,1.360198278469632260e+00,1.557078673026410343e+00,1.557078672941066166e+00,1.360198278265887240e+00,1.008956801441096562e+00,5.780972210650556775e-01,1.410513446052203967e-01,-2.494024451998664293e-01,-5.666820275298640741e-01,-8.058828083945679399e-01,-9.755089482682892665e-01,-1.089946855362174061e+00,-1.164365114860049566e+00,-1.211985653919717354e+00,-1.243050745348222685e+00,-1.264786561922140784e+00,-1.281844513332929258e+00,-1.296899411173380923e+00,-1.311233936039666093e+00,-1.325233890534026404e+00,-1.338771400819663393e+00,-1.351479156295788187e+00,-1.362929914885621319e+00,-1.372739494021860907e+00,-1.380612402695908569e+00,-1.386348782571957816e+00,-1.389829792676517961e+00,-1.390995995702941634e+00,-1.000000000000000000e+00,-1.000000000000000000e+00,-1.000000000000000000e+00,-1.000000000000000000e+00,-1.000000000000000000e+00,-1.000000000000000000e+00,-1.000000000000000000e+00,-1.000000000000000000e+00,-1.000000000000000000e+00,-1.000000000000000000e+00,-1.000000000000000000e+00,-1.000000000000000000e+00,-1.000000000000000000e+00,-1.000000000000000000e+00,-1.000000000000000000e+00,-1.000000000000000000e+00,-1.000000000000000000e+00,-1.000000000000000000e+00,-1.000000000000000000e+00,-1.000000000000000000e+00,-1.000000000000000000e+00,-1.000000000000000000e+00,-1.000000000000000000e+00,-1.000000000000000000e+00,-1.000000000000000000e+00,-1.000000000000000000e+00,-1.000000000000000000e+00,-1.000000000000000000e+00,-1.000000000000000000e+00,-1.000000000000000000e+00,-1.000000000000000000e+00,-1.000000000000000000e+00,-1.000000000000000000e+00,-1.000000000000000000e+00,-1.000000000000000000e+00,-1.000000000000000000e+00,-1.000000000000000000e+00,-1.000000000000000000e+00,-1.000000000000000000e+00,-1.000000000000000000e+00,-1.000000000000000000e+00,-1.000000000000000000e+00,-1.000000000000000000e+00,-1.000000000000000000e+00,-1.000000000000000000e+00,-1.000000000000000000e+00
-1.000000000000000000e+00,-1.000000000000000000e+00,-1.000000000000000000e+00,-1.000000000000000000e+00,-1.000000000000000000e+00,-1.000000000000000000e+00,-1.000000000000000000e+00,-1.000000000000000000e+00,-1.000000000000000000e+00,-1.000000000000000000e+00,-1.000000000000000000e+00,-1.000000000000000000e+00,-1.000000000000000000e+00,-1.000000000000000000e+00,-1.000000000000000000e+00,-1.000000000000000000e+00,-1.000000000000000000e+00,-1.000000000000000000e+00,-1.000000000000000000e+00,-1.000000000000000000e+00,-1.000000000000000000e+00,-1.000000000000000000e+00,-1.000000000000000000e+00,-1.000000000000000000e+00,-1.000000000000000000e+00,-1.000000000000000000e+00,-1.000000000000000000e+00,-1.000000000000000000e+00,-1.000000000000000000e+00,-1.000000000000000000e+00,-1.000000000000000000e+00,-1.000000000000000000e+00,-1.000000000000000000e+00,-1.000000000000000000e+00,-1.000000000000000000e+00,-1.000000000000000000e+00,-1.000000000000000000e+00,-1.000000000000000000e+00,-1.000000000000000000e+00,-1.000000000000000000e+00,-1.000000000000000000e+00,-1.000000000000000000e+00,-1.000000000000000000e+00,-1.000000000000000000e+00,-1.000000000000000000e+00,-1.000000000000000000e+00,-1.381881878144755715e+00,-1.380305832005622957e+00,-1.375598587209689860e+00,-1.367832659701196496e+00,-1.357158375178142196e+00,-1.343837318412617998e+00,-1.328268781186787262e+00,-1.310990967647982730e+00,-1.292636516017159565e+00,-1.273821562364620297e+00,-1.254948840012905409e+00,-1.235908177172700073e+00,-1.215663652976537223e+00,-1.191729604404580423e+00,-1.159564653764402875e+00,-1.111964110405835759e+00,-1.038621620765878939e+00,-9.261776329901120208e-01,-7.592690028860510365e-01,-5.232754808396246071e-01,-2.094363930624656422e-01,1.776080542429097076e-01,6.115346068332527807e-01,1.039804693279869241e+00,1.389191627392408979e+00,1.585104635767813797e+00,1.585104635676806151e+00,1.389191627142121632e+00,1.039804692901009631e+00,6.115346063821498479e-01,1.776080537436799389e-01,-2.094363935530626497e-01,-5.232754813291100593e-01,-7.592690033238084224e-01,-9.261776334204906425e-01,-1.038621621170984000e+00,-1.111964110796876737e+00,-1.159564654119654703e+00,-1.191729604796019526e+00,-1.215663653389534415e+00,-1.235908177653522566e+00,-1.254948840531277865e+00,-1.273821562972668131e+00,-1.292636516677080127e+00,-1.310990968430312265e+00,-1.328268782089146116e+00,-1.343837319568120137e+00,-1.357158376587124238e+00,-1.367832661397550664e+00,-1.375598589187633669e+00,-1.380305834155390432e+00,-1.381881880340751101e+00,-1.000000000000000000e+00,-1.000000000000000000e+00,-1.000000000000000000e+00,-1.000000000000000000e+00,-1.000000000000000000e+00,-1.000000000000000000e+00,-1.000000000000000000e+00,-1.000000000000000000e+00,-1.000000000000000000e+00,-1.000000000000000000e+00,-1.000000000000000000e+00,-1.000000000000000000e+00,-1.000000000000000000e+00,-1.000000000000000000e+00,-1.000000000000000000e+00,-1.000000000000000000e+00,-1.000000000000000000e+00,-1.000000000000000000e+00,-1.000000000000000000e+00,-1.000000000000000000e+00,-1.000000000000000000e+00,-1.000000000000000000e+00,-1.000000000000000000e+00,-1.000000000000000000e+00,-1.000000000000000000e+00,-1.000000000000000000e+00,-1.000000000000000000e+00,-1.000000000000000000e+00,-1.000000000000000000e+00,-1.000000000000000000e+00,-1.000000000000000000e+00,-1.000000000000000000e+00,-1.000000000000000000e+00,-1.000000000000000000e+00,-1.000000000000000000e+00,-1.000000000000000000e+00,-1.000000000000000000e+00,-1.000000000000000000e+00,-1.000000000000000000e+00,-1.000000000000000000e+00,-1.000000000000000000e+00,-1.000000000000000000e+00,-1.000000000000000000e+00,-1.000000000000000000e+00,-1.000000000000000000e+00,-1.000000000000000000e+00
-1.000000000000000000e+00,-1.000000000000000000e+00,-1.000000000000000000e+00,-1.000000000000000000e+00,-1.000000000000000000e+00,-1.000000000000000000e+00,-1.000000000000000000e+00,-1.000000000000000000e+00,-1.000000000000000000e+00,-1.000000000000000000e+00,-1.000000000000000000e+00,-1.000000000000000000e+00,-1.000000000000000000e+00,-1.000000000000000000e+00,-1.000000000000000000e+00,-1.000000000000000000e+00,-1.000000000000000000e+00,-1.000000000000000000e+00,-1.000000000000000000e+00,-1.000000000000000000e+00,-1.000000000000000000e+00,-1.000000000000000000e+00,-1.000000000000000000e+00,-1.000000000000000000e+00,-1.000000000000000000e+00,-1.000000000000000000e+00,-1.000000000000000000e+00,-1.000000000000000000e+00,-1.000000000000000000e+00,-1.000000000000000000e+00,-1.000000000000000000e+00,-1.000000000000000000e+00,-1.000000000000000000e+00,-1.000000000000000000e+00,-1.000000000000000000e+00,-1.000000000000000000e+00,-1.000000000000000000e+00,-1.000000000000000000e+00,-1.000000000000000000e+00,-1.000000000000000000e+00,-1.000000000000000000e+00,-1.000000000000000000e+00,-1.000000000000000000e+00,-1.000000000000000000e+00,-1.000000000000000000e+00,-1.000000000000000000e+00,-1.371121985621612582e+00,-1.369043717990698905e+00,-1.362832732589088769e+00,-1.352574809061806160e+00,-1.338454925726464850e+00,-1.320805494020100390e+00,-1.300147558852695617e+00,-1.277202248141395602e+00,-1.252848135875655355e+00,-1.228001478726457263e+00,-1.203399497984661615e+00,-1.179271342219150975e+00,-1.154888752122067874e+00,-1.128004304288885429e+00,-1.094216303504632393e+00,-1.046349898427547886e+00,-9.740249698803550293e-01,-8.637213153286046330e-01,-6.998483497570577860e-01,-4.675110817363765658e-01,-1.576445584363155294e-01,2.254283509580832234e-01,6.556984393352647267e-01,1.080920089254353567e+00,1.428117797613144280e+00,1.622887029605232900e+00,1.622887029531618452e+00,1.428117797369414355e+00,1.080920088898960074e+00,6.556984388656659224e-01,2.254283504635306024e-01,-1.576445589475155007e-01,-4.675110822256952625e-01,-6.998483501847410082e-01,-8.637213157166033772e-01,-9.740249702259035081e-01,-1.046349898754139751e+00,-1.094216303820688685e+00,-1.128004304642438838e+00,-1.154888752512139849e+00,-1.179271342706897263e+00,-1.203399498561325665e+00,-1.228001479417253128e+00,-1.252848136690617675e+00,-1.277202249121030642e+00,-1.300147560021473581e+00,-1.320805495488965864e+00,-1.338454927491620872e+00,-1.352574811157220891e+00,-1.362832734958124181e+00,-1.369043720537999498e+00,-1.371121988234432543e+00,-1.000000000000000000e+00,-1.000000000000000000e+00,-1.000000000000000000e+00,-1.000000000000000000e+00,-1.000000000000000000e+00,-1.000000000000000000e+00,-1.000000000000000000e+00,-1.000000000000000000e+00,-1.000000000000000000e+00,-1.000000000000000000e+00,-1.000000000000000000e+00,-1.000000000000000000e+00,-1.000000000000000000e+00,-1.000000000000000000e+00,-1.000000000000000000e+00,-1.000000000000000000e+00,-1.000000000000000000e+00,-1.000000000000000000e+00,-1.000000000000000000e+00,-1.000000000000000000e+00,-1.000000000000000000e+00,-1.000000000000000000e+00,-1.000000000000000000e+00,-1.000000000000000000e+00,-1.000000000000000000e+00,-1.000000000000000000e+00,-1.000000000000000000e+00,-1.000000000000000000e+00,-1.000000000000000000e+00,-1.000000000000000000e+00,-1.000000000000000000e+00,-1.000000000000000000e+00,-1.000000000000000000e+00,-1.000000000000000000e+00,-1.000000000000000000e+00,-1.000000000000000000e+00,-1.000000000000000000e+00,-1.000000000000000000e+00,-1.000000000000000000e+00,-1.000000000000000000e+00,-1.000000000000000000e+00,-1.000000000000000000e+00,-1.000000000000000000e+00,-1.000000000000000000e+00,-1.000000000000000000e+00,-1.000000000000000000e+00
-1.000000000000000000e+00,-1.000000000000000000e+00,-1.000000000000000000e+00,-1.000000000000000000e+00,-1.000000000000000000e+00,-1.000000000000000000e+00,-1.000000000000000000e+00,-1.000000000000000000e+00,-1.000000000000000000e+00,-1.000000000000000000e+00,-1.000000000000000000e+00,-1.000000000000000000e+00,-1.000000000000000000e+00,-1.000000000000000000e+00,-1.000000000000000000e+00,-1.000000000000000000e+00,-1.000000000000000000e+00,-1.000000000000000000e+00,-1.000000000000000000e+00,-1.000000000000000000e+00,-1.000000000000000000e+00,-1.000000000000000000e+00,-1.000000000000000000e+00,-1.000000000000000000e+00,-1.000000000000000000e+00,-1.000000000000000000e+00,-1.000000000000000000e+00,-1.000000000000000000e+00,-1.000000000000000000e+00,-1.000000000000000000e+00,-1.000000000000000000e+00,-1.000000000000000000e+00,-1.000000000000000000e+00,-1.000000000000000000e+00,-1.000000000000000000e+00,-1.000000000000000000e+00,-1.000000000000000000e+00,-1.000000000000000000e+00,-1.000000000000000000e+00,-1.000000000000000000e+00,-1.000000000000000000e+00,-1.000000000000000000e+00,-1.000000000000000000e+00,-1.000000000000000000e+00,-1.000000000000000000e+00,-1.000000000000000000e+00,-1.358875894181948096e+00,-1.356203347032802320e+00,-1.348210433417502241e+00,-1.334994271011347378e+00,-1.316775793799621397e+00,-1.293964853896465428e+00,-1.267218316124106181e+00,-1.237463477254344690e+00,-1.205858256582915677e+00,-1.173663418420090476e+00,-1.142007168848373500e+00,-1.111526263615506327e+00,-1.081873496022421222e+00,-1.051102531686038510e+00,-1.014987903218623311e+00,-9.663926061179026750e-01,-8.948509086221008157e-01,-7.866597244842293835e-01,-6.259730399020140279e-01,-3.975875634321680563e-01,-9.209347220296626446e-02,2.865518565072315837e-01,7.127071218288139054e-01,1.134474757667607747e+00,1.479180478442883473e+00,1.672644192273658792e+00,1.672644192208620151e+00,1.479180478195486259e+00,1.134474757343039819e+00,7.127071213779234693e-01,2.865518560691011629e-01,-9.209347266237799534e-02,-3.975875638434147596e-01,-6.259730402744632105e-01,-7.866597248136026899e-01,-8.948509089118715787e-01,-9.663926063505372532e-01,-1.014987903444252604e+00,-1.051102531955431019e+00,-1.081873496343181307e+00,-1.111526264056001523e+00,-1.142007169454502424e+00,-1.173663419192784607e+00,-1.205858257548436674e+00,-1.237463478450248955e+00,-1.267218317618268086e+00,-1.293964855721584151e+00,-1.316775795975001495e+00,-1.334994273504648277e+00,-1.348210436136533907e+00,-1.356203349929006041e+00,-1.358875897131393895e+00,-1.000000000000000000e+00,-1.000000000000000000e+00,-1.000000000000000000e+00,-1.000000000000000000e+00,-1.000000000000000000e+00,-1.000000000000000000e+00,-1.000000000000000000e+00,-1.000000000000000000e+00,-1.000000000000000000e+00,-1.000000000000000000e+00,-1.000000000000000000e+00,-1.000000000000000000e+00,-1.000000000000000000e+00,-1.000000000000000000e+00,-1.000000000000000000e+00,-1.000000000000000000e+00,-1.000000000000000000e+00,-1.000000000000000000e+00,-1.000000000000000000e+00,-1.000000000000000000e+00,-1.000000000000000000e+00,-1.000000000000000000e+00,-1.000000000000000000e+00,-1.000000000000000000e+00,-1.000000000000000000e+00,-1.000000000000000000e+00,-1.000000000000000000e+00,-1.000000000000000000e+00,-1.000000000000000000e+00,-1.000000000000000000e+00,-1.000000000000000000e+00,-1.000000000000000000e+00,-1.000000000000000000e+00,-1.000000000000000000e+00,-1.000000000000000000e+00,-1.000000000000000000e+00,-1.000000000000000000e+00,-1.000000000000000000e+00,-1.000000000000000000e+00,-1.000000000000000000e+00,-1.000000000000000000e+00,-1.000000000000000000e+00,-1.000000000000000000e+00,-1.000000000000000000e+00,-1.000000000000000000e+00,-1.000000000000000000e+00
-1.000000000000000000e+00,-1.000000000000000000e+00,-1.000000000000000000e+00,-1.000000000000000000e+00,-1.000000000000000000e+00,-1.000000000000000000e+00,-1.000000000000000000e+00,-1.000000000000000000e+00,-1.000000000000000000e+00,-1.000000000000000000e+00,-1.000000000000000000e+00,-1.000000000000000000e+00,-1.000000000000000000e+00,-1.000000000000000000e+00,-1.000000000000000000e+00,-1.000000000000000000e+00,-1.000000000000000000e+00,-1.000000000000000000e+00,-1.000000000000000000e+00,-1.000000000000000000e+00,-1.000000000000000000e+00,-1.000000000000000000e+00,-1.000000000000000000e+00,-1.000000000000000000e+00,-1.000000000000000000e+00,-1.000000000000000000e+00,-1.000000000000000000e+00,-1.000000000000000000e+00,-1.000000000000000000e+00,-1.000000000000000000e+00,-1.000000000000000000e+00,-1.000000000000000000e+00,-1.000000000000000000e+00,-1.000000000000000000e+00,-1.000000000000000000e+00,-1.000000000000000000e+00,-1.000000000000000000e+00,-1.000000000000000000e+00,-1.000000000000000000e+00,-1.000000000000000000e+00,-1.000000000000000000e+00,-1.000000000000000000e+00,-1.000000000000000000e+00,-1.000000000000000000e+00,-1.000000000000000000e+00,-1.000000000000000000e+00,-1.345694824490959673e+00,-1.342350718934966602e+00,-1.332333149386207394e+00,-1.315740802690608557e+00,-1.292828284047107257e+00,-1.264084930713239352e+00,-1.230308216628401174e+00,-1.192639325578149112e+00,-1.152527733406850663e+00,-1.111600993851488139e+00,-1.071422577414570032e+00,-1.033115465242028685e+00,-9.968206707697125912e-01,-9.609919269210747128e-01,-9.216295571258763530e-01,-8.716327845745677205e-01,-8.004235321906133516e-01,-6.940869944181005113e-01,-5.364981858054957975e-01,-3.121238150145158041e-01,-1.118284868487573469e-02,3.627684950110676709e-01,7.845024963294178200e-01,1.202521620838320260e+00,1.544503863802093591e+00,1.736534768259703210e+00,1.736534768207795842e+00,1.544503863573825964e+00,1.202521620565485616e+00,7.845024959386119878e-01,3.627684946458407111e-01,-1.118284908428268665e-02,-3.121238153475821564e-01,-5.364981860995333696e-01,-6.940869946481816877e-01,-8.004235324093287307e-01,-8.716327847295181064e-01,-9.216295572809437564e-01,-9.609919271139194530e-01,-9.968206710471967380e-01,-1.033115465657955312e+00,-1.071422578038119910e+00,-1.111600994702977907e+00,-1.152527734533061343e+00,-1.192639327017853468e+00,-1.230308218460817615e+00,-1.264084932893553948e+00,-1.292828286591094500e+00,-1.315740805477289666e+00,-1.332333152323917691e+00,-1.342350721985108741e+00,-1.345694827556517925e+00,-1.000000000000000000e+00,-1.000000000000000000e+00,-1.000000000000000000e+00,-1.000000000000000000e+00,-1.000000000000000000e+00,-1.000000000000000000e+00,-1.000000000000000000e+00,-1.000000000000000000e+00,-1.000000000000000000e+00,-1.000000000000000000e+00,-1.000000000000000000e+00,-1.000000000000000000e+00,-1.000000000000000000e+00,-1.000000000000000000e+00,-1.000000000000000000e+00,-1.000000000000000000e+00,-1.000000000000000000e+00,-1.000000000000000000e+00,-1.000000000000000000e+00,-1.000000000000000000e+00,-1.000000000000000000e+00,-1.000000000000000000e+00,-1.000000000000000000e+00,-1.000000000000000000e+00,-1.000000000000000000e+00,-1.000000000000000000e+00,-1.000000000000000000e+00,-1.000000000000000000e+00,-1.000000000000000000e+00,-1.000000000000000000e+00,-1.000000000000000000e+00,-1.000000000000000000e+00,-1.000000000000000000e+00,-1.000000000000000000e+00,-1.000000000000000000e+00,-1.000000000000000000e+00,-1.000000000000000000e+00,-1.000000000000000000e+00,-1.000000000000000000e+00,-1.000000000000000000e+00,-1.000000000000000000e+00,-1.000000000000000000e+00,-1.000000000000000000e+00,-1.000000000000000000e+00,-1.000000000000000000e+00,-1.000000000000000000e+00
-1.000000000000000000e+00,-1.000000000000000000e+00,-1.000000000000000000e+00,-1.000000000000000000e+00,-1.000000000000000000e+00,-1.000000000000000000e+00,-1.000000000000000000e+00,-1.000000000000000000e+00,-1.000000000000000000e+00,-1.000000000000000000e+00,-1.000000000000000000e+00,-1.000000000000000000e+00,-1.000000000000000000e+00,-1.000000000000000000e+00,-1.000000000000000000e+00,-1.000000000000000000e+00,-1.000000000000000000e+00,-1.000000000000000000e+00,-1.000000000000000000e+00,-1.000000000000000000e+00,-1.000000000000000000e+00,-1.000000000000000000e+00,-1.000000000000000000e+00,-1.000000000000000000e+00,-1.000000000000000000e+00,-1.000000000000000000e+00,-1.000000000000000000e+00,-1.000000000000000000e+00,-1.000000000000000000e+00,-1.000000000000000000e+00,-1.000000000000000000e+00,-1.000000000000000000e+00,-1.000000000000000000e+00,-1.000000000000000000e+00,-1.000000000000000000e+00,-1.000000000000000000e+00,-1.000000000000000000e+00,-1.000000000000000000e+00,-1.000000000000000000e+00,-1.000000000000000000e+00,-1.000000000000000000e+00,-1.000000000000000000e+00,-1.000000000000000000e+00,-1.000000000000000000e+00,-1.000000000000000000e+00,-1.000000000000000000e+00,-1.333129514468950116e+00,-1.329091828193517122e+00,-1.316920683788074697e+00,-1.296671917774652183e+00,-1.268625790749721594e+00,-1.233348492086546067e+00,-1.191764466755766749e+00,-1.145200343133440768e+00,-1.095357866812332270e+00,-1.044200698428552121e+00,-9.937481859149950303e-01,-9.457287459447050182e-01,-9.009820324407560310e-01,-8.585605447506142740e-01,-8.147631115704598859e-01,-7.624798800975888247e-01,-6.909384943163614512e-01,-5.859538491877671618e-01,-4.310975362559510415e-01,-2.105013852132595620e-01,8.598952565887230115e-02,4.552330874597698696e-01,8.724441786435324087e-01,1.286569401281225655e+00,1.625690740814977886e+00,1.816206135417035128e+00,1.816206135379130338e+00,1.625690740629626152e+00,1.286569401065924101e+00,8.724441783499905512e-01,4.552330872189724875e-01,8.598952539583870625e-02,-2.105013854305469723e-01,-4.310975364696130185e-01,-5.859538493546145865e-01,-6.909384944961700636e-01,-7.624798802330010616e-01,-8.147631117339327878e-01,-8.585605449230521158e-01,-9.009820327183318822e-01,-9.457287463936540073e-01,-9.937481866110323692e-01,-1.044200699424282730e+00,-1.095357868174454685e+00,-1.145200344884011345e+00,-1.191764468934563448e+00,-1.233348494604018519e+00,-1.268625793551517056e+00,-1.296671920674426381e+00,-1.316920686710919330e+00,-1.329091831076175900e+00,-1.333129517321797186e+00,-1.000000000000000000e+00,-1.000000000000000000e+00,-1.000000000000000000e+00,-1.000000000000000000e+00,-1.000000000000000000e+00,-1.000000000000000000e+00,-1.000000000000000000e+00,-1.000000000000000000e+00,-1.000000000000000000e+00,-1.000000000000000000e+00,-1.000000000000000000e+00,-1.000000000000000000e+00,-1.000000000000000000e+00,-1.000000000000000000e+00,-1.000000000000000000e+00,-1.000000000000000000e+00,-1.000000000000000000e+00,-1.000000000000000000e+00,-1.000000000000000000e+00,-1.000000000000000000e+00,-1.000000000000000000e+00,-1.000000000000000000e+00,-1.000000000000000000e+00,-1.000000000000000000e+00,-1.000000000000000000e+00,-1.000000000000000000e+00,-1.000000000000000000e+00,-1.000000000000000000e+00,-1.000000000000000000e+00,-1.000000000000000000e+00,-1.000000000000000000e+00,-1.000000000000000000e+00,-1.000000000000000000e+00,-1.000000000000000000e+00,-1.000000000000000000e+00,-1.000000000000000000e+00,-1.000000000000000000e+00,-1.000000000000000000e+00,-1.000000000000000000e+00,-1.000000000000000000e+00,-1.000000000000000000e+00,-1.000000000000000000e+00,-1.000000000000000000e+00,-1.000000000000000000e+00,-1.000000000000000000e+00,-1.000000000000000000e+00
-1.000000000000000000e+00,-1.000000000000000000e+00,-1.000000000000000000e+00,-1.000000000000000000e+00,-1.000000000000000000e+00,-1.000000000000000000e+00,-1.000000000000000000e+00,-1.000000000000000000e+00,-1.000000000000000000e+00,-1.000000000000000000e+00,-1.000000000000000000e+00,-1.000000000000000000e+00,-1.000000000000000000e+00,-1.000000000000000000e+00,-1.000000000000000000e+00,-1.000000000000000000e+00,-1.000000000000000000e+00,-1.000000000000000000e+00,-1.000000000000000000e+00,-1.000000000000000000e+00,-1.000000000000000000e+00,-1.000000000000000000e+00,-1.000000000000000000e+00,-1.000000000000000000e+00,-1.000000000000000000e+00,-1.000000000000000000e+00,-1.000000000000000000e+00,-1.000000000000000000e+00,-1.000000000000000000e+00,-1.000000000000000000e+00,-1.000000000000000000e+00,-1.000000000000000000e+00,-1.000000000000000000e+00,-1.000000000000000000e+00,-1.000000000000000000e+00,-1.000000000000000000e+00,-1.000000000000000000e+00,-1.000000000000000000e+00,-1.000000000000000000e+00,-1.000000000000000000e+00,-1.000000000000000000e+00,-1.000000000000000000e+00,-1.000000000000000000e+00,-1.000000000000000000e+00,-1.000000000000000000e+00,-1.000000000000000000e+00,-1.325320648552564151e+00,-1.320783753238593317e+00,-1.306678109100669838e+00,-1.282821629716557110e+00,-1.249513907658468703e+00,-1.207405567076435204e+00,-1.157500110519722014e+00,-1.101198493961208724e+00,-1.040298906112800736e+00,-9.769624705363987305e-01,-9.136661413101092588e-01,-8.530124328794306265e-01,-7.970406902589377562e-01,-7.458441036767429200e-01,-6.961098739358950738e-01,-6.405199445290362670e-01,-5.678628604955466841e-01,-4.635446907904787750e-01,-3.108036913942087143e-01,-9.346337467391374609e-02,1.989649792831627018e-01,5.637272768278909219e-01,9.764848148081024526e-01,1.386667945422764170e+00,1.722830783113920905e+00,1.911757680319536412e+00,1.911757680287169858e+00,1.722830782998502563e+00,1.386667945286003789e+00,9.764848146325226796e-01,5.637272767006671348e-01,1.989649791569942927e-01,-9.346337476679722478e-02,-3.108036914966283426e-01,-4.635446908988892778e-01,-5.678628606257037914e-01,-6.405199446355671622e-01,-6.961098741190900885e-01,-7.458441038852607896e-01,-7.970406905949642962e-01,-8.530124334292481514e-01,-9.136661421682328310e-01,-9.769624717540964509e-01,-1.040298907752358559e+00,-1.101198496034012653e+00,-1.157500112998109953e+00,-1.207405569836728754e+00,-1.249513910538838868e+00,-1.282821632512593624e+00,-1.306678111755162019e+00,-1.320783755694493911e+00,-1.325320650945713830e+00,-1.000000000000000000e+00,-1.000000000000000000e+00,-1.000000000000000000e+00,-1.000000000000000000e+00,-1.000000000000000000e+00,-1.000000000000000000e+00,-1.000000000000000000e+00,-1.000000000000000000e+00,-1.000000000000000000e+00,-1.000000000000000000e+00,-1.000000000000000000e+00,-1.000000000000000000e+00,-1.000000000000000000e+00,-1.000000000000000000e+00,-1.000000000000000000e+00,-1.000000000000000000e+00,-1.000000000000000000e+00,-1.000000000000000000e+00,-1.000000000000000000e+00,-1.000000000000000000e+00,-1.000000000000000000e+00,-1.000000000000000000e+00,-1.000000000000000000e+00,-1.000000000000000000e+00,-1.000000000000000000e+00,-1.000000000000000000e+00,-1.000000000000000000e+00,-1.000000000000000000e+00,-1.000000000000000000e+00,-1.000000000000000000e+00,-1.000000000000000000e+00,-1.000000000000000000e+00,-1.000000000000000000e+00,-1.000000000000000000e+00,-1.000000000000000000e+00,-1.000000000000000000e+00,-1.000000000000000000e+00,-1.000000000000000000e+00,-1.000000000000000000e+00,-1.000000000000000000e+00,-1.000000000000000000e+00,-1.000000000000000000e+00,-1.000000000000000000e+00,-1.000000000000000000e+00,-1.000000000000000000e+00,-1.000000000000000000e+00
-1.000000000000000000e+00,-1.000000000000000000e+00,-1.000000000000000000e+00,-1.000000000000000000e+00,-1.000000000000000000e+00,-1.000000000000000000e+00,-1.000000000000000000e+00,-1.000000000000000000e+00,-1.000000000000000000e+00,-1.000000000000000000e+00,-1.000000000000000000e+00,-1.000000000000000000e+00,-1.000000000000000000e+00,-1.000000000000000000e+00,-1.000000000000000000e+00,-1.000000000000000000e+00,-1.000000000000000000e+00,-1.000000000000000000e+00,-1.000000000000000000e+00,-1.000000000000000000e+00,-1.000000000000000000e+00,-1.000000000000000000e+00,-1.000000000000000000e+00,-1.000000000000000000e+00,-1.000000000000000000e+00,-1.000000000000000000e+00,-1.000000000000000000e+00,-1.000000000000000000e+00,-1.000000000000000000e+00,-1.000000000000000000e+00,-1.000000000000000000e+00,-1.000000000000000000e+00,-1.000000000000000000e+00,-1.000000000000000000e+00,-1.000000000000000000e+00,-1.000000000000000000e+00,-1.000000000000000000e+00,-1.000000000000000000e+00,-1.000000000000000000e+00,-1.000000000000000000e+00,-1.000000000000000000e+00,-1.000000000000000000e+00,-1.000000000000000000e+00,-1.000000000000000000e+00,-1.000000000000000000e+00,-1.000000000000000000e+00,-1.331996626170970588e+00,-1.328112179671343540e+00,-1.313459006440132359e+00,-1.286852158958017078e+00,-1.248710707609737902e+00,-1.199876326274430305e+00,-1.141326553298029012e+00,-1.074248129431542687e+00,-1.000156659662534420e+00,-9.211250554923932077e-01,-8.401902261495447499e-01,-7.615605576982039659e-01,-6.896556476144345416e-01,-6.265017316393417524e-01,-5.691574411492685837e-01,-5.094399252966506086e-01,-4.350549663751903662e-01,-3.307170074867478160e-01,-1.793325085502163185e-01,3.546581811716964516e-02,3.243644616966792071e-01,6.848984339745782801e-01,1.093150695574285347e+00,1.499106792212800077e+00,1.831951935054383362e+00,2.019046425228833819e+00,2.019046425202214667e+00,1.831951935050642799e+00,1.499106792216263084e+00,1.093150695606255329e+00,6.848984340381920610e-01,3.243644617666803232e-01,3.546581818334626490e-02,-1.793325084887199550e-01,-3.307170075009964183e-01,-4.350549664503056135e-01,-5.094399254031134472e-01,-5.691574413503608376e-01,-6.265017319046584099e-01,-6.896556480284574686e-01,-7.615605583550066893e-01,-8.401902271790443466e-01,-9.211250569421548517e-01,-1.000156661572284778e+00,-1.074248131788689609e+00,-1.141326555984130353e+00,-1.199876329116105200e+00,-1.248710710371683463e+00,-1.286852161440692033e+00,-1.313459008576080222e+00,-1.328112181482998366e+00,-1.331996627881679052e+00,-1.000000000000000000e+00,-1.000000000000000000e+00,-1.000000000000000000e+00,-1.000000000000000000e+00,-1.000000000000000000e+00,-1.000000000000000000e+00,-1.000000000000000000e+00,-1.000000000000000000e+00,-1.000000000000000000e+00,-1.000000000000000000e+00,-1.000000000000000000e+00,-1.000000000000000000e+00,-1.000000000000000000e+00,-1.000000000000000000e+00,-1.000000000000000000e+00,-1.000000000000000000e+00,-1.000000000000000000e+00,-1.000000000000000000e+00,-1.000000000000000000e+00,-1.000000000000000000e+00,-1.000000000000000000e+00,-1.000000000000000000e+00,-1.000000000000000000e+00,-1.000000000000000000e+00,-1.000000000000000000e+00,-1.000000000000000000e+00,-1.000000000000000000e+00,-1.000000000000000000e+00,-1.000000000000000000e+00,-1.000000000000000000e+00,-1.000000000000000000e+00,-1.000000000000000000e+00,-1.000000000000000000e+00,-1.000000000000000000e+00,-1.000000000000000000e+00,-1.000000000000000000e+00,-1.000000000000000000e+00,-1.000000000000000000e+00,-1.000000000000000000e+00,-1.000000000000000000e+00,-1.000000000000000000e+00,-1.000000000000000000e+00,-1.000000000000000000e+00,-1.000000000000000000e+00,-1.000000000000000000e+00,-1.000000000000000000e+00
-1.000000000000000000e+00,-1.000000000000000000e+00,-1.000000000000000000e+00,-1.000000000000000000e+00,-1.000000000000000000e+00,-1.000000000000000000e+00,-1.000000000000000000e+00,-1.000000000000000000e+00,-1.000000000000000000e+00,-1.000000000000000000e+00,-1.000000000000000000e+00,-1.000000000000000000e+00,-1.000000000000000000e+00,-1.000000000000000000e+00,-1.000000000000000000e+00,-1.000000000000000000e+00,-1.000000000000000000e+00,-1.000000000000000000e+00,-1.000000000000000000e+00,-1.000000000000000000e+00,-1.000000000000000000e+00,-1.000000000000000000e+00,-1.000000000000000000e+00,-1.000000000000000000e+00,-1.000000000000000000e+00,-1.000000000000000000e+00,-1.000000000000000000e+00,-1.000000000000000000e+00,-1.000000000000000000e+00,-1.000000000000000000e+00,-1.000000000000000000e+00,-1.000000000000000000e+00,-1.000000000000000000e+00,-1.000000000000000000e+00,-1.000000000000000000e+00,-1.000000000000000000e+00,-1.000000000000000000e+00,-1.000000000000000000e+00,-1.000000000000000000e+00,-1.000000000000000000e+00,-1.000000000000000000e+00,-1.000000000000000000e+00,-1.000000000000000000e+00,-1.000000000000000000e+00,-1.000000000000000000e+00,-1.000000000000000000e+00,-1.369882369562242186e+00,-1.372283049018402812e+00,-1.362442821824966011e+00,-1.335873470321080392e+00,-1.294069018037870222e+00,-1.238647635042518846e+00,-1.170400891037849611e+00,-1.089728948839622458e+00,-9.972595151038410322e-01,-8.947945246824547949e-01,-7.866701734052152784e-01,-6.805498758881263210e-01,-5.855234583774505674e-01,-5.068192474181202334e-01,-4.412107755735954484e-01,-3.778695469685504627e-01,-3.020083888220440604e-01,-1.972926327203872177e-01,-4.655573082009123453e-02,1.663582207039666638e-01,4.519597674234521190e-01,8.078261598495171114e-01,1.210428944662769624e+00,1.610546610746372398e+00,1.938485181555442249e+00,2.122758273728393430e+00,2.122758273730618761e+00,1.938485181700379201e+00,1.610546610907277465e+00,1.210428944917565364e+00,8.078261601351488519e-01,4.519597677434210592e-01,1.663582209733900363e-01,-4.655573056488371275e-02,-1.972926325714672302e-01,-3.020083887482346574e-01,-3.778695470068017537e-01,-4.412107757173319156e-01,-5.068192476909836319e-01,-5.855234588641877735e-01,-6.805498766884987560e-01,-7.866701746331745682e-01,-8.947945263626632117e-01,-9.972595172260126928e-01,-1.089728951339175911e+00,-1.170400893737943315e+00,-1.238647637728088391e+00,-1.294069020461710462e+00,-1.335873472308444221e+00,-1.362442823294808036e+00,-1.372283050100334911e+00,-1.369882370493037183e+00,-1.000000000000000000e+00,-1.000000000000000000e+00,-1.000000000000000000e+00,-1.000000000000000000e+00,-1.000000000000000000e+00,-1.000000000000000000e+00,-1.000000000000000000e+00,-1.000000000000000000e+00,-1.000000000000000000e+00,-1.000000000000000000e+00,-1.000000000000000000e+00,-1.000000000000000000e+00,-1.000000000000000000e+00,-1.000000000000000000e+00,-1.000000000000000000e+00,-1.000000000000000000e+00,-1.000000000000000000e+00,-1.000000000000000000e+00,-1.000000000000000000e+00,-1.000000000000000000e+00,-1.000000000000000000e+00,-1.000000000000000000e+00,-1.000000000000000000e+00,-1.000000000000000000e+00,-1.000000000000000000e+00,-1.000000000000000000e+00,-1.000000000000000000e+00,-1.000000000000000000e+00,-1.000000000000000000e+00,-1.000000000000000000e+00,-1.000000000000000000e+00,-1.000000000000000000e+00,-1.000000000000000000e+00,-1.000000000000000000e+00,-1.000000000000000000e+00,-1.000000000000000000e+00,-1.000000000000000000e+00,-1.000000000000000000e+00,-1.000000000000000000e+00,-1.000000000000000000e+00,-1.000000000000000000e+00,-1.000000000000000000e+00,-1.000000000000000000e+00,-1.000000000000000000e+00,-1.000000000000000000e+00,-1.000000000000000000e+00
-1.000000000000000000e+00,-1.000000000000000000e+00,-1.000000000000000000e+00,-1.000000000000000000e+00,-1.000000000000000000e+00,-1.000000000000000000e+00,-1.000000000000000000e+00,-1.000000000000000000e+00,-1.000000000000000000e+00,-1.000000000000000000e+00,-1.000000000000000000e+00,-1.000000000000000000e+00,-1.000000000000000000e+00,-1.000000000000000000e+00,-1.000000000000000000e+00,-1.000000000000000000e+00,-1.000000000000000000e+00,-1.000000000000000000e+00,-1.000000000000000000e+00,-1.000000000000000000e+00,-1.000000000000000000e+00,-1.000000000000000000e+00,-1.000000000000000000e+00,-1.000000000000000000e+00,-1.000000000000000000e+00,-1.000000000000000000e+00,-1.000000000000000000e+00,-1.000000000000000000e+00,-1.000000000000000000e+00,-1.000000000000000000e+00,-1.000000000000000000e+00,-1.000000000000000000e+00,-1.000000000000000000e+00,-1.000000000000000000e+00,-1.000000000000000000e+00,-1.000000000000000000e+00,-1.000000000000000000e+00,-1.000000000000000000e+00,-1.000000000000000000e+00,-1.000000000000000000e+00,-1.000000000000000000e+00,-1.000000000000000000e+00,-1.000000000000000000e+00,-1.000000000000000000e+00,-1.000000000000000000e+00,-1.000000000000000000e+00,-1.445284409359470779e+00,-1.481145527340615775e+00,-1.493805082553382846e+00,-1.473632349872773473e+00,-1.428998744868040571e+00,-1.364592101021736559e+00,-1.281005280702165461e+00,-1.177285381986215240e+00,-1.053170517592119326e+00,-9.114642471939302659e-01,-7.605269007731451092e-01,-6.149639658779492146e-01,-4.911954027793959954e-01,-3.978307970260858140e-01,-3.287596189360376675e-01,-2.665847748122999183e-01,-1.916459393153324697e-01,-8.688777705005712448e-02,6.364094742048864717e-02,2.747455461218941686e-01,5.558586122678759178e-01,9.040590554365932618e-01,1.296270718136864897e+00,1.684836734811488768e+00,2.002610354755911981e+00,2.180892308240204969e+00,2.180892308287627035e+00,2.002610355054037505e+00,1.684836735157626109e+00,1.296270718627133167e+00,9.040590559258845360e-01,5.558586128058307096e-01,2.747455465924895091e-01,6.364094784355556200e-02,-8.688777675998826666e-02,-1.916459390996352319e-01,-2.665847747715210936e-01,-3.287596190246028227e-01,-3.978307972778550861e-01,-4.911954032577179330e-01,-6.149639667174703339e-01,-7.605269020607569042e-01,-9.114642489493134381e-01,-1.053170519759220269e+00,-1.177285384435641014e+00,-1.281005283237027337e+00,-1.364592103393270639e+00,-1.428998746832293554e+00,-1.473632351299315690e+00,-1.493805083378615617e+00,-1.481145527753998437e+00,-1.445284409582674456e+00,-1.000000000000000000e+00,-1.000000000000000000e+00,-1.000000000000000000e+00,-1.000000000000000000e+00,-1.000000000000000000e+00,-1.000000000000000000e+00,-1.000000000000000000e+00,-1.000000000000000000e+00,-1.000000000000000000e+00,-1.000000000000000000e+00,-1.000000000000000000e+00,-1.000000000000000000e+00,-1.000000000000000000e+00,-1.000000000000000000e+00,-1.000000000000000000e+00,-1.000000000000000000e+00,-1.000000000000000000e+00,-1.000000000000000000e+00,-1.000000000000000000e+00,-1.000000000000000000e+00,-1.000000000000000000e+00,-1.000000000000000000e+00,-1.000000000000000000e+00,-1.000000000000000000e+00,-1.000000000000000000e+00,-1.000000000000000000e+00,-1.000000000000000000e+00,-1.000000000000000000e+00,-1.000000000000000000e+00,-1.000000000000000000e+00,-1.000000000000000000e+00,-1.000000000000000000e+00,-1.000000000000000000e+00,-1.000000000000000000e+00,-1.000000000000000000e+00,-1.000000000000000000e+00,-1.000000000000000000e+00,-1.000000000000000000e+00,-1.000000000000000000e+00,-1.000000000000000000e+00,-1.000000000000000000e+00,-1.000000000000000000e+00,-1.000000000000000000e+00,-1.000000000000000000e+00,-1.000000000000000000e+00,-1.000000000000000000e+00
-1.000000000000000000e+00,-1.000000000000000000e+00,-1.000000000000000000e+00,-1.000000000000000000e+00,-1.000000000000000000e+00,-1.000000000000000000e+00,-1.000000000000000000e+00,-1.000000000000000000e+00,-1.000000000000000000e+00,-1.000000000000000000e+00,-1.000000000000000000e+00,-1.000000000000000000e+00,-1.000000000000000000e+00,-1.000000000000000000e+00,-1.000000000000000000e+00,-1.000000000000000000e+00,-1.000000000000000000e+00,-1.000000000000000000e+00,-1.000000000000000000e+00,-1.000000000000000000e+00,-1.000000000000000000e+00,-1.000000000000000000e+00,-1.000000000000000000e+00,-1.000000000000000000e+00,-1.000000000000000000e+00,-1.000000000000000000e+00,-1.000000000000000000e+00,-1.000000000000000000e+00,-1.000000000000000000e+00,-1.000000000000000000e+00,-1.000000000000000000e+00,-1.000000000000000000e+00,-1.000000000000000000e+00,-1.000000000000000000e+00,-1.000000000000000000e+00,-1.000000000000000000e+00,-1.000000000000000000e+00,-1.000000000000000000e+00,-1.000000000000000000e+00,-1.000000000000000000e+00,-1.000000000000000000e+00,-1.000000000000000000e+00,-1.000000000000000000e+00,-1.000000000000000000e+00,-1.000000000000000000e+00,-1.000000000000000000e+00,-1.458792772414555072e+00,-1.661958003985898991e+00,-1.744472074722667632e+00,-1.737952063221466004e+00,-1.683707741668983848e+00,-1.595798148526374582e+00,-1.475733406460924213e+00,-1.322894252078190558e+00,-1.140147147393177018e+00,-9.372300051718605030e-01,-7.321899498152959485e-01,-5.491327398910440527e-01,-4.099064113090098438e-01,-3.215791219347688967e-01,-2.694834997770170215e-01,-2.228739112430941915e-01,-1.545395321974860625e-01,-5.052644637219050328e-02,9.978008411300298697e-02,3.073890998610913083e-01,5.789121603900109214e-01,9.098483489998501206e-01,1.278109417900636036e+00,1.639692785011759746e+00,1.933537118040746350e+00,2.097672993728730173e+00,2.097672993803779473e+00,1.933537118399796029e+00,1.639692785477287806e+00,1.278109418551582888e+00,9.098483496345448618e-01,5.789121610589564870e-01,3.073891004766022839e-01,9.978008466812560151e-02,-5.052644596163369251e-02,-1.545395318686612063e-01,-2.228739110818102054e-01,-2.694834997592867598e-01,-3.215791220983030829e-01,-4.099064116936746993e-01,-5.491327406538883960e-01,-7.321899510116492982e-01,-9.372300068179050259e-01,-1.140147149399401316e+00,-1.322894254265842395e+00,-1.475733408627535770e+00,-1.595798150444886376e+00,-1.683707743141484414e+00,-1.737952064168025279e+00,-1.744472075098981945e+00,-1.661958003933255767e+00,-1.458792772165875773e+00,-1.000000000000000000e+00,-1.000000000000000000e+00,-1.000000000000000000e+00,-1.000000000000000000e+00,-1.000000000000000000e+00,-1.000000000000000000e+00,-1.000000000000000000e+00,-1.000000000000000000e+00,-1.000000000000000000e+00,-1.000000000000000000e+00,-1.000000000000000000e+00,-1.000000000000000000e+00,-1.000000000000000000e+00,-1.000000000000000000e+00,-1.000000000000000000e+00,-1.000000000000000000e+00,-1.000000000000000000e+00,-1.000000000000000000e+00,-1.000000000000000000e+00,-1.000000000000000000e+00,-1.000000000000000000e+00,-1.000000000000000000e+00,-1.000000000000000000e+00,-1.000000000000000000e+00,-1.000000000000000000e+00,-1.000000000000000000e+00,-1.000000000000000000e+00,-1.000000000000000000e+00,-1.000000000000000000e+00,-1.000000000000000000e+00,-1.000000000000000000e+00,-1.000000000000000000e+00,-1.000000000000000000e+00,-1.000000000000000000e+00,-1.000000000000000000e+00,-1.000000000000000000e+00,-1.000000000000000000e+00,-1.000000000000000000e+00,-1.000000000000000000e+00,-1.000000000000000000e+00,-1.000000000000000000e+00,-1.000000000000000000e+00,-1.000000000000000000e+00,-1.000000000000000000e+00,-1.000000000000000000e+00,-1.000000000000000000e+00
-1.000000000000000000e+00,-1.000000000000000000e+00,-1.000000000000000000e+00,-1.000000000000000000e+00,-1.000000000000000000e+00,-1.000000000000000000e+00,-1.000000000000000000e+00,-1.000000000000000000e+00,-1.000000000000000000e+00,-1.000000000000000000e+00,-1.000000000000000000e+00,-1.000000000000000000e+00,-1.000000000000000000e+00,-1.000000000000000000e+00,-1.000000000000000000e+00,-1.000000000000000000e+00,-1.000000000000000000e+00,-1.000000000000000000e+00,-1.000000000000000000e+00,-1.000000000000000000e+00,-1.000000000000000000e+00,-1.000000000000000000e+00,-1.000000000000000000e+00,-1.000000000000000000e+00,-1.000000000000000000e+00,-1.000000000000000000e+00,-1.000000000000000000e+00,-1.000000000000000000e+00,-1.000000000000000000e+00,-1.000000000000000000e+00,-1.000000000000000000e+00,-1.000000000000000000e+00,-1.000000000000000000e+00,-1.000000000000000000e+00,-1.000000000000000000e+00,-1.000000000000000000e+00,-1.000000000000000000e+00,-1.000000000000000000e+00,-1.000000000000000000e+00,-1.000000000000000000e+00,-1.000000000000000000e+00,-1.000000000000000000e+00,-1.000000000000000000e+00,-1.000000000000000000e+00,-1.000000000000000000e+00,-1.000000000000000000e+00,-8.366546999136470486e-01,-1.890032054580584209e+00,-2.104110931991709954e+00,-2.087837651299429442e+00,-1.983651665851316803e+00,-1.821784202819166643e+00,-1.610111391004395820e+00,-1.359470588456876960e+00,-1.090080464764028534e+00,-8.296460229733725322e-01,-6.071588462336068304e-01,-4.457153762674145314e-01,-3.560091965932435931e-01,-3.311256305341877537e-01,-3.441674879689069488e-01,-3.411927929242689617e-01,-2.854708785651770553e-01,-1.809696050210469753e-01,-3.194141770612179965e-02,1.658430670979262889e-01,4.141595533317545819e-01,7.045715039766451415e-01,1.018215261301662622e+00,1.319342992124923342e+00,1.560153487486802160e+00,1.693176986581125032e+00,1.693176986689153729e+00,1.560153487856451360e+00,1.319342992626442168e+00,1.018215261956612494e+00,7.045715046512905921e-01,4.141595540310953893e-01,1.658430677555084998e-01,-3.194141710580888915e-02,-1.809696045301610878e-01,-2.854708781714733190e-01,-3.411927926626132646e-01,-3.441674878240118529e-01,-3.311256305216077056e-01,-3.560091967338594454e-01,-4.457153766791734917e-01,-6.071588469667310584e-01,-8.296460240909703243e-01,-1.090080466234396361e+00,-1.359470590139116641e+00,-1.610111392683421183e+00,-1.821784204286365227e+00,-1.983651666953441417e+00,-2.087837651981704568e+00,-2.104110932231961328e+00,-1.890032054387952964e+00,-8.366546995368697726e-01,-1.000000000000000000e+00,-1.000000000000000000e+00,-1.000000000000000000e+00,-1.000000000000000000e+00,-1.000000000000000000e+00,-1.000000000000000000e+00,-1.000000000000000000e+00,-1.000000000000000000e+00,-1.000000000000000000e+00,-1.000000000000000000e+00,-1.000000000000000000e+00,-1.000000000000000000e+00,-1.000000000000000000e+00,-1.000000000000000000e+00,-1.000000000000000000e+00,-1.000000000000000000e+00,-1.000000000000000000e+00,-1.000000000000000000e+00,-1.000000000000000000e+00,-1.000000000000000000e+00,-1.000000000000000000e+00,-1.000000000000000000e+00,-1.000000000000000000e+00,-1.000000000000000000e+00,-1.000000000000000000e+00,-1.000000000000000000e+00,-1.000000000000000000e+00,-1.000000000000000000e+00,-1.000000000000000000e+00,-1.000000000000000000e+00,-1.000000000000000000e+00,-1.000000000000000000e+00,-1.000000000000000000e+00,-1.000000000000000000e+00,-1.000000000000000000e+00,-1.000000000000000000e+00,-1.000000000000000000e+00,-1.000000000000000000e+00,-1.000000000000000000e+00,-1.000000000000000000e+00,-1.000000000000000000e+00,-1.000000000000000000e+00,-1.000000000000000000e+00,-1.000000000000000000e+00,-1.000000000000000000e+00,-1.000000000000000000e+00
-1.000000000000000000e+00,-1.000000000000000000e+00,-1.000000000000000000e+00,-1.000000000000000000e+00,-1.000000000000000000e+00,-1.000000000000000000e+00,-1.000000000000000000e+00,-1.000000000000000000e+00,-1.000000000000000000e+00,-1.000000000000000000e+00,-1.000000000000000000e+00,-1.000000000000000000e+00,-1.000000000000000000e+00,-1.000000000000000000e+00,-1.000000000000000000e+00,-1.000000000000000000e+00,-1.000000000000000000e+00,-1.000000000000000000e+00,-1.000000000000000000e+00,-1.000000000000000000e+00,-1.000000000000000000e+00,-1.000000000000000000e+00,-1.000000000000000000e+00,-1.000000000000000000e+00,-1.000000000000000000e+00,-1.000000000000000000e+00,-1.000000000000000000e+00,-1.000000000000000000e+00,-1.000000000000000000e+00,-1.000000000000000000e+00,-1.000000000000000000e+00,-1.000000000000000000e+00,-1.000000000000000000e+00,-1.000000000000000000e+00,-1.000000000000000000e+00,-1.000000000000000000e+00,-1.000000000000000000e+00,-1.000000000000000000e+00,-1.000000000000000000e+00,-1.000000000000000000e+00,-1.000000000000000000e+00,-1.000000000000000000e+00,-1.000000000000000000e+00,-1.000000000000000000e+00,-1.000000000000000000e+00,-1.000000000000000000e+00,2.977771879541435407e+00,-2.555455912778868743e+00,-2.463332804285126798e+00,-2.266790668875769299e+00,-1.985518394933999620e+00,-1.635170999647417300e+00,-1.249557964194033755e+00,-8.806444346777679844e-01,-5.833674052884648686e-01,-3.945709402142852928e-01,-3.203554845414904317e-01,-3.407618450539473542e-01,-4.262011571498616203e-01,-5.516750296852045432e-01,-7.020486561288893368e-01,-7.781398642983943237e-01,-7.252488027758381417e-01,-6.110385042309049997e-01,-4.693875012963348858e-01,-2.995170857338037562e-01,-1.025636550914930112e-01,1.011607980530726536e-01,3.042340897394002486e-01,4.868573572851204734e-01,6.257921208197414487e-01,6.998698558125009406e-01,6.998698558971765404e-01,6.257921210615953189e-01,4.868573576587180707e-01,3.042340902160376448e-01,1.011607985968103751e-01,-1.025636545036913150e-01,-2.995170851392331413e-01,-4.693875007328601745e-01,-6.110385037141903286e-01,-7.252488023090195579e-01,-7.781398639045674637e-01,-7.020486557838216957e-01,-5.516750293917875858e-01,-4.262011569089435570e-01,-3.407618449087657098e-01,-3.203554845307057253e-01,-3.945709404183446178e-01,-5.833674057592733719e-01,-8.806444354377267469e-01,-1.249557965138905935e+00,-1.635171000628567128e+00,-1.985518395825655258e+00,-2.266790669597354757e+00,-2.463332804806738885e+00,-2.555455913013069402e+00,2.977771879501222241e+00,-1.000000000000000000e+00,-1.000000000000000000e+00,-1.000000000000000000e+00,-1.000000000000000000e+00,-1.000000000000000000e+00,-1.000000000000000000e+00,-1.000000000000000000e+00,-1.000000000000000000e+00,-1.000000000000000000e+00,-1.000000000000000000e+00,-1.000000000000000000e+00,-1.000000000000000000e+00,-1.000000000000000000e+00,-1.000000000000000000e+00,-1.000000000000000000e+00,-1.000000000000000000e+00,-1.000000000000000000e+00,-1.000000000000000000e+00,-1.000000000000000000e+00,-1.000000000000000000e+00,-1.000000000000000000e+00,-1.000000000000000000e+00,-1.000000000000000000e+00,-1.000000000000000000e+00,-1.000000000000000000e+00,-1.000000000000000000e+00,-1.000000000000000000e+00,-1.000000000000000000e+00,-1.000000000000000000e+00,-1.000000000000000000e+00,-1.000000000000000000e+00,-1.000000000000000000e+00,-1.000000000000000000e+00,-1.000000000000000000e+00,-1.000000000000000000e+00,-1.000000000000000000e+00,-1.000000000000000000e+00,-1.000000000000000000e+00,-1.000000000000000000e+00,-1.000000000000000000e+00,-1.000000000000000000e+00,-1.000000000000000000e+00,-1.000000000000000000e+00,-1.000000000000000000e+00,-1.000000000000000000e+00,-1.000000000000000000e+00
-1.000000000000000000e+00,-1.000000000000000000e+00,-1.000000000000000000e+00,-1.000000000000000000e+00,-1.000000000000000000e+00,-1.000000000000000000e+00,-1.000000000000000000e+00,-1.000000000000000000e+00,-1.000000000000000000e+00,-1.000000000000000000e+00,-1.000000000000000000e+00,-1.000000000000000000e+00,-1.000000000000000000e+00,-1.000000000000000000e+00,-1.000000000000000000e+00,-1.000000000000000000e+00,-1.000000000000000000e+00,-1.000000000000000000e+00,-1.000000000000000000e+00,-1.000000000000000000e+00,-1.000000000000000000e+00,-1.000000000000000000e+00,-1.000000000000000000e+00,-1.000000000000000000e+00,-1.000000000000000000e+00,-1.000000000000000000e+00,-1.000000000000000000e+00,-1.000000000000000000e+00,-1.000000000000000000e+00,-1.000000000000000000e+00,-1.000000000000000000e+00,-1.000000000000000000e+00,-1.000000000000000000e+00,-1.000000000000000000e+00,-1.000000000000000000e+00,-1.000000000000000000e+00,-1.000000000000000000e+00,-1.000000000000000000e+00,-1.000000000000000000e+00,-1.000000000000000000e+00,-1.000000000000000000e+00,-1.000000000000000000e+00,-1.000000000000000000e+00,-1.000000000000000000e+00,-1.000000000000000000e+00,-1.000000000000000000e+00,1.672279612448820618e+00,-2.986083248497820364e+00,-2.799197165161954715e+00,-2.509396099804862335e+00,-2.114170974367228339e+00,-1.635379251504115672e+00,-1.129112376829136233e+00,-6.761610310707131255e-01,-3.532408431180925623e-01,-1.995689445659740713e-01,-2.022484457499236221e-01,-3.121718923301658455e-01,-4.761551177937141111e-01,-6.586447739436392945e-01,-8.424078383384177027e-01,-9.288403695975521179e-01,-8.740038793230623382e-01,-7.591498713899891282e-01,-6.237869149661586787e-01,-4.691587488243944559e-01,-2.987572523676678138e-01,-1.326969411427286749e-01,2.543331188770503459e-02,1.620966120475726413e-01,2.627801385431014491e-01,3.151656519726004912e-01,3.151656520404655382e-01,2.627801387107695508e-01,1.620966123392271196e-01,2.543331226216105634e-02,-1.326969406938621754e-01,-2.987572518803821575e-01,-4.691587482995228653e-01,-6.237869144511698494e-01,-7.591498709000780165e-01,-8.740038788586143026e-01,-9.288403691765194647e-01,-8.424078379421732210e-01,-6.586447735583991214e-01,-4.761551174142045761e-01,-3.121718919650300350e-01,-2.022484454252296837e-01,-1.995689443476225122e-01,-3.532408430503113372e-01,-6.761610312074342044e-01,-1.129112377124754651e+00,-1.635379251882914664e+00,-2.114170974763124988e+00,-2.509396100180173228e+00,-2.799197165493622741e+00,-2.986083248718486516e+00,1.672279612177532293e+00,-1.000000000000000000e+00,-1.000000000000000000e+00,-1.000000000000000000e+00,-1.000000000000000000e+00,-1.000000000000000000e+00,-1.000000000000000000e+00,-1.000000000000000000e+00,-1.000000000000000000e+00,-1.000000000000000000e+00,-1.000000000000000000e+00,-1.000000000000000000e+00,-1.000000000000000000e+00,-1.000000000000000000e+00,-1.000000000000000000e+00,-1.000000000000000000e+00,-1.000000000000000000e+00,-1.000000000000000000e+00,-1.000000000000000000e+00,-1.000000000000000000e+00,-1.000000000000000000e+00,-1.000000000000000000e+00,-1.000000000000000000e+00,-1.000000000000000000e+00,-1.000000000000000000e+00,-1.000000000000000000e+00,-1.000000000000000000e+00,-1.000000000000000000e+00,-1.000000000000000000e+00,-1.000000000000000000e+00,-1.000000000000000000e+00,-1.000000000000000000e+00,-1.000000000000000000e+00,-1.000000000000000000e+00,-1.000000000000000000e+00,-1.000000000000000000e+00,-1.000000000000000000e+00,-1.000000000000000000e+00,-1.000000000000000000e+00,-1.000000000000000000e+00,-1.000000000000000000e+00,-1.000000000000000000e+00,-1.000000000000000000e+00,-1.000000000000000000e+00,-1.000000000000000000e+00,-1.000000000000000000e+00,-1.000000000000000000e+00
-1.000000000000000000e+00,-1.000000000000000000e+00,-1.000000000000000000e+00,-1.000000000000000000e+00,-1.000000000000000000e+00,-1.000000000000000000e+00,-1.000000000000000000e+00,-1.000000000000000000e+00,-1.000000000000000000e+00,-1.000000000000000000e+00,-1.000000000000000000e+00,-1.000000000000000000e+00,-1.000000000000000000e+00,-1.000000000000000000e+00,-1.000000000000000000e+00,-1.000000000000000000e+00,-1.000000000000000000e+00,-1.000000000000000000e+00,-1.000000000000000000e+00,-1.000000000000000000e+00,-1.000000000000000000e+00,-1.000000000000000000e+00,-1.000000000000000000e+00,-1.000000000000000000e+00,-1.000000000000000000e+00,-1.000000000000000000e+00,-1.000000000000000000e+00,-1.000000000000000000e+00,-1.000000000000000000e+00,-1.000000000000000000e+00,-1.000000000000000000e+00,-1.000000000000000000e+00,-1.000000000000000000e+00,-1.000000000000000000e+00,-1.000000000000000000e+00,-1.000000000000000000e+00,-1.000000000000000000e+00,-1.000000000000000000e+00,-1.000000000000000000e+00,-1.000000000000000000e+00,-1.000000000000000000e+00,-1.000000000000000000e+00,-1.000000000000000000e+00,-1.000000000000000000e+00,-1.000000000000000000e+00,-1.000000000000000000e+00,-5.280686570509575128e-01,-3.266895838781717298e+00,-3.041378741542970054e+00,-2.700026980821720546e+00,-2.236212916653262273e+00,-1.677560178021225923e+00,-1.093866842561018515e+00,-5.831069645892748010e-01,-2.347902418778368139e-01,-8.941221653287867444e-02,-1.231126947065471766e-01,-2.705366695282522826e-01,-4.659544179868085889e-01,-6.687919545975833380e-01,-8.621068001066538589e-01,-9.504521584793294009e-01,-8.948965117423439697e-01,-7.803880544550272358e-01,-6.480439697077398087e-01,-4.999630895162802124e-01,-3.404424574725741781e-01,-1.886788333406460572e-01,-4.701183356549543113e-02,7.326863565019903213e-02,1.605820543391731636e-01,2.054884377218744174e-01,2.054884377776164950e-01,1.605820544529865668e-01,7.326863586121978855e-02,-4.701183328660341054e-02,-1.886788329842475909e-01,-3.404424570847960352e-01,-4.999630890798316685e-01,-6.480439692702878451e-01,-7.803880540298189228e-01,-8.948965113315695552e-01,-9.504521580883802390e-01,-8.621067997203857303e-01,-6.687919541889388864e-01,-4.659544175504304331e-01,-2.705366690633779214e-01,-1.231126942293666593e-01,-8.941221607390192894e-02,-2.347902414832540030e-01,-5.831069643087095633e-01,-1.093866842397813066e+00,-1.677560177955038645e+00,-2.236212916649934712e+00,-2.700026980872515470e+00,-3.041378741627051685e+00,-3.266895838840684352e+00,-5.280686571745605296e-01,-1.000000000000000000e+00,-1.000000000000000000e+00,-1.000000000000000000e+00,-1.000000000000000000e+00,-1.000000000000000000e+00,-1.000000000000000000e+00,-1.000000000000000000e+00,-1.000000000000000000e+00,-1.000000000000000000e+00,-1.000000000000000000e+00,-1.000000000000000000e+00,-1.000000000000000000e+00,-1.000000000000000000e+00,-1.000000000000000000e+00,-1.000000000000000000e+00,-1.000000000000000000e+00,-1.000000000000000000e+00,-1.000000000000000000e+00,-1.000000000000000000e+00,-1.000000000000000000e+00,-1.000000000000000000e+00,-1.000000000000000000e+00,-1.000000000000000000e+00,-1.000000000000000000e+00,-1.000000000000000000e+00,-1.000000000000000000e+00,-1.000000000000000000e+00,-1.000000000000000000e+00,-1.000000000000000000e+00,-1.000000000000000000e+00,-1.000000000000000000e+00,-1.000000000000000000e+00,-1.000000000000000000e+00,-1.000000000000000000e+00,-1.000000000000000000e+00,-1.000000000000000000e+00,-1.000000000000000000e+00,-1.000000000000000000e+00,-1.000000000000000000e+00,-1.000000000000000000e+00,-1.000000000000000000e+00,-1.000000000000000000e+00,-1.000000000000000000e+00,-1.000000000000000000e+00,-1.000000000000000000e+00,-1.000000000000000000e+00
-1.000000000000000000e+00,-1.000000000000000000e+00,-1.000000000000000000e+00,-1.000000000000000000e+00,-1.000000000000000000e+00,-1.000000000000000000e+00,-1.000000000000000000e+00,-1.000000000000000000e+00,-1.000000000000000000e+00,-1.000000000000000000e+00,-1.000000000000000000e+00,-1.000000000000000000e+00,-1.000000000000000000e+00,-1.000000000000000000e+00,-1.000000000000000000e+00,-1.000000000000000000e+00,-1.000000000000000000e+00,-1.000000000000000000e+00,-1.000000000000000000e+00,-1.000000000000000000e+00,-1.000000000000000000e+00,-1.000000000000000000e+00,-1.000000000000000000e+00,-1.000000000000000000e+00,-1.000000000000000000e+00,-1.000000000000000000e+00,-1.000000000000000000e+00,-1.000000000000000000e+00,-1.000000000000000000e+00,-1.000000000000000000e+00,-1.000000000000000000e+00,-1.000000000000000000e+00,-1.000000000000000000e+00,-1.000000000000000000e+00,-1.000000000000000000e+00,-1.000000000000000000e+00,-1.000000000000000000e+00,-1.000000000000000000e+00,-1.000000000000000000e+00,-1.000000000000000000e+00,-1.000000000000000000e+00,-1.000000000000000000e+00,-1.000000000000000000e+00,-1.000000000000000000e+00,-1.000000000000000000e+00,-1.000000000000000000e+00,-2.053313683492376196e+00,-3.416784893733422201e+00,-3.173260565023229507e+00,-2.804537961229740528e+00,-2.303043895267528729e+00,-1.699620640247229364e+00,-1.071331743976513096e+00,-5.253474496065990706e-01,-1.582097196145074713e-01,-1.151631969627375796e-02,-5.614877653387173595e-02,-2.187084628303586076e-01,-4.272710505349821553e-01,-6.389200002390562627e-01,-8.371471678716697618e-01,-9.272422716855679425e-01,-8.716575047890102734e-01,-7.571691043608037575e-01,-6.257558697093594802e-01,-4.798247057677255123e-01,-3.239080836955726683e-01,-1.767934269543838255e-01,-4.042191288882468481e-02,7.464431539762905743e-02,1.577393575809742376e-01,2.003038726063410824e-01,2.003038726465136143e-01,1.577393576474059866e-01,7.464431553311912104e-02,-4.042191270586859009e-02,-1.767934267067866605e-01,-3.239080834177194834e-01,-4.798247054459516825e-01,-6.257558693871140276e-01,-7.571691040314472154e-01,-8.716575044578039888e-01,-9.272422713515171555e-01,-8.371471675220236719e-01,-6.389199998415522330e-01,-4.272710500742582518e-01,-2.187084622988393345e-01,-5.614877595198541904e-02,-1.151631907139383237e-02,-1.582097190113908036e-01,-5.253474490641352190e-01,-1.071331743539861714e+00,-1.699620639926689325e+00,-2.303043895041511746e+00,-2.804537961100350252e+00,-3.173260564972213871e+00,-3.416784893691147129e+00,-2.053313683426700287e+00,-1.000000000000000000e+00,-1.000000000000000000e+00,-1.000000000000000000e+00,-1.000000000000000000e+00,-1.000000000000000000e+00,-1.000000000000000000e+00,-1.000000000000000000e+00,-1.000000000000000000e+00,-1.000000000000000000e+00,-1.000000000000000000e+00,-1.000000000000000000e+00,-1.000000000000000000e+00,-1.000000000000000000e+00,-1.000000000000000000e+00,-1.000000000000000000e+00,-1.000000000000000000e+00,-1.000000000000000000e+00,-1.000000000000000000e+00,-1.000000000000000000e+00,-1.000000000000000000e+00,-1.000000000000000000e+00,-1.000000000000000000e+00,-1.000000000000000000e+00,-1.000000000000000000e+00,-1.000000000000000000e+00,-1.000000000000000000e+00,-1.000000000000000000e+00,-1.000000000000000000e+00,-1.000000000000000000e+00,-1.000000000000000000e+00,-1.000000000000000000e+00,-1.000000000000000000e+00,-1.000000000000000000e+00,-1.000000000000000000e+00,-1.000000000000000000e+00,-1.000000000000000000e+00,-1.000000000000000000e+00,-1.000000000000000000e+00,-1.000000000000000000e+00,-1.000000000000000000e+00,-1.000000000000000000e+00,-1.000000000000000000e+00,-1.000000000000000000e+00,-1.000000000000000000e+00,-1.000000000000000000e+00,-1.000000000000000000e+00
-1.000000000000000000e+00,-1.000000000000000000e+00,-1.000000000000000000e+00,-1.000000000000000000e+00,-1.000000000000000000e+00,-1.000000000000000000e+00,-1.000000000000000000e+00,-1.000000000000000000e+00,-1.000000000000000000e+00,-1.000000000000000000e+00,-1.000000000000000000e+00,-1.000000000000000000e+00,-1.000000000000000000e+00,-1.000000000000000000e+00,-1.000000000000000000e+00,-1.000000000000000000e+00,-1.000000000000000000e+00,-1.000000000000000000e+00,-1.000000000000000000e+00,-1.000000000000000000e+00,-1.000000000000000000e+00,-1.000000000000000000e+00,-1.000000000000000000e+00,-1.000000000000000000e+00,-1.000000000000000000e+00,-1.000000000000000000e+00,-1.000000000000000000e+00,-1.000000000000000000e+00,-1.000000000000000000e+00,-1.000000000000000000e+00,-1.000000000000000000e+00,-1.000000000000000000e+00,-1.000000000000000000e+00,-1.000000000000000000e+00,-1.000000000000000000e+00,-1.000000000000000000e+00,-1.000000000000000000e+00,-1.000000000000000000e+00,-1.000000000000000000e+00,-1.000000000000000000e+00,-1.000000000000000000e+00,-1.000000000000000000e+00,-1.000000000000000000e+00,-1.000000000000000000e+00,-1.000000000000000000e+00,-1.000000000000000000e+00,-2.799366645397133091e+00,-3.481025244570790544e+00,-3.228944382586678596e+00,-2.846664129871720128e+00,-2.326305201096696251e+00,-1.700242974563650478e+00,-1.049025791309810884e+00,-4.843131397935483973e-01,-1.062016143301696136e-01,4.292285620108304833e-02,-5.561029986406840209e-03,-1.745751606387080379e-01,-3.892831502343456762e-01,-6.056136460586554193e-01,-8.071790582917790502e-01,-8.989084369835655952e-01,-8.434537541348648970e-01,-7.287871946499662190e-01,-5.974551893067105990e-01,-4.519722497008017426e-01,-2.969456525747509179e-01,-1.510486591582538285e-01,-1.610025310001450549e-02,9.754763594954796169e-02,1.794892803397327707e-01,2.214135939968653322e-01,2.214135940164436711e-01,1.794892803650813828e-01,9.754763601787797000e-02,-1.610025300638329160e-02,-1.510486590337937196e-01,-2.969456524233090589e-01,-4.519722495171184518e-01,-5.974551891217260158e-01,-7.287871944418344849e-01,-8.434537539124524752e-01,-8.989084367400179687e-01,-8.071790580079837296e-01,-6.056136456963692183e-01,-3.892831497722074596e-01,-1.745751600647000856e-01,-5.561029327350364149e-03,4.292285693485364817e-02,-1.062016136024855895e-01,-4.843131391117190265e-01,-1.049025790743142172e+00,-1.700242974133296725e+00,-2.326305200788732819e+00,-2.846664129676265809e+00,-3.228944382480928521e+00,-3.481025244488396453e+00,-2.799366645278203780e+00,-1.000000000000000000e+00,-1.000000000000000000e+00,-1.000000000000000000e+00,-1.000000000000000000e+00,-1.000000000000000000e+00,-1.000000000000000000e+00,-1.000000000000000000e+00,-1.000000000000000000e+00,-1.000000000000000000e+00,-1.000000000000000000e+00,-1.000000000000000000e+00,-1.000000000000000000e+00,-1.000000000000000000e+00,-1.000000000000000000e+00,-1.000000000000000000e+00,-1.000000000000000000e+00,-1.000000000000000000e+00,-1.000000000000000000e+00,-1.000000000000000000e+00,-1.000000000000000000e+00,-1.000000000000000000e+00,-1.000000000000000000e+00,-1.000000000000000000e+00,-1.000000000000000000e+00,-1.000000000000000000e+00,-1.000000000000000000e+00,-1.000000000000000000e+00,-1.000000000000000000e+00,-1.000000000000000000e+00,-1.000000000000000000e+00,-1.000000000000000000e+00,-1.000000000000000000e+00,-1.000000000000000000e+00,-1.000000000000000000e+00,-1.000000000000000000e+00,-1.000000000000000000e+00,-1.000000000000000000e+00,-1.000000000000000000e+00,-1.000000000000000000e+00,-1.000000000000000000e+00,-1.000000000000000000e+00,-1.000000000000000000e+00,-1.000000000000000000e+00,-1.000000000000000000e+00,-1.000000000000000000e+00,-1.000000000000000000e+00
-1.000000000000000000e+00,-1.000000000000000000e+00,-1.000000000000000000e+00,-1.000000000000000000e+00,-1.000000000000000000e+00,-1.000000000000000000e+00,-1.000000000000000000e+00,-1.000000000000000000e+00,-1.000000000000000000e+00,-1.000000000000000000e+00,-1.000000000000000000e+00,-1.000000000000000000e+00,-1.000000000000000000e+00,-1.000000000000000000e+00,-1.000000000000000000e+00,-1.000000000000000000e+00,-1.000000000000000000e+00,-1.000000000000000000e+00,-1.000000000000000000e+00,-1.000000000000000000e+00,-1.000000000000000000e+00,-1.000000000000000000e+00,-1.000000000000000000e+00,-1.000000000000000000e+00,-1.000000000000000000e+00,-1.000000000000000000e+00,-1.000000000000000000e+00,-1.000000000000000000e+00,-1.000000000000000000e+00,-1.000000000000000000e+00,-1.000000000000000000e+00,-1.000000000000000000e+00,-1.000000000000000000e+00,-1.000000000000000000e+00,-1.000000000000000000e+00,-1.000000000000000000e+00,-1.000000000000000000e+00,-1.000000000000000000e+00,-1.000000000000000000e+00,-1.000000000000000000e+00,-1.000000000000000000e+00,-1.000000000000000000e+00,-1.000000000000000000e+00,-1.000000000000000000e+00,-1.000000000000000000e+00,-1.000000000000000000e+00,-3.067175284167334759e+00,-3.502116098057006965e+00,-3.246546665410069199e+00,-2.858709433068791661e+00,-2.330617857507641943e+00,-1.695249109836817869e+00,-1.034535397876864549e+00,-4.619435865454757373e-01,-7.903933949462604858e-02,7.139837808969895505e-02,2.157214740589252777e-02,-1.500159678720350831e-01,-3.673649918914188017e-01,-5.859057180707545331e-01,-7.892449519721493889e-01,-8.819260999348496055e-01,-8.265633324513655955e-01,-7.117516593570467620e-01,-5.803305158963407706e-01,-4.348500313312878562e-01,-2.799431451523057834e-01,-1.342656032950915179e-01,3.974249157729925486e-04,1.137452618217631439e-01,1.954360274159445687e-01,2.372196200283533951e-01,2.372196200256264653e-01,1.954360274001625264e-01,1.137452618061471910e-01,3.974249050862077581e-04,-1.342656033102782587e-01,-2.799431451486734668e-01,-4.348500313095079450e-01,-5.803305158618845550e-01,-7.117516592881607540e-01,-8.265633323516856645e-01,-8.819260997873186181e-01,-7.892449517588737695e-01,-5.859057177498551150e-01,-3.673649914495024094e-01,-1.500159673045045050e-01,2.157214807294427494e-02,7.139837883287736275e-02,-7.903933874430602025e-02,-4.619435858459418620e-01,-1.034535397298357973e+00,-1.695249109397428233e+00,-2.330617857203752585e+00,-2.858709432874996459e+00,-3.246546665304511858e+00,-3.502116097988741572e+00,-3.067175284061568252e+00,-1.000000000000000000e+00,-1.000000000000000000e+00,-1.000000000000000000e+00,-1.000000000000000000e+00,-1.000000000000000000e+00,-1.000000000000000000e+00,-1.000000000000000000e+00,-1.000000000000000000e+00,-1.000000000000000000e+00,-1.000000000000000000e+00,-1.000000000000000000e+00,-1.000000000000000000e+00,-1.000000000000000000e+00,-1.000000000000000000e+00,-1.000000000000000000e+00,-1.000000000000000000e+00,-1.000000000000000000e+00,-1.000000000000000000e+00,-1.000000000000000000e+00,-1.000000000000000000e+00,-1.000000000000000000e+00,-1.000000000000000000e+00,-1.000000000000000000e+00,-1.000000000000000000e+00,-1.000000000000000000e+00,-1.000000000000000000e+00,-1.000000000000000000e+00,-1.000000000000000000e+00,-1.000000000000000000e+00,-1.000000000000000000e+00,-1.000000000000000000e+00,-1.000000000000000000e+00,-1.000000000000000000e+00,-1.000000000000000000e+00,-1.000000000000000000e+00,-1.000000000000000000e+00,-1.000000000000000000e+00,-1.000000000000000000e+00,-1.000000000000000000e+00,-1.000000000000000000e+00,-1.000000000000000000e+00,-1.000000000000000000e+00,-1.000000000000000000e+00,-1.000000000000000000e+00,-1.000000000000000000e+00,-1.000000000000000000e+00
-1.000000000000000000e+00,-1.000000000000000000e+00,-1.000000000000000000e+00,-1.000000000000000000e+00,-1.000000000000000000e+00,-1.000000000000000000e+00,-1.000000000000000000e+00,-1.000000000000000000e+00,-1.000000000000000000e+00,-1.000000000000000000e+00,-1.000000000000000000e+00,-1.000000000000000000e+00,-1.000000000000000000e+00,-1.000000000000000000e+00,-1.000000000000000000e+00,-1.000000000000000000e+00,-1.000000000000000000e+00,-1.000000000000000000e+00,-1.000000000000000000e+00,-1.000000000000000000e+00,-1.000000000000000000e+00,-1.000000000000000000e+00,-1.000000000000000000e+00,-1.000000000000000000e+00,-1.000000000000000000e+00,-1.000000000000000000e+00,-1.000000000000000000e+00,-1.000000000000000000e+00,-1.000000000000000000e+00,-1.000000000000000000e+00,-1.000000000000000000e+00,-1.000000000000000000e+00,-1.000000000000000000e+00,-1.000000000000000000e+00,-1.000000000000000000e+00,-1.000000000000000000e+00,-1.000000000000000000e+00,-1.000000000000000000e+00,-1.000000000000000000e+00,-1.000000000000000000e+00,-1.000000000000000000e+00,-1.000000000000000000e+00,-1.000000000000000000e+00,-1.000000000000000000e+00,-1.000000000000000000e+00,-1.000000000000000000e+00,-3.067175284143813130e+00,-3.502116098042347581e+00,-3.246546665401158993e+00,-2.858709433058488791e+00,-2.330617857493203271e+00,-1.695249109826391098e+00,-1.034535397854030370e+00,-4.619435865121639395e-01,-7.903933944967844738e-02,7.139837815366734119e-02,2.157214748361213630e-02,-1.500159677721774054e-01,-3.673649917691182987e-01,-5.859057179350839473e-01,-7.892449518316161372e-01,-8.819260997998716878e-01,-8.265633323091379214e-01,-7.117516592131694075e-01,-5.803305157555748162e-01,-4.348500311934826446e-01,-2.799431450262721555e-01,-1.342656031822843099e-01,3.974250132698919913e-04,1.137452619084469152e-01,1.954360274760604810e-01,2.372196200815983591e-01,2.372196200618525985e-01,1.954360274301796263e-01,1.137452618130467830e-01,3.974249052032252649e-04,-1.342656033218486700e-01,-2.799431451594152076e-01,-4.348500313249450411e-01,-5.803305158618651260e-01,-7.117516592799826292e-01,-8.265633323290743073e-01,-8.819260997533048263e-01,-7.892449517153918848e-01,-5.859057177007687134e-01,-3.673649913999363914e-01,-1.500159672706775638e-01,2.157214808762897285e-02,7.139837880934463143e-02,-7.903933878152358261e-02,-4.619435859032007263e-01,-1.034535397352568831e+00,-1.695249109443841995e+00,-2.330617857239491997e+00,-2.858709432897497571e+00,-3.246546665313464253e+00,-3.502116098003968503e+00,-3.067175284072690911e+00,-1.000000000000000000e+00,-1.000000000000000000e+00,-1.000000000000000000e+00,-1.000000000000000000e+00,-1.000000000000000000e+00,-1.000000000000000000e+00,-1.000000000000000000e+00,-1.000000000000000000e+00,-1.000000000000000000e+00,-1.000000000000000000e+00,-1.000000000000000000e+00,-1.000000000000000000e+00,-1.000000000000000000e+00,-1.000000000000000000e+00,-1.000000000000000000e+00,-1.000000000000000000e+00,-1.000000000000000000e+00,-1.000000000000000000e+00,-1.000000000000000000e+00,-1.000000000000000000e+00,-1.000000000000000000e+00,-1.000000000000000000e+00,-1.000000000000000000e+00,-1.000000000000000000e+00,-1.000000000000000000e+00,-1.000000000000000000e+00,-1.000000000000000000e+00,-1.000000000000000000e+00,-1.000000000000000000e+00,-1.000000000000000000e+00,-1.000000000000000000e+00,-1.000000000000000000e+00,-1.000000000000000000e+00,-1.000000000000000000e+00,-1.000000000000000000e+00,-1.000000000000000000e+00,-1.000000000000000000e+00,-1.000000000000000000e+00,-1.000000000000000000e+00,-1.000000000000000000e+00,-1.000000000000000000e+00,-1.000000000000000000e+00,-1.000000000000000000e+00,-1.000000000000000000e+00,-1.000000000000000000e+00,-1.000000000000000000e+00
-1.000000000000000000e+00,-1.000000000000000000e+00,-1.000000000000000000e+00,-1.000000000000000000e+00,-1.000000000000000000e+00,-1.000000000000000000e+00,-1.000000000000000000e+00,-1.000000000000000000e+00,-1.000000000000000000e+00,-1.000000000000000000e+00,-1.000000000000000000e+00,-1.000000000000000000e+00,-1.000000000000000000e+00,-1.000000000000000000e+00,-1.000000000000000000e+00,-1.000000000000000000e+00,-1.000000000000000000e+00,-1.000000000000000000e+00,-1.000000000000000000e+00,-1.000000000000000000e+00,-1.000000000000000000e+00,-1.000000000000000000e+00,-1.000000000000000000e+00,-1.000000000000000000e+00,-1.000000000000000000e+00,-1.000000000000000000e+00,-1.000000000000000000e+00,-1.000000000000000000e+00,-1.000000000000000000e+00,-1.000000000000000000e+00,-1.000000000000000000e+00,-1.000000000000000000e+00,-1.000000000000000000e+00,-1.000000000000000000e+00,-1.000000000000000000e+00,-1.000000000000000000e+00,-1.000000000000000000e+00,-1.000000000000000000e+00,-1.000000000000000000e+00,-1.000000000000000000e+00,-1.000000000000000000e+00,-1.000000000000000000e+00,-1.000000000000000000e+00,-1.000000000000000000e+00,-1.000000000000000000e+00,-1.000000000000000000e+00,-2.799366645289314448e+00,-3.481025244522035322e+00,-3.228944382558042392e+00,-2.846664129838570645e+00,-2.326305201051328542e+00,-1.700242974530091100e+00,-1.049025791249764916e+00,-4.843131397026447793e-01,-1.062016141900018473e-01,4.292285640953452663e-02,-5.561029728273547690e-03,-1.745751603324858792e-01,-3.892831498913047472e-01,-6.056136456983123306e-01,-8.071790579150481815e-01,-8.989084366046509178e-01,-8.434537537326398660e-01,-7.287871942390495850e-01,-5.974551888951797896e-01,-4.519722492939833858e-01,-2.969456521939521920e-01,-1.510486588110425688e-01,-1.610025280239679724e-02,9.754763621013085029e-02,1.794892805292254145e-01,2.214135941590582579e-01,2.214135941178685396e-01,1.794892804433712019e-01,9.754763604004001998e-02,-1.610025300331829889e-02,-1.510486590646863414e-01,-2.969456524461983049e-01,-4.519722495475967383e-01,-5.974551891122459324e-01,-7.287871944112136458e-01,-8.434537538476165608e-01,-8.989084366484799693e-01,-8.071790578834989738e-01,-6.056136455527192375e-01,-3.892831496294543170e-01,-1.745751599684536304e-01,-5.561029281942131419e-03,4.292285688691022116e-02,-1.062016136868241256e-01,-4.843131392453262629e-01,-1.049025790870286912e+00,-1.700242974243486138e+00,-2.326305200873639123e+00,-2.846664129727887182e+00,-3.228944382493235565e+00,-3.481025244520408179e+00,-2.799366645312181934e+00,-1.000000000000000000e+00,-1.000000000000000000e+00,-1.000000000000000000e+00,-1.000000000000000000e+00,-1.000000000000000000e+00,-1.000000000000000000e+00,-1.000000000000000000e+00,-1.000000000000000000e+00,-1.000000000000000000e+00,-1.000000000000000000e+00,-1.000000000000000000e+00,-1.000000000000000000e+00,-1.000000000000000000e+00,-1.000000000000000000e+00,-1.000000000000000000e+00,-1.000000000000000000e+00,-1.000000000000000000e+00,-1.000000000000000000e+00,-1.000000000000000000e+00,-1.000000000000000000e+00,-1.000000000000000000e+00,-1.000000000000000000e+00,-1.000000000000000000e+00,-1.000000000000000000e+00,-1.000000000000000000e+00,-1.000000000000000000e+00,-1.000000000000000000e+00,-1.000000000000000000e+00,-1.000000000000000000e+00,-1.000000000000000000e+00,-1.000000000000000000e+00,-1.000000000000000000e+00,-1.000000000000000000e+00,-1.000000000000000000e+00,-1.000000000000000000e+00,-1.000000000000000000e+00,-1.000000000000000000e+00,-1.000000000000000000e+00,-1.000000000000000000e+00,-1.000000000000000000e+00,-1.000000000000000000e+00,-1.000000000000000000e+00,-1.000000000000000000e+00,-1.000000000000000000e+00,-1.000000000000000000e+00,-1.000000000000000000e+00
-1.000000000000000000e+00,-1.000000000000000000e+00,-1.000000000000000000e+00,-1.000000000000000000e+00,-1.000000000000000000e+00,-1.000000000000000000e+00,-1.000000000000000000e+00,-1.000000000000000000e+00,-1.000000000000000000e+00,-1.000000000000000000e+00,-1.000000000000000000e+00,-1.000000000000000000e+00,-1.000000000000000000e+00,-1.000000000000000000e+00,-1.000000000000000000e+00,-1.000000000000000000e+00,-1.000000000000000000e+00,-1.000000000000000000e+00,-1.000000000000000000e+00,-1.000000000000000000e+00,-1.000000000000000000e+00,-1.000000000000000000e+00,-1.000000000000000000e+00,-1.000000000000000000e+00,-1.000000000000000000e+00,-1.000000000000000000e+00,-1.000000000000000000e+00,-1.000000000000000000e+00,-1.000000000000000000e+00,-1.000000000000000000e+00,-1.000000000000000000e+00,-1.000000000000000000e+00,-1.000000000000000000e+00,-1.000000000000000000e+00,-1.000000000000000000e+00,-1.000000000000000000e+00,-1.000000000000000000e+00,-1.000000000000000000e+00,-1.000000000000000000e+00,-1.000000000000000000e+00,-1.000000000000000000e+00,-1.000000000000000000e+00,-1.000000000000000000e+00,-1.000000000000000000e+00,-1.000000000000000000e+00,-1.000000000000000000e+00,-2.053313683223364716e+00,-3.416784893653916022e+00,-3.173260564965617814e+00,-2.804537961163902970e+00,-2.303043895191488666e+00,-1.699620640188099330e+00,-1.071331743893233046e+00,-5.253474494792480520e-01,-1.582097194073831536e-01,-1.151631939658748216e-02,-5.614877614803448491e-02,-2.187084623642958636e-01,-4.272710499982851351e-01,-6.389199996698816664e-01,-8.371471672834331912e-01,-9.272422710877700203e-01,-8.716575041655451050e-01,-7.571691037259814516e-01,-6.257558690668878487e-01,-4.798247051378288219e-01,-3.239080831012357553e-01,-1.767934264046879811e-01,-4.042191241550407987e-02,7.464431580968300395e-02,1.577393579008021796e-01,2.003038728812081004e-01,2.003038728261932189e-01,1.577393577883414721e-01,7.464431560515616404e-02,-4.042191266704087127e-02,-1.767934267194624098e-01,-3.239080834154194344e-01,-4.798247054525763833e-01,-6.257558693451616971e-01,-7.571691039571502024e-01,-8.716575043414004353e-01,-9.272422712078867146e-01,-8.371471673330863617e-01,-6.389199996359269385e-01,-4.272710498754919151e-01,-2.187084621639571180e-01,-5.614877588266509179e-02,-1.151631910473494003e-02,-1.582097190856126545e-01,-5.253474491796890078e-01,-1.071331743639788003e+00,-1.699620640005624628e+00,-2.303043895091190674e+00,-2.804537961113747535e+00,-3.173260564936453143e+00,-3.416784893686235947e+00,-2.053313683430586956e+00,-1.000000000000000000e+00,-1.000000000000000000e+00,-1.000000000000000000e+00,-1.000000000000000000e+00,-1.000000000000000000e+00,-1.000000000000000000e+00,-1.000000000000000000e+00,-1.000000000000000000e+00,-1.000000000000000000e+00,-1.000000000000000000e+00,-1.000000000000000000e+00,-1.000000000000000000e+00,-1.000000000000000000e+00,-1.000000000000000000e+00,-1.000000000000000000e+00,-1.000000000000000000e+00,-1.000000000000000000e+00,-1.000000000000000000e+00,-1.000000000000000000e+00,-1.000000000000000000e+00,-1.000000000000000000e+00,-1.000000000000000000e+00,-1.000000000000000000e+00,-1.000000000000000000e+00,-1.000000000000000000e+00,-1.000000000000000000e+00,-1.000000000000000000e+00,-1.000000000000000000e+00,-1.000000000000000000e+00,-1.000000000000000000e+00,-1.000000000000000000e+00,-1.000000000000000000e+00,-1.000000000000000000e+00,-1.000000000000000000e+00,-1.000000000000000000e+00,-1.000000000000000000e+00,-1.000000000000000000e+00,-1.000000000000000000e+00,-1.000000000000000000e+00,-1.000000000000000000e+00,-1.000000000000000000e+00,-1.000000000000000000e+00,-1.000000000000000000e+00,-1.000000000000000000e+00,-1.000000000000000000e+00,-1.000000000000000000e+00
-1.000000000000000000e+00,-1.000000000000000000e+00,-1.000000000000000000e+00,-1.000000000000000000e+00,-1.000000000000000000e+00,-1.000000000000000000e+00,-1.000000000000000000e+00,-1.000000000000000000e+00,-1.000000000000000000e+00,-1.000000000000000000e+00,-1.000000000000000000e+00,-1.000000000000000000e+00,-1.000000000000000000e+00,-1.000000000000000000e+00,-1.000000000000000000e+00,-1.000000000000000000e+00,-1.000000000000000000e+00,-1.000000000000000000e+00,-1.000000000000000000e+00,-1.000000000000000000e+00,-1.000000000000000000e+00,-1.000000000000000000e+00,-1.000000000000000000e+00,-1.000000000000000000e+00,-1.000000000000000000e+00,-1.000000000000000000e+00,-1.000000000000000000e+00,-1.000000000000000000e+00,-1.000000000000000000e+00,-1.000000000000000000e+00,-1.000000000000000000e+00,-1.000000000000000000e+00,-1.000000000000000000e+00,-1.000000000000000000e+00,-1.000000000000000000e+00,-1.000000000000000000e+00,-1.000000000000000000e+00,-1.000000000000000000e+00,-1.000000000000000000e+00,-1.000000000000000000e+00,-1.000000000000000000e+00,-1.000000000000000000e+00,-1.000000000000000000e+00,-1.000000000000000000e+00,-1.000000000000000000e+00,-1.000000000000000000e+00,-5.280686565419154821e-01,-3.266895838654318318e+00,-3.041378741431803867e+00,-2.700026980707552759e+00,-2.236212916552003716e+00,-1.677560177943465902e+00,-1.093866842473621093e+00,-5.831069644355408865e-01,-2.347902415955273048e-01,-8.941221612578131861e-02,-1.231126941811064857e-01,-2.705366689212155284e-01,-4.659544173068128625e-01,-6.687919538827635790e-01,-8.621067993832010057e-01,-9.504521577402675891e-01,-8.948965109666192630e-01,-7.803880536524456790e-01,-6.480439688824065625e-01,-4.999630887025541259e-01,-3.404424566945384312e-01,-1.886788326099365642e-01,-4.701183291390431673e-02,7.326863622417945088e-02,1.605820548070568954e-01,2.054884381260013715e-01,2.054884380758594808e-01,1.605820546982024144e-01,7.326863603289091031e-02,-4.701183315786394701e-02,-1.886788329028451505e-01,-3.404424569894268782e-01,-4.999630890019320928e-01,-6.480439691567654314e-01,-7.803880538881482476e-01,-8.948965111602977807e-01,-9.504521579026540268e-01,-8.621067994974334070e-01,-6.687919539628659482e-01,-4.659544173354368546e-01,-2.705366689140636938e-01,-1.231126941446900602e-01,-8.941221605079152646e-02,-2.347902414627692780e-01,-5.831069642632502603e-01,-1.093866842305451170e+00,-1.677560177831560972e+00,-2.236212916503924397e+00,-2.700026980711835556e+00,-3.041378741449073608e+00,-3.266895838719722001e+00,-5.280686569861692270e-01,-1.000000000000000000e+00,-1.000000000000000000e+00,-1.000000000000000000e+00,-1.000000000000000000e+00,-1.000000000000000000e+00,-1.000000000000000000e+00,-1.000000000000000000e+00,-1.000000000000000000e+00,-1.000000000000000000e+00,-1.000000000000000000e+00,-1.000000000000000000e+00,-1.000000000000000000e+00,-1.000000000000000000e+00,-1.000000000000000000e+00,-1.000000000000000000e+00,-1.000000000000000000e+00,-1.000000000000000000e+00,-1.000000000000000000e+00,-1.000000000000000000e+00,-1.000000000000000000e+00,-1.000000000000000000e+00,-1.000000000000000000e+00,-1.000000000000000000e+00,-1.000000000000000000e+00,-1.000000000000000000e+00,-1.000000000000000000e+00,-1.000000000000000000e+00,-1.000000000000000000e+00,-1.000000000000000000e+00,-1.000000000000000000e+00,-1.000000000000000000e+00,-1.000000000000000000e+00,-1.000000000000000000e+00,-1.000000000000000000e+00,-1.000000000000000000e+00,-1.000000000000000000e+00,-1.000000000000000000e+00,-1.000000000000000000e+00,-1.000000000000000000e+00,-1.000000000000000000e+00,-1.000000000000000000e+00,-1.000000000000000000e+00,-1.000000000000000000e+00,-1.000000000000000000e+00,-1.000000000000000000e+00,-1.000000000000000000e+00
-1.000000000000000000e+00,-1.000000000000000000e+00,-1.000000000000000000e+00,-1.000000000000000000e+00,-1.000000000000000000e+00,-1.000000000000000000e+00,-1.000000000000000000e+00,-1.000000000000000000e+00,-1.000000000000000000e+00,-1.000000000000000000e+00,-1.000000000000000000e+00,-1.000000000000000000e+00,-1.000000000000000000e+00,-1.000000000000000000e+00,-1.000000000000000000e+00,-1.000000000000000000e+00,-1.000000000000000000e+00,-1.000000000000000000e+00,-1.000000000000000000e+00,-1.000000000000000000e+00,-1.000000000000000000e+00,-1.000000000000000000e+00,-1.000000000000000000e+00,-1.000000000000000000e+00,-1.000000000000000000e+00,-1.000000000000000000e+00,-1.000000000000000000e+00,-1.000000000000000000e+00,-1.000000000000000000e+00,-1.000000000000000000e+00,-1.000000000000000000e+00,-1.000000000000000000e+00,-1.000000000000000000e+00,-1.000000000000000000e+00,-1.000000000000000000e+00,-1.000000000000000000e+00,-1.000000000000000000e+00,-1.000000000000000000e+00,-1.000000000000000000e+00,-1.000000000000000000e+00,-1.000000000000000000e+00,-1.000000000000000000e+00,-1.000000000000000000e+00,-1.000000000000000000e+00,-1.000000000000000000e+00,-1.000000000000000000e+00,1.672279613279726185e+00,-2.986083248315527072e+00,-2.799197165004336796e+00,-2.509396099639201516e+00,-2.114170974239314660e+00,-1.635379251407799384e+00,-1.129112376739963119e+00,-6.761610308968696303e-01,-3.532408427849975663e-01,-1.995689440872430165e-01,-2.022484451375606840e-01,-3.121718916373890096e-01,-4.761551170358497842e-01,-6.586447731464950550e-01,-8.424078375286253584e-01,-9.288403687647307505e-01,-8.740038784408421524e-01,-7.591498704673533826e-01,-6.237869140105256616e-01,-4.691587478610704798e-01,-2.987572514199424711e-01,-1.326969402375814955e-01,2.543331273915860891e-02,1.620966128299736742e-01,2.627801392275048720e-01,3.151656525871748826e-01,3.151656525618617977e-01,2.627801391647162088e-01,1.620966127169463089e-01,2.543331257776526577e-02,-1.326969404279003673e-01,-2.987572516383874000e-01,-4.691587480986484371e-01,-6.237869142472676209e-01,-7.591498706948858199e-01,-8.740038786582756680e-01,-9.288403689785519335e-01,-8.424078377260875161e-01,-6.586447733462108545e-01,-4.761551172170829238e-01,-3.121718918117241115e-01,-2.022484452948737355e-01,-1.995689441776171691e-01,-3.532408427818545249e-01,-6.761610307888488158e-01,-1.129112376599303635e+00,-1.635379251312114812e+00,-2.114170974207833176e+00,-2.509396099676792780e+00,-2.799197165060043346e+00,-2.986083248420595915e+00,1.672279612635053869e+00,-1.000000000000000000e+00,-1.000000000000000000e+00,-1.000000000000000000e+00,-1.000000000000000000e+00,-1.000000000000000000e+00,-1.000000000000000000e+00,-1.000000000000000000e+00,-1.000000000000000000e+00,-1.000000000000000000e+00,-1.000000000000000000e+00,-1.000000000000000000e+00,-1.000000000000000000e+00,-1.000000000000000000e+00,-1.000000000000000000e+00,-1.000000000000000000e+00,-1.000000000000000000e+00,-1.000000000000000000e+00,-1.000000000000000000e+00,-1.000000000000000000e+00,-1.000000000000000000e+00,-1.000000000000000000e+00,-1.000000000000000000e+00,-1.000000000000000000e+00,-1.000000000000000000e+00,-1.000000000000000000e+00,-1.000000000000000000e+00,-1.000000000000000000e+00,-1.000000000000000000e+00,-1.000000000000000000e+00,-1.000000000000000000e+00,-1.000000000000000000e+00,-1.000000000000000000e+00,-1.000000000000000000e+00,-1.000000000000000000e+00,-1.000000000000000000e+00,-1.000000000000000000e+00,-1.000000000000000000e+00,-1.000000000000000000e+00,-1.000000000000000000e+00,-1.000000000000000000e+00,-1.000000000000000000e+00,-1.000000000000000000e+00,-1.000000000000000000e+00,-1.000000000000000000e+00,-1.000000000000000000e+00,-1.000000000000000000e+00
-1.000000000000000000e+00,-1.000000000000000000e+00,-1.000000000000000000e+00,-1.000000000000000000e+00,-1.000000000000000000e+00,-1.000000000000000000e+00,-1.000000000000000000e+00,-1.000000000000000000e+00,-1.000000000000000000e+00,-1.000000000000000000e+00,-1.000000000000000000e+00,-1.000000000000000000e+00,-1.000000000000000000e+00,-1.000000000000000000e+00,-1.000000000000000000e+00,-1.000000000000000000e+00,-1.000000000000000000e+00,-1.000000000000000000e+00,-1.000000000000000000e+00,-1.000000000000000000e+00,-1.000000000000000000e+00,-1.000000000000000000e+00,-1.000000000000000000e+00,-1.000000000000000000e+00,-1.000000000000000000e+00,-1.000000000000000000e+00,-1.000000000000000000e+00,-1.000000000000000000e+00,-1.000000000000000000e+00,-1.000000000000000000e+00,-1.000000000000000000e+00,-1.000000000000000000e+00,-1.000000000000000000e+00,-1.000000000000000000e+00,-1.000000000000000000e+00,-1.000000000000000000e+00,-1.000000000000000000e+00,-1.000000000000000000e+00,-1.000000000000000000e+00,-1.000000000000000000e+00,-1.000000000000000000e+00,-1.000000000000000000e+00,-1.000000000000000000e+00,-1.000000000000000000e+00,-1.000000000000000000e+00,-1.000000000000000000e+00,2.977771880608181210e+00,-2.555455912487757608e+00,-2.463332804075691662e+00,-2.266790668670536579e+00,-1.985518394785172891e+00,-1.635170999535068503e+00,-1.249557964090376894e+00,-8.806444344709336569e-01,-5.833674049079142776e-01,-3.945709396723342532e-01,-3.203554838860394050e-01,-3.407618443284889942e-01,-4.262011563689144245e-01,-5.516750288698475391e-01,-7.020486552930498281e-01,-7.781398634286584848e-01,-7.252488018338738573e-01,-6.110385032166008035e-01,-4.693875002234314531e-01,-2.995170846164312284e-01,-1.025636539404183312e-01,1.011607991800611561e-01,3.042340908592431337e-01,4.868573583655253501e-01,6.257921218522362050e-01,6.998698567858201436e-01,6.998698567987766683e-01,6.257921218735782443e-01,4.868573583984463493e-01,3.042340908406671041e-01,1.011607991342808877e-01,-1.025636540769714333e-01,-2.995170848047112866e-01,-4.693875004645065019e-01,-6.110385034915308822e-01,-7.252488021378302729e-01,-7.781398637453250666e-01,-7.020486556211670282e-01,-5.516750292094974029e-01,-4.262011567086627650e-01,-3.407618446521509803e-01,-3.203554841776639073e-01,-3.945709398662264888e-01,-5.833674049605992451e-01,-8.806444343589113766e-01,-1.249557963913519920e+00,-1.635170999393675162e+00,-1.985518394725660052e+00,-2.266790668709804280e+00,-2.463332804166709966e+00,-2.555455912694656995e+00,2.977771879767636687e+00,-1.000000000000000000e+00,-1.000000000000000000e+00,-1.000000000000000000e+00,-1.000000000000000000e+00,-1.000000000000000000e+00,-1.000000000000000000e+00,-1.000000000000000000e+00,-1.000000000000000000e+00,-1.000000000000000000e+00,-1.000000000000000000e+00,-1.000000000000000000e+00,-1.000000000000000000e+00,-1.000000000000000000e+00,-1.000000000000000000e+00,-1.000000000000000000e+00,-1.000000000000000000e+00,-1.000000000000000000e+00,-1.000000000000000000e+00,-1.000000000000000000e+00,-1.000000000000000000e+00,-1.000000000000000000e+00,-1.000000000000000000e+00,-1.000000000000000000e+00,-1.000000000000000000e+00,-1.000000000000000000e+00,-1.000000000000000000e+00,-1.000000000000000000e+00,-1.000000000000000000e+00,-1.000000000000000000e+00,-1.000000000000000000e+00,-1.000000000000000000e+00,-1.000000000000000000e+00,-1.000000000000000000e+00,-1.000000000000000000e+00,-1.000000000000000000e+00,-1.000000000000000000e+00,-1.000000000000000000e+00,-1.000000000000000000e+00,-1.000000000000000000e+00,-1.000000000000000000e+00,-1.000000000000000000e+00,-1.000000000000000000e+00,-1.000000000000000000e+00,-1.000000000000000000e+00,-1.000000000000000000e+00,-1.000000000000000000e+00
-1.000000000000000000e+00,-1.000000000000000000e+00,-1.000000000000000000e+00,-1.000000000000000000e+00,-1.000000000000000000e+00,-1.000000000000000000e+00,-1.000000000000000000e+00,-1.000000000000000000e+00,-1.000000000000000000e+00,-1.000000000000000000e+00,-1.000000000000000000e+00,-1.000000000000000000e+00,-1.000000000000000000e+00,-1.000000000000000000e+00,-1.000000000000000000e+00,-1.000000000000000000e+00,-1.000000000000000000e+00,-1.000000000000000000e+00,-1.000000000000000000e+00,-1.000000000000000000e+00,-1.000000000000000000e+00,-1.000000000000000000e+00,-1.000000000000000000e+00,-1.000000000000000000e+00,-1.000000000000000000e+00,-1.000000000000000000e+00,-1.000000000000000000e+00,-1.000000000000000000e+00,-1.000000000000000000e+00,-1.000000000000000000e+00,-1.000000000000000000e+00,-1.000000000000000000e+00,-1.000000000000000000e+00,-1.000000000000000000e+00,-1.000000000000000000e+00,-1.000000000000000000e+00,-1.000000000000000000e+00,-1.000000000000000000e+00,-1.000000000000000000e+00,-1.000000000000000000e+00,-1.000000000000000000e+00,-1.000000000000000000e+00,-1.000000000000000000e+00,-1.000000000000000000e+00,-1.000000000000000000e+00,-1.000000000000000000e+00,-8.366546993885887185e-01,-1.890032054160178276e+00,-2.104110931714762600e+00,-2.087837651074710088e+00,-1.983651665666341213e+00,-1.821784202659058716e+00,-1.610111390863575132e+00,-1.359470588259922286e+00,-1.090080464456977261e+00,-8.296460225038545522e-01,-6.071588456540979450e-01,-4.457153756183028781e-01,-3.560091958862994233e-01,-3.311256297963114381e-01,-3.441674871772644195e-01,-3.411927920566361072e-01,-2.854708775886375394e-01,-1.809696039215582530e-01,-3.194141648146242574e-02,1.658430683994092103e-01,4.141595547466427885e-01,7.045715054274359623e-01,1.018215262862900428e+00,1.319342993703003231e+00,1.560153489128119020e+00,1.693176988185647325e+00,1.693176988252641291e+00,1.560153489266991045e+00,1.319342993917814066e+00,1.018215262968475088e+00,7.045715054755838924e-01,4.141595545843188564e-01,1.658430681132965212e-01,-3.194141692117491438e-02,-1.809696044164684769e-01,-2.854708781361868786e-01,-3.411927925792718197e-01,-3.441674876806861683e-01,-3.311256302374009364e-01,-3.560091962953731981e-01,-4.457153759263202675e-01,-6.071588458647715347e-01,-8.296460225485366990e-01,-1.090080464348880174e+00,-1.359470588050460726e+00,-1.610111390667735787e+00,-1.821784202544141085e+00,-1.983651665660823404e+00,-2.087837651191101429e+00,-2.104110931934386031e+00,-1.890032054565102371e+00,-8.366546998829539339e-01,-1.000000000000000000e+00,-1.000000000000000000e+00,-1.000000000000000000e+00,-1.000000000000000000e+00,-1.000000000000000000e+00,-1.000000000000000000e+00,-1.000000000000000000e+00,-1.000000000000000000e+00,-1.000000000000000000e+00,-1.000000000000000000e+00,-1.000000000000000000e+00,-1.000000000000000000e+00,-1.000000000000000000e+00,-1.000000000000000000e+00,-1.000000000000000000e+00,-1.000000000000000000e+00,-1.000000000000000000e+00,-1.000000000000000000e+00,-1.000000000000000000e+00,-1.000000000000000000e+00,-1.000000000000000000e+00,-1.000000000000000000e+00,-1.000000000000000000e+00,-1.000000000000000000e+00,-1.000000000000000000e+00,-1.000000000000000000e+00,-1.000000000000000000e+00,-1.000000000000000000e+00,-1.000000000000000000e+00,-1.000000000000000000e+00,-1.000000000000000000e+00,-1.000000000000000000e+00,-1.000000000000000000e+00,-1.000000000000000000e+00,-1.000000000000000000e+00,-1.000000000000000000e+00,-1.000000000000000000e+00,-1.000000000000000000e+00,-1.000000000000000000e+00,-1.000000000000000000e+00,-1.000000000000000000e+00,-1.000000000000000000e+00,-1.000000000000000000e+00,-1.000000000000000000e+00,-1.000000000000000000e+00,-1.000000000000000000e+00
-1.000000000000000000e+00,-1.000000000000000000e+00,-1.000000000000000000e+00,-1.000000000000000000e+00,-1.000000000000000000e+00,-1.000000000000000000e+00,-1.000000000000000000e+00,-1.000000000000000000e+00,-1.000000000000000000e+00,-1.000000000000000000e+00,-1.000000000000000000e+00,-1.000000000000000000e+00,-1.000000000000000000e+00,-1.000000000000000000e+00,-1.000000000000000000e+00,-1.000000000000000000e+00,-1.000000000000000000e+00,-1.000000000000000000e+00,-1.000000000000000000e+00,-1.000000000000000000e+00,-1.000000000000000000e+00,-1.000000000000000000e+00,-1.000000000000000000e+00,-1.000000000000000000e+00,-1.000000000000000000e+00,-1.000000000000000000e+00,-1.000000000000000000e+00,-1.000000000000000000e+00,-1.000000000000000000e+00,-1.000000000000000000e+00,-1.000000000000000000e+00,-1.000000000000000000e+00,-1.000000000000000000e+00,-1.000000000000000000e+00,-1.000000000000000000e+00,-1.000000000000000000e+00,-1.000000000000000000e+00,-1.000000000000000000e+00,-1.000000000000000000e+00,-1.000000000000000000e+00,-1.000000000000000000e+00,-1.000000000000000000e+00,-1.000000000000000000e+00,-1.000000000000000000e+00,-1.000000000000000000e+00,-1.000000000000000000e+00,-1.458792771993760784e+00,-1.661958003618418278e+00,-1.744472074439227693e+00,-1.737952063011046100e+00,-1.683707741472681096e+00,-1.595798148307743247e+00,-1.475733406206449327e+00,-1.322894251741029814e+00,-1.140147146994997973e+00,-9.372300046667408902e-01,-7.321899492420798072e-01,-5.491327392421820885e-01,-4.099064106082124237e-01,-3.215791212083803918e-01,-2.694834990132323194e-01,-2.228739103957203538e-01,-1.545395312332275006e-01,-5.052644529426386644e-02,9.978008534871318780e-02,3.073891012073581841e-01,5.789121618941748260e-01,9.098483505937373650e-01,1.278109419727953000e+00,1.639692786925565304e+00,1.933537120148606903e+00,2.097672995863373746e+00,2.097672995973591359e+00,1.933537120369257956e+00,1.639692787243177907e+00,1.278109419885435916e+00,9.098483506630972162e-01,5.789121616716124130e-01,3.073891007915934281e-01,9.978008474880017964e-02,-5.052644596431943302e-02,-1.545395319640000542e-01,-2.228739110686450697e-01,-2.694834996188623100e-01,-3.215791217176424688e-01,-4.099064110371825054e-01,-5.491327395198610795e-01,-7.321899493756607313e-01,-9.372300046474754120e-01,-1.140147146872621864e+00,-1.322894251592013237e+00,-1.475733406058573616e+00,-1.595798148230579638e+00,-1.683707741463550178e+00,-1.737952063128837876e+00,-1.744472074677017037e+00,-1.661958003978854403e+00,-1.458792772422998318e+00,-1.000000000000000000e+00,-1.000000000000000000e+00,-1.000000000000000000e+00,-1.000000000000000000e+00,-1.000000000000000000e+00,-1.000000000000000000e+00,-1.000000000000000000e+00,-1.000000000000000000e+00,-1.000000000000000000e+00,-1.000000000000000000e+00,-1.000000000000000000e+00,-1.000000000000000000e+00,-1.000000000000000000e+00,-1.000000000000000000e+00,-1.000000000000000000e+00,-1.000000000000000000e+00,-1.000000000000000000e+00,-1.000000000000000000e+00,-1.000000000000000000e+00,-1.000000000000000000e+00,-1.000000000000000000e+00,-1.000000000000000000e+00,-1.000000000000000000e+00,-1.000000000000000000e+00,-1.000000000000000000e+00,-1.000000000000000000e+00,-1.000000000000000000e+00,-1.000000000000000000e+00,-1.000000000000000000e+00,-1.000000000000000000e+00,-1.000000000000000000e+00,-1.000000000000000000e+00,-1.000000000000000000e+00,-1.000000000000000000e+00,-1.000000000000000000e+00,-1.000000000000000000e+00,-1.000000000000000000e+00,-1.000000000000000000e+00,-1.000000000000000000e+00,-1.000000000000000000e+00,-1.000000000000000000e+00,-1.000000000000000000e+00,-1.000000000000000000e+00,-1.000000000000000000e+00,-1.000000000000000000e+00,-1.000000000000000000e+00
-1.000000000000000000e+00,-1.000000000000000000e+00,-1.000000000000000000e+00,-1.000000000000000000e+00,-1.000000000000000000e+00,-1.000000000000000000e+00,-1.000000000000000000e+00,-1.000000000000000000e+00,-1.000000000000000000e+00,-1.000000000000000000e+00,-1.000000000000000000e+00,-1.000000000000000000e+00,-1.000000000000000000e+00,-1.000000000000000000e+00,-1.000000000000000000e+00,-1.000000000000000000e+00,-1.000000000000000000e+00,-1.000000000000000000e+00,-1.000000000000000000e+00,-1.000000000000000000e+00,-1.000000000000000000e+00,-1.000000000000000000e+00,-1.000000000000000000e+00,-1.000000000000000000e+00,-1.000000000000000000e+00,-1.000000000000000000e+00,-1.000000000000000000e+00,-1.000000000000000000e+00,-1.000000000000000000e+00,-1.000000000000000000e+00,-1.000000000000000000e+00,-1.000000000000000000e+00,-1.000000000000000000e+00,-1.000000000000000000e+00,-1.000000000000000000e+00,-1.000000000000000000e+00,-1.000000000000000000e+00,-1.000000000000000000e+00,-1.000000000000000000e+00,-1.000000000000000000e+00,-1.000000000000000000e+00,-1.000000000000000000e+00,-1.000000000000000000e+00,-1.000000000000000000e+00,-1.000000000000000000e+00,-1.000000000000000000e+00,-1.445284408994110814e+00,-1.481145527023513875e+00,-1.493805082285552643e+00,-1.473632349679460773e+00,-1.428998744683994238e+00,-1.364592100795883667e+00,-1.281005280405899560e+00,-1.177285381573418999e+00,-1.053170517093454217e+00,-9.114642466094624584e-01,-7.605269001572461107e-01,-6.149639652061968942e-01,-4.911954020915723085e-01,-3.978307963140079728e-01,-3.287596182239282960e-01,-2.665847740395560495e-01,-1.916459384307944713e-01,-8.688777606703956824e-02,6.364094853786417261e-02,2.747455473694919714e-01,5.558586137170691277e-01,9.040590570369275714e-01,1.296270720053005476e+00,1.684836736952199487e+00,2.002610357227462945e+00,2.180892310805753631e+00,2.180892310900943709e+00,2.002610357410202102e+00,1.684836737211723889e+00,1.296270720161501355e+00,9.040590570146060934e-01,5.558586133946745722e-01,2.747455468480826113e-01,6.364094785813190214e-02,-8.688777683610748870e-02,-1.916459392288686336e-01,-2.665847747428385928e-01,-3.287596188209578330e-01,-3.978307968036234321e-01,-4.911954024515883255e-01,-6.149639654235502517e-01,-7.605269002321802807e-01,-9.114642465930598014e-01,-1.053170517004807571e+00,-1.177285381489696636e+00,-1.281005280293436188e+00,-1.364592100747834102e+00,-1.428998744665717968e+00,-1.473632349754111059e+00,-1.493805082461613809e+00,-1.481145527252333283e+00,-1.445284409290663152e+00,-1.000000000000000000e+00,-1.000000000000000000e+00,-1.000000000000000000e+00,-1.000000000000000000e+00,-1.000000000000000000e+00,-1.000000000000000000e+00,-1.000000000000000000e+00,-1.000000000000000000e+00,-1.000000000000000000e+00,-1.000000000000000000e+00,-1.000000000000000000e+00,-1.000000000000000000e+00,-1.000000000000000000e+00,-1.000000000000000000e+00,-1.000000000000000000e+00,-1.000000000000000000e+00,-1.000000000000000000e+00,-1.000000000000000000e+00,-1.000000000000000000e+00,-1.000000000000000000e+00,-1.000000000000000000e+00,-1.000000000000000000e+00,-1.000000000000000000e+00,-1.000000000000000000e+00,-1.000000000000000000e+00,-1.000000000000000000e+00,-1.000000000000000000e+00,-1.000000000000000000e+00,-1.000000000000000000e+00,-1.000000000000000000e+00,-1.000000000000000000e+00,-1.000000000000000000e+00,-1.000000000000000000e+00,-1.000000000000000000e+00,-1.000000000000000000e+00,-1.000000000000000000e+00,-1.000000000000000000e+00,-1.000000000000000000e+00,-1.000000000000000000e+00,-1.000000000000000000e+00,-1.000000000000000000e+00,-1.000000000000000000e+00,-1.000000000000000000e+00,-1.000000000000000000e+00,-1.000000000000000000e+00,-1.000000000000000000e+00
-1.000000000000000000e+00,-1.000000000000000000e+00,-1.000000000000000000e+00,-1.000000000000000000e+00,-1.000000000000000000e+00,-1.000000000000000000e+00,-1.000000000000000000e+00,-1.000000000000000000e+00,-1.000000000000000000e+00,-1.000000000000000000e+00,-1.000000000000000000e+00,-1.000000000000000000e+00,-1.000000000000000000e+00,-1.000000000000000000e+00,-1.000000000000000000e+00,-1.000000000000000000e+00,-1.000000000000000000e+00,-1.000000000000000000e+00,-1.000000000000000000e+00,-1.000000000000000000e+00,-1.000000000000000000e+00,-1.000000000000000000e+00,-1.000000000000000000e+00,-1.000000000000000000e+00,-1.000000000000000000e+00,-1.000000000000000000e+00,-1.000000000000000000e+00,-1.000000000000000000e+00,-1.000000000000000000e+00,-1.000000000000000000e+00,-1.000000000000000000e+00,-1.000000000000000000e+00,-1.000000000000000000e+00,-1.000000000000000000e+00,-1.000000000000000000e+00,-1.000000000000000000e+00,-1.000000000000000000e+00,-1.000000000000000000e+00,-1.000000000000000000e+00,-1.000000000000000000e+00,-1.000000000000000000e+00,-1.000000000000000000e+00,-1.000000000000000000e+00,-1.000000000000000000e+00,-1.000000000000000000e+00,-1.000000000000000000e+00,-1.369882369238089703e+00,-1.372283048718000886e+00,-1.362442821576586693e+00,-1.335873470132573626e+00,-1.294069017852866210e+00,-1.238647634812850784e+00,-1.170400890727613996e+00,-1.089728948433603462e+00,-9.972595146028230273e-01,-8.947945241238943748e-01,-7.866701728328862053e-01,-6.805498752682042074e-01,-5.855234577552563824e-01,-5.068192467696674974e-01,-4.412107749452039984e-01,-3.778695463151324763e-01,-3.020083881122599401e-01,-1.972926319117580540e-01,-4.655572989353717883e-02,1.663582217743202474e-01,4.519597687307992384e-01,8.078261614029658144e-01,1.210428946581757703e+00,1.610546613005737093e+00,1.938485184198017297e+00,2.122758276522007659e+00,2.122758276559499446e+00,1.938485184251292903e+00,1.610546613049607334e+00,1.210428946497908331e+00,8.078261611757731053e-01,4.519597682982128273e-01,1.663582211952290280e-01,-4.655573056718731451e-02,-1.972926326461985624e-01,-3.020083888042839337e-01,-3.778695469187803857e-01,-4.412107754210693455e-01,-5.068192471340670080e-01,-5.855234579660291150e-01,-6.805498753684141588e-01,-7.866701727946452394e-01,-8.947945240543487833e-01,-9.972595144882308027e-01,-1.089728948346994519e+00,-1.170400890625469925e+00,-1.238647634746451676e+00,-1.294069017806118493e+00,-1.335873470115742645e+00,-1.362442821619371136e+00,-1.372283048777716452e+00,-1.369882369319648241e+00,-1.000000000000000000e+00,-1.000000000000000000e+00,-1.000000000000000000e+00,-1.000000000000000000e+00,-1.000000000000000000e+00,-1.000000000000000000e+00,-1.000000000000000000e+00,-1.000000000000000000e+00,-1.000000000000000000e+00,-1.000000000000000000e+00,-1.000000000000000000e+00,-1.000000000000000000e+00,-1.000000000000000000e+00,-1.000000000000000000e+00,-1.000000000000000000e+00,-1.000000000000000000e+00,-1.000000000000000000e+00,-1.000000000000000000e+00,-1.000000000000000000e+00,-1.000000000000000000e+00,-1.000000000000000000e+00,-1.000000000000000000e+00,-1.000000000000000000e+00,-1.000000000000000000e+00,-1.000000000000000000e+00,-1.000000000000000000e+00,-1.000000000000000000e+00,-1.000000000000000000e+00,-1.000000000000000000e+00,-1.000000000000000000e+00,-1.000000000000000000e+00,-1.000000000000000000e+00,-1.000000000000000000e+00,-1.000000000000000000e+00,-1.000000000000000000e+00,-1.000000000000000000e+00,-1.000000000000000000e+00,-1.000000000000000000e+00,-1.000000000000000000e+00,-1.000000000000000000e+00,-1.000000000000000000e+00,-1.000000000000000000e+00,-1.000000000000000000e+00,-1.000000000000000000e+00,-1.000000000000000000e+00,-1.000000000000000000e+00
-1.000000000000000000e+00,-1.000000000000000000e+00,-1.000000000000000000e+00,-1.000000000000000000e+00,-1.000000000000000000e+00,-1.000000000000000000e+00,-1.000000000000000000e+00,-1.000000000000000000e+00,-1.000000000000000000e+00,-1.000000000000000000e+00,-1.000000000000000000e+00,-1.000000000000000000e+00,-1.000000000000000000e+00,-1.000000000000000000e+00,-1.000000000000000000e+00,-1.000000000000000000e+00,-1.000000000000000000e+00,-1.000000000000000000e+00,-1.000000000000000000e+00,-1.000000000000000000e+00,-1.000000000000000000e+00,-1.000000000000000000e+00,-1.000000000000000000e+00,-1.000000000000000000e+00,-1.000000000000000000e+00,-1.000000000000000000e+00,-1.000000000000000000e+00,-1.000000000000000000e+00,-1.000000000000000000e+00,-1.000000000000000000e+00,-1.000000000000000000e+00,-1.000000000000000000e+00,-1.000000000000000000e+00,-1.000000000000000000e+00,-1.000000000000000000e+00,-1.000000000000000000e+00,-1.000000000000000000e+00,-1.000000000000000000e+00,-1.000000000000000000e+00,-1.000000000000000000e+00,-1.000000000000000000e+00,-1.000000000000000000e+00,-1.000000000000000000e+00,-1.000000000000000000e+00,-1.000000000000000000e+00,-1.000000000000000000e+00,-1.331996625868498985e+00,-1.328112179369681956e+00,-1.313459006194974465e+00,-1.286852158744892449e+00,-1.248710707409166787e+00,-1.199876326054977627e+00,-1.141326553002992128e+00,-1.074248129065606294e+00,-1.000156659208231824e+00,-9.211250550023318828e-01,-8.401902256435667127e-01,-7.615605571540989827e-01,-6.896556470636114877e-01,-6.265017310968292730e-01,-5.691574406468919989e-01,-5.094399247795405872e-01,-4.350549658604973002e-01,-3.307170068837840260e-01,-1.793325078310789022e-01,3.546581900983869495e-02,3.243644628341431080e-01,6.848984354512162032e-01,1.093150697455624432e+00,1.499106794507897522e+00,1.831951937710270872e+00,2.019046428055432330e+00,2.019046427997043036e+00,1.831951937549415099e+00,1.499106794218420191e+00,1.093150697072366118e+00,6.848984349677675887e-01,3.243644622892507545e-01,3.546581839644269429e-02,-1.793325084348046383e-01,-3.307170074854063335e-01,-4.350549663595911776e-01,-5.094399252056467375e-01,-5.691574409096535891e-01,-6.265017312552721984e-01,-6.896556470833961061e-01,-7.615605570902228560e-01,-8.401902254600122077e-01,-9.211250548304160679e-01,-1.000156659036244289e+00,-1.074248128940575420e+00,-1.141326552906261504e+00,-1.199876325946308775e+00,-1.248710707327933322e+00,-1.286852158638364774e+00,-1.313459006074017221e+00,-1.328112179249272273e+00,-1.331996625707813298e+00,-1.000000000000000000e+00,-1.000000000000000000e+00,-1.000000000000000000e+00,-1.000000000000000000e+00,-1.000000000000000000e+00,-1.000000000000000000e+00,-1.000000000000000000e+00,-1.000000000000000000e+00,-1.000000000000000000e+00,-1.000000000000000000e+00,-1.000000000000000000e+00,-1.000000000000000000e+00,-1.000000000000000000e+00,-1.000000000000000000e+00,-1.000000000000000000e+00,-1.000000000000000000e+00,-1.000000000000000000e+00,-1.000000000000000000e+00,-1.000000000000000000e+00,-1.000000000000000000e+00,-1.000000000000000000e+00,-1.000000000000000000e+00,-1.000000000000000000e+00,-1.000000000000000000e+00,-1.000000000000000000e+00,-1.000000000000000000e+00,-1.000000000000000000e+00,-1.000000000000000000e+00,-1.000000000000000000e+00,-1.000000000000000000e+00,-1.000000000000000000e+00,-1.000000000000000000e+00,-1.000000000000000000e+00,-1.000000000000000000e+00,-1.000000000000000000e+00,-1.000000000000000000e+00,-1.000000000000000000e+00,-1.000000000000000000e+00,-1.000000000000000000e+00,-1.000000000000000000e+00,-1.000000000000000000e+00,-1.000000000000000000e+00,-1.000000000000000000e+00,-1.000000000000000000e+00,-1.000000000000000000e+00,-1.000000000000000000e+00
-1.000000000000000000e+00,-1.000000000000000000e+00,-1.000000000000000000e+00,-1.000000000000000000e+00,-1.000000000000000000e+00,-1.000000000000000000e+00,-1.000000000000000000e+00,-1.000000000000000000e+00,-1.000000000000000000e+00,-1.000000000000000000e+00,-1.000000000000000000e+00,-1.000000000000000000e+00,-1.000000000000000000e+00,-1.000000000000000000e+00,-1.000000000000000000e+00,-1.000000000000000000e+00,-1.000000000000000000e+00,-1.000000000000000000e+00,-1.000000000000000000e+00,-1.000000000000000000e+00,-1.000000000000000000e+00,-1.000000000000000000e+00,-1.000000000000000000e+00,-1.000000000000000000e+00,-1.000000000000000000e+00,-1.000000000000000000e+00,-1.000000000000000000e+00,-1.000000000000000000e+00,-1.000000000000000000e+00,-1.000000000000000000e+00,-1.000000000000000000e+00,-1.000000000000000000e+00,-1.000000000000000000e+00,-1.000000000000000000e+00,-1.000000000000000000e+00,-1.000000000000000000e+00,-1.000000000000000000e+00,-1.000000000000000000e+00,-1.000000000000000000e+00,-1.000000000000000000e+00,-1.000000000000000000e+00,-1.000000000000000000e+00,-1.000000000000000000e+00,-1.000000000000000000e+00,-1.000000000000000000e+00,-1.000000000000000000e+00,-1.325320648216589126e+00,-1.320783752905705377e+00,-1.306678108811615946e+00,-1.282821629450752621e+00,-1.249513907420140679e+00,-1.207405566835350941e+00,-1.157500110235536450e+00,-1.101198493638614773e+00,-1.040298905742617741e+00,-9.769624701573625947e-01,-9.136661409090073294e-01,-8.530124324465347962e-01,-7.970406897713393501e-01,-7.458441031966503987e-01,-6.961098735019550787e-01,-6.405199440951416801e-01,-5.678628600911940216e-01,-4.635446903278110931e-01,-3.108036908333899895e-01,-9.346337389316250466e-02,1.989649803191644306e-01,5.637272782470843513e-01,9.764848166128328177e-01,1.386667947645864096e+00,1.722830785624913652e+00,1.911757682961129134e+00,1.911757682789991364e+00,1.722830785208422366e+00,1.386667946996895662e+00,9.764848158985930393e-01,5.637272774810584419e-01,1.989649796211907518e-01,-9.346337454820441426e-02,-3.108036913432972170e-01,-4.635446907730400579e-01,-5.678628603946284104e-01,-6.405199443193516640e-01,-6.961098735631741086e-01,-7.458441031907969698e-01,-7.970406896551489595e-01,-8.530124322534368142e-01,-9.136661406433600474e-01,-9.769624699150983860e-01,-1.040298905549553510e+00,-1.101198493487342001e+00,-1.157500110148370620e+00,-1.207405566715876510e+00,-1.249513907316464945e+00,-1.282821629305822775e+00,-1.306678108593100740e+00,-1.320783752673285960e+00,-1.325320647925710693e+00,-1.000000000000000000e+00,-1.000000000000000000e+00,-1.000000000000000000e+00,-1.000000000000000000e+00,-1.000000000000000000e+00,-1.000000000000000000e+00,-1.000000000000000000e+00,-1.000000000000000000e+00,-1.000000000000000000e+00,-1.000000000000000000e+00,-1.000000000000000000e+00,-1.000000000000000000e+00,-1.000000000000000000e+00,-1.000000000000000000e+00,-1.000000000000000000e+00,-1.000000000000000000e+00,-1.000000000000000000e+00,-1.000000000000000000e+00,-1.000000000000000000e+00,-1.000000000000000000e+00,-1.000000000000000000e+00,-1.000000000000000000e+00,-1.000000000000000000e+00,-1.000000000000000000e+00,-1.000000000000000000e+00,-1.000000000000000000e+00,-1.000000000000000000e+00,-1.000000000000000000e+00,-1.000000000000000000e+00,-1.000000000000000000e+00,-1.000000000000000000e+00,-1.000000000000000000e+00,-1.000000000000000000e+00,-1.000000000000000000e+00,-1.000000000000000000e+00,-1.000000000000000000e+00,-1.000000000000000000e+00,-1.000000000000000000e+00,-1.000000000000000000e+00,-1.000000000000000000e+00,-1.000000000000000000e+00,-1.000000000000000000e+00,-1.000000000000000000e+00,-1.000000000000000000e+00,-1.000000000000000000e+00,-1.000000000000000000e+00
-1.000000000000000000e+00,-1.000000000000000000e+00,-1.000000000000000000e+00,-1.000000000000000000e+00,-1.000000000000000000e+00,-1.000000000000000000e+00,-1.000000000000000000e+00,-1.000000000000000000e+00,-1.000000000000000000e+00,-1.000000000000000000e+00,-1.000000000000000000e+00,-1.000000000000000000e+00,-1.000000000000000000e+00,-1.000000000000000000e+00,-1.000000000000000000e+00,-1.000000000000000000e+00,-1.000000000000000000e+00,-1.000000000000000000e+00,-1.000000000000000000e+00,-1.000000000000000000e+00,-1.000000000000000000e+00,-1.000000000000000000e+00,-1.000000000000000000e+00,-1.000000000000000000e+00,-1.000000000000000000e+00,-1.000000000000000000e+00,-1.000000000000000000e+00,-1.000000000000000000e+00,-1.000000000000000000e+00,-1.000000000000000000e+00,-1.000000000000000000e+00,-1.000000000000000000e+00,-1.000000000000000000e+00,-1.000000000000000000e+00,-1.000000000000000000e+00,-1.000000000000000000e+00,-1.000000000000000000e+00,-1.000000000000000000e+00,-1.000000000000000000e+00,-1.000000000000000000e+00,-1.000000000000000000e+00,-1.000000000000000000e+00,-1.000000000000000000e+00,-1.000000000000000000e+00,-1.000000000000000000e+00,-1.000000000000000000e+00,-1.333129514065246823e+00,-1.329091827807659998e+00,-1.316920683415374382e+00,-1.296671917445002098e+00,-1.268625790459983360e+00,-1.233348491799395763e+00,-1.191764466484460439e+00,-1.145200342857338738e+00,-1.095357866529209634e+00,-1.044200698152616402e+00,-9.937481856053834717e-01,-9.457287456041556517e-01,-9.009820320263371984e-01,-8.585605443349124677e-01,-8.147631111906111778e-01,-7.624798797495627722e-01,-6.909384939813824067e-01,-5.859538487870972201e-01,-4.310975357597315316e-01,-2.105013844805210255e-01,8.598952664996439843e-02,4.552330888353368632e-01,8.724441803395530659e-01,1.286569403323891692e+00,1.625690743021273033e+00,1.816206137666179110e+00,1.816206137409990706e+00,1.625690742384047649e+00,1.286569402364275749e+00,8.724441793156456626e-01,4.552330878037653683e-01,8.598952579074325975e-02,-2.105013851903606570e-01,-4.310975362363257402e-01,-5.859538491437494834e-01,-6.909384941555478665e-01,-7.624798798209757589e-01,-8.147631111397058978e-01,-8.585605442375967566e-01,-9.009820318524490723e-01,-9.457287453629887874e-01,-9.937481853437306611e-01,-1.044200697896085162e+00,-1.095357866370434863e+00,-1.145200342733614374e+00,-1.191764466429559466e+00,-1.233348491730438701e+00,-1.268625790360299543e+00,-1.296671917312715472e+00,-1.316920683197804198e+00,-1.329091827540077597e+00,-1.333129513772845165e+00,-1.000000000000000000e+00,-1.000000000000000000e+00,-1.000000000000000000e+00,-1.000000000000000000e+00,-1.000000000000000000e+00,-1.000000000000000000e+00,-1.000000000000000000e+00,-1.000000000000000000e+00,-1.000000000000000000e+00,-1.000000000000000000e+00,-1.000000000000000000e+00,-1.000000000000000000e+00,-1.000000000000000000e+00,-1.000000000000000000e+00,-1.000000000000000000e+00,-1.000000000000000000e+00,-1.000000000000000000e+00,-1.000000000000000000e+00,-1.000000000000000000e+00,-1.000000000000000000e+00,-1.000000000000000000e+00,-1.000000000000000000e+00,-1.000000000000000000e+00,-1.000000000000000000e+00,-1.000000000000000000e+00,-1.000000000000000000e+00,-1.000000000000000000e+00,-1.000000000000000000e+00,-1.000000000000000000e+00,-1.000000000000000000e+00,-1.000000000000000000e+00,-1.000000000000000000e+00,-1.000000000000000000e+00,-1.000000000000000000e+00,-1.000000000000000000e+00,-1.000000000000000000e+00,-1.000000000000000000e+00,-1.000000000000000000e+00,-1.000000000000000000e+00,-1.000000000000000000e+00,-1.000000000000000000e+00,-1.000000000000000000e+00,-1.000000000000000000e+00,-1.000000000000000000e+00,-1.000000000000000000e+00,-1.000000000000000000e+00
-1.000000000000000000e+00,-1.000000000000000000e+00,-1.000000000000000000e+00,-1.000000000000000000e+00,-1.000000000000000000e+00,-1.000000000000000000e+00,-1.000000000000000000e+00,-1.000000000000000000e+00,-1.000000000000000000e+00,-1.000000000000000000e+00,-1.000000000000000000e+00,-1.000000000000000000e+00,-1.000000000000000000e+00,-1.000000000000000000e+00,-1.000000000000000000e+00,-1.000000000000000000e+00,-1.000000000000000000e+00,-1.000000000000000000e+00,-1.000000000000000000e+00,-1.000000000000000000e+00,-1.000000000000000000e+00,-1.000000000000000000e+00,-1.000000000000000000e+00,-1.000000000000000000e+00,-1.000000000000000000e+00,-1.000000000000000000e+00,-1.000000000000000000e+00,-1.000000000000000000e+00,-1.000000000000000000e+00,-1.000000000000000000e+00,-1.000000000000000000e+00,-1.000000000000000000e+00,-1.000000000000000000e+00,-1.000000000000000000e+00,-1.000000000000000000e+00,-1.000000000000000000e+00,-1.000000000000000000e+00,-1.000000000000000000e+00,-1.000000000000000000e+00,-1.000000000000000000e+00,-1.000000000000000000e+00,-1.000000000000000000e+00,-1.000000000000000000e+00,-1.000000000000000000e+00,-1.000000000000000000e+00,-1.000000000000000000e+00,-1.345694824026160807e+00,-1.342350718491208017e+00,-1.332333148934191858e+00,-1.315740802306291313e+00,-1.292828283716137783e+00,-1.264084930410895868e+00,-1.230308216387087095e+00,-1.192639325355041358e+00,-1.152527733207959981e+00,-1.111600993683666161e+00,-1.071422577221332162e+00,-1.033115464996936295e+00,-9.968206704534878781e-01,-9.609919265933494215e-01,-9.216295567903758368e-01,-8.716327842767798151e-01,-8.004235318935245536e-01,-6.940869940577241159e-01,-5.364981853363502973e-01,-3.121238143376355856e-01,-1.118284778064704277e-02,3.627684962484016840e-01,7.845024978007490990e-01,1.202521622544041158e+00,1.544503865536076770e+00,1.736534769933208988e+00,1.736534769635270425e+00,1.544503864754534828e+00,1.202521621386326789e+00,7.845024965669225026e-01,3.627684950418692544e-01,-1.118284876222352953e-02,-3.121238150996669125e-01,-5.364981858268689230e-01,-6.940869943555749710e-01,-8.004235319877367472e-01,-8.716327842563075246e-01,-9.216295566925650773e-01,-9.609919264427081442e-01,-9.968206702894413240e-01,-1.033115464788946003e+00,-1.071422577021634792e+00,-1.111600993465278409e+00,-1.152527733093372309e+00,-1.192639325262328853e+00,-1.230308216319697223e+00,-1.264084930353821745e+00,-1.292828283599455119e+00,-1.315740802168146484e+00,-1.332333148745036278e+00,-1.342350718212638627e+00,-1.345694823753535108e+00,-1.000000000000000000e+00,-1.000000000000000000e+00,-1.000000000000000000e+00,-1.000000000000000000e+00,-1.000000000000000000e+00,-1.000000000000000000e+00,-1.000000000000000000e+00,-1.000000000000000000e+00,-1.000000000000000000e+00,-1.000000000000000000e+00,-1.000000000000000000e+00,-1.000000000000000000e+00,-1.000000000000000000e+00,-1.000000000000000000e+00,-1.000000000000000000e+00,-1.000000000000000000e+00,-1.000000000000000000e+00,-1.000000000000000000e+00,-1.000000000000000000e+00,-1.000000000000000000e+00,-1.000000000000000000e+00,-1.000000000000000000e+00,-1.000000000000000000e+00,-1.000000000000000000e+00,-1.000000000000000000e+00,-1.000000000000000000e+00,-1.000000000000000000e+00,-1.000000000000000000e+00,-1.000000000000000000e+00,-1.000000000000000000e+00,-1.000000000000000000e+00,-1.000000000000000000e+00,-1.000000000000000000e+00,-1.000000000000000000e+00,-1.000000000000000000e+00,-1.000000000000000000e+00,-1.000000000000000000e+00,-1.000000000000000000e+00,-1.000000000000000000e+00,-1.000000000000000000e+00,-1.000000000000000000e+00,-1.000000000000000000e+00,-1.000000000000000000e+00,-1.000000000000000000e+00,-1.000000000000000000e+00,-1.000000000000000000e+00
-1.000000000000000000e+00,-1.000000000000000000e+00,-1.000000000000000000e+00,-1.000000000000000000e+00,-1.000000000000000000e+00,-1.000000000000000000e+00,-1.000000000000000000e+00,-1.000000000000000000e+00,-1.000000000000000000e+00,-1.000000000000000000e+00,-1.000000000000000000e+00,-1.000000000000000000e+00,-1.000000000000000000e+00,-1.000000000000000000e+00,-1.000000000000000000e+00,-1.000000000000000000e+00,-1.000000000000000000e+00,-1.000000000000000000e+00,-1.000000000000000000e+00,-1.000000000000000000e+00,-1.000000000000000000e+00,-1.000000000000000000e+00,-1.000000000000000000e+00,-1.000000000000000000e+00,-1.000000000000000000e+00,-1.000000000000000000e+00,-1.000000000000000000e+00,-1.000000000000000000e+00,-1.000000000000000000e+00,-1.000000000000000000e+00,-1.000000000000000000e+00,-1.000000000000000000e+00,-1.000000000000000000e+00,-1.000000000000000000e+00,-1.000000000000000000e+00,-1.000000000000000000e+00,-1.000000000000000000e+00,-1.000000000000000000e+00,-1.000000000000000000e+00,-1.000000000000000000e+00,-1.000000000000000000e+00,-1.000000000000000000e+00,-1.000000000000000000e+00,-1.000000000000000000e+00,-1.000000000000000000e+00,-1.000000000000000000e+00,-1.358875893649989397e+00,-1.356203346514064823e+00,-1.348210432915355028e+00,-1.334994270583649278e+00,-1.316775793432809483e+00,-1.293964853601036413e+00,-1.267218315905030535e+00,-1.237463477093904807e+00,-1.205858256478080204e+00,-1.173663418360002764e+00,-1.142007168790756921e+00,-1.111526263498170630e+00,-1.081873495846984667e+00,-1.051102531504161330e+00,-1.014987903010658332e+00,-9.663926059184309025e-01,-8.948509083921291074e-01,-7.866597241907821170e-01,-6.259730394691668254e-01,-3.975875628238410009e-01,-9.209347141268808823e-02,2.865518575147931735e-01,7.127071229410630870e-01,1.134474758866991895e+00,1.479180479564495609e+00,1.672644193254363643e+00,1.672644192961495246e+00,1.479180478755137251e+00,1.134474757692249813e+00,7.127071216719047531e-01,2.865518562806159686e-01,-9.209347243021970275e-02,-3.975875635781662698e-01,-6.259730399459730865e-01,-7.866597244172137682e-01,-8.948509084306737194e-01,-9.663926058232835681e-01,-1.014987902860941871e+00,-1.051102531295141862e+00,-1.081873495675352403e+00,-1.111526263283317384e+00,-1.142007168587048316e+00,-1.173663418146392967e+00,-1.205858256325112343e+00,-1.237463476963642117e+00,-1.267218315755659575e+00,-1.293964853458803965e+00,-1.316775793248795123e+00,-1.334994270368621727e+00,-1.348210432701578032e+00,-1.356203346238328722e+00,-1.358875893374411170e+00,-1.000000000000000000e+00,-1.000000000000000000e+00,-1.000000000000000000e+00,-1.000000000000000000e+00,-1.000000000000000000e+00,-1.000000000000000000e+00,-1.000000000000000000e+00,-1.000000000000000000e+00,-1.000000000000000000e+00,-1.000000000000000000e+00,-1.000000000000000000e+00,-1.000000000000000000e+00,-1.000000000000000000e+00,-1.000000000000000000e+00,-1.000000000000000000e+00,-1.000000000000000000e+00,-1.000000000000000000e+00,-1.000000000000000000e+00,-1.000000000000000000e+00,-1.000000000000000000e+00,-1.000000000000000000e+00,-1.000000000000000000e+00,-1.000000000000000000e+00,-1.000000000000000000e+00,-1.000000000000000000e+00,-1.000000000000000000e+00,-1.000000000000000000e+00,-1.000000000000000000e+00,-1.000000000000000000e+00,-1.000000000000000000e+00,-1.000000000000000000e+00,-1.000000000000000000e+00,-1.000000000000000000e+00,-1.000000000000000000e+00,-1.000000000000000000e+00,-1.000000000000000000e+00,-1.000000000000000000e+00,-1.000000000000000000e+00,-1.000000000000000000e+00,-1.000000000000000000e+00,-1.000000000000000000e+00,-1.000000000000000000e+00,-1.000000000000000000e+00,-1.000000000000000000e+00,-1.000000000000000000e+00,-1.000000000000000000e+00
-1.000000000000000000e+00,-1.000000000000000000e+00,-1.000000000000000000e+00,-1.000000000000000000e+00,-1.000000000000000000e+00,-1.000000000000000000e+00,-1.000000000000000000e+00,-1.000000000000000000e+00,-1.000000000000000000e+00,-1.000000000000000000e+00,-1.000000000000000000e+00,-1.000000000000000000e+00,-1.000000000000000000e+00,-1.000000000000000000e+00,-1.000000000000000000e+00,-1.000000000000000000e+00,-1.000000000000000000e+00,-1.000000000000000000e+00,-1.000000000000000000e+00,-1.000000000000000000e+00,-1.000000000000000000e+00,-1.000000000000000000e+00,-1.000000000000000000e+00,-1.000000000000000000e+00,-1.000000000000000000e+00,-1.000000000000000000e+00,-1.000000000000000000e+00,-1.000000000000000000e+00,-1.000000000000000000e+00,-1.000000000000000000e+00,-1.000000000000000000e+00,-1.000000000000000000e+00,-1.000000000000000000e+00,-1.000000000000000000e+00,-1.000000000000000000e+00,-1.000000000000000000e+00,-1.000000000000000000e+00,-1.000000000000000000e+00,-1.000000000000000000e+00,-1.000000000000000000e+00,-1.000000000000000000e+00,-1.000000000000000000e+00,-1.000000000000000000e+00,-1.000000000000000000e+00,-1.000000000000000000e+00,-1.000000000000000000e+00,-1.371121985057502712e+00,-1.369043717437359531e+00,-1.362832732094356514e+00,-1.352574808620711666e+00,-1.338454925354670699e+00,-1.320805493750128790e+00,-1.300147558651884694e+00,-1.277202248034208010e+00,-1.252848135840515020e+00,-1.228001478741140851e+00,-1.203399498037256210e+00,-1.179271342250120869e+00,-1.154888752116516981e+00,-1.128004304265816327e+00,-1.094216303454094374e+00,-1.046349898347867402e+00,-9.740249697239112825e-01,-8.637213150991354116e-01,-6.998483493963771895e-01,-4.675110812672057525e-01,-1.576445578468487208e-01,2.254283516426018874e-01,6.556984400179042272e-01,1.080920089886003410e+00,1.428117798098976543e+00,1.622887029903800737e+00,1.622887029654585866e+00,1.428117797369552910e+00,1.080920088845458427e+00,6.556984388662245866e-01,2.254283505361394102e-01,-1.576445587697480333e-01,-4.675110819144556729e-01,-6.998483498030338978e-01,-8.637213152360174728e-01,-9.740249696858176431e-01,-1.046349898138546619e+00,-1.094216303204210261e+00,-1.128004303971028799e+00,-1.154888751875120967e+00,-1.179271341978481491e+00,-1.203399497769447990e+00,-1.228001478483547348e+00,-1.252848135572973476e+00,-1.277202247790465650e+00,-1.300147558376188117e+00,-1.320805493458778290e+00,-1.338454925087064762e+00,-1.352574808331469036e+00,-1.362832731836320921e+00,-1.369043717204608379e+00,-1.371121984812570638e+00,-1.000000000000000000e+00,-1.000000000000000000e+00,-1.000000000000000000e+00,-1.000000000000000000e+00,-1.000000000000000000e+00,-1.000000000000000000e+00,-1.000000000000000000e+00,-1.000000000000000000e+00,-1.000000000000000000e+00,-1.000000000000000000e+00,-1.000000000000000000e+00,-1.000000000000000000e+00,-1.000000000000000000e+00,-1.000000000000000000e+00,-1.000000000000000000e+00,-1.000000000000000000e+00,-1.000000000000000000e+00,-1.000000000000000000e+00,-1.000000000000000000e+00,-1.000000000000000000e+00,-1.000000000000000000e+00,-1.000000000000000000e+00,-1.000000000000000000e+00,-1.000000000000000000e+00,-1.000000000000000000e+00,-1.000000000000000000e+00,-1.000000000000000000e+00,-1.000000000000000000e+00,-1.000000000000000000e+00,-1.000000000000000000e+00,-1.000000000000000000e+00,-1.000000000000000000e+00,-1.000000000000000000e+00,-1.000000000000000000e+00,-1.000000000000000000e+00,-1.000000000000000000e+00,-1.000000000000000000e+00,-1.000000000000000000e+00,-1.000000000000000000e+00,-1.000000000000000000e+00,-1.000000000000000000e+00,-1.000000000000000000e+00,-1.000000000000000000e+00,-1.000000000000000000e+00,-1.000000000000000000e+00,-1.000000000000000000e+00
-1.000000000000000000e+00,-1.000000000000000000e+00,-1.000000000000000000e+00,-1.000000000000000000e+00,-1.000000000000000000e+00,-1.000000000000000000e+00,-1.000000000000000000e+00,-1.000000000000000000e+00,-1.000000000000000000e+00,-1.000000000000000000e+00,-1.000000000000000000e+00,-1.000000000000000000e+00,-1.000000000000000000e+00,-1.000000000000000000e+00,-1.000000000000000000e+00,-1.000000000000000000e+00,-1.000000000000000000e+00,-1.000000000000000000e+00,-1.000000000000000000e+00,-1.000000000000000000e+00,-1.000000000000000000e+00,-1.000000000000000000e+00,-1.000000000000000000e+00,-1.000000000000000000e+00,-1.000000000000000000e+00,-1.000000000000000000e+00,-1.000000000000000000e+00,-1.000000000000000000e+00,-1.000000000000000000e+00,-1.000000000000000000e+00,-1.000000000000000000e+00,-1.000000000000000000e+00,-1.000000000000000000e+00,-1.000000000000000000e+00,-1.000000000000000000e+00,-1.000000000000000000e+00,-1.000000000000000000e+00,-1.000000000000000000e+00,-1.000000000000000000e+00,-1.000000000000000000e+00,-1.000000000000000000e+00,-1.000000000000000000e+00,-1.000000000000000000e+00,-1.000000000000000000e+00,-1.000000000000000000e+00,-1.000000000000000000e+00,-1.381881877675455783e+00,-1.380305831553891860e+00,-1.375598586809981816e+00,-1.367832659317436583e+00,-1.357158374866591188e+00,-1.343837318182647955e+00,-1.328268781017451161e+00,-1.310990967573142818e+00,-1.292636516019724180e+00,-1.273821562443893995e+00,-1.254948840138573996e+00,-1.235908177301282995e+00,-1.215663653090856222e+00,-1.191729604488316774e+00,-1.159564653811542279e+00,-1.111964110406049588e+00,-1.038621620671673629e+00,-9.261776327998619829e-01,-7.592690025703723311e-01,-5.232754804681408745e-01,-2.094363926508653329e-01,1.776080546094493950e-01,6.115346070893816766e-01,1.039804693352265552e+00,1.389191627273599572e+00,1.585104635456876743e+00,1.585104635280442320e+00,1.389191626714287864e+00,1.039804692562869004e+00,6.115346061808211164e-01,1.776080537453623709e-01,-2.094363933965404101e-01,-5.232754809733750623e-01,-7.592690028908403166e-01,-9.261776328621329490e-01,-1.038621620579749827e+00,-1.111964110151813401e+00,-1.159564653530336997e+00,-1.191729604166087420e+00,-1.215663652790899940e+00,-1.235908177001105557e+00,-1.254948839807560779e+00,-1.273821562126477680e+00,-1.292636515667944686e+00,-1.310990967234978433e+00,-1.328268780661674642e+00,-1.343837317794860375e+00,-1.357158374543330659e+00,-1.367832659022679476e+00,-1.375598586540237145e+00,-1.380305831357716562e+00,-1.381881877485998222e+00,-1.000000000000000000e+00,-1.000000000000000000e+00,-1.000000000000000000e+00,-1.000000000000000000e+00,-1.000000000000000000e+00,-1.000000000000000000e+00,-1.000000000000000000e+00,-1.000000000000000000e+00,-1.000000000000000000e+00,-1.000000000000000000e+00,-1.000000000000000000e+00,-1.000000000000000000e+00,-1.000000000000000000e+00,-1.000000000000000000e+00,-1.000000000000000000e+00,-1.000000000000000000e+00,-1.000000000000000000e+00,-1.000000000000000000e+00,-1.000000000000000000e+00,-1.000000000000000000e+00,-1.000000000000000000e+00,-1.000000000000000000e+00,-1.000000000000000000e+00,-1.000000000000000000e+00,-1.000000000000000000e+00,-1.000000000000000000e+00,-1.000000000000000000e+00,-1.000000000000000000e+00,-1.000000000000000000e+00,-1.000000000000000000e+00,-1.000000000000000000e+00,-1.000000000000000000e+00,-1.000000000000000000e+00,-1.000000000000000000e+00,-1.000000000000000000e+00,-1.000000000000000000e+00,-1.000000000000000000e+00,-1.000000000000000000e+00,-1.000000000000000000e+00,-1.000000000000000000e+00,-1.000000000000000000e+00,-1.000000000000000000e+00,-1.000000000000000000e+00,-1.000000000000000000e+00,-1.000000000000000000e+00,-1.000000000000000000e+00
-1.000000000000000000e+00,-1.000000000000000000e+00,-1.000000000000000000e+00,-1.000000000000000000e+00,-1.000000000000000000e+00,-1.000000000000000000e+00,-1.000000000000000000e+00,-1.000000000000000000e+00,-1.000000000000000000e+00,-1.000000000000000000e+00,-1.000000000000000000e+00,-1.000000000000000000e+00,-1.000000000000000000e+00,-1.000000000000000000e+00,-1.000000000000000000e+00,-1.000000000000000000e+00,-1.000000000000000000e+00,-1.000000000000000000e+00,-1.000000000000000000e+00,-1.000000000000000000e+00,-1.000000000000000000e+00,-1.000000000000000000e+00,-1.000000000000000000e+00,-1.000000000000000000e+00,-1.000000000000000000e+00,-1.000000000000000000e+00,-1.000000000000000000e+00,-1.000000000000000000e+00,-1.000000000000000000e+00,-1.000000000000000000e+00,-1.000000000000000000e+00,-1.000000000000000000e+00,-1.000000000000000000e+00,-1.000000000000000000e+00,-1.000000000000000000e+00,-1.000000000000000000e+00,-1.000000000000000000e+00,-1.000000000000000000e+00,-1.000000000000000000e+00,-1.000000000000000000e+00,-1.000000000000000000e+00,-1.000000000000000000e+00,-1.000000000000000000e+00,-1.000000000000000000e+00,-1.000000000000000000e+00,-1.000000000000000000e+00,-1.390995993596660263e+00,-1.389829790616617045e+00,-1.386348780690032978e+00,-1.380612401049477800e+00,-1.372739492664379002e+00,-1.362929913789222125e+00,-1.351479155455548753e+00,-1.338771400147477308e+00,-1.325233890031894513e+00,-1.311233935640829573e+00,-1.296899410879175818e+00,-1.281844513050606871e+00,-1.264786561665290687e+00,-1.243050745049044004e+00,-1.211985653603367297e+00,-1.164365114445176319e+00,-1.089946854848842461e+00,-9.755089476453542296e-01,-8.058828076919660743e-01,-5.666820267949205236e-01,-2.494024445255711431e-01,1.410513451459578516e-01,5.780972213496347045e-01,1.008956801419599536e+00,1.360198277907984643e+00,1.557078672282125709e+00,1.557078672175688627e+00,1.360198277532651989e+00,1.008956800902230722e+00,5.780972207223160630e-01,1.410513445404544264e-01,-2.494024450915613977e-01,-5.666820271941224174e-01,-8.058828079744245754e-01,-9.755089477269537346e-01,-1.089946854805531329e+00,-1.164365114272762014e+00,-1.211985653385788009e+00,-1.243050744794323759e+00,-1.264786561393958397e+00,-1.281844512795081048e+00,-1.296899410539241515e+00,-1.311233935284092711e+00,-1.325233889651796115e+00,-1.338771399742928025e+00,-1.351479155053791903e+00,-1.362929913384310021e+00,-1.372739492301597863e+00,-1.380612400778291837e+00,-1.386348780454814245e+00,-1.389829790424438549e+00,-1.390995993434304134e+00,-1.000000000000000000e+00,-1.000000000000000000e+00,-1.000000000000000000e+00,-1.000000000000000000e+00,-1.000000000000000000e+00,-1.000000000000000000e+00,-1.000000000000000000e+00,-1.000000000000000000e+00,-1.000000000000000000e+00,-1.000000000000000000e+00,-1.000000000000000000e+00,-1.000000000000000000e+00,-1.000000000000000000e+00,-1.000000000000000000e+00,-1.000000000000000000e+00,-1.000000000000000000e+00,-1.000000000000000000e+00,-1.000000000000000000e+00,-1.000000000000000000e+00,-1.000000000000000000e+00,-1.000000000000000000e+00,-1.000000000000000000e+00,-1.000000000000000000e+00,-1.000000000000000000e+00,-1.000000000000000000e+00,-1.000000000000000000e+00,-1.000000000000000000e+00,-1.000000000000000000e+00,-1.000000000000000000e+00,-1.000000000000000000e+00,-1.000000000000000000e+00,-1.000000000000000000e+00,-1.000000000000000000e+00,-1.000000000000000000e+00,-1.000000000000000000e+00,-1.000000000000000000e+00,-1.000000000000000000e+00,-1.000000000000000000e+00,-1.000000000000000000e+00,-1.000000000000000000e+00,-1.000000000000000000e+00,-1.000000000000000000e+00,-1.000000000000000000e+00,-1.000000000000000000e+00,-1.000000000000000000e+00,-1.000000000000000000e+00
-1.000000000000000000e+00,-1.000000000000000000e+00,-1.000000000000000000e+00,-1.000000000000000000e+00,-1.000000000000000000e+00,-1.000000000000000000e+00,-1.000000000000000000e+00,-1.000000000000000000e+00,-1.000000000000000000e+00,-1.000000000000000000e+00,-1.000000000000000000e+00,-1.000000000000000000e+00,-1.000000000000000000e+00,-1.000000000000000000e+00,-1.000000000000000000e+00,-1.000000000000000000e+00,-1.000000000000000000e+00,-1.000000000000000000e+00,-1.000000000000000000e+00,-1.000000000000000000e+00,-1.000000000000000000e+00,-1.000000000000000000e+00,-1.000000000000000000e+00,-1.000000000000000000e+00,-1.000000000000000000e+00,-1.000000000000000000e+00,-1.000000000000000000e+00,-1.000000000000000000e+00,-1.000000000000000000e+00,-1.000000000000000000e+00,-1.000000000000000000e+00,-1.000000000000000000e+00,-1.000000000000000000e+00,-1.000000000000000000e+00,-1.000000000000000000e+00,-1.000000000000000000e+00,-1.000000000000000000e+00,-1.000000000000000000e+00,-1.000000000000000000e+00,-1.000000000000000000e+00,-1.000000000000000000e+00,-1.000000000000000000e+00,-1.000000000000000000e+00,-1.000000000000000000e+00,-1.000000000000000000e+00,-1.000000000000000000e+00,-1.398487386722319092e+00,-1.397645621728824228e+00,-1.395134685205270397e+00,-1.391001918808546289e+00,-1.385338695746420878e+00,-1.378293038697189443e+00,-1.370075241362191942e+00,-1.360944792298665496e+00,-1.351164089583872574e+00,-1.340902004050868568e+00,-1.330068435592729914e+00,-1.318060242273470184e+00,-1.303401280670266615e+00,-1.283269238420203351e+00,-1.252927648491280133e+00,-1.205135449344324705e+00,-1.129704065800177792e+00,-1.013524810177817148e+00,-8.415883969115360852e-01,-5.996988521711936748e-01,-2.795594833775338905e-01,1.137126910210743969e-01,5.533283567883726661e-01,9.863170524187128141e-01,1.339081864742324601e+00,1.536756477835912182e+00,1.536756477797932341e+00,1.339081864561578517e+00,9.863170521714146322e-01,5.533283564478725935e-01,1.137126906610830268e-01,-2.795594837589314707e-01,-5.996988524772743911e-01,-8.415883971718164380e-01,-1.013524810323830794e+00,-1.129704065843178284e+00,-1.205135449294846062e+00,-1.252927648370511182e+00,-1.283269238273118784e+00,-1.303401280452787470e+00,-1.318060242024567508e+00,-1.330068435227149015e+00,-1.340902003624155681e+00,-1.351164089145947989e+00,-1.360944791822221722e+00,-1.370075240897896451e+00,-1.378293038292544237e+00,-1.385338695356848726e+00,-1.391001918523801173e+00,-1.395134684993077911e+00,-1.397645621529153281e+00,-1.398487386542421662e+00,-1.000000000000000000e+00,-1.000000000000000000e+00,-1.000000000000000000e+00,-1.000000000000000000e+00,-1.000000000000000000e+00,-1.000000000000000000e+00,-1.000000000000000000e+00,-1.000000000000000000e+00,-1.000000000000000000e+00,-1.000000000000000000e+00,-1.000000000000000000e+00,-1.000000000000000000e+00,-1.000000000000000000e+00,-1.000000000000000000e+00,-1.000000000000000000e+00,-1.000000000000000000e+00,-1.000000000000000000e+00,-1.000000000000000000e+00,-1.000000000000000000e+00,-1.000000000000000000e+00,-1.000000000000000000e+00,-1.000000000000000000e+00,-1.000000000000000000e+00,-1.000000000000000000e+00,-1.000000000000000000e+00,-1.000000000000000000e+00,-1.000000000000000000e+00,-1.000000000000000000e+00,-1.000000000000000000e+00,-1.000000000000000000e+00,-1.000000000000000000e+00,-1.000000000000000000e+00,-1.000000000000000000e+00,-1.000000000000000000e+00,-1.000000000000000000e+00,-1.000000000000000000e+00,-1.000000000000000000e+00,-1.000000000000000000e+00,-1.000000000000000000e+00,-1.000000000000000000e+00,-1.000000000000000000e+00,-1.000000000000000000e+00,-1.000000000000000000e+00,-1.000000000000000000e+00,-1.000000000000000000e+00,-1.000000000000000000e+00
-1.000000000000000000e+00,-1.000000000000000000e+00,-1.000000000000000000e+00,-1.000000000000000000e+00,-1.000000000000000000e+00,-1.000000000000000000e+00,-1.000000000000000000e+00,-1.000000000000000000e+00,-1.000000000000000000e+00,-1.000000000000000000e+00,-1.000000000000000000e+00,-1.000000000000000000e+00,-1.000000000000000000e+00,-1.000000000000000000e+00,-1.000000000000000000e+00,-1.000000000000000000e+00,-1.000000000000000000e+00,-1.000000000000000000e+00,-1.000000000000000000e+00,-1.000000000000000000e+00,-1.000000000000000000e+00,-1.000000000000000000e+00,-1.000000000000000000e+00,-1.000000000000000000e+00,-1.000000000000000000e+00,-1.000000000000000000e+00,-1.000000000000000000e+00,-1.000000000000000000e+00,-1.000000000000000000e+00,-1.000000000000000000e+00,-1.000000000000000000e+00,-1.000000000000000000e+00,-1.000000000000000000e+00,-1.000000000000000000e+00,-1.000000000000000000e+00,-1.000000000000000000e+00,-1.000000000000000000e+00,-1.000000000000000000e+00,-1.000000000000000000e+00,-1.000000000000000000e+00,-1.000000000000000000e+00,-1.000000000000000000e+00,-1.000000000000000000e+00,-1.000000000000000000e+00,-1.000000000000000000e+00,-1.000000000000000000e+00,-1.404478723816263486e+00,-1.403886858132175730e+00,-1.402122616386544784e+00,-1.399222606858310014e+00,-1.395254993483337813e+00,-1.390325560670944816e+00,-1.384576800499994986e+00,-1.378170442048897382e+00,-1.371240882673108175e+00,-1.363803900104391564e+00,-1.355602023894239672e+00,-1.345865855721520399e+00,-1.332971727626947267e+00,-1.313985201842428063e+00,-1.284105591127562285e+00,-1.236081606461025606e+00,-1.159767530300045646e+00,-1.042143810526626968e+00,-8.683260260193645941e-01,-6.242669486128171741e-01,-3.018314510150493790e-01,9.369812831340440518e-02,5.353705883617039252e-01,9.700639777155954935e-01,1.324049456060383267e+00,1.522360866771433674e+00,1.522360866792863643e+00,1.324049456069568809e+00,9.700639777299182587e-01,5.353705883297639190e-01,9.369812823400192059e-02,-3.018314511490823859e-01,-6.242669487674519235e-01,-8.683260261833252169e-01,-1.042143810657830016e+00,-1.159767530352793674e+00,-1.236081606467313465e+00,-1.284105591048940287e+00,-1.313985201723914420e+00,-1.332971727393237993e+00,-1.345865855392554655e+00,-1.355602023452936455e+00,-1.363803899560949384e+00,-1.371240882111422810e+00,-1.378170441497806653e+00,-1.384576799957372373e+00,-1.390325560230261992e+00,-1.395254993112459818e+00,-1.399222606572848360e+00,-1.402122616192201576e+00,-1.403886857987926673e+00,-1.404478723674309482e+00,-1.000000000000000000e+00,-1.000000000000000000e+00,-1.000000000000000000e+00,-1.000000000000000000e+00,-1.000000000000000000e+00,-1.000000000000000000e+00,-1.000000000000000000e+00,-1.000000000000000000e+00,-1.000000000000000000e+00,-1.000000000000000000e+00,-1.000000000000000000e+00,-1.000000000000000000e+00,-1.000000000000000000e+00,-1.000000000000000000e+00,-1.000000000000000000e+00,-1.000000000000000000e+00,-1.000000000000000000e+00,-1.000000000000000000e+00,-1.000000000000000000e+00,-1.000000000000000000e+00,-1.000000000000000000e+00,-1.000000000000000000e+00,-1.000000000000000000e+00,-1.000000000000000000e+00,-1.000000000000000000e+00,-1.000000000000000000e+00,-1.000000000000000000e+00,-1.000000000000000000e+00,-1.000000000000000000e+00,-1.000000000000000000e+00,-1.000000000000000000e+00,-1.000000000000000000e+00,-1.000000000000000000e+00,-1.000000000000000000e+00,-1.000000000000000000e+00,-1.000000000000000000e+00,-1.000000000000000000e+00,-1.000000000000000000e+00,-1.000000000000000000e+00,-1.000000000000000000e+00,-1.000000000000000000e+00,-1.000000000000000000e+00,-1.000000000000000000e+00,-1.000000000000000000e+00,-1.000000000000000000e+00,-1.000000000000000000e+00
-1.000000000000000000e+00,-1.000000000000000000e+00,-1.000000000000000000e+00,-1.000000000000000000e+00,-1.000000000000000000e+00,-1.000000000000000000e+00,-1.000000000000000000e+00,-1.000000000000000000e+00,-1.000000000000000000e+00,-1.000000000000000000e+00,-1.000000000000000000e+00,-1.000000000000000000e+00,-1.000000000000000000e+00,-1.000000000000000000e+00,-1.000000000000000000e+00,-1.000000000000000000e+00,-1.000000000000000000e+00,-1.000000000000000000e+00,-1.000000000000000000e+00,-1.000000000000000000e+00,-1.000000000000000000e+00,-1.000000000000000000e+00,-1.000000000000000000e+00,-1.000000000000000000e+00,-1.000000000000000000e+00,-1.000000000000000000e+00,-1.000000000000000000e+00,-1.000000000000000000e+00,-1.000000000000000000e+00,-1.000000000000000000e+00,-1.000000000000000000e+00,-1.000000000000000000e+00,-1.000000000000000000e+00,-1.000000000000000000e+00,-1.000000000000000000e+00,-1.000000000000000000e+00,-1.000000000000000000e+00,-1.000000000000000000e+00,-1.000000000000000000e+00,-1.000000000000000000e+00,-1.000000000000000000e+00,-1.000000000000000000e+00,-1.000000000000000000e+00,-1.000000000000000000e+00,-1.000000000000000000e+00,-1.000000000000000000e+00,-1.409146111991808503e+00,-1.408742033850096220e+00,-1.407538489447030639e+00,-1.405562880592919450e+00,-1.402864292190359574e+00,-1.399514965971823122e+00,-1.395604836269606963e+00,-1.391221065014726088e+00,-1.386401454697952396e+00,-1.381047077134618384e+00,-1.374775668077333757e+00,-1.366694279456395211e+00,-1.355069863551242815e+00,-1.336884997151142951e+00,-1.307291625292586357e+00,-1.259031291543060815e+00,-1.181990748314319939e+00,-1.063217535992083018e+00,-8.879210527379592932e-01,-6.421657724940033063e-01,-3.179381103544084430e-01,7.935443053390245360e-02,5.226364795187379286e-01,9.586676405693830283e-01,1.313613657353497111e+00,1.512427048334996194e+00,1.512427048394815898e+00,1.313613657512980204e+00,9.586676407908834019e-01,5.226364797512699223e-01,7.935443070659653486e-02,-3.179381102451820373e-01,-6.421657724768878861e-01,-8.879210527638986550e-01,-1.063217536051080270e+00,-1.181990748327307994e+00,-1.259031291538529773e+00,-1.307291625203653496e+00,-1.336884996991151375e+00,-1.355069863275777386e+00,-1.366694279047352634e+00,-1.374775667552255554e+00,-1.381047076499645643e+00,-1.386401454036191305e+00,-1.391221064432417220e+00,-1.395604835723162962e+00,-1.399514965524476517e+00,-1.402864291890966175e+00,-1.405562880373386614e+00,-1.407538489294461570e+00,-1.408742033782724778e+00,-1.409146111934600487e+00,-1.000000000000000000e+00,-1.000000000000000000e+00,-1.000000000000000000e+00,-1.000000000000000000e+00,-1.000000000000000000e+00,-1.000000000000000000e+00,-1.000000000000000000e+00,-1.000000000000000000e+00,-1.000000000000000000e+00,-1.000000000000000000e+00,-1.000000000000000000e+00,-1.000000000000000000e+00,-1.000000000000000000e+00,-1.000000000000000000e+00,-1.000000000000000000e+00,-1.000000000000000000e+00,-1.000000000000000000e+00,-1.000000000000000000e+00,-1.000000000000000000e+00,-1.000000000000000000e+00,-1.000000000000000000e+00,-1.000000000000000000e+00,-1.000000000000000000e+00,-1.000000000000000000e+00,-1.000000000000000000e+00,-1.000000000000000000e+00,-1.000000000000000000e+00,-1.000000000000000000e+00,-1.000000000000000000e+00,-1.000000000000000000e+00,-1.000000000000000000e+00,-1.000000000000000000e+00,-1.000000000000000000e+00,-1.000000000000000000e+00,-1.000000000000000000e+00,-1.000000000000000000e+00,-1.000000000000000000e+00,-1.000000000000000000e+00,-1.000000000000000000e+00,-1.000000000000000000e+00,-1.000000000000000000e+00,-1.000000000000000000e+00,-1.000000000000000000e+00,-1.000000000000000000e+00,-1.000000000000000000e+00,-1.000000000000000000e+00
-1.000000000000000000e+00,-1.000000000000000000e+00,-1.000000000000000000e+00,-1.000000000000000000e+00,-1.000000000000000000e+00,-1.000000000000000000e+00,-1.000000000000000000e+00,-1.000000000000000000e+00,-1.000000000000000000e+00,-1.000000000000000000e+00,-1.000000000000000000e+00,-1.000000000000000000e+00,-1.000000000000000000e+00,-1.000000000000000000e+00,-1.000000000000000000e+00,-1.000000000000000000e+00,-1.000000000000000000e+00,-1.000000000000000000e+00,-1.000000000000000000e+00,-1.000000000000000000e+00,-1.000000000000000000e+00,-1.000000000000000000e+00,-1.000000000000000000e+00,-1.000000000000000000e+00,-1.000000000000000000e+00,-1.000000000000000000e+00,-1.000000000000000000e+00,-1.000000000000000000e+00,-1.000000000000000000e+00,-1.000000000000000000e+00,-1.000000000000000000e+00,-1.000000000000000000e+00,-1.000000000000000000e+00,-1.000000000000000000e+00,-1.000000000000000000e+00,-1.000000000000000000e+00,-1.000000000000000000e+00,-1.000000000000000000e+00,-1.000000000000000000e+00,-1.000000000000000000e+00,-1.000000000000000000e+00,-1.000000000000000000e+00,-1.000000000000000000e+00,-1.000000000000000000e+00,-1.000000000000000000e+00,-1.000000000000000000e+00,-1.412687237787385364e+00,-1.412421170615706156e+00,-1.411629379892101799e+00,-1.410331608170679152e+00,-1.408561643374837136e+00,-1.406365693596745903e+00,-1.403793880077089717e+00,-1.400877835735734989e+00,-1.397584271767290609e+00,-1.393730515487112687e+00,-1.388843685024480745e+00,-1.381941429610655803e+00,-1.371211704638343409e+00,-1.353577182206423535e+00,-1.324155565823923242e+00,-1.275683111111390877e+00,-1.198069855454848343e+00,-1.078411613510985800e+00,-9.019854135122424843e-01,-6.549365217612308498e-01,-3.293399385657547196e-01,6.930422956857640315e-02,5.138265360982154917e-01,9.508941090135072383e-01,1.306587847018931381e+00,1.505793177828765206e+00,1.505793177903797186e+00,1.306587847263841251e+00,9.508941093415770318e-01,5.138265364684198033e-01,6.930422987291273706e-02,-3.293399383223887256e-01,-6.549365216461990880e-01,-9.019854134669167411e-01,-1.078411613545120495e+00,-1.198069855478903767e+00,-1.275683111123614433e+00,-1.324155565780115174e+00,-1.353577182067575713e+00,-1.371211704386169350e+00,-1.381941429204128102e+00,-1.388843684477905516e+00,-1.393730514865412440e+00,-1.397584271116818933e+00,-1.400877835152974482e+00,-1.403793879582166060e+00,-1.406365693181656606e+00,-1.408561643106106098e+00,-1.410331608003768444e+00,-1.411629379780176663e+00,-1.412421170542428994e+00,-1.412687237721171662e+00,-1.000000000000000000e+00,-1.000000000000000000e+00,-1.000000000000000000e+00,-1.000000000000000000e+00,-1.000000000000000000e+00,-1.000000000000000000e+00,-1.000000000000000000e+00,-1.000000000000000000e+00,-1.000000000000000000e+00,-1.000000000000000000e+00,-1.000000000000000000e+00,-1.000000000000000000e+00,-1.000000000000000000e+00,-1.000000000000000000e+00,-1.000000000000000000e+00,-1.000000000000000000e+00,-1.000000000000000000e+00,-1.000000000000000000e+00,-1.000000000000000000e+00,-1.000000000000000000e+00,-1.000000000000000000e+00,-1.000000000000000000e+00,-1.000000000000000000e+00,-1.000000000000000000e+00,-1.000000000000000000e+00,-1.000000000000000000e+00,-1.000000000000000000e+00,-1.000000000000000000e+00,-1.000000000000000000e+00,-1.000000000000000000e+00,-1.000000000000000000e+00,-1.000000000000000000e+00,-1.000000000000000000e+00,-1.000000000000000000e+00,-1.000000000000000000e+00,-1.000000000000000000e+00,-1.000000000000000000e+00,-1.000000000000000000e+00,-1.000000000000000000e+00,-1.000000000000000000e+00,-1.000000000000000000e+00,-1.000000000000000000e+00,-1.000000000000000000e+00,-1.000000000000000000e+00,-1.000000000000000000e+00,-1.000000000000000000e+00
-1.000000000000000000e+00,-1.000000000000000000e+00,-1.000000000000000000e+00,-1.000000000000000000e+00,-1.000000000000000000e+00,-1.000000000000000000e+00,-1.000000000000000000e+00,-1.000000000000000000e+00,-1.000000000000000000e+00,-1.000000000000000000e+00,-1.000000000000000000e+00,-1.000000000000000000e+00,-1.000000000000000000e+00,-1.000000000000000000e+00,-1.000000000000000000e+00,-1.000000000000000000e+00,-1.000000000000000000e+00,-1.000000000000000000e+00,-1.000000000000000000e+00,-1.000000000000000000e+00,-1.000000000000000000e+00,-1.000000000000000000e+00,-1.000000000000000000e+00,-1.000000000000000000e+00,-1.000000000000000000e+00,-1.000000000000000000e+00,-1.000000000000000000e+00,-1.000000000000000000e+00,-1.000000000000000000e+00,-1.000000000000000000e+00,-1.000000000000000000e+00,-1.000000000000000000e+00,-1.000000000000000000e+00,-1.000000000000000000e+00,-1.000000000000000000e+00,-1.000000000000000000e+00,-1.000000000000000000e+00,-1.000000000000000000e+00,-1.000000000000000000e+00,-1.000000000000000000e+00,-1.000000000000000000e+00,-1.000000000000000000e+00,-1.000000000000000000e+00,-1.000000000000000000e+00,-1.000000000000000000e+00,-1.000000000000000000e+00,-1.415299093328275859e+00,-1.415132459938540865e+00,-1.414637085512300274e+00,-1.413826518261585896e+00,-1.412722563754015059e+00,-1.411351642265166850e+00,-1.409734329183621071e+00,-1.407861770706890781e+00,-1.405649496503918128e+00,-1.402855075632041038e+00,-1.398941351361269181e+00,-1.392862794482840894e+00,-1.382751620942330506e+00,-1.365488179933075363e+00,-1.336165782785748712e+00,-1.287516475547148653e+00,-1.209465987551778143e+00,-1.089143251579996807e+00,-9.118720236557603664e-01,-6.638538792968988744e-01,-3.372265226975419417e-01,6.244266097204387300e-02,5.079133260488135626e-01,9.457799493883307651e-01,1.302054182757203638e+00,1.501565107864391901e+00,1.501565107927751885e+00,1.302054182998432896e+00,9.457799497057131077e-01,5.079133264182174035e-01,6.244266128484365908e-02,-3.372265224425797792e-01,-6.638538791700474562e-01,-9.118720236045771976e-01,-1.089143251605320328e+00,-1.209465987589398939e+00,-1.287516475564381313e+00,-1.336165782777719579e+00,-1.365488179829429161e+00,-1.382751620722336705e+00,-1.392862794134472448e+00,-1.398941350862922928e+00,-1.402855075066164803e+00,-1.405649495923810388e+00,-1.407861770137109003e+00,-1.409734328726287789e+00,-1.411351641889091013e+00,-1.412722563467154302e+00,-1.413826518068932891e+00,-1.414637085393996685e+00,-1.415132459820036770e+00,-1.415299093206523251e+00,-1.000000000000000000e+00,-1.000000000000000000e+00,-1.000000000000000000e+00,-1.000000000000000000e+00,-1.000000000000000000e+00,-1.000000000000000000e+00,-1.000000000000000000e+00,-1.000000000000000000e+00,-1.000000000000000000e+00,-1.000000000000000000e+00,-1.000000000000000000e+00,-1.000000000000000000e+00,-1.000000000000000000e+00,-1.000000000000000000e+00,-1.000000000000000000e+00,-1.000000000000000000e+00,-1.000000000000000000e+00,-1.000000000000000000e+00,-1.000000000000000000e+00,-1.000000000000000000e+00,-1.000000000000000000e+00,-1.000000000000000000e+00,-1.000000000000000000e+00,-1.000000000000000000e+00,-1.000000000000000000e+00,-1.000000000000000000e+00,-1.000000000000000000e+00,-1.000000000000000000e+00,-1.000000000000000000e+00,-1.000000000000000000e+00,-1.000000000000000000e+00,-1.000000000000000000e+00,-1.000000000000000000e+00,-1.000000000000000000e+00,-1.000000000000000000e+00,-1.000000000000000000e+00,-1.000000000000000000e+00,-1.000000000000000000e+00,-1.000000000000000000e+00,-1.000000000000000000e+00,-1.000000000000000000e+00,-1.000000000000000000e+00,-1.000000000000000000e+00,-1.000000000000000000e+00,-1.000000000000000000e+00,-1.000000000000000000e+00
-1.000000000000000000e+00,-1.000000000000000000e+00,-1.000000000000000000e+00,-1.000000000000000000e+00,-1.000000000000000000e+00,-1.000000000000000000e+00,-1.000000000000000000e+00,-1.000000000000000000e+00,-1.000000000000000000e+00,-1.000000000000000000e+00,-1.000000000000000000e+00,-1.000000000000000000e+00,-1.000000000000000000e+00,-1.000000000000000000e+00,-1.000000000000000000e+00,-1.000000000000000000e+00,-1.000000000000000000e+00,-1.000000000000000000e+00,-1.000000000000000000e+00,-1.000000000000000000e+00,-1.000000000000000000e+00,-1.000000000000000000e+00,-1.000000000000000000e+00,-1.000000000000000000e+00,-1.000000000000000000e+00,-1.000000000000000000e+00,-1.000000000000000000e+00,-1.000000000000000000e+00,-1.000000000000000000e+00,-1.000000000000000000e+00,-1.000000000000000000e+00,-1.000000000000000000e+00,-1.000000000000000000e+00,-1.000000000000000000e+00,-1.000000000000000000e+00,-1.000000000000000000e+00,-1.000000000000000000e+00,-1.000000000000000000e+00,-1.000000000000000000e+00,-1.000000000000000000e+00,-1.000000000000000000e+00,-1.000000000000000000e+00,-1.000000000000000000e+00,-1.000000000000000000e+00,-1.000000000000000000e+00,-1.000000000000000000e+00,-1.417163768847351291e+00,-1.417067525147099660e+00,-1.416781807560488549e+00,-1.416315284966651156e+00,-1.415680579988793042e+00,-1.414889359257708090e+00,-1.413940672257347764e+00,-1.412796691094602153e+00,-1.411336800480337716e+00,-1.409276767723078416e+00,-1.406034765304382761e+00,-1.400521519802635950e+00,-1.390830682814082842e+00,-1.373813203018764639e+00,-1.344545142090082912e+00,-1.295754911454397140e+00,-1.217377996573165477e+00,-1.096564827662239061e+00,-9.186699655942970333e-01,-6.699327324447109655e-01,-3.425340073247458150e-01,5.791056253212190086e-02,5.041070630700310584e-01,9.425921039953155667e-01,1.299319712347350109e+00,1.499070634610762731e+00,1.499070634659807499e+00,1.299319712549295236e+00,9.425921042600282629e-01,5.041070633755850849e-01,5.791056280493145358e-02,-3.425340070920757096e-01,-6.699327322901449389e-01,-9.186699654869409093e-01,-1.096564827587982238e+00,-1.217377996520391692e+00,-1.295754911381035157e+00,-1.344545142002759874e+00,-1.373813202872812500e+00,-1.390830682565615151e+00,-1.400521519480144805e+00,-1.406034764871720411e+00,-1.409276767198448077e+00,-1.411336799986644408e+00,-1.412796690610575112e+00,-1.413940671846773078e+00,-1.414889358932420294e+00,-1.415680579745140610e+00,-1.416315284771716421e+00,-1.416781807423532769e+00,-1.417067525029040986e+00,-1.417163768745258956e+00,-1.000000000000000000e+00,-1.000000000000000000e+00,-1.000000000000000000e+00,-1.000000000000000000e+00,-1.000000000000000000e+00,-1.000000000000000000e+00,-1.000000000000000000e+00,-1.000000000000000000e+00,-1.000000000000000000e+00,-1.000000000000000000e+00,-1.000000000000000000e+00,-1.000000000000000000e+00,-1.000000000000000000e+00,-1.000000000000000000e+00,-1.000000000000000000e+00,-1.000000000000000000e+00,-1.000000000000000000e+00,-1.000000000000000000e+00,-1.000000000000000000e+00,-1.000000000000000000e+00,-1.000000000000000000e+00,-1.000000000000000000e+00,-1.000000000000000000e+00,-1.000000000000000000e+00,-1.000000000000000000e+00,-1.000000000000000000e+00,-1.000000000000000000e+00,-1.000000000000000000e+00,-1.000000000000000000e+00,-1.000000000000000000e+00,-1.000000000000000000e+00,-1.000000000000000000e+00,-1.000000000000000000e+00,-1.000000000000000000e+00,-1.000000000000000000e+00,-1.000000000000000000e+00,-1.000000000000000000e+00,-1.000000000000000000e+00,-1.000000000000000000e+00,-1.000000000000000000e+00,-1.000000000000000000e+00,-1.000000000000000000e+00,-1.000000000000000000e+00,-1.000000000000000000e+00,-1.000000000000000000e+00,-1.000000000000000000e+00
-1.000000000000000000e+00,-1.000000000000000000e+00,-1.000000000000000000e+00,-1.000000000000000000e+00,-1.000000000000000000e+00,-1.000000000000000000e+00,-1.000000000000000000e+00,-1.000000000000000000e+00,-1.000000000000000000e+00,-1.000000000000000000e+00,-1.000000000000000000e+00,-1.000000000000000000e+00,-1.000000000000000000e+00,-1.000000000000000000e+00,-1.000000000000000000e+00,-1.000000000000000000e+00,-1.000000000000000000e+00,-1.000000000000000000e+00,-1.000000000000000000e+00,-1.000000000000000000e+00,-1.000000000000000000e+00,-1.000000000000000000e+00,-1.000000000000000000e+00,-1.000000000000000000e+00,-1.000000000000000000e+00,-1.000000000000000000e+00,-1.000000000000000000e+00,-1.000000000000000000e+00,-1.000000000000000000e+00,-1.000000000000000000e+00,-1.000000000000000000e+00,-1.000000000000000000e+00,-1.000000000000000000e+00,-1.000000000000000000e+00,-1.000000000000000000e+00,-1.000000000000000000e+00,-1.000000000000000000e+00,-1.000000000000000000e+00,-1.000000000000000000e+00,-1.000000000000000000e+00,-1.000000000000000000e+00,-1.000000000000000000e+00,-1.000000000000000000e+00,-1.000000000000000000e+00,-1.000000000000000000e+00,-1.000000000000000000e+00,-1.418440819328143920e+00,-1.418393639967539865e+00,-1.418253935504308227e+00,-1.418026624130302338e+00,-1.417717433433806073e+00,-1.417327223456419372e+00,-1.416839618311590776e+00,-1.416196391358914175e+00,-1.415251822494802969e+00,-1.413692931215393189e+00,-1.410907372852795660e+00,-1.405776091498617042e+00,-1.396366464012954722e+00,-1.379509241758059668e+00,-1.350268264391112583e+00,-1.301368592096441956e+00,-1.222751039762084435e+00,-1.101578990670263547e+00,-9.232261518756310625e-01,-6.739560311092029909e-01,-3.459784368436715773e-01,5.505658582072259222e-02,5.018142031317263108e-01,9.407839831459210433e-01,1.297870883819151278e+00,1.497813248867230662e+00,1.497813248897391869e+00,1.297870883945777987e+00,9.407839833217854775e-01,5.018142033296335569e-01,5.505658602616581021e-02,-3.459784366438629633e-01,-6.739560309160372853e-01,-9.232261516863086159e-01,-1.101578990459271878e+00,-1.222751039550959762e+00,-1.301368591875846636e+00,-1.350268264164680376e+00,-1.379509241546467369e+00,-1.396366463750337683e+00,-1.405776091200005906e+00,-1.410907372533581672e+00,-1.413692930807355808e+00,-1.415251822116351921e+00,-1.416196391008822442e+00,-1.416839617971010989e+00,-1.417327223159268623e+00,-1.417717433220611056e+00,-1.418026623932501451e+00,-1.418253935313289027e+00,-1.418393639781796445e+00,-1.418440819157063437e+00,-1.000000000000000000e+00,-1.000000000000000000e+00,-1.000000000000000000e+00,-1.000000000000000000e+00,-1.000000000000000000e+00,-1.000000000000000000e+00,-1.000000000000000000e+00,-1.000000000000000000e+00,-1.000000000000000000e+00,-1.000000000000000000e+00,-1.000000000000000000e+00,-1.000000000000000000e+00,-1.000000000000000000e+00,-1.000000000000000000e+00,-1.000000000000000000e+00,-1.000000000000000000e+00,-1.000000000000000000e+00,-1.000000000000000000e+00,-1.000000000000000000e+00,-1.000000000000000000e+00,-1.000000000000000000e+00,-1.000000000000000000e+00,-1.000000000000000000e+00,-1.000000000000000000e+00,-1.000000000000000000e+00,-1.000000000000000000e+00,-1.000000000000000000e+00,-1.000000000000000000e+00,-1.000000000000000000e+00,-1.000000000000000000e+00,-1.000000000000000000e+00,-1.000000000000000000e+00,-1.000000000000000000e+00,-1.000000000000000000e+00,-1.000000000000000000e+00,-1.000000000000000000e+00,-1.000000000000000000e+00,-1.000000000000000000e+00,-1.000000000000000000e+00,-1.000000000000000000e+00,-1.000000000000000000e+00,-1.000000000000000000e+00,-1.000000000000000000e+00,-1.000000000000000000e+00,-1.000000000000000000e+00,-1.000000000000000000e+00
-1.000000000000000000e+00,-1.000000000000000000e+00,-1.000000000000000000e+00,-1.000000000000000000e+00,-1.000000000000000000e+00,-1.000000000000000000e+00,-1.000000000000000000e+00,-1.000000000000000000e+00,-1.000000000000000000e+00,-1.000000000000000000e+00,-1.000000000000000000e+00,-1.000000000000000000e+00,-1.000000000000000000e+00,-1.000000000000000000e+00,-1.000000000000000000e+00,-1.000000000000000000e+00,-1.000000000000000000e+00,-1.000000000000000000e+00,-1.000000000000000000e+00,-1.000000000000000000e+00,-1.000000000000000000e+00,-1.000000000000000000e+00,-1.000000000000000000e+00,-1.000000000000000000e+00,-1.000000000000000000e+00,-1.000000000000000000e+00,-1.000000000000000000e+00,-1.000000000000000000e+00,-1.000000000000000000e+00,-1.000000000000000000e+00,-1.000000000000000000e+00,-1.000000000000000000e+00,-1.000000000000000000e+00,-1.000000000000000000e+00,-1.000000000000000000e+00,-1.000000000000000000e+00,-1.000000000000000000e+00,-1.000000000000000000e+00,-1.000000000000000000e+00,-1.000000000000000000e+00,-1.000000000000000000e+00,-1.000000000000000000e+00,-1.000000000000000000e+00,-1.000000000000000000e+00,-1.000000000000000000e+00,-1.000000000000000000e+00,-1.419264504949168559e+00,-1.419251067319007964e+00,-1.419211690286941163e+00,-1.419148473017794121e+00,-1.419062063298217158e+00,-1.418945533565457717e+00,-1.418771616627641841e+00,-1.418467927265852691e+00,-1.417871553196026202e+00,-1.416650020993099446e+00,-1.414170425579829304e+00,-1.409293694736445612e+00,-1.400069489061769534e+00,-1.383314742449567314e+00,-1.354084524475762885e+00,-1.305100674405785144e+00,-1.226306166956981469e+00,-1.104871279048287969e+00,-9.261806131816734400e-01,-6.765122656232058773e-01,-3.480948768040176278e-01,5.339697276772925605e-02,5.005965852173188679e-01,9.399543116912927321e-01,1.297332298675353268e+00,1.497430876955455847e+00,1.497430876954974455e+00,1.297332298683175900e+00,9.399543117190289898e-01,5.005965852358340573e-01,5.339697282200961403e-02,-3.480948767276154099e-01,-6.765122654899912158e-01,-9.261806129912788510e-01,-1.104871278783682964e+00,-1.226306166645269924e+00,-1.305100674094098911e+00,-1.354084524162675551e+00,-1.383314742191442903e+00,-1.400069488821769070e+00,-1.409293694475609149e+00,-1.414170425357459404e+00,-1.416650020723708714e+00,-1.417871552900296983e+00,-1.418467926986373806e+00,-1.418771616342702657e+00,-1.418945533266835035e+00,-1.419062063012421548e+00,-1.419148472732172817e+00,-1.419211690005915738e+00,-1.419251067028896252e+00,-1.419264504648506620e+00,-1.000000000000000000e+00,-1.000000000000000000e+00,-1.000000000000000000e+00,-1.000000000000000000e+00,-1.000000000000000000e+00,-1.000000000000000000e+00,-1.000000000000000000e+00,-1.000000000000000000e+00,-1.000000000000000000e+00,-1.000000000000000000e+00,-1.000000000000000000e+00,-1.000000000000000000e+00,-1.000000000000000000e+00,-1.000000000000000000e+00,-1.000000000000000000e+00,-1.000000000000000000e+00,-1.000000000000000000e+00,-1.000000000000000000e+00,-1.000000000000000000e+00,-1.000000000000000000e+00,-1.000000000000000000e+00,-1.000000000000000000e+00,-1.000000000000000000e+00,-1.000000000000000000e+00,-1.000000000000000000e+00,-1.000000000000000000e+00,-1.000000000000000000e+00,-1.000000000000000000e+00,-1.000000000000000000e+00,-1.000000000000000000e+00,-1.000000000000000000e+00,-1.000000000000000000e+00,-1.000000000000000000e+00,-1.000000000000000000e+00,-1.000000000000000000e+00,-1.000000000000000000e+00,-1.000000000000000000e+00,-1.000000000000000000e+00,-1.000000000000000000e+00,-1.000000000000000000e+00,-1.000000000000000000e+00,-1.000000000000000000e+00,-1.000000000000000000e+00,-1.000000000000000000e+00,-1.000000000000000000e+00,-1.000000000000000000e+00
-1.000000000000000000e+00,-1.000000000000000000e+00,-1.000000000000000000e+00,-1.000000000000000000e+00,-1.000000000000000000e+00,-1.000000000000000000e+00,-1.000000000000000000e+00,-1.000000000000000000e+00,-1.000000000000000000e+00,-1.000000000000000000e+00,-1.000000000000000000e+00,-1.000000000000000000e+00,-1.000000000000000000e+00,-1.000000000000000000e+00,-1.000000000000000000e+00,-1.000000000000000000e+00,-1.000000000000000000e+00,-1.000000000000000000e+00,-1.000000000000000000e+00,-1.000000000000000000e+00,-1.000000000000000000e+00,-1.000000000000000000e+00,-1.000000000000000000e+00,-1.000000000000000000e+00,-1.000000000000000000e+00,-1.000000000000000000e+00,-1.000000000000000000e+00,-1.000000000000000000e+00,-1.000000000000000000e+00,-1.000000000000000000e+00,-1.000000000000000000e+00,-1.000000000000000000e+00,-1.000000000000000000e+00,-1.000000000000000000e+00,-1.000000000000000000e+00,-1.000000000000000000e+00,-1.000000000000000000e+00,-1.000000000000000000e+00,-1.000000000000000000e+00,-1.000000000000000000e+00,-1.000000000000000000e+00,-1.000000000000000000e+00,-1.000000000000000000e+00,-1.000000000000000000e+00,-1.000000000000000000e+00,-1.000000000000000000e+00,-1.419744266842141833e+00,-1.419753764252246864e+00,-1.419782524471711938e+00,-1.419830570756023480e+00,-1.419894873132381719e+00,-1.419962974579308090e+00,-1.420000018175112011e+00,-1.419923910555038749e+00,-1.419560103005112373e+00,-1.418563052647659584e+00,-1.416286146083045594e+00,-1.411576973867521900e+00,-1.402473305902766754e+00,-1.385782583071267338e+00,-1.356553428726082311e+00,-1.307504521697022692e+00,-1.228578808099135777e+00,-1.106949295987726734e+00,-9.280058152890295897e-01,-6.780344427995443901e-01,-3.492756659265293662e-01,5.257827643361556724e-02,5.001352142143526969e-01,9.398118964777797402e-01,1.297432234016719033e+00,1.497661811554203304e+00,1.497661811522042363e+00,1.297432233909852961e+00,9.398118963544610516e-01,5.001352140582475680e-01,5.257827633726841476e-02,-3.492756659638741601e-01,-6.780344427282081199e-01,-9.280058150939151096e-01,-1.106949295684436674e+00,-1.228578807708780030e+00,-1.307504521299593048e+00,-1.356553428344425383e+00,-1.385782582745820779e+00,-1.402473305669087456e+00,-1.411576973668156931e+00,-1.416286145930295781e+00,-1.418563052505812605e+00,-1.419560102822818859e+00,-1.419923910347795193e+00,-1.420000017937790737e+00,-1.419962974309929349e+00,-1.419894872818648235e+00,-1.419830570416706239e+00,-1.419782524110429378e+00,-1.419753763875146069e+00,-1.419744266447084513e+00,-1.000000000000000000e+00,-1.000000000000000000e+00,-1.000000000000000000e+00,-1.000000000000000000e+00,-1.000000000000000000e+00,-1.000000000000000000e+00,-1.000000000000000000e+00,-1.000000000000000000e+00,-1.000000000000000000e+00,-1.000000000000000000e+00,-1.000000000000000000e+00,-1.000000000000000000e+00,-1.000000000000000000e+00,-1.000000000000000000e+00,-1.000000000000000000e+00,-1.000000000000000000e+00,-1.000000000000000000e+00,-1.000000000000000000e+00,-1.000000000000000000e+00,-1.000000000000000000e+00,-1.000000000000000000e+00,-1.000000000000000000e+00,-1.000000000000000000e+00,-1.000000000000000000e+00,-1.000000000000000000e+00,-1.000000000000000000e+00,-1.000000000000000000e+00,-1.000000000000000000e+00,-1.000000000000000000e+00,-1.000000000000000000e+00,-1.000000000000000000e+00,-1.000000000000000000e+00,-1.000000000000000000e+00,-1.000000000000000000e+00,-1.000000000000000000e+00,-1.000000000000000000e+00,-1.000000000000000000e+00,-1.000000000000000000e+00,-1.000000000000000000e+00,-1.000000000000000000e+00,-1.000000000000000000e+00,-1.000000000000000000e+00,-1.000000000000000000e+00,-1.000000000000000000e+00,-1.000000000000000000e+00,-1.000000000000000000e+00
-1.000000000000000000e+00,-1.000000000000000000e+00,-1.000000000000000000e+00,-1.000000000000000000e+00,-1.000000000000000000e+00,-1.000000000000000000e+00,-1.000000000000000000e+00,-1.000000000000000000e+00,-1.000000000000000000e+00,-1.000000000000000000e+00,-1.000000000000000000e+00,-1.000000000000000000e+00,-1.000000000000000000e+00,-1.000000000000000000e+00,-1.000000000000000000e+00,-1.000000000000000000e+00,-1.000000000000000000e+00,-1.000000000000000000e+00,-1.000000000000000000e+00,-1.000000000000000000e+00,-1.000000000000000000e+00,-1.000000000000000000e+00,-1.000000000000000000e+00,-1.000000000000000000e+00,-1.000000000000000000e+00,-1.000000000000000000e+00,-1.000000000000000000e+00,-1.000000000000000000e+00,-1.000000000000000000e+00,-1.000000000000000000e+00,-1.000000000000000000e+00,-1.000000000000000000e+00,-1.000000000000000000e+00,-1.000000000000000000e+00,-1.000000000000000000e+00,-1.000000000000000000e+00,-1.000000000000000000e+00,-1.000000000000000000e+00,-1.000000000000000000e+00,-1.000000000000000000e+00,-1.000000000000000000e+00,-1.000000000000000000e+00,-1.000000000000000000e+00,-1.000000000000000000e+00,-1.000000000000000000e+00,-1.000000000000000000e+00,-1.419967072737255531e+00,-1.419992003484346732e+00,-1.420066576796513269e+00,-1.420189315115884199e+00,-1.420354567572474025e+00,-1.420546003169299798e+00,-1.420723536486580230e+00,-1.420798485503300235e+00,-1.420588498704626890e+00,-1.419739343405469700e+00,-1.417595327920451176e+00,-1.412995188916568612e+00,-1.403968697385800546e+00,-1.387316680370711763e+00,-1.358082857637957108e+00,-1.308982783820046070e+00,-1.229957916348420888e+00,-1.108181216948679104e+00,-9.290439517456102747e-01,-6.788357369155411103e-01,-3.498041736890684650e-01,5.234556199077244898e-02,5.002003004778139417e-01,9.401472145430940230e-01,1.297975348135699036e+00,1.498318002335091936e+00,1.498318002280786931e+00,1.297975347965628412e+00,9.401472143365061651e-01,5.002003002450103875e-01,5.234556184075511709e-02,-3.498041737376873517e-01,-6.788357368285105053e-01,-9.290439514940220800e-01,-1.108181216568544292e+00,-1.229957915868135299e+00,-1.308982783312899079e+00,-1.358082857195002990e+00,-1.387316680002988134e+00,-1.403968697145395073e+00,-1.412995188790948209e+00,-1.417595327849083375e+00,-1.419739343369343265e+00,-1.420588498655155352e+00,-1.420798485414037193e+00,-1.420723536308561297e+00,-1.420546002937687291e+00,-1.420354567277134716e+00,-1.420189314773864897e+00,-1.420066576386000978e+00,-1.419992003046931961e+00,-1.419967072279072262e+00,-1.000000000000000000e+00,-1.000000000000000000e+00,-1.000000000000000000e+00,-1.000000000000000000e+00,-1.000000000000000000e+00,-1.000000000000000000e+00,-1.000000000000000000e+00,-1.000000000000000000e+00,-1.000000000000000000e+00,-1.000000000000000000e+00,-1.000000000000000000e+00,-1.000000000000000000e+00,-1.000000000000000000e+00,-1.000000000000000000e+00,-1.000000000000000000e+00,-1.000000000000000000e+00,-1.000000000000000000e+00,-1.000000000000000000e+00,-1.000000000000000000e+00,-1.000000000000000000e+00,-1.000000000000000000e+00,-1.000000000000000000e+00,-1.000000000000000000e+00,-1.000000000000000000e+00,-1.000000000000000000e+00,-1.000000000000000000e+00,-1.000000000000000000e+00,-1.000000000000000000e+00,-1.000000000000000000e+00,-1.000000000000000000e+00,-1.000000000000000000e+00,-1.000000000000000000e+00,-1.000000000000000000e+00,-1.000000000000000000e+00,-1.000000000000000000e+00,-1.000000000000000000e+00,-1.000000000000000000e+00,-1.000000000000000000e+00,-1.000000000000000000e+00,-1.000000000000000000e+00,-1.000000000000000000e+00,-1.000000000000000000e+00,-1.000000000000000000e+00,-1.000000000000000000e+00,-1.000000000000000000e+00,-1.000000000000000000e+00
-1.000000000000000000e+00,-1.000000000000000000e+00,-1.000000000000000000e+00,-1.000000000000000000e+00,-1.000000000000000000e+00,-1.000000000000000000e+00,-1.000000000000000000e+00,-1.000000000000000000e+00,-1.000000000000000000e+00,-1.000000000000000000e+00,-1.000000000000000000e+00,-1.000000000000000000e+00,-1.000000000000000000e+00,-1.000000000000000000e+00,-1.000000000000000000e+00,-1.000000000000000000e+00,-1.000000000000000000e+00,-1.000000000000000000e+00,-1.000000000000000000e+00,-1.000000000000000000e+00,-1.000000000000000000e+00,-1.000000000000000000e+00,-1.000000000000000000e+00,-1.000000000000000000e+00,-1.000000000000000000e+00,-1.000000000000000000e+00,-1.000000000000000000e+00,-1.000000000000000000e+00,-1.000000000000000000e+00,-1.000000000000000000e+00,-1.000000000000000000e+00,-1.000000000000000000e+00,-1.000000000000000000e+00,-1.000000000000000000e+00,-1.000000000000000000e+00,-1.000000000000000000e+00,-1.000000000000000000e+00,-1.000000000000000000e+00,-1.000000000000000000e+00,-1.000000000000000000e+00,-1.000000000000000000e+00,-1.000000000000000000e+00,-1.000000000000000000e+00,-1.000000000000000000e+00,-1.000000000000000000e+00,-1.000000000000000000e+00,-1.420000621313195932e+00,-1.420035847511043503e+00,-1.420140958527270403e+00,-1.420313409500170598e+00,-1.420545708095297233e+00,-1.420818841257643461e+00,-1.421089157345757137e+00,-1.421263540169148021e+00,-1.421154442481676439e+00,-1.420401884402169967e+00,-1.418344178254579369e+00,-1.413814171414620402e+00,-1.404836197813599030e+00,-1.388206362073155731e+00,-1.358964496490691287e+00,-1.309823065731901659e+00,-1.230721098183212181e+00,-1.108829707667784437e+00,-9.295391238351070617e-01,-6.791395826757641307e-01,-3.498826480132823935e-01,5.251677279618394145e-02,5.006276320016547210e-01,9.408104316725334204e-01,1.298821865732120440e+00,1.499264845512747968e+00,1.499264845440514637e+00,1.298821865530598973e+00,9.408104314125029788e-01,5.006276317270785814e-01,5.251677260310083639e-02,-3.498826480798756799e-01,-6.791395825955552912e-01,-9.295391235788492690e-01,-1.108829707264761044e+00,-1.230721097699225997e+00,-1.309823065197933678e+00,-1.358964496027899704e+00,-1.388206361704388936e+00,-1.404836197547933097e+00,-1.413814171289796917e+00,-1.418344178220577012e+00,-1.420401884391298442e+00,-1.421154442441597610e+00,-1.421263540111350032e+00,-1.421089157201733233e+00,-1.420818841046535663e+00,-1.420545707794841572e+00,-1.420313409148687755e+00,-1.420140958121570929e+00,-1.420035847094961667e+00,-1.420000620869347863e+00,-1.000000000000000000e+00,-1.000000000000000000e+00,-1.000000000000000000e+00,-1.000000000000000000e+00,-1.000000000000000000e+00,-1.000000000000000000e+00,-1.000000000000000000e+00,-1.000000000000000000e+00,-1.000000000000000000e+00,-1.000000000000000000e+00,-1.000000000000000000e+00,-1.000000000000000000e+00,-1.000000000000000000e+00,-1.000000000000000000e+00,-1.000000000000000000e+00,-1.000000000000000000e+00,-1.000000000000000000e+00,-1.000000000000000000e+00,-1.000000000000000000e+00,-1.000000000000000000e+00,-1.000000000000000000e+00,-1.000000000000000000e+00,-1.000000000000000000e+00,-1.000000000000000000e+00,-1.000000000000000000e+00,-1.000000000000000000e+00,-1.000000000000000000e+00,-1.000000000000000000e+00,-1.000000000000000000e+00,-1.000000000000000000e+00,-1.000000000000000000e+00,-1.000000000000000000e+00,-1.000000000000000000e+00,-1.000000000000000000e+00,-1.000000000000000000e+00,-1.000000000000000000e+00,-1.000000000000000000e+00,-1.000000000000000000e+00,-1.000000000000000000e+00,-1.000000000000000000e+00,-1.000000000000000000e+00,-1.000000000000000000e+00,-1.000000000000000000e+00,-1.000000000000000000e+00,-1.000000000000000000e+00,-1.000000000000000000e+00
-1.000000000000000000e+00,-1.000000000000000000e+00,-1.000000000000000000e+00,-1.000000000000000000e+00,-1.000000000000000000e+00,-1.000000000000000000e+00,-1.000000000000000000e+00,-1.000000000000000000e+00,-1.000000000000000000e+00,-1.000000000000000000e+00,-1.000000000000000000e+00,-1.000000000000000000e+00,-1.000000000000000000e+00,-1.000000000000000000e+00,-1.000000000000000000e+00,-1.000000000000000000e+00,-1.000000000000000000e+00,-1.000000000000000000e+00,-1.000000000000000000e+00,-1.000000000000000000e+00,-1.000000000000000000e+00,-1.000000000000000000e+00,-1.000000000000000000e+00,-1.000000000000000000e+00,-1.000000000000000000e+00,-1.000000000000000000e+00,-1.000000000000000000e+00,-1.000000000000000000e+00,-1.000000000000000000e+00,-1.000000000000000000e+00,-1.000000000000000000e+00,-1.000000000000000000e+00,-1.000000000000000000e+00,-1.000000000000000000e+00,-1.000000000000000000e+00,-1.000000000000000000e+00,-1.000000000000000000e+00,-1.000000000000000000e+00,-1.000000000000000000e+00,-1.000000000000000000e+00,-1.000000000000000000e+00,-1.000000000000000000e+00,-1.000000000000000000e+00,-1.000000000000000000e+00,-1.000000000000000000e+00,-1.000000000000000000e+00,-1.419896733841202074e+00,-1.419938776279808579e+00,-1.420064090258164935e+00,-1.420269382923403434e+00,-1.420545884343961562e+00,-1.420872743874050714e+00,-1.421203897790664916e+00,-1.421443265182352311e+00,-1.421399854868197199e+00,-1.420709893575683003e+00,-1.418707725489630755e+00,-1.414222246448205267e+00,-1.405274021511291771e+00,-1.388655664710627402e+00,-1.359403789787271499e+00,-1.310227812559840332e+00,-1.231063751255571326e+00,-1.109079738419846750e+00,-9.296633960916406147e-01,-6.791037018970718098e-01,-3.496541161479120863e-01,5.296288505325930096e-02,5.013005640774130800e-01,9.416948808956668859e-01,1.299872102854628508e+00,1.500406248201119119e+00,1.500406248125460085e+00,1.299872102665721840e+00,9.416948806347222867e-01,5.013005638172793876e-01,5.296288486115319216e-02,-3.496541162160181626e-01,-6.791037018213181842e-01,-9.296633958603085501e-01,-1.109079738030927187e+00,-1.231063750807664503e+00,-1.310227812066654618e+00,-1.359403789330175805e+00,-1.388655664361442721e+00,-1.405274021260346284e+00,-1.414222246299704500e+00,-1.418707725453169477e+00,-1.420709893575185401e+00,-1.421399854818608643e+00,-1.421443265112956489e+00,-1.421203897659125470e+00,-1.420872743690653195e+00,-1.420545884078550092e+00,-1.420269382604905317e+00,-1.420064089886062142e+00,-1.419938775883960780e+00,-1.419896733409568679e+00,-1.000000000000000000e+00,-1.000000000000000000e+00,-1.000000000000000000e+00,-1.000000000000000000e+00,-1.000000000000000000e+00,-1.000000000000000000e+00,-1.000000000000000000e+00,-1.000000000000000000e+00,-1.000000000000000000e+00,-1.000000000000000000e+00,-1.000000000000000000e+00,-1.000000000000000000e+00,-1.000000000000000000e+00,-1.000000000000000000e+00,-1.000000000000000000e+00,-1.000000000000000000e+00,-1.000000000000000000e+00,-1.000000000000000000e+00,-1.000000000000000000e+00,-1.000000000000000000e+00,-1.000000000000000000e+00,-1.000000000000000000e+00,-1.000000000000000000e+00,-1.000000000000000000e+00,-1.000000000000000000e+00,-1.000000000000000000e+00,-1.000000000000000000e+00,-1.000000000000000000e+00,-1.000000000000000000e+00,-1.000000000000000000e+00,-1.000000000000000000e+00,-1.000000000000000000e+00,-1.000000000000000000e+00,-1.000000000000000000e+00,-1.000000000000000000e+00,-1.000000000000000000e+00,-1.000000000000000000e+00,-1.000000000000000000e+00,-1.000000000000000000e+00,-1.000000000000000000e+00,-1.000000000000000000e+00,-1.000000000000000000e+00,-1.000000000000000000e+00,-1.000000000000000000e+00,-1.000000000000000000e+00,-1.000000000000000000e+00
-1.000000000000000000e+00,-1.000000000000000000e+00,-1.000000000000000000e+00,-1.000000000000000000e+00,-1.000000000000000000e+00,-1.000000000000000000e+00,-1.000000000000000000e+00,-1.000000000000000000e+00,-1.000000000000000000e+00,-1.000000000000000000e+00,-1.000000000000000000e+00,-1.000000000000000000e+00,-1.000000000000000000e+00,-1.000000000000000000e+00,-1.000000000000000000e+00,-1.000000000000000000e+00,-1.000000000000000000e+00,-1.000000000000000000e+00,-1.000000000000000000e+00,-1.000000000000000000e+00,-1.000000000000000000e+00,-1.000000000000000000e+00,-1.000000000000000000e+00,-1.000000000000000000e+00,-1.000000000000000000e+00,-1.000000000000000000e+00,-1.000000000000000000e+00,-1.000000000000000000e+00,-1.000000000000000000e+00,-1.000000000000000000e+00,-1.000000000000000000e+00,-1.000000000000000000e+00,-1.000000000000000000e+00,-1.000000000000000000e+00,-1.000000000000000000e+00,-1.000000000000000000e+00,-1.000000000000000000e+00,-1.000000000000000000e+00,-1.000000000000000000e+00,-1.000000000000000000e+00,-1.000000000000000000e+00,-1.000000000000000000e+00,-1.000000000000000000e+00,-1.000000000000000000e+00,-1.000000000000000000e+00,-1.000000000000000000e+00,-1.419694538353580615e+00,-1.419741063376150692e+00,-1.419879654221552157e+00,-1.420106500490893264e+00,-1.420411955660176861e+00,-1.420773921412288754e+00,-1.421144713740105647e+00,-1.421426278663535214e+00,-1.421425346730753825e+00,-1.420775636555960952e+00,-1.418808846459898243e+00,-1.414351176779788277e+00,-1.405420502402474625e+00,-1.388806746199460429e+00,-1.359543747235777200e+00,-1.310337922651351406e+00,-1.231121941428137578e+00,-1.109060268495339896e+00,-9.295369502369872361e-01,-6.788385259528655347e-01,-3.492190165921280620e-01,5.359299032087627701e-02,5.021366206867958759e-01,9.427248890830524086e-01,1.301055151063478466e+00,1.501673753510751386e+00,1.501673753459247251e+00,1.301055150954035344e+00,9.427248889222743511e-01,5.021366205470212396e-01,5.359299023730557110e-02,-3.492190165797410817e-01,-6.788385258192262128e-01,-9.295369499966742444e-01,-1.109060268127351589e+00,-1.231121941009980958e+00,-1.310337922233785424e+00,-1.359543746841597844e+00,-1.388806745892014138e+00,-1.405420502205434019e+00,-1.414351176638340313e+00,-1.418808846396296008e+00,-1.420775636535981601e+00,-1.421425346686816749e+00,-1.421426278598098225e+00,-1.421144713626514511e+00,-1.420773921255275019e+00,-1.420411955453715125e+00,-1.420106500244357806e+00,-1.419879653935866237e+00,-1.419741063064126063e+00,-1.419694538017769903e+00,-1.000000000000000000e+00,-1.000000000000000000e+00,-1.000000000000000000e+00,-1.000000000000000000e+00,-1.000000000000000000e+00,-1.000000000000000000e+00,-1.000000000000000000e+00,-1.000000000000000000e+00,-1.000000000000000000e+00,-1.000000000000000000e+00,-1.000000000000000000e+00,-1.000000000000000000e+00,-1.000000000000000000e+00,-1.000000000000000000e+00,-1.000000000000000000e+00,-1.000000000000000000e+00,-1.000000000000000000e+00,-1.000000000000000000e+00,-1.000000000000000000e+00,-1.000000000000000000e+00,-1.000000000000000000e+00,-1.000000000000000000e+00,-1.000000000000000000e+00,-1.000000000000000000e+00,-1.000000000000000000e+00,-1.000000000000000000e+00,-1.000000000000000000e+00,-1.000000000000000000e+00,-1.000000000000000000e+00,-1.000000000000000000e+00,-1.000000000000000000e+00,-1.000000000000000000e+00,-1.000000000000000000e+00,-1.000000000000000000e+00,-1.000000000000000000e+00,-1.000000000000000000e+00,-1.000000000000000000e+00,-1.000000000000000000e+00,-1.000000000000000000e+00,-1.000000000000000000e+00,-1.000000000000000000e+00,-1.000000000000000000e+00,-1.000000000000000000e+00,-1.000000000000000000e+00,-1.000000000000000000e+00,-1.000000000000000000e+00
-1.000000000000000000e+00,-1.000000000000000000e+00,-1.000000000000000000e+00,-1.000000000000000000e+00,-1.000000000000000000e+00,-1.000000000000000000e+00,-1.000000000000000000e+00,-1.000000000000000000e+00,-1.000000000000000000e+00,-1.000000000000000000e+00,-1.000000000000000000e+00,-1.000000000000000000e+00,-1.000000000000000000e+00,-1.000000000000000000e+00,-1.000000000000000000e+00,-1.000000000000000000e+00,-1.000000000000000000e+00,-1.000000000000000000e+00,-1.000000000000000000e+00,-1.000000000000000000e+00,-1.000000000000000000e+00,-1.000000000000000000e+00,-1.000000000000000000e+00,-1.000000000000000000e+00,-1.000000000000000000e+00,-1.000000000000000000e+00,-1.000000000000000000e+00,-1.000000000000000000e+00,-1.000000000000000000e+00,-1.000000000000000000e+00,-1.000000000000000000e+00,-1.000000000000000000e+00,-1.000000000000000000e+00,-1.000000000000000000e+00,-1.000000000000000000e+00,-1.000000000000000000e+00,-1.000000000000000000e+00,-1.000000000000000000e+00,-1.000000000000000000e+00,-1.000000000000000000e+00,-1.000000000000000000e+00,-1.000000000000000000e+00,-1.000000000000000000e+00,-1.000000000000000000e+00,-1.000000000000000000e+00,-1.000000000000000000e+00,-1.419423251982760981e+00,-1.419472706755679825e+00,-1.419619969494263501e+00,-1.419860875697594560e+00,-1.420185183139287100e+00,-1.420569952809137781e+00,-1.420966418080396698e+00,-1.421275215255719093e+00,-1.421301566227489044e+00,-1.420677521045528025e+00,-1.418732988989327204e+00,-1.414292284858974957e+00,-1.405371288843535682e+00,-1.388757752612522101e+00,-1.359483040411852528e+00,-1.310250629090932151e+00,-1.230989659058942642e+00,-1.108860534901270567e+00,-9.292431557643054951e-01,-6.784209031791434974e-01,-3.486475069238939017e-01,5.434332084291271237e-02,5.030776962882150816e-01,9.438469249025156493e-01,1.302320686237816272e+00,1.503018688708994688e+00,1.503018688692095317e+00,1.302320686216456913e+00,9.438469248631016217e-01,5.030776962691232423e-01,5.434332085794357781e-02,-3.486475068571944780e-01,-6.784209030277348340e-01,-9.292431555412398181e-01,-1.108860534610788040e+00,-1.230989658712027479e+00,-1.310250628760821323e+00,-1.359483040108856233e+00,-1.388757752333500406e+00,-1.405371288640988592e+00,-1.414292284697637569e+00,-1.418732988877004608e+00,-1.420677520946484806e+00,-1.421301566112483039e+00,-1.421275215135802350e+00,-1.420966417976426310e+00,-1.420569952696559612e+00,-1.420185183015876929e+00,-1.419860875548737855e+00,-1.419619969342355903e+00,-1.419472706589020028e+00,-1.419423251806471775e+00,-1.000000000000000000e+00,-1.000000000000000000e+00,-1.000000000000000000e+00,-1.000000000000000000e+00,-1.000000000000000000e+00,-1.000000000000000000e+00,-1.000000000000000000e+00,-1.000000000000000000e+00,-1.000000000000000000e+00,-1.000000000000000000e+00,-1.000000000000000000e+00,-1.000000000000000000e+00,-1.000000000000000000e+00,-1.000000000000000000e+00,-1.000000000000000000e+00,-1.000000000000000000e+00,-1.000000000000000000e+00,-1.000000000000000000e+00,-1.000000000000000000e+00,-1.000000000000000000e+00,-1.000000000000000000e+00,-1.000000000000000000e+00,-1.000000000000000000e+00,-1.000000000000000000e+00,-1.000000000000000000e+00,-1.000000000000000000e+00,-1.000000000000000000e+00,-1.000000000000000000e+00,-1.000000000000000000e+00,-1.000000000000000000e+00,-1.000000000000000000e+00,-1.000000000000000000e+00,-1.000000000000000000e+00,-1.000000000000000000e+00,-1.000000000000000000e+00,-1.000000000000000000e+00,-1.000000000000000000e+00,-1.000000000000000000e+00,-1.000000000000000000e+00,-1.000000000000000000e+00,-1.000000000000000000e+00,-1.000000000000000000e+00,-1.000000000000000000e+00,-1.000000000000000000e+00,-1.000000000000000000e+00,-1.000000000000000000e+00
-1.000000000000000000e+00,-1.000000000000000000e+00,-1.000000000000000000e+00,-1.000000000000000000e+00,-1.000000000000000000e+00,-1.000000000000000000e+00,-1.000000000000000000e+00,-1.000000000000000000e+00,-1.000000000000000000e+00,-1.000000000000000000e+00,-1.000000000000000000e+00,-1.000000000000000000e+00,-1.000000000000000000e+00,-1.000000000000000000e+00,-1.000000000000000000e+00,-1.000000000000000000e+00,-1.000000000000000000e+00,-1.000000000000000000e+00,-1.000000000000000000e+00,-1.000000000000000000e+00,-1.000000000000000000e+00,-1.000000000000000000e+00,-1.000000000000000000e+00,-1.000000000000000000e+00,-1.000000000000000000e+00,-1.000000000000000000e+00,-1.000000000000000000e+00,-1.000000000000000000e+00,-1.000000000000000000e+00,-1.000000000000000000e+00,-1.000000000000000000e+00,-1.000000000000000000e+00,-1.000000000000000000e+00,-1.000000000000000000e+00,-1.000000000000000000e+00,-1.000000000000000000e+00,-1.000000000000000000e+00,-1.000000000000000000e+00,-1.000000000000000000e+00,-1.000000000000000000e+00,-1.000000000000000000e+00,-1.000000000000000000e+00,-1.000000000000000000e+00,-1.000000000000000000e+00,-1.000000000000000000e+00,-1.000000000000000000e+00,-1.419104496700928308e+00,-1.419155854928318305e+00,-1.419308748284752175e+00,-1.419558772359142518e+00,-1.419895283450982149e+00,-1.420294779568018306e+00,-1.420707773321439715e+00,-1.421034031826825972e+00,-1.421077773427546598e+00,-1.420469925259387090e+00,-1.418539160663444765e+00,-1.414108430164165320e+00,-1.405192068342636214e+00,-1.388575996959001690e+00,-1.359289313956409506e+00,-1.310032620654075108e+00,-1.230731453243241180e+00,-1.108541953269889024e+00,-9.288395581364167208e-01,-6.779040720351507954e-01,-3.479883988524555827e-01,5.516930079266790798e-02,5.040829758894833645e-01,9.450232168136905031e-01,1.303633073653833296e+00,1.504406520330379138e+00,1.504406520354521604e+00,1.303633073719652202e+00,9.450232169061236753e-01,5.040829760009410965e-01,5.516930091813820880e-02,-3.479883987193846950e-01,-6.779040718829141277e-01,-9.288395579404662428e-01,-1.108541953070648844e+00,-1.230731453010600829e+00,-1.310032620419444127e+00,-1.359289313751931072e+00,-1.388575996754491726e+00,-1.405192068150995066e+00,-1.414108429972203096e+00,-1.418539160496667284e+00,-1.420469925097560981e+00,-1.421077773255073229e+00,-1.421034031648428897e+00,-1.420707773200416746e+00,-1.420294779465791857e+00,-1.419895283387667906e+00,-1.419558772304823080e+00,-1.419308748267158471e+00,-1.419155854900221669e+00,-1.419104496673359028e+00,-1.000000000000000000e+00,-1.000000000000000000e+00,-1.000000000000000000e+00,-1.000000000000000000e+00,-1.000000000000000000e+00,-1.000000000000000000e+00,-1.000000000000000000e+00,-1.000000000000000000e+00,-1.000000000000000000e+00,-1.000000000000000000e+00,-1.000000000000000000e+00,-1.000000000000000000e+00,-1.000000000000000000e+00,-1.000000000000000000e+00,-1.000000000000000000e+00,-1.000000000000000000e+00,-1.000000000000000000e+00,-1.000000000000000000e+00,-1.000000000000000000e+00,-1.000000000000000000e+00,-1.000000000000000000e+00,-1.000000000000000000e+00,-1.000000000000000000e+00,-1.000000000000000000e+00,-1.000000000000000000e+00,-1.000000000000000000e+00,-1.000000000000000000e+00,-1.000000000000000000e+00,-1.000000000000000000e+00,-1.000000000000000000e+00,-1.000000000000000000e+00,-1.000000000000000000e+00,-1.000000000000000000e+00,-1.000000000000000000e+00,-1.000000000000000000e+00,-1.000000000000000000e+00,-1.000000000000000000e+00,-1.000000000000000000e+00,-1.000000000000000000e+00,-1.000000000000000000e+00,-1.000000000000000000e+00,-1.000000000000000000e+00,-1.000000000000000000e+00,-1.000000000000000000e+00,-1.000000000000000000e+00,-1.000000000000000000e+00
-1.000000000000000000e+00,-1.000000000000000000e+00,-1.000000000000000000e+00,-1.000000000000000000e+00,-1.000000000000000000e+00,-1.000000000000000000e+00,-1.000000000000000000e+00,-1.000000000000000000e+00,-1.000000000000000000e+00,-1.000000000000000000e+00,-1.000000000000000000e+00,-1.000000000000000000e+00,-1.000000000000000000e+00,-1.000000000000000000e+00,-1.000000000000000000e+00,-1.000000000000000000e+00,-1.000000000000000000e+00,-1.000000000000000000e+00,-1.000000000000000000e+00,-1.000000000000000000e+00,-1.000000000000000000e+00,-1.000000000000000000e+00,-1.000000000000000000e+00,-1.000000000000000000e+00,-1.000000000000000000e+00,-1.000000000000000000e+00,-1.000000000000000000e+00,-1.000000000000000000e+00,-1.000000000000000000e+00,-1.000000000000000000e+00,-1.000000000000000000e+00,-1.000000000000000000e+00,-1.000000000000000000e+00,-1.000000000000000000e+00,-1.000000000000000000e+00,-1.000000000000000000e+00,-1.000000000000000000e+00,-1.000000000000000000e+00,-1.000000000000000000e+00,-1.000000000000000000e+00,-1.000000000000000000e+00,-1.000000000000000000e+00,-1.000000000000000000e+00,-1.000000000000000000e+00,-1.000000000000000000e+00,-1.000000000000000000e+00,-1.418754160571001233e+00,-1.418806747905230203e+00,-1.418963274875159275e+00,-1.419219175869511185e+00,-1.419563538505848488e+00,-1.419972485561541653e+00,-1.420396050592611203e+00,-1.420733422314369276e+00,-1.420788145546113324e+00,-1.420190378061144010e+00,-1.418267913856188667e+00,-1.413842675124769910e+00,-1.404927742738208751e+00,-1.388307436455796573e+00,-1.359008738842538921e+00,-1.309729444970291201e+00,-1.230391477534794831e+00,-1.108146633896967881e+00,-9.283657401138366572e-01,-6.773247968114662898e-01,-3.472755531590733247e-01,5.603985444812042971e-02,5.051238622854123950e-01,9.462271774807295976e-01,1.304967139354977324e+00,1.505812803627586405e+00,1.505812803693970636e+00,1.304967139507464235e+00,9.462271777033104403e-01,5.051238625308374086e-01,5.603985468438832385e-02,-3.472755529426654331e-01,-6.773247966429123412e-01,-9.283657399421987311e-01,-1.108146633754278243e+00,-1.230391477409969125e+00,-1.309729444838547252e+00,-1.359008738710551389e+00,-1.388307436320838972e+00,-1.404927742586230544e+00,-1.413842674934607135e+00,-1.418267913649458922e+00,-1.420190377854647412e+00,-1.420788145334181074e+00,-1.420733422106269295e+00,-1.420396050471491867e+00,-1.419972485484321201e+00,-1.419563538503404221e+00,-1.419219175901795804e+00,-1.418963274970655775e+00,-1.418806748003513363e+00,-1.418754160686486410e+00,-1.000000000000000000e+00,-1.000000000000000000e+00,-1.000000000000000000e+00,-1.000000000000000000e+00,-1.000000000000000000e+00,-1.000000000000000000e+00,-1.000000000000000000e+00,-1.000000000000000000e+00,-1.000000000000000000e+00,-1.000000000000000000e+00,-1.000000000000000000e+00,-1.000000000000000000e+00,-1.000000000000000000e+00,-1.000000000000000000e+00,-1.000000000000000000e+00,-1.000000000000000000e+00,-1.000000000000000000e+00,-1.000000000000000000e+00,-1.000000000000000000e+00,-1.000000000000000000e+00,-1.000000000000000000e+00,-1.000000000000000000e+00,-1.000000000000000000e+00,-1.000000000000000000e+00,-1.000000000000000000e+00,-1.000000000000000000e+00,-1.000000000000000000e+00,-1.000000000000000000e+00,-1.000000000000000000e+00,-1.000000000000000000e+00,-1.000000000000000000e+00,-1.000000000000000000e+00,-1.000000000000000000e+00,-1.000000000000000000e+00,-1.000000000000000000e+00,-1.000000000000000000e+00,-1.000000000000000000e+00,-1.000000000000000000e+00,-1.000000000000000000e+00,-1.000000000000000000e+00,-1.000000000000000000e+00,-1.000000000000000000e+00,-1.000000000000000000e+00,-1.000000000000000000e+00,-1.000000000000000000e+00,-1.000000000000000000e+00
-1.000000000000000000e+00,-1.000000000000000000e+00,-1.000000000000000000e+00,-1.000000000000000000e+00,-1.000000000000000000e+00,-1.000000000000000000e+00,-1.000000000000000000e+00,-1.000000000000000000e+00,-1.000000000000000000e+00,-1.000000000000000000e+00,-1.000000000000000000e+00,-1.000000000000000000e+00,-1.000000000000000000e+00,-1.000000000000000000e+00,-1.000000000000000000e+00,-1.000000000000000000e+00,-1.000000000000000000e+00,-1.000000000000000000e+00,-1.000000000000000000e+00,-1.000000000000000000e+00,-1.000000000000000000e+00,-1.000000000000000000e+00,-1.000000000000000000e+00,-1.000000000000000000e+00,-1.000000000000000000e+00,-1.000000000000000000e+00,-1.000000000000000000e+00,-1.000000000000000000e+00,-1.000000000000000000e+00,-1.000000000000000000e+00,-1.000000000000000000e+00,-1.000000000000000000e+00,-1.000000000000000000e+00,-1.000000000000000000e+00,-1.000000000000000000e+00,-1.000000000000000000e+00,-1.000000000000000000e+00,-1.000000000000000000e+00,-1.000000000000000000e+00,-1.000000000000000000e+00,-1.000000000000000000e+00,-1.000000000000000000e+00,-1.000000000000000000e+00,-1.000000000000000000e+00,-1.000000000000000000e+00,-1.000000000000000000e+00,-1.418383855375184188e+00,-1.418437230989391118e+00,-1.418596086940593137e+00,-1.418855750071739585e+00,-1.419205129176042579e+00,-1.419620097683080839e+00,-1.420050370541499962e+00,-1.420394749115200250e+00,-1.420456319653712551e+00,-1.419864699342680892e+00,-1.417947033023287062e+00,-1.413524432274634535e+00,-1.404608916445198030e+00,-1.387983359592129595e+00,-1.358672743575902286e+00,-1.309372129478474589e+00,-1.229999859226964087e+00,-1.107703381873289539e+00,-9.278488674242634238e-01,-6.767084104316334336e-01,-3.465324093580123277e-01,5.693336368736989783e-02,5.061803626834631142e-01,9.474401352148666966e-01,1.306305142337596870e+00,1.507220278356853349e+00,1.507220278440593031e+00,1.306305142528136898e+00,9.474401354919892437e-01,5.061803629870156307e-01,5.693336395071724176e-02,-3.465324091333421563e-01,-6.767084102799296730e-01,-9.278488673181014557e-01,-1.107703381791786956e+00,-1.229999859176982069e+00,-1.309372129439261290e+00,-1.358672743502705504e+00,-1.387983359477893863e+00,-1.404608916285046138e+00,-1.413524432075466075e+00,-1.417947032788853035e+00,-1.419864699104849359e+00,-1.420456319391942612e+00,-1.420394748866314449e+00,-1.420050370400802286e+00,-1.419620097622027233e+00,-1.419205129211834393e+00,-1.418855750170701757e+00,-1.418596087127866667e+00,-1.418437231201557847e+00,-1.418383855612276312e+00,-1.000000000000000000e+00,-1.000000000000000000e+00,-1.000000000000000000e+00,-1.000000000000000000e+00,-1.000000000000000000e+00,-1.000000000000000000e+00,-1.000000000000000000e+00,-1.000000000000000000e+00,-1.000000000000000000e+00,-1.000000000000000000e+00,-1.000000000000000000e+00,-1.000000000000000000e+00,-1.000000000000000000e+00,-1.000000000000000000e+00,-1.000000000000000000e+00,-1.000000000000000000e+00,-1.000000000000000000e+00,-1.000000000000000000e+00,-1.000000000000000000e+00,-1.000000000000000000e+00,-1.000000000000000000e+00,-1.000000000000000000e+00,-1.000000000000000000e+00,-1.000000000000000000e+00,-1.000000000000000000e+00,-1.000000000000000000e+00,-1.000000000000000000e+00,-1.000000000000000000e+00,-1.000000000000000000e+00,-1.000000000000000000e+00,-1.000000000000000000e+00,-1.000000000000000000e+00,-1.000000000000000000e+00,-1.000000000000000000e+00,-1.000000000000000000e+00,-1.000000000000000000e+00,-1.000000000000000000e+00,-1.000000000000000000e+00,-1.000000000000000000e+00,-1.000000000000000000e+00,-1.000000000000000000e+00,-1.000000000000000000e+00,-1.000000000000000000e+00,-1.000000000000000000e+00,-1.000000000000000000e+00,-1.000000000000000000e+00
-1.000000000000000000e+00,-1.000000000000000000e+00,-1.000000000000000000e+00,-1.000000000000000000e+00,-1.000000000000000000e+00,-1.000000000000000000e+00,-1.000000000000000000e+00,-1.000000000000000000e+00,-1.000000000000000000e+00,-1.000000000000000000e+00,-1.000000000000000000e+00,-1.000000000000000000e+00,-1.000000000000000000e+00,-1.000000000000000000e+00,-1.000000000000000000e+00,-1.000000000000000000e+00,-1.000000000000000000e+00,-1.000000000000000000e+00,-1.000000000000000000e+00,-1.000000000000000000e+00,-1.000000000000000000e+00,-1.000000000000000000e+00,-1.000000000000000000e+00,-1.000000000000000000e+00,-1.000000000000000000e+00,-1.000000000000000000e+00,-1.000000000000000000e+00,-1.000000000000000000e+00,-1.000000000000000000e+00,-1.000000000000000000e+00,-1.000000000000000000e+00,-1.000000000000000000e+00,-1.000000000000000000e+00,-1.000000000000000000e+00,-1.000000000000000000e+00,-1.000000000000000000e+00,-1.000000000000000000e+00,-1.000000000000000000e+00,-1.000000000000000000e+00,-1.000000000000000000e+00,-1.000000000000000000e+00,-1.000000000000000000e+00,-1.000000000000000000e+00,-1.000000000000000000e+00,-1.000000000000000000e+00,-1.000000000000000000e+00,-1.418002035061202815e+00,-1.418055912159168930e+00,-1.418216248791316580e+00,-1.418478300487460597e+00,-1.418830857519495225e+00,-1.419249627759450183e+00,-1.419684113451820773e+00,-1.420032853681554963e+00,-1.420098615908066630e+00,-1.419510624900075069e+00,-1.417595525549347313e+00,-1.413173761366619097e+00,-1.404256419316173066e+00,-1.387625038963908652e+00,-1.358302693318105270e+00,-1.308981783525608567e+00,-1.229577129771474375e+00,-1.107231877085214977e+00,-9.273075609962552202e-01,-6.760723462043767285e-01,-3.457751698258773043e-01,5.783481418263036744e-02,5.072385262127856453e-01,9.486490058332677222e-01,1.307634610194805092e+00,1.508616788589658864e+00,1.508616788672811015e+00,1.307634610396921193e+00,9.486490061127561546e-01,5.072385265238061880e-01,5.783481443838445202e-02,-3.457751696346004211e-01,-6.760723460747050106e-01,-9.273075609459259239e-01,-1.107231877067992976e+00,-1.229577129765858867e+00,-1.308981783535009935e+00,-1.358302693304100917e+00,-1.387625038900458740e+00,-1.404256419180386128e+00,-1.413173761177837218e+00,-1.417595525301015069e+00,-1.419510624656988185e+00,-1.420098615636260497e+00,-1.420032853429415098e+00,-1.419684113292310590e+00,-1.419249627694673332e+00,-1.418830857551618863e+00,-1.418478300616209387e+00,-1.418216249020183506e+00,-1.418055912430730592e+00,-1.418002035362345481e+00,-1.000000000000000000e+00,-1.000000000000000000e+00,-1.000000000000000000e+00,-1.000000000000000000e+00,-1.000000000000000000e+00,-1.000000000000000000e+00,-1.000000000000000000e+00,-1.000000000000000000e+00,-1.000000000000000000e+00,-1.000000000000000000e+00,-1.000000000000000000e+00,-1.000000000000000000e+00,-1.000000000000000000e+00,-1.000000000000000000e+00,-1.000000000000000000e+00,-1.000000000000000000e+00,-1.000000000000000000e+00,-1.000000000000000000e+00,-1.000000000000000000e+00,-1.000000000000000000e+00,-1.000000000000000000e+00,-1.000000000000000000e+00,-1.000000000000000000e+00,-1.000000000000000000e+00,-1.000000000000000000e+00,-1.000000000000000000e+00,-1.000000000000000000e+00,-1.000000000000000000e+00,-1.000000000000000000e+00,-1.000000000000000000e+00,-1.000000000000000000e+00,-1.000000000000000000e+00,-1.000000000000000000e+00,-1.000000000000000000e+00,-1.000000000000000000e+00,-1.000000000000000000e+00,-1.000000000000000000e+00,-1.000000000000000000e+00,-1.000000000000000000e+00,-1.000000000000000000e+00,-1.000000000000000000e+00,-1.000000000000000000e+00,-1.000000000000000000e+00,-1.000000000000000000e+00,-1.000000000000000000e+00,-1.000000000000000000e+00
-1.000000000000000000e+00,-1.000000000000000000e+00,-1.000000000000000000e+00,-1.000000000000000000e+00,-1.000000000000000000e+00,-1.000000000000000000e+00,-1.000000000000000000e+00,-1.000000000000000000e+00,-1.000000000000000000e+00,-1.000000000000000000e+00,-1.000000000000000000e+00,-1.000000000000000000e+00,-1.000000000000000000e+00,-1.000000000000000000e+00,-1.000000000000000000e+00,-1.000000000000000000e+00,-1.000000000000000000e+00,-1.000000000000000000e+00,-1.000000000000000000e+00,-1.000000000000000000e+00,-1.000000000000000000e+00,-1.000000000000000000e+00,-1.000000000000000000e+00,-1.000000000000000000e+00,-1.000000000000000000e+00,-1.000000000000000000e+00,-1.000000000000000000e+00,-1.000000000000000000e+00,-1.000000000000000000e+00,-1.000000000000000000e+00,-1.000000000000000000e+00,-1.000000000000000000e+00,-1.000000000000000000e+00,-1.000000000000000000e+00,-1.000000000000000000e+00,-1.000000000000000000e+00,-1.000000000000000000e+00,-1.000000000000000000e+00,-1.000000000000000000e+00,-1.000000000000000000e+00,-1.000000000000000000e+00,-1.000000000000000000e+00,-1.000000000000000000e+00,-1.000000000000000000e+00,-1.000000000000000000e+00,-1.000000000000000000e+00,-1.417614840308092594e+00,-1.417669033197941797e+00,-1.417830301522472913e+00,-1.418093853733108922e+00,-1.418448401745768361e+00,-1.418869543344723816e+00,-1.419306637655669112e+00,-1.419658043152164373e+00,-1.419726299337095599e+00,-1.419140334843377760e+00,-1.417226392119791178e+00,-1.412804341485872417e+00,-1.403884426838867938e+00,-1.387246936069953307e+00,-1.357913110780396337e+00,-1.308572767214038146e+00,-1.229137279142999084e+00,-1.106745562073865763e+00,-9.267545802725211113e-01,-6.754285946960214559e-01,-3.450150251899901654e-01,5.873379028874681218e-02,5.082886333478884300e-01,9.498446387682828451e-01,1.308946794822681170e+00,1.509993794726407046e+00,1.509993794794936672e+00,1.308946795004458430e+00,9.498446389934769307e-01,5.082886335913043840e-01,5.873379048659854718e-02,-3.450150250709261845e-01,-6.754285946128568696e-01,-9.267545802451027104e-01,-1.106745562089236357e+00,-1.229137279170004815e+00,-1.308572767236747314e+00,-1.357913110774869203e+00,-1.387246936023063482e+00,-1.403884426735935831e+00,-1.412804341349383597e+00,-1.417226391918544603e+00,-1.419140334644918067e+00,-1.419726299094100863e+00,-1.419658042921697172e+00,-1.419306637498388923e+00,-1.418869543297532454e+00,-1.418448401777968826e+00,-1.418093853874786259e+00,-1.417830301743705501e+00,-1.417669033461228745e+00,-1.417614840595865511e+00,-1.000000000000000000e+00,-1.000000000000000000e+00,-1.000000000000000000e+00,-1.000000000000000000e+00,-1.000000000000000000e+00,-1.000000000000000000e+00,-1.000000000000000000e+00,-1.000000000000000000e+00,-1.000000000000000000e+00,-1.000000000000000000e+00,-1.000000000000000000e+00,-1.000000000000000000e+00,-1.000000000000000000e+00,-1.000000000000000000e+00,-1.000000000000000000e+00,-1.000000000000000000e+00,-1.000000000000000000e+00,-1.000000000000000000e+00,-1.000000000000000000e+00,-1.000000000000000000e+00,-1.000000000000000000e+00,-1.000000000000000000e+00,-1.000000000000000000e+00,-1.000000000000000000e+00,-1.000000000000000000e+00,-1.000000000000000000e+00,-1.000000000000000000e+00,-1.000000000000000000e+00,-1.000000000000000000e+00,-1.000000000000000000e+00,-1.000000000000000000e+00,-1.000000000000000000e+00,-1.000000000000000000e+00,-1.000000000000000000e+00,-1.000000000000000000e+00,-1.000000000000000000e+00,-1.000000000000000000e+00,-1.000000000000000000e+00,-1.000000000000000000e+00,-1.000000000000000000e+00,-1.000000000000000000e+00,-1.000000000000000000e+00,-1.000000000000000000e+00,-1.000000000000000000e+00,-1.000000000000000000e+00,-1.000000000000000000e+00
-1.000000000000000000e+00,-1.000000000000000000e+00,-1.000000000000000000e+00,-1.000000000000000000e+00,-1.000000000000000000e+00,-1.000000000000000000e+00,-1.000000000000000000e+00,-1.000000000000000000e+00,-1.000000000000000000e+00,-1.000000000000000000e+00,-1.000000000000000000e+00,-1.000000000000000000e+00,-1.000000000000000000e+00,-1.000000000000000000e+00,-1.000000000000000000e+00,-1.000000000000000000e+00,-1.000000000000000000e+00,-1.000000000000000000e+00,-1.000000000000000000e+00,-1.000000000000000000e+00,-1.000000000000000000e+00,-1.000000000000000000e+00,-1.000000000000000000e+00,-1.000000000000000000e+00,-1.000000000000000000e+00,-1.000000000000000000e+00,-1.000000000000000000e+00,-1.000000000000000000e+00,-1.000000000000000000e+00,-1.000000000000000000e+00,-1.000000000000000000e+00,-1.000000000000000000e+00,-1.000000000000000000e+00,-1.000000000000000000e+00,-1.000000000000000000e+00,-1.000000000000000000e+00,-1.000000000000000000e+00,-1.000000000000000000e+00,-1.000000000000000000e+00,-1.000000000000000000e+00,-1.000000000000000000e+00,-1.000000000000000000e+00,-1.000000000000000000e+00,-1.000000000000000000e+00,-1.000000000000000000e+00,-1.000000000000000000e+00,-1.417226728510540212e+00,-1.417281117554984649e+00,-1.417442964056810695e+00,-1.417707445496903862e+00,-1.418063221975091936e+00,-1.418485817705974039e+00,-1.418924494242019829e+00,-1.419277482735418427e+00,-1.419347153839938480e+00,-1.418762202983115950e+00,-1.416848534712516816e+00,-1.412425510845480847e+00,-1.403502596412449233e+00,-1.386858892539208910e+00,-1.357513877714552564e+00,-1.308154858733014958e+00,-1.228689848259876261e+00,-1.106253625496444126e+00,-9.261986727017148535e-01,-6.747854047281558465e-01,-3.442597032751539832e-01,5.962307106393427425e-02,5.093239202044570479e-01,9.510206448693003800e-01,1.310235572752206146e+00,1.511345311160098959e+00,1.511345311195465335e+00,1.310235572855483976e+00,9.510206449811782203e-01,5.093239203070580867e-01,5.962307113418630067e-02,-3.442597032651828481e-01,-6.747854047425271284e-01,-9.261986727244326811e-01,-1.106253625525109863e+00,-1.228689848293680775e+00,-1.308154858757399452e+00,-1.357513877710257777e+00,-1.386858892492674133e+00,-1.403502596317963924e+00,-1.412425510737002066e+00,-1.416848534558586170e+00,-1.418762202835250674e+00,-1.419347153644767490e+00,-1.419277482537470103e+00,-1.418924494094592426e+00,-1.418485817663047488e+00,-1.418063221986360922e+00,-1.417707445630105312e+00,-1.417442964266802274e+00,-1.417281117819598313e+00,-1.417226728797268853e+00,-1.000000000000000000e+00,-1.000000000000000000e+00,-1.000000000000000000e+00,-1.000000000000000000e+00,-1.000000000000000000e+00,-1.000000000000000000e+00,-1.000000000000000000e+00,-1.000000000000000000e+00,-1.000000000000000000e+00,-1.000000000000000000e+00,-1.000000000000000000e+00,-1.000000000000000000e+00,-1.000000000000000000e+00,-1.000000000000000000e+00,-1.000000000000000000e+00,-1.000000000000000000e+00,-1.000000000000000000e+00,-1.000000000000000000e+00,-1.000000000000000000e+00,-1.000000000000000000e+00,-1.000000000000000000e+00,-1.000000000000000000e+00,-1.000000000000000000e+00,-1.000000000000000000e+00,-1.000000000000000000e+00,-1.000000000000000000e+00,-1.000000000000000000e+00,-1.000000000000000000e+00,-1.000000000000000000e+00,-1.000000000000000000e+00,-1.000000000000000000e+00,-1.000000000000000000e+00,-1.000000000000000000e+00,-1.000000000000000000e+00,-1.000000000000000000e+00,-1.000000000000000000e+00,-1.000000000000000000e+00,-1.000000000000000000e+00,-1.000000000000000000e+00,-1.000000000000000000e+00,-1.000000000000000000e+00,-1.000000000000000000e+00,-1.000000000000000000e+00,-1.000000000000000000e+00,-1.000000000000000000e+00,-1.000000000000000000e+00
-1.000000000000000000e+00,-1.000000000000000000e+00,-1.000000000000000000e+00,-1.000000000000000000e+00,-1.000000000000000000e+00,-1.000000000000000000e+00,-1.000000000000000000e+00,-1.000000000000000000e+00,-1.000000000000000000e+00,-1.000000000000000000e+00,-1.000000000000000000e+00,-1.000000000000000000e+00,-1.000000000000000000e+00,-1.000000000000000000e+00,-1.000000000000000000e+00,-1.000000000000000000e+00,-1.000000000000000000e+00,-1.000000000000000000e+00,-1.000000000000000000e+00,-1.000000000000000000e+00,-1.000000000000000000e+00,-1.000000000000000000e+00,-1.000000000000000000e+00,-1.000000000000000000e+00,-1.000000000000000000e+00,-1.000000000000000000e+00,-1.000000000000000000e+00,-1.000000000000000000e+00,-1.000000000000000000e+00,-1.000000000000000000e+00,-1.000000000000000000e+00,-1.000000000000000000e+00,-1.000000000000000000e+00,-1.000000000000000000e+00,-1.000000000000000000e+00,-1.000000000000000000e+00,-1.000000000000000000e+00,-1.000000000000000000e+00,-1.000000000000000000e+00,-1.000000000000000000e+00,-1.000000000000000000e+00,-1.000000000000000000e+00,-1.000000000000000000e+00,-1.000000000000000000e+00,-1.000000000000000000e+00,-1.000000000000000000e+00,-1.416840938726783516e+00,-1.416895447291808052e+00,-1.417057645621285999e+00,-1.417322690864630585e+00,-1.417679208754348608e+00,-1.418102673884844789e+00,-1.418542279935294470e+00,-1.418896165500954432e+00,-1.418966571015655820e+00,-1.418382000259235776e+00,-1.416468063432214874e+00,-1.412043659393201533e+00,-1.403117522650215054e+00,-1.386467621143976370e+00,-1.357111732687131589e+00,-1.307734730157041447e+00,-1.228241356428956932e+00,-1.105762359100631809e+00,-9.256458438693758728e-01,-6.741484570217060046e-01,-3.435145437317054240e-01,6.049765024605324726e-02,5.103396823891532819e-01,9.521725680291006633e-01,1.311496664307997051e+00,1.512667149942409583e+00,1.512667149947599654e+00,1.311496664313944738e+00,9.521725680183394935e-01,5.103396823461701093e-01,6.049765016925623407e-02,-3.435145438169877607e-01,-6.741484571040567975e-01,-9.256458439352374112e-01,-1.105762359135333162e+00,-1.228241356438833032e+00,-1.307734730146302704e+00,-1.357111732661980597e+00,-1.386467621106134196e+00,-1.403117522597993272e+00,-1.412043659348787283e+00,-1.416468063361258967e+00,-1.418382000183119773e+00,-1.418966570898844148e+00,-1.418896165359416983e+00,-1.418542279825676600e+00,-1.418102673860004881e+00,-1.417679208765703969e+00,-1.417322690977973920e+00,-1.417057645776229391e+00,-1.416895447474817882e+00,-1.416840938910486569e+00,-1.000000000000000000e+00,-1.000000000000000000e+00,-1.000000000000000000e+00,-1.000000000000000000e+00,-1.000000000000000000e+00,-1.000000000000000000e+00,-1.000000000000000000e+00,-1.000000000000000000e+00,-1.000000000000000000e+00,-1.000000000000000000e+00,-1.000000000000000000e+00,-1.000000000000000000e+00,-1.000000000000000000e+00,-1.000000000000000000e+00,-1.000000000000000000e+00,-1.000000000000000000e+00,-1.000000000000000000e+00,-1.000000000000000000e+00,-1.000000000000000000e+00,-1.000000000000000000e+00,-1.000000000000000000e+00,-1.000000000000000000e+00,-1.000000000000000000e+00,-1.000000000000000000e+00,-1.000000000000000000e+00,-1.000000000000000000e+00,-1.000000000000000000e+00,-1.000000000000000000e+00,-1.000000000000000000e+00,-1.000000000000000000e+00,-1.000000000000000000e+00,-1.000000000000000000e+00,-1.000000000000000000e+00,-1.000000000000000000e+00,-1.000000000000000000e+00,-1.000000000000000000e+00,-1.000000000000000000e+00,-1.000000000000000000e+00,-1.000000000000000000e+00,-1.000000000000000000e+00,-1.000000000000000000e+00,-1.000000000000000000e+00,-1.000000000000000000e+00,-1.000000000000000000e+00,-1.000000000000000000e+00,-1.000000000000000000e+00
-1.000000000000000000e+00,-1.000000000000000000e+00,-1.000000000000000000e+00,-1.000000000000000000e+00,-1.000000000000000000e+00,-1.000000000000000000e+00,-1.000000000000000000e+00,-1.000000000000000000e+00,-1.000000000000000000e+00,-1.000000000000000000e+00,-1.000000000000000000e+00,-1.000000000000000000e+00,-1.000000000000000000e+00,-1.000000000000000000e+00,-1.000000000000000000e+00,-1.000000000000000000e+00,-1.000000000000000000e+00,-1.000000000000000000e+00,-1.000000000000000000e+00,-1.000000000000000000e+00,-1.000000000000000000e+00,-1.000000000000000000e+00,-1.000000000000000000e+00,-1.000000000000000000e+00,-1.000000000000000000e+00,-1.000000000000000000e+00,-1.000000000000000000e+00,-1.000000000000000000e+00,-1.000000000000000000e+00,-1.000000000000000000e+00,-1.000000000000000000e+00,-1.000000000000000000e+00,-1.000000000000000000e+00,-1.000000000000000000e+00,-1.000000000000000000e+00,-1.000000000000000000e+00,-1.000000000000000000e+00,-1.000000000000000000e+00,-1.000000000000000000e+00,-1.000000000000000000e+00,-1.000000000000000000e+00,-1.000000000000000000e+00,-1.000000000000000000e+00,-1.000000000000000000e+00,-1.000000000000000000e+00,-1.000000000000000000e+00,-1.416459831796991864e+00,-1.416514411149267350e+00,-1.416676817420013723e+00,-1.416942194398173926e+00,-1.417299144842791403e+00,-1.417723109387906355e+00,-1.418163233203094009e+00,-1.418517585028986172e+00,-1.418588300501675281e+00,-1.418003719610966051e+00,-1.416089188435286861e+00,-1.411663176270900433e+00,-1.402733725422299127e+00,-1.386077717021013678e+00,-1.356711286833983010e+00,-1.307316949218510160e+00,-1.227796272128336419e+00,-1.105276083248500019e+00,-9.251002271661885601e-01,-6.735216716859304675e-01,-3.427832415735342364e-01,6.135405395840298759e-02,5.113326471354993075e-01,9.532973014185741611e-01,1.312727080797117196e+00,1.513956383897977265e+00,1.513956383875292744e+00,1.312727080696631798e+00,9.532973012681504876e-01,5.113326469524079876e-01,6.135405374359503838e-02,-3.427832417623736250e-01,-6.735216718202821085e-01,-9.251002272448233255e-01,-1.105276083276466315e+00,-1.227796272122724242e+00,-1.307316949187995458e+00,-1.356711286784215709e+00,-1.386077716966667595e+00,-1.402733725384587515e+00,-1.411663176274809306e+00,-1.416089188454197068e+00,-1.418003719622534797e+00,-1.418588300485638998e+00,-1.418517584954711364e+00,-1.418163233141842339e+00,-1.417723109376726853e+00,-1.417299144860314275e+00,-1.416942194492497809e+00,-1.416676817550564405e+00,-1.416514411307489230e+00,-1.416459831955781734e+00,-1.000000000000000000e+00,-1.000000000000000000e+00,-1.000000000000000000e+00,-1.000000000000000000e+00,-1.000000000000000000e+00,-1.000000000000000000e+00,-1.000000000000000000e+00,-1.000000000000000000e+00,-1.000000000000000000e+00,-1.000000000000000000e+00,-1.000000000000000000e+00,-1.000000000000000000e+00,-1.000000000000000000e+00,-1.000000000000000000e+00,-1.000000000000000000e+00,-1.000000000000000000e+00,-1.000000000000000000e+00,-1.000000000000000000e+00,-1.000000000000000000e+00,-1.000000000000000000e+00,-1.000000000000000000e+00,-1.000000000000000000e+00,-1.000000000000000000e+00,-1.000000000000000000e+00,-1.000000000000000000e+00,-1.000000000000000000e+00,-1.000000000000000000e+00,-1.000000000000000000e+00,-1.000000000000000000e+00,-1.000000000000000000e+00,-1.000000000000000000e+00,-1.000000000000000000e+00,-1.000000000000000000e+00,-1.000000000000000000e+00,-1.000000000000000000e+00,-1.000000000000000000e+00,-1.000000000000000000e+00,-1.000000000000000000e+00,-1.000000000000000000e+00,-1.000000000000000000e+00,-1.000000000000000000e+00,-1.000000000000000000e+00,-1.000000000000000000e+00,-1.000000000000000000e+00,-1.000000000000000000e+00,-1.000000000000000000e+00
-1.000000000000000000e+00,-1.000000000000000000e+00,-1.000000000000000000e+00,-1.000000000000000000e+00,-1.000000000000000000e+00,-1.000000000000000000e+00,-1.000000000000000000e+00,-1.000000000000000000e+00,-1.000000000000000000e+00,-1.000000000000000000e+00,-1.000000000000000000e+00,-1.000000000000000000e+00,-1.000000000000000000e+00,-1.000000000000000000e+00,-1.000000000000000000e+00,-1.000000000000000000e+00,-1.000000000000000000e+00,-1.000000000000000000e+00,-1.000000000000000000e+00,-1.000000000000000000e+00,-1.000000000000000000e+00,-1.000000000000000000e+00,-1.000000000000000000e+00,-1.000000000000000000e+00,-1.000000000000000000e+00,-1.000000000000000000e+00,-1.000000000000000000e+00,-1.000000000000000000e+00,-1.000000000000000000e+00,-1.000000000000000000e+00,-1.000000000000000000e+00,-1.000000000000000000e+00,-1.000000000000000000e+00,-1.000000000000000000e+00,-1.000000000000000000e+00,-1.000000000000000000e+00,-1.000000000000000000e+00,-1.000000000000000000e+00,-1.000000000000000000e+00,-1.000000000000000000e+00,-1.000000000000000000e+00,-1.000000000000000000e+00,-1.000000000000000000e+00,-1.000000000000000000e+00,-1.000000000000000000e+00,-1.000000000000000000e+00,-1.416085137747281397e+00,-1.416139757172009350e+00,-1.416302280753711340e+00,-1.416567843476404853e+00,-1.416925032531857198e+00,-1.417349264758498428e+00,-1.417789649455586831e+00,-1.418144200401419752e+00,-1.418214965387535109e+00,-1.417630139686489432e+00,-1.415714827009933341e+00,-1.411287092772424145e+00,-1.402354319038070507e+00,-1.385692341905675917e+00,-1.356315711227933818e+00,-1.306904657983257501e+00,-1.227357672082238782e+00,-1.104797777170599016e+00,-9.245646783290839554e-01,-6.729077628804847055e-01,-3.420683607103431889e-01,6.218986665850034790e-02,5.123005343864504013e-01,9.543926770921322689e-01,1.313924734211967316e+00,1.515210966727095876e+00,1.515210966674284343e+00,1.313924734025160301e+00,9.543926768150738926e-01,5.123005340758957082e-01,6.218986634133738534e-02,-3.420683609983221629e-01,-6.729077630893808282e-01,-9.245646784421880371e-01,-1.104797777195778208e+00,-1.227357672049287807e+00,-1.306904657926573732e+00,-1.356315711170317018e+00,-1.385692341865544019e+00,-1.402354319036290375e+00,-1.411287092821910338e+00,-1.415714827099989082e+00,-1.417630139769570752e+00,-1.418214965471694233e+00,-1.418144200419679368e+00,-1.417789649492852577e+00,-1.417349264814382392e+00,-1.416925032604878343e+00,-1.416567843578228958e+00,-1.416302280866758467e+00,-1.416139757275445943e+00,-1.416085137843254627e+00,-1.000000000000000000e+00,-1.000000000000000000e+00,-1.000000000000000000e+00,-1.000000000000000000e+00,-1.000000000000000000e+00,-1.000000000000000000e+00,-1.000000000000000000e+00,-1.000000000000000000e+00,-1.000000000000000000e+00,-1.000000000000000000e+00,-1.000000000000000000e+00,-1.000000000000000000e+00,-1.000000000000000000e+00,-1.000000000000000000e+00,-1.000000000000000000e+00,-1.000000000000000000e+00,-1.000000000000000000e+00,-1.000000000000000000e+00,-1.000000000000000000e+00,-1.000000000000000000e+00,-1.000000000000000000e+00,-1.000000000000000000e+00,-1.000000000000000000e+00,-1.000000000000000000e+00,-1.000000000000000000e+00,-1.000000000000000000e+00,-1.000000000000000000e+00,-1.000000000000000000e+00,-1.000000000000000000e+00,-1.000000000000000000e+00,-1.000000000000000000e+00,-1.000000000000000000e+00,-1.000000000000000000e+00,-1.000000000000000000e+00,-1.000000000000000000e+00,-1.000000000000000000e+00,-1.000000000000000000e+00,-1.000000000000000000e+00,-1.000000000000000000e+00,-1.000000000000000000e+00,-1.000000000000000000e+00,-1.000000000000000000e+00,-1.000000000000000000e+00,-1.000000000000000000e+00,-1.000000000000000000e+00,-1.000000000000000000e+00
-1.000000000000000000e+00,-1.000000000000000000e+00,-1.000000000000000000e+00,-1.000000000000000000e+00,-1.000000000000000000e+00,-1.000000000000000000e+00,-1.000000000000000000e+00,-1.000000000000000000e+00,-1.000000000000000000e+00,-1.000000000000000000e+00,-1.000000000000000000e+00,-1.000000000000000000e+00,-1.000000000000000000e+00,-1.000000000000000000e+00,-1.000000000000000000e+00,-1.000000000000000000e+00,-1.000000000000000000e+00,-1.000000000000000000e+00,-1.000000000000000000e+00,-1.000000000000000000e+00,-1.000000000000000000e+00,-1.000000000000000000e+00,-1.000000000000000000e+00,-1.000000000000000000e+00,-1.000000000000000000e+00,-1.000000000000000000e+00,-1.000000000000000000e+00,-1.000000000000000000e+00,-1.000000000000000000e+00,-1.000000000000000000e+00,-1.000000000000000000e+00,-1.000000000000000000e+00,-1.000000000000000000e+00,-1.000000000000000000e+00,-1.000000000000000000e+00,-1.000000000000000000e+00,-1.000000000000000000e+00,-1.000000000000000000e+00,-1.000000000000000000e+00,-1.000000000000000000e+00,-1.000000000000000000e+00,-1.000000000000000000e+00,-1.000000000000000000e+00,-1.000000000000000000e+00,-1.000000000000000000e+00,-1.000000000000000000e+00,-1.415718134421324326e+00,-1.415772774808702117e+00,-1.415935359338192256e+00,-1.416201017123849937e+00,-1.416558324626773002e+00,-1.416982681465454696e+00,-1.417423169339411482e+00,-1.417777756889388563e+00,-1.417848415595472700e+00,-1.417263209473681007e+00,-1.415347016242220590e+00,-1.410917518214177102e+00,-1.401981465123324222e+00,-1.385313686835643043e+00,-1.355927201740895205e+00,-1.306500032280054402e+00,-1.226927688284804585e+00,-1.104329507677771716e+00,-9.240411813897225768e-01,-6.723086192719354148e-01,-3.413716880266560727e-01,6.300340250061164937e-02,5.132417508899518310e-01,9.554571785522651961e-01,1.315088162792206639e+00,1.516429465272967736e+00,1.516429465194874648e+00,1.315088162571593333e+00,9.554571782182579298e-01,5.132417504958333154e-01,6.300340212320132416e-02,-3.413716883519849477e-01,-6.723086194981762187e-01,-9.240411815227544956e-01,-1.104329507731354187e+00,-1.226927688278584005e+00,-1.306500032243529841e+00,-1.355927201707719743e+00,-1.385313686835099922e+00,-1.401981465188589349e+00,-1.410917518351044730e+00,-1.415347016445619666e+00,-1.417263209663377932e+00,-1.417848415788432792e+00,-1.417777756990468152e+00,-1.417423169437738162e+00,-1.416982681550855050e+00,-1.416558324731756358e+00,-1.416201017243646554e+00,-1.415935359479804312e+00,-1.415772774933642619e+00,-1.415718134552547358e+00,-1.000000000000000000e+00,-1.000000000000000000e+00,-1.000000000000000000e+00,-1.000000000000000000e+00,-1.000000000000000000e+00,-1.000000000000000000e+00,-1.000000000000000000e+00,-1.000000000000000000e+00,-1.000000000000000000e+00,-1.000000000000000000e+00,-1.000000000000000000e+00,-1.000000000000000000e+00,-1.000000000000000000e+00,-1.000000000000000000e+00,-1.000000000000000000e+00,-1.000000000000000000e+00,-1.000000000000000000e+00,-1.000000000000000000e+00,-1.000000000000000000e+00,-1.000000000000000000e+00,-1.000000000000000000e+00,-1.000000000000000000e+00,-1.000000000000000000e+00,-1.000000000000000000e+00,-1.000000000000000000e+00,-1.000000000000000000e+00,-1.000000000000000000e+00,-1.000000000000000000e+00,-1.000000000000000000e+00,-1.000000000000000000e+00,-1.000000000000000000e+00,-1.000000000000000000e+00,-1.000000000000000000e+00,-1.000000000000000000e+00,-1.000000000000000000e+00,-1.000000000000000000e+00,-1.000000000000000000e+00,-1.000000000000000000e+00,-1.000000000000000000e+00,-1.000000000000000000e+00,-1.000000000000000000e+00,-1.000000000000000000e+00,-1.000000000000000000e+00,-1.000000000000000000e+00,-1.000000000000000000e+00,-1.000000000000000000e+00
-1.000000000000000000e+00,-1.000000000000000000e+00,-1.000000000000000000e+00,-1.000000000000000000e+00,-1.000000000000000000e+00,-1.000000000000000000e+00,-1.000000000000000000e+00,-1.000000000000000000e+00,-1.000000000000000000e+00,-1.000000000000000000e+00,-1.000000000000000000e+00,-1.000000000000000000e+00,-1.000000000000000000e+00,-1.000000000000000000e+00,-1.000000000000000000e+00,-1.000000000000000000e+00,-1.000000000000000000e+00,-1.000000000000000000e+00,-1.000000000000000000e+00,-1.000000000000000000e+00,-1.000000000000000000e+00,-1.000000000000000000e+00,-1.000000000000000000e+00,-1.000000000000000000e+00,-1.000000000000000000e+00,-1.000000000000000000e+00,-1.000000000000000000e+00,-1.000000000000000000e+00,-1.000000000000000000e+00,-1.000000000000000000e+00,-1.000000000000000000e+00,-1.000000000000000000e+00,-1.000000000000000000e+00,-1.000000000000000000e+00,-1.000000000000000000e+00,-1.000000000000000000e+00,-1.000000000000000000e+00,-1.000000000000000000e+00,-1.000000000000000000e+00,-1.000000000000000000e+00,-1.000000000000000000e+00,-1.000000000000000000e+00,-1.000000000000000000e+00,-1.000000000000000000e+00,-1.000000000000000000e+00,-1.000000000000000000e+00,-1.415359775891168681e+00,-1.415414425559346823e+00,-1.415577036630013108e+00,-1.415842734206141262e+00,-1.416200087161608945e+00,-1.416624482142069263e+00,-1.417064978708295619e+00,-1.417419506926167028e+00,-1.417489970014686129e+00,-1.416904310615801688e+00,-1.414987193390364162e+00,-1.410555935216770251e+00,-1.401616678826838269e+00,-1.384943284723748613e+00,-1.355547293123692487e+00,-1.306104592439427892e+00,-1.226507810917226715e+00,-1.103872720452945488e+00,-9.235311254516028745e-01,-6.717255645070295822e-01,-3.406944769842984444e-01,6.379347799432544264e-02,5.141551774397263852e-01,9.564897399010932055e-01,1.316216338602651970e+00,1.517610871426803953e+00,1.517610871334236222e+00,1.316216338372781625e+00,9.564897395594718077e-01,5.141551770254328968e-01,6.379347757989162204e-02,-3.406944773534906767e-01,-6.717255647717039757e-01,-9.235311256125768864e-01,-1.103872720524017526e+00,-1.226507810935825837e+00,-1.306104592440401779e+00,-1.355547293139496956e+00,-1.384943284775404182e+00,-1.401616678948596428e+00,-1.410555935408112971e+00,-1.414987193656064068e+00,-1.416904310870056527e+00,-1.417489970294746771e+00,-1.417419507142050783e+00,-1.417064978926249497e+00,-1.416624482348554537e+00,-1.416200087378086669e+00,-1.415842734402805503e+00,-1.415577036820229395e+00,-1.415414425712170576e+00,-1.415359776062568020e+00,-1.000000000000000000e+00,-1.000000000000000000e+00,-1.000000000000000000e+00,-1.000000000000000000e+00,-1.000000000000000000e+00,-1.000000000000000000e+00,-1.000000000000000000e+00,-1.000000000000000000e+00,-1.000000000000000000e+00,-1.000000000000000000e+00,-1.000000000000000000e+00,-1.000000000000000000e+00,-1.000000000000000000e+00,-1.000000000000000000e+00,-1.000000000000000000e+00,-1.000000000000000000e+00,-1.000000000000000000e+00,-1.000000000000000000e+00,-1.000000000000000000e+00,-1.000000000000000000e+00,-1.000000000000000000e+00,-1.000000000000000000e+00,-1.000000000000000000e+00,-1.000000000000000000e+00,-1.000000000000000000e+00,-1.000000000000000000e+00,-1.000000000000000000e+00,-1.000000000000000000e+00,-1.000000000000000000e+00,-1.000000000000000000e+00,-1.000000000000000000e+00,-1.000000000000000000e+00,-1.000000000000000000e+00,-1.000000000000000000e+00,-1.000000000000000000e+00,-1.000000000000000000e+00,-1.000000000000000000e+00,-1.000000000000000000e+00,-1.000000000000000000e+00,-1.000000000000000000e+00,-1.000000000000000000e+00,-1.000000000000000000e+00,-1.000000000000000000e+00,-1.000000000000000000e+00,-1.000000000000000000e+00,-1.000000000000000000e+00
-1.000000000000000000e+00,-1.000000000000000000e+00,-1.000000000000000000e+00,-1.000000000000000000e+00,-1.000000000000000000e+00,-1.000000000000000000e+00,-1.000000000000000000e+00,-1.000000000000000000e+00,-1.000000000000000000e+00,-1.000000000000000000e+00,-1.000000000000000000e+00,-1.000000000000000000e+00,-1.000000000000000000e+00,-1.000000000000000000e+00,-1.000000000000000000e+00,-1.000000000000000000e+00,-1.000000000000000000e+00,-1.000000000000000000e+00,-1.000000000000000000e+00,-1.000000000000000000e+00,-1.000000000000000000e+00,-1.000000000000000000e+00,-1.000000000000000000e+00,-1.000000000000000000e+00,-1.000000000000000000e+00,-1.000000000000000000e+00,-1.000000000000000000e+00,-1.000000000000000000e+00,-1.000000000000000000e+00,-1.000000000000000000e+00,-1.000000000000000000e+00,-1.000000000000000000e+00,-1.000000000000000000e+00,-1.000000000000000000e+00,-1.000000000000000000e+00,-1.000000000000000000e+00,-1.000000000000000000e+00,-1.000000000000000000e+00,-1.000000000000000000e+00,-1.000000000000000000e+00,-1.000000000000000000e+00,-1.000000000000000000e+00,-1.000000000000000000e+00,-1.000000000000000000e+00,-1.000000000000000000e+00,-1.000000000000000000e+00,-1.415010784545306599e+00,-1.415065436530411169e+00,-1.415228053693956767e+00,-1.415493758307404759e+00,-1.415851113692134344e+00,-1.416275496258204702e+00,-1.416715947061844894e+00,-1.417070362084667856e+00,-1.417140582097147661e+00,-1.416554435994063388e+00,-1.414636386121795653e+00,-1.410203399598320306e+00,-1.401261035804791888e+00,-1.384582221483373621e+00,-1.355177071162221525e+00,-1.305719413409078378e+00,-1.226099093578941313e+00,-1.103428437982372667e+00,-9.230354934718371096e-01,-6.711595356326145456e-01,-3.400376151984938478e-01,6.455925493340641808e-02,5.150400212321333271e-01,9.574896058929291964e-01,1.317308533062807818e+00,1.518754470508803855e+00,1.518754470435575321e+00,1.317308532865066439e+00,9.574896055851800369e-01,5.150400208688890036e-01,6.455925456155031661e-02,-3.400376155383258991e-01,-6.711595359041254705e-01,-9.230354936629725504e-01,-1.103428438093566388e+00,-1.226099093647185390e+00,-1.305719413465021184e+00,-1.355177071242079645e+00,-1.384582221612768560e+00,-1.401261036017440231e+00,-1.410203399884033759e+00,-1.414636386482070129e+00,-1.416554436333648637e+00,-1.417140582443173091e+00,-1.417070362368464842e+00,-1.416715947318309521e+00,-1.416275496515055909e+00,-1.415851113967484087e+00,-1.415493758584203121e+00,-1.415228053972718669e+00,-1.415065436786040465e+00,-1.415010784829861423e+00,-1.000000000000000000e+00,-1.000000000000000000e+00,-1.000000000000000000e+00,-1.000000000000000000e+00,-1.000000000000000000e+00,-1.000000000000000000e+00,-1.000000000000000000e+00,-1.000000000000000000e+00,-1.000000000000000000e+00,-1.000000000000000000e+00,-1.000000000000000000e+00,-1.000000000000000000e+00,-1.000000000000000000e+00,-1.000000000000000000e+00,-1.000000000000000000e+00,-1.000000000000000000e+00,-1.000000000000000000e+00,-1.000000000000000000e+00,-1.000000000000000000e+00,-1.000000000000000000e+00,-1.000000000000000000e+00,-1.000000000000000000e+00,-1.000000000000000000e+00,-1.000000000000000000e+00,-1.000000000000000000e+00,-1.000000000000000000e+00,-1.000000000000000000e+00,-1.000000000000000000e+00,-1.000000000000000000e+00,-1.000000000000000000e+00,-1.000000000000000000e+00,-1.000000000000000000e+00,-1.000000000000000000e+00,-1.000000000000000000e+00,-1.000000000000000000e+00,-1.000000000000000000e+00,-1.000000000000000000e+00,-1.000000000000000000e+00,-1.000000000000000000e+00,-1.000000000000000000e+00,-1.000000000000000000e+00,-1.000000000000000000e+00,-1.000000000000000000e+00,-1.000000000000000000e+00,-1.000000000000000000e+00,-1.000000000000000000e+00
-1.000000000000000000e+00,-1.000000000000000000e+00,-1.000000000000000000e+00,-1.000000000000000000e+00,-1.000000000000000000e+00,-1.000000000000000000e+00,-1.000000000000000000e+00,-1.000000000000000000e+00,-1.000000000000000000e+00,-1.000000000000000000e+00,-1.000000000000000000e+00,-1.000000000000000000e+00,-1.000000000000000000e+00,-1.000000000000000000e+00,-1.000000000000000000e+00,-1.000000000000000000e+00,-1.000000000000000000e+00,-1.000000000000000000e+00,-1.000000000000000000e+00,-1.000000000000000000e+00,-1.000000000000000000e+00,-1.000000000000000000e+00,-1.000000000000000000e+00,-1.000000000000000000e+00,-1.000000000000000000e+00,-1.000000000000000000e+00,-1.000000000000000000e+00,-1.000000000000000000e+00,-1.000000000000000000e+00,-1.000000000000000000e+00,-1.000000000000000000e+00,-1.000000000000000000e+00,-1.000000000000000000e+00,-1.000000000000000000e+00,-1.000000000000000000e+00,-1.000000000000000000e+00,-1.000000000000000000e+00,-1.000000000000000000e+00,-1.000000000000000000e+00,-1.000000000000000000e+00,-1.000000000000000000e+00,-1.000000000000000000e+00,-1.000000000000000000e+00,-1.000000000000000000e+00,-1.000000000000000000e+00,-1.000000000000000000e+00,-1.414671716618912445e+00,-1.414726366947917091e+00,-1.414888978570271183e+00,-1.415154671670349362e+00,-1.415512005331569956e+00,-1.415936347525274419e+00,-1.416376723244553215e+00,-1.416730997573840245e+00,-1.416800953194202073e+00,-1.416214311450947338e+00,-1.414295341722448640e+00,-1.409860675787063533e+00,-1.400915312236753252e+00,-1.384231278790528652e+00,-1.354817316185257026e+00,-1.305345267017666178e+00,-1.225702292446043007e+00,-1.102997394006177689e+00,-9.225549908052451675e-01,-6.706112050088492982e-01,-3.394017394185606662e-01,6.530013218020558341e-02,5.158957137814899063e-01,9.584562348758345340e-01,1.318364223441447880e+00,1.519859749612824107e+00,1.519859749571872864e+00,1.318364223311628169e+00,9.584562346534575283e-01,5.158957134960149293e-01,6.530013185855088054e-02,-3.394017397179289741e-01,-6.706112052679888968e-01,-9.225549910085824035e-01,-1.102997394171718604e+00,-1.225702292596906773e+00,-1.305345267164473633e+00,-1.354817316348144285e+00,-1.384231278989199732e+00,-1.400915312497867715e+00,-1.409860676106762245e+00,-1.414295342109724185e+00,-1.416214311828732475e+00,-1.416800953577484590e+00,-1.416730997937675873e+00,-1.416376723579617192e+00,-1.415936347888836488e+00,-1.415512005703797760e+00,-1.415154672041864181e+00,-1.414888978910693984e+00,-1.414726367264070417e+00,-1.414671716954155167e+00,-1.000000000000000000e+00,-1.000000000000000000e+00,-1.000000000000000000e+00,-1.000000000000000000e+00,-1.000000000000000000e+00,-1.000000000000000000e+00,-1.000000000000000000e+00,-1.000000000000000000e+00,-1.000000000000000000e+00,-1.000000000000000000e+00,-1.000000000000000000e+00,-1.000000000000000000e+00,-1.000000000000000000e+00,-1.000000000000000000e+00,-1.000000000000000000e+00,-1.000000000000000000e+00,-1.000000000000000000e+00,-1.000000000000000000e+00,-1.000000000000000000e+00,-1.000000000000000000e+00,-1.000000000000000000e+00,-1.000000000000000000e+00,-1.000000000000000000e+00,-1.000000000000000000e+00,-1.000000000000000000e+00,-1.000000000000000000e+00,-1.000000000000000000e+00,-1.000000000000000000e+00,-1.000000000000000000e+00,-1.000000000000000000e+00,-1.000000000000000000e+00,-1.000000000000000000e+00,-1.000000000000000000e+00,-1.000000000000000000e+00,-1.000000000000000000e+00,-1.000000000000000000e+00,-1.000000000000000000e+00,-1.000000000000000000e+00,-1.000000000000000000e+00,-1.000000000000000000e+00,-1.000000000000000000e+00,-1.000000000000000000e+00,-1.000000000000000000e+00,-1.000000000000000000e+00,-1.000000000000000000e+00,-1.000000000000000000e+00
-1.000000000000000000e+00,-1.000000000000000000e+00,-1.000000000000000000e+00,-1.000000000000000000e+00,-1.000000000000000000e+00,-1.000000000000000000e+00,-1.000000000000000000e+00,-1.000000000000000000e+00,-1.000000000000000000e+00,-1.000000000000000000e+00,-1.000000000000000000e+00,-1.000000000000000000e+00,-1.000000000000000000e+00,-1.000000000000000000e+00,-1.000000000000000000e+00,-1.000000000000000000e+00,-1.000000000000000000e+00,-1.000000000000000000e+00,-1.000000000000000000e+00,-1.000000000000000000e+00,-1.000000000000000000e+00,-1.000000000000000000e+00,-1.000000000000000000e+00,-1.000000000000000000e+00,-1.000000000000000000e+00,-1.000000000000000000e+00,-1.000000000000000000e+00,-1.000000000000000000e+00,-1.000000000000000000e+00,-1.000000000000000000e+00,-1.000000000000000000e+00,-1.000000000000000000e+00,-1.000000000000000000e+00,-1.000000000000000000e+00,-1.000000000000000000e+00,-1.000000000000000000e+00,-1.000000000000000000e+00,-1.000000000000000000e+00,-1.000000000000000000e+00,-1.000000000000000000e+00,-1.000000000000000000e+00,-1.000000000000000000e+00,-1.000000000000000000e+00,-1.000000000000000000e+00,-1.000000000000000000e+00,-1.000000000000000000e+00,-1.414343008878599539e+00,-1.414397655448317526e+00,-1.414560255401287492e+00,-1.414825927318825505e+00,-1.415183226868582445e+00,-1.415607514795135691e+00,-1.416047801689151786e+00,-1.416401924117599798e+00,-1.416471610109418799e+00,-1.415884478757433840e+00,-1.413964614906222383e+00,-1.409528328607297709e+00,-1.400580079518295218e+00,-1.383891030492836238e+00,-1.354468599932151074e+00,-1.304982718067799086e+00,-1.225317960460952316e+00,-1.102580124805751849e+00,-9.220901327546254800e-01,-6.700810635916305547e-01,-3.387873143425215172e-01,6.601567119558970909e-02,5.167218403780526881e-01,9.593892315093830447e-01,1.319383027881466219e+00,1.520926333879462078e+00,1.520926333845000755e+00,1.319383027794174268e+00,9.593892313830731933e-01,5.167218401953905804e-01,6.601567096059546280e-02,-3.387873145960621502e-01,-6.700810638538873265e-01,-9.220901329820272441e-01,-1.102580125015891976e+00,-1.225317960654316751e+00,-1.304982718264412256e+00,-1.354468600148686086e+00,-1.383891030751411400e+00,-1.400580079839467862e+00,-1.409528328992786017e+00,-1.413964615344609488e+00,-1.415884479183769917e+00,-1.416471610508314161e+00,-1.416401924507724619e+00,-1.416047802027079028e+00,-1.415607515183474829e+00,-1.415183227278652645e+00,-1.414825927760015700e+00,-1.414560255811076361e+00,-1.414397655862012604e+00,-1.414343009296426201e+00,-1.000000000000000000e+00,-1.000000000000000000e+00,-1.000000000000000000e+00,-1.000000000000000000e+00,-1.000000000000000000e+00,-1.000000000000000000e+00,-1.000000000000000000e+00,-1.000000000000000000e+00,-1.000000000000000000e+00,-1.000000000000000000e+00,-1.000000000000000000e+00,-1.000000000000000000e+00,-1.000000000000000000e+00,-1.000000000000000000e+00,-1.000000000000000000e+00,-1.000000000000000000e+00,-1.000000000000000000e+00,-1.000000000000000000e+00,-1.000000000000000000e+00,-1.000000000000000000e+00,-1.000000000000000000e+00,-1.000000000000000000e+00,-1.000000000000000000e+00,-1.000000000000000000e+00,-1.000000000000000000e+00,-1.000000000000000000e+00,-1.000000000000000000e+00,-1.000000000000000000e+00,-1.000000000000000000e+00,-1.000000000000000000e+00,-1.000000000000000000e+00,-1.000000000000000000e+00,-1.000000000000000000e+00,-1.000000000000000000e+00,-1.000000000000000000e+00,-1.000000000000000000e+00,-1.000000000000000000e+00,-1.000000000000000000e+00,-1.000000000000000000e+00,-1.000000000000000000e+00,-1.000000000000000000e+00,-1.000000000000000000e+00,-1.000000000000000000e+00,-1.000000000000000000e+00,-1.000000000000000000e+00,-1.000000000000000000e+00
-1.000000000000000000e+00,-1.000000000000000000e+00,-1.000000000000000000e+00,-1.000000000000000000e+00,-1.000000000000000000e+00,-1.000000000000000000e+00,-1.000000000000000000e+00,-1.000000000000000000e+00,-1.000000000000000000e+00,-1.000000000000000000e+00,-1.000000000000000000e+00,-1.000000000000000000e+00,-1.000000000000000000e+00,-1.000000000000000000e+00,-1.000000000000000000e+00,-1.000000000000000000e+00,-1.000000000000000000e+00,-1.000000000000000000e+00,-1.000000000000000000e+00,-1.000000000000000000e+00,-1.000000000000000000e+00,-1.000000000000000000e+00,-1.000000000000000000e+00,-1.000000000000000000e+00,-1.000000000000000000e+00,-1.000000000000000000e+00,-1.000000000000000000e+00,-1.000000000000000000e+00,-1.000000000000000000e+00,-1.000000000000000000e+00,-1.000000000000000000e+00,-1.000000000000000000e+00,-1.000000000000000000e+00,-1.000000000000000000e+00,-1.000000000000000000e+00,-1.000000000000000000e+00,-1.000000000000000000e+00,-1.000000000000000000e+00,-1.000000000000000000e+00,-1.000000000000000000e+00,-1.000000000000000000e+00,-1.000000000000000000e+00,-1.000000000000000000e+00,-1.000000000000000000e+00,-1.000000000000000000e+00,-1.000000000000000000e+00,-1.414025011802745535e+00,-1.414079653663123048e+00,-1.414242239195285800e+00,-1.414507885709453516e+00,-1.414865145961178072e+00,-1.415289374322125981e+00,-1.415729568141125494e+00,-1.416083537325393271e+00,-1.416152958099298864e+00,-1.415565352047916559e+00,-1.413644627345247873e+00,-1.409206785407964624e+00,-1.400255768334855100e+00,-1.383561907874194974e+00,-1.354131351192439103e+00,-1.304632189504220774e+00,-1.224946511247122949e+00,-1.102177031245572980e+00,-9.216413042486760743e-01,-6.695694778838425787e-01,-3.381946866578736666e-01,6.670554490118818514e-02,5.175180915902481971e-01,9.602883004821183288e-01,1.320364660678662982e+00,1.521953942563428530e+00,1.521953942561641959e+00,1.320364660677622926e+00,9.602883004544473522e-01,5.175180914961712286e-01,6.670554476785084397e-02,-3.381946868313996379e-01,-6.695694781010530505e-01,-9.216413044853326575e-01,-1.102177031522034278e+00,-1.224946511532254645e+00,-1.304632189801554265e+00,-1.354131351483338630e+00,-1.383561908178895683e+00,-1.400255768672308720e+00,-1.409206785799158812e+00,-1.413644627769913509e+00,-1.415565352478148631e+00,-1.416152958499004022e+00,-1.416083537747670595e+00,-1.415729568509192626e+00,-1.415289374754774343e+00,-1.414865146421386610e+00,-1.414507886199042552e+00,-1.414242239628684228e+00,-1.414079654101682237e+00,-1.414025012215938348e+00,-1.000000000000000000e+00,-1.000000000000000000e+00,-1.000000000000000000e+00,-1.000000000000000000e+00,-1.000000000000000000e+00,-1.000000000000000000e+00,-1.000000000000000000e+00,-1.000000000000000000e+00,-1.000000000000000000e+00,-1.000000000000000000e+00,-1.000000000000000000e+00,-1.000000000000000000e+00,-1.000000000000000000e+00,-1.000000000000000000e+00,-1.000000000000000000e+00,-1.000000000000000000e+00,-1.000000000000000000e+00,-1.000000000000000000e+00,-1.000000000000000000e+00,-1.000000000000000000e+00,-1.000000000000000000e+00,-1.000000000000000000e+00,-1.000000000000000000e+00,-1.000000000000000000e+00,-1.000000000000000000e+00,-1.000000000000000000e+00,-1.000000000000000000e+00,-1.000000000000000000e+00,-1.000000000000000000e+00,-1.000000000000000000e+00,-1.000000000000000000e+00,-1.000000000000000000e+00,-1.000000000000000000e+00,-1.000000000000000000e+00,-1.000000000000000000e+00,-1.000000000000000000e+00,-1.000000000000000000e+00,-1.000000000000000000e+00,-1.000000000000000000e+00,-1.000000000000000000e+00,-1.000000000000000000e+00,-1.000000000000000000e+00,-1.000000000000000000e+00,-1.000000000000000000e+00,-1.000000000000000000e+00,-1.000000000000000000e+00
-1.000000000000000000e+00,-1.000000000000000000e+00,-1.000000000000000000e+00,-1.000000000000000000e+00,-1.000000000000000000e+00,-1.000000000000000000e+00,-1.000000000000000000e+00,-1.000000000000000000e+00,-1.000000000000000000e+00,-1.000000000000000000e+00,-1.000000000000000000e+00,-1.000000000000000000e+00,-1.000000000000000000e+00,-1.000000000000000000e+00,-1.000000000000000000e+00,-1.000000000000000000e+00,-1.000000000000000000e+00,-1.000000000000000000e+00,-1.000000000000000000e+00,-1.000000000000000000e+00,-1.000000000000000000e+00,-1.000000000000000000e+00,-1.000000000000000000e+00,-1.000000000000000000e+00,-1.000000000000000000e+00,-1.000000000000000000e+00,-1.000000000000000000e+00,-1.000000000000000000e+00,-1.000000000000000000e+00,-1.000000000000000000e+00,-1.000000000000000000e+00,-1.000000000000000000e+00,-1.000000000000000000e+00,-1.000000000000000000e+00,-1.000000000000000000e+00,-1.000000000000000000e+00,-1.000000000000000000e+00,-1.000000000000000000e+00,-1.000000000000000000e+00,-1.000000000000000000e+00,-1.000000000000000000e+00,-1.000000000000000000e+00,-1.000000000000000000e+00,-1.000000000000000000e+00,-1.000000000000000000e+00,-1.000000000000000000e+00,-1.413718012988553152e+00,-1.413772649890106647e+00,-1.413935220285115424e+00,-1.414200840446595553e+00,-1.414558060521574845e+00,-1.414982229124446267e+00,-1.415422331232640829e+00,-1.415776151630195878e+00,-1.415845317211433141e+00,-1.415257256432688626e+00,-1.413335708290026194e+00,-1.408896378325313670e+00,-1.399942712119524257e+00,-1.383244243805340945e+00,-1.353805900161187514e+00,-1.304294006497476843e+00,-1.224588262414951556e+00,-1.101788420834379112e+00,-9.212088003176388540e-01,-6.690767286002208269e-01,-3.376241218269278033e-01,6.736950275833430979e-02,5.182842300383248002e-01,9.611532147060954934e-01,1.321308901546414116e+00,1.522942358744048263e+00,1.522942358761361525e+00,1.321308901588748252e+00,9.611532147272483506e-01,5.182842299918306583e-01,6.736950265346619560e-02,-3.376241220057529802e-01,-6.690767288264609647e-01,-9.212088005796319479e-01,-1.101788421132104512e+00,-1.224588262720925469e+00,-1.304294006816253848e+00,-1.353805900473994406e+00,-1.383244244149964164e+00,-1.399942712501062392e+00,-1.408896378762970025e+00,-1.413335708743795882e+00,-1.415257256892055171e+00,-1.415845317615377130e+00,-1.415776152055610027e+00,-1.415422331594754723e+00,-1.414982229545322934e+00,-1.414558060985520838e+00,-1.414200840946299609e+00,-1.413935220743832488e+00,-1.413772650369713890e+00,-1.413718013430972142e+00,-1.000000000000000000e+00,-1.000000000000000000e+00,-1.000000000000000000e+00,-1.000000000000000000e+00,-1.000000000000000000e+00,-1.000000000000000000e+00,-1.000000000000000000e+00,-1.000000000000000000e+00,-1.000000000000000000e+00,-1.000000000000000000e+00,-1.000000000000000000e+00,-1.000000000000000000e+00,-1.000000000000000000e+00,-1.000000000000000000e+00,-1.000000000000000000e+00,-1.000000000000000000e+00,-1.000000000000000000e+00,-1.000000000000000000e+00,-1.000000000000000000e+00,-1.000000000000000000e+00,-1.000000000000000000e+00,-1.000000000000000000e+00,-1.000000000000000000e+00,-1.000000000000000000e+00,-1.000000000000000000e+00,-1.000000000000000000e+00,-1.000000000000000000e+00,-1.000000000000000000e+00,-1.000000000000000000e+00,-1.000000000000000000e+00,-1.000000000000000000e+00,-1.000000000000000000e+00,-1.000000000000000000e+00,-1.000000000000000000e+00,-1.000000000000000000e+00,-1.000000000000000000e+00,-1.000000000000000000e+00,-1.000000000000000000e+00,-1.000000000000000000e+00,-1.000000000000000000e+00,-1.000000000000000000e+00,-1.000000000000000000e+00,-1.000000000000000000e+00,-1.000000000000000000e+00,-1.000000000000000000e+00,-1.000000000000000000e+00
-1.000000000000000000e+00,-1.000000000000000000e+00,-1.000000000000000000e+00,-1.000000000000000000e+00,-1.000000000000000000e+00,-1.000000000000000000e+00,-1.000000000000000000e+00,-1.000000000000000000e+00,-1.000000000000000000e+00,-1.000000000000000000e+00,-1.000000000000000000e+00,-1.000000000000000000e+00,-1.000000000000000000e+00,-1.000000000000000000e+00,-1.000000000000000000e+00,-1.000000000000000000e+00,-1.000000000000000000e+00,-1.000000000000000000e+00,-1.000000000000000000e+00,-1.000000000000000000e+00,-1.000000000000000000e+00,-1.000000000000000000e+00,-1.000000000000000000e+00,-1.000000000000000000e+00,-1.000000000000000000e+00,-1.000000000000000000e+00,-1.000000000000000000e+00,-1.000000000000000000e+00,-1.000000000000000000e+00,-1.000000000000000000e+00,-1.000000000000000000e+00,-1.000000000000000000e+00,-1.000000000000000000e+00,-1.000000000000000000e+00,-1.000000000000000000e+00,-1.000000000000000000e+00,-1.000000000000000000e+00,-1.000000000000000000e+00,-1.000000000000000000e+00,-1.000000000000000000e+00,-1.000000000000000000e+00,-1.000000000000000000e+00,-1.000000000000000000e+00,-1.000000000000000000e+00,-1.000000000000000000e+00,-1.000000000000000000e+00,-1.413422253803550577e+00,-1.413476885899318303e+00,-1.413639441617622339e+00,-1.413905036361023271e+00,-1.414262217875576599e+00,-1.414686329456394498e+00,-1.415126344394467939e+00,-1.415480023672366361e+00,-1.415548947119890766e+00,-1.414960454221829478e+00,-1.413038122052614476e+00,-1.408597372832228078e+00,-1.399641176427946831e+00,-1.382938302617708004e+00,-1.353492508433751240e+00,-1.303968426232677835e+00,-1.224243464885822030e+00,-1.101414536327325777e+00,-9.207928537569627370e-01,-6.686030371870923528e-01,-3.370758293585069953e-01,6.800734675965847131e-02,5.190200675773468664e-01,9.619837934430253146e-01,1.322215574516258485e+00,1.523891408827084959e+00,1.523891408838395023e+00,1.322215574552485950e+00,9.619837934893911147e-01,5.190200675814300446e-01,6.800734668788166459e-02,-3.370758295193887477e-01,-6.686030374187159619e-01,-9.207928540690554220e-01,-1.101414536688484214e+00,-1.224243465283014753e+00,-1.303968426636997524e+00,-1.353492508819751361e+00,-1.382938303013711900e+00,-1.399641176829274469e+00,-1.408597373272778785e+00,-1.413038122503919691e+00,-1.414960454690090019e+00,-1.415548947537787594e+00,-1.415480024118874081e+00,-1.415126344783591117e+00,-1.414686329883599658e+00,-1.414262218356458600e+00,-1.413905036855205744e+00,-1.413639442068557628e+00,-1.413476886342691863e+00,-1.413422254193192007e+00,-1.000000000000000000e+00,-1.000000000000000000e+00,-1.000000000000000000e+00,-1.000000000000000000e+00,-1.000000000000000000e+00,-1.000000000000000000e+00,-1.000000000000000000e+00,-1.000000000000000000e+00,-1.000000000000000000e+00,-1.000000000000000000e+00,-1.000000000000000000e+00,-1.000000000000000000e+00,-1.000000000000000000e+00,-1.000000000000000000e+00,-1.000000000000000000e+00,-1.000000000000000000e+00,-1.000000000000000000e+00,-1.000000000000000000e+00,-1.000000000000000000e+00,-1.000000000000000000e+00,-1.000000000000000000e+00,-1.000000000000000000e+00,-1.000000000000000000e+00,-1.000000000000000000e+00,-1.000000000000000000e+00,-1.000000000000000000e+00,-1.000000000000000000e+00,-1.000000000000000000e+00,-1.000000000000000000e+00,-1.000000000000000000e+00,-1.000000000000000000e+00,-1.000000000000000000e+00,-1.000000000000000000e+00,-1.000000000000000000e+00,-1.000000000000000000e+00,-1.000000000000000000e+00,-1.000000000000000000e+00,-1.000000000000000000e+00,-1.000000000000000000e+00,-1.000000000000000000e+00,-1.000000000000000000e+00,-1.000000000000000000e+00,-1.000000000000000000e+00,-1.000000000000000000e+00,-1.000000000000000000e+00,-1.000000000000000000e+00
-1.000000000000000000e+00,-1.000000000000000000e+00,-1.000000000000000000e+00,-1.000000000000000000e+00,-1.000000000000000000e+00,-1.000000000000000000e+00,-1.000000000000000000e+00,-1.000000000000000000e+00,-1.000000000000000000e+00,-1.000000000000000000e+00,-1.000000000000000000e+00,-1.000000000000000000e+00,-1.000000000000000000e+00,-1.000000000000000000e+00,-1.000000000000000000e+00,-1.000000000000000000e+00,-1.000000000000000000e+00,-1.000000000000000000e+00,-1.000000000000000000e+00,-1.000000000000000000e+00,-1.000000000000000000e+00,-1.000000000000000000e+00,-1.000000000000000000e+00,-1.000000000000000000e+00,-1.000000000000000000e+00,-1.000000000000000000e+00,-1.000000000000000000e+00,-1.000000000000000000e+00,-1.000000000000000000e+00,-1.000000000000000000e+00,-1.000000000000000000e+00,-1.000000000000000000e+00,-1.000000000000000000e+00,-1.000000000000000000e+00,-1.000000000000000000e+00,-1.000000000000000000e+00,-1.000000000000000000e+00,-1.000000000000000000e+00,-1.000000000000000000e+00,-1.000000000000000000e+00,-1.000000000000000000e+00,-1.000000000000000000e+00,-1.000000000000000000e+00,-1.000000000000000000e+00,-1.000000000000000000e+00,-1.000000000000000000e+00,-1.413137941110450768e+00,-1.413192568774490621e+00,-1.413355110926990621e+00,-1.413620682187372690e+00,-1.413977828073420540e+00,-1.414401886896437199e+00,-1.414841820860570643e+00,-1.415195368314461799e+00,-1.415264064155562052e+00,-1.414675162909095008e+00,-1.412752086827581355e+00,-1.408309987220056403e+00,-1.399351378911364741e+00,-1.382644300422497308e+00,-1.353191389476273265e+00,-1.303655658263415784e+00,-1.223912322887644955e+00,-1.101055575146630217e+00,-9.203936538372854415e-01,-6.681485837255121130e-01,-3.365499798258633213e-01,6.861891528380503757e-02,5.197254500465386950e-01,9.627798877786204468e-01,1.323084533728985601e+00,1.524800948407789125e+00,1.524800948428190583e+00,1.323084533771449856e+00,9.627798877952007395e-01,5.197254499737911093e-01,6.861891511661499798e-02,-3.365499800558676702e-01,-6.681485840171699220e-01,-9.203936541860582299e-01,-1.101055575515558216e+00,-1.223912323296767912e+00,-1.303655658670571871e+00,-1.353191389890327168e+00,-1.382644300859241060e+00,-1.399351379375489257e+00,-1.408309987732338175e+00,-1.412752087347471708e+00,-1.414675163427445481e+00,-1.415264064612067552e+00,-1.415195368771104301e+00,-1.414841821254513965e+00,-1.414401887292708437e+00,-1.413977828540859072e+00,-1.413620682654419092e+00,-1.413355111385358409e+00,-1.413192569234388518e+00,-1.413137941543215259e+00,-1.000000000000000000e+00,-1.000000000000000000e+00,-1.000000000000000000e+00,-1.000000000000000000e+00,-1.000000000000000000e+00,-1.000000000000000000e+00,-1.000000000000000000e+00,-1.000000000000000000e+00,-1.000000000000000000e+00,-1.000000000000000000e+00,-1.000000000000000000e+00,-1.000000000000000000e+00,-1.000000000000000000e+00,-1.000000000000000000e+00,-1.000000000000000000e+00,-1.000000000000000000e+00,-1.000000000000000000e+00,-1.000000000000000000e+00,-1.000000000000000000e+00,-1.000000000000000000e+00,-1.000000000000000000e+00,-1.000000000000000000e+00,-1.000000000000000000e+00,-1.000000000000000000e+00,-1.000000000000000000e+00,-1.000000000000000000e+00,-1.000000000000000000e+00,-1.000000000000000000e+00,-1.000000000000000000e+00,-1.000000000000000000e+00,-1.000000000000000000e+00,-1.000000000000000000e+00,-1.000000000000000000e+00,-1.000000000000000000e+00,-1.000000000000000000e+00,-1.000000000000000000e+00,-1.000000000000000000e+00,-1.000000000000000000e+00,-1.000000000000000000e+00,-1.000000000000000000e+00,-1.000000000000000000e+00,-1.000000000000000000e+00,-1.000000000000000000e+00,-1.000000000000000000e+00,-1.000000000000000000e+00,-1.000000000000000000e+00
-1.000000000000000000e+00,-1.000000000000000000e+00,-1.000000000000000000e+00,-1.000000000000000000e+00,-1.000000000000000000e+00,-1.000000000000000000e+00,-1.000000000000000000e+00,-1.000000000000000000e+00,-1.000000000000000000e+00,-1.000000000000000000e+00,-1.000000000000000000e+00,-1.000000000000000000e+00,-1.000000000000000000e+00,-1.000000000000000000e+00,-1.000000000000000000e+00,-1.000000000000000000e+00,-1.000000000000000000e+00,-1.000000000000000000e+00,-1.000000000000000000e+00,-1.000000000000000000e+00,-1.000000000000000000e+00,-1.000000000000000000e+00,-1.000000000000000000e+00,-1.000000000000000000e+00,-1.000000000000000000e+00,-1.000000000000000000e+00,-1.000000000000000000e+00,-1.000000000000000000e+00,-1.000000000000000000e+00,-1.000000000000000000e+00,-1.000000000000000000e+00,-1.000000000000000000e+00,-1.000000000000000000e+00,-1.000000000000000000e+00,-1.000000000000000000e+00,-1.000000000000000000e+00,-1.000000000000000000e+00,-1.000000000000000000e+00,-1.000000000000000000e+00,-1.000000000000000000e+00,-1.000000000000000000e+00,-1.000000000000000000e+00,-1.000000000000000000e+00,-1.000000000000000000e+00,-1.000000000000000000e+00,-1.000000000000000000e+00,-1.412865255538012121e+00,-1.412919879239042942e+00,-1.413082409252419014e+00,-1.413347959454770653e+00,-1.413705073280594249e+00,-1.414129084302275796e+00,-1.414568944198046907e+00,-1.414922369759395337e+00,-1.414990853012593863e+00,-1.414401567443924757e+00,-1.412477787499966109e+00,-1.408034405859938998e+00,-1.399073502862409946e+00,-1.382362418767270063e+00,-1.352902722288305215e+00,-1.303355878079226038e+00,-1.223595007334089324e+00,-1.100711702459352015e+00,-9.200113589569987038e-01,-6.677135191086036592e-01,-3.360467164960034836e-01,6.920407195675659651e-02,5.204002465705670488e-01,9.635413705185025268e-01,1.323915653914970569e+00,1.525670852993376236e+00,1.525670852984561066e+00,1.323915653885714416e+00,9.635413704517092892e-01,5.204002464358390423e-01,6.920407175049247961e-02,-3.360467167729770388e-01,-6.677135194707897181e-01,-9.200113593641832122e-01,-1.100711702896726596e+00,-1.223595007809356039e+00,-1.303355878537770351e+00,-1.352902722759723675e+00,-1.382362419236693896e+00,-1.399073503361680793e+00,-1.408034406392586035e+00,-1.412477788045043425e+00,-1.414401567990936304e+00,-1.414990853524357828e+00,-1.414922370261278317e+00,-1.414568944660631100e+00,-1.414129084734812025e+00,-1.413705073786696520e+00,-1.413347959916334773e+00,-1.413082409691971852e+00,-1.412919879635214926e+00,-1.412865255914181439e+00,-1.000000000000000000e+00,-1.000000000000000000e+00,-1.000000000000000000e+00,-1.000000000000000000e+00,-1.000000000000000000e+00,-1.000000000000000000e+00,-1.000000000000000000e+00,-1.000000000000000000e+00,-1.000000000000000000e+00,-1.000000000000000000e+00,-1.000000000000000000e+00,-1.000000000000000000e+00,-1.000000000000000000e+00,-1.000000000000000000e+00,-1.000000000000000000e+00,-1.000000000000000000e+00,-1.000000000000000000e+00,-1.000000000000000000e+00,-1.000000000000000000e+00,-1.000000000000000000e+00,-1.000000000000000000e+00,-1.000000000000000000e+00,-1.000000000000000000e+00,-1.000000000000000000e+00,-1.000000000000000000e+00,-1.000000000000000000e+00,-1.000000000000000000e+00,-1.000000000000000000e+00,-1.000000000000000000e+00,-1.000000000000000000e+00,-1.000000000000000000e+00,-1.000000000000000000e+00,-1.000000000000000000e+00,-1.000000000000000000e+00,-1.000000000000000000e+00,-1.000000000000000000e+00,-1.000000000000000000e+00,-1.000000000000000000e+00,-1.000000000000000000e+00,-1.000000000000000000e+00,-1.000000000000000000e+00,-1.000000000000000000e+00,-1.000000000000000000e+00,-1.000000000000000000e+00,-1.000000000000000000e+00,-1.000000000000000000e+00
-1.000000000000000000e+00,-1.000000000000000000e+00,-1.000000000000000000e+00,-1.000000000000000000e+00,-1.000000000000000000e+00,-1.000000000000000000e+00,-1.000000000000000000e+00,-1.000000000000000000e+00,-1.000000000000000000e+00,-1.000000000000000000e+00,-1.000000000000000000e+00,-1.000000000000000000e+00,-1.000000000000000000e+00,-1.000000000000000000e+00,-1.000000000000000000e+00,-1.000000000000000000e+00,-1.000000000000000000e+00,-1.000000000000000000e+00,-1.000000000000000000e+00,-1.000000000000000000e+00,-1.000000000000000000e+00,-1.000000000000000000e+00,-1.000000000000000000e+00,-1.000000000000000000e+00,-1.000000000000000000e+00,-1.000000000000000000e+00,-1.000000000000000000e+00,-1.000000000000000000e+00,-1.000000000000000000e+00,-1.000000000000000000e+00,-1.000000000000000000e+00,-1.000000000000000000e+00,-1.000000000000000000e+00,-1.000000000000000000e+00,-1.000000000000000000e+00,-1.000000000000000000e+00,-1.000000000000000000e+00,-1.000000000000000000e+00,-1.000000000000000000e+00,-1.000000000000000000e+00,-1.000000000000000000e+00,-1.000000000000000000e+00,-1.000000000000000000e+00,-1.000000000000000000e+00,-1.000000000000000000e+00,-1.000000000000000000e+00,-1.412604357402439836e+00,-1.412658977638948432e+00,-1.412821497041649277e+00,-1.413087028751264684e+00,-1.413444114265139717e+00,-1.413868082613195520e+00,-1.414307875482902155e+00,-1.414661189125314467e+00,-1.414729474719943703e+00,-1.414139828551929323e+00,-1.412215384252016426e+00,-1.407770788089009795e+00,-1.398807706379040283e+00,-1.382092813998431868e+00,-1.352626660853103902e+00,-1.303069236520441709e+00,-1.223291665086031044e+00,-1.100383060222492659e+00,-9.196461053550226694e-01,-6.672979733670794111e-01,-3.355661631570133752e-01,6.976269845097937683e-02,5.210443427868538535e-01,9.642681295842521205e-01,1.324708823962553517e+00,1.526501011842955169e+00,1.526501011808695463e+00,1.324708823865026641e+00,9.642681294112303014e-01,5.210443425211761515e-01,6.976269809911972430e-02,-3.355661635654574315e-01,-6.672979738019750862e-01,-9.196461057862843624e-01,-1.100383060683182146e+00,-1.223291665559594676e+00,-1.303069236988060098e+00,-1.352626661351146176e+00,-1.382092814504092715e+00,-1.398807706949377172e+00,-1.407770788693496478e+00,-1.412215384882214986e+00,-1.414139829167310625e+00,-1.414729475291465643e+00,-1.414661189635660454e+00,-1.414307875949314841e+00,-1.413868082998639419e+00,-1.413444114721717604e+00,-1.413087029160589703e+00,-1.412821497471190790e+00,-1.412658978050520986e+00,-1.412604357826043655e+00,-1.000000000000000000e+00,-1.000000000000000000e+00,-1.000000000000000000e+00,-1.000000000000000000e+00,-1.000000000000000000e+00,-1.000000000000000000e+00,-1.000000000000000000e+00,-1.000000000000000000e+00,-1.000000000000000000e+00,-1.000000000000000000e+00,-1.000000000000000000e+00,-1.000000000000000000e+00,-1.000000000000000000e+00,-1.000000000000000000e+00,-1.000000000000000000e+00,-1.000000000000000000e+00,-1.000000000000000000e+00,-1.000000000000000000e+00,-1.000000000000000000e+00,-1.000000000000000000e+00,-1.000000000000000000e+00,-1.000000000000000000e+00,-1.000000000000000000e+00,-1.000000000000000000e+00,-1.000000000000000000e+00,-1.000000000000000000e+00,-1.000000000000000000e+00,-1.000000000000000000e+00,-1.000000000000000000e+00,-1.000000000000000000e+00,-1.000000000000000000e+00,-1.000000000000000000e+00,-1.000000000000000000e+00,-1.000000000000000000e+00,-1.000000000000000000e+00,-1.000000000000000000e+00,-1.000000000000000000e+00,-1.000000000000000000e+00,-1.000000000000000000e+00,-1.000000000000000000e+00,-1.000000000000000000e+00,-1.000000000000000000e+00,-1.000000000000000000e+00,-1.000000000000000000e+00,-1.000000000000000000e+00,-1.000000000000000000e+00
-1.000000000000000000e+00,-1.000000000000000000e+00,-1.000000000000000000e+00,-1.000000000000000000e+00,-1.000000000000000000e+00,-1.000000000000000000e+00,-1.000000000000000000e+00,-1.000000000000000000e+00,-1.000000000000000000e+00,-1.000000000000000000e+00,-1.000000000000000000e+00,-1.000000000000000000e+00,-1.000000000000000000e+00,-1.000000000000000000e+00,-1.000000000000000000e+00,-1.000000000000000000e+00,-1.000000000000000000e+00,-1.000000000000000000e+00,-1.000000000000000000e+00,-1.000000000000000000e+00,-1.000000000000000000e+00,-1.000000000000000000e+00,-1.000000000000000000e+00,-1.000000000000000000e+00,-1.000000000000000000e+00,-1.000000000000000000e+00,-1.000000000000000000e+00,-1.000000000000000000e+00,-1.000000000000000000e+00,-1.000000000000000000e+00,-1.000000000000000000e+00,-1.000000000000000000e+00,-1.000000000000000000e+00,-1.000000000000000000e+00,-1.000000000000000000e+00,-1.000000000000000000e+00,-1.000000000000000000e+00,-1.000000000000000000e+00,-1.000000000000000000e+00,-1.000000000000000000e+00,-1.000000000000000000e+00,-1.000000000000000000e+00,-1.000000000000000000e+00,-1.000000000000000000e+00,-1.000000000000000000e+00,-1.000000000000000000e+00,-1.412355390745470229e+00,-1.412410008009258977e+00,-1.412572518318168102e+00,-1.412838034069341830e+00,-1.413195094951357866e+00,-1.413619025629172077e+00,-1.414058758319644893e+00,-1.414411969714211903e+00,-1.414480072181547143e+00,-1.413890088580092019e+00,-1.411965018664805394e+00,-1.407519274458400194e+00,-1.398554128679192710e+00,-1.381835623589443562e+00,-1.352363340431809391e+00,-1.302795866010820980e+00,-1.223002425031080698e+00,-1.100069773078226731e+00,-9.192980127699461601e-01,-6.669020610919078607e-01,-3.351084294537927111e-01,7.029468934494875754e-02,5.216576361587179633e-01,9.649600637415658433e-01,1.325463942764378178e+00,1.527291323680780799e+00,1.527291323618968022e+00,1.325463942585197508e+00,9.649600634420054668e-01,5.216576357587150437e-01,7.029468888374235114e-02,-3.351084299296609448e-01,-6.669020615743067593e-01,-9.192980132719990038e-01,-1.100069773605079293e+00,-1.223002425537218052e+00,-1.302795866513449363e+00,-1.352363340933520286e+00,-1.381835624093760151e+00,-1.398554129245846989e+00,-1.407519275047614205e+00,-1.411965019292572121e+00,-1.413890089196592426e+00,-1.414480072791395537e+00,-1.414411970271313157e+00,-1.414058758865458731e+00,-1.413619026075685348e+00,-1.413195095450029193e+00,-1.412838034480791816e+00,-1.412572518707347236e+00,-1.412410008356722813e+00,-1.412355391106103752e+00,-1.000000000000000000e+00,-1.000000000000000000e+00,-1.000000000000000000e+00,-1.000000000000000000e+00,-1.000000000000000000e+00,-1.000000000000000000e+00,-1.000000000000000000e+00,-1.000000000000000000e+00,-1.000000000000000000e+00,-1.000000000000000000e+00,-1.000000000000000000e+00,-1.000000000000000000e+00,-1.000000000000000000e+00,-1.000000000000000000e+00,-1.000000000000000000e+00,-1.000000000000000000e+00,-1.000000000000000000e+00,-1.000000000000000000e+00,-1.000000000000000000e+00,-1.000000000000000000e+00,-1.000000000000000000e+00,-1.000000000000000000e+00,-1.000000000000000000e+00,-1.000000000000000000e+00,-1.000000000000000000e+00,-1.000000000000000000e+00,-1.000000000000000000e+00,-1.000000000000000000e+00,-1.000000000000000000e+00,-1.000000000000000000e+00,-1.000000000000000000e+00,-1.000000000000000000e+00,-1.000000000000000000e+00,-1.000000000000000000e+00,-1.000000000000000000e+00,-1.000000000000000000e+00,-1.000000000000000000e+00,-1.000000000000000000e+00,-1.000000000000000000e+00,-1.000000000000000000e+00,-1.000000000000000000e+00,-1.000000000000000000e+00,-1.000000000000000000e+00,-1.000000000000000000e+00,-1.000000000000000000e+00,-1.000000000000000000e+00
-1.000000000000000000e+00,-1.000000000000000000e+00,-1.000000000000000000e+00,-1.000000000000000000e+00,-1.000000000000000000e+00,-1.000000000000000000e+00,-1.000000000000000000e+00,-1.000000000000000000e+00,-1.000000000000000000e+00,-1.000000000000000000e+00,-1.000000000000000000e+00,-1.000000000000000000e+00,-1.000000000000000000e+00,-1.000000000000000000e+00,-1.000000000000000000e+00,-1.000000000000000000e+00,-1.000000000000000000e+00,-1.000000000000000000e+00,-1.000000000000000000e+00,-1.000000000000000000e+00,-1.000000000000000000e+00,-1.000000000000000000e+00,-1.000000000000000000e+00,-1.000000000000000000e+00,-1.000000000000000000e+00,-1.000000000000000000e+00,-1.000000000000000000e+00,-1.000000000000000000e+00,-1.000000000000000000e+00,-1.000000000000000000e+00,-1.000000000000000000e+00,-1.000000000000000000e+00,-1.000000000000000000e+00,-1.000000000000000000e+00,-1.000000000000000000e+00,-1.000000000000000000e+00,-1.000000000000000000e+00,-1.000000000000000000e+00,-1.000000000000000000e+00,-1.000000000000000000e+00,-1.000000000000000000e+00,-1.000000000000000000e+00,-1.000000000000000000e+00,-1.000000000000000000e+00,-1.000000000000000000e+00,-1.000000000000000000e+00,-1.412118486365333325e+00,-1.412173101114293505e+00,-1.412335603749331092e+00,-1.412601105933132706e+00,-1.412958145652336128e+00,-1.413382043383679232e+00,-1.413821722381102042e+00,-1.414174840708531722e+00,-1.414242773958790389e+00,-1.413652475336482750e+00,-1.411726817652895427e+00,-1.407279990789452651e+00,-1.398312894267321527e+00,-1.381590970397470697e+00,-1.352112881846081027e+00,-1.302535884867738858e+00,-1.222727402385338502e+00,-1.099771952604540415e+00,-9.189671885932616524e-01,-6.665258852314392968e-01,-3.346736142717731122e-01,7.079994888885621229e-02,5.222400327904692663e-01,9.656170796449750071e-01,1.326180916680013144e+00,1.528041694518777138e+00,1.528041694421562013e+00,1.326180916406464405e+00,9.656170792311526974e-01,5.222400322925104810e-01,7.079994834863989617e-02,-3.346736148159451529e-01,-6.665258857750617771e-01,-9.189671891278620164e-01,-1.099771953106261524e+00,-1.222727402865881441e+00,-1.302535885360905477e+00,-1.352112882327224597e+00,-1.381590970918247230e+00,-1.398312894852522303e+00,-1.407279991420415710e+00,-1.411726818335993672e+00,-1.413652476004101599e+00,-1.414242774615747988e+00,-1.414174841267471727e+00,-1.413821722890598931e+00,-1.413382043765572194e+00,-1.412958146074203558e+00,-1.412601106305027887e+00,-1.412335604123775790e+00,-1.412173101487287363e+00,-1.412118486754642355e+00,-1.000000000000000000e+00,-1.000000000000000000e+00,-1.000000000000000000e+00,-1.000000000000000000e+00,-1.000000000000000000e+00,-1.000000000000000000e+00,-1.000000000000000000e+00,-1.000000000000000000e+00,-1.000000000000000000e+00,-1.000000000000000000e+00,-1.000000000000000000e+00,-1.000000000000000000e+00,-1.000000000000000000e+00,-1.000000000000000000e+00,-1.000000000000000000e+00,-1.000000000000000000e+00,-1.000000000000000000e+00,-1.000000000000000000e+00,-1.000000000000000000e+00,-1.000000000000000000e+00,-1.000000000000000000e+00,-1.000000000000000000e+00,-1.000000000000000000e+00,-1.000000000000000000e+00,-1.000000000000000000e+00,-1.000000000000000000e+00,-1.000000000000000000e+00,-1.000000000000000000e+00,-1.000000000000000000e+00,-1.000000000000000000e+00,-1.000000000000000000e+00,-1.000000000000000000e+00,-1.000000000000000000e+00,-1.000000000000000000e+00,-1.000000000000000000e+00,-1.000000000000000000e+00,-1.000000000000000000e+00,-1.000000000000000000e+00,-1.000000000000000000e+00,-1.000000000000000000e+00,-1.000000000000000000e+00,-1.000000000000000000e+00,-1.000000000000000000e+00,-1.000000000000000000e+00,-1.000000000000000000e+00,-1.000000000000000000e+00
-1.000000000000000000e+00,-1.000000000000000000e+00,-1.000000000000000000e+00,-1.000000000000000000e+00,-1.000000000000000000e+00,-1.000000000000000000e+00,-1.000000000000000000e+00,-1.000000000000000000e+00,-1.000000000000000000e+00,-1.000000000000000000e+00,-1.000000000000000000e+00,-1.000000000000000000e+00,-1.000000000000000000e+00,-1.000000000000000000e+00,-1.000000000000000000e+00,-1.000000000000000000e+00,-1.000000000000000000e+00,-1.000000000000000000e+00,-1.000000000000000000e+00,-1.000000000000000000e+00,-1.000000000000000000e+00,-1.000000000000000000e+00,-1.000000000000000000e+00,-1.000000000000000000e+00,-1.000000000000000000e+00,-1.000000000000000000e+00,-1.000000000000000000e+00,-1.000000000000000000e+00,-1.000000000000000000e+00,-1.000000000000000000e+00,-1.000000000000000000e+00,-1.000000000000000000e+00,-1.000000000000000000e+00,-1.000000000000000000e+00,-1.000000000000000000e+00,-1.000000000000000000e+00,-1.000000000000000000e+00,-1.000000000000000000e+00,-1.000000000000000000e+00,-1.000000000000000000e+00,-1.000000000000000000e+00,-1.000000000000000000e+00,-1.000000000000000000e+00,-1.000000000000000000e+00,-1.000000000000000000e+00,-1.000000000000000000e+00,-1.411893763852789307e+00,-1.411948376511561687e+00,-1.412110872766108693e+00,-1.412376363568695226e+00,-1.412733385288089227e+00,-1.413157254397898299e+00,-1.413596885711327911e+00,-1.413949919605264283e+00,-1.414017696898642873e+00,-1.413427104887356789e+00,-1.411500896373244274e+00,-1.407053051155557011e+00,-1.398084115943113659e+00,-1.381358965697886632e+00,-1.351875394473689873e+00,-1.302289400190681068e+00,-1.222466701439324011e+00,-1.099489699842157053e+00,-9.186537303553723444e-01,-6.661695396515612266e-01,-3.342618080898739352e-01,7.127838907571981686e-02,5.227914457786160263e-01,9.662390901563351342e-01,1.326859657635303336e+00,1.528752035606042003e+00,1.528752035499243878e+00,1.326859657326513009e+00,9.662390896855335143e-01,5.227914452068904705e-01,7.127838845521017319e-02,-3.342618087013916606e-01,-6.661695402319423032e-01,-9.186537309027589249e-01,-1.099489700365336997e+00,-1.222466701968468072e+00,-1.302289400697388633e+00,-1.351875394944639153e+00,-1.381358966206906125e+00,-1.398084116475167837e+00,-1.407053051741209426e+00,-1.411500896989703380e+00,-1.413427105500888015e+00,-1.414017697526999129e+00,-1.413949920170875174e+00,-1.413596886261946128e+00,-1.413157254856755696e+00,-1.412733385742270587e+00,-1.412376363966162396e+00,-1.412110873118435084e+00,-1.411948376862645960e+00,-1.411893764213277613e+00,-1.000000000000000000e+00,-1.000000000000000000e+00,-1.000000000000000000e+00,-1.000000000000000000e+00,-1.000000000000000000e+00,-1.000000000000000000e+00,-1.000000000000000000e+00,-1.000000000000000000e+00,-1.000000000000000000e+00,-1.000000000000000000e+00,-1.000000000000000000e+00,-1.000000000000000000e+00,-1.000000000000000000e+00,-1.000000000000000000e+00,-1.000000000000000000e+00,-1.000000000000000000e+00,-1.000000000000000000e+00,-1.000000000000000000e+00,-1.000000000000000000e+00,-1.000000000000000000e+00,-1.000000000000000000e+00,-1.000000000000000000e+00,-1.000000000000000000e+00,-1.000000000000000000e+00,-1.000000000000000000e+00,-1.000000000000000000e+00,-1.000000000000000000e+00,-1.000000000000000000e+00,-1.000000000000000000e+00,-1.000000000000000000e+00,-1.000000000000000000e+00,-1.000000000000000000e+00,-1.000000000000000000e+00,-1.000000000000000000e+00,-1.000000000000000000e+00,-1.000000000000000000e+00,-1.000000000000000000e+00,-1.000000000000000000e+00,-1.000000000000000000e+00,-1.000000000000000000e+00,-1.000000000000000000e+00,-1.000000000000000000e+00,-1.000000000000000000e+00,-1.000000000000000000e+00,-1.000000000000000000e+00,-1.000000000000000000e+00
-1.000000000000000000e+00,-1.000000000000000000e+00,-1.000000000000000000e+00,-1.000000000000000000e+00,-1.000000000000000000e+00,-1.000000000000000000e+00,-1.000000000000000000e+00,-1.000000000000000000e+00,-1.000000000000000000e+00,-1.000000000000000000e+00,-1.000000000000000000e+00,-1.000000000000000000e+00,-1.000000000000000000e+00,-1.000000000000000000e+00,-1.000000000000000000e+00,-1.000000000000000000e+00,-1.000000000000000000e+00,-1.000000000000000000e+00,-1.000000000000000000e+00,-1.000000000000000000e+00,-1.000000000000000000e+00,-1.000000000000000000e+00,-1.000000000000000000e+00,-1.000000000000000000e+00,-1.000000000000000000e+00,-1.000000000000000000e+00,-1.000000000000000000e+00,-1.000000000000000000e+00,-1.000000000000000000e+00,-1.000000000000000000e+00,-1.000000000000000000e+00,-1.000000000000000000e+00,-1.000000000000000000e+00,-1.000000000000000000e+00,-1.000000000000000000e+00,-1.000000000000000000e+00,-1.000000000000000000e+00,-1.000000000000000000e+00,-1.000000000000000000e+00,-1.000000000000000000e+00,-1.000000000000000000e+00,-1.000000000000000000e+00,-1.000000000000000000e+00,-1.000000000000000000e+00,-1.000000000000000000e+00,-1.000000000000000000e+00,-1.411681333075331057e+00,-1.411735944025516387e+00,-1.411898435048733136e+00,-1.412163916438758271e+00,-1.412520923021221897e+00,-1.412944767449715755e+00,-1.413384356576377732e+00,-1.413737314062901262e+00,-1.413804947960200398e+00,-1.413214083387385855e+00,-1.411287360066936225e+00,-1.406838559748956108e+00,-1.397867896657533304e+00,-1.381139711034966355e+00,-1.351650978144091964e+00,-1.302056509799387918e+00,-1.222220417617033039e+00,-1.099223107307637948e+00,-9.183577274321967909e-01,-6.658331107051749242e-01,-3.338730946842819458e-01,7.172992786107190710e-02,5.233117936529800840e-01,9.668260132451300670e-01,1.327500082450497221e+00,1.529422262935456356e+00,1.529422262816924949e+00,1.327500082105311119e+00,9.668260127290353445e-01,5.233117930440518428e-01,7.172992722380744368e-02,-3.338730953057037487e-01,-6.658331113004389845e-01,-9.183577280072660054e-01,-1.099223107856686976e+00,-1.222220418128333375e+00,-1.302056510251682120e+00,-1.351650978591590890e+00,-1.381139711521855107e+00,-1.397867897174629448e+00,-1.406838560355829992e+00,-1.411287360691631187e+00,-1.413214084032087481e+00,-1.413804948596155686e+00,-1.413737314619001539e+00,-1.413384357077456910e+00,-1.412944767876221253e+00,-1.412520923417600827e+00,-1.412163916846012501e+00,-1.411898435417207942e+00,-1.411735944399334919e+00,-1.411681333437752706e+00,-1.000000000000000000e+00,-1.000000000000000000e+00,-1.000000000000000000e+00,-1.000000000000000000e+00,-1.000000000000000000e+00,-1.000000000000000000e+00,-1.000000000000000000e+00,-1.000000000000000000e+00,-1.000000000000000000e+00,-1.000000000000000000e+00,-1.000000000000000000e+00,-1.000000000000000000e+00,-1.000000000000000000e+00,-1.000000000000000000e+00,-1.000000000000000000e+00,-1.000000000000000000e+00,-1.000000000000000000e+00,-1.000000000000000000e+00,-1.000000000000000000e+00,-1.000000000000000000e+00,-1.000000000000000000e+00,-1.000000000000000000e+00,-1.000000000000000000e+00,-1.000000000000000000e+00,-1.000000000000000000e+00,-1.000000000000000000e+00,-1.000000000000000000e+00,-1.000000000000000000e+00,-1.000000000000000000e+00,-1.000000000000000000e+00,-1.000000000000000000e+00,-1.000000000000000000e+00,-1.000000000000000000e+00,-1.000000000000000000e+00,-1.000000000000000000e+00,-1.000000000000000000e+00,-1.000000000000000000e+00,-1.000000000000000000e+00,-1.000000000000000000e+00,-1.000000000000000000e+00,-1.000000000000000000e+00,-1.000000000000000000e+00,-1.000000000000000000e+00,-1.000000000000000000e+00,-1.000000000000000000e+00,-1.000000000000000000e+00
-1.000000000000000000e+00,-1.000000000000000000e+00,-1.000000000000000000e+00,-1.000000000000000000e+00,-1.000000000000000000e+00,-1.000000000000000000e+00,-1.000000000000000000e+00,-1.000000000000000000e+00,-1.000000000000000000e+00,-1.000000000000000000e+00,-1.000000000000000000e+00,-1.000000000000000000e+00,-1.000000000000000000e+00,-1.000000000000000000e+00,-1.000000000000000000e+00,-1.000000000000000000e+00,-1.000000000000000000e+00,-1.000000000000000000e+00,-1.000000000000000000e+00,-1.000000000000000000e+00,-1.000000000000000000e+00,-1.000000000000000000e+00,-1.000000000000000000e+00,-1.000000000000000000e+00,-1.000000000000000000e+00,-1.000000000000000000e+00,-1.000000000000000000e+00,-1.000000000000000000e+00,-1.000000000000000000e+00,-1.000000000000000000e+00,-1.000000000000000000e+00,-1.000000000000000000e+00,-1.000000000000000000e+00,-1.000000000000000000e+00,-1.000000000000000000e+00,-1.000000000000000000e+00,-1.000000000000000000e+00,-1.000000000000000000e+00,-1.000000000000000000e+00,-1.000000000000000000e+00,-1.000000000000000000e+00,-1.000000000000000000e+00,-1.000000000000000000e+00,-1.000000000000000000e+00,-1.000000000000000000e+00,-1.000000000000000000e+00,-1.411481295298778527e+00,-1.411535904884172687e+00,-1.411698391686903031e+00,-1.411963865386316686e+00,-1.412320859333515921e+00,-1.412744682600579171e+00,-1.413184234529943462e+00,-1.413537123047587274e+00,-1.413604625436252649e+00,-1.413013508374432625e+00,-1.411086305412572184e+00,-1.406636612314871915e+00,-1.397664331033071639e+00,-1.380933299746425647e+00,-1.351439724638384243e+00,-1.301837303566224735e+00,-1.221988638678238592e+00,-1.098972260347387042e+00,-9.180792624415756720e-01,-6.655166782960371119e-01,-3.335075517496415287e-01,7.215448876838737036e-02,5.238009999075976530e-01,9.673777713084719121e-01,1.328102112018741288e+00,1.530052296430409964e+00,1.530052296326388728e+00,1.328102111709233313e+00,9.673777708368318518e-01,5.238009993361469885e-01,7.215448815530134397e-02,-3.335075523687666132e-01,-6.655166788947770584e-01,-9.180792630150999001e-01,-1.098972260889037322e+00,-1.221988639187756798e+00,-1.301837304062386735e+00,-1.351439725138691150e+00,-1.380933300226901528e+00,-1.397664331532868065e+00,-1.406636612866424718e+00,-1.411086305944621255e+00,-1.413013508945135221e+00,-1.413604626001645270e+00,-1.413537123594588607e+00,-1.413184235036691883e+00,-1.412744683080215946e+00,-1.412320859742935752e+00,-1.411963865823231190e+00,-1.411698392069702823e+00,-1.411535905283870074e+00,-1.411481295684868131e+00,-1.000000000000000000e+00,-1.000000000000000000e+00,-1.000000000000000000e+00,-1.000000000000000000e+00,-1.000000000000000000e+00,-1.000000000000000000e+00,-1.000000000000000000e+00,-1.000000000000000000e+00,-1.000000000000000000e+00,-1.000000000000000000e+00,-1.000000000000000000e+00,-1.000000000000000000e+00,-1.000000000000000000e+00,-1.000000000000000000e+00,-1.000000000000000000e+00,-1.000000000000000000e+00,-1.000000000000000000e+00,-1.000000000000000000e+00,-1.000000000000000000e+00,-1.000000000000000000e+00,-1.000000000000000000e+00,-1.000000000000000000e+00,-1.000000000000000000e+00,-1.000000000000000000e+00,-1.000000000000000000e+00,-1.000000000000000000e+00,-1.000000000000000000e+00,-1.000000000000000000e+00,-1.000000000000000000e+00,-1.000000000000000000e+00,-1.000000000000000000e+00,-1.000000000000000000e+00,-1.000000000000000000e+00,-1.000000000000000000e+00,-1.000000000000000000e+00,-1.000000000000000000e+00,-1.000000000000000000e+00,-1.000000000000000000e+00,-1.000000000000000000e+00,-1.000000000000000000e+00,-1.000000000000000000e+00,-1.000000000000000000e+00,-1.000000000000000000e+00,-1.000000000000000000e+00,-1.000000000000000000e+00,-1.000000000000000000e+00
-1.000000000000000000e+00,-1.000000000000000000e+00,-1.000000000000000000e+00,-1.000000000000000000e+00,-1.000000000000000000e+00,-1.000000000000000000e+00,-1.000000000000000000e+00,-1.000000000000000000e+00,-1.000000000000000000e+00,-1.000000000000000000e+00,-1.000000000000000000e+00,-1.000000000000000000e+00,-1.000000000000000000e+00,-1.000000000000000000e+00,-1.000000000000000000e+00,-1.000000000000000000e+00,-1.000000000000000000e+00,-1.000000000000000000e+00,-1.000000000000000000e+00,-1.000000000000000000e+00,-1.000000000000000000e+00,-1.000000000000000000e+00,-1.000000000000000000e+00,-1.000000000000000000e+00,-1.000000000000000000e+00,-1.000000000000000000e+00,-1.000000000000000000e+00,-1.000000000000000000e+00,-1.000000000000000000e+00,-1.000000000000000000e+00,-1.000000000000000000e+00,-1.000000000000000000e+00,-1.000000000000000000e+00,-1.000000000000000000e+00,-1.000000000000000000e+00,-1.000000000000000000e+00,-1.000000000000000000e+00,-1.000000000000000000e+00,-1.000000000000000000e+00,-1.000000000000000000e+00,-1.000000000000000000e+00,-1.000000000000000000e+00,-1.000000000000000000e+00,-1.000000000000000000e+00,-1.000000000000000000e+00,-1.000000000000000000e+00,-1.411293743884272756e+00,-1.411348352398686057e+00,-1.411510835855897206e+00,-1.411776303386326648e+00,-1.412133286897358841e+00,-1.412557092135116266e+00,-1.412996611377908884e+00,-1.413349437812444709e+00,-1.413416819936068380e+00,-1.412825469751653129e+00,-1.410897821475282754e+00,-1.406447297012236586e+00,-1.397473506184765402e+00,-1.380739817744037534e+00,-1.351241718549013537e+00,-1.301631864391505466e+00,-1.221771445474930884e+00,-1.098737237618217399e+00,-9.178184118013272830e-01,-6.652203167308097242e-01,-3.331652519224586051e-01,7.255199999724193383e-02,5.242589924624576625e-01,9.678942909951444573e-01,1.328665671352234234e+00,1.530642060026317530e+00,1.530642059931710097e+00,1.328665671068363530e+00,9.678942905587504253e-01,5.242589919279736499e-01,7.255199941953272003e-02,-3.331652525142141386e-01,-6.652203173127774205e-01,-9.178184123776238490e-01,-1.098737238175547581e+00,-1.221771445988675708e+00,-1.301631864857622833e+00,-1.351241718958323457e+00,-1.380739818138179809e+00,-1.397473506652699093e+00,-1.406447297522761541e+00,-1.410897822001139446e+00,-1.412825470320602239e+00,-1.413416820475171809e+00,-1.413349438345311793e+00,-1.412996611851123685e+00,-1.412557092629064925e+00,-1.412133287325083142e+00,-1.411776303873981231e+00,-1.411510836291364868e+00,-1.411348352835152697e+00,-1.411293744290784913e+00,-1.000000000000000000e+00,-1.000000000000000000e+00,-1.000000000000000000e+00,-1.000000000000000000e+00,-1.000000000000000000e+00,-1.000000000000000000e+00,-1.000000000000000000e+00,-1.000000000000000000e+00,-1.000000000000000000e+00,-1.000000000000000000e+00,-1.000000000000000000e+00,-1.000000000000000000e+00,-1.000000000000000000e+00,-1.000000000000000000e+00,-1.000000000000000000e+00,-1.000000000000000000e+00,-1.000000000000000000e+00,-1.000000000000000000e+00,-1.000000000000000000e+00,-1.000000000000000000e+00,-1.000000000000000000e+00,-1.000000000000000000e+00,-1.000000000000000000e+00,-1.000000000000000000e+00,-1.000000000000000000e+00,-1.000000000000000000e+00,-1.000000000000000000e+00,-1.000000000000000000e+00,-1.000000000000000000e+00,-1.000000000000000000e+00,-1.000000000000000000e+00,-1.000000000000000000e+00,-1.000000000000000000e+00,-1.000000000000000000e+00,-1.000000000000000000e+00,-1.000000000000000000e+00,-1.000000000000000000e+00,-1.000000000000000000e+00,-1.000000000000000000e+00,-1.000000000000000000e+00,-1.000000000000000000e+00,-1.000000000000000000e+00,-1.000000000000000000e+00,-1.000000000000000000e+00,-1.000000000000000000e+00,-1.000000000000000000e+00
-1.000000000000000000e+00,-1.000000000000000000e+00,-1.000000000000000000e+00,-1.000000000000000000e+00,-1.000000000000000000e+00,-1.000000000000000000e+00,-1.000000000000000000e+00,-1.000000000000000000e+00,-1.000000000000000000e+00,-1.000000000000000000e+00,-1.000000000000000000e+00,-1.000000000000000000e+00,-1.000000000000000000e+00,-1.000000000000000000e+00,-1.000000000000000000e+00,-1.000000000000000000e+00,-1.000000000000000000e+00,-1.000000000000000000e+00,-1.000000000000000000e+00,-1.000000000000000000e+00,-1.000000000000000000e+00,-1.000000000000000000e+00,-1.000000000000000000e+00,-1.000000000000000000e+00,-1.000000000000000000e+00,-1.000000000000000000e+00,-1.000000000000000000e+00,-1.000000000000000000e+00,-1.000000000000000000e+00,-1.000000000000000000e+00,-1.000000000000000000e+00,-1.000000000000000000e+00,-1.000000000000000000e+00,-1.000000000000000000e+00,-1.000000000000000000e+00,-1.000000000000000000e+00,-1.000000000000000000e+00,-1.000000000000000000e+00,-1.000000000000000000e+00,-1.000000000000000000e+00,-1.000000000000000000e+00,-1.000000000000000000e+00,-1.000000000000000000e+00,-1.000000000000000000e+00,-1.000000000000000000e+00,-1.000000000000000000e+00,-1.411118764970608730e+00,-1.411173372668424131e+00,-1.411335853517539540e+00,-1.411601316171826825e+00,-1.411958291137278998e+00,-1.412382081092273811e+00,-1.412821571691784239e+00,-1.413174342403199057e+00,-1.413241614885775821e+00,-1.412650050298096316e+00,-1.410721990301109896e+00,-1.406270695065086951e+00,-1.397295502434972470e+00,-1.380559344191809812e+00,-1.351057037782584125e+00,-1.301440268832180891e+00,-1.221568912897581516e+00,-1.098518112030516525e+00,-9.175752463193119768e-01,-6.649440949059792771e-01,-3.328462627692461151e-01,7.292239438871983559e-02,5.246857034783776186e-01,9.683755029036134054e-01,1.329190689256551483e+00,1.531191481404697630e+00,1.531191481327102810e+00,1.329190689023155070e+00,9.683755025456264320e-01,5.246857030415084111e-01,7.292239390920030040e-02,-3.328462632765185614e-01,-6.649440954266654380e-01,-9.175752468561109154e-01,-1.098518112559858206e+00,-1.221568913393252576e+00,-1.301440269297291508e+00,-1.351057038221659123e+00,-1.380559344650678089e+00,-1.397295502910834930e+00,-1.406270695510597690e+00,-1.410721990778415869e+00,-1.412650050801636858e+00,-1.413241615394804862e+00,-1.413174342933711802e+00,-1.412821572163979189e+00,-1.412382081598414718e+00,-1.411958291560849288e+00,-1.411601316662699723e+00,-1.411335853986641853e+00,-1.411173373134804176e+00,-1.411118765403595043e+00,-1.000000000000000000e+00,-1.000000000000000000e+00,-1.000000000000000000e+00,-1.000000000000000000e+00,-1.000000000000000000e+00,-1.000000000000000000e+00,-1.000000000000000000e+00,-1.000000000000000000e+00,-1.000000000000000000e+00,-1.000000000000000000e+00,-1.000000000000000000e+00,-1.000000000000000000e+00,-1.000000000000000000e+00,-1.000000000000000000e+00,-1.000000000000000000e+00,-1.000000000000000000e+00,-1.000000000000000000e+00,-1.000000000000000000e+00,-1.000000000000000000e+00,-1.000000000000000000e+00,-1.000000000000000000e+00,-1.000000000000000000e+00,-1.000000000000000000e+00,-1.000000000000000000e+00,-1.000000000000000000e+00,-1.000000000000000000e+00,-1.000000000000000000e+00,-1.000000000000000000e+00,-1.000000000000000000e+00,-1.000000000000000000e+00,-1.000000000000000000e+00,-1.000000000000000000e+00,-1.000000000000000000e+00,-1.000000000000000000e+00,-1.000000000000000000e+00,-1.000000000000000000e+00,-1.000000000000000000e+00,-1.000000000000000000e+00,-1.000000000000000000e+00,-1.000000000000000000e+00,-1.000000000000000000e+00,-1.000000000000000000e+00,-1.000000000000000000e+00,-1.000000000000000000e+00,-1.000000000000000000e+00,-1.000000000000000000e+00
-1.000000000000000000e+00,-1.000000000000000000e+00,-1.000000000000000000e+00,-1.000000000000000000e+00,-1.000000000000000000e+00,-1.000000000000000000e+00,-1.000000000000000000e+00,-1.000000000000000000e+00,-1.000000000000000000e+00,-1.000000000000000000e+00,-1.000000000000000000e+00,-1.000000000000000000e+00,-1.000000000000000000e+00,-1.000000000000000000e+00,-1.000000000000000000e+00,-1.000000000000000000e+00,-1.000000000000000000e+00,-1.000000000000000000e+00,-1.000000000000000000e+00,-1.000000000000000000e+00,-1.000000000000000000e+00,-1.000000000000000000e+00,-1.000000000000000000e+00,-1.000000000000000000e+00,-1.000000000000000000e+00,-1.000000000000000000e+00,-1.000000000000000000e+00,-1.000000000000000000e+00,-1.000000000000000000e+00,-1.000000000000000000e+00,-1.000000000000000000e+00,-1.000000000000000000e+00,-1.000000000000000000e+00,-1.000000000000000000e+00,-1.000000000000000000e+00,-1.000000000000000000e+00,-1.000000000000000000e+00,-1.000000000000000000e+00,-1.000000000000000000e+00,-1.000000000000000000e+00,-1.000000000000000000e+00,-1.000000000000000000e+00,-1.000000000000000000e+00,-1.000000000000000000e+00,-1.000000000000000000e+00,-1.000000000000000000e+00,-1.410956437726529344e+00,-1.411011044828449856e+00,-1.411173523701074739e+00,-1.411438982575720757e+00,-1.411795950619217255e+00,-1.412219727697907601e+00,-1.412659193281017078e+00,-1.413011914174586270e+00,-1.413079087095888253e+00,-1.412487326209132643e+00,-1.410558887425199304e+00,-1.406106881219577165e+00,-1.397130393767159751e+00,-1.380391952156909241e+00,-1.350885754158247964e+00,-1.301262587292713713e+00,-1.221381109835940393e+00,-1.098314950852299132e+00,-9.173498315978283468e-01,-6.646880768961396235e-01,-3.325506473123757134e-01,7.326560913331059410e-02,5.250810693342884417e-01,9.688213417716464715e-01,1.329677098643362587e+00,1.531700492336394603e+00,1.531700492282299209e+00,1.329677098476037767e+00,9.688213415038611220e-01,5.250810689908671502e-01,7.326560872399268121e-02,-3.325506477785490356e-01,-6.646880774026884264e-01,-9.173498321342944406e-01,-1.098314951384390170e+00,-1.221381110329698760e+00,-1.301262587737453291e+00,-1.350885754556366170e+00,-1.380391952545068524e+00,-1.397130394153452526e+00,-1.406106881641338235e+00,-1.410558887911475878e+00,-1.412487326685537781e+00,-1.413079087598929418e+00,-1.413011914675213587e+00,-1.412659193762450638e+00,-1.412219728239532790e+00,-1.411795951092604584e+00,-1.411438983101747979e+00,-1.411173524220742825e+00,-1.411011045331153291e+00,-1.410956438217848108e+00,-1.000000000000000000e+00,-1.000000000000000000e+00,-1.000000000000000000e+00,-1.000000000000000000e+00,-1.000000000000000000e+00,-1.000000000000000000e+00,-1.000000000000000000e+00,-1.000000000000000000e+00,-1.000000000000000000e+00,-1.000000000000000000e+00,-1.000000000000000000e+00,-1.000000000000000000e+00,-1.000000000000000000e+00,-1.000000000000000000e+00,-1.000000000000000000e+00,-1.000000000000000000e+00,-1.000000000000000000e+00,-1.000000000000000000e+00,-1.000000000000000000e+00,-1.000000000000000000e+00,-1.000000000000000000e+00,-1.000000000000000000e+00,-1.000000000000000000e+00,-1.000000000000000000e+00,-1.000000000000000000e+00,-1.000000000000000000e+00,-1.000000000000000000e+00,-1.000000000000000000e+00,-1.000000000000000000e+00,-1.000000000000000000e+00,-1.000000000000000000e+00,-1.000000000000000000e+00,-1.000000000000000000e+00,-1.000000000000000000e+00,-1.000000000000000000e+00,-1.000000000000000000e+00,-1.000000000000000000e+00,-1.000000000000000000e+00,-1.000000000000000000e+00,-1.000000000000000000e+00,-1.000000000000000000e+00,-1.000000000000000000e+00,-1.000000000000000000e+00,-1.000000000000000000e+00,-1.000000000000000000e+00,-1.000000000000000000e+00
-1.000000000000000000e+00,-1.000000000000000000e+00,-1.000000000000000000e+00,-1.000000000000000000e+00,-1.000000000000000000e+00,-1.000000000000000000e+00,-1.000000000000000000e+00,-1.000000000000000000e+00,-1.000000000000000000e+00,-1.000000000000000000e+00,-1.000000000000000000e+00,-1.000000000000000000e+00,-1.000000000000000000e+00,-1.000000000000000000e+00,-1.000000000000000000e+00,-1.000000000000000000e+00,-1.000000000000000000e+00,-1.000000000000000000e+00,-1.000000000000000000e+00,-1.000000000000000000e+00,-1.000000000000000000e+00,-1.000000000000000000e+00,-1.000000000000000000e+00,-1.000000000000000000e+00,-1.000000000000000000e+00,-1.000000000000000000e+00,-1.000000000000000000e+00,-1.000000000000000000e+00,-1.000000000000000000e+00,-1.000000000000000000e+00,-1.000000000000000000e+00,-1.000000000000000000e+00,-1.000000000000000000e+00,-1.000000000000000000e+00,-1.000000000000000000e+00,-1.000000000000000000e+00,-1.000000000000000000e+00,-1.000000000000000000e+00,-1.000000000000000000e+00,-1.000000000000000000e+00,-1.000000000000000000e+00,-1.000000000000000000e+00,-1.000000000000000000e+00,-1.000000000000000000e+00,-1.000000000000000000e+00,-1.000000000000000000e+00,-1.410806834796396458e+00,-1.410861441479289047e+00,-1.411023918904037888e+00,-1.411289374913815564e+00,-1.411646337418511754e+00,-1.412070103720955760e+00,-1.412509547525173659e+00,-1.412862224063504923e+00,-1.412929307031030035e+00,-1.412337367383208697e+00,-1.410408582184131898e+00,-1.405955924073134300e+00,-1.396978247917880278e+00,-1.380237708594965973e+00,-1.350727933740327513e+00,-1.301098884686635593e+00,-1.221208099807310266e+00,-1.098127816041886584e+00,-9.171422280486185574e-01,-6.644523218112667884e-01,-3.322784638911994159e-01,7.358158583663443331e-02,5.254450306201075005e-01,9.692317464145030481e-01,1.330124836421210599e+00,1.532169028536759292e+00,1.532169028484954065e+00,1.330124836267586819e+00,9.692317461756563279e-01,5.254450303267210742e-01,7.358158549685756000e-02,-3.322784642689675660e-01,-6.644523222228995163e-01,-9.171422284985806250e-01,-1.098127816511257349e+00,-1.221208100260557483e+00,-1.301098885103058933e+00,-1.350727934123081564e+00,-1.380237708968922394e+00,-1.396978248308042847e+00,-1.405955924511037125e+00,-1.410408582639472996e+00,-1.412337367854355819e+00,-1.412929307581374250e+00,-1.412862224584296111e+00,-1.412509548052935937e+00,-1.412070104270543247e+00,-1.411646337917330296e+00,-1.411289375454031880e+00,-1.411023919466187548e+00,-1.410861441994675225e+00,-1.410806835309599272e+00,-1.000000000000000000e+00,-1.000000000000000000e+00,-1.000000000000000000e+00,-1.000000000000000000e+00,-1.000000000000000000e+00,-1.000000000000000000e+00,-1.000000000000000000e+00,-1.000000000000000000e+00,-1.000000000000000000e+00,-1.000000000000000000e+00,-1.000000000000000000e+00,-1.000000000000000000e+00,-1.000000000000000000e+00,-1.000000000000000000e+00,-1.000000000000000000e+00,-1.000000000000000000e+00,-1.000000000000000000e+00,-1.000000000000000000e+00,-1.000000000000000000e+00,-1.000000000000000000e+00,-1.000000000000000000e+00,-1.000000000000000000e+00,-1.000000000000000000e+00,-1.000000000000000000e+00,-1.000000000000000000e+00,-1.000000000000000000e+00,-1.000000000000000000e+00,-1.000000000000000000e+00,-1.000000000000000000e+00,-1.000000000000000000e+00,-1.000000000000000000e+00,-1.000000000000000000e+00,-1.000000000000000000e+00,-1.000000000000000000e+00,-1.000000000000000000e+00,-1.000000000000000000e+00,-1.000000000000000000e+00,-1.000000000000000000e+00,-1.000000000000000000e+00,-1.000000000000000000e+00,-1.000000000000000000e+00,-1.000000000000000000e+00,-1.000000000000000000e+00,-1.000000000000000000e+00,-1.000000000000000000e+00,-1.000000000000000000e+00
-1.000000000000000000e+00,-1.000000000000000000e+00,-1.000000000000000000e+00,-1.000000000000000000e+00,-1.000000000000000000e+00,-1.000000000000000000e+00,-1.000000000000000000e+00,-1.000000000000000000e+00,-1.000000000000000000e+00,-1.000000000000000000e+00,-1.000000000000000000e+00,-1.000000000000000000e+00,-1.000000000000000000e+00,-1.000000000000000000e+00,-1.000000000000000000e+00,-1.000000000000000000e+00,-1.000000000000000000e+00,-1.000000000000000000e+00,-1.000000000000000000e+00,-1.000000000000000000e+00,-1.000000000000000000e+00,-1.000000000000000000e+00,-1.000000000000000000e+00,-1.000000000000000000e+00,-1.000000000000000000e+00,-1.000000000000000000e+00,-1.000000000000000000e+00,-1.000000000000000000e+00,-1.000000000000000000e+00,-1.000000000000000000e+00,-1.000000000000000000e+00,-1.000000000000000000e+00,-1.000000000000000000e+00,-1.000000000000000000e+00,-1.000000000000000000e+00,-1.000000000000000000e+00,-1.000000000000000000e+00,-1.000000000000000000e+00,-1.000000000000000000e+00,-1.000000000000000000e+00,-1.000000000000000000e+00,-1.000000000000000000e+00,-1.000000000000000000e+00,-1.000000000000000000e+00,-1.000000000000000000e+00,-1.000000000000000000e+00,-1.410670022478885954e+00,-1.410724628880382081e+00,-1.410887105288888721e+00,-1.411152559176596544e+00,-1.411509517296906102e+00,-1.411933274644946668e+00,-1.412372699588726910e+00,-1.412725336819625088e+00,-1.412792339021400334e+00,-1.412200237617310616e+00,-1.410271137865590108e+00,-1.405817886448878173e+00,-1.396839126995446989e+00,-1.380096674720414862e+00,-1.350583636793828424e+00,-1.300949220248215354e+00,-1.221049940907509956e+00,-1.097956764443685396e+00,-9.169524912458308918e-01,-6.642368841604967544e-01,-3.320297664442953822e-01,7.387027035853699353e-02,5.257775321207003305e-01,9.696066598856656338e-01,1.330533843852300002e+00,1.532597030202648813e+00,1.532597030190686827e+00,1.330533843811128492e+00,9.696066597981491952e-01,5.257775319791935242e-01,7.387027014091995802e-02,-3.320297667463018021e-01,-6.642368845381215747e-01,-9.169524916805650294e-01,-1.097956764896729220e+00,-1.221049941330577315e+00,-1.300949220628051295e+00,-1.350583637154829431e+00,-1.380096675090893177e+00,-1.396839127395674396e+00,-1.405817886868168110e+00,-1.410271138293987425e+00,-1.412200238110827177e+00,-1.412792339568033739e+00,-1.412725337330237751e+00,-1.412372700141948156e+00,-1.411933275181116665e+00,-1.411509517803725355e+00,-1.411152559682867347e+00,-1.410887105850079593e+00,-1.410724629392557716e+00,-1.410670022984598315e+00,-1.000000000000000000e+00,-1.000000000000000000e+00,-1.000000000000000000e+00,-1.000000000000000000e+00,-1.000000000000000000e+00,-1.000000000000000000e+00,-1.000000000000000000e+00,-1.000000000000000000e+00,-1.000000000000000000e+00,-1.000000000000000000e+00,-1.000000000000000000e+00,-1.000000000000000000e+00,-1.000000000000000000e+00,-1.000000000000000000e+00,-1.000000000000000000e+00,-1.000000000000000000e+00,-1.000000000000000000e+00,-1.000000000000000000e+00,-1.000000000000000000e+00,-1.000000000000000000e+00,-1.000000000000000000e+00,-1.000000000000000000e+00,-1.000000000000000000e+00,-1.000000000000000000e+00,-1.000000000000000000e+00,-1.000000000000000000e+00,-1.000000000000000000e+00,-1.000000000000000000e+00,-1.000000000000000000e+00,-1.000000000000000000e+00,-1.000000000000000000e+00,-1.000000000000000000e+00,-1.000000000000000000e+00,-1.000000000000000000e+00,-1.000000000000000000e+00,-1.000000000000000000e+00,-1.000000000000000000e+00,-1.000000000000000000e+00,-1.000000000000000000e+00,-1.000000000000000000e+00,-1.000000000000000000e+00,-1.000000000000000000e+00,-1.000000000000000000e+00,-1.000000000000000000e+00,-1.000000000000000000e+00,-1.000000000000000000e+00
-1.000000000000000000e+00,-1.000000000000000000e+00,-1.000000000000000000e+00,-1.000000000000000000e+00,-1.000000000000000000e+00,-1.000000000000000000e+00,-1.000000000000000000e+00,-1.000000000000000000e+00,-1.000000000000000000e+00,-1.000000000000000000e+00,-1.000000000000000000e+00,-1.000000000000000000e+00,-1.000000000000000000e+00,-1.000000000000000000e+00,-1.000000000000000000e+00,-1.000000000000000000e+00,-1.000000000000000000e+00,-1.000000000000000000e+00,-1.000000000000000000e+00,-1.000000000000000000e+00,-1.000000000000000000e+00,-1.000000000000000000e+00,-1.000000000000000000e+00,-1.000000000000000000e+00,-1.000000000000000000e+00,-1.000000000000000000e+00,-1.000000000000000000e+00,-1.000000000000000000e+00,-1.000000000000000000e+00,-1.000000000000000000e+00,-1.000000000000000000e+00,-1.000000000000000000e+00,-1.000000000000000000e+00,-1.000000000000000000e+00,-1.000000000000000000e+00,-1.000000000000000000e+00,-1.000000000000000000e+00,-1.000000000000000000e+00,-1.000000000000000000e+00,-1.000000000000000000e+00,-1.000000000000000000e+00,-1.000000000000000000e+00,-1.000000000000000000e+00,-1.000000000000000000e+00,-1.000000000000000000e+00,-1.000000000000000000e+00,-1.410546060909958488e+00,-1.410600667132430042e+00,-1.410763142869782216e+00,-1.411028595237569405e+00,-1.411385549935889383e+00,-1.411809299881213287e+00,-1.412248708617287907e+00,-1.412601311232822177e+00,-1.412668241509262179e+00,-1.412075994931458522e+00,-1.410146611858250631e+00,-1.405692825180665073e+00,-1.396713087337346337e+00,-1.379968906251526573e+00,-1.350452918261350721e+00,-1.300813647976112541e+00,-1.220906686053027768e+00,-1.097801847819105170e+00,-9.167806718171687130e-01,-6.640418136458765552e-01,-3.318046042153057762e-01,7.413161317918581794e-02,5.260785231927764816e-01,9.699460297689115329e-01,1.330904066657069507e+00,1.532984441861460212e+00,1.532984441832167199e+00,1.330904066572651256e+00,9.699460296298536566e-01,5.260785230177675853e-01,7.413161297377368619e-02,-3.318046044551500318e-01,-6.640418139221022642e-01,-9.167806721311776430e-01,-1.097801848157844429e+00,-1.220906686384213513e+00,-1.300813648280670032e+00,-1.350452918543904257e+00,-1.379968906535531392e+00,-1.396713087659351871e+00,-1.405692825544055502e+00,-1.410146612294500557e+00,-1.412075995438932363e+00,-1.412668242012958153e+00,-1.412601311739262178e+00,-1.412248709163569149e+00,-1.411809300404901046e+00,-1.411385550474423933e+00,-1.411028595733565982e+00,-1.410763143434122346e+00,-1.410600667666970010e+00,-1.410546061453813893e+00,-1.000000000000000000e+00,-1.000000000000000000e+00,-1.000000000000000000e+00,-1.000000000000000000e+00,-1.000000000000000000e+00,-1.000000000000000000e+00,-1.000000000000000000e+00,-1.000000000000000000e+00,-1.000000000000000000e+00,-1.000000000000000000e+00,-1.000000000000000000e+00,-1.000000000000000000e+00,-1.000000000000000000e+00,-1.000000000000000000e+00,-1.000000000000000000e+00,-1.000000000000000000e+00,-1.000000000000000000e+00,-1.000000000000000000e+00,-1.000000000000000000e+00,-1.000000000000000000e+00,-1.000000000000000000e+00,-1.000000000000000000e+00,-1.000000000000000000e+00,-1.000000000000000000e+00,-1.000000000000000000e+00,-1.000000000000000000e+00,-1.000000000000000000e+00,-1.000000000000000000e+00,-1.000000000000000000e+00,-1.000000000000000000e+00,-1.000000000000000000e+00,-1.000000000000000000e+00,-1.000000000000000000e+00,-1.000000000000000000e+00,-1.000000000000000000e+00,-1.000000000000000000e+00,-1.000000000000000000e+00,-1.000000000000000000e+00,-1.000000000000000000e+00,-1.000000000000000000e+00,-1.000000000000000000e+00,-1.000000000000000000e+00,-1.000000000000000000e+00,-1.000000000000000000e+00,-1.000000000000000000e+00,-1.000000000000000000e+00
-1.000000000000000000e+00,-1.000000000000000000e+00,-1.000000000000000000e+00,-1.000000000000000000e+00,-1.000000000000000000e+00,-1.000000000000000000e+00,-1.000000000000000000e+00,-1.000000000000000000e+00,-1.000000000000000000e+00,-1.000000000000000000e+00,-1.000000000000000000e+00,-1.000000000000000000e+00,-1.000000000000000000e+00,-1.000000000000000000e+00,-1.000000000000000000e+00,-1.000000000000000000e+00,-1.000000000000000000e+00,-1.000000000000000000e+00,-1.000000000000000000e+00,-1.000000000000000000e+00,-1.000000000000000000e+00,-1.000000000000000000e+00,-1.000000000000000000e+00,-1.000000000000000000e+00,-1.000000000000000000e+00,-1.000000000000000000e+00,-1.000000000000000000e+00,-1.000000000000000000e+00,-1.000000000000000000e+00,-1.000000000000000000e+00,-1.000000000000000000e+00,-1.000000000000000000e+00,-1.000000000000000000e+00,-1.000000000000000000e+00,-1.000000000000000000e+00,-1.000000000000000000e+00,-1.000000000000000000e+00,-1.000000000000000000e+00,-1.000000000000000000e+00,-1.000000000000000000e+00,-1.000000000000000000e+00,-1.000000000000000000e+00,-1.000000000000000000e+00,-1.000000000000000000e+00,-1.000000000000000000e+00,-1.000000000000000000e+00,-1.410435004197674980e+00,-1.410489610320550646e+00,-1.410652085655859977e+00,-1.410917536974024777e+00,-1.411274489060718729e+00,-1.411698232906197559e+00,-1.412137627826369979e+00,-1.412490200182584754e+00,-1.412557066974684084e+00,-1.411964691559768115e+00,-1.410035056046395452e+00,-1.405580791603727953e+00,-1.396600179678302300e+00,-1.379854453275726200e+00,-1.350335827517686216e+00,-1.300692216440162197e+00,-1.220778382896673397e+00,-1.097663112848038969e+00,-9.166268155301072751e-01,-6.638671553664867719e-01,-3.316030221004470091e-01,7.436556894450085942e-02,5.263479573128564404e-01,9.702498078883317056e-01,1.331235455048432215e+00,1.533331212817050204e+00,1.533331212838113355e+00,1.331235455101136278e+00,9.702498079409698217e-01,5.263479573411578016e-01,7.436556891922796453e-02,-3.316030222048698128e-01,-6.638671555485862186e-01,-9.166268157679047235e-01,-1.097663113103859667e+00,-1.220778383137465894e+00,-1.300692216666525347e+00,-1.350335827755402063e+00,-1.379854453555701355e+00,-1.396600180016486226e+00,-1.405580791977263821e+00,-1.410035056483390559e+00,-1.411964692052620096e+00,-1.412557067512193898e+00,-1.412490200784533245e+00,-1.412137628406864298e+00,-1.411698233456696983e+00,-1.411274489620017114e+00,-1.410917537478137085e+00,-1.410652086224861712e+00,-1.410489610853716380e+00,-1.410435004769501344e+00,-1.000000000000000000e+00,-1.000000000000000000e+00,-1.000000000000000000e+00,-1.000000000000000000e+00,-1.000000000000000000e+00,-1.000000000000000000e+00,-1.000000000000000000e+00,-1.000000000000000000e+00,-1.000000000000000000e+00,-1.000000000000000000e+00,-1.000000000000000000e+00,-1.000000000000000000e+00,-1.000000000000000000e+00,-1.000000000000000000e+00,-1.000000000000000000e+00,-1.000000000000000000e+00,-1.000000000000000000e+00,-1.000000000000000000e+00,-1.000000000000000000e+00,-1.000000000000000000e+00,-1.000000000000000000e+00,-1.000000000000000000e+00,-1.000000000000000000e+00,-1.000000000000000000e+00,-1.000000000000000000e+00,-1.000000000000000000e+00,-1.000000000000000000e+00,-1.000000000000000000e+00,-1.000000000000000000e+00,-1.000000000000000000e+00,-1.000000000000000000e+00,-1.000000000000000000e+00,-1.000000000000000000e+00,-1.000000000000000000e+00,-1.000000000000000000e+00,-1.000000000000000000e+00,-1.000000000000000000e+00,-1.000000000000000000e+00,-1.000000000000000000e+00,-1.000000000000000000e+00,-1.000000000000000000e+00,-1.000000000000000000e+00,-1.000000000000000000e+00,-1.000000000000000000e+00,-1.000000000000000000e+00,-1.000000000000000000e+00
-1.000000000000000000e+00,-1.000000000000000000e+00,-1.000000000000000000e+00,-1.000000000000000000e+00,-1.000000000000000000e+00,-1.000000000000000000e+00,-1.000000000000000000e+00,-1.000000000000000000e+00,-1.000000000000000000e+00,-1.000000000000000000e+00,-1.000000000000000000e+00,-1.000000000000000000e+00,-1.000000000000000000e+00,-1.000000000000000000e+00,-1.000000000000000000e+00,-1.000000000000000000e+00,-1.000000000000000000e+00,-1.000000000000000000e+00,-1.000000000000000000e+00,-1.000000000000000000e+00,-1.000000000000000000e+00,-1.000000000000000000e+00,-1.000000000000000000e+00,-1.000000000000000000e+00,-1.000000000000000000e+00,-1.000000000000000000e+00,-1.000000000000000000e+00,-1.000000000000000000e+00,-1.000000000000000000e+00,-1.000000000000000000e+00,-1.000000000000000000e+00,-1.000000000000000000e+00,-1.000000000000000000e+00,-1.000000000000000000e+00,-1.000000000000000000e+00,-1.000000000000000000e+00,-1.000000000000000000e+00,-1.000000000000000000e+00,-1.000000000000000000e+00,-1.000000000000000000e+00,-1.000000000000000000e+00,-1.000000000000000000e+00,-1.000000000000000000e+00,-1.000000000000000000e+00,-1.000000000000000000e+00,-1.000000000000000000e+00,-1.410336900504006952e+00,-1.410391506585586763e+00,-1.410553981724457007e+00,-1.410819432336050117e+00,-1.411176382486537539e+00,-1.411600121349342762e+00,-1.412039504631668718e+00,-1.412392050910039165e+00,-1.412458862260041137e+00,-1.411866373892668669e+00,-1.409936516489324054e+00,-1.405481831420914318e+00,-1.396500449299780344e+00,-1.379753360577608889e+00,-1.350232408759800995e+00,-1.300584969170471172e+00,-1.220665074213537427e+00,-1.097540601473816935e+00,-9.164909634910192171e-01,-6.637129497411924373e-01,-3.314250602149791947e-01,7.457209722819335695e-02,5.265857930204411730e-01,9.705179511944823645e-01,1.331527964317257506e+00,1.533637297271982725e+00,1.533637297265650901e+00,1.331527964298885536e+00,9.705179511717794139e-01,5.265857930078519100e-01,7.457209722294511067e-02,-3.314250602353036035e-01,-6.637129497989806559e-01,-9.164909635994360482e-01,-1.097540601624020340e+00,-1.220665074384726267e+00,-1.300584969358359544e+00,-1.350232408984646026e+00,-1.379753360865120237e+00,-1.396500449666025157e+00,-1.405481831854456409e+00,-1.409936516997943423e+00,-1.411866374455767348e+00,-1.412458862858177122e+00,-1.412392051515708014e+00,-1.412039505199014444e+00,-1.411600121933115792e+00,-1.411176383028877712e+00,-1.410819432836473375e+00,-1.410553982286963937e+00,-1.410391507100265507e+00,-1.410336901061556958e+00,-1.000000000000000000e+00,-1.000000000000000000e+00,-1.000000000000000000e+00,-1.000000000000000000e+00,-1.000000000000000000e+00,-1.000000000000000000e+00,-1.000000000000000000e+00,-1.000000000000000000e+00,-1.000000000000000000e+00,-1.000000000000000000e+00,-1.000000000000000000e+00,-1.000000000000000000e+00,-1.000000000000000000e+00,-1.000000000000000000e+00,-1.000000000000000000e+00,-1.000000000000000000e+00,-1.000000000000000000e+00,-1.000000000000000000e+00,-1.000000000000000000e+00,-1.000000000000000000e+00,-1.000000000000000000e+00,-1.000000000000000000e+00,-1.000000000000000000e+00,-1.000000000000000000e+00,-1.000000000000000000e+00,-1.000000000000000000e+00,-1.000000000000000000e+00,-1.000000000000000000e+00,-1.000000000000000000e+00,-1.000000000000000000e+00,-1.000000000000000000e+00,-1.000000000000000000e+00,-1.000000000000000000e+00,-1.000000000000000000e+00,-1.000000000000000000e+00,-1.000000000000000000e+00,-1.000000000000000000e+00,-1.000000000000000000e+00,-1.000000000000000000e+00,-1.000000000000000000e+00,-1.000000000000000000e+00,-1.000000000000000000e+00,-1.000000000000000000e+00,-1.000000000000000000e+00,-1.000000000000000000e+00,-1.000000000000000000e+00
-1.000000000000000000e+00,-1.000000000000000000e+00,-1.000000000000000000e+00,-1.000000000000000000e+00,-1.000000000000000000e+00,-1.000000000000000000e+00,-1.000000000000000000e+00,-1.000000000000000000e+00,-1.000000000000000000e+00,-1.000000000000000000e+00,-1.000000000000000000e+00,-1.000000000000000000e+00,-1.000000000000000000e+00,-1.000000000000000000e+00,-1.000000000000000000e+00,-1.000000000000000000e+00,-1.000000000000000000e+00,-1.000000000000000000e+00,-1.000000000000000000e+00,-1.000000000000000000e+00,-1.000000000000000000e+00,-1.000000000000000000e+00,-1.000000000000000000e+00,-1.000000000000000000e+00,-1.000000000000000000e+00,-1.000000000000000000e+00,-1.000000000000000000e+00,-1.000000000000000000e+00,-1.000000000000000000e+00,-1.000000000000000000e+00,-1.000000000000000000e+00,-1.000000000000000000e+00,-1.000000000000000000e+00,-1.000000000000000000e+00,-1.000000000000000000e+00,-1.000000000000000000e+00,-1.000000000000000000e+00,-1.000000000000000000e+00,-1.000000000000000000e+00,-1.000000000000000000e+00,-1.000000000000000000e+00,-1.000000000000000000e+00,-1.000000000000000000e+00,-1.000000000000000000e+00,-1.000000000000000000e+00,-1.000000000000000000e+00,-1.410251792175591490e+00,-1.410306398252475724e+00,-1.410468873355410491e+00,-1.410734323511035004e+00,-1.411091272259633156e+00,-1.411515007098498975e+00,-1.411954380618115179e+00,-1.412306904820539666e+00,-1.412373668661999648e+00,-1.411781082948429189e+00,-1.409851033864685244e+00,-1.405395984943075050e+00,-1.396413936094447417e+00,-1.379665667569130560e+00,-1.350142700813660390e+00,-1.300491944296418678e+00,-1.220566797367993672e+00,-1.097434350303587491e+00,-9.163731516748547801e-01,-6.635792323743615606e-01,-3.312707542138803030e-01,7.475116178373397702e-02,5.267919929309052840e-01,9.707504208214241537e-01,1.331781554213295582e+00,1.533902654227340623e+00,1.533902654252717213e+00,1.331781554279169555e+00,9.707504209117043814e-01,5.267919930245588134e-01,7.475116185189722984e-02,-3.312707542011638084e-01,-6.635792324310285650e-01,-9.163731517891002820e-01,-1.097434350453720509e+00,-1.220566797532193215e+00,-1.300491944470295369e+00,-1.350142701023689717e+00,-1.379665667835357823e+00,-1.396413936426861069e+00,-1.405395985349136012e+00,-1.409851034351835120e+00,-1.411781083514768831e+00,-1.412373669261008047e+00,-1.412306905412278546e+00,-1.411954381219799437e+00,-1.411515007707897507e+00,-1.411091272773023153e+00,-1.410734323998591666e+00,-1.410468873887792185e+00,-1.410306398782326998e+00,-1.410251792741849419e+00,-1.000000000000000000e+00,-1.000000000000000000e+00,-1.000000000000000000e+00,-1.000000000000000000e+00,-1.000000000000000000e+00,-1.000000000000000000e+00,-1.000000000000000000e+00,-1.000000000000000000e+00,-1.000000000000000000e+00,-1.000000000000000000e+00,-1.000000000000000000e+00,-1.000000000000000000e+00,-1.000000000000000000e+00,-1.000000000000000000e+00,-1.000000000000000000e+00,-1.000000000000000000e+00,-1.000000000000000000e+00,-1.000000000000000000e+00,-1.000000000000000000e+00,-1.000000000000000000e+00,-1.000000000000000000e+00,-1.000000000000000000e+00,-1.000000000000000000e+00,-1.000000000000000000e+00,-1.000000000000000000e+00,-1.000000000000000000e+00,-1.000000000000000000e+00,-1.000000000000000000e+00,-1.000000000000000000e+00,-1.000000000000000000e+00,-1.000000000000000000e+00,-1.000000000000000000e+00,-1.000000000000000000e+00,-1.000000000000000000e+00,-1.000000000000000000e+00,-1.000000000000000000e+00,-1.000000000000000000e+00,-1.000000000000000000e+00,-1.000000000000000000e+00,-1.000000000000000000e+00,-1.000000000000000000e+00,-1.000000000000000000e+00,-1.000000000000000000e+00,-1.000000000000000000e+00,-1.000000000000000000e+00,-1.000000000000000000e+00
-1.000000000000000000e+00,-1.000000000000000000e+00,-1.000000000000000000e+00,-1.000000000000000000e+00,-1.000000000000000000e+00,-1.000000000000000000e+00,-1.000000000000000000e+00,-1.000000000000000000e+00,-1.000000000000000000e+00,-1.000000000000000000e+00,-1.000000000000000000e+00,-1.000000000000000000e+00,-1.000000000000000000e+00,-1.000000000000000000e+00,-1.000000000000000000e+00,-1.000000000000000000e+00,-1.000000000000000000e+00,-1.000000000000000000e+00,-1.000000000000000000e+00,-1.000000000000000000e+00,-1.000000000000000000e+00,-1.000000000000000000e+00,-1.000000000000000000e+00,-1.000000000000000000e+00,-1.000000000000000000e+00,-1.000000000000000000e+00,-1.000000000000000000e+00,-1.000000000000000000e+00,-1.000000000000000000e+00,-1.000000000000000000e+00,-1.000000000000000000e+00,-1.000000000000000000e+00,-1.000000000000000000e+00,-1.000000000000000000e+00,-1.000000000000000000e+00,-1.000000000000000000e+00,-1.000000000000000000e+00,-1.000000000000000000e+00,-1.000000000000000000e+00,-1.000000000000000000e+00,-1.000000000000000000e+00,-1.000000000000000000e+00,-1.000000000000000000e+00,-1.000000000000000000e+00,-1.000000000000000000e+00,-1.000000000000000000e+00,-1.410179715818575819e+00,-1.410234321897281484e+00,-1.410396797058573126e+00,-1.410662246946595921e+00,-1.411019194695908974e+00,-1.411442926437098677e+00,-1.411882291919714927e+00,-1.412234797711342749e+00,-1.412301521723643427e+00,-1.411708854027501125e+00,-1.409778643178233315e+00,-1.405323286853925824e+00,-1.396340674394608961e+00,-1.379591408233368011e+00,-1.350066737322688670e+00,-1.300413175093055207e+00,-1.220483585195293319e+00,-1.097344391637603556e+00,-9.162734118037834108e-01,-6.634660344918812402e-01,-3.311401351052430941e-01,7.490273134418456991e-02,5.269665249550816721e-01,9.709471834220368969e-01,1.331996190072925579e+00,1.534127248160183754e+00,1.534127248176416547e+00,1.331996190130509294e+00,9.709471835406202622e-01,5.269665251392143812e-01,7.490273157537563620e-02,-3.311401348739144712e-01,-6.634660343135018179e-01,-9.162734116932716999e-01,-1.097344391591688062e+00,-1.220483585201575849e+00,-1.300413175154643275e+00,-1.350066737483917700e+00,-1.379591408518793250e+00,-1.396340674785200298e+00,-1.405323287322596926e+00,-1.409778643697702227e+00,-1.411708854602542473e+00,-1.412301522316475655e+00,-1.412234798317145268e+00,-1.411882292530647121e+00,-1.411442926989003421e+00,-1.411019195208086829e+00,-1.410662247459406826e+00,-1.410396797561348059e+00,-1.410234322449865463e+00,-1.410179716389395654e+00,-1.000000000000000000e+00,-1.000000000000000000e+00,-1.000000000000000000e+00,-1.000000000000000000e+00,-1.000000000000000000e+00,-1.000000000000000000e+00,-1.000000000000000000e+00,-1.000000000000000000e+00,-1.000000000000000000e+00,-1.000000000000000000e+00,-1.000000000000000000e+00,-1.000000000000000000e+00,-1.000000000000000000e+00,-1.000000000000000000e+00,-1.000000000000000000e+00,-1.000000000000000000e+00,-1.000000000000000000e+00,-1.000000000000000000e+00,-1.000000000000000000e+00,-1.000000000000000000e+00,-1.000000000000000000e+00,-1.000000000000000000e+00,-1.000000000000000000e+00,-1.000000000000000000e+00,-1.000000000000000000e+00,-1.000000000000000000e+00,-1.000000000000000000e+00,-1.000000000000000000e+00,-1.000000000000000000e+00,-1.000000000000000000e+00,-1.000000000000000000e+00,-1.000000000000000000e+00,-1.000000000000000000e+00,-1.000000000000000000e+00,-1.000000000000000000e+00,-1.000000000000000000e+00,-1.000000000000000000e+00,-1.000000000000000000e+00,-1.000000000000000000e+00,-1.000000000000000000e+00,-1.000000000000000000e+00,-1.000000000000000000e+00,-1.000000000000000000e+00,-1.000000000000000000e+00,-1.000000000000000000e+00,-1.000000000000000000e+00
-1.000000000000000000e+00,-1.000000000000000000e+00,-1.000000000000000000e+00,-1.000000000000000000e+00,-1.000000000000000000e+00,-1.000000000000000000e+00,-1.000000000000000000e+00,-1.000000000000000000e+00,-1.000000000000000000e+00,-1.000000000000000000e+00,-1.000000000000000000e+00,-1.000000000000000000e+00,-1.000000000000000000e+00,-1.000000000000000000e+00,-1.000000000000000000e+00,-1.000000000000000000e+00,-1.000000000000000000e+00,-1.000000000000000000e+00,-1.000000000000000000e+00,-1.000000000000000000e+00,-1.000000000000000000e+00,-1.000000000000000000e+00,-1.000000000000000000e+00,-1.000000000000000000e+00,-1.000000000000000000e+00,-1.000000000000000000e+00,-1.000000000000000000e+00,-1.000000000000000000e+00,-1.000000000000000000e+00,-1.000000000000000000e+00,-1.000000000000000000e+00,-1.000000000000000000e+00,-1.000000000000000000e+00,-1.000000000000000000e+00,-1.000000000000000000e+00,-1.000000000000000000e+00,-1.000000000000000000e+00,-1.000000000000000000e+00,-1.000000000000000000e+00,-1.000000000000000000e+00,-1.000000000000000000e+00,-1.000000000000000000e+00,-1.000000000000000000e+00,-1.000000000000000000e+00,-1.000000000000000000e+00,-1.000000000000000000e+00,-1.410120702334681564e+00,-1.410175308416985684e+00,-1.410337783672228618e+00,-1.410603233446654503e+00,-1.410960180419591925e+00,-1.411383909791769531e+00,-1.411823268928774855e+00,-1.412175759852681622e+00,-1.412242451533499255e+00,-1.411649717069848986e+00,-1.409719374220997024e+00,-1.405263766778842571e+00,-1.396280693584139643e+00,-1.379530611579390609e+00,-1.350004546786469417e+00,-1.300348689447775152e+00,-1.220415464935403094e+00,-1.097270752109326342e+00,-9.161917700425173949e-01,-6.633733820330343089e-01,-3.310332289477709855e-01,7.502677930925560901e-02,5.271093615445832103e-01,9.711082102665400395e-01,1.332171842083933910e+00,1.534311048672172273e+00,1.534311048719394499e+00,1.332171842229568526e+00,9.711082105035173662e-01,5.271093618413054127e-01,7.502677962848069981e-02,-3.310332286498874899e-01,-6.633733818011762207e-01,-9.161917698846107072e-01,-1.097270752015982342e+00,-1.220415464883985557e+00,-1.300348689428076909e+00,-1.350004546828892815e+00,-1.379530611713694732e+00,-1.396280693815493912e+00,-1.405263767122973517e+00,-1.409719374677842030e+00,-1.411649717622333267e+00,-1.412242452113185776e+00,-1.412175760465754992e+00,-1.411823269537205494e+00,-1.411383910319263579e+00,-1.410960180956205567e+00,-1.410603233954755842e+00,-1.410337784147424056e+00,-1.410175308968464769e+00,-1.410120702871000109e+00,-1.000000000000000000e+00,-1.000000000000000000e+00,-1.000000000000000000e+00,-1.000000000000000000e+00,-1.000000000000000000e+00,-1.000000000000000000e+00,-1.000000000000000000e+00,-1.000000000000000000e+00,-1.000000000000000000e+00,-1.000000000000000000e+00,-1.000000000000000000e+00,-1.000000000000000000e+00,-1.000000000000000000e+00,-1.000000000000000000e+00,-1.000000000000000000e+00,-1.000000000000000000e+00,-1.000000000000000000e+00,-1.000000000000000000e+00,-1.000000000000000000e+00,-1.000000000000000000e+00,-1.000000000000000000e+00,-1.000000000000000000e+00,-1.000000000000000000e+00,-1.000000000000000000e+00,-1.000000000000000000e+00,-1.000000000000000000e+00,-1.000000000000000000e+00,-1.000000000000000000e+00,-1.000000000000000000e+00,-1.000000000000000000e+00,-1.000000000000000000e+00,-1.000000000000000000e+00,-1.000000000000000000e+00,-1.000000000000000000e+00,-1.000000000000000000e+00,-1.000000000000000000e+00,-1.000000000000000000e+00,-1.000000000000000000e+00,-1.000000000000000000e+00,-1.000000000000000000e+00,-1.000000000000000000e+00,-1.000000000000000000e+00,-1.000000000000000000e+00,-1.000000000000000000e+00,-1.000000000000000000e+00,-1.000000000000000000e+00
-1.000000000000000000e+00,-1.000000000000000000e+00,-1.000000000000000000e+00,-1.000000000000000000e+00,-1.000000000000000000e+00,-1.000000000000000000e+00,-1.000000000000000000e+00,-1.000000000000000000e+00,-1.000000000000000000e+00,-1.000000000000000000e+00,-1.000000000000000000e+00,-1.000000000000000000e+00,-1.000000000000000000e+00,-1.000000000000000000e+00,-1.000000000000000000e+00,-1.000000000000000000e+00,-1.000000000000000000e+00,-1.000000000000000000e+00,-1.000000000000000000e+00,-1.000000000000000000e+00,-1.000000000000000000e+00,-1.000000000000000000e+00,-1.000000000000000000e+00,-1.000000000000000000e+00,-1.000000000000000000e+00,-1.000000000000000000e+00,-1.000000000000000000e+00,-1.000000000000000000e+00,-1.000000000000000000e+00,-1.000000000000000000e+00,-1.000000000000000000e+00,-1.000000000000000000e+00,-1.000000000000000000e+00,-1.000000000000000000e+00,-1.000000000000000000e+00,-1.000000000000000000e+00,-1.000000000000000000e+00,-1.000000000000000000e+00,-1.000000000000000000e+00,-1.000000000000000000e+00,-1.000000000000000000e+00,-1.000000000000000000e+00,-1.000000000000000000e+00,-1.000000000000000000e+00,-1.000000000000000000e+00,-1.000000000000000000e+00,-1.410074776900111626e+00,-1.410129382994135039e+00,-1.410291858310197988e+00,-1.410557308118346009e+00,-1.410914254588128136e+00,-1.411337982182715667e+00,-1.411777336538562855e+00,-1.412129816045002872e+00,-1.412196482704299427e+00,-1.411603696422709220e+00,-1.409673251007227401e+00,-1.405217448380374545e+00,-1.396234017026085850e+00,-1.379483300743456153e+00,-1.349956152173133361e+00,-1.300298510171723487e+00,-1.220362459201704830e+00,-1.097213454060973703e+00,-9.161282484060446762e-01,-6.633012967252027714e-01,-3.309500573631791731e-01,7.512328383247957042e-02,5.272204802219000452e-01,9.712334779283124941e-01,1.332308485827086830e+00,1.534454030693153559e+00,1.534454030748180653e+00,1.332308486001448244e+00,9.712334782234706143e-01,5.272204806072318117e-01,7.512328425690273370e-02,-3.309500569592901398e-01,-6.633012963922859662e-01,-9.161282481556821677e-01,-1.097213453883315593e+00,-1.220362459087734885e+00,-1.300298510141638442e+00,-1.349956152266367893e+00,-1.379483300969549742e+00,-1.396234017347075751e+00,-1.405217448772910771e+00,-1.409673251467515653e+00,-1.411603696930817442e+00,-1.412196483205038433e+00,-1.412129816558013840e+00,-1.411777337062642745e+00,-1.411337982670751723e+00,-1.410914255078831170e+00,-1.410557308580245417e+00,-1.410291858802304121e+00,-1.410129383543405890e+00,-1.410074777399966672e+00,-1.000000000000000000e+00,-1.000000000000000000e+00,-1.000000000000000000e+00,-1.000000000000000000e+00,-1.000000000000000000e+00,-1.000000000000000000e+00,-1.000000000000000000e+00,-1.000000000000000000e+00,-1.000000000000000000e+00,-1.000000000000000000e+00,-1.000000000000000000e+00,-1.000000000000000000e+00,-1.000000000000000000e+00,-1.000000000000000000e+00,-1.000000000000000000e+00,-1.000000000000000000e+00,-1.000000000000000000e+00,-1.000000000000000000e+00,-1.000000000000000000e+00,-1.000000000000000000e+00,-1.000000000000000000e+00,-1.000000000000000000e+00,-1.000000000000000000e+00,-1.000000000000000000e+00,-1.000000000000000000e+00,-1.000000000000000000e+00,-1.000000000000000000e+00,-1.000000000000000000e+00,-1.000000000000000000e+00,-1.000000000000000000e+00,-1.000000000000000000e+00,-1.000000000000000000e+00,-1.000000000000000000e+00,-1.000000000000000000e+00,-1.000000000000000000e+00,-1.000000000000000000e+00,-1.000000000000000000e+00,-1.000000000000000000e+00,-1.000000000000000000e+00,-1.000000000000000000e+00,-1.000000000000000000e+00,-1.000000000000000000e+00,-1.000000000000000000e+00,-1.000000000000000000e+00,-1.000000000000000000e+00,-1.000000000000000000e+00
-1.000000000000000000e+00,-1.000000000000000000e+00,-1.000000000000000000e+00,-1.000000000000000000e+00,-1.000000000000000000e+00,-1.000000000000000000e+00,-1.000000000000000000e+00,-1.000000000000000000e+00,-1.000000000000000000e+00,-1.000000000000000000e+00,-1.000000000000000000e+00,-1.000000000000000000e+00,-1.000000000000000000e+00,-1.000000000000000000e+00,-1.000000000000000000e+00,-1.000000000000000000e+00,-1.000000000000000000e+00,-1.000000000000000000e+00,-1.000000000000000000e+00,-1.000000000000000000e+00,-1.000000000000000000e+00,-1.000000000000000000e+00,-1.000000000000000000e+00,-1.000000000000000000e+00,-1.000000000000000000e+00,-1.000000000000000000e+00,-1.000000000000000000e+00,-1.000000000000000000e+00,-1.000000000000000000e+00,-1.000000000000000000e+00,-1.000000000000000000e+00,-1.000000000000000000e+00,-1.000000000000000000e+00,-1.000000000000000000e+00,-1.000000000000000000e+00,-1.000000000000000000e+00,-1.000000000000000000e+00,-1.000000000000000000e+00,-1.000000000000000000e+00,-1.000000000000000000e+00,-1.000000000000000000e+00,-1.000000000000000000e+00,-1.000000000000000000e+00,-1.000000000000000000e+00,-1.000000000000000000e+00,-1.000000000000000000e+00,-1.410041959061985706e+00,-1.410096565214005393e+00,-1.410259040546247400e+00,-1.410524490363639583e+00,-1.410881436530048827e+00,-1.411305162843906391e+00,-1.411744513786777233e+00,-1.412096985186022335e+00,-1.412163634064794948e+00,-1.411570810921740415e+00,-1.409640292428609332e+00,-1.405184350572417085e+00,-1.396200663562525701e+00,-1.379449494365783124e+00,-1.349921571791934172e+00,-1.300262655153966662e+00,-1.220324585434933162e+00,-1.097172514532171572e+00,-9.160828636393587576e-01,-6.632497951903254529e-01,-3.308906370810096309e-01,7.519222781538692502e-02,5.272998632804053454e-01,9.713229679647792381e-01,1.332406102199268361e+00,1.534556174758035851e+00,1.534556174835358888e+00,1.332406102429592121e+00,9.713229683317063934e-01,5.272998637390893251e-01,7.519222830515781553e-02,-3.308906366300831126e-01,-6.632497948350328798e-01,-9.160828633958895129e-01,-1.097172514378695007e+00,-1.220324585339047641e+00,-1.300262655111264820e+00,-1.349921571830272171e+00,-1.379449494511266749e+00,-1.396200663817358301e+00,-1.405184350937277671e+00,-1.409640292905679715e+00,-1.411570811482881549e+00,-1.412163634667147560e+00,-1.412096985794698112e+00,-1.411744514373662218e+00,-1.411305163382046590e+00,-1.410881437021843432e+00,-1.410524490840684209e+00,-1.410259041055169860e+00,-1.410096565732572138e+00,-1.410041959550229596e+00,-1.000000000000000000e+00,-1.000000000000000000e+00,-1.000000000000000000e+00,-1.000000000000000000e+00,-1.000000000000000000e+00,-1.000000000000000000e+00,-1.000000000000000000e+00,-1.000000000000000000e+00,-1.000000000000000000e+00,-1.000000000000000000e+00,-1.000000000000000000e+00,-1.000000000000000000e+00,-1.000000000000000000e+00,-1.000000000000000000e+00,-1.000000000000000000e+00,-1.000000000000000000e+00,-1.000000000000000000e+00,-1.000000000000000000e+00,-1.000000000000000000e+00,-1.000000000000000000e+00,-1.000000000000000000e+00,-1.000000000000000000e+00,-1.000000000000000000e+00,-1.000000000000000000e+00,-1.000000000000000000e+00,-1.000000000000000000e+00,-1.000000000000000000e+00,-1.000000000000000000e+00,-1.000000000000000000e+00,-1.000000000000000000e+00,-1.000000000000000000e+00,-1.000000000000000000e+00,-1.000000000000000000e+00,-1.000000000000000000e+00,-1.000000000000000000e+00,-1.000000000000000000e+00,-1.000000000000000000e+00,-1.000000000000000000e+00,-1.000000000000000000e+00,-1.000000000000000000e+00,-1.000000000000000000e+00,-1.000000000000000000e+00,-1.000000000000000000e+00,-1.000000000000000000e+00,-1.000000000000000000e+00,-1.000000000000000000e+00
-1.000000000000000000e+00,-1.000000000000000000e+00,-1.000000000000000000e+00,-1.000000000000000000e+00,-1.000000000000000000e+00,-1.000000000000000000e+00,-1.000000000000000000e+00,-1.000000000000000000e+00,-1.000000000000000000e+00,-1.000000000000000000e+00,-1.000000000000000000e+00,-1.000000000000000000e+00,-1.000000000000000000e+00,-1.000000000000000000e+00,-1.000000000000000000e+00,-1.000000000000000000e+00,-1.000000000000000000e+00,-1.000000000000000000e+00,-1.000000000000000000e+00,-1.000000000000000000e+00,-1.000000000000000000e+00,-1.000000000000000000e+00,-1.000000000000000000e+00,-1.000000000000000000e+00,-1.000000000000000000e+00,-1.000000000000000000e+00,-1.000000000000000000e+00,-1.000000000000000000e+00,-1.000000000000000000e+00,-1.000000000000000000e+00,-1.000000000000000000e+00,-1.000000000000000000e+00,-1.000000000000000000e+00,-1.000000000000000000e+00,-1.000000000000000000e+00,-1.000000000000000000e+00,-1.000000000000000000e+00,-1.000000000000000000e+00,-1.000000000000000000e+00,-1.000000000000000000e+00,-1.000000000000000000e+00,-1.000000000000000000e+00,-1.000000000000000000e+00,-1.000000000000000000e+00,-1.000000000000000000e+00,-1.000000000000000000e+00,-1.410022262643341406e+00,-1.410076868876614542e+00,-1.410239344247016913e+00,-1.410504794042094279e+00,-1.410861740081900795e+00,-1.411285465718848053e+00,-1.411724814698789299e+00,-1.412077281307050569e+00,-1.412143919547923065e+00,-1.411551074279372653e+00,-1.409620511914052354e+00,-1.405164486502300747e+00,-1.396180646115757318e+00,-1.379429205227568955e+00,-1.349900818347643305e+00,-1.300241137046642903e+00,-1.220301856203448665e+00,-1.097147945955274206e+00,-9.160556279941941549e-01,-6.632188895055017852e-01,-3.308549801052507178e-01,7.523359912496330182e-02,5.273474982049424220e-01,9.713766672733810115e-01,1.332464677487724014e+00,1.534617466762793203e+00,1.534617466854743206e+00,1.332464677756349580e+00,9.713766676894546315e-01,5.273474987035251527e-01,7.523359964241338460e-02,-3.308549796313966507e-01,-6.632188891179844337e-01,-9.160556276994931135e-01,-1.097147945745198250e+00,-1.220301856079958558e+00,-1.300241137022320803e+00,-1.349900818441795991e+00,-1.379429205432635808e+00,-1.396180646416303572e+00,-1.405164486899264764e+00,-1.409620512400840742e+00,-1.411551074800740491e+00,-1.412143920097479022e+00,-1.412077281879946078e+00,-1.411724815269486788e+00,-1.411285466280142842e+00,-1.410861740646928597e+00,-1.410504794651548099e+00,-1.410239344849411269e+00,-1.410076869486988738e+00,-1.410022263286611288e+00,-1.000000000000000000e+00,-1.000000000000000000e+00,-1.000000000000000000e+00,-1.000000000000000000e+00,-1.000000000000000000e+00,-1.000000000000000000e+00,-1.000000000000000000e+00,-1.000000000000000000e+00,-1.000000000000000000e+00,-1.000000000000000000e+00,-1.000000000000000000e+00,-1.000000000000000000e+00,-1.000000000000000000e+00,-1.000000000000000000e+00,-1.000000000000000000e+00,-1.000000000000000000e+00,-1.000000000000000000e+00,-1.000000000000000000e+00,-1.000000000000000000e+00,-1.000000000000000000e+00,-1.000000000000000000e+00,-1.000000000000000000e+00,-1.000000000000000000e+00,-1.000000000000000000e+00,-1.000000000000000000e+00,-1.000000000000000000e+00,-1.000000000000000000e+00,-1.000000000000000000e+00,-1.000000000000000000e+00,-1.000000000000000000e+00,-1.000000000000000000e+00,-1.000000000000000000e+00,-1.000000000000000000e+00,-1.000000000000000000e+00,-1.000000000000000000e+00,-1.000000000000000000e+00,-1.000000000000000000e+00,-1.000000000000000000e+00,-1.000000000000000000e+00,-1.000000000000000000e+00,-1.000000000000000000e+00,-1.000000000000000000e+00,-1.000000000000000000e+00,-1.000000000000000000e+00,-1.000000000000000000e+00,-1.000000000000000000e+00
-1.000000000000000000e+00,-1.000000000000000000e+00,-1.000000000000000000e+00,-1.000000000000000000e+00,-1.000000000000000000e+00,-1.000000000000000000e+00,-1.000000000000000000e+00,-1.000000000000000000e+00,-1.000000000000000000e+00,-1.000000000000000000e+00,-1.000000000000000000e+00,-1.000000000000000000e+00,-1.000000000000000000e+00,-1.000000000000000000e+00,-1.000000000000000000e+00,-1.000000000000000000e+00,-1.000000000000000000e+00,-1.000000000000000000e+00,-1.000000000000000000e+00,-1.000000000000000000e+00,-1.000000000000000000e+00,-1.000000000000000000e+00,-1.000000000000000000e+00,-1.000000000000000000e+00,-1.000000000000000000e+00,-1.000000000000000000e+00,-1.000000000000000000e+00,-1.000000000000000000e+00,-1.000000000000000000e+00,-1.000000000000000000e+00,-1.000000000000000000e+00,-1.000000000000000000e+00,-1.000000000000000000e+00,-1.000000000000000000e+00,-1.000000000000000000e+00,-1.000000000000000000e+00,-1.000000000000000000e+00,-1.000000000000000000e+00,-1.000000000000000000e+00,-1.000000000000000000e+00,-1.000000000000000000e+00,-1.000000000000000000e+00,-1.000000000000000000e+00,-1.000000000000000000e+00,-1.000000000000000000e+00,-1.000000000000000000e+00,-1.410015696218059444e+00,-1.410070302514953022e+00,-1.410232777962622031e+00,-1.410498227755642819e+00,-1.410855173719918865e+00,-1.411278899084226657e+00,-1.411718247358917377e+00,-1.412070712346048751e+00,-1.412137347053324277e+00,-1.411544494449595621e+00,-1.409613917513834913e+00,-1.405157864297783110e+00,-1.396173972815815567e+00,-1.379422441370845798e+00,-1.349893899711323009e+00,-1.300233963505142309e+00,-1.220294278942158694e+00,-1.097139755583055543e+00,-9.160465486200108920e-01,-6.632085868132099327e-01,-3.308430936690730517e-01,7.524739034630689716e-02,5.273633773371526612e-01,9.713945679267179667e-01,1.332484203526167477e+00,1.534637898401645106e+00,1.534637898484696006e+00,1.332484203778760978e+00,9.713945683423412802e-01,5.273633778597790478e-01,7.524739090810328435e-02,-3.308430931536860964e-01,-6.632085864121681773e-01,-9.160465483400490605e-01,-1.097139755396126626e+00,-1.220294278831070445e+00,-1.300233963471897569e+00,-1.349893899784539553e+00,-1.379422441548459055e+00,-1.396173973084505082e+00,-1.405157864672750279e+00,-1.409613918014346767e+00,-1.411544495016354928e+00,-1.412137347665828990e+00,-1.412070712996047250e+00,-1.411718247991998965e+00,-1.411278899658849006e+00,-1.410855174256651079e+00,-1.410498228324823078e+00,-1.410232778516961494e+00,-1.410070303137827441e+00,-1.410015696932903628e+00,-1.000000000000000000e+00,-1.000000000000000000e+00,-1.000000000000000000e+00,-1.000000000000000000e+00,-1.000000000000000000e+00,-1.000000000000000000e+00,-1.000000000000000000e+00,-1.000000000000000000e+00,-1.000000000000000000e+00,-1.000000000000000000e+00,-1.000000000000000000e+00,-1.000000000000000000e+00,-1.000000000000000000e+00,-1.000000000000000000e+00,-1.000000000000000000e+00,-1.000000000000000000e+00,-1.000000000000000000e+00,-1.000000000000000000e+00,-1.000000000000000000e+00,-1.000000000000000000e+00,-1.000000000000000000e+00,-1.000000000000000000e+00,-1.000000000000000000e+00,-1.000000000000000000e+00,-1.000000000000000000e+00,-1.000000000000000000e+00,-1.000000000000000000e+00,-1.000000000000000000e+00,-1.000000000000000000e+00,-1.000000000000000000e+00,-1.000000000000000000e+00,-1.000000000000000000e+00,-1.000000000000000000e+00,-1.000000000000000000e+00,-1.000000000000000000e+00,-1.000000000000000000e+00,-1.000000000000000000e+00,-1.000000000000000000e+00,-1.000000000000000000e+00,-1.000000000000000000e+00,-1.000000000000000000e+00,-1.000000000000000000e+00,-1.000000000000000000e+00,-1.000000000000000000e+00,-1.000000000000000000e+00,-1.000000000000000000e+00
