-1.000000000000000000e+00,-1.000000000000000000e+00,-1.000000000000000000e+00,-1.000000000000000000e+00,-1.000000000000000000e+00,-1.000000000000000000e+00,-1.000000000000000000e+00,-1.000000000000000000e+00,-1.000000000000000000e+00,-1.000000000000000000e+00,-1.000000000000000000e+00,-1.000000000000000000e+00,-1.000000000000000000e+00,-1.000000000000000000e+00,-1.000000000000000000e+00,-1.000000000000000000e+00,-1.000000000000000000e+00,-1.000000000000000000e+00,-1.000000000000000000e+00,-1.000000000000000000e+00,-1.000000000000000000e+00,-1.000000000000000000e+00,-1.000000000000000000e+00,-1.000000000000000000e+00,-1.000000000000000000e+00,-1.000000000000000000e+00,-1.000000000000000000e+00,-1.000000000000000000e+00,-1.000000000000000000e+00,-1.000000000000000000e+00,-1.000000000000000000e+00,-1.000000000000000000e+00,-1.000000000000000000e+00,-1.000000000000000000e+00,-1.000000000000000000e+00,-1.000000000000000000e+00,-1.000000000000000000e+00,-1.000000000000000000e+00,-1.000000000000000000e+00,-1.000000000000000000e+00,-1.000000000000000000e+00,-1.000000000000000000e+00,-1.000000000000000000e+00,-1.000000000000000000e+00,-1.000000000000000000e+00,-1.000000000000000000e+00,-1.430297703203410986e+00,-1.430373323053992562e+00,-1.430599816647381672e+00,-1.430975772996418760e+00,-1.431497565554498808e+00,-1.432156526302752253e+00,-1.432932698870835297e+00,-1.433781648898552863e+00,-1.434607753042634215e+00,-1.435212352598494556e+00,-1.435197536487751835e+00,-1.433795973512646427e+00,-1.429585413883535550e+00,-1.420037368378674669e+00,-1.400852228338111960e+00,-1.365064473576500070e+00,-1.301988150370257502e+00,-1.196250398579177698e+00,-1.027466945751449590e+00,-7.715624828655649470e-01,-4.052664329203029547e-01,8.432211235184694509e-02,6.835994526354005618e-01,1.330742142291216012e+00,1.897509527428280052e+00,2.208394875903709753e+00,2.208394875361654464e+00,1.897509525939911512e+00,1.330742140232227921e+00,6.835994504428986041e-01,8.432211040006731828e-02,-4.052664343849303741e-01,-7.715624837301054972e-01,-1.027466946015455740e+00,-1.196250398321521136e+00,-1.301988149748380286e+00,-1.365064472810199048e+00,-1.400852227677283235e+00,-1.420037368003125522e+00,-1.429585413862257237e+00,-1.433795973800255030e+00,-1.435197536985769684e+00,-1.435212353243298766e+00,-1.434607753776300232e+00,-1.433781649706888039e+00,-1.432932699718884484e+00,-1.432156527109677224e+00,-1.431497566290513390e+00,-1.430975773435384291e+00,-1.430599815484689508e+00,-1.430373320850168772e+00,-1.430297701333968163e+00,-1.000000000000000000e+00,-1.000000000000000000e+00,-1.000000000000000000e+00,-1.000000000000000000e+00,-1.000000000000000000e+00,-1.000000000000000000e+00,-1.000000000000000000e+00,-1.000000000000000000e+00,-1.000000000000000000e+00,-1.000000000000000000e+00,-1.000000000000000000e+00,-1.000000000000000000e+00,-1.000000000000000000e+00,-1.000000000000000000e+00,-1.000000000000000000e+00,-1.000000000000000000e+00,-1.000000000000000000e+00,-1.000000000000000000e+00,-1.000000000000000000e+00,-1.000000000000000000e+00,-1.000000000000000000e+00,-1.000000000000000000e+00,-1.000000000000000000e+00,-1.000000000000000000e+00,-1.000000000000000000e+00,-1.000000000000000000e+00,-1.000000000000000000e+00,-1.000000000000000000e+00,-1.000000000000000000e+00,-1.000000000000000000e+00,-1.000000000000000000e+00,-1.000000000000000000e+00,-1.000000000000000000e+00,-1.000000000000000000e+00,-1.000000000000000000e+00,-1.000000000000000000e+00,-1.000000000000000000e+00,-1.000000000000000000e+00,-1.000000000000000000e+00,-1.000000000000000000e+00,-1.000000000000000000e+00,-1.000000000000000000e+00,-1.000000000000000000e+00,-1.000000000000000000e+00,-1.000000000000000000e+00,-1.000000000000000000e+00
-1.000000000000000000e+00,-1.000000000000000000e+00,-1.000000000000000000e+00,-1.000000000000000000e+00,-1.000000000000000000e+00,-1.000000000000000000e+00,-1.000000000000000000e+00,-1.000000000000000000e+00,-1.000000000000000000e+00,-1.000000000000000000e+00,-1.000000000000000000e+00,-1.000000000000000000e+00,-1.000000000000000000e+00,-1.000000000000000000e+00,-1.000000000000000000e+00,-1.000000000000000000e+00,-1.000000000000000000e+00,-1.000000000000000000e+00,-1.000000000000000000e+00,-1.000000000000000000e+00,-1.000000000000000000e+00,-1.000000000000000000e+00,-1.000000000000000000e+00,-1.000000000000000000e+00,-1.000000000000000000e+00,-1.000000000000000000e+00,-1.000000000000000000e+00,-1.000000000000000000e+00,-1.000000000000000000e+00,-1.000000000000000000e+00,-1.000000000000000000e+00,-1.000000000000000000e+00,-1.000000000000000000e+00,-1.000000000000000000e+00,-1.000000000000000000e+00,-1.000000000000000000e+00,-1.000000000000000000e+00,-1.000000000000000000e+00,-1.000000000000000000e+00,-1.000000000000000000e+00,-1.000000000000000000e+00,-1.000000000000000000e+00,-1.000000000000000000e+00,-1.000000000000000000e+00,-1.000000000000000000e+00,-1.000000000000000000e+00,-1.430307403022228030e+00,-1.430383022812515836e+00,-1.430609516329568898e+00,-1.430985472629205724e+00,-1.431507265217611957e+00,-1.432166225972502760e+00,-1.432942398637645720e+00,-1.433791349050286712e+00,-1.434617454361684086e+00,-1.435222056874663643e+00,-1.435207247557710897e+00,-1.433805699251388788e+00,-1.429595169728309578e+00,-1.420047183207161057e+00,-1.400862153814565580e+00,-1.365074598145700646e+00,-1.301998618538104502e+00,-1.196261434623498099e+00,-1.027478877839955285e+00,-7.715757582028484052e-01,-4.052816069869810134e-01,8.430443734843384718e-02,6.835787681746841038e-01,1.330718268131332316e+00,1.897482904076178478e+00,2.208366735374675205e+00,2.208366734864385172e+00,1.897482902676544736e+00,1.330718266184810705e+00,6.835787660733412263e-01,8.430443544211052576e-02,-4.052816084593703350e-01,-7.715757591287661921e-01,-1.027478878212225499e+00,-1.196261434497041920e+00,-1.301998618028756161e+00,-1.365074597437646586e+00,-1.400862153161771984e+00,-1.420047182826657206e+00,-1.429595169727783555e+00,-1.433805699601371941e+00,-1.435207248157248872e+00,-1.435222057659415018e+00,-1.434617455253666352e+00,-1.433791349971395013e+00,-1.432942399513696285e+00,-1.432166226634521644e+00,-1.431507265660294959e+00,-1.430985473246322748e+00,-1.430609515983485958e+00,-1.430383021348573314e+00,-1.430307401580965365e+00,-1.000000000000000000e+00,-1.000000000000000000e+00,-1.000000000000000000e+00,-1.000000000000000000e+00,-1.000000000000000000e+00,-1.000000000000000000e+00,-1.000000000000000000e+00,-1.000000000000000000e+00,-1.000000000000000000e+00,-1.000000000000000000e+00,-1.000000000000000000e+00,-1.000000000000000000e+00,-1.000000000000000000e+00,-1.000000000000000000e+00,-1.000000000000000000e+00,-1.000000000000000000e+00,-1.000000000000000000e+00,-1.000000000000000000e+00,-1.000000000000000000e+00,-1.000000000000000000e+00,-1.000000000000000000e+00,-1.000000000000000000e+00,-1.000000000000000000e+00,-1.000000000000000000e+00,-1.000000000000000000e+00,-1.000000000000000000e+00,-1.000000000000000000e+00,-1.000000000000000000e+00,-1.000000000000000000e+00,-1.000000000000000000e+00,-1.000000000000000000e+00,-1.000000000000000000e+00,-1.000000000000000000e+00,-1.000000000000000000e+00,-1.000000000000000000e+00,-1.000000000000000000e+00,-1.000000000000000000e+00,-1.000000000000000000e+00,-1.000000000000000000e+00,-1.000000000000000000e+00,-1.000000000000000000e+00,-1.000000000000000000e+00,-1.000000000000000000e+00,-1.000000000000000000e+00,-1.000000000000000000e+00,-1.000000000000000000e+00
-1.000000000000000000e+00,-1.000000000000000000e+00,-1.000000000000000000e+00,-1.000000000000000000e+00,-1.000000000000000000e+00,-1.000000000000000000e+00,-1.000000000000000000e+00,-1.000000000000000000e+00,-1.000000000000000000e+00,-1.000000000000000000e+00,-1.000000000000000000e+00,-1.000000000000000000e+00,-1.000000000000000000e+00,-1.000000000000000000e+00,-1.000000000000000000e+00,-1.000000000000000000e+00,-1.000000000000000000e+00,-1.000000000000000000e+00,-1.000000000000000000e+00,-1.000000000000000000e+00,-1.000000000000000000e+00,-1.000000000000000000e+00,-1.000000000000000000e+00,-1.000000000000000000e+00,-1.000000000000000000e+00,-1.000000000000000000e+00,-1.000000000000000000e+00,-1.000000000000000000e+00,-1.000000000000000000e+00,-1.000000000000000000e+00,-1.000000000000000000e+00,-1.000000000000000000e+00,-1.000000000000000000e+00,-1.000000000000000000e+00,-1.000000000000000000e+00,-1.000000000000000000e+00,-1.000000000000000000e+00,-1.000000000000000000e+00,-1.000000000000000000e+00,-1.000000000000000000e+00,-1.000000000000000000e+00,-1.000000000000000000e+00,-1.000000000000000000e+00,-1.000000000000000000e+00,-1.000000000000000000e+00,-1.000000000000000000e+00,-1.430336498768332465e+00,-1.430412118421519052e+00,-1.430638611974125673e+00,-1.431014568288208721e+00,-1.431536360891133342e+00,-1.432195321660428178e+00,-1.432971494639399435e+00,-1.433820446264566284e+00,-1.434646555141932511e+00,-1.435251166577766524e+00,-1.435236377736930136e+00,-1.433834873568858859e+00,-1.429624434434267233e+00,-1.420076624839155643e+00,-1.400891927326202602e+00,-1.365104968899146343e+00,-1.302030020116848430e+00,-1.196294539920730537e+00,-1.027514671399466284e+00,-7.716155816629827191e-01,-4.053271267977713865e-01,8.425141459300999891e-02,6.835167169948657140e-01,1.330646647902552271e+00,1.897403036348343619e+00,2.208282316141982449e+00,2.208282315768389736e+00,1.897403035317358100e+00,1.330646646448272019e+00,6.835167153816541497e-01,8.425141306232730720e-02,-4.053271280725998515e-01,-7.716155825956478864e-01,-1.027514671986453854e+00,-1.196294540196385592e+00,-1.302030020131705434e+00,-1.365104968715225464e+00,-1.400891927067527964e+00,-1.420076624638975549e+00,-1.429624434379126452e+00,-1.433834873667354959e+00,-1.435236377958824860e+00,-1.435251166917338672e+00,-1.434646555543952928e+00,-1.433820446593332854e+00,-1.432971494836219772e+00,-1.432195321434503121e+00,-1.431536359912855660e+00,-1.431014567866058629e+00,-1.430638611490242740e+00,-1.430412116819917312e+00,-1.430336497400130247e+00,-1.000000000000000000e+00,-1.000000000000000000e+00,-1.000000000000000000e+00,-1.000000000000000000e+00,-1.000000000000000000e+00,-1.000000000000000000e+00,-1.000000000000000000e+00,-1.000000000000000000e+00,-1.000000000000000000e+00,-1.000000000000000000e+00,-1.000000000000000000e+00,-1.000000000000000000e+00,-1.000000000000000000e+00,-1.000000000000000000e+00,-1.000000000000000000e+00,-1.000000000000000000e+00,-1.000000000000000000e+00,-1.000000000000000000e+00,-1.000000000000000000e+00,-1.000000000000000000e+00,-1.000000000000000000e+00,-1.000000000000000000e+00,-1.000000000000000000e+00,-1.000000000000000000e+00,-1.000000000000000000e+00,-1.000000000000000000e+00,-1.000000000000000000e+00,-1.000000000000000000e+00,-1.000000000000000000e+00,-1.000000000000000000e+00,-1.000000000000000000e+00,-1.000000000000000000e+00,-1.000000000000000000e+00,-1.000000000000000000e+00,-1.000000000000000000e+00,-1.000000000000000000e+00,-1.000000000000000000e+00,-1.000000000000000000e+00,-1.000000000000000000e+00,-1.000000000000000000e+00,-1.000000000000000000e+00,-1.000000000000000000e+00,-1.000000000000000000e+00,-1.000000000000000000e+00,-1.000000000000000000e+00,-1.000000000000000000e+00
-1.000000000000000000e+00,-1.000000000000000000e+00,-1.000000000000000000e+00,-1.000000000000000000e+00,-1.000000000000000000e+00,-1.000000000000000000e+00,-1.000000000000000000e+00,-1.000000000000000000e+00,-1.000000000000000000e+00,-1.000000000000000000e+00,-1.000000000000000000e+00,-1.000000000000000000e+00,-1.000000000000000000e+00,-1.000000000000000000e+00,-1.000000000000000000e+00,-1.000000000000000000e+00,-1.000000000000000000e+00,-1.000000000000000000e+00,-1.000000000000000000e+00,-1.000000000000000000e+00,-1.000000000000000000e+00,-1.000000000000000000e+00,-1.000000000000000000e+00,-1.000000000000000000e+00,-1.000000000000000000e+00,-1.000000000000000000e+00,-1.000000000000000000e+00,-1.000000000000000000e+00,-1.000000000000000000e+00,-1.000000000000000000e+00,-1.000000000000000000e+00,-1.000000000000000000e+00,-1.000000000000000000e+00,-1.000000000000000000e+00,-1.000000000000000000e+00,-1.000000000000000000e+00,-1.000000000000000000e+00,-1.000000000000000000e+00,-1.000000000000000000e+00,-1.000000000000000000e+00,-1.000000000000000000e+00,-1.000000000000000000e+00,-1.000000000000000000e+00,-1.000000000000000000e+00,-1.000000000000000000e+00,-1.000000000000000000e+00,-1.430384980292997099e+00,-1.430460599867135585e+00,-1.430687093444378721e+00,-1.431063049697789857e+00,-1.431584842331851348e+00,-1.432243803266191273e+00,-1.433019976964634346e+00,-1.433868930827965960e+00,-1.434695045787264700e+00,-1.435299672213613320e+00,-1.435284917666032056e+00,-1.433883487321717887e+00,-1.429673199177091014e+00,-1.420125684813617450e+00,-1.400941540758425363e+00,-1.365155578038450335e+00,-1.302082347615574953e+00,-1.196349707304745991e+00,-1.027574319622417409e+00,-7.716819468257277714e-01,-4.054029863232737618e-01,8.416304978567135109e-02,6.834133046191002148e-01,1.330527287147739823e+00,1.897269929932923649e+00,2.208141623945568899e+00,2.208141623767744477e+00,1.897269929431264046e+00,1.330527286422441779e+00,6.834133037977914160e-01,8.416304898404991519e-02,-4.054029870158437632e-01,-7.716819473384062267e-01,-1.027574319939324132e+00,-1.196349707473148838e+00,-1.302082347726740696e+00,-1.365155578177291940e+00,-1.400941541040310989e+00,-1.420125685342484179e+00,-1.429673199988545029e+00,-1.433883488372082571e+00,-1.435284918857869352e+00,-1.435299673444938806e+00,-1.434695046945466901e+00,-1.433868931636680610e+00,-1.433019977482604679e+00,-1.432243803631088053e+00,-1.431584841813337228e+00,-1.431063049181388491e+00,-1.430687092732894961e+00,-1.430460597836715086e+00,-1.430384978248214090e+00,-1.000000000000000000e+00,-1.000000000000000000e+00,-1.000000000000000000e+00,-1.000000000000000000e+00,-1.000000000000000000e+00,-1.000000000000000000e+00,-1.000000000000000000e+00,-1.000000000000000000e+00,-1.000000000000000000e+00,-1.000000000000000000e+00,-1.000000000000000000e+00,-1.000000000000000000e+00,-1.000000000000000000e+00,-1.000000000000000000e+00,-1.000000000000000000e+00,-1.000000000000000000e+00,-1.000000000000000000e+00,-1.000000000000000000e+00,-1.000000000000000000e+00,-1.000000000000000000e+00,-1.000000000000000000e+00,-1.000000000000000000e+00,-1.000000000000000000e+00,-1.000000000000000000e+00,-1.000000000000000000e+00,-1.000000000000000000e+00,-1.000000000000000000e+00,-1.000000000000000000e+00,-1.000000000000000000e+00,-1.000000000000000000e+00,-1.000000000000000000e+00,-1.000000000000000000e+00,-1.000000000000000000e+00,-1.000000000000000000e+00,-1.000000000000000000e+00,-1.000000000000000000e+00,-1.000000000000000000e+00,-1.000000000000000000e+00,-1.000000000000000000e+00,-1.000000000000000000e+00,-1.000000000000000000e+00,-1.000000000000000000e+00,-1.000000000000000000e+00,-1.000000000000000000e+00,-1.000000000000000000e+00,-1.000000000000000000e+00
-1.000000000000000000e+00,-1.000000000000000000e+00,-1.000000000000000000e+00,-1.000000000000000000e+00,-1.000000000000000000e+00,-1.000000000000000000e+00,-1.000000000000000000e+00,-1.000000000000000000e+00,-1.000000000000000000e+00,-1.000000000000000000e+00,-1.000000000000000000e+00,-1.000000000000000000e+00,-1.000000000000000000e+00,-1.000000000000000000e+00,-1.000000000000000000e+00,-1.000000000000000000e+00,-1.000000000000000000e+00,-1.000000000000000000e+00,-1.000000000000000000e+00,-1.000000000000000000e+00,-1.000000000000000000e+00,-1.000000000000000000e+00,-1.000000000000000000e+00,-1.000000000000000000e+00,-1.000000000000000000e+00,-1.000000000000000000e+00,-1.000000000000000000e+00,-1.000000000000000000e+00,-1.000000000000000000e+00,-1.000000000000000000e+00,-1.000000000000000000e+00,-1.000000000000000000e+00,-1.000000000000000000e+00,-1.000000000000000000e+00,-1.000000000000000000e+00,-1.000000000000000000e+00,-1.000000000000000000e+00,-1.000000000000000000e+00,-1.000000000000000000e+00,-1.000000000000000000e+00,-1.000000000000000000e+00,-1.000000000000000000e+00,-1.000000000000000000e+00,-1.000000000000000000e+00,-1.000000000000000000e+00,-1.000000000000000000e+00,-1.430452830259361097e+00,-1.430528449917748191e+00,-1.430754943634336307e+00,-1.431130899982051119e+00,-1.431652692824571638e+00,-1.432311654184419414e+00,-1.433087829116398870e+00,-1.433936786381758033e+00,-1.434762910154619542e+00,-1.435367557880608436e+00,-1.435352851616129355e+00,-1.433951524880530792e+00,-1.429741448431151252e+00,-1.420194347792502532e+00,-1.401010979084956531e+00,-1.365226410970628468e+00,-1.302155586987436386e+00,-1.196426923385290220e+00,-1.027657809871067141e+00,-7.717748418482341943e-01,-4.055091744564676137e-01,8.403935347900914898e-02,6.832685413326609059e-01,1.330360196246483717e+00,1.897083595546179335e+00,2.207944669627990297e+00,2.207944669643485902e+00,1.897083595568370029e+00,1.330360196232486025e+00,6.832685412624250887e-01,8.403935335444079335e-02,-4.055091746300381050e-01,-7.717748420364153317e-01,-1.027657810032125862e+00,-1.196426923501543227e+00,-1.302155587085412902e+00,-1.365226411088803493e+00,-1.401010979316935856e+00,-1.420194348239454563e+00,-1.429741449111606499e+00,-1.433951525737527710e+00,-1.435352852535441537e+00,-1.435367558741998728e+00,-1.434762910972494199e+00,-1.433936786766047078e+00,-1.433087828983213186e+00,-1.432311654528667599e+00,-1.431652693005625476e+00,-1.431130899990525895e+00,-1.430754943873769669e+00,-1.430528449513521760e+00,-1.430452829853981811e+00,-1.000000000000000000e+00,-1.000000000000000000e+00,-1.000000000000000000e+00,-1.000000000000000000e+00,-1.000000000000000000e+00,-1.000000000000000000e+00,-1.000000000000000000e+00,-1.000000000000000000e+00,-1.000000000000000000e+00,-1.000000000000000000e+00,-1.000000000000000000e+00,-1.000000000000000000e+00,-1.000000000000000000e+00,-1.000000000000000000e+00,-1.000000000000000000e+00,-1.000000000000000000e+00,-1.000000000000000000e+00,-1.000000000000000000e+00,-1.000000000000000000e+00,-1.000000000000000000e+00,-1.000000000000000000e+00,-1.000000000000000000e+00,-1.000000000000000000e+00,-1.000000000000000000e+00,-1.000000000000000000e+00,-1.000000000000000000e+00,-1.000000000000000000e+00,-1.000000000000000000e+00,-1.000000000000000000e+00,-1.000000000000000000e+00,-1.000000000000000000e+00,-1.000000000000000000e+00,-1.000000000000000000e+00,-1.000000000000000000e+00,-1.000000000000000000e+00,-1.000000000000000000e+00,-1.000000000000000000e+00,-1.000000000000000000e+00,-1.000000000000000000e+00,-1.000000000000000000e+00,-1.000000000000000000e+00,-1.000000000000000000e+00,-1.000000000000000000e+00,-1.000000000000000000e+00,-1.000000000000000000e+00,-1.000000000000000000e+00
-1.000000000000000000e+00,-1.000000000000000000e+00,-1.000000000000000000e+00,-1.000000000000000000e+00,-1.000000000000000000e+00,-1.000000000000000000e+00,-1.000000000000000000e+00,-1.000000000000000000e+00,-1.000000000000000000e+00,-1.000000000000000000e+00,-1.000000000000000000e+00,-1.000000000000000000e+00,-1.000000000000000000e+00,-1.000000000000000000e+00,-1.000000000000000000e+00,-1.000000000000000000e+00,-1.000000000000000000e+00,-1.000000000000000000e+00,-1.000000000000000000e+00,-1.000000000000000000e+00,-1.000000000000000000e+00,-1.000000000000000000e+00,-1.000000000000000000e+00,-1.000000000000000000e+00,-1.000000000000000000e+00,-1.000000000000000000e+00,-1.000000000000000000e+00,-1.000000000000000000e+00,-1.000000000000000000e+00,-1.000000000000000000e+00,-1.000000000000000000e+00,-1.000000000000000000e+00,-1.000000000000000000e+00,-1.000000000000000000e+00,-1.000000000000000000e+00,-1.000000000000000000e+00,-1.000000000000000000e+00,-1.000000000000000000e+00,-1.000000000000000000e+00,-1.000000000000000000e+00,-1.000000000000000000e+00,-1.000000000000000000e+00,-1.000000000000000000e+00,-1.000000000000000000e+00,-1.000000000000000000e+00,-1.000000000000000000e+00,-1.430540024193461157e+00,-1.430615643949390892e+00,-1.430842137923846957e+00,-1.431218094640508642e+00,-1.431739888087987911e+00,-1.432398850396629619e+00,-1.433175027300068072e+00,-1.434023989367970930e+00,-1.434850124989860198e+00,-1.435454800733104275e+00,-1.435440157273430328e+00,-1.434038964515222059e+00,-1.429829161026269890e+00,-1.420282593127574877e+00,-1.401100222166230536e+00,-1.365317448092581376e+00,-1.302249719239275239e+00,-1.196526169900090864e+00,-1.027765124770180449e+00,-7.718942503784739229e-01,-4.056456758974057442e-01,8.388034007483602394e-02,6.830824410341109765e-01,1.330145389138882361e+00,1.896844047513379206e+00,2.207691467689608000e+00,2.207691467944028929e+00,1.896844048185601928e+00,1.330145390019174201e+00,6.830824419298135997e-01,8.388034086080220497e-02,-4.056456753018178318e-01,-7.718942500185410616e-01,-1.027765124655636964e+00,-1.196526170004981404e+00,-1.302249719545626405e+00,-1.365317448572726411e+00,-1.401100222826676234e+00,-1.420282593996178733e+00,-1.429829162038552814e+00,-1.434038965547652422e+00,-1.435440158176447767e+00,-1.435454801279276493e+00,-1.434850125371232687e+00,-1.434023989486813644e+00,-1.433175026737377955e+00,-1.432398850048443251e+00,-1.431739887797230271e+00,-1.431218094195093160e+00,-1.430842137749682719e+00,-1.430615643523093894e+00,-1.430540024065485749e+00,-1.000000000000000000e+00,-1.000000000000000000e+00,-1.000000000000000000e+00,-1.000000000000000000e+00,-1.000000000000000000e+00,-1.000000000000000000e+00,-1.000000000000000000e+00,-1.000000000000000000e+00,-1.000000000000000000e+00,-1.000000000000000000e+00,-1.000000000000000000e+00,-1.000000000000000000e+00,-1.000000000000000000e+00,-1.000000000000000000e+00,-1.000000000000000000e+00,-1.000000000000000000e+00,-1.000000000000000000e+00,-1.000000000000000000e+00,-1.000000000000000000e+00,-1.000000000000000000e+00,-1.000000000000000000e+00,-1.000000000000000000e+00,-1.000000000000000000e+00,-1.000000000000000000e+00,-1.000000000000000000e+00,-1.000000000000000000e+00,-1.000000000000000000e+00,-1.000000000000000000e+00,-1.000000000000000000e+00,-1.000000000000000000e+00,-1.000000000000000000e+00,-1.000000000000000000e+00,-1.000000000000000000e+00,-1.000000000000000000e+00,-1.000000000000000000e+00,-1.000000000000000000e+00,-1.000000000000000000e+00,-1.000000000000000000e+00,-1.000000000000000000e+00,-1.000000000000000000e+00,-1.000000000000000000e+00,-1.000000000000000000e+00,-1.000000000000000000e+00,-1.000000000000000000e+00,-1.000000000000000000e+00,-1.000000000000000000e+00
-1.000000000000000000e+00,-1.000000000000000000e+00,-1.000000000000000000e+00,-1.000000000000000000e+00,-1.000000000000000000e+00,-1.000000000000000000e+00,-1.000000000000000000e+00,-1.000000000000000000e+00,-1.000000000000000000e+00,-1.000000000000000000e+00,-1.000000000000000000e+00,-1.000000000000000000e+00,-1.000000000000000000e+00,-1.000000000000000000e+00,-1.000000000000000000e+00,-1.000000000000000000e+00,-1.000000000000000000e+00,-1.000000000000000000e+00,-1.000000000000000000e+00,-1.000000000000000000e+00,-1.000000000000000000e+00,-1.000000000000000000e+00,-1.000000000000000000e+00,-1.000000000000000000e+00,-1.000000000000000000e+00,-1.000000000000000000e+00,-1.000000000000000000e+00,-1.000000000000000000e+00,-1.000000000000000000e+00,-1.000000000000000000e+00,-1.000000000000000000e+00,-1.000000000000000000e+00,-1.000000000000000000e+00,-1.000000000000000000e+00,-1.000000000000000000e+00,-1.000000000000000000e+00,-1.000000000000000000e+00,-1.000000000000000000e+00,-1.000000000000000000e+00,-1.000000000000000000e+00,-1.000000000000000000e+00,-1.000000000000000000e+00,-1.000000000000000000e+00,-1.000000000000000000e+00,-1.000000000000000000e+00,-1.000000000000000000e+00,-1.430646530970848485e+00,-1.430722150889493616e+00,-1.430948645368153027e+00,-1.431324602860670536e+00,-1.431846397483315547e+00,-1.432505361501229757e+00,-1.433281541444531904e+00,-1.434130510083925447e+00,-1.434956660918962790e+00,-1.435561371686905119e+00,-1.435546805869715170e+00,-1.434145777857531723e+00,-1.429936309104036019e+00,-1.420390393577266153e+00,-1.401209243481302380e+00,-1.365428663717155322e+00,-1.302364719645005442e+00,-1.196647423221036455e+00,-1.027896241918957676e+00,-7.720401513434758112e-01,-4.058124709187210799e-01,8.368602815647530058e-02,6.828550216556277253e-01,1.329882883724446963e+00,1.896551304083602840e+00,2.207382036433705341e+00,2.207382036841477380e+00,1.896551305159499989e+00,1.329882885129234804e+00,6.828550230817758138e-01,8.368602941047575960e-02,-4.058124699425044168e-01,-7.720401506932930147e-01,-1.027896241602124672e+00,-1.196647423202940042e+00,-1.302364719906067725e+00,-1.365428664233938827e+00,-1.401209244246799157e+00,-1.420390394614623020e+00,-1.429936310297436064e+00,-1.434145779005574051e+00,-1.435546806831904387e+00,-1.435561372041141759e+00,-1.434956660818397900e+00,-1.434130510199724373e+00,-1.433281541278551119e+00,-1.432505361216704243e+00,-1.431846397623375067e+00,-1.431324603288447017e+00,-1.430948645695639065e+00,-1.430722150486738009e+00,-1.430646530529219529e+00,-1.000000000000000000e+00,-1.000000000000000000e+00,-1.000000000000000000e+00,-1.000000000000000000e+00,-1.000000000000000000e+00,-1.000000000000000000e+00,-1.000000000000000000e+00,-1.000000000000000000e+00,-1.000000000000000000e+00,-1.000000000000000000e+00,-1.000000000000000000e+00,-1.000000000000000000e+00,-1.000000000000000000e+00,-1.000000000000000000e+00,-1.000000000000000000e+00,-1.000000000000000000e+00,-1.000000000000000000e+00,-1.000000000000000000e+00,-1.000000000000000000e+00,-1.000000000000000000e+00,-1.000000000000000000e+00,-1.000000000000000000e+00,-1.000000000000000000e+00,-1.000000000000000000e+00,-1.000000000000000000e+00,-1.000000000000000000e+00,-1.000000000000000000e+00,-1.000000000000000000e+00,-1.000000000000000000e+00,-1.000000000000000000e+00,-1.000000000000000000e+00,-1.000000000000000000e+00,-1.000000000000000000e+00,-1.000000000000000000e+00,-1.000000000000000000e+00,-1.000000000000000000e+00,-1.000000000000000000e+00,-1.000000000000000000e+00,-1.000000000000000000e+00,-1.000000000000000000e+00,-1.000000000000000000e+00,-1.000000000000000000e+00,-1.000000000000000000e+00,-1.000000000000000000e+00,-1.000000000000000000e+00,-1.000000000000000000e+00
-1.000000000000000000e+00,-1.000000000000000000e+00,-1.000000000000000000e+00,-1.000000000000000000e+00,-1.000000000000000000e+00,-1.000000000000000000e+00,-1.000000000000000000e+00,-1.000000000000000000e+00,-1.000000000000000000e+00,-1.000000000000000000e+00,-1.000000000000000000e+00,-1.000000000000000000e+00,-1.000000000000000000e+00,-1.000000000000000000e+00,-1.000000000000000000e+00,-1.000000000000000000e+00,-1.000000000000000000e+00,-1.000000000000000000e+00,-1.000000000000000000e+00,-1.000000000000000000e+00,-1.000000000000000000e+00,-1.000000000000000000e+00,-1.000000000000000000e+00,-1.000000000000000000e+00,-1.000000000000000000e+00,-1.000000000000000000e+00,-1.000000000000000000e+00,-1.000000000000000000e+00,-1.000000000000000000e+00,-1.000000000000000000e+00,-1.000000000000000000e+00,-1.000000000000000000e+00,-1.000000000000000000e+00,-1.000000000000000000e+00,-1.000000000000000000e+00,-1.000000000000000000e+00,-1.000000000000000000e+00,-1.000000000000000000e+00,-1.000000000000000000e+00,-1.000000000000000000e+00,-1.000000000000000000e+00,-1.000000000000000000e+00,-1.000000000000000000e+00,-1.000000000000000000e+00,-1.000000000000000000e+00,-1.000000000000000000e+00,-1.430772311976353350e+00,-1.430847932167283343e+00,-1.431074427540511174e+00,-1.431450386437971511e+00,-1.431972183030999712e+00,-1.432631149810568605e+00,-1.433407334265582866e+00,-1.434256311772778236e+00,-1.435082481842177682e+00,-1.435687235361669645e+00,-1.435672762737430386e+00,-1.434271930929610583e+00,-1.430062859364971573e+00,-1.420517716537230468e+00,-1.401338011179762866e+00,-1.365560026861328158e+00,-1.302500558266831865e+00,-1.196790654685412347e+00,-1.028051134173583625e+00,-7.722125193143343225e-01,-4.060095358187323367e-01,8.345643999896612542e-02,6.825863046686355684e-01,1.329572701491357645e+00,1.896205387325887060e+00,2.207016398192844786e+00,2.207016398708795624e+00,1.896205388693143590e+00,1.329572703292612346e+00,6.825863065236816851e-01,8.345644165920940161e-02,-4.060095345149336010e-01,-7.722125184785113561e-01,-1.028051133851241694e+00,-1.196790654829845035e+00,-1.302500558803823205e+00,-1.365560027699335821e+00,-1.401338012225258778e+00,-1.420517717763095877e+00,-1.430062860595419760e+00,-1.434271931834341984e+00,-1.435672763322423773e+00,-1.435687235412516305e+00,-1.435082481309672975e+00,-1.434256311433584896e+00,-1.433407333938330641e+00,-1.432631149342016963e+00,-1.431972183137991017e+00,-1.431450387274343816e+00,-1.431074428507652652e+00,-1.430847932429944791e+00,-1.430772311993090185e+00,-1.000000000000000000e+00,-1.000000000000000000e+00,-1.000000000000000000e+00,-1.000000000000000000e+00,-1.000000000000000000e+00,-1.000000000000000000e+00,-1.000000000000000000e+00,-1.000000000000000000e+00,-1.000000000000000000e+00,-1.000000000000000000e+00,-1.000000000000000000e+00,-1.000000000000000000e+00,-1.000000000000000000e+00,-1.000000000000000000e+00,-1.000000000000000000e+00,-1.000000000000000000e+00,-1.000000000000000000e+00,-1.000000000000000000e+00,-1.000000000000000000e+00,-1.000000000000000000e+00,-1.000000000000000000e+00,-1.000000000000000000e+00,-1.000000000000000000e+00,-1.000000000000000000e+00,-1.000000000000000000e+00,-1.000000000000000000e+00,-1.000000000000000000e+00,-1.000000000000000000e+00,-1.000000000000000000e+00,-1.000000000000000000e+00,-1.000000000000000000e+00,-1.000000000000000000e+00,-1.000000000000000000e+00,-1.000000000000000000e+00,-1.000000000000000000e+00,-1.000000000000000000e+00,-1.000000000000000000e+00,-1.000000000000000000e+00,-1.000000000000000000e+00,-1.000000000000000000e+00,-1.000000000000000000e+00,-1.000000000000000000e+00,-1.000000000000000000e+00,-1.000000000000000000e+00,-1.000000000000000000e+00,-1.000000000000000000e+00
-1.000000000000000000e+00,-1.000000000000000000e+00,-1.000000000000000000e+00,-1.000000000000000000e+00,-1.000000000000000000e+00,-1.000000000000000000e+00,-1.000000000000000000e+00,-1.000000000000000000e+00,-1.000000000000000000e+00,-1.000000000000000000e+00,-1.000000000000000000e+00,-1.000000000000000000e+00,-1.000000000000000000e+00,-1.000000000000000000e+00,-1.000000000000000000e+00,-1.000000000000000000e+00,-1.000000000000000000e+00,-1.000000000000000000e+00,-1.000000000000000000e+00,-1.000000000000000000e+00,-1.000000000000000000e+00,-1.000000000000000000e+00,-1.000000000000000000e+00,-1.000000000000000000e+00,-1.000000000000000000e+00,-1.000000000000000000e+00,-1.000000000000000000e+00,-1.000000000000000000e+00,-1.000000000000000000e+00,-1.000000000000000000e+00,-1.000000000000000000e+00,-1.000000000000000000e+00,-1.000000000000000000e+00,-1.000000000000000000e+00,-1.000000000000000000e+00,-1.000000000000000000e+00,-1.000000000000000000e+00,-1.000000000000000000e+00,-1.000000000000000000e+00,-1.000000000000000000e+00,-1.000000000000000000e+00,-1.000000000000000000e+00,-1.000000000000000000e+00,-1.000000000000000000e+00,-1.000000000000000000e+00,-1.000000000000000000e+00,-1.430917321574911139e+00,-1.430992942196536166e+00,-1.431219438989402182e+00,-1.431595400147688935e+00,-1.432117199847388722e+00,-1.432776170850284192e+00,-1.433552361706994738e+00,-1.434401350809802134e+00,-1.435227544631611174e+00,-1.435832349231351612e+00,-1.435817986067528196e+00,-1.434417382739377356e+00,-1.430208771719703620e+00,-1.420664522903452687e+00,-1.401486487237419309e+00,-1.365711500699463343e+00,-1.302657199629696505e+00,-1.196955830379540453e+00,-1.028229769456135312e+00,-7.724113242846666338e-01,-4.062368427089541045e-01,8.319160163210193026e-02,6.822763149202515365e-01,1.329214867074679507e+00,1.895806322351571538e+00,2.206594578241649174e+00,2.206594578785853855e+00,1.895806323804128279e+00,1.329214869013278566e+00,6.822763169558390128e-01,8.319160352103471823e-02,-4.062368411138335134e-01,-7.724113231208385999e-01,-1.028229768827296775e+00,-1.196955830270070464e+00,-1.302657199976586133e+00,-1.365711501435984854e+00,-1.401486488236302064e+00,-1.420664524106728832e+00,-1.430208772973729392e+00,-1.434417383521410905e+00,-1.435817986390357959e+00,-1.435832349478658898e+00,-1.435227544520353504e+00,-1.434401350578623280e+00,-1.433552361788168916e+00,-1.432776171015303301e+00,-1.432117200210488939e+00,-1.431595400929203343e+00,-1.431219439844448882e+00,-1.430992942477987917e+00,-1.430917321539015630e+00,-1.000000000000000000e+00,-1.000000000000000000e+00,-1.000000000000000000e+00,-1.000000000000000000e+00,-1.000000000000000000e+00,-1.000000000000000000e+00,-1.000000000000000000e+00,-1.000000000000000000e+00,-1.000000000000000000e+00,-1.000000000000000000e+00,-1.000000000000000000e+00,-1.000000000000000000e+00,-1.000000000000000000e+00,-1.000000000000000000e+00,-1.000000000000000000e+00,-1.000000000000000000e+00,-1.000000000000000000e+00,-1.000000000000000000e+00,-1.000000000000000000e+00,-1.000000000000000000e+00,-1.000000000000000000e+00,-1.000000000000000000e+00,-1.000000000000000000e+00,-1.000000000000000000e+00,-1.000000000000000000e+00,-1.000000000000000000e+00,-1.000000000000000000e+00,-1.000000000000000000e+00,-1.000000000000000000e+00,-1.000000000000000000e+00,-1.000000000000000000e+00,-1.000000000000000000e+00,-1.000000000000000000e+00,-1.000000000000000000e+00,-1.000000000000000000e+00,-1.000000000000000000e+00,-1.000000000000000000e+00,-1.000000000000000000e+00,-1.000000000000000000e+00,-1.000000000000000000e+00,-1.000000000000000000e+00,-1.000000000000000000e+00,-1.000000000000000000e+00,-1.000000000000000000e+00,-1.000000000000000000e+00,-1.000000000000000000e+00
-1.000000000000000000e+00,-1.000000000000000000e+00,-1.000000000000000000e+00,-1.000000000000000000e+00,-1.000000000000000000e+00,-1.000000000000000000e+00,-1.000000000000000000e+00,-1.000000000000000000e+00,-1.000000000000000000e+00,-1.000000000000000000e+00,-1.000000000000000000e+00,-1.000000000000000000e+00,-1.000000000000000000e+00,-1.000000000000000000e+00,-1.000000000000000000e+00,-1.000000000000000000e+00,-1.000000000000000000e+00,-1.000000000000000000e+00,-1.000000000000000000e+00,-1.000000000000000000e+00,-1.000000000000000000e+00,-1.000000000000000000e+00,-1.000000000000000000e+00,-1.000000000000000000e+00,-1.000000000000000000e+00,-1.000000000000000000e+00,-1.000000000000000000e+00,-1.000000000000000000e+00,-1.000000000000000000e+00,-1.000000000000000000e+00,-1.000000000000000000e+00,-1.000000000000000000e+00,-1.000000000000000000e+00,-1.000000000000000000e+00,-1.000000000000000000e+00,-1.000000000000000000e+00,-1.000000000000000000e+00,-1.000000000000000000e+00,-1.000000000000000000e+00,-1.000000000000000000e+00,-1.000000000000000000e+00,-1.000000000000000000e+00,-1.000000000000000000e+00,-1.000000000000000000e+00,-1.000000000000000000e+00,-1.000000000000000000e+00,-1.431081506724805941e+00,-1.431157128010470458e+00,-1.431383626861559399e+00,-1.431759591362617101e+00,-1.432281395683608238e+00,-1.432940372900845194e+00,-1.433716572727889549e+00,-1.434565576919218932e+00,-1.435391799803255708e+00,-1.435996664616519647e+00,-1.435982428003203415e+00,-1.434582086283105129e+00,-1.430374000070061768e+00,-1.420830767565801178e+00,-1.401654627665211539e+00,-1.365883042560626093e+00,-1.302834602641664397e+00,-1.197142911104992491e+00,-1.028432110764685437e+00,-7.726365316632414215e-01,-4.064943594537985261e-01,8.289154304682777585e-02,6.819250810533532547e-01,1.328809408871042042e+00,1.895354138093140683e+00,2.206116605696356370e+00,2.206116606170780425e+00,1.895354139368507163e+00,1.328809410584762762e+00,6.819250828433176537e-01,8.289154467969384044e-02,-4.064943580874016416e-01,-7.726365306523885756e-01,-1.028432110196594085e+00,-1.197142910967162077e+00,-1.302834602867220859e+00,-1.365883043121865592e+00,-1.401654628417367654e+00,-1.420830768368817276e+00,-1.430374000941796009e+00,-1.434582086832330683e+00,-1.435982428048775850e+00,-1.435996664655024180e+00,-1.435391799693929604e+00,-1.434565576654893260e+00,-1.433716573011984519e+00,-1.432940373647124677e+00,-1.432281396679479624e+00,-1.431759592611031140e+00,-1.431383628025819643e+00,-1.431157128587472460e+00,-1.431081506831626715e+00,-1.000000000000000000e+00,-1.000000000000000000e+00,-1.000000000000000000e+00,-1.000000000000000000e+00,-1.000000000000000000e+00,-1.000000000000000000e+00,-1.000000000000000000e+00,-1.000000000000000000e+00,-1.000000000000000000e+00,-1.000000000000000000e+00,-1.000000000000000000e+00,-1.000000000000000000e+00,-1.000000000000000000e+00,-1.000000000000000000e+00,-1.000000000000000000e+00,-1.000000000000000000e+00,-1.000000000000000000e+00,-1.000000000000000000e+00,-1.000000000000000000e+00,-1.000000000000000000e+00,-1.000000000000000000e+00,-1.000000000000000000e+00,-1.000000000000000000e+00,-1.000000000000000000e+00,-1.000000000000000000e+00,-1.000000000000000000e+00,-1.000000000000000000e+00,-1.000000000000000000e+00,-1.000000000000000000e+00,-1.000000000000000000e+00,-1.000000000000000000e+00,-1.000000000000000000e+00,-1.000000000000000000e+00,-1.000000000000000000e+00,-1.000000000000000000e+00,-1.000000000000000000e+00,-1.000000000000000000e+00,-1.000000000000000000e+00,-1.000000000000000000e+00,-1.000000000000000000e+00,-1.000000000000000000e+00,-1.000000000000000000e+00,-1.000000000000000000e+00,-1.000000000000000000e+00,-1.000000000000000000e+00,-1.000000000000000000e+00
-1.000000000000000000e+00,-1.000000000000000000e+00,-1.000000000000000000e+00,-1.000000000000000000e+00,-1.000000000000000000e+00,-1.000000000000000000e+00,-1.000000000000000000e+00,-1.000000000000000000e+00,-1.000000000000000000e+00,-1.000000000000000000e+00,-1.000000000000000000e+00,-1.000000000000000000e+00,-1.000000000000000000e+00,-1.000000000000000000e+00,-1.000000000000000000e+00,-1.000000000000000000e+00,-1.000000000000000000e+00,-1.000000000000000000e+00,-1.000000000000000000e+00,-1.000000000000000000e+00,-1.000000000000000000e+00,-1.000000000000000000e+00,-1.000000000000000000e+00,-1.000000000000000000e+00,-1.000000000000000000e+00,-1.000000000000000000e+00,-1.000000000000000000e+00,-1.000000000000000000e+00,-1.000000000000000000e+00,-1.000000000000000000e+00,-1.000000000000000000e+00,-1.000000000000000000e+00,-1.000000000000000000e+00,-1.000000000000000000e+00,-1.000000000000000000e+00,-1.000000000000000000e+00,-1.000000000000000000e+00,-1.000000000000000000e+00,-1.000000000000000000e+00,-1.000000000000000000e+00,-1.000000000000000000e+00,-1.000000000000000000e+00,-1.000000000000000000e+00,-1.000000000000000000e+00,-1.000000000000000000e+00,-1.000000000000000000e+00,-1.431264806877669660e+00,-1.431340429137450521e+00,-1.431566930907815838e+00,-1.431942900163500232e+00,-1.432464711019093562e+00,-1.433123696922614654e+00,-1.433899908894785025e+00,-1.434748932419590339e+00,-1.435575190566966475e+00,-1.436180125727591905e+00,-1.436166033840149181e+00,-1.434765988008198878e+00,-1.430558492074277099e+00,-1.421016399453976398e+00,-1.401842382744643345e+00,-1.366074604233858070e+00,-1.303032720881002637e+00,-1.197351852600505584e+00,-1.028658116382210164e+00,-7.728881026002015764e-01,-4.067820501523130572e-01,8.255629756791393881e-02,6.815326347312731237e-01,1.328356358143959692e+00,1.894848866333608051e+00,2.205582512528792005e+00,2.205582512870763789e+00,1.894848867272052040e+00,1.328356359450352908e+00,6.815326361433942104e-01,8.255629888383908543e-02,-4.067820490333243777e-01,-7.728881017429932720e-01,-1.028658115867237433e+00,-1.197351852439089370e+00,-1.303032720979989456e+00,-1.366074604569280204e+00,-1.401842383199419340e+00,-1.421016399735639535e+00,-1.430558492345968213e+00,-1.434765988451003560e+00,-1.436166034022932525e+00,-1.436180125758803383e+00,-1.435575190782944821e+00,-1.434748932689393186e+00,-1.433899909443401954e+00,-1.433123697731525148e+00,-1.432464711995331985e+00,-1.431942901340803154e+00,-1.431566932012367843e+00,-1.431340429810275872e+00,-1.431264807072396561e+00,-1.000000000000000000e+00,-1.000000000000000000e+00,-1.000000000000000000e+00,-1.000000000000000000e+00,-1.000000000000000000e+00,-1.000000000000000000e+00,-1.000000000000000000e+00,-1.000000000000000000e+00,-1.000000000000000000e+00,-1.000000000000000000e+00,-1.000000000000000000e+00,-1.000000000000000000e+00,-1.000000000000000000e+00,-1.000000000000000000e+00,-1.000000000000000000e+00,-1.000000000000000000e+00,-1.000000000000000000e+00,-1.000000000000000000e+00,-1.000000000000000000e+00,-1.000000000000000000e+00,-1.000000000000000000e+00,-1.000000000000000000e+00,-1.000000000000000000e+00,-1.000000000000000000e+00,-1.000000000000000000e+00,-1.000000000000000000e+00,-1.000000000000000000e+00,-1.000000000000000000e+00,-1.000000000000000000e+00,-1.000000000000000000e+00,-1.000000000000000000e+00,-1.000000000000000000e+00,-1.000000000000000000e+00,-1.000000000000000000e+00,-1.000000000000000000e+00,-1.000000000000000000e+00,-1.000000000000000000e+00,-1.000000000000000000e+00,-1.000000000000000000e+00,-1.000000000000000000e+00,-1.000000000000000000e+00,-1.000000000000000000e+00,-1.000000000000000000e+00,-1.000000000000000000e+00,-1.000000000000000000e+00,-1.000000000000000000e+00
-1.000000000000000000e+00,-1.000000000000000000e+00,-1.000000000000000000e+00,-1.000000000000000000e+00,-1.000000000000000000e+00,-1.000000000000000000e+00,-1.000000000000000000e+00,-1.000000000000000000e+00,-1.000000000000000000e+00,-1.000000000000000000e+00,-1.000000000000000000e+00,-1.000000000000000000e+00,-1.000000000000000000e+00,-1.000000000000000000e+00,-1.000000000000000000e+00,-1.000000000000000000e+00,-1.000000000000000000e+00,-1.000000000000000000e+00,-1.000000000000000000e+00,-1.000000000000000000e+00,-1.000000000000000000e+00,-1.000000000000000000e+00,-1.000000000000000000e+00,-1.000000000000000000e+00,-1.000000000000000000e+00,-1.000000000000000000e+00,-1.000000000000000000e+00,-1.000000000000000000e+00,-1.000000000000000000e+00,-1.000000000000000000e+00,-1.000000000000000000e+00,-1.000000000000000000e+00,-1.000000000000000000e+00,-1.000000000000000000e+00,-1.000000000000000000e+00,-1.000000000000000000e+00,-1.000000000000000000e+00,-1.000000000000000000e+00,-1.000000000000000000e+00,-1.000000000000000000e+00,-1.000000000000000000e+00,-1.000000000000000000e+00,-1.000000000000000000e+00,-1.000000000000000000e+00,-1.000000000000000000e+00,-1.000000000000000000e+00,-1.431467153753873012e+00,-1.431542777364654073e+00,-1.431769283160948980e+00,-1.432145259005304094e+00,-1.432667078904758640e+00,-1.433326076684402484e+00,-1.434102304774007131e+00,-1.434951352748284226e+00,-1.435777653308283996e+00,-1.436382669975485804e+00,-1.436368742098996121e+00,-1.434969027636823657e+00,-1.430762188767983556e+00,-1.421221361054846977e+00,-1.402049696581563420e+00,-1.366286131664060211e+00,-1.303251502410104568e+00,-1.197582605400117739e+00,-1.028907739752388917e+00,-7.731659938316000069e-01,-4.070998749367822356e-01,8.218590205117193292e-02,6.810990107931971238e-01,1.327855749120772089e+00,1.894290541738278932e+00,2.204992333526407666e+00,2.204992333684550054e+00,1.894290542180240511e+00,1.327855749760588733e+00,6.810990115144233137e-01,8.218590275187720451e-02,-4.070998742968380268e-01,-7.731659932621348652e-01,-1.028907739306695435e+00,-1.197582605122385013e+00,-1.303251502181457910e+00,-1.366286131447605579e+00,-1.402049696479331864e+00,-1.421221360867350292e+00,-1.430762188564047799e+00,-1.434969027810648834e+00,-1.436368742305068613e+00,-1.436382670113792059e+00,-1.435777653916335828e+00,-1.434951353690690157e+00,-1.434102305900105456e+00,-1.433326077820166411e+00,-1.432667079985411984e+00,-1.432145260093098837e+00,-1.431769284047544222e+00,-1.431542777818147982e+00,-1.431467153658360969e+00,-1.000000000000000000e+00,-1.000000000000000000e+00,-1.000000000000000000e+00,-1.000000000000000000e+00,-1.000000000000000000e+00,-1.000000000000000000e+00,-1.000000000000000000e+00,-1.000000000000000000e+00,-1.000000000000000000e+00,-1.000000000000000000e+00,-1.000000000000000000e+00,-1.000000000000000000e+00,-1.000000000000000000e+00,-1.000000000000000000e+00,-1.000000000000000000e+00,-1.000000000000000000e+00,-1.000000000000000000e+00,-1.000000000000000000e+00,-1.000000000000000000e+00,-1.000000000000000000e+00,-1.000000000000000000e+00,-1.000000000000000000e+00,-1.000000000000000000e+00,-1.000000000000000000e+00,-1.000000000000000000e+00,-1.000000000000000000e+00,-1.000000000000000000e+00,-1.000000000000000000e+00,-1.000000000000000000e+00,-1.000000000000000000e+00,-1.000000000000000000e+00,-1.000000000000000000e+00,-1.000000000000000000e+00,-1.000000000000000000e+00,-1.000000000000000000e+00,-1.000000000000000000e+00,-1.000000000000000000e+00,-1.000000000000000000e+00,-1.000000000000000000e+00,-1.000000000000000000e+00,-1.000000000000000000e+00,-1.000000000000000000e+00,-1.000000000000000000e+00,-1.000000000000000000e+00,-1.000000000000000000e+00,-1.000000000000000000e+00
-1.000000000000000000e+00,-1.000000000000000000e+00,-1.000000000000000000e+00,-1.000000000000000000e+00,-1.000000000000000000e+00,-1.000000000000000000e+00,-1.000000000000000000e+00,-1.000000000000000000e+00,-1.000000000000000000e+00,-1.000000000000000000e+00,-1.000000000000000000e+00,-1.000000000000000000e+00,-1.000000000000000000e+00,-1.000000000000000000e+00,-1.000000000000000000e+00,-1.000000000000000000e+00,-1.000000000000000000e+00,-1.000000000000000000e+00,-1.000000000000000000e+00,-1.000000000000000000e+00,-1.000000000000000000e+00,-1.000000000000000000e+00,-1.000000000000000000e+00,-1.000000000000000000e+00,-1.000000000000000000e+00,-1.000000000000000000e+00,-1.000000000000000000e+00,-1.000000000000000000e+00,-1.000000000000000000e+00,-1.000000000000000000e+00,-1.000000000000000000e+00,-1.000000000000000000e+00,-1.000000000000000000e+00,-1.000000000000000000e+00,-1.000000000000000000e+00,-1.000000000000000000e+00,-1.000000000000000000e+00,-1.000000000000000000e+00,-1.000000000000000000e+00,-1.000000000000000000e+00,-1.000000000000000000e+00,-1.000000000000000000e+00,-1.000000000000000000e+00,-1.000000000000000000e+00,-1.000000000000000000e+00,-1.000000000000000000e+00,-1.431688471238445670e+00,-1.431764096658492580e+00,-1.431990607812986260e+00,-1.432366592462077204e+00,-1.432888424486154166e+00,-1.433547438096683946e+00,-1.434323687219775101e+00,-1.435172765847491760e+00,-1.435999117174222572e+00,-1.436604227800461819e+00,-1.436590484581867999e+00,-1.435191138389497967e+00,-1.430985024850108145e+00,-1.421445588656585102e+00,-1.402276507253015669e+00,-1.366517564990696432e+00,-1.303490889772149774e+00,-1.197835114895396069e+00,-1.029180929613872308e+00,-7.734701578573834890e-01,-4.074477902031695686e-01,8.178039659866320754e-02,6.806242469219037083e-01,1.327307618625497287e+00,1.893679201468886131e+00,2.204346105918798759e+00,2.204346105911661802e+00,1.893679201449451455e+00,1.327307618605419126e+00,6.806242469054237798e-01,8.178039659089919589e-02,-4.074477901742415975e-01,-7.734701577292624197e-01,-1.029180929356735108e+00,-1.197835114571256687e+00,-1.303490889266538444e+00,-1.366517564157752496e+00,-1.402276506451464844e+00,-1.421445588172237873e+00,-1.430985024488370172e+00,-1.435191138299483526e+00,-1.436590484850951865e+00,-1.436604228258829608e+00,-1.435999117986854978e+00,-1.435172766935202571e+00,-1.434323688478396530e+00,-1.433547439364138754e+00,-1.432888425722911752e+00,-1.432366593695068024e+00,-1.431990608769414752e+00,-1.431764097109475831e+00,-1.431688471037376953e+00,-1.000000000000000000e+00,-1.000000000000000000e+00,-1.000000000000000000e+00,-1.000000000000000000e+00,-1.000000000000000000e+00,-1.000000000000000000e+00,-1.000000000000000000e+00,-1.000000000000000000e+00,-1.000000000000000000e+00,-1.000000000000000000e+00,-1.000000000000000000e+00,-1.000000000000000000e+00,-1.000000000000000000e+00,-1.000000000000000000e+00,-1.000000000000000000e+00,-1.000000000000000000e+00,-1.000000000000000000e+00,-1.000000000000000000e+00,-1.000000000000000000e+00,-1.000000000000000000e+00,-1.000000000000000000e+00,-1.000000000000000000e+00,-1.000000000000000000e+00,-1.000000000000000000e+00,-1.000000000000000000e+00,-1.000000000000000000e+00,-1.000000000000000000e+00,-1.000000000000000000e+00,-1.000000000000000000e+00,-1.000000000000000000e+00,-1.000000000000000000e+00,-1.000000000000000000e+00,-1.000000000000000000e+00,-1.000000000000000000e+00,-1.000000000000000000e+00,-1.000000000000000000e+00,-1.000000000000000000e+00,-1.000000000000000000e+00,-1.000000000000000000e+00,-1.000000000000000000e+00,-1.000000000000000000e+00,-1.000000000000000000e+00,-1.000000000000000000e+00,-1.000000000000000000e+00,-1.000000000000000000e+00,-1.000000000000000000e+00
-1.000000000000000000e+00,-1.000000000000000000e+00,-1.000000000000000000e+00,-1.000000000000000000e+00,-1.000000000000000000e+00,-1.000000000000000000e+00,-1.000000000000000000e+00,-1.000000000000000000e+00,-1.000000000000000000e+00,-1.000000000000000000e+00,-1.000000000000000000e+00,-1.000000000000000000e+00,-1.000000000000000000e+00,-1.000000000000000000e+00,-1.000000000000000000e+00,-1.000000000000000000e+00,-1.000000000000000000e+00,-1.000000000000000000e+00,-1.000000000000000000e+00,-1.000000000000000000e+00,-1.000000000000000000e+00,-1.000000000000000000e+00,-1.000000000000000000e+00,-1.000000000000000000e+00,-1.000000000000000000e+00,-1.000000000000000000e+00,-1.000000000000000000e+00,-1.000000000000000000e+00,-1.000000000000000000e+00,-1.000000000000000000e+00,-1.000000000000000000e+00,-1.000000000000000000e+00,-1.000000000000000000e+00,-1.000000000000000000e+00,-1.000000000000000000e+00,-1.000000000000000000e+00,-1.000000000000000000e+00,-1.000000000000000000e+00,-1.000000000000000000e+00,-1.000000000000000000e+00,-1.000000000000000000e+00,-1.000000000000000000e+00,-1.000000000000000000e+00,-1.000000000000000000e+00,-1.000000000000000000e+00,-1.000000000000000000e+00,-1.431928675073889989e+00,-1.432004302877504243e+00,-1.432230821064793158e+00,-1.432606817259747922e+00,-1.433128665170449567e+00,-1.433787699401792848e+00,-1.434563975464974162e+00,-1.435413092089810272e+00,-1.436239503823528274e+00,-1.436844722280167908e+00,-1.436831185907901265e+00,-1.435432246539639634e+00,-1.431226928357369310e+00,-1.421689012193208868e+00,-1.402522746763793293e+00,-1.366768838541280839e+00,-1.303750820010416422e+00,-1.198109321355295798e+00,-1.029477630012935574e+00,-7.738005429807284230e-01,-4.078257486984694369e-01,8.133982441136811126e-02,6.801083834250707394e-01,1.326712005780803061e+00,1.893014884804837372e+00,2.203643868905877934e+00,2.203643868741958389e+00,1.893014884345372018e+00,1.326712005127882232e+00,6.801083827067229137e-01,8.133982374707060536e-02,-4.078257492233575698e-01,-7.738005432533151540e-01,-1.029477629887406431e+00,-1.198109320882760453e+00,-1.303750819240522274e+00,-1.366768837310547990e+00,-1.402522745401391768e+00,-1.421689011287675442e+00,-1.431226927800099968e+00,-1.435432246332480899e+00,-1.436831186365703505e+00,-1.436844723236218258e+00,-1.436239505087989476e+00,-1.435413093450376376e+00,-1.434563976796916496e+00,-1.433787700568909473e+00,-1.433128666228434822e+00,-1.432606818294067885e+00,-1.432230821854222569e+00,-1.432004303260983713e+00,-1.431928674836552728e+00,-1.000000000000000000e+00,-1.000000000000000000e+00,-1.000000000000000000e+00,-1.000000000000000000e+00,-1.000000000000000000e+00,-1.000000000000000000e+00,-1.000000000000000000e+00,-1.000000000000000000e+00,-1.000000000000000000e+00,-1.000000000000000000e+00,-1.000000000000000000e+00,-1.000000000000000000e+00,-1.000000000000000000e+00,-1.000000000000000000e+00,-1.000000000000000000e+00,-1.000000000000000000e+00,-1.000000000000000000e+00,-1.000000000000000000e+00,-1.000000000000000000e+00,-1.000000000000000000e+00,-1.000000000000000000e+00,-1.000000000000000000e+00,-1.000000000000000000e+00,-1.000000000000000000e+00,-1.000000000000000000e+00,-1.000000000000000000e+00,-1.000000000000000000e+00,-1.000000000000000000e+00,-1.000000000000000000e+00,-1.000000000000000000e+00,-1.000000000000000000e+00,-1.000000000000000000e+00,-1.000000000000000000e+00,-1.000000000000000000e+00,-1.000000000000000000e+00,-1.000000000000000000e+00,-1.000000000000000000e+00,-1.000000000000000000e+00,-1.000000000000000000e+00,-1.000000000000000000e+00,-1.000000000000000000e+00,-1.000000000000000000e+00,-1.000000000000000000e+00,-1.000000000000000000e+00,-1.000000000000000000e+00,-1.000000000000000000e+00
-1.000000000000000000e+00,-1.000000000000000000e+00,-1.000000000000000000e+00,-1.000000000000000000e+00,-1.000000000000000000e+00,-1.000000000000000000e+00,-1.000000000000000000e+00,-1.000000000000000000e+00,-1.000000000000000000e+00,-1.000000000000000000e+00,-1.000000000000000000e+00,-1.000000000000000000e+00,-1.000000000000000000e+00,-1.000000000000000000e+00,-1.000000000000000000e+00,-1.000000000000000000e+00,-1.000000000000000000e+00,-1.000000000000000000e+00,-1.000000000000000000e+00,-1.000000000000000000e+00,-1.000000000000000000e+00,-1.000000000000000000e+00,-1.000000000000000000e+00,-1.000000000000000000e+00,-1.000000000000000000e+00,-1.000000000000000000e+00,-1.000000000000000000e+00,-1.000000000000000000e+00,-1.000000000000000000e+00,-1.000000000000000000e+00,-1.000000000000000000e+00,-1.000000000000000000e+00,-1.000000000000000000e+00,-1.000000000000000000e+00,-1.000000000000000000e+00,-1.000000000000000000e+00,-1.000000000000000000e+00,-1.000000000000000000e+00,-1.000000000000000000e+00,-1.000000000000000000e+00,-1.000000000000000000e+00,-1.000000000000000000e+00,-1.000000000000000000e+00,-1.000000000000000000e+00,-1.000000000000000000e+00,-1.000000000000000000e+00,-1.432187672481658014e+00,-1.432263303340879146e+00,-1.432489830572943879e+00,-1.432865841641282723e+00,-1.433387710022038020e+00,-1.434046770687561256e+00,-1.434823080798823147e+00,-1.435672244118730623e+00,-1.436498727388153096e+00,-1.437104069150631602e+00,-1.437090763517707259e+00,-1.435692271348332660e+00,-1.431487820520508158e+00,-1.421951555036354176e+00,-1.402788340832014091e+00,-1.367039880687398679e+00,-1.304031224584755178e+00,-1.198405159876319459e+00,-1.029797780303815635e+00,-7.741570933708421531e-01,-4.082336996475534052e-01,8.086423159710154351e-02,6.795514629696282061e-01,1.326068951669342244e+00,1.892297632770021831e+00,2.202885663326618726e+00,2.202885663037716046e+00,1.892297631954596326e+00,1.326068950489714293e+00,6.795514616486950654e-01,8.086423037001000402e-02,-4.082337006175664751e-01,-7.741570939568964693e-01,-1.029797780269869456e+00,-1.198405159165633727e+00,-1.304031223514046545e+00,-1.367039879396063418e+00,-1.402788339323817413e+00,-1.421951553784176481e+00,-1.431487819851707366e+00,-1.435692271224667360e+00,-1.437090763987232567e+00,-1.437104070132674938e+00,-1.436498728736361086e+00,-1.435672245632271027e+00,-1.434823082293785523e+00,-1.434046771941792864e+00,-1.433387711036236301e+00,-1.432865842496118702e+00,-1.432489831171049666e+00,-1.432263303616043260e+00,-1.432187672129994649e+00,-1.000000000000000000e+00,-1.000000000000000000e+00,-1.000000000000000000e+00,-1.000000000000000000e+00,-1.000000000000000000e+00,-1.000000000000000000e+00,-1.000000000000000000e+00,-1.000000000000000000e+00,-1.000000000000000000e+00,-1.000000000000000000e+00,-1.000000000000000000e+00,-1.000000000000000000e+00,-1.000000000000000000e+00,-1.000000000000000000e+00,-1.000000000000000000e+00,-1.000000000000000000e+00,-1.000000000000000000e+00,-1.000000000000000000e+00,-1.000000000000000000e+00,-1.000000000000000000e+00,-1.000000000000000000e+00,-1.000000000000000000e+00,-1.000000000000000000e+00,-1.000000000000000000e+00,-1.000000000000000000e+00,-1.000000000000000000e+00,-1.000000000000000000e+00,-1.000000000000000000e+00,-1.000000000000000000e+00,-1.000000000000000000e+00,-1.000000000000000000e+00,-1.000000000000000000e+00,-1.000000000000000000e+00,-1.000000000000000000e+00,-1.000000000000000000e+00,-1.000000000000000000e+00,-1.000000000000000000e+00,-1.000000000000000000e+00,-1.000000000000000000e+00,-1.000000000000000000e+00,-1.000000000000000000e+00,-1.000000000000000000e+00,-1.000000000000000000e+00,-1.000000000000000000e+00,-1.000000000000000000e+00,-1.000000000000000000e+00
-1.000000000000000000e+00,-1.000000000000000000e+00,-1.000000000000000000e+00,-1.000000000000000000e+00,-1.000000000000000000e+00,-1.000000000000000000e+00,-1.000000000000000000e+00,-1.000000000000000000e+00,-1.000000000000000000e+00,-1.000000000000000000e+00,-1.000000000000000000e+00,-1.000000000000000000e+00,-1.000000000000000000e+00,-1.000000000000000000e+00,-1.000000000000000000e+00,-1.000000000000000000e+00,-1.000000000000000000e+00,-1.000000000000000000e+00,-1.000000000000000000e+00,-1.000000000000000000e+00,-1.000000000000000000e+00,-1.000000000000000000e+00,-1.000000000000000000e+00,-1.000000000000000000e+00,-1.000000000000000000e+00,-1.000000000000000000e+00,-1.000000000000000000e+00,-1.000000000000000000e+00,-1.000000000000000000e+00,-1.000000000000000000e+00,-1.000000000000000000e+00,-1.000000000000000000e+00,-1.000000000000000000e+00,-1.000000000000000000e+00,-1.000000000000000000e+00,-1.000000000000000000e+00,-1.000000000000000000e+00,-1.000000000000000000e+00,-1.000000000000000000e+00,-1.000000000000000000e+00,-1.000000000000000000e+00,-1.000000000000000000e+00,-1.000000000000000000e+00,-1.000000000000000000e+00,-1.000000000000000000e+00,-1.000000000000000000e+00,-1.432465361907617085e+00,-1.432540996623950402e+00,-1.432767535293412164e+00,-1.433143565189128221e+00,-1.433665459494105843e+00,-1.434324553509550348e+00,-1.435100906098868201e+00,-1.435950126330808985e+00,-1.436776693961961726e+00,-1.437382176359842889e+00,-1.437369127347882580e+00,-1.435971124870332627e+00,-1.431767615637557611e+00,-1.422233133879423850e+00,-1.403073208788928383e+00,-1.367330613745924017e+00,-1.304332029264975823e+00,-1.198722560292583728e+00,-1.030141315095589594e+00,-7.745397490640417715e-01,-4.086715888273824149e-01,8.035366700586665800e-02,6.789535303141644995e-01,1.325378498948337036e+00,1.891527487611863290e+00,2.202071531018421346e+00,2.202071530654143849e+00,1.891527486586070506e+00,1.325378497456739524e+00,6.789535286236063616e-01,8.035366543663302608e-02,-4.086715900100569288e-01,-7.745397497553820898e-01,-1.030141315135845836e+00,-1.198722559518012876e+00,-1.304332028015573242e+00,-1.367330612432454684e+00,-1.403073207353907392e+00,-1.422233132610591921e+00,-1.431767615086537715e+00,-1.435971125003127957e+00,-1.437369127921898748e+00,-1.437382177234298952e+00,-1.436776695070671739e+00,-1.435950127608780269e+00,-1.435100907449155638e+00,-1.434324554708894528e+00,-1.433665460483859899e+00,-1.433143566012311965e+00,-1.432767535912440993e+00,-1.432540996956921386e+00,-1.432465361537822002e+00,-1.000000000000000000e+00,-1.000000000000000000e+00,-1.000000000000000000e+00,-1.000000000000000000e+00,-1.000000000000000000e+00,-1.000000000000000000e+00,-1.000000000000000000e+00,-1.000000000000000000e+00,-1.000000000000000000e+00,-1.000000000000000000e+00,-1.000000000000000000e+00,-1.000000000000000000e+00,-1.000000000000000000e+00,-1.000000000000000000e+00,-1.000000000000000000e+00,-1.000000000000000000e+00,-1.000000000000000000e+00,-1.000000000000000000e+00,-1.000000000000000000e+00,-1.000000000000000000e+00,-1.000000000000000000e+00,-1.000000000000000000e+00,-1.000000000000000000e+00,-1.000000000000000000e+00,-1.000000000000000000e+00,-1.000000000000000000e+00,-1.000000000000000000e+00,-1.000000000000000000e+00,-1.000000000000000000e+00,-1.000000000000000000e+00,-1.000000000000000000e+00,-1.000000000000000000e+00,-1.000000000000000000e+00,-1.000000000000000000e+00,-1.000000000000000000e+00,-1.000000000000000000e+00,-1.000000000000000000e+00,-1.000000000000000000e+00,-1.000000000000000000e+00,-1.000000000000000000e+00,-1.000000000000000000e+00,-1.000000000000000000e+00,-1.000000000000000000e+00,-1.000000000000000000e+00,-1.000000000000000000e+00,-1.000000000000000000e+00
-1.000000000000000000e+00,-1.000000000000000000e+00,-1.000000000000000000e+00,-1.000000000000000000e+00,-1.000000000000000000e+00,-1.000000000000000000e+00,-1.000000000000000000e+00,-1.000000000000000000e+00,-1.000000000000000000e+00,-1.000000000000000000e+00,-1.000000000000000000e+00,-1.000000000000000000e+00,-1.000000000000000000e+00,-1.000000000000000000e+00,-1.000000000000000000e+00,-1.000000000000000000e+00,-1.000000000000000000e+00,-1.000000000000000000e+00,-1.000000000000000000e+00,-1.000000000000000000e+00,-1.000000000000000000e+00,-1.000000000000000000e+00,-1.000000000000000000e+00,-1.000000000000000000e+00,-1.000000000000000000e+00,-1.000000000000000000e+00,-1.000000000000000000e+00,-1.000000000000000000e+00,-1.000000000000000000e+00,-1.000000000000000000e+00,-1.000000000000000000e+00,-1.000000000000000000e+00,-1.000000000000000000e+00,-1.000000000000000000e+00,-1.000000000000000000e+00,-1.000000000000000000e+00,-1.000000000000000000e+00,-1.000000000000000000e+00,-1.000000000000000000e+00,-1.000000000000000000e+00,-1.000000000000000000e+00,-1.000000000000000000e+00,-1.000000000000000000e+00,-1.000000000000000000e+00,-1.000000000000000000e+00,-1.000000000000000000e+00,-1.432761632452507428e+00,-1.432837271982527749e+00,-1.433063824939345032e+00,-1.433439878358162112e+00,-1.433961805053530103e+00,-1.434620940597531424e+00,-1.435397345586280515e+00,-1.436246634641196618e+00,-1.437073301332850939e+00,-1.437678943748026628e+00,-1.437666179471728034e+00,-1.436268711573560175e+00,-1.432066220716345484e+00,-1.422533658456464956e+00,-1.403377263357728388e+00,-1.367640953791890324e+00,-1.304653153987450853e+00,-1.199061447079116105e+00,-1.030508164196501042e+00,-7.749484459522495428e-01,-4.091393586219707057e-01,7.980818208070816766e-02,6.783146320546726837e-01,1.324640691503536694e+00,1.890704492394621461e+00,2.201201514384138136e+00,2.201201513986617009e+00,1.890704491289232791e+00,1.324640689923154202e+00,6.783146302787148585e-01,7.980818043838211473e-02,-4.091393597781993741e-01,-7.749484464999768507e-01,-1.030508164233504553e+00,-1.199061446543856713e+00,-1.304653152873868294e+00,-1.367640952486232742e+00,-1.403377262127806446e+00,-1.422533657477488500e+00,-1.432066220301215109e+00,-1.436268711756140792e+00,-1.437666180051358156e+00,-1.437678944564576122e+00,-1.437073302278727205e+00,-1.436246635663603444e+00,-1.435397346621328785e+00,-1.434620941496426827e+00,-1.433961805842101089e+00,-1.433439879098661107e+00,-1.433063825625697341e+00,-1.432837272481900293e+00,-1.432761632217578018e+00,-1.000000000000000000e+00,-1.000000000000000000e+00,-1.000000000000000000e+00,-1.000000000000000000e+00,-1.000000000000000000e+00,-1.000000000000000000e+00,-1.000000000000000000e+00,-1.000000000000000000e+00,-1.000000000000000000e+00,-1.000000000000000000e+00,-1.000000000000000000e+00,-1.000000000000000000e+00,-1.000000000000000000e+00,-1.000000000000000000e+00,-1.000000000000000000e+00,-1.000000000000000000e+00,-1.000000000000000000e+00,-1.000000000000000000e+00,-1.000000000000000000e+00,-1.000000000000000000e+00,-1.000000000000000000e+00,-1.000000000000000000e+00,-1.000000000000000000e+00,-1.000000000000000000e+00,-1.000000000000000000e+00,-1.000000000000000000e+00,-1.000000000000000000e+00,-1.000000000000000000e+00,-1.000000000000000000e+00,-1.000000000000000000e+00,-1.000000000000000000e+00,-1.000000000000000000e+00,-1.000000000000000000e+00,-1.000000000000000000e+00,-1.000000000000000000e+00,-1.000000000000000000e+00,-1.000000000000000000e+00,-1.000000000000000000e+00,-1.000000000000000000e+00,-1.000000000000000000e+00,-1.000000000000000000e+00,-1.000000000000000000e+00,-1.000000000000000000e+00,-1.000000000000000000e+00,-1.000000000000000000e+00,-1.000000000000000000e+00
-1.000000000000000000e+00,-1.000000000000000000e+00,-1.000000000000000000e+00,-1.000000000000000000e+00,-1.000000000000000000e+00,-1.000000000000000000e+00,-1.000000000000000000e+00,-1.000000000000000000e+00,-1.000000000000000000e+00,-1.000000000000000000e+00,-1.000000000000000000e+00,-1.000000000000000000e+00,-1.000000000000000000e+00,-1.000000000000000000e+00,-1.000000000000000000e+00,-1.000000000000000000e+00,-1.000000000000000000e+00,-1.000000000000000000e+00,-1.000000000000000000e+00,-1.000000000000000000e+00,-1.000000000000000000e+00,-1.000000000000000000e+00,-1.000000000000000000e+00,-1.000000000000000000e+00,-1.000000000000000000e+00,-1.000000000000000000e+00,-1.000000000000000000e+00,-1.000000000000000000e+00,-1.000000000000000000e+00,-1.000000000000000000e+00,-1.000000000000000000e+00,-1.000000000000000000e+00,-1.000000000000000000e+00,-1.000000000000000000e+00,-1.000000000000000000e+00,-1.000000000000000000e+00,-1.000000000000000000e+00,-1.000000000000000000e+00,-1.000000000000000000e+00,-1.000000000000000000e+00,-1.000000000000000000e+00,-1.000000000000000000e+00,-1.000000000000000000e+00,-1.000000000000000000e+00,-1.000000000000000000e+00,-1.000000000000000000e+00,-1.433076363321838631e+00,-1.433152008785527842e+00,-1.433378579367501793e+00,-1.433754661811991848e+00,-1.434276628482259675e+00,-1.434935815146393345e+00,-1.435712284143571438e+00,-1.436561655865291165e+00,-1.437388438462061213e+00,-1.437994262617783736e+00,-1.437981813701957767e+00,-1.436584927937373468e+00,-1.432383535085060444e+00,-1.422853031160644877e+00,-1.403700410275471766e+00,-1.367970810309301788e+00,-1.304994512558287134e+00,-1.199421739122566333e+00,-1.030898252460799247e+00,-7.753831157111907846e-01,-4.096369480385538830e-01,7.922783073616579408e-02,6.776348163686751747e-01,1.323855574043423911e+00,1.889828690479502971e+00,2.200275655838071387e+00,2.200275655461794155e+00,1.889828689451888533e+00,1.323855572628569899e+00,6.776348148404138794e-01,7.922782933186911514e-02,-4.096369490114672995e-01,-7.753831160684878654e-01,-1.030898252435138440e+00,-1.199421738841787821e+00,-1.304994511811910396e+00,-1.367970809299092760e+00,-1.403700409472909971e+00,-1.422853030686669573e+00,-1.432383534927426538e+00,-1.436584928057189625e+00,-1.437981814025060645e+00,-1.437994263122710059e+00,-1.437388439109075655e+00,-1.436561656598605241e+00,-1.435712284871102584e+00,-1.434935815780159274e+00,-1.434276629120505797e+00,-1.433754662497813026e+00,-1.433378580139301084e+00,-1.433152009500825663e+00,-1.433076363306073464e+00,-1.000000000000000000e+00,-1.000000000000000000e+00,-1.000000000000000000e+00,-1.000000000000000000e+00,-1.000000000000000000e+00,-1.000000000000000000e+00,-1.000000000000000000e+00,-1.000000000000000000e+00,-1.000000000000000000e+00,-1.000000000000000000e+00,-1.000000000000000000e+00,-1.000000000000000000e+00,-1.000000000000000000e+00,-1.000000000000000000e+00,-1.000000000000000000e+00,-1.000000000000000000e+00,-1.000000000000000000e+00,-1.000000000000000000e+00,-1.000000000000000000e+00,-1.000000000000000000e+00,-1.000000000000000000e+00,-1.000000000000000000e+00,-1.000000000000000000e+00,-1.000000000000000000e+00,-1.000000000000000000e+00,-1.000000000000000000e+00,-1.000000000000000000e+00,-1.000000000000000000e+00,-1.000000000000000000e+00,-1.000000000000000000e+00,-1.000000000000000000e+00,-1.000000000000000000e+00,-1.000000000000000000e+00,-1.000000000000000000e+00,-1.000000000000000000e+00,-1.000000000000000000e+00,-1.000000000000000000e+00,-1.000000000000000000e+00,-1.000000000000000000e+00,-1.000000000000000000e+00,-1.000000000000000000e+00,-1.000000000000000000e+00,-1.000000000000000000e+00,-1.000000000000000000e+00,-1.000000000000000000e+00,-1.000000000000000000e+00
-1.000000000000000000e+00,-1.000000000000000000e+00,-1.000000000000000000e+00,-1.000000000000000000e+00,-1.000000000000000000e+00,-1.000000000000000000e+00,-1.000000000000000000e+00,-1.000000000000000000e+00,-1.000000000000000000e+00,-1.000000000000000000e+00,-1.000000000000000000e+00,-1.000000000000000000e+00,-1.000000000000000000e+00,-1.000000000000000000e+00,-1.000000000000000000e+00,-1.000000000000000000e+00,-1.000000000000000000e+00,-1.000000000000000000e+00,-1.000000000000000000e+00,-1.000000000000000000e+00,-1.000000000000000000e+00,-1.000000000000000000e+00,-1.000000000000000000e+00,-1.000000000000000000e+00,-1.000000000000000000e+00,-1.000000000000000000e+00,-1.000000000000000000e+00,-1.000000000000000000e+00,-1.000000000000000000e+00,-1.000000000000000000e+00,-1.000000000000000000e+00,-1.000000000000000000e+00,-1.000000000000000000e+00,-1.000000000000000000e+00,-1.000000000000000000e+00,-1.000000000000000000e+00,-1.000000000000000000e+00,-1.000000000000000000e+00,-1.000000000000000000e+00,-1.000000000000000000e+00,-1.000000000000000000e+00,-1.000000000000000000e+00,-1.000000000000000000e+00,-1.000000000000000000e+00,-1.000000000000000000e+00,-1.000000000000000000e+00,-1.433409423105572733e+00,-1.433485075812692688e+00,-1.433711667914803423e+00,-1.434087785795476355e+00,-1.434609801265421813e+00,-1.435269050195751017e+00,-1.436045596659933032e+00,-1.436895067030305118e+00,-1.437721984783021822e+00,-1.438328015037073637e+00,-1.438315914929385597e+00,-1.436919661862287034e+00,-1.432719449853604665e+00,-1.423191146532458706e+00,-1.404042547811545694e+00,-1.368320085739947345e+00,-1.305356012231680962e+00,-1.199803349341634684e+00,-1.031311499480314087e+00,-7.758436855936076126e-01,-4.101642926210389284e-01,7.861266931821786486e-02,6.769141328473937680e-01,1.323023191805642540e+00,1.888900125106251160e+00,2.199293997288285230e+00,2.199293996998407330e+00,1.888900124331427399e+00,1.323023190797932624e+00,6.769141318637450500e-01,7.861266846676917552e-02,-4.101642932807921804e-01,-7.758436859054832491e-01,-1.031311499467613801e+00,-1.199803349211342463e+00,-1.305356011957594431e+00,-1.368320085324009616e+00,-1.404042547514288142e+00,-1.423191146494323434e+00,-1.432719449996174843e+00,-1.436919662041290513e+00,-1.438315915050997429e+00,-1.438328015153921724e+00,-1.437721984957430310e+00,-1.436895067297639939e+00,-1.436045597003839935e+00,-1.435269050594643936e+00,-1.434609801823855113e+00,-1.434087786497653116e+00,-1.433711668841066267e+00,-1.433485076802339275e+00,-1.433409423361204027e+00,-1.000000000000000000e+00,-1.000000000000000000e+00,-1.000000000000000000e+00,-1.000000000000000000e+00,-1.000000000000000000e+00,-1.000000000000000000e+00,-1.000000000000000000e+00,-1.000000000000000000e+00,-1.000000000000000000e+00,-1.000000000000000000e+00,-1.000000000000000000e+00,-1.000000000000000000e+00,-1.000000000000000000e+00,-1.000000000000000000e+00,-1.000000000000000000e+00,-1.000000000000000000e+00,-1.000000000000000000e+00,-1.000000000000000000e+00,-1.000000000000000000e+00,-1.000000000000000000e+00,-1.000000000000000000e+00,-1.000000000000000000e+00,-1.000000000000000000e+00,-1.000000000000000000e+00,-1.000000000000000000e+00,-1.000000000000000000e+00,-1.000000000000000000e+00,-1.000000000000000000e+00,-1.000000000000000000e+00,-1.000000000000000000e+00,-1.000000000000000000e+00,-1.000000000000000000e+00,-1.000000000000000000e+00,-1.000000000000000000e+00,-1.000000000000000000e+00,-1.000000000000000000e+00,-1.000000000000000000e+00,-1.000000000000000000e+00,-1.000000000000000000e+00,-1.000000000000000000e+00,-1.000000000000000000e+00,-1.000000000000000000e+00,-1.000000000000000000e+00,-1.000000000000000000e+00,-1.000000000000000000e+00,-1.000000000000000000e+00
-1.000000000000000000e+00,-1.000000000000000000e+00,-1.000000000000000000e+00,-1.000000000000000000e+00,-1.000000000000000000e+00,-1.000000000000000000e+00,-1.000000000000000000e+00,-1.000000000000000000e+00,-1.000000000000000000e+00,-1.000000000000000000e+00,-1.000000000000000000e+00,-1.000000000000000000e+00,-1.000000000000000000e+00,-1.000000000000000000e+00,-1.000000000000000000e+00,-1.000000000000000000e+00,-1.000000000000000000e+00,-1.000000000000000000e+00,-1.000000000000000000e+00,-1.000000000000000000e+00,-1.000000000000000000e+00,-1.000000000000000000e+00,-1.000000000000000000e+00,-1.000000000000000000e+00,-1.000000000000000000e+00,-1.000000000000000000e+00,-1.000000000000000000e+00,-1.000000000000000000e+00,-1.000000000000000000e+00,-1.000000000000000000e+00,-1.000000000000000000e+00,-1.000000000000000000e+00,-1.000000000000000000e+00,-1.000000000000000000e+00,-1.000000000000000000e+00,-1.000000000000000000e+00,-1.000000000000000000e+00,-1.000000000000000000e+00,-1.000000000000000000e+00,-1.000000000000000000e+00,-1.000000000000000000e+00,-1.000000000000000000e+00,-1.000000000000000000e+00,-1.000000000000000000e+00,-1.000000000000000000e+00,-1.000000000000000000e+00,-1.433760668800107219e+00,-1.433836330261692549e+00,-1.434062948387519576e+00,-1.434439109120465572e+00,-1.434961183598741696e+00,-1.435620507680387403e+00,-1.436397147143011033e+00,-1.437246734533946135e+00,-1.438073809361028577e+00,-1.438680072981323388e+00,-1.438668358271592673e+00,-1.437272791827385099e+00,-1.433073847080138741e+00,-1.423547890461239085e+00,-1.404403566024568839e+00,-1.368688674800583760e+00,-1.305737553084557190e+00,-1.200206184121237474e+00,-1.031747819090515383e+00,-7.763300780337050178e-01,-4.107213241902131218e-01,7.796275669714791690e-02,6.761526324207838279e-01,1.322143590333430208e+00,1.887918839050854558e+00,2.198256579731293847e+00,2.198256579599848770e+00,1.887918838714836234e+00,1.322143589940238062e+00,6.761526321358595215e-01,7.796275653072104461e-02,-4.107213244211271874e-01,-7.763300783017326179e-01,-1.031747819208070460e+00,-1.200206184221568773e+00,-1.305737553347942947e+00,-1.368688675100585561e+00,-1.404403566278854765e+00,-1.423547890736624799e+00,-1.433073847375873511e+00,-1.437272792035134916e+00,-1.438668358284672655e+00,-1.438680072816482358e+00,-1.438073809093077360e+00,-1.437246734314541863e+00,-1.436397147080068049e+00,-1.435620507813107460e+00,-1.434961184060255635e+00,-1.434439109867133189e+00,-1.434062949511219376e+00,-1.433836331551051613e+00,-1.433760669356103135e+00,-1.000000000000000000e+00,-1.000000000000000000e+00,-1.000000000000000000e+00,-1.000000000000000000e+00,-1.000000000000000000e+00,-1.000000000000000000e+00,-1.000000000000000000e+00,-1.000000000000000000e+00,-1.000000000000000000e+00,-1.000000000000000000e+00,-1.000000000000000000e+00,-1.000000000000000000e+00,-1.000000000000000000e+00,-1.000000000000000000e+00,-1.000000000000000000e+00,-1.000000000000000000e+00,-1.000000000000000000e+00,-1.000000000000000000e+00,-1.000000000000000000e+00,-1.000000000000000000e+00,-1.000000000000000000e+00,-1.000000000000000000e+00,-1.000000000000000000e+00,-1.000000000000000000e+00,-1.000000000000000000e+00,-1.000000000000000000e+00,-1.000000000000000000e+00,-1.000000000000000000e+00,-1.000000000000000000e+00,-1.000000000000000000e+00,-1.000000000000000000e+00,-1.000000000000000000e+00,-1.000000000000000000e+00,-1.000000000000000000e+00,-1.000000000000000000e+00,-1.000000000000000000e+00,-1.000000000000000000e+00,-1.000000000000000000e+00,-1.000000000000000000e+00,-1.000000000000000000e+00,-1.000000000000000000e+00,-1.000000000000000000e+00,-1.000000000000000000e+00,-1.000000000000000000e+00,-1.000000000000000000e+00,-1.000000000000000000e+00
-1.000000000000000000e+00,-1.000000000000000000e+00,-1.000000000000000000e+00,-1.000000000000000000e+00,-1.000000000000000000e+00,-1.000000000000000000e+00,-1.000000000000000000e+00,-1.000000000000000000e+00,-1.000000000000000000e+00,-1.000000000000000000e+00,-1.000000000000000000e+00,-1.000000000000000000e+00,-1.000000000000000000e+00,-1.000000000000000000e+00,-1.000000000000000000e+00,-1.000000000000000000e+00,-1.000000000000000000e+00,-1.000000000000000000e+00,-1.000000000000000000e+00,-1.000000000000000000e+00,-1.000000000000000000e+00,-1.000000000000000000e+00,-1.000000000000000000e+00,-1.000000000000000000e+00,-1.000000000000000000e+00,-1.000000000000000000e+00,-1.000000000000000000e+00,-1.000000000000000000e+00,-1.000000000000000000e+00,-1.000000000000000000e+00,-1.000000000000000000e+00,-1.000000000000000000e+00,-1.000000000000000000e+00,-1.000000000000000000e+00,-1.000000000000000000e+00,-1.000000000000000000e+00,-1.000000000000000000e+00,-1.000000000000000000e+00,-1.000000000000000000e+00,-1.000000000000000000e+00,-1.000000000000000000e+00,-1.000000000000000000e+00,-1.000000000000000000e+00,-1.000000000000000000e+00,-1.000000000000000000e+00,-1.000000000000000000e+00,-1.434129944601974183e+00,-1.434205616547955753e+00,-1.434432265858598621e+00,-1.434808477944381266e+00,-1.435330623134609684e+00,-1.435990037151944954e+00,-1.436766787431695169e+00,-1.437616512855797390e+00,-1.438443769626435387e+00,-1.439050297116307053e+00,-1.439039007889877153e+00,-1.437644185720980294e+00,-1.433446598619051215e+00,-1.423923139058029363e+00,-1.404783345670181260e+00,-1.369076463440812796e+00,-1.306139027043893730e+00,-1.200630142425719526e+00,-1.032207118582662675e+00,-7.768422099724348051e-01,-4.113079703045056101e-01,7.727815464211129637e-02,6.753503675322263256e-01,1.321216815437572301e+00,1.886884874423184311e+00,2.197163442966997060e+00,2.197163443049385823e+00,1.886884874678546709e+00,1.321216815818981427e+00,6.753503679540127091e-01,7.727815502944745951e-02,-4.113079701177106973e-01,-7.768422100986394074e-01,-1.032207118904750365e+00,-1.200630142905675379e+00,-1.306139027777178052e+00,-1.369076464307060093e+00,-1.404783346444802739e+00,-1.423923139662775839e+00,-1.433446599034741364e+00,-1.437644185892331450e+00,-1.439039007751550914e+00,-1.439050296696834152e+00,-1.438443769028315833e+00,-1.437616512299321858e+00,-1.436766787080251628e+00,-1.435990037073738845e+00,-1.435330623510091552e+00,-1.434808478713972546e+00,-1.434432267114308601e+00,-1.434205618049780195e+00,-1.434129945387986105e+00,-1.000000000000000000e+00,-1.000000000000000000e+00,-1.000000000000000000e+00,-1.000000000000000000e+00,-1.000000000000000000e+00,-1.000000000000000000e+00,-1.000000000000000000e+00,-1.000000000000000000e+00,-1.000000000000000000e+00,-1.000000000000000000e+00,-1.000000000000000000e+00,-1.000000000000000000e+00,-1.000000000000000000e+00,-1.000000000000000000e+00,-1.000000000000000000e+00,-1.000000000000000000e+00,-1.000000000000000000e+00,-1.000000000000000000e+00,-1.000000000000000000e+00,-1.000000000000000000e+00,-1.000000000000000000e+00,-1.000000000000000000e+00,-1.000000000000000000e+00,-1.000000000000000000e+00,-1.000000000000000000e+00,-1.000000000000000000e+00,-1.000000000000000000e+00,-1.000000000000000000e+00,-1.000000000000000000e+00,-1.000000000000000000e+00,-1.000000000000000000e+00,-1.000000000000000000e+00,-1.000000000000000000e+00,-1.000000000000000000e+00,-1.000000000000000000e+00,-1.000000000000000000e+00,-1.000000000000000000e+00,-1.000000000000000000e+00,-1.000000000000000000e+00,-1.000000000000000000e+00,-1.000000000000000000e+00,-1.000000000000000000e+00,-1.000000000000000000e+00,-1.000000000000000000e+00,-1.000000000000000000e+00,-1.000000000000000000e+00
-1.000000000000000000e+00,-1.000000000000000000e+00,-1.000000000000000000e+00,-1.000000000000000000e+00,-1.000000000000000000e+00,-1.000000000000000000e+00,-1.000000000000000000e+00,-1.000000000000000000e+00,-1.000000000000000000e+00,-1.000000000000000000e+00,-1.000000000000000000e+00,-1.000000000000000000e+00,-1.000000000000000000e+00,-1.000000000000000000e+00,-1.000000000000000000e+00,-1.000000000000000000e+00,-1.000000000000000000e+00,-1.000000000000000000e+00,-1.000000000000000000e+00,-1.000000000000000000e+00,-1.000000000000000000e+00,-1.000000000000000000e+00,-1.000000000000000000e+00,-1.000000000000000000e+00,-1.000000000000000000e+00,-1.000000000000000000e+00,-1.000000000000000000e+00,-1.000000000000000000e+00,-1.000000000000000000e+00,-1.000000000000000000e+00,-1.000000000000000000e+00,-1.000000000000000000e+00,-1.000000000000000000e+00,-1.000000000000000000e+00,-1.000000000000000000e+00,-1.000000000000000000e+00,-1.000000000000000000e+00,-1.000000000000000000e+00,-1.000000000000000000e+00,-1.000000000000000000e+00,-1.000000000000000000e+00,-1.000000000000000000e+00,-1.000000000000000000e+00,-1.000000000000000000e+00,-1.000000000000000000e+00,-1.000000000000000000e+00,-1.434517080266357159e+00,-1.434592764662999675e+00,-1.434819451029471615e+00,-1.435195724141887119e+00,-1.435717953374027411e+00,-1.436377474176319557e+00,-1.437154355560436247e+00,-1.438004242874384442e+00,-1.438831709665670422e+00,-1.439438535070469483e+00,-1.439427715251120343e+00,-1.438033699119473763e+00,-1.433837564435129108e+00,-1.424316757009110646e+00,-1.405181756597806642e+00,-1.369483327296879382e+00,-1.306560316417191059e+00,-1.201075114430114832e+00,-1.032689297464125744e+00,-7.773799917727256537e-01,-4.119241533436678315e-01,7.655892855011692255e-02,6.745073926527431762e-01,1.320242913493081982e+00,1.885798272778015594e+00,2.196014625597314751e+00,2.196014625890729377e+00,1.885798273612737663e+00,1.320242914621218233e+00,6.745073936990864105e-01,7.655892933304686565e-02,-4.119241528781680817e-01,-7.773799917907406876e-01,-1.032689298015012191e+00,-1.201075115325051623e+00,-1.306560317511202829e+00,-1.369483328466436056e+00,-1.405181757670771914e+00,-1.424316757869248828e+00,-1.433837565003239112e+00,-1.438033699293392642e+00,-1.439427714972470351e+00,-1.439438534452266216e+00,-1.438831708874854343e+00,-1.438004242144700129e+00,-1.437154355068615219e+00,-1.436377474002546784e+00,-1.435717953706731498e+00,-1.435195724881434876e+00,-1.434819452284356256e+00,-1.434592766207068770e+00,-1.434517081103021230e+00,-1.000000000000000000e+00,-1.000000000000000000e+00,-1.000000000000000000e+00,-1.000000000000000000e+00,-1.000000000000000000e+00,-1.000000000000000000e+00,-1.000000000000000000e+00,-1.000000000000000000e+00,-1.000000000000000000e+00,-1.000000000000000000e+00,-1.000000000000000000e+00,-1.000000000000000000e+00,-1.000000000000000000e+00,-1.000000000000000000e+00,-1.000000000000000000e+00,-1.000000000000000000e+00,-1.000000000000000000e+00,-1.000000000000000000e+00,-1.000000000000000000e+00,-1.000000000000000000e+00,-1.000000000000000000e+00,-1.000000000000000000e+00,-1.000000000000000000e+00,-1.000000000000000000e+00,-1.000000000000000000e+00,-1.000000000000000000e+00,-1.000000000000000000e+00,-1.000000000000000000e+00,-1.000000000000000000e+00,-1.000000000000000000e+00,-1.000000000000000000e+00,-1.000000000000000000e+00,-1.000000000000000000e+00,-1.000000000000000000e+00,-1.000000000000000000e+00,-1.000000000000000000e+00,-1.000000000000000000e+00,-1.000000000000000000e+00,-1.000000000000000000e+00,-1.000000000000000000e+00,-1.000000000000000000e+00,-1.000000000000000000e+00,-1.000000000000000000e+00,-1.000000000000000000e+00,-1.000000000000000000e+00,-1.000000000000000000e+00
-1.000000000000000000e+00,-1.000000000000000000e+00,-1.000000000000000000e+00,-1.000000000000000000e+00,-1.000000000000000000e+00,-1.000000000000000000e+00,-1.000000000000000000e+00,-1.000000000000000000e+00,-1.000000000000000000e+00,-1.000000000000000000e+00,-1.000000000000000000e+00,-1.000000000000000000e+00,-1.000000000000000000e+00,-1.000000000000000000e+00,-1.000000000000000000e+00,-1.000000000000000000e+00,-1.000000000000000000e+00,-1.000000000000000000e+00,-1.000000000000000000e+00,-1.000000000000000000e+00,-1.000000000000000000e+00,-1.000000000000000000e+00,-1.000000000000000000e+00,-1.000000000000000000e+00,-1.000000000000000000e+00,-1.000000000000000000e+00,-1.000000000000000000e+00,-1.000000000000000000e+00,-1.000000000000000000e+00,-1.000000000000000000e+00,-1.000000000000000000e+00,-1.000000000000000000e+00,-1.000000000000000000e+00,-1.000000000000000000e+00,-1.000000000000000000e+00,-1.000000000000000000e+00,-1.000000000000000000e+00,-1.000000000000000000e+00,-1.000000000000000000e+00,-1.000000000000000000e+00,-1.000000000000000000e+00,-1.000000000000000000e+00,-1.000000000000000000e+00,-1.000000000000000000e+00,-1.000000000000000000e+00,-1.000000000000000000e+00,-1.434921888930315914e+00,-1.434997587985697542e+00,-1.435224318009107325e+00,-1.435600663050285775e+00,-1.436122991379063629e+00,-1.436782638011276703e+00,-1.437559673419078088e+00,-1.438409749525885628e+00,-1.439237457856810121e+00,-1.439844619026095174e+00,-1.439834316682990334e+00,-1.438441172828057280e+00,-1.434246590152005840e+00,-1.424728595151273591e+00,-1.405598655372778394e+00,-1.369909129381396529e+00,-1.307001291671383125e+00,-1.201540979410875787e+00,-1.033194245490377972e+00,-7.779433254301247880e-01,-4.125697889469708279e-01,7.580514873780397345e-02,6.736237652976990731e-01,1.319221932200508096e+00,1.884659075656773375e+00,2.194810165448826567e+00,2.194810165892709275e+00,1.884659076857941873e+00,1.319221933777613653e+00,6.736237667760713865e-01,7.580514980196739749e-02,-4.125697883863498339e-01,-7.779433254718267632e-01,-1.033194246191457388e+00,-1.201540980569427264e+00,-1.307001293004164566e+00,-1.369909130687782861e+00,-1.405598656530375079e+00,-1.424728596099054556e+00,-1.434246590803225807e+00,-1.438441173030466480e+00,-1.439834316372179179e+00,-1.439844618368521401e+00,-1.439237457034904910e+00,-1.438409748766953600e+00,-1.437559672916574049e+00,-1.436782637840280819e+00,-1.436122991697593498e+00,-1.435600663713922698e+00,-1.435224319151122696e+00,-1.434997589401619367e+00,-1.434921889607387424e+00,-1.000000000000000000e+00,-1.000000000000000000e+00,-1.000000000000000000e+00,-1.000000000000000000e+00,-1.000000000000000000e+00,-1.000000000000000000e+00,-1.000000000000000000e+00,-1.000000000000000000e+00,-1.000000000000000000e+00,-1.000000000000000000e+00,-1.000000000000000000e+00,-1.000000000000000000e+00,-1.000000000000000000e+00,-1.000000000000000000e+00,-1.000000000000000000e+00,-1.000000000000000000e+00,-1.000000000000000000e+00,-1.000000000000000000e+00,-1.000000000000000000e+00,-1.000000000000000000e+00,-1.000000000000000000e+00,-1.000000000000000000e+00,-1.000000000000000000e+00,-1.000000000000000000e+00,-1.000000000000000000e+00,-1.000000000000000000e+00,-1.000000000000000000e+00,-1.000000000000000000e+00,-1.000000000000000000e+00,-1.000000000000000000e+00,-1.000000000000000000e+00,-1.000000000000000000e+00,-1.000000000000000000e+00,-1.000000000000000000e+00,-1.000000000000000000e+00,-1.000000000000000000e+00,-1.000000000000000000e+00,-1.000000000000000000e+00,-1.000000000000000000e+00,-1.000000000000000000e+00,-1.000000000000000000e+00,-1.000000000000000000e+00,-1.000000000000000000e+00,-1.000000000000000000e+00,-1.000000000000000000e+00,-1.000000000000000000e+00
-1.000000000000000000e+00,-1.000000000000000000e+00,-1.000000000000000000e+00,-1.000000000000000000e+00,-1.000000000000000000e+00,-1.000000000000000000e+00,-1.000000000000000000e+00,-1.000000000000000000e+00,-1.000000000000000000e+00,-1.000000000000000000e+00,-1.000000000000000000e+00,-1.000000000000000000e+00,-1.000000000000000000e+00,-1.000000000000000000e+00,-1.000000000000000000e+00,-1.000000000000000000e+00,-1.000000000000000000e+00,-1.000000000000000000e+00,-1.000000000000000000e+00,-1.000000000000000000e+00,-1.000000000000000000e+00,-1.000000000000000000e+00,-1.000000000000000000e+00,-1.000000000000000000e+00,-1.000000000000000000e+00,-1.000000000000000000e+00,-1.000000000000000000e+00,-1.000000000000000000e+00,-1.000000000000000000e+00,-1.000000000000000000e+00,-1.000000000000000000e+00,-1.000000000000000000e+00,-1.000000000000000000e+00,-1.000000000000000000e+00,-1.000000000000000000e+00,-1.000000000000000000e+00,-1.000000000000000000e+00,-1.000000000000000000e+00,-1.000000000000000000e+00,-1.000000000000000000e+00,-1.000000000000000000e+00,-1.000000000000000000e+00,-1.000000000000000000e+00,-1.000000000000000000e+00,-1.000000000000000000e+00,-1.000000000000000000e+00,-1.435344164181506121e+00,-1.435419880348191013e+00,-1.435646661372406596e+00,-1.436023090489383369e+00,-1.436545534704535276e+00,-1.437205328430019469e+00,-1.437982543486387987e+00,-1.438832838458339314e+00,-1.439660823451117899e+00,-1.440268362245579636e+00,-1.440258629856511874e+00,-1.438866429328746310e+00,-1.434673503484667378e+00,-1.425158486918880474e+00,-1.406033881770551996e+00,-1.370353716659807652e+00,-1.307461808128389524e+00,-1.202027602591538180e+00,-1.033721839681465360e+00,-7.785321017931502441e-01,-4.132447834898649308e-01,7.501689266102529174e-02,6.726995479074553419e-01,1.318153922123825872e+00,1.883467325842406837e+00,2.193550100660628832e+00,2.193550101160766097e+00,1.883467327128065527e+00,1.318153923763881963e+00,6.726995494892369365e-01,7.501689378631937188e-02,-4.132447830249342813e-01,-7.785321019684698918e-01,-1.033721840429568495e+00,-1.202027603762252372e+00,-1.307461809473427827e+00,-1.370353717947610406e+00,-1.406033882885101116e+00,-1.425158487821334363e+00,-1.434673504112501830e+00,-1.438866429561306948e+00,-1.440258629637831245e+00,-1.440268361722535806e+00,-1.439660822773893400e+00,-1.438832837836735656e+00,-1.437982543096397281e+00,-1.437205328314553610e+00,-1.436545534986485739e+00,-1.436023091009002606e+00,-1.435646662300579690e+00,-1.435419881497206562e+00,-1.435344164531762612e+00,-1.000000000000000000e+00,-1.000000000000000000e+00,-1.000000000000000000e+00,-1.000000000000000000e+00,-1.000000000000000000e+00,-1.000000000000000000e+00,-1.000000000000000000e+00,-1.000000000000000000e+00,-1.000000000000000000e+00,-1.000000000000000000e+00,-1.000000000000000000e+00,-1.000000000000000000e+00,-1.000000000000000000e+00,-1.000000000000000000e+00,-1.000000000000000000e+00,-1.000000000000000000e+00,-1.000000000000000000e+00,-1.000000000000000000e+00,-1.000000000000000000e+00,-1.000000000000000000e+00,-1.000000000000000000e+00,-1.000000000000000000e+00,-1.000000000000000000e+00,-1.000000000000000000e+00,-1.000000000000000000e+00,-1.000000000000000000e+00,-1.000000000000000000e+00,-1.000000000000000000e+00,-1.000000000000000000e+00,-1.000000000000000000e+00,-1.000000000000000000e+00,-1.000000000000000000e+00,-1.000000000000000000e+00,-1.000000000000000000e+00,-1.000000000000000000e+00,-1.000000000000000000e+00,-1.000000000000000000e+00,-1.000000000000000000e+00,-1.000000000000000000e+00,-1.000000000000000000e+00,-1.000000000000000000e+00,-1.000000000000000000e+00,-1.000000000000000000e+00,-1.000000000000000000e+00,-1.000000000000000000e+00,-1.000000000000000000e+00
-1.000000000000000000e+00,-1.000000000000000000e+00,-1.000000000000000000e+00,-1.000000000000000000e+00,-1.000000000000000000e+00,-1.000000000000000000e+00,-1.000000000000000000e+00,-1.000000000000000000e+00,-1.000000000000000000e+00,-1.000000000000000000e+00,-1.000000000000000000e+00,-1.000000000000000000e+00,-1.000000000000000000e+00,-1.000000000000000000e+00,-1.000000000000000000e+00,-1.000000000000000000e+00,-1.000000000000000000e+00,-1.000000000000000000e+00,-1.000000000000000000e+00,-1.000000000000000000e+00,-1.000000000000000000e+00,-1.000000000000000000e+00,-1.000000000000000000e+00,-1.000000000000000000e+00,-1.000000000000000000e+00,-1.000000000000000000e+00,-1.000000000000000000e+00,-1.000000000000000000e+00,-1.000000000000000000e+00,-1.000000000000000000e+00,-1.000000000000000000e+00,-1.000000000000000000e+00,-1.000000000000000000e+00,-1.000000000000000000e+00,-1.000000000000000000e+00,-1.000000000000000000e+00,-1.000000000000000000e+00,-1.000000000000000000e+00,-1.000000000000000000e+00,-1.000000000000000000e+00,-1.000000000000000000e+00,-1.000000000000000000e+00,-1.000000000000000000e+00,-1.000000000000000000e+00,-1.000000000000000000e+00,-1.000000000000000000e+00,-1.435783676027186484e+00,-1.435859411992832957e+00,-1.436086252069624258e+00,-1.436462778588458722e+00,-1.436985357125161844e+00,-1.437645321330018877e+00,-1.438422744280338339e+00,-1.439273291302713309e+00,-1.440101591682085402e+00,-1.440709554051093466e+00,-1.440700448666390354e+00,-1.439309267587794317e+00,-1.435118109006964238e+00,-1.425606243110709492e+00,-1.406487253584967734e+00,-1.370816914944280818e+00,-1.307941700996555934e+00,-1.202534830368827246e+00,-1.034271939804404905e+00,-7.791461963552855918e-01,-4.139490302111228370e-01,7.419424843335309383e-02,6.717348109810601375e-01,1.317038939444412637e+00,1.882223069819693340e+00,2.192234471989646494e+00,2.192234472415832691e+00,1.882223070895065575e+00,1.317038940784466039e+00,6.717348122629707152e-01,7.419424931175755411e-02,-4.139490299535443230e-01,-7.791461966594334099e-01,-1.034271940519547517e+00,-1.202534831367696677e+00,-1.307941702124136407e+00,-1.370816916028965382e+00,-1.406487254524449115e+00,-1.425606243865297884e+00,-1.435118109558571886e+00,-1.439309267871790032e+00,-1.440700448623640328e+00,-1.440709553790579411e+00,-1.440101591317506813e+00,-1.439273290987658660e+00,-1.438422744110639195e+00,-1.437645321303343549e+00,-1.436985357328954382e+00,-1.436462778878508706e+00,-1.436086252690803589e+00,-1.435859412784957767e+00,-1.435783675963334005e+00,-1.000000000000000000e+00,-1.000000000000000000e+00,-1.000000000000000000e+00,-1.000000000000000000e+00,-1.000000000000000000e+00,-1.000000000000000000e+00,-1.000000000000000000e+00,-1.000000000000000000e+00,-1.000000000000000000e+00,-1.000000000000000000e+00,-1.000000000000000000e+00,-1.000000000000000000e+00,-1.000000000000000000e+00,-1.000000000000000000e+00,-1.000000000000000000e+00,-1.000000000000000000e+00,-1.000000000000000000e+00,-1.000000000000000000e+00,-1.000000000000000000e+00,-1.000000000000000000e+00,-1.000000000000000000e+00,-1.000000000000000000e+00,-1.000000000000000000e+00,-1.000000000000000000e+00,-1.000000000000000000e+00,-1.000000000000000000e+00,-1.000000000000000000e+00,-1.000000000000000000e+00,-1.000000000000000000e+00,-1.000000000000000000e+00,-1.000000000000000000e+00,-1.000000000000000000e+00,-1.000000000000000000e+00,-1.000000000000000000e+00,-1.000000000000000000e+00,-1.000000000000000000e+00,-1.000000000000000000e+00,-1.000000000000000000e+00,-1.000000000000000000e+00,-1.000000000000000000e+00,-1.000000000000000000e+00,-1.000000000000000000e+00,-1.000000000000000000e+00,-1.000000000000000000e+00,-1.000000000000000000e+00,-1.000000000000000000e+00
-1.000000000000000000e+00,-1.000000000000000000e+00,-1.000000000000000000e+00,-1.000000000000000000e+00,-1.000000000000000000e+00,-1.000000000000000000e+00,-1.000000000000000000e+00,-1.000000000000000000e+00,-1.000000000000000000e+00,-1.000000000000000000e+00,-1.000000000000000000e+00,-1.000000000000000000e+00,-1.000000000000000000e+00,-1.000000000000000000e+00,-1.000000000000000000e+00,-1.000000000000000000e+00,-1.000000000000000000e+00,-1.000000000000000000e+00,-1.000000000000000000e+00,-1.000000000000000000e+00,-1.000000000000000000e+00,-1.000000000000000000e+00,-1.000000000000000000e+00,-1.000000000000000000e+00,-1.000000000000000000e+00,-1.000000000000000000e+00,-1.000000000000000000e+00,-1.000000000000000000e+00,-1.000000000000000000e+00,-1.000000000000000000e+00,-1.000000000000000000e+00,-1.000000000000000000e+00,-1.000000000000000000e+00,-1.000000000000000000e+00,-1.000000000000000000e+00,-1.000000000000000000e+00,-1.000000000000000000e+00,-1.000000000000000000e+00,-1.000000000000000000e+00,-1.000000000000000000e+00,-1.000000000000000000e+00,-1.000000000000000000e+00,-1.000000000000000000e+00,-1.000000000000000000e+00,-1.000000000000000000e+00,-1.000000000000000000e+00,-1.436240165394932600e+00,-1.436315924042989911e+00,-1.436542831786587371e+00,-1.436919469983592546e+00,-1.437442202649545031e+00,-1.438102362531783474e+00,-1.438880023904460570e+00,-1.439730858950359682e+00,-1.440559516773660231e+00,-1.441167952581957845e+00,-1.441159535776951994e+00,-1.439769455445286894e+00,-1.435580180448364107e+00,-1.426071644164442098e+00,-1.406958558952098093e+00,-1.371298521329513687e+00,-1.308440777972839530e+00,-1.203062483149971440e+00,-1.034844381531560664e+00,-7.797854628149836209e-01,-4.146824032428854112e-01,7.333732028340822495e-02,6.707296380249621048e-01,1.315877050448192254e+00,1.880926361936780200e+00,2.190863326895636121e+00,2.190863327125032178e+00,1.880926362522849615e+00,1.315877051159888289e+00,6.707296386515424480e-01,7.333732065177200887e-02,-4.146824032432556706e-01,-7.797854631629889122e-01,-1.034844382116686612e+00,-1.203062483870859234e+00,-1.308440778745092681e+00,-1.371298522054994251e+00,-1.406958559576304779e+00,-1.426071644699392627e+00,-1.435580180927050309e+00,-1.439769455814824850e+00,-1.441159535963630223e+00,-1.441167952667341767e+00,-1.440559516824744035e+00,-1.439730859030500687e+00,-1.438880024006939262e+00,-1.438102362618382646e+00,-1.437442202759635412e+00,-1.436919470006521760e+00,-1.436542832068727460e+00,-1.436315924456280868e+00,-1.436240164912762740e+00,-1.000000000000000000e+00,-1.000000000000000000e+00,-1.000000000000000000e+00,-1.000000000000000000e+00,-1.000000000000000000e+00,-1.000000000000000000e+00,-1.000000000000000000e+00,-1.000000000000000000e+00,-1.000000000000000000e+00,-1.000000000000000000e+00,-1.000000000000000000e+00,-1.000000000000000000e+00,-1.000000000000000000e+00,-1.000000000000000000e+00,-1.000000000000000000e+00,-1.000000000000000000e+00,-1.000000000000000000e+00,-1.000000000000000000e+00,-1.000000000000000000e+00,-1.000000000000000000e+00,-1.000000000000000000e+00,-1.000000000000000000e+00,-1.000000000000000000e+00,-1.000000000000000000e+00,-1.000000000000000000e+00,-1.000000000000000000e+00,-1.000000000000000000e+00,-1.000000000000000000e+00,-1.000000000000000000e+00,-1.000000000000000000e+00,-1.000000000000000000e+00,-1.000000000000000000e+00,-1.000000000000000000e+00,-1.000000000000000000e+00,-1.000000000000000000e+00,-1.000000000000000000e+00,-1.000000000000000000e+00,-1.000000000000000000e+00,-1.000000000000000000e+00,-1.000000000000000000e+00,-1.000000000000000000e+00,-1.000000000000000000e+00,-1.000000000000000000e+00,-1.000000000000000000e+00,-1.000000000000000000e+00,-1.000000000000000000e+00
-1.000000000000000000e+00,-1.000000000000000000e+00,-1.000000000000000000e+00,-1.000000000000000000e+00,-1.000000000000000000e+00,-1.000000000000000000e+00,-1.000000000000000000e+00,-1.000000000000000000e+00,-1.000000000000000000e+00,-1.000000000000000000e+00,-1.000000000000000000e+00,-1.000000000000000000e+00,-1.000000000000000000e+00,-1.000000000000000000e+00,-1.000000000000000000e+00,-1.000000000000000000e+00,-1.000000000000000000e+00,-1.000000000000000000e+00,-1.000000000000000000e+00,-1.000000000000000000e+00,-1.000000000000000000e+00,-1.000000000000000000e+00,-1.000000000000000000e+00,-1.000000000000000000e+00,-1.000000000000000000e+00,-1.000000000000000000e+00,-1.000000000000000000e+00,-1.000000000000000000e+00,-1.000000000000000000e+00,-1.000000000000000000e+00,-1.000000000000000000e+00,-1.000000000000000000e+00,-1.000000000000000000e+00,-1.000000000000000000e+00,-1.000000000000000000e+00,-1.000000000000000000e+00,-1.000000000000000000e+00,-1.000000000000000000e+00,-1.000000000000000000e+00,-1.000000000000000000e+00,-1.000000000000000000e+00,-1.000000000000000000e+00,-1.000000000000000000e+00,-1.000000000000000000e+00,-1.000000000000000000e+00,-1.000000000000000000e+00,-1.436713336504540806e+00,-1.436789120811692522e+00,-1.437016105099616636e+00,-1.437392869731517919e+00,-1.437915777100418291e+00,-1.438576158961957230e+00,-1.439354090806231001e+00,-1.440205251878518222e+00,-1.441034311835850401e+00,-1.441643274281797282e+00,-1.441635611751589385e+00,-1.440246718461122732e+00,-1.436059449347817374e+00,-1.426554428723717294e+00,-1.407447544947753482e+00,-1.371798292938823272e+00,-1.308958808251313499e+00,-1.203610344723758274e+00,-1.035438966247521186e+00,-7.804497233886039664e-01,-4.154447485176545607e-01,7.244623698963681413e-02,6.696841333321204015e-01,1.314668338708795403e+00,1.879577271110396630e+00,2.189436725976767750e+00,2.189436725956588337e+00,1.879577271063078481e+00,1.314668338608066644e+00,6.696841331336023107e-01,7.244623671572680834e-02,-4.154447488365639041e-01,-7.804497237531977660e-01,-1.035438966634823155e+00,-1.203610345095988965e+00,-1.308958808578677857e+00,-1.371798293194209428e+00,-1.407447545169365766e+00,-1.426554429011813951e+00,-1.436059449768421148e+00,-1.440246718947407079e+00,-1.441635612213868045e+00,-1.441643274750980863e+00,-1.441034312310120802e+00,-1.440205252336243857e+00,-1.439354091158188131e+00,-1.438576159157513024e+00,-1.437915777130594153e+00,-1.437392869536930240e+00,-1.437016105118034348e+00,-1.436789120919895968e+00,-1.436713335698963867e+00,-1.000000000000000000e+00,-1.000000000000000000e+00,-1.000000000000000000e+00,-1.000000000000000000e+00,-1.000000000000000000e+00,-1.000000000000000000e+00,-1.000000000000000000e+00,-1.000000000000000000e+00,-1.000000000000000000e+00,-1.000000000000000000e+00,-1.000000000000000000e+00,-1.000000000000000000e+00,-1.000000000000000000e+00,-1.000000000000000000e+00,-1.000000000000000000e+00,-1.000000000000000000e+00,-1.000000000000000000e+00,-1.000000000000000000e+00,-1.000000000000000000e+00,-1.000000000000000000e+00,-1.000000000000000000e+00,-1.000000000000000000e+00,-1.000000000000000000e+00,-1.000000000000000000e+00,-1.000000000000000000e+00,-1.000000000000000000e+00,-1.000000000000000000e+00,-1.000000000000000000e+00,-1.000000000000000000e+00,-1.000000000000000000e+00,-1.000000000000000000e+00,-1.000000000000000000e+00,-1.000000000000000000e+00,-1.000000000000000000e+00,-1.000000000000000000e+00,-1.000000000000000000e+00,-1.000000000000000000e+00,-1.000000000000000000e+00,-1.000000000000000000e+00,-1.000000000000000000e+00,-1.000000000000000000e+00,-1.000000000000000000e+00,-1.000000000000000000e+00,-1.000000000000000000e+00,-1.000000000000000000e+00,-1.000000000000000000e+00
-1.000000000000000000e+00,-1.000000000000000000e+00,-1.000000000000000000e+00,-1.000000000000000000e+00,-1.000000000000000000e+00,-1.000000000000000000e+00,-1.000000000000000000e+00,-1.000000000000000000e+00,-1.000000000000000000e+00,-1.000000000000000000e+00,-1.000000000000000000e+00,-1.000000000000000000e+00,-1.000000000000000000e+00,-1.000000000000000000e+00,-1.000000000000000000e+00,-1.000000000000000000e+00,-1.000000000000000000e+00,-1.000000000000000000e+00,-1.000000000000000000e+00,-1.000000000000000000e+00,-1.000000000000000000e+00,-1.000000000000000000e+00,-1.000000000000000000e+00,-1.000000000000000000e+00,-1.000000000000000000e+00,-1.000000000000000000e+00,-1.000000000000000000e+00,-1.000000000000000000e+00,-1.000000000000000000e+00,-1.000000000000000000e+00,-1.000000000000000000e+00,-1.000000000000000000e+00,-1.000000000000000000e+00,-1.000000000000000000e+00,-1.000000000000000000e+00,-1.000000000000000000e+00,-1.000000000000000000e+00,-1.000000000000000000e+00,-1.000000000000000000e+00,-1.000000000000000000e+00,-1.000000000000000000e+00,-1.000000000000000000e+00,-1.000000000000000000e+00,-1.000000000000000000e+00,-1.000000000000000000e+00,-1.000000000000000000e+00,-1.437202846229856501e+00,-1.437278659072178666e+00,-1.437505728514451908e+00,-1.437882633962797918e+00,-1.438405736235369714e+00,-1.439066366137626840e+00,-1.439844600559013976e+00,-1.440696126200204708e+00,-1.441525634190915950e+00,-1.442135178548478169e+00,-1.442128339112806357e+00,-1.440740723506531928e+00,-1.436555588321731802e+00,-1.427054276737580896e+00,-1.407953900680735115e+00,-1.372315930189996536e+00,-1.309495506146737931e+00,-1.204178146407467231e+00,-1.036055445856006507e+00,-7.811387543792397414e-01,-4.162358701626494017e-01,7.152116462449198409e-02,6.685984338926598269e-01,1.313412916285711329e+00,1.878175891418334853e+00,2.187954753082971049e+00,2.187954752821726245e+00,1.878175890737642018e+00,1.313412915371252598e+00,6.685984329076604116e-01,7.152116374592920600e-02,-4.162358708138194086e-01,-7.811387547913654084e-01,-1.036055446055327955e+00,-1.204178146414985884e+00,-1.309495505996550513e+00,-1.372315929951494873e+00,-1.407953900490913623e+00,-1.427054276770167940e+00,-1.436555588677717488e+00,-1.440740724117807847e+00,-1.442128339861325825e+00,-1.442135179379517407e+00,-1.441525635031531749e+00,-1.440696126962675461e+00,-1.439844601094036003e+00,-1.439066366412505849e+00,-1.438405736213365316e+00,-1.437882633652522557e+00,-1.437505728413571937e+00,-1.437278659024357141e+00,-1.437202845278127139e+00,-1.000000000000000000e+00,-1.000000000000000000e+00,-1.000000000000000000e+00,-1.000000000000000000e+00,-1.000000000000000000e+00,-1.000000000000000000e+00,-1.000000000000000000e+00,-1.000000000000000000e+00,-1.000000000000000000e+00,-1.000000000000000000e+00,-1.000000000000000000e+00,-1.000000000000000000e+00,-1.000000000000000000e+00,-1.000000000000000000e+00,-1.000000000000000000e+00,-1.000000000000000000e+00,-1.000000000000000000e+00,-1.000000000000000000e+00,-1.000000000000000000e+00,-1.000000000000000000e+00,-1.000000000000000000e+00,-1.000000000000000000e+00,-1.000000000000000000e+00,-1.000000000000000000e+00,-1.000000000000000000e+00,-1.000000000000000000e+00,-1.000000000000000000e+00,-1.000000000000000000e+00,-1.000000000000000000e+00,-1.000000000000000000e+00,-1.000000000000000000e+00,-1.000000000000000000e+00,-1.000000000000000000e+00,-1.000000000000000000e+00,-1.000000000000000000e+00,-1.000000000000000000e+00,-1.000000000000000000e+00,-1.000000000000000000e+00,-1.000000000000000000e+00,-1.000000000000000000e+00,-1.000000000000000000e+00,-1.000000000000000000e+00,-1.000000000000000000e+00,-1.000000000000000000e+00,-1.000000000000000000e+00,-1.000000000000000000e+00
-1.000000000000000000e+00,-1.000000000000000000e+00,-1.000000000000000000e+00,-1.000000000000000000e+00,-1.000000000000000000e+00,-1.000000000000000000e+00,-1.000000000000000000e+00,-1.000000000000000000e+00,-1.000000000000000000e+00,-1.000000000000000000e+00,-1.000000000000000000e+00,-1.000000000000000000e+00,-1.000000000000000000e+00,-1.000000000000000000e+00,-1.000000000000000000e+00,-1.000000000000000000e+00,-1.000000000000000000e+00,-1.000000000000000000e+00,-1.000000000000000000e+00,-1.000000000000000000e+00,-1.000000000000000000e+00,-1.000000000000000000e+00,-1.000000000000000000e+00,-1.000000000000000000e+00,-1.000000000000000000e+00,-1.000000000000000000e+00,-1.000000000000000000e+00,-1.000000000000000000e+00,-1.000000000000000000e+00,-1.000000000000000000e+00,-1.000000000000000000e+00,-1.000000000000000000e+00,-1.000000000000000000e+00,-1.000000000000000000e+00,-1.000000000000000000e+00,-1.000000000000000000e+00,-1.000000000000000000e+00,-1.000000000000000000e+00,-1.000000000000000000e+00,-1.000000000000000000e+00,-1.000000000000000000e+00,-1.000000000000000000e+00,-1.000000000000000000e+00,-1.000000000000000000e+00,-1.000000000000000000e+00,-1.000000000000000000e+00,-1.437708289226544922e+00,-1.437784133061054348e+00,-1.438011295076762730e+00,-1.438388353857065649e+00,-1.438911668883268824e+00,-1.439572570302486643e+00,-1.440351136882922045e+00,-1.441203063510535731e+00,-1.442033064051040148e+00,-1.442643245309994215e+00,-1.442637298943384216e+00,-1.441251054574760992e+00,-1.437068186316595053e+00,-1.427570784416920091e+00,-1.408477232231168719e+00,-1.372851051989867788e+00,-1.310050506790916058e+00,-1.204765543471010503e+00,-1.036693500147821689e+00,-7.818522646527538145e-01,-4.170555101701975964e-01,7.056232565668718593e-02,6.674727272915912391e-01,1.312110940547374316e+00,1.876722358132136836e+00,2.186417530963184142e+00,2.186417530511463259e+00,1.876722356937134073e+00,1.312110938975879826e+00,6.674727257116153112e-01,7.056232433694908934e-02,-4.170555110909134333e-01,-7.818522651365418241e-01,-1.036693500209316499e+00,-1.204765543166217867e+00,-1.310050506232184331e+00,-1.372851051338034756e+00,-1.408477231685658193e+00,-1.427570784211411814e+00,-1.437068186599415487e+00,-1.441251055274713089e+00,-1.442637299903178238e+00,-1.442643246396055012e+00,-1.442033065146064885e+00,-1.441203064477827089e+00,-1.440351137536066473e+00,-1.439572570651791006e+00,-1.438911668873249727e+00,-1.438388353559171717e+00,-1.438011295015541924e+00,-1.437784133023704669e+00,-1.437708288319057504e+00,-1.000000000000000000e+00,-1.000000000000000000e+00,-1.000000000000000000e+00,-1.000000000000000000e+00,-1.000000000000000000e+00,-1.000000000000000000e+00,-1.000000000000000000e+00,-1.000000000000000000e+00,-1.000000000000000000e+00,-1.000000000000000000e+00,-1.000000000000000000e+00,-1.000000000000000000e+00,-1.000000000000000000e+00,-1.000000000000000000e+00,-1.000000000000000000e+00,-1.000000000000000000e+00,-1.000000000000000000e+00,-1.000000000000000000e+00,-1.000000000000000000e+00,-1.000000000000000000e+00,-1.000000000000000000e+00,-1.000000000000000000e+00,-1.000000000000000000e+00,-1.000000000000000000e+00,-1.000000000000000000e+00,-1.000000000000000000e+00,-1.000000000000000000e+00,-1.000000000000000000e+00,-1.000000000000000000e+00,-1.000000000000000000e+00,-1.000000000000000000e+00,-1.000000000000000000e+00,-1.000000000000000000e+00,-1.000000000000000000e+00,-1.000000000000000000e+00,-1.000000000000000000e+00,-1.000000000000000000e+00,-1.000000000000000000e+00,-1.000000000000000000e+00,-1.000000000000000000e+00,-1.000000000000000000e+00,-1.000000000000000000e+00,-1.000000000000000000e+00,-1.000000000000000000e+00,-1.000000000000000000e+00,-1.000000000000000000e+00
-1.000000000000000000e+00,-1.000000000000000000e+00,-1.000000000000000000e+00,-1.000000000000000000e+00,-1.000000000000000000e+00,-1.000000000000000000e+00,-1.000000000000000000e+00,-1.000000000000000000e+00,-1.000000000000000000e+00,-1.000000000000000000e+00,-1.000000000000000000e+00,-1.000000000000000000e+00,-1.000000000000000000e+00,-1.000000000000000000e+00,-1.000000000000000000e+00,-1.000000000000000000e+00,-1.000000000000000000e+00,-1.000000000000000000e+00,-1.000000000000000000e+00,-1.000000000000000000e+00,-1.000000000000000000e+00,-1.000000000000000000e+00,-1.000000000000000000e+00,-1.000000000000000000e+00,-1.000000000000000000e+00,-1.000000000000000000e+00,-1.000000000000000000e+00,-1.000000000000000000e+00,-1.000000000000000000e+00,-1.000000000000000000e+00,-1.000000000000000000e+00,-1.000000000000000000e+00,-1.000000000000000000e+00,-1.000000000000000000e+00,-1.000000000000000000e+00,-1.000000000000000000e+00,-1.000000000000000000e+00,-1.000000000000000000e+00,-1.000000000000000000e+00,-1.000000000000000000e+00,-1.000000000000000000e+00,-1.000000000000000000e+00,-1.000000000000000000e+00,-1.000000000000000000e+00,-1.000000000000000000e+00,-1.000000000000000000e+00,-1.438229177120770252e+00,-1.438305053466511829e+00,-1.438532312736831686e+00,-1.438909533006074826e+00,-1.439433072976042283e+00,-1.440094262858944152e+00,-1.440873184290386355e+00,-1.441725541655572762e+00,-1.442556073423315599e+00,-1.443166942176845824e+00,-1.443161956486795017e+00,-1.441777177106575270e+00,-1.437596712005458244e+00,-1.428103427110717361e+00,-1.409017025451473559e+00,-1.373403158900464938e+00,-1.310623330069296211e+00,-1.205372080194966333e+00,-1.037352703263907605e+00,-7.825898637182839845e-01,-4.179033182081005604e-01,6.957002740222151260e-02,6.663072784408978766e-01,1.310762639306252364e+00,1.875216871703583088e+00,2.184825244754713847e+00,2.184825244209672945e+00,1.875216870244159839e+00,1.310762637386504004e+00,6.663072765485738014e-01,6.957002584275229218e-02,-4.179033192997094748e-01,-7.825898642602013844e-01,-1.037352703237562235e+00,-1.205372079690981035e+00,-1.310623329255915959e+00,-1.373403157981544886e+00,-1.409017024664111162e+00,-1.428103426741580861e+00,-1.437596712223762507e+00,-1.441777177815444677e+00,-1.443161957504987214e+00,-1.443166943335323582e+00,-1.442556074604381067e+00,-1.441725542705456942e+00,-1.440873185019202696e+00,-1.440094263322561075e+00,-1.439433073083606462e+00,-1.438909532865920271e+00,-1.438532312870888896e+00,-1.438305053591906857e+00,-1.438229176413137411e+00,-1.000000000000000000e+00,-1.000000000000000000e+00,-1.000000000000000000e+00,-1.000000000000000000e+00,-1.000000000000000000e+00,-1.000000000000000000e+00,-1.000000000000000000e+00,-1.000000000000000000e+00,-1.000000000000000000e+00,-1.000000000000000000e+00,-1.000000000000000000e+00,-1.000000000000000000e+00,-1.000000000000000000e+00,-1.000000000000000000e+00,-1.000000000000000000e+00,-1.000000000000000000e+00,-1.000000000000000000e+00,-1.000000000000000000e+00,-1.000000000000000000e+00,-1.000000000000000000e+00,-1.000000000000000000e+00,-1.000000000000000000e+00,-1.000000000000000000e+00,-1.000000000000000000e+00,-1.000000000000000000e+00,-1.000000000000000000e+00,-1.000000000000000000e+00,-1.000000000000000000e+00,-1.000000000000000000e+00,-1.000000000000000000e+00,-1.000000000000000000e+00,-1.000000000000000000e+00,-1.000000000000000000e+00,-1.000000000000000000e+00,-1.000000000000000000e+00,-1.000000000000000000e+00,-1.000000000000000000e+00,-1.000000000000000000e+00,-1.000000000000000000e+00,-1.000000000000000000e+00,-1.000000000000000000e+00,-1.000000000000000000e+00,-1.000000000000000000e+00,-1.000000000000000000e+00,-1.000000000000000000e+00,-1.000000000000000000e+00
-1.000000000000000000e+00,-1.000000000000000000e+00,-1.000000000000000000e+00,-1.000000000000000000e+00,-1.000000000000000000e+00,-1.000000000000000000e+00,-1.000000000000000000e+00,-1.000000000000000000e+00,-1.000000000000000000e+00,-1.000000000000000000e+00,-1.000000000000000000e+00,-1.000000000000000000e+00,-1.000000000000000000e+00,-1.000000000000000000e+00,-1.000000000000000000e+00,-1.000000000000000000e+00,-1.000000000000000000e+00,-1.000000000000000000e+00,-1.000000000000000000e+00,-1.000000000000000000e+00,-1.000000000000000000e+00,-1.000000000000000000e+00,-1.000000000000000000e+00,-1.000000000000000000e+00,-1.000000000000000000e+00,-1.000000000000000000e+00,-1.000000000000000000e+00,-1.000000000000000000e+00,-1.000000000000000000e+00,-1.000000000000000000e+00,-1.000000000000000000e+00,-1.000000000000000000e+00,-1.000000000000000000e+00,-1.000000000000000000e+00,-1.000000000000000000e+00,-1.000000000000000000e+00,-1.000000000000000000e+00,-1.000000000000000000e+00,-1.000000000000000000e+00,-1.000000000000000000e+00,-1.000000000000000000e+00,-1.000000000000000000e+00,-1.000000000000000000e+00,-1.000000000000000000e+00,-1.000000000000000000e+00,-1.000000000000000000e+00,-1.438764909332879594e+00,-1.438840817922068194e+00,-1.439068173871856260e+00,-1.439445555373851215e+00,-1.439969321425126569e+00,-1.440630803732199761e+00,-1.441410088633404252e+00,-1.442262892303234123e+00,-1.443093980707385704e+00,-1.443705576234019183e+00,-1.443701610454844797e+00,-1.442318385267228109e+00,-1.438140459597707199e+00,-1.428651504285317175e+00,-1.409572590778424894e+00,-1.373971578452189535e+00,-1.311213327083888158e+00,-1.205997138044917039e+00,-1.038032474016819418e+00,-7.833510145144900738e-01,-4.187788070521731854e-01,6.854470394343148421e-02,6.651024690432727482e-01,1.309368348192009091e+00,1.873659733554561502e+00,2.183178176889884359e+00,2.183178176361541212e+00,1.873659732128674538e+00,1.309368346293914076e+00,6.651024671448209080e-01,6.854470235646226151e-02,-4.187788081647150218e-01,-7.833510150475071487e-01,-1.038032473959908497e+00,-1.205997137503864058e+00,-1.311213326216692732e+00,-1.373971577457636428e+00,-1.409572589911356477e+00,-1.428651503851664728e+00,-1.438140459749543520e+00,-1.442318385883372578e+00,-1.443701611359955894e+00,-1.443705577267293094e+00,-1.443093981796944369e+00,-1.442262893318748018e+00,-1.441410089410902984e+00,-1.440630804353780103e+00,-1.439969321747861075e+00,-1.439445555517981701e+00,-1.439068174331941785e+00,-1.438840818335245908e+00,-1.438764908942089749e+00,-1.000000000000000000e+00,-1.000000000000000000e+00,-1.000000000000000000e+00,-1.000000000000000000e+00,-1.000000000000000000e+00,-1.000000000000000000e+00,-1.000000000000000000e+00,-1.000000000000000000e+00,-1.000000000000000000e+00,-1.000000000000000000e+00,-1.000000000000000000e+00,-1.000000000000000000e+00,-1.000000000000000000e+00,-1.000000000000000000e+00,-1.000000000000000000e+00,-1.000000000000000000e+00,-1.000000000000000000e+00,-1.000000000000000000e+00,-1.000000000000000000e+00,-1.000000000000000000e+00,-1.000000000000000000e+00,-1.000000000000000000e+00,-1.000000000000000000e+00,-1.000000000000000000e+00,-1.000000000000000000e+00,-1.000000000000000000e+00,-1.000000000000000000e+00,-1.000000000000000000e+00,-1.000000000000000000e+00,-1.000000000000000000e+00,-1.000000000000000000e+00,-1.000000000000000000e+00,-1.000000000000000000e+00,-1.000000000000000000e+00,-1.000000000000000000e+00,-1.000000000000000000e+00,-1.000000000000000000e+00,-1.000000000000000000e+00,-1.000000000000000000e+00,-1.000000000000000000e+00,-1.000000000000000000e+00,-1.000000000000000000e+00,-1.000000000000000000e+00,-1.000000000000000000e+00,-1.000000000000000000e+00,-1.000000000000000000e+00
-1.000000000000000000e+00,-1.000000000000000000e+00,-1.000000000000000000e+00,-1.000000000000000000e+00,-1.000000000000000000e+00,-1.000000000000000000e+00,-1.000000000000000000e+00,-1.000000000000000000e+00,-1.000000000000000000e+00,-1.000000000000000000e+00,-1.000000000000000000e+00,-1.000000000000000000e+00,-1.000000000000000000e+00,-1.000000000000000000e+00,-1.000000000000000000e+00,-1.000000000000000000e+00,-1.000000000000000000e+00,-1.000000000000000000e+00,-1.000000000000000000e+00,-1.000000000000000000e+00,-1.000000000000000000e+00,-1.000000000000000000e+00,-1.000000000000000000e+00,-1.000000000000000000e+00,-1.000000000000000000e+00,-1.000000000000000000e+00,-1.000000000000000000e+00,-1.000000000000000000e+00,-1.000000000000000000e+00,-1.000000000000000000e+00,-1.000000000000000000e+00,-1.000000000000000000e+00,-1.000000000000000000e+00,-1.000000000000000000e+00,-1.000000000000000000e+00,-1.000000000000000000e+00,-1.000000000000000000e+00,-1.000000000000000000e+00,-1.000000000000000000e+00,-1.000000000000000000e+00,-1.000000000000000000e+00,-1.000000000000000000e+00,-1.000000000000000000e+00,-1.000000000000000000e+00,-1.000000000000000000e+00,-1.000000000000000000e+00,-1.439314732181075085e+00,-1.439390669590828065e+00,-1.439618112345736556e+00,-1.439995639896536561e+00,-1.440519613443733693e+00,-1.441181368753864600e+00,-1.441961000077148114e+00,-1.442814239252165676e+00,-1.443645884326799411e+00,-1.444258223231366323e+00,-1.444255318261027821e+00,-1.442873723937785790e+00,-1.438698468487771276e+00,-1.429214057846178054e+00,-1.410142981290555042e+00,-1.374555383989081392e+00,-1.311819600767621941e+00,-1.206639858908245211e+00,-1.038732002416626221e+00,-7.841349636864972661e-01,-4.196812869004029611e-01,6.748697775189738124e-02,6.638588555305211525e-01,1.307928565571786272e+00,1.872051398751572560e+00,2.181476758519527603e+00,2.181476758096212443e+00,1.872051397605341450e+00,1.307928564017808881e+00,6.638588539186707216e-01,6.748697637327105703e-02,-4.196812878546919423e-01,-7.841349641434616213e-01,-1.038732002401171250e+00,-1.206639858493118833e+00,-1.311819600051723489e+00,-1.374555383133632347e+00,-1.410142980516635669e+00,-1.429214057426458240e+00,-1.438698468550503984e+00,-1.442873724363957333e+00,-1.444255318904440477e+00,-1.444258223979569600e+00,-1.443645885192809564e+00,-1.442814240151028882e+00,-1.441961000881403443e+00,-1.441181369549219715e+00,-1.440519614038011209e+00,-1.439995640402293997e+00,-1.439618113211143191e+00,-1.439390670373791536e+00,-1.439314732181758982e+00,-1.000000000000000000e+00,-1.000000000000000000e+00,-1.000000000000000000e+00,-1.000000000000000000e+00,-1.000000000000000000e+00,-1.000000000000000000e+00,-1.000000000000000000e+00,-1.000000000000000000e+00,-1.000000000000000000e+00,-1.000000000000000000e+00,-1.000000000000000000e+00,-1.000000000000000000e+00,-1.000000000000000000e+00,-1.000000000000000000e+00,-1.000000000000000000e+00,-1.000000000000000000e+00,-1.000000000000000000e+00,-1.000000000000000000e+00,-1.000000000000000000e+00,-1.000000000000000000e+00,-1.000000000000000000e+00,-1.000000000000000000e+00,-1.000000000000000000e+00,-1.000000000000000000e+00,-1.000000000000000000e+00,-1.000000000000000000e+00,-1.000000000000000000e+00,-1.000000000000000000e+00,-1.000000000000000000e+00,-1.000000000000000000e+00,-1.000000000000000000e+00,-1.000000000000000000e+00,-1.000000000000000000e+00,-1.000000000000000000e+00,-1.000000000000000000e+00,-1.000000000000000000e+00,-1.000000000000000000e+00,-1.000000000000000000e+00,-1.000000000000000000e+00,-1.000000000000000000e+00,-1.000000000000000000e+00,-1.000000000000000000e+00,-1.000000000000000000e+00,-1.000000000000000000e+00,-1.000000000000000000e+00,-1.000000000000000000e+00
-1.000000000000000000e+00,-1.000000000000000000e+00,-1.000000000000000000e+00,-1.000000000000000000e+00,-1.000000000000000000e+00,-1.000000000000000000e+00,-1.000000000000000000e+00,-1.000000000000000000e+00,-1.000000000000000000e+00,-1.000000000000000000e+00,-1.000000000000000000e+00,-1.000000000000000000e+00,-1.000000000000000000e+00,-1.000000000000000000e+00,-1.000000000000000000e+00,-1.000000000000000000e+00,-1.000000000000000000e+00,-1.000000000000000000e+00,-1.000000000000000000e+00,-1.000000000000000000e+00,-1.000000000000000000e+00,-1.000000000000000000e+00,-1.000000000000000000e+00,-1.000000000000000000e+00,-1.000000000000000000e+00,-1.000000000000000000e+00,-1.000000000000000000e+00,-1.000000000000000000e+00,-1.000000000000000000e+00,-1.000000000000000000e+00,-1.000000000000000000e+00,-1.000000000000000000e+00,-1.000000000000000000e+00,-1.000000000000000000e+00,-1.000000000000000000e+00,-1.000000000000000000e+00,-1.000000000000000000e+00,-1.000000000000000000e+00,-1.000000000000000000e+00,-1.000000000000000000e+00,-1.000000000000000000e+00,-1.000000000000000000e+00,-1.000000000000000000e+00,-1.000000000000000000e+00,-1.000000000000000000e+00,-1.000000000000000000e+00,-1.439877681602834247e+00,-1.439953639086048121e+00,-1.440181143063060887e+00,-1.440558776200739244e+00,-1.441082905139592585e+00,-1.441744874084429195e+00,-1.442524790609167606e+00,-1.443378408626421194e+00,-1.444210565582127792e+00,-1.444823623460288919e+00,-1.444821785675740156e+00,-1.443441873254851071e+00,-1.439269404064089652e+00,-1.429789750805508852e+00,-1.410726870936128696e+00,-1.375153274135694215e+00,-1.312440888136258810e+00,-1.207299031470334238e+00,-1.039450141217598267e+00,-7.849406389809168161e-01,-4.206097689051481181e-01,6.639775011403270533e-02,6.625772539298311337e-01,1.306444032751150619e+00,1.870392552844336809e+00,2.179721644616505749e+00,2.179721644361140687e+00,1.870392552145822673e+00,1.306444031774952830e+00,6.625772528645048620e-01,6.639774917003626875e-02,-4.206097695761642496e-01,-7.849406393483207012e-01,-1.039450141301776487e+00,-1.207299031291254821e+00,-1.312440887733871797e+00,-1.375153273597537584e+00,-1.410726870390351273e+00,-1.429789750457987729e+00,-1.439269404024695165e+00,-1.443441873425475475e+00,-1.444821785955862081e+00,-1.444823623826008596e+00,-1.444210566153061093e+00,-1.443378409360452475e+00,-1.442524791414525831e+00,-1.441744875034749684e+00,-1.441082906011394327e+00,-1.440558777084839592e+00,-1.440181144353113396e+00,-1.439953640271737889e+00,-1.439877682019107930e+00,-1.000000000000000000e+00,-1.000000000000000000e+00,-1.000000000000000000e+00,-1.000000000000000000e+00,-1.000000000000000000e+00,-1.000000000000000000e+00,-1.000000000000000000e+00,-1.000000000000000000e+00,-1.000000000000000000e+00,-1.000000000000000000e+00,-1.000000000000000000e+00,-1.000000000000000000e+00,-1.000000000000000000e+00,-1.000000000000000000e+00,-1.000000000000000000e+00,-1.000000000000000000e+00,-1.000000000000000000e+00,-1.000000000000000000e+00,-1.000000000000000000e+00,-1.000000000000000000e+00,-1.000000000000000000e+00,-1.000000000000000000e+00,-1.000000000000000000e+00,-1.000000000000000000e+00,-1.000000000000000000e+00,-1.000000000000000000e+00,-1.000000000000000000e+00,-1.000000000000000000e+00,-1.000000000000000000e+00,-1.000000000000000000e+00,-1.000000000000000000e+00,-1.000000000000000000e+00,-1.000000000000000000e+00,-1.000000000000000000e+00,-1.000000000000000000e+00,-1.000000000000000000e+00,-1.000000000000000000e+00,-1.000000000000000000e+00,-1.000000000000000000e+00,-1.000000000000000000e+00,-1.000000000000000000e+00,-1.000000000000000000e+00,-1.000000000000000000e+00,-1.000000000000000000e+00,-1.000000000000000000e+00,-1.000000000000000000e+00
-1.000000000000000000e+00,-1.000000000000000000e+00,-1.000000000000000000e+00,-1.000000000000000000e+00,-1.000000000000000000e+00,-1.000000000000000000e+00,-1.000000000000000000e+00,-1.000000000000000000e+00,-1.000000000000000000e+00,-1.000000000000000000e+00,-1.000000000000000000e+00,-1.000000000000000000e+00,-1.000000000000000000e+00,-1.000000000000000000e+00,-1.000000000000000000e+00,-1.000000000000000000e+00,-1.000000000000000000e+00,-1.000000000000000000e+00,-1.000000000000000000e+00,-1.000000000000000000e+00,-1.000000000000000000e+00,-1.000000000000000000e+00,-1.000000000000000000e+00,-1.000000000000000000e+00,-1.000000000000000000e+00,-1.000000000000000000e+00,-1.000000000000000000e+00,-1.000000000000000000e+00,-1.000000000000000000e+00,-1.000000000000000000e+00,-1.000000000000000000e+00,-1.000000000000000000e+00,-1.000000000000000000e+00,-1.000000000000000000e+00,-1.000000000000000000e+00,-1.000000000000000000e+00,-1.000000000000000000e+00,-1.000000000000000000e+00,-1.000000000000000000e+00,-1.000000000000000000e+00,-1.000000000000000000e+00,-1.000000000000000000e+00,-1.000000000000000000e+00,-1.000000000000000000e+00,-1.000000000000000000e+00,-1.000000000000000000e+00,-1.440452503040667187e+00,-1.440528463114239210e+00,-1.440755976940440330e+00,-1.441133633628213895e+00,-1.441657810577193333e+00,-1.442319867662974486e+00,-1.443099934690998065e+00,-1.443953798077492134e+00,-1.444786346343136518e+00,-1.445400028500598122e+00,-1.445399203803568788e+00,-1.444020977543828188e+00,-1.439851380773951250e+00,-1.430376686982154588e+00,-1.411322373533458574e+00,-1.375763393740588647e+00,-1.313075385615340096e+00,-1.207972923024337009e+00,-1.040185245864769792e+00,-7.857664983840400019e-01,-4.215628238354605095e-01,6.527833323608178695e-02,6.612588635234328827e-01,1.304915850574265956e+00,1.868684223440664649e+00,2.177913822977006753e+00,2.177913822920515940e+00,1.868684223269696076e+00,1.304915850302587721e+00,6.612588631768101521e-01,6.527833287292739151e-02,-4.215628241689147737e-01,-7.857664986694752329e-01,-1.040185246076126280e+00,-1.207972923139323251e+00,-1.313075385614338897e+00,-1.375763393603069984e+00,-1.411322373277498654e+00,-1.430376686745593373e+00,-1.439851380646639756e+00,-1.444020977453366550e+00,-1.445399203701707380e+00,-1.445400028467906939e+00,-1.444786346600653193e+00,-1.443953798620289053e+00,-1.443099935466411576e+00,-1.442319868720772114e+00,-1.441657811686600343e+00,-1.441133634853802192e+00,-1.440755978624560951e+00,-1.440528464689568855e+00,-1.440452503843236531e+00,-1.000000000000000000e+00,-1.000000000000000000e+00,-1.000000000000000000e+00,-1.000000000000000000e+00,-1.000000000000000000e+00,-1.000000000000000000e+00,-1.000000000000000000e+00,-1.000000000000000000e+00,-1.000000000000000000e+00,-1.000000000000000000e+00,-1.000000000000000000e+00,-1.000000000000000000e+00,-1.000000000000000000e+00,-1.000000000000000000e+00,-1.000000000000000000e+00,-1.000000000000000000e+00,-1.000000000000000000e+00,-1.000000000000000000e+00,-1.000000000000000000e+00,-1.000000000000000000e+00,-1.000000000000000000e+00,-1.000000000000000000e+00,-1.000000000000000000e+00,-1.000000000000000000e+00,-1.000000000000000000e+00,-1.000000000000000000e+00,-1.000000000000000000e+00,-1.000000000000000000e+00,-1.000000000000000000e+00,-1.000000000000000000e+00,-1.000000000000000000e+00,-1.000000000000000000e+00,-1.000000000000000000e+00,-1.000000000000000000e+00,-1.000000000000000000e+00,-1.000000000000000000e+00,-1.000000000000000000e+00,-1.000000000000000000e+00,-1.000000000000000000e+00,-1.000000000000000000e+00,-1.000000000000000000e+00,-1.000000000000000000e+00,-1.000000000000000000e+00,-1.000000000000000000e+00,-1.000000000000000000e+00,-1.000000000000000000e+00
-1.000000000000000000e+00,-1.000000000000000000e+00,-1.000000000000000000e+00,-1.000000000000000000e+00,-1.000000000000000000e+00,-1.000000000000000000e+00,-1.000000000000000000e+00,-1.000000000000000000e+00,-1.000000000000000000e+00,-1.000000000000000000e+00,-1.000000000000000000e+00,-1.000000000000000000e+00,-1.000000000000000000e+00,-1.000000000000000000e+00,-1.000000000000000000e+00,-1.000000000000000000e+00,-1.000000000000000000e+00,-1.000000000000000000e+00,-1.000000000000000000e+00,-1.000000000000000000e+00,-1.000000000000000000e+00,-1.000000000000000000e+00,-1.000000000000000000e+00,-1.000000000000000000e+00,-1.000000000000000000e+00,-1.000000000000000000e+00,-1.000000000000000000e+00,-1.000000000000000000e+00,-1.000000000000000000e+00,-1.000000000000000000e+00,-1.000000000000000000e+00,-1.000000000000000000e+00,-1.000000000000000000e+00,-1.000000000000000000e+00,-1.000000000000000000e+00,-1.000000000000000000e+00,-1.000000000000000000e+00,-1.000000000000000000e+00,-1.000000000000000000e+00,-1.000000000000000000e+00,-1.000000000000000000e+00,-1.000000000000000000e+00,-1.000000000000000000e+00,-1.000000000000000000e+00,-1.000000000000000000e+00,-1.000000000000000000e+00,-1.441037539650878552e+00,-1.441113470763145887e+00,-1.441340901515823170e+00,-1.441718432644035319e+00,-1.442242460850347463e+00,-1.442904373353044889e+00,-1.443684336587061079e+00,-1.444538186241361544e+00,-1.445370880512885314e+00,-1.445984975546149576e+00,-1.445985008078015666e+00,-1.444608391672110415e+00,-1.440441699269114251e+00,-1.430972142888750076e+00,-1.411926773601562157e+00,-1.376383067828698348e+00,-1.313720489973618788e+00,-1.208659030659131606e+00,-1.040934938431130607e+00,-7.866103083827536979e-01,-4.225383752257280134e-01,6.413064266187196161e-02,6.599054462577547131e-01,1.303345648143148239e+00,1.866927941331767205e+00,2.176054771417886169e+00,2.176054771555185230e+00,1.866927941682304137e+00,1.303345648582377336e+00,6.599054466504170602e-01,6.413064289797909545e-02,-4.225383752126594672e-01,-7.866103085814173390e-01,-1.040934938776433061e+00,-1.208659031080258073e+00,-1.313720490368601279e+00,-1.376383068070566651e+00,-1.411926773624622378e+00,-1.430972142775928768e+00,-1.440441699090603489e+00,-1.444608391381958068e+00,-1.445985007668838751e+00,-1.445984975185230281e+00,-1.445370880494584842e+00,-1.444538186594301887e+00,-1.443684337302138632e+00,-1.442904374452656402e+00,-1.442242462123609625e+00,-1.441718434133903770e+00,-1.441340903522823513e+00,-1.441113472671628593e+00,-1.441037540771768599e+00,-1.000000000000000000e+00,-1.000000000000000000e+00,-1.000000000000000000e+00,-1.000000000000000000e+00,-1.000000000000000000e+00,-1.000000000000000000e+00,-1.000000000000000000e+00,-1.000000000000000000e+00,-1.000000000000000000e+00,-1.000000000000000000e+00,-1.000000000000000000e+00,-1.000000000000000000e+00,-1.000000000000000000e+00,-1.000000000000000000e+00,-1.000000000000000000e+00,-1.000000000000000000e+00,-1.000000000000000000e+00,-1.000000000000000000e+00,-1.000000000000000000e+00,-1.000000000000000000e+00,-1.000000000000000000e+00,-1.000000000000000000e+00,-1.000000000000000000e+00,-1.000000000000000000e+00,-1.000000000000000000e+00,-1.000000000000000000e+00,-1.000000000000000000e+00,-1.000000000000000000e+00,-1.000000000000000000e+00,-1.000000000000000000e+00,-1.000000000000000000e+00,-1.000000000000000000e+00,-1.000000000000000000e+00,-1.000000000000000000e+00,-1.000000000000000000e+00,-1.000000000000000000e+00,-1.000000000000000000e+00,-1.000000000000000000e+00,-1.000000000000000000e+00,-1.000000000000000000e+00,-1.000000000000000000e+00,-1.000000000000000000e+00,-1.000000000000000000e+00,-1.000000000000000000e+00,-1.000000000000000000e+00,-1.000000000000000000e+00
-1.000000000000000000e+00,-1.000000000000000000e+00,-1.000000000000000000e+00,-1.000000000000000000e+00,-1.000000000000000000e+00,-1.000000000000000000e+00,-1.000000000000000000e+00,-1.000000000000000000e+00,-1.000000000000000000e+00,-1.000000000000000000e+00,-1.000000000000000000e+00,-1.000000000000000000e+00,-1.000000000000000000e+00,-1.000000000000000000e+00,-1.000000000000000000e+00,-1.000000000000000000e+00,-1.000000000000000000e+00,-1.000000000000000000e+00,-1.000000000000000000e+00,-1.000000000000000000e+00,-1.000000000000000000e+00,-1.000000000000000000e+00,-1.000000000000000000e+00,-1.000000000000000000e+00,-1.000000000000000000e+00,-1.000000000000000000e+00,-1.000000000000000000e+00,-1.000000000000000000e+00,-1.000000000000000000e+00,-1.000000000000000000e+00,-1.000000000000000000e+00,-1.000000000000000000e+00,-1.000000000000000000e+00,-1.000000000000000000e+00,-1.000000000000000000e+00,-1.000000000000000000e+00,-1.000000000000000000e+00,-1.000000000000000000e+00,-1.000000000000000000e+00,-1.000000000000000000e+00,-1.000000000000000000e+00,-1.000000000000000000e+00,-1.000000000000000000e+00,-1.000000000000000000e+00,-1.000000000000000000e+00,-1.000000000000000000e+00,-1.441630576785981832e+00,-1.441706425030433447e+00,-1.441933613729793340e+00,-1.442310763425420417e+00,-1.442834303614699554e+00,-1.443495667364425694e+00,-1.444275080675984979e+00,-1.445128455223698705e+00,-1.445960848421596445e+00,-1.446574954978183447e+00,-1.446575521810297360e+00,-1.445200304788853307e+00,-1.441036455728258892e+00,-1.431572168857091487e+00,-1.412536125918905539e+00,-1.377008406187368861e+00,-1.314372414037531467e+00,-1.209353713245465478e+00,-1.041695759694001300e+00,-7.874688184868007257e-01,-4.235333971871357850e-01,6.295747695288844703e-02,6.585195862873953754e-01,1.301735825933485025e+00,1.865125971954107786e+00,2.174146683202725860e+00,2.174146683502786725e+00,1.865125972746088490e+00,1.301735826964846687e+00,6.585195872814391116e-01,6.295747768339676753e-02,-4.235333968654512171e-01,-7.874688185936191687e-01,-1.041695760151019723e+00,-1.209353713918257966e+00,-1.314372414738719241e+00,-1.377008406716476507e+00,-1.412536126159662064e+00,-1.431572168856447558e+00,-1.441036455547381356e+00,-1.445200304402467273e+00,-1.446575521228251837e+00,-1.446574954426229409e+00,-1.445960848227104911e+00,-1.445128455427953540e+00,-1.444275081309350117e+00,-1.443495668429285450e+00,-1.442834304949598634e+00,-1.442310765061604050e+00,-1.441933615938116198e+00,-1.441706427163682580e+00,-1.441630578132496510e+00,-1.000000000000000000e+00,-1.000000000000000000e+00,-1.000000000000000000e+00,-1.000000000000000000e+00,-1.000000000000000000e+00,-1.000000000000000000e+00,-1.000000000000000000e+00,-1.000000000000000000e+00,-1.000000000000000000e+00,-1.000000000000000000e+00,-1.000000000000000000e+00,-1.000000000000000000e+00,-1.000000000000000000e+00,-1.000000000000000000e+00,-1.000000000000000000e+00,-1.000000000000000000e+00,-1.000000000000000000e+00,-1.000000000000000000e+00,-1.000000000000000000e+00,-1.000000000000000000e+00,-1.000000000000000000e+00,-1.000000000000000000e+00,-1.000000000000000000e+00,-1.000000000000000000e+00,-1.000000000000000000e+00,-1.000000000000000000e+00,-1.000000000000000000e+00,-1.000000000000000000e+00,-1.000000000000000000e+00,-1.000000000000000000e+00,-1.000000000000000000e+00,-1.000000000000000000e+00,-1.000000000000000000e+00,-1.000000000000000000e+00,-1.000000000000000000e+00,-1.000000000000000000e+00,-1.000000000000000000e+00,-1.000000000000000000e+00,-1.000000000000000000e+00,-1.000000000000000000e+00,-1.000000000000000000e+00,-1.000000000000000000e+00,-1.000000000000000000e+00,-1.000000000000000000e+00,-1.000000000000000000e+00,-1.000000000000000000e+00
-1.000000000000000000e+00,-1.000000000000000000e+00,-1.000000000000000000e+00,-1.000000000000000000e+00,-1.000000000000000000e+00,-1.000000000000000000e+00,-1.000000000000000000e+00,-1.000000000000000000e+00,-1.000000000000000000e+00,-1.000000000000000000e+00,-1.000000000000000000e+00,-1.000000000000000000e+00,-1.000000000000000000e+00,-1.000000000000000000e+00,-1.000000000000000000e+00,-1.000000000000000000e+00,-1.000000000000000000e+00,-1.000000000000000000e+00,-1.000000000000000000e+00,-1.000000000000000000e+00,-1.000000000000000000e+00,-1.000000000000000000e+00,-1.000000000000000000e+00,-1.000000000000000000e+00,-1.000000000000000000e+00,-1.000000000000000000e+00,-1.000000000000000000e+00,-1.000000000000000000e+00,-1.000000000000000000e+00,-1.000000000000000000e+00,-1.000000000000000000e+00,-1.000000000000000000e+00,-1.000000000000000000e+00,-1.000000000000000000e+00,-1.000000000000000000e+00,-1.000000000000000000e+00,-1.000000000000000000e+00,-1.000000000000000000e+00,-1.000000000000000000e+00,-1.000000000000000000e+00,-1.000000000000000000e+00,-1.000000000000000000e+00,-1.000000000000000000e+00,-1.000000000000000000e+00,-1.000000000000000000e+00,-1.000000000000000000e+00,-1.442228626491511179e+00,-1.442304302787676296e+00,-1.442530986452122965e+00,-1.442907330552160472e+00,-1.443429818401498865e+00,-1.444089957870377416e+00,-1.444868070643587243e+00,-1.445720186583069999e+00,-1.446551509040800543e+00,-1.447164920664530285e+00,-1.447165428878010474e+00,-1.445791181977226447e+00,-1.441629960944436517e+00,-1.432170995384719037e+00,-1.413144659617922461e+00,-1.377633715603332698e+00,-1.315025616631036565e+00,-1.210051647130455876e+00,-1.042462656587829661e+00,-7.883372840676182713e-01,-4.245434737341728937e-01,6.176292330397581409e-02,6.571050643289824134e-01,1.300089904716093425e+00,1.863281646355907206e+00,2.172192788734744973e+00,2.172192789138389202e+00,1.863281647425510723e+00,1.300089906102375181e+00,6.571050656666748147e-01,6.176292432483387884e-02,-4.245434732061256211e-01,-7.883372840874669496e-01,-1.042462657083244704e+00,-1.210051647923116258e+00,-1.315025617486157428e+00,-1.377633716283153564e+00,-1.413144659980074103e+00,-1.432170995470213537e+00,-1.441629960824512668e+00,-1.445791181627218869e+00,-1.447165428292714218e+00,-1.447164920097488094e+00,-1.446551508804827524e+00,-1.445720186708397303e+00,-1.444868071189036041e+00,-1.444089958834800402e+00,-1.443429819695088767e+00,-1.442907332201888382e+00,-1.442530988712823259e+00,-1.442304305007162890e+00,-1.442228627965612020e+00,-1.000000000000000000e+00,-1.000000000000000000e+00,-1.000000000000000000e+00,-1.000000000000000000e+00,-1.000000000000000000e+00,-1.000000000000000000e+00,-1.000000000000000000e+00,-1.000000000000000000e+00,-1.000000000000000000e+00,-1.000000000000000000e+00,-1.000000000000000000e+00,-1.000000000000000000e+00,-1.000000000000000000e+00,-1.000000000000000000e+00,-1.000000000000000000e+00,-1.000000000000000000e+00,-1.000000000000000000e+00,-1.000000000000000000e+00,-1.000000000000000000e+00,-1.000000000000000000e+00,-1.000000000000000000e+00,-1.000000000000000000e+00,-1.000000000000000000e+00,-1.000000000000000000e+00,-1.000000000000000000e+00,-1.000000000000000000e+00,-1.000000000000000000e+00,-1.000000000000000000e+00,-1.000000000000000000e+00,-1.000000000000000000e+00,-1.000000000000000000e+00,-1.000000000000000000e+00,-1.000000000000000000e+00,-1.000000000000000000e+00,-1.000000000000000000e+00,-1.000000000000000000e+00,-1.000000000000000000e+00,-1.000000000000000000e+00,-1.000000000000000000e+00,-1.000000000000000000e+00,-1.000000000000000000e+00,-1.000000000000000000e+00,-1.000000000000000000e+00,-1.000000000000000000e+00,-1.000000000000000000e+00,-1.000000000000000000e+00
-1.000000000000000000e+00,-1.000000000000000000e+00,-1.000000000000000000e+00,-1.000000000000000000e+00,-1.000000000000000000e+00,-1.000000000000000000e+00,-1.000000000000000000e+00,-1.000000000000000000e+00,-1.000000000000000000e+00,-1.000000000000000000e+00,-1.000000000000000000e+00,-1.000000000000000000e+00,-1.000000000000000000e+00,-1.000000000000000000e+00,-1.000000000000000000e+00,-1.000000000000000000e+00,-1.000000000000000000e+00,-1.000000000000000000e+00,-1.000000000000000000e+00,-1.000000000000000000e+00,-1.000000000000000000e+00,-1.000000000000000000e+00,-1.000000000000000000e+00,-1.000000000000000000e+00,-1.000000000000000000e+00,-1.000000000000000000e+00,-1.000000000000000000e+00,-1.000000000000000000e+00,-1.000000000000000000e+00,-1.000000000000000000e+00,-1.000000000000000000e+00,-1.000000000000000000e+00,-1.000000000000000000e+00,-1.000000000000000000e+00,-1.000000000000000000e+00,-1.000000000000000000e+00,-1.000000000000000000e+00,-1.000000000000000000e+00,-1.000000000000000000e+00,-1.000000000000000000e+00,-1.000000000000000000e+00,-1.000000000000000000e+00,-1.000000000000000000e+00,-1.000000000000000000e+00,-1.000000000000000000e+00,-1.000000000000000000e+00,-1.442827630329547528e+00,-1.442902990679916675e+00,-1.443128743833444361e+00,-1.443503594892838526e+00,-1.444024113361645156e+00,-1.444681926746623546e+00,-1.445457508746286424e+00,-1.446307073603497084e+00,-1.447136044190968862e+00,-1.447747568814180763e+00,-1.447746993797801585e+00,-1.446372935743778232e+00,-1.442213876498981806e+00,-1.432760149472412259e+00,-1.413743891268951947e+00,-1.378250626115318678e+00,-1.315671957022538585e+00,-1.210745021387982456e+00,-1.043228227642751360e+00,-7.892087675311685313e-01,-4.255621571555392446e-01,6.055294445342207510e-02,6.556673959295282739e-01,1.298413024392465864e+00,1.861399832305753677e+00,2.170197812366251533e+00,2.170197812783542179e+00,1.861399833416494509e+00,1.298413025824277867e+00,6.556673972958533270e-01,6.055294550003997855e-02,-4.255621565792084837e-01,-7.892087674854977308e-01,-1.043228228075680164e+00,-1.210745022125609083e+00,-1.315671957842640794e+00,-1.378250626787570043e+00,-1.413743891651200402e+00,-1.432760149623638624e+00,-1.442213876512786985e+00,-1.446372935574220087e+00,-1.447746993388419279e+00,-1.447747568401817730e+00,-1.447136044038268121e+00,-1.446307073720189518e+00,-1.445457509210876346e+00,-1.444681927570124147e+00,-1.444024114530222613e+00,-1.443503596437737624e+00,-1.443128746017057207e+00,-1.442902992875257029e+00,-1.442827631865529092e+00,-1.000000000000000000e+00,-1.000000000000000000e+00,-1.000000000000000000e+00,-1.000000000000000000e+00,-1.000000000000000000e+00,-1.000000000000000000e+00,-1.000000000000000000e+00,-1.000000000000000000e+00,-1.000000000000000000e+00,-1.000000000000000000e+00,-1.000000000000000000e+00,-1.000000000000000000e+00,-1.000000000000000000e+00,-1.000000000000000000e+00,-1.000000000000000000e+00,-1.000000000000000000e+00,-1.000000000000000000e+00,-1.000000000000000000e+00,-1.000000000000000000e+00,-1.000000000000000000e+00,-1.000000000000000000e+00,-1.000000000000000000e+00,-1.000000000000000000e+00,-1.000000000000000000e+00,-1.000000000000000000e+00,-1.000000000000000000e+00,-1.000000000000000000e+00,-1.000000000000000000e+00,-1.000000000000000000e+00,-1.000000000000000000e+00,-1.000000000000000000e+00,-1.000000000000000000e+00,-1.000000000000000000e+00,-1.000000000000000000e+00,-1.000000000000000000e+00,-1.000000000000000000e+00,-1.000000000000000000e+00,-1.000000000000000000e+00,-1.000000000000000000e+00,-1.000000000000000000e+00,-1.000000000000000000e+00,-1.000000000000000000e+00,-1.000000000000000000e+00,-1.000000000000000000e+00,-1.000000000000000000e+00,-1.000000000000000000e+00
-1.000000000000000000e+00,-1.000000000000000000e+00,-1.000000000000000000e+00,-1.000000000000000000e+00,-1.000000000000000000e+00,-1.000000000000000000e+00,-1.000000000000000000e+00,-1.000000000000000000e+00,-1.000000000000000000e+00,-1.000000000000000000e+00,-1.000000000000000000e+00,-1.000000000000000000e+00,-1.000000000000000000e+00,-1.000000000000000000e+00,-1.000000000000000000e+00,-1.000000000000000000e+00,-1.000000000000000000e+00,-1.000000000000000000e+00,-1.000000000000000000e+00,-1.000000000000000000e+00,-1.000000000000000000e+00,-1.000000000000000000e+00,-1.000000000000000000e+00,-1.000000000000000000e+00,-1.000000000000000000e+00,-1.000000000000000000e+00,-1.000000000000000000e+00,-1.000000000000000000e+00,-1.000000000000000000e+00,-1.000000000000000000e+00,-1.000000000000000000e+00,-1.000000000000000000e+00,-1.000000000000000000e+00,-1.000000000000000000e+00,-1.000000000000000000e+00,-1.000000000000000000e+00,-1.000000000000000000e+00,-1.000000000000000000e+00,-1.000000000000000000e+00,-1.000000000000000000e+00,-1.000000000000000000e+00,-1.000000000000000000e+00,-1.000000000000000000e+00,-1.000000000000000000e+00,-1.000000000000000000e+00,-1.000000000000000000e+00,-1.443422051946818829e+00,-1.443496867158380548e+00,-1.443721012049066221e+00,-1.444093273296966462e+00,-1.444610355895710407e+00,-1.445264075745847032e+00,-1.446035145683604251e+00,-1.446880067510358137e+00,-1.447704599088561306e+00,-1.448312276761932083e+00,-1.448308908760461922e+00,-1.446933697119159534e+00,-1.442775930689328856e+00,-1.433327139700570907e+00,-1.414321305211133861e+00,-1.378846792495492579e+00,-1.316299441259076275e+00,-1.211422348789365611e+00,-1.043981613121957253e+00,-7.900731160392500119e-01,-4.265800353273284662e-01,5.933622594798704242e-02,6.542146030852205030e-01,1.296712654509787122e+00,1.859487601942745982e+00,2.168168617979924662e+00,2.168168618311298701e+00,1.859487602830519837e+00,1.296712655655480440e+00,6.542146041682659341e-01,5.933622677185312888e-02,-4.265800348548011156e-01,-7.900731159605669518e-01,-1.043981613410380316e+00,-1.211422349315095515e+00,-1.316299441868394204e+00,-1.378846793020327866e+00,-1.414321305541354157e+00,-1.433327139909842840e+00,-1.442775930888184899e+00,-1.446933697234354943e+00,-1.448308908660376426e+00,-1.448312276633568985e+00,-1.447704599122475955e+00,-1.446880067695134775e+00,-1.446035146098234137e+00,-1.445264076415984755e+00,-1.444610356871212753e+00,-1.444093274632474166e+00,-1.443721014053338081e+00,-1.443496869252034687e+00,-1.443422053495460711e+00,-1.000000000000000000e+00,-1.000000000000000000e+00,-1.000000000000000000e+00,-1.000000000000000000e+00,-1.000000000000000000e+00,-1.000000000000000000e+00,-1.000000000000000000e+00,-1.000000000000000000e+00,-1.000000000000000000e+00,-1.000000000000000000e+00,-1.000000000000000000e+00,-1.000000000000000000e+00,-1.000000000000000000e+00,-1.000000000000000000e+00,-1.000000000000000000e+00,-1.000000000000000000e+00,-1.000000000000000000e+00,-1.000000000000000000e+00,-1.000000000000000000e+00,-1.000000000000000000e+00,-1.000000000000000000e+00,-1.000000000000000000e+00,-1.000000000000000000e+00,-1.000000000000000000e+00,-1.000000000000000000e+00,-1.000000000000000000e+00,-1.000000000000000000e+00,-1.000000000000000000e+00,-1.000000000000000000e+00,-1.000000000000000000e+00,-1.000000000000000000e+00,-1.000000000000000000e+00,-1.000000000000000000e+00,-1.000000000000000000e+00,-1.000000000000000000e+00,-1.000000000000000000e+00,-1.000000000000000000e+00,-1.000000000000000000e+00,-1.000000000000000000e+00,-1.000000000000000000e+00,-1.000000000000000000e+00,-1.000000000000000000e+00,-1.000000000000000000e+00,-1.000000000000000000e+00,-1.000000000000000000e+00,-1.000000000000000000e+00
-1.000000000000000000e+00,-1.000000000000000000e+00,-1.000000000000000000e+00,-1.000000000000000000e+00,-1.000000000000000000e+00,-1.000000000000000000e+00,-1.000000000000000000e+00,-1.000000000000000000e+00,-1.000000000000000000e+00,-1.000000000000000000e+00,-1.000000000000000000e+00,-1.000000000000000000e+00,-1.000000000000000000e+00,-1.000000000000000000e+00,-1.000000000000000000e+00,-1.000000000000000000e+00,-1.000000000000000000e+00,-1.000000000000000000e+00,-1.000000000000000000e+00,-1.000000000000000000e+00,-1.000000000000000000e+00,-1.000000000000000000e+00,-1.000000000000000000e+00,-1.000000000000000000e+00,-1.000000000000000000e+00,-1.000000000000000000e+00,-1.000000000000000000e+00,-1.000000000000000000e+00,-1.000000000000000000e+00,-1.000000000000000000e+00,-1.000000000000000000e+00,-1.000000000000000000e+00,-1.000000000000000000e+00,-1.000000000000000000e+00,-1.000000000000000000e+00,-1.000000000000000000e+00,-1.000000000000000000e+00,-1.000000000000000000e+00,-1.000000000000000000e+00,-1.000000000000000000e+00,-1.000000000000000000e+00,-1.000000000000000000e+00,-1.000000000000000000e+00,-1.000000000000000000e+00,-1.000000000000000000e+00,-1.000000000000000000e+00,-1.444004322416656994e+00,-1.444078231870287832e+00,-1.444299701276498205e+00,-1.444667643062058859e+00,-1.445178971942161716e+00,-1.445825796658462448e+00,-1.446589202883082237e+00,-1.447426139903533082e+00,-1.448242881143541272e+00,-1.448843543592730931e+00,-1.448834591225315549e+00,-1.447455994665554302e+00,-1.443298011374673617e+00,-1.433853501098275807e+00,-1.414858391507191282e+00,-1.379403966048618146e+00,-1.316890365087412640e+00,-1.212066710785466572e+00,-1.044706864531812052e+00,-7.909154683162084032e-01,-4.275833785187374003e-01,5.812539631454161082e-02,6.527583170321396011e-01,1.294999602527490801e+00,1.857555173927368131e+00,2.166115117181186989e+00,2.166115117351055996e+00,1.857555174369925677e+00,1.294999603085369433e+00,6.527583175623814515e-01,5.812539673093075621e-02,-4.275833782563502883e-01,-7.909154682322092622e-01,-1.044706864625131626e+00,-1.212066710999864627e+00,-1.316890365370076532e+00,-1.379403966328546671e+00,-1.414858391734197918e+00,-1.433853501353800297e+00,-1.443298011771428024e+00,-1.447455995095074277e+00,-1.448834591490793411e+00,-1.448843543821463742e+00,-1.448242881449420594e+00,-1.447426140251710569e+00,-1.446589203315260530e+00,-1.445825797205711583e+00,-1.445178972701359532e+00,-1.444667644131852668e+00,-1.444299703034886528e+00,-1.444078233782859488e+00,-1.444004323894276354e+00,-1.000000000000000000e+00,-1.000000000000000000e+00,-1.000000000000000000e+00,-1.000000000000000000e+00,-1.000000000000000000e+00,-1.000000000000000000e+00,-1.000000000000000000e+00,-1.000000000000000000e+00,-1.000000000000000000e+00,-1.000000000000000000e+00,-1.000000000000000000e+00,-1.000000000000000000e+00,-1.000000000000000000e+00,-1.000000000000000000e+00,-1.000000000000000000e+00,-1.000000000000000000e+00,-1.000000000000000000e+00,-1.000000000000000000e+00,-1.000000000000000000e+00,-1.000000000000000000e+00,-1.000000000000000000e+00,-1.000000000000000000e+00,-1.000000000000000000e+00,-1.000000000000000000e+00,-1.000000000000000000e+00,-1.000000000000000000e+00,-1.000000000000000000e+00,-1.000000000000000000e+00,-1.000000000000000000e+00,-1.000000000000000000e+00,-1.000000000000000000e+00,-1.000000000000000000e+00,-1.000000000000000000e+00,-1.000000000000000000e+00,-1.000000000000000000e+00,-1.000000000000000000e+00,-1.000000000000000000e+00,-1.000000000000000000e+00,-1.000000000000000000e+00,-1.000000000000000000e+00,-1.000000000000000000e+00,-1.000000000000000000e+00,-1.000000000000000000e+00,-1.000000000000000000e+00,-1.000000000000000000e+00,-1.000000000000000000e+00
-1.000000000000000000e+00,-1.000000000000000000e+00,-1.000000000000000000e+00,-1.000000000000000000e+00,-1.000000000000000000e+00,-1.000000000000000000e+00,-1.000000000000000000e+00,-1.000000000000000000e+00,-1.000000000000000000e+00,-1.000000000000000000e+00,-1.000000000000000000e+00,-1.000000000000000000e+00,-1.000000000000000000e+00,-1.000000000000000000e+00,-1.000000000000000000e+00,-1.000000000000000000e+00,-1.000000000000000000e+00,-1.000000000000000000e+00,-1.000000000000000000e+00,-1.000000000000000000e+00,-1.000000000000000000e+00,-1.000000000000000000e+00,-1.000000000000000000e+00,-1.000000000000000000e+00,-1.000000000000000000e+00,-1.000000000000000000e+00,-1.000000000000000000e+00,-1.000000000000000000e+00,-1.000000000000000000e+00,-1.000000000000000000e+00,-1.000000000000000000e+00,-1.000000000000000000e+00,-1.000000000000000000e+00,-1.000000000000000000e+00,-1.000000000000000000e+00,-1.000000000000000000e+00,-1.000000000000000000e+00,-1.000000000000000000e+00,-1.000000000000000000e+00,-1.000000000000000000e+00,-1.000000000000000000e+00,-1.000000000000000000e+00,-1.000000000000000000e+00,-1.000000000000000000e+00,-1.000000000000000000e+00,-1.000000000000000000e+00,-1.444564091597060562e+00,-1.444636533036052661e+00,-1.444853661699519343e+00,-1.445214580947081995e+00,-1.445716525665983188e+00,-1.446352054555498867e+00,-1.447102829733014628e+00,-1.447926494499154115e+00,-1.448730119224232560e+00,-1.449318704328184992e+00,-1.449299675720985725e+00,-1.447914061418000831e+00,-1.443753338430721289e+00,-1.434311892860279603e+00,-1.415327733413632494e+00,-1.379895135851544996e+00,-1.317418567332472312e+00,-1.212653171226442339e+00,-1.045380553384705813e+00,-7.917140777790444561e-01,-4.285521803599149360e-01,5.693877984046569196e-02,6.513153496143684329e-01,1.293289439529293983e+00,1.855617237539647579e+00,2.164051541260687994e+00,2.164051541235957110e+00,1.855617237429331823e+00,1.293289439338142444e+00,6.513153494346093364e-01,5.693877973228977929e-02,-4.285521803811491726e-01,-7.917140777193315548e-01,-1.045380553279340541e+00,-1.212653171118168061e+00,-1.317418567270424834e+00,-1.379895135853377752e+00,-1.415327733501637208e+00,-1.434311893136847926e+00,-1.443753338996989655e+00,-1.447914062125515988e+00,-1.449299676325543462e+00,-1.449318704910937505e+00,-1.448730119837797981e+00,-1.447926495084676635e+00,-1.447102830258677031e+00,-1.446352055054790586e+00,-1.445716526267824209e+00,-1.445214581790075892e+00,-1.444853663206437266e+00,-1.444636534700710406e+00,-1.444564092889299545e+00,-1.000000000000000000e+00,-1.000000000000000000e+00,-1.000000000000000000e+00,-1.000000000000000000e+00,-1.000000000000000000e+00,-1.000000000000000000e+00,-1.000000000000000000e+00,-1.000000000000000000e+00,-1.000000000000000000e+00,-1.000000000000000000e+00,-1.000000000000000000e+00,-1.000000000000000000e+00,-1.000000000000000000e+00,-1.000000000000000000e+00,-1.000000000000000000e+00,-1.000000000000000000e+00,-1.000000000000000000e+00,-1.000000000000000000e+00,-1.000000000000000000e+00,-1.000000000000000000e+00,-1.000000000000000000e+00,-1.000000000000000000e+00,-1.000000000000000000e+00,-1.000000000000000000e+00,-1.000000000000000000e+00,-1.000000000000000000e+00,-1.000000000000000000e+00,-1.000000000000000000e+00,-1.000000000000000000e+00,-1.000000000000000000e+00,-1.000000000000000000e+00,-1.000000000000000000e+00,-1.000000000000000000e+00,-1.000000000000000000e+00,-1.000000000000000000e+00,-1.000000000000000000e+00,-1.000000000000000000e+00,-1.000000000000000000e+00,-1.000000000000000000e+00,-1.000000000000000000e+00,-1.000000000000000000e+00,-1.000000000000000000e+00,-1.000000000000000000e+00,-1.000000000000000000e+00,-1.000000000000000000e+00,-1.000000000000000000e+00
-1.000000000000000000e+00,-1.000000000000000000e+00,-1.000000000000000000e+00,-1.000000000000000000e+00,-1.000000000000000000e+00,-1.000000000000000000e+00,-1.000000000000000000e+00,-1.000000000000000000e+00,-1.000000000000000000e+00,-1.000000000000000000e+00,-1.000000000000000000e+00,-1.000000000000000000e+00,-1.000000000000000000e+00,-1.000000000000000000e+00,-1.000000000000000000e+00,-1.000000000000000000e+00,-1.000000000000000000e+00,-1.000000000000000000e+00,-1.000000000000000000e+00,-1.000000000000000000e+00,-1.000000000000000000e+00,-1.000000000000000000e+00,-1.000000000000000000e+00,-1.000000000000000000e+00,-1.000000000000000000e+00,-1.000000000000000000e+00,-1.000000000000000000e+00,-1.000000000000000000e+00,-1.000000000000000000e+00,-1.000000000000000000e+00,-1.000000000000000000e+00,-1.000000000000000000e+00,-1.000000000000000000e+00,-1.000000000000000000e+00,-1.000000000000000000e+00,-1.000000000000000000e+00,-1.000000000000000000e+00,-1.000000000000000000e+00,-1.000000000000000000e+00,-1.000000000000000000e+00,-1.000000000000000000e+00,-1.000000000000000000e+00,-1.000000000000000000e+00,-1.000000000000000000e+00,-1.000000000000000000e+00,-1.000000000000000000e+00,-1.445087228145152780e+00,-1.445157331714376436e+00,-1.445367541184891635e+00,-1.445717245603202805e+00,-1.446204162252400227e+00,-1.446821533694377937e+00,-1.447551906105820407e+00,-1.448353994649634657e+00,-1.449136103501648343e+00,-1.449704591696177491e+00,-1.449668331180921310e+00,-1.448269865004627954e+00,-1.444102284456885821e+00,-1.434661802607453795e+00,-1.415688695938608799e+00,-1.380280301652805797e+00,-1.317845378124160360e+00,-1.213144974686259481e+00,-1.045968272973279323e+00,-7.924371468321732559e-01,-4.294573289346241829e-01,5.580290766198814367e-02,6.499099257747371627e-01,1.291604509712099169e+00,1.853694806908612325e+00,2.161998215836602899e+00,2.161998215602569218e+00,1.853694806239206017e+00,1.291604508796507567e+00,6.499099248925510608e-01,5.580290700628642853e-02,-4.294573292676541199e-01,-7.924371468362014781e-01,-1.045968272734687288e+00,-1.213144974337283966e+00,-1.317845377791234895e+00,-1.380280301420264921e+00,-1.415688695889123272e+00,-1.434661802864630298e+00,-1.444102285128389340e+00,-1.448269865902387377e+00,-1.449668332039598440e+00,-1.449704592576499751e+00,-1.449136104407058756e+00,-1.448353995495559765e+00,-1.447551906777488906e+00,-1.446821534245009699e+00,-1.446204162819875849e+00,-1.445717246326090111e+00,-1.445367542494460533e+00,-1.445157333113448628e+00,-1.445087229150631591e+00,-1.000000000000000000e+00,-1.000000000000000000e+00,-1.000000000000000000e+00,-1.000000000000000000e+00,-1.000000000000000000e+00,-1.000000000000000000e+00,-1.000000000000000000e+00,-1.000000000000000000e+00,-1.000000000000000000e+00,-1.000000000000000000e+00,-1.000000000000000000e+00,-1.000000000000000000e+00,-1.000000000000000000e+00,-1.000000000000000000e+00,-1.000000000000000000e+00,-1.000000000000000000e+00,-1.000000000000000000e+00,-1.000000000000000000e+00,-1.000000000000000000e+00,-1.000000000000000000e+00,-1.000000000000000000e+00,-1.000000000000000000e+00,-1.000000000000000000e+00,-1.000000000000000000e+00,-1.000000000000000000e+00,-1.000000000000000000e+00,-1.000000000000000000e+00,-1.000000000000000000e+00,-1.000000000000000000e+00,-1.000000000000000000e+00,-1.000000000000000000e+00,-1.000000000000000000e+00,-1.000000000000000000e+00,-1.000000000000000000e+00,-1.000000000000000000e+00,-1.000000000000000000e+00,-1.000000000000000000e+00,-1.000000000000000000e+00,-1.000000000000000000e+00,-1.000000000000000000e+00,-1.000000000000000000e+00,-1.000000000000000000e+00,-1.000000000000000000e+00,-1.000000000000000000e+00,-1.000000000000000000e+00,-1.000000000000000000e+00
-1.000000000000000000e+00,-1.000000000000000000e+00,-1.000000000000000000e+00,-1.000000000000000000e+00,-1.000000000000000000e+00,-1.000000000000000000e+00,-1.000000000000000000e+00,-1.000000000000000000e+00,-1.000000000000000000e+00,-1.000000000000000000e+00,-1.000000000000000000e+00,-1.000000000000000000e+00,-1.000000000000000000e+00,-1.000000000000000000e+00,-1.000000000000000000e+00,-1.000000000000000000e+00,-1.000000000000000000e+00,-1.000000000000000000e+00,-1.000000000000000000e+00,-1.000000000000000000e+00,-1.000000000000000000e+00,-1.000000000000000000e+00,-1.000000000000000000e+00,-1.000000000000000000e+00,-1.000000000000000000e+00,-1.000000000000000000e+00,-1.000000000000000000e+00,-1.000000000000000000e+00,-1.000000000000000000e+00,-1.000000000000000000e+00,-1.000000000000000000e+00,-1.000000000000000000e+00,-1.000000000000000000e+00,-1.000000000000000000e+00,-1.000000000000000000e+00,-1.000000000000000000e+00,-1.000000000000000000e+00,-1.000000000000000000e+00,-1.000000000000000000e+00,-1.000000000000000000e+00,-1.000000000000000000e+00,-1.000000000000000000e+00,-1.000000000000000000e+00,-1.000000000000000000e+00,-1.000000000000000000e+00,-1.000000000000000000e+00,-1.445554500896035766e+00,-1.445620930413066274e+00,-1.445820256271151516e+00,-1.446152288556731946e+00,-1.446615461762607913e+00,-1.447204046540891964e+00,-1.447901933841951871e+00,-1.448669486228857384e+00,-1.449416917129779048e+00,-1.449952688184488858e+00,-1.449887882475568324e+00,-1.448467285064385601e+00,-1.444286227335115580e+00,-1.434843217652120861e+00,-1.415881071931335722e+00,-1.380500249955445735e+00,-1.318113665855183303e+00,-1.213487979518155679e+00,-1.046419538946673278e+00,-7.930382383720475659e-01,-4.302565342529229842e-01,5.475610491314752970e-02,6.485768465751087231e-01,1.289976754869052833e+00,1.851817810303217016e+00,2.159984029785116277e+00,2.159984029366028846e+00,1.851817809189176156e+00,1.289976753425257971e+00,6.485768451695357317e-01,5.475610382259277209e-02,-4.302565348619803443e-01,-7.930382385044320026e-01,-1.046419538720109177e+00,-1.213487979086816715e+00,-1.318113665386531963e+00,-1.380500249591944062e+00,-1.415881071771565081e+00,-1.434843217841578200e+00,-1.444286228010287942e+00,-1.448467286024602174e+00,-1.449887883487274820e+00,-1.449952689300793462e+00,-1.449416918287088851e+00,-1.448669487313400506e+00,-1.447901934682115588e+00,-1.447204047230885582e+00,-1.446615462409829522e+00,-1.446152289268520352e+00,-1.445820257468742653e+00,-1.445620931584109981e+00,-1.445554501610231579e+00,-1.000000000000000000e+00,-1.000000000000000000e+00,-1.000000000000000000e+00,-1.000000000000000000e+00,-1.000000000000000000e+00,-1.000000000000000000e+00,-1.000000000000000000e+00,-1.000000000000000000e+00,-1.000000000000000000e+00,-1.000000000000000000e+00,-1.000000000000000000e+00,-1.000000000000000000e+00,-1.000000000000000000e+00,-1.000000000000000000e+00,-1.000000000000000000e+00,-1.000000000000000000e+00,-1.000000000000000000e+00,-1.000000000000000000e+00,-1.000000000000000000e+00,-1.000000000000000000e+00,-1.000000000000000000e+00,-1.000000000000000000e+00,-1.000000000000000000e+00,-1.000000000000000000e+00,-1.000000000000000000e+00,-1.000000000000000000e+00,-1.000000000000000000e+00,-1.000000000000000000e+00,-1.000000000000000000e+00,-1.000000000000000000e+00,-1.000000000000000000e+00,-1.000000000000000000e+00,-1.000000000000000000e+00,-1.000000000000000000e+00,-1.000000000000000000e+00,-1.000000000000000000e+00,-1.000000000000000000e+00,-1.000000000000000000e+00,-1.000000000000000000e+00,-1.000000000000000000e+00,-1.000000000000000000e+00,-1.000000000000000000e+00,-1.000000000000000000e+00,-1.000000000000000000e+00,-1.000000000000000000e+00,-1.000000000000000000e+00
-1.000000000000000000e+00,-1.000000000000000000e+00,-1.000000000000000000e+00,-1.000000000000000000e+00,-1.000000000000000000e+00,-1.000000000000000000e+00,-1.000000000000000000e+00,-1.000000000000000000e+00,-1.000000000000000000e+00,-1.000000000000000000e+00,-1.000000000000000000e+00,-1.000000000000000000e+00,-1.000000000000000000e+00,-1.000000000000000000e+00,-1.000000000000000000e+00,-1.000000000000000000e+00,-1.000000000000000000e+00,-1.000000000000000000e+00,-1.000000000000000000e+00,-1.000000000000000000e+00,-1.000000000000000000e+00,-1.000000000000000000e+00,-1.000000000000000000e+00,-1.000000000000000000e+00,-1.000000000000000000e+00,-1.000000000000000000e+00,-1.000000000000000000e+00,-1.000000000000000000e+00,-1.000000000000000000e+00,-1.000000000000000000e+00,-1.000000000000000000e+00,-1.000000000000000000e+00,-1.000000000000000000e+00,-1.000000000000000000e+00,-1.000000000000000000e+00,-1.000000000000000000e+00,-1.000000000000000000e+00,-1.000000000000000000e+00,-1.000000000000000000e+00,-1.000000000000000000e+00,-1.000000000000000000e+00,-1.000000000000000000e+00,-1.000000000000000000e+00,-1.000000000000000000e+00,-1.000000000000000000e+00,-1.000000000000000000e+00,-1.445939867857238603e+00,-1.446000585168874197e+00,-1.446182974067264260e+00,-1.446487455054369597e+00,-1.446913513963934417e+00,-1.447456949500470325e+00,-1.448103680726914311e+00,-1.448816588187229693e+00,-1.449508833849800116e+00,-1.449992143029050329e+00,-1.449881017062273347e+00,-1.448423638221559395e+00,-1.444218574122913434e+00,-1.434767367048475961e+00,-1.415815781613554147e+00,-1.380467449145285741e+00,-1.318139143799197388e+00,-1.213602551773507843e+00,-1.046660393706503989e+00,-7.934496550309895202e-01,-4.308884878889593928e-01,5.385359908203546375e-02,6.473659596732141974e-01,1.288451676978833671e+00,1.850028700578790541e+00,2.158049865682795332e+00,2.158049865199131556e+00,1.850028699313819747e+00,1.288451675341627745e+00,6.473659580377955081e-01,5.385359776397469211e-02,-4.308884887030767219e-01,-7.934496553678509478e-01,-1.046660393661861477e+00,-1.213602551463557555e+00,-1.318139143395338886e+00,-1.380467448793335716e+00,-1.415815781398448214e+00,-1.434767367133858995e+00,-1.444218574694479340e+00,-1.448423639117439654e+00,-1.449881018132112898e+00,-1.449992144300405572e+00,-1.449508835172737209e+00,-1.448816589447664560e+00,-1.448103681738170501e+00,-1.447456950377400409e+00,-1.446913514754277985e+00,-1.446487455833835645e+00,-1.446182975214299837e+00,-1.446000586181543701e+00,-1.445939868395971439e+00,-1.000000000000000000e+00,-1.000000000000000000e+00,-1.000000000000000000e+00,-1.000000000000000000e+00,-1.000000000000000000e+00,-1.000000000000000000e+00,-1.000000000000000000e+00,-1.000000000000000000e+00,-1.000000000000000000e+00,-1.000000000000000000e+00,-1.000000000000000000e+00,-1.000000000000000000e+00,-1.000000000000000000e+00,-1.000000000000000000e+00,-1.000000000000000000e+00,-1.000000000000000000e+00,-1.000000000000000000e+00,-1.000000000000000000e+00,-1.000000000000000000e+00,-1.000000000000000000e+00,-1.000000000000000000e+00,-1.000000000000000000e+00,-1.000000000000000000e+00,-1.000000000000000000e+00,-1.000000000000000000e+00,-1.000000000000000000e+00,-1.000000000000000000e+00,-1.000000000000000000e+00,-1.000000000000000000e+00,-1.000000000000000000e+00,-1.000000000000000000e+00,-1.000000000000000000e+00,-1.000000000000000000e+00,-1.000000000000000000e+00,-1.000000000000000000e+00,-1.000000000000000000e+00,-1.000000000000000000e+00,-1.000000000000000000e+00,-1.000000000000000000e+00,-1.000000000000000000e+00,-1.000000000000000000e+00,-1.000000000000000000e+00,-1.000000000000000000e+00,-1.000000000000000000e+00,-1.000000000000000000e+00,-1.000000000000000000e+00
-1.000000000000000000e+00,-1.000000000000000000e+00,-1.000000000000000000e+00,-1.000000000000000000e+00,-1.000000000000000000e+00,-1.000000000000000000e+00,-1.000000000000000000e+00,-1.000000000000000000e+00,-1.000000000000000000e+00,-1.000000000000000000e+00,-1.000000000000000000e+00,-1.000000000000000000e+00,-1.000000000000000000e+00,-1.000000000000000000e+00,-1.000000000000000000e+00,-1.000000000000000000e+00,-1.000000000000000000e+00,-1.000000000000000000e+00,-1.000000000000000000e+00,-1.000000000000000000e+00,-1.000000000000000000e+00,-1.000000000000000000e+00,-1.000000000000000000e+00,-1.000000000000000000e+00,-1.000000000000000000e+00,-1.000000000000000000e+00,-1.000000000000000000e+00,-1.000000000000000000e+00,-1.000000000000000000e+00,-1.000000000000000000e+00,-1.000000000000000000e+00,-1.000000000000000000e+00,-1.000000000000000000e+00,-1.000000000000000000e+00,-1.000000000000000000e+00,-1.000000000000000000e+00,-1.000000000000000000e+00,-1.000000000000000000e+00,-1.000000000000000000e+00,-1.000000000000000000e+00,-1.000000000000000000e+00,-1.000000000000000000e+00,-1.000000000000000000e+00,-1.000000000000000000e+00,-1.000000000000000000e+00,-1.000000000000000000e+00,-1.446208301103441007e+00,-1.446260220152426834e+00,-1.446416496145916053e+00,-1.446678418272107303e+00,-1.447046989528451677e+00,-1.447520251821914128e+00,-1.448087154757091932e+00,-1.448714403267820305e+00,-1.449319697625887304e+00,-1.449719830769618634e+00,-1.449534620603770696e+00,-1.448017478821915560e+00,-1.443771795722617490e+00,-1.434303319626961670e+00,-1.415361395266075739e+00,-1.380052856793194227e+00,-1.317797787998951531e+00,-1.213371858196826691e+00,-1.046582758674901248e+00,-7.935729455117583875e-01,-4.312645293686080405e-01,5.317476805928822436e-02,6.463484636521319437e-01,1.287093892833953035e+00,1.848387491021914908e+00,2.156253370686759485e+00,2.156253370280402759e+00,1.848387489928452698e+00,1.287093891339119889e+00,6.463484620823114479e-01,5.317476672666265891e-02,-4.312645303132821573e-01,-7.935729460872966712e-01,-1.046582758922394385e+00,-1.213371858199986386e+00,-1.317797787860270464e+00,-1.380052856597065558e+00,-1.415361395060163785e+00,-1.434303319606593963e+00,-1.443771796143787922e+00,-1.448017479586081624e+00,-1.449534621639566367e+00,-1.449719832054255031e+00,-1.449319698971642811e+00,-1.448714404628372421e+00,-1.448087155942589632e+00,-1.447520252917304351e+00,-1.447046990519910370e+00,-1.446678419183539566e+00,-1.446416497298452786e+00,-1.446260221098385035e+00,-1.446208301602624147e+00,-1.000000000000000000e+00,-1.000000000000000000e+00,-1.000000000000000000e+00,-1.000000000000000000e+00,-1.000000000000000000e+00,-1.000000000000000000e+00,-1.000000000000000000e+00,-1.000000000000000000e+00,-1.000000000000000000e+00,-1.000000000000000000e+00,-1.000000000000000000e+00,-1.000000000000000000e+00,-1.000000000000000000e+00,-1.000000000000000000e+00,-1.000000000000000000e+00,-1.000000000000000000e+00,-1.000000000000000000e+00,-1.000000000000000000e+00,-1.000000000000000000e+00,-1.000000000000000000e+00,-1.000000000000000000e+00,-1.000000000000000000e+00,-1.000000000000000000e+00,-1.000000000000000000e+00,-1.000000000000000000e+00,-1.000000000000000000e+00,-1.000000000000000000e+00,-1.000000000000000000e+00,-1.000000000000000000e+00,-1.000000000000000000e+00,-1.000000000000000000e+00,-1.000000000000000000e+00,-1.000000000000000000e+00,-1.000000000000000000e+00,-1.000000000000000000e+00,-1.000000000000000000e+00,-1.000000000000000000e+00,-1.000000000000000000e+00,-1.000000000000000000e+00,-1.000000000000000000e+00,-1.000000000000000000e+00,-1.000000000000000000e+00,-1.000000000000000000e+00,-1.000000000000000000e+00,-1.000000000000000000e+00,-1.000000000000000000e+00
-1.000000000000000000e+00,-1.000000000000000000e+00,-1.000000000000000000e+00,-1.000000000000000000e+00,-1.000000000000000000e+00,-1.000000000000000000e+00,-1.000000000000000000e+00,-1.000000000000000000e+00,-1.000000000000000000e+00,-1.000000000000000000e+00,-1.000000000000000000e+00,-1.000000000000000000e+00,-1.000000000000000000e+00,-1.000000000000000000e+00,-1.000000000000000000e+00,-1.000000000000000000e+00,-1.000000000000000000e+00,-1.000000000000000000e+00,-1.000000000000000000e+00,-1.000000000000000000e+00,-1.000000000000000000e+00,-1.000000000000000000e+00,-1.000000000000000000e+00,-1.000000000000000000e+00,-1.000000000000000000e+00,-1.000000000000000000e+00,-1.000000000000000000e+00,-1.000000000000000000e+00,-1.000000000000000000e+00,-1.000000000000000000e+00,-1.000000000000000000e+00,-1.000000000000000000e+00,-1.000000000000000000e+00,-1.000000000000000000e+00,-1.000000000000000000e+00,-1.000000000000000000e+00,-1.000000000000000000e+00,-1.000000000000000000e+00,-1.000000000000000000e+00,-1.000000000000000000e+00,-1.000000000000000000e+00,-1.000000000000000000e+00,-1.000000000000000000e+00,-1.000000000000000000e+00,-1.000000000000000000e+00,-1.000000000000000000e+00,-1.446313094633771890e+00,-1.446351580692138095e+00,-1.446467946212165456e+00,-1.446664690103594886e+00,-1.446944965977872366e+00,-1.447310063742210939e+00,-1.447753415506679797e+00,-1.448247492843825590e+00,-1.448716948650511149e+00,-1.448986429644406604e+00,-1.448684040354352609e+00,-1.447071315486532672e+00,-1.442758987614780830e+00,-1.433258872934112693e+00,-1.414324884016099571e+00,-1.379067065077822729e+00,-1.316907859652654444e+00,-1.212625156130416881e+00,-1.046029262527561565e+00,-7.932654094689693958e-01,-4.312568351890233576e-01,5.283337721867664705e-02,6.456257790128434593e-01,1.285994921530084767e+00,1.846978794126217682e+00,2.154675613361567432e+00,2.154675613100265341e+00,1.846978793389786322e+00,1.285994920444254230e+00,6.456257777877605353e-01,5.283337605709359508e-02,-4.312568362084540086e-01,-7.932654103042301452e-01,-1.046029263156383671e+00,-1.212625156577890717e+00,-1.316907859902111788e+00,-1.379067065118480429e+00,-1.414324883881604045e+00,-1.433258872866837397e+00,-1.442758987918282720e+00,-1.447071316090514204e+00,-1.448684041226479202e+00,-1.448986430750773380e+00,-1.448716949878270155e+00,-1.448247494230744392e+00,-1.447753416844239860e+00,-1.447310065068122764e+00,-1.446944967207676624e+00,-1.446664691232716571e+00,-1.446467947495919670e+00,-1.446351581722133295e+00,-1.446313095231885892e+00,-1.000000000000000000e+00,-1.000000000000000000e+00,-1.000000000000000000e+00,-1.000000000000000000e+00,-1.000000000000000000e+00,-1.000000000000000000e+00,-1.000000000000000000e+00,-1.000000000000000000e+00,-1.000000000000000000e+00,-1.000000000000000000e+00,-1.000000000000000000e+00,-1.000000000000000000e+00,-1.000000000000000000e+00,-1.000000000000000000e+00,-1.000000000000000000e+00,-1.000000000000000000e+00,-1.000000000000000000e+00,-1.000000000000000000e+00,-1.000000000000000000e+00,-1.000000000000000000e+00,-1.000000000000000000e+00,-1.000000000000000000e+00,-1.000000000000000000e+00,-1.000000000000000000e+00,-1.000000000000000000e+00,-1.000000000000000000e+00,-1.000000000000000000e+00,-1.000000000000000000e+00,-1.000000000000000000e+00,-1.000000000000000000e+00,-1.000000000000000000e+00,-1.000000000000000000e+00,-1.000000000000000000e+00,-1.000000000000000000e+00,-1.000000000000000000e+00,-1.000000000000000000e+00,-1.000000000000000000e+00,-1.000000000000000000e+00,-1.000000000000000000e+00,-1.000000000000000000e+00,-1.000000000000000000e+00,-1.000000000000000000e+00,-1.000000000000000000e+00,-1.000000000000000000e+00,-1.000000000000000000e+00,-1.000000000000000000e+00
-1.000000000000000000e+00,-1.000000000000000000e+00,-1.000000000000000000e+00,-1.000000000000000000e+00,-1.000000000000000000e+00,-1.000000000000000000e+00,-1.000000000000000000e+00,-1.000000000000000000e+00,-1.000000000000000000e+00,-1.000000000000000000e+00,-1.000000000000000000e+00,-1.000000000000000000e+00,-1.000000000000000000e+00,-1.000000000000000000e+00,-1.000000000000000000e+00,-1.000000000000000000e+00,-1.000000000000000000e+00,-1.000000000000000000e+00,-1.000000000000000000e+00,-1.000000000000000000e+00,-1.000000000000000000e+00,-1.000000000000000000e+00,-1.000000000000000000e+00,-1.000000000000000000e+00,-1.000000000000000000e+00,-1.000000000000000000e+00,-1.000000000000000000e+00,-1.000000000000000000e+00,-1.000000000000000000e+00,-1.000000000000000000e+00,-1.000000000000000000e+00,-1.000000000000000000e+00,-1.000000000000000000e+00,-1.000000000000000000e+00,-1.000000000000000000e+00,-1.000000000000000000e+00,-1.000000000000000000e+00,-1.000000000000000000e+00,-1.000000000000000000e+00,-1.000000000000000000e+00,-1.000000000000000000e+00,-1.000000000000000000e+00,-1.000000000000000000e+00,-1.000000000000000000e+00,-1.000000000000000000e+00,-1.000000000000000000e+00,-1.446192650420281112e+00,-1.446210807815722754e+00,-1.446266707306634869e+00,-1.446364489293719524e+00,-1.446510293366799704e+00,-1.446710039697201688e+00,-1.446963715300277453e+00,-1.447252414456337455e+00,-1.447511376562991225e+00,-1.447577371288403469e+00,-1.447091402444565800e+00,-1.445327665799828187e+00,-1.440908213244493252e+00,-1.431353875064357961e+00,-1.412424684824924670e+00,-1.377233874615731990e+00,-1.315204681879432957e+00,-1.211114335380387486e+00,-1.044771937952877483e+00,-7.923211489064612145e-01,-4.306818377248285978e-01,5.299194767488168978e-02,6.453419964210931337e-01,1.285284110426833326e+00,1.845921695922005057e+00,2.153430421815280216e+00,2.153430421716852283e+00,1.845921695616973057e+00,1.285284109896739579e+00,6.453419956953780900e-01,5.299194675976681701e-02,-4.306818387977611184e-01,-7.923211500004968544e-01,-1.044771938970728620e+00,-1.211114336291314153e+00,-1.315204682531429636e+00,-1.377233874945261061e+00,-1.412424684885463133e+00,-1.431353875088729577e+00,-1.440908213496327583e+00,-1.445327666197496974e+00,-1.447091403013830435e+00,-1.447577372093463932e+00,-1.447511377613557304e+00,-1.447252415792584346e+00,-1.446963716713017378e+00,-1.446710041157439841e+00,-1.446510294782114237e+00,-1.446364490678894832e+00,-1.446266708828365832e+00,-1.446210809088416260e+00,-1.446192651278255026e+00,-1.000000000000000000e+00,-1.000000000000000000e+00,-1.000000000000000000e+00,-1.000000000000000000e+00,-1.000000000000000000e+00,-1.000000000000000000e+00,-1.000000000000000000e+00,-1.000000000000000000e+00,-1.000000000000000000e+00,-1.000000000000000000e+00,-1.000000000000000000e+00,-1.000000000000000000e+00,-1.000000000000000000e+00,-1.000000000000000000e+00,-1.000000000000000000e+00,-1.000000000000000000e+00,-1.000000000000000000e+00,-1.000000000000000000e+00,-1.000000000000000000e+00,-1.000000000000000000e+00,-1.000000000000000000e+00,-1.000000000000000000e+00,-1.000000000000000000e+00,-1.000000000000000000e+00,-1.000000000000000000e+00,-1.000000000000000000e+00,-1.000000000000000000e+00,-1.000000000000000000e+00,-1.000000000000000000e+00,-1.000000000000000000e+00,-1.000000000000000000e+00,-1.000000000000000000e+00,-1.000000000000000000e+00,-1.000000000000000000e+00,-1.000000000000000000e+00,-1.000000000000000000e+00,-1.000000000000000000e+00,-1.000000000000000000e+00,-1.000000000000000000e+00,-1.000000000000000000e+00,-1.000000000000000000e+00,-1.000000000000000000e+00,-1.000000000000000000e+00,-1.000000000000000000e+00,-1.000000000000000000e+00,-1.000000000000000000e+00
-1.000000000000000000e+00,-1.000000000000000000e+00,-1.000000000000000000e+00,-1.000000000000000000e+00,-1.000000000000000000e+00,-1.000000000000000000e+00,-1.000000000000000000e+00,-1.000000000000000000e+00,-1.000000000000000000e+00,-1.000000000000000000e+00,-1.000000000000000000e+00,-1.000000000000000000e+00,-1.000000000000000000e+00,-1.000000000000000000e+00,-1.000000000000000000e+00,-1.000000000000000000e+00,-1.000000000000000000e+00,-1.000000000000000000e+00,-1.000000000000000000e+00,-1.000000000000000000e+00,-1.000000000000000000e+00,-1.000000000000000000e+00,-1.000000000000000000e+00,-1.000000000000000000e+00,-1.000000000000000000e+00,-1.000000000000000000e+00,-1.000000000000000000e+00,-1.000000000000000000e+00,-1.000000000000000000e+00,-1.000000000000000000e+00,-1.000000000000000000e+00,-1.000000000000000000e+00,-1.000000000000000000e+00,-1.000000000000000000e+00,-1.000000000000000000e+00,-1.000000000000000000e+00,-1.000000000000000000e+00,-1.000000000000000000e+00,-1.000000000000000000e+00,-1.000000000000000000e+00,-1.000000000000000000e+00,-1.000000000000000000e+00,-1.000000000000000000e+00,-1.000000000000000000e+00,-1.000000000000000000e+00,-1.000000000000000000e+00,-1.445766832815429392e+00,-1.445754513982969058e+00,-1.445719655423685079e+00,-1.445668555145017464e+00,-1.445611398594529806e+00,-1.445560590961286529e+00,-1.445525582406732124e+00,-1.445500235842906100e+00,-1.445435786280991231e+00,-1.445187600257541227e+00,-1.444416671974362743e+00,-1.442416903766783776e+00,-1.437827883296622700e+00,-1.428184078130328327e+00,-1.409254079408985616e+00,-1.374154255372703304e+00,-1.312306143309518003e+00,-1.208481745620340053e+00,-1.042482918411083981e+00,-7.904449196785123810e-01,-4.292772608901769260e-01,5.388173697512388394e-02,6.457012641120827290e-01,1.285143963951730139e+00,1.845383661451016177e+00,2.152677562904093289e+00,2.152677562968998703e+00,1.845383661574842016e+00,1.285143963945288625e+00,6.457012638229568946e-01,5.388173629772041728e-02,-4.292772619329462414e-01,-7.904449208892320167e-01,-1.042482919704387223e+00,-1.208481746912621890e+00,-1.312306144356144344e+00,-1.374154256104171967e+00,-1.409254079830500217e+00,-1.428184078362771947e+00,-1.437827883524694039e+00,-1.442416903937483452e+00,-1.444416672235930843e+00,-1.445187600801655758e+00,-1.445435787162073105e+00,-1.445500237053885861e+00,-1.445525583765894018e+00,-1.445560592417953316e+00,-1.445611400106974198e+00,-1.445668556740855148e+00,-1.445719657149178605e+00,-1.445754515502960968e+00,-1.445766833954055031e+00,-1.000000000000000000e+00,-1.000000000000000000e+00,-1.000000000000000000e+00,-1.000000000000000000e+00,-1.000000000000000000e+00,-1.000000000000000000e+00,-1.000000000000000000e+00,-1.000000000000000000e+00,-1.000000000000000000e+00,-1.000000000000000000e+00,-1.000000000000000000e+00,-1.000000000000000000e+00,-1.000000000000000000e+00,-1.000000000000000000e+00,-1.000000000000000000e+00,-1.000000000000000000e+00,-1.000000000000000000e+00,-1.000000000000000000e+00,-1.000000000000000000e+00,-1.000000000000000000e+00,-1.000000000000000000e+00,-1.000000000000000000e+00,-1.000000000000000000e+00,-1.000000000000000000e+00,-1.000000000000000000e+00,-1.000000000000000000e+00,-1.000000000000000000e+00,-1.000000000000000000e+00,-1.000000000000000000e+00,-1.000000000000000000e+00,-1.000000000000000000e+00,-1.000000000000000000e+00,-1.000000000000000000e+00,-1.000000000000000000e+00,-1.000000000000000000e+00,-1.000000000000000000e+00,-1.000000000000000000e+00,-1.000000000000000000e+00,-1.000000000000000000e+00,-1.000000000000000000e+00,-1.000000000000000000e+00,-1.000000000000000000e+00,-1.000000000000000000e+00,-1.000000000000000000e+00,-1.000000000000000000e+00,-1.000000000000000000e+00
-1.000000000000000000e+00,-1.000000000000000000e+00,-1.000000000000000000e+00,-1.000000000000000000e+00,-1.000000000000000000e+00,-1.000000000000000000e+00,-1.000000000000000000e+00,-1.000000000000000000e+00,-1.000000000000000000e+00,-1.000000000000000000e+00,-1.000000000000000000e+00,-1.000000000000000000e+00,-1.000000000000000000e+00,-1.000000000000000000e+00,-1.000000000000000000e+00,-1.000000000000000000e+00,-1.000000000000000000e+00,-1.000000000000000000e+00,-1.000000000000000000e+00,-1.000000000000000000e+00,-1.000000000000000000e+00,-1.000000000000000000e+00,-1.000000000000000000e+00,-1.000000000000000000e+00,-1.000000000000000000e+00,-1.000000000000000000e+00,-1.000000000000000000e+00,-1.000000000000000000e+00,-1.000000000000000000e+00,-1.000000000000000000e+00,-1.000000000000000000e+00,-1.000000000000000000e+00,-1.000000000000000000e+00,-1.000000000000000000e+00,-1.000000000000000000e+00,-1.000000000000000000e+00,-1.000000000000000000e+00,-1.000000000000000000e+00,-1.000000000000000000e+00,-1.000000000000000000e+00,-1.000000000000000000e+00,-1.000000000000000000e+00,-1.000000000000000000e+00,-1.000000000000000000e+00,-1.000000000000000000e+00,-1.000000000000000000e+00,-1.444933144692029714e+00,-1.444875609629671320e+00,-1.444705926356866232e+00,-1.444433117283529189e+00,-1.444072692659527313e+00,-1.443645959357824804e+00,-1.443175833467077451e+00,-1.442674874226879567e+00,-1.442118254667983601e+00,-1.441389625253576501e+00,-1.440180725498154235e+00,-1.437815953238818834e+00,-1.432962015448945525e+00,-1.423174177295976506e+00,-1.404233375740645773e+00,-1.369259047828161435e+00,-1.307667178198339109e+00,-1.204217488629137023e+00,-1.038695276729734607e+00,-7.872169182121238062e-01,-4.266709268398007904e-01,5.583013984856566303e-02,6.469918744207143746e-01,1.285831588602136311e+00,1.845600148085770886e+00,2.152641419137923950e+00,2.152641419306388304e+00,1.845600148487676950e+00,1.285831588938592063e+00,6.469918744306373259e-01,5.583013940614556248e-02,-4.266709276906839321e-01,-7.872169194022139438e-01,-1.038695278190291393e+00,-1.204217490170442995e+00,-1.307667179588715589e+00,-1.369259049001295026e+00,-1.404233376549264722e+00,-1.423174177738268709e+00,-1.432962015701674252e+00,-1.437815953328521079e+00,-1.440180725625327396e+00,-1.441389625617917725e+00,-1.442118255337315968e+00,-1.442674875159625669e+00,-1.443175834650247236e+00,-1.443645960746469559e+00,-1.444072694274688429e+00,-1.444433119112935149e+00,-1.444705928277930873e+00,-1.444875611369517809e+00,-1.444933146034494964e+00,-1.000000000000000000e+00,-1.000000000000000000e+00,-1.000000000000000000e+00,-1.000000000000000000e+00,-1.000000000000000000e+00,-1.000000000000000000e+00,-1.000000000000000000e+00,-1.000000000000000000e+00,-1.000000000000000000e+00,-1.000000000000000000e+00,-1.000000000000000000e+00,-1.000000000000000000e+00,-1.000000000000000000e+00,-1.000000000000000000e+00,-1.000000000000000000e+00,-1.000000000000000000e+00,-1.000000000000000000e+00,-1.000000000000000000e+00,-1.000000000000000000e+00,-1.000000000000000000e+00,-1.000000000000000000e+00,-1.000000000000000000e+00,-1.000000000000000000e+00,-1.000000000000000000e+00,-1.000000000000000000e+00,-1.000000000000000000e+00,-1.000000000000000000e+00,-1.000000000000000000e+00,-1.000000000000000000e+00,-1.000000000000000000e+00,-1.000000000000000000e+00,-1.000000000000000000e+00,-1.000000000000000000e+00,-1.000000000000000000e+00,-1.000000000000000000e+00,-1.000000000000000000e+00,-1.000000000000000000e+00,-1.000000000000000000e+00,-1.000000000000000000e+00,-1.000000000000000000e+00,-1.000000000000000000e+00,-1.000000000000000000e+00,-1.000000000000000000e+00,-1.000000000000000000e+00,-1.000000000000000000e+00,-1.000000000000000000e+00
-1.000000000000000000e+00,-1.000000000000000000e+00,-1.000000000000000000e+00,-1.000000000000000000e+00,-1.000000000000000000e+00,-1.000000000000000000e+00,-1.000000000000000000e+00,-1.000000000000000000e+00,-1.000000000000000000e+00,-1.000000000000000000e+00,-1.000000000000000000e+00,-1.000000000000000000e+00,-1.000000000000000000e+00,-1.000000000000000000e+00,-1.000000000000000000e+00,-1.000000000000000000e+00,-1.000000000000000000e+00,-1.000000000000000000e+00,-1.000000000000000000e+00,-1.000000000000000000e+00,-1.000000000000000000e+00,-1.000000000000000000e+00,-1.000000000000000000e+00,-1.000000000000000000e+00,-1.000000000000000000e+00,-1.000000000000000000e+00,-1.000000000000000000e+00,-1.000000000000000000e+00,-1.000000000000000000e+00,-1.000000000000000000e+00,-1.000000000000000000e+00,-1.000000000000000000e+00,-1.000000000000000000e+00,-1.000000000000000000e+00,-1.000000000000000000e+00,-1.000000000000000000e+00,-1.000000000000000000e+00,-1.000000000000000000e+00,-1.000000000000000000e+00,-1.000000000000000000e+00,-1.000000000000000000e+00,-1.000000000000000000e+00,-1.000000000000000000e+00,-1.000000000000000000e+00,-1.000000000000000000e+00,-1.000000000000000000e+00,-1.443563231963860716e+00,-1.443439398787992545e+00,-1.443071767365728730e+00,-1.442472623781164920e+00,-1.441664244558579888e+00,-1.440679879646464823e+00,-1.439561300371036578e+00,-1.438348088704103578e+00,-1.437050825340122850e+00,-1.435595698129319420e+00,-1.433721222873513224e+00,-1.430798520191923551e+00,-1.425535922020199298e+00,-1.415520381827216845e+00,-1.396550982525652129e+00,-1.361750190849781106e+00,-1.300522672619642162e+00,-1.197605276434166033e+00,-1.032752771095483801e+00,-7.820469689360078913e-01,-4.223395507794617254e-01,5.929748163526893379e-02,6.496191549683403288e-01,1.287708443874480579e+00,1.846902163734434943e+00,2.153637421267770691e+00,2.153637421414702491e+00,1.846902164114585077e+00,1.287708444255151186e+00,6.496191550754049082e-01,5.929748136736501252e-02,-4.223395514457533029e-01,-7.820469700509826705e-01,-1.032752772544769604e+00,-1.197605277978388560e+00,-1.300522674168494319e+00,-1.361750192335817289e+00,-1.396550983633354726e+00,-1.415520382509178665e+00,-1.425535922475327011e+00,-1.430798520434485521e+00,-1.433721222982035748e+00,-1.435595698300143219e+00,-1.437050825667181897e+00,-1.438348089235845340e+00,-1.439561301317080044e+00,-1.440679880923815714e+00,-1.441664246272300831e+00,-1.442472625857660118e+00,-1.443071769517517255e+00,-1.443439400817780438e+00,-1.443563233565735793e+00,-1.000000000000000000e+00,-1.000000000000000000e+00,-1.000000000000000000e+00,-1.000000000000000000e+00,-1.000000000000000000e+00,-1.000000000000000000e+00,-1.000000000000000000e+00,-1.000000000000000000e+00,-1.000000000000000000e+00,-1.000000000000000000e+00,-1.000000000000000000e+00,-1.000000000000000000e+00,-1.000000000000000000e+00,-1.000000000000000000e+00,-1.000000000000000000e+00,-1.000000000000000000e+00,-1.000000000000000000e+00,-1.000000000000000000e+00,-1.000000000000000000e+00,-1.000000000000000000e+00,-1.000000000000000000e+00,-1.000000000000000000e+00,-1.000000000000000000e+00,-1.000000000000000000e+00,-1.000000000000000000e+00,-1.000000000000000000e+00,-1.000000000000000000e+00,-1.000000000000000000e+00,-1.000000000000000000e+00,-1.000000000000000000e+00,-1.000000000000000000e+00,-1.000000000000000000e+00,-1.000000000000000000e+00,-1.000000000000000000e+00,-1.000000000000000000e+00,-1.000000000000000000e+00,-1.000000000000000000e+00,-1.000000000000000000e+00,-1.000000000000000000e+00,-1.000000000000000000e+00,-1.000000000000000000e+00,-1.000000000000000000e+00,-1.000000000000000000e+00,-1.000000000000000000e+00,-1.000000000000000000e+00,-1.000000000000000000e+00
-1.000000000000000000e+00,-1.000000000000000000e+00,-1.000000000000000000e+00,-1.000000000000000000e+00,-1.000000000000000000e+00,-1.000000000000000000e+00,-1.000000000000000000e+00,-1.000000000000000000e+00,-1.000000000000000000e+00,-1.000000000000000000e+00,-1.000000000000000000e+00,-1.000000000000000000e+00,-1.000000000000000000e+00,-1.000000000000000000e+00,-1.000000000000000000e+00,-1.000000000000000000e+00,-1.000000000000000000e+00,-1.000000000000000000e+00,-1.000000000000000000e+00,-1.000000000000000000e+00,-1.000000000000000000e+00,-1.000000000000000000e+00,-1.000000000000000000e+00,-1.000000000000000000e+00,-1.000000000000000000e+00,-1.000000000000000000e+00,-1.000000000000000000e+00,-1.000000000000000000e+00,-1.000000000000000000e+00,-1.000000000000000000e+00,-1.000000000000000000e+00,-1.000000000000000000e+00,-1.000000000000000000e+00,-1.000000000000000000e+00,-1.000000000000000000e+00,-1.000000000000000000e+00,-1.000000000000000000e+00,-1.000000000000000000e+00,-1.000000000000000000e+00,-1.000000000000000000e+00,-1.000000000000000000e+00,-1.000000000000000000e+00,-1.000000000000000000e+00,-1.000000000000000000e+00,-1.000000000000000000e+00,-1.000000000000000000e+00,-1.441500579131839599e+00,-1.441280845929829857e+00,-1.440626493624613369e+00,-1.439553441547954726e+00,-1.438092201506491641e+00,-1.436291640236193379e+00,-1.434219463165136377e+00,-1.431953732611398911e+00,-1.429556670667737173e+00,-1.427017543874333105e+00,-1.424145025674656173e+00,-1.420380819056022315e+00,-1.414496328792960167e+00,-1.404126374903975627e+00,-1.385096875399832506e+00,-1.350533414142857991e+00,-1.289821007169599021e+00,-1.187658231054943947e+00,-1.023749003514082601e+00,-7.741177817877231693e-01,-4.155564489796477190e-01,6.492489723784733435e-02,6.541493343567232888e-01,1.291280907801478417e+00,1.849754491883813134e+00,2.156109060499761920e+00,2.156109060544462164e+00,1.849754492011595808e+00,1.291280907917334186e+00,6.541493343363724566e-01,6.492489696080538941e-02,-4.155564495819303872e-01,-7.741177827509957421e-01,-1.023749004729608059e+00,-1.187658232480869325e+00,-1.289821008842538363e+00,-1.350533415844397789e+00,-1.385096876734676519e+00,-1.404126375885211164e+00,-1.414496329560091858e+00,-1.420380819472978784e+00,-1.424145025755363170e+00,-1.427017543866152982e+00,-1.429556670736097601e+00,-1.431953732868208151e+00,-1.434219463937975503e+00,-1.436291641337867464e+00,-1.438092203164762051e+00,-1.439553443653755371e+00,-1.440626495805482632e+00,-1.441280848102045375e+00,-1.441500580890599625e+00,-1.000000000000000000e+00,-1.000000000000000000e+00,-1.000000000000000000e+00,-1.000000000000000000e+00,-1.000000000000000000e+00,-1.000000000000000000e+00,-1.000000000000000000e+00,-1.000000000000000000e+00,-1.000000000000000000e+00,-1.000000000000000000e+00,-1.000000000000000000e+00,-1.000000000000000000e+00,-1.000000000000000000e+00,-1.000000000000000000e+00,-1.000000000000000000e+00,-1.000000000000000000e+00,-1.000000000000000000e+00,-1.000000000000000000e+00,-1.000000000000000000e+00,-1.000000000000000000e+00,-1.000000000000000000e+00,-1.000000000000000000e+00,-1.000000000000000000e+00,-1.000000000000000000e+00,-1.000000000000000000e+00,-1.000000000000000000e+00,-1.000000000000000000e+00,-1.000000000000000000e+00,-1.000000000000000000e+00,-1.000000000000000000e+00,-1.000000000000000000e+00,-1.000000000000000000e+00,-1.000000000000000000e+00,-1.000000000000000000e+00,-1.000000000000000000e+00,-1.000000000000000000e+00,-1.000000000000000000e+00,-1.000000000000000000e+00,-1.000000000000000000e+00,-1.000000000000000000e+00,-1.000000000000000000e+00,-1.000000000000000000e+00,-1.000000000000000000e+00,-1.000000000000000000e+00,-1.000000000000000000e+00,-1.000000000000000000e+00
-1.000000000000000000e+00,-1.000000000000000000e+00,-1.000000000000000000e+00,-1.000000000000000000e+00,-1.000000000000000000e+00,-1.000000000000000000e+00,-1.000000000000000000e+00,-1.000000000000000000e+00,-1.000000000000000000e+00,-1.000000000000000000e+00,-1.000000000000000000e+00,-1.000000000000000000e+00,-1.000000000000000000e+00,-1.000000000000000000e+00,-1.000000000000000000e+00,-1.000000000000000000e+00,-1.000000000000000000e+00,-1.000000000000000000e+00,-1.000000000000000000e+00,-1.000000000000000000e+00,-1.000000000000000000e+00,-1.000000000000000000e+00,-1.000000000000000000e+00,-1.000000000000000000e+00,-1.000000000000000000e+00,-1.000000000000000000e+00,-1.000000000000000000e+00,-1.000000000000000000e+00,-1.000000000000000000e+00,-1.000000000000000000e+00,-1.000000000000000000e+00,-1.000000000000000000e+00,-1.000000000000000000e+00,-1.000000000000000000e+00,-1.000000000000000000e+00,-1.000000000000000000e+00,-1.000000000000000000e+00,-1.000000000000000000e+00,-1.000000000000000000e+00,-1.000000000000000000e+00,-1.000000000000000000e+00,-1.000000000000000000e+00,-1.000000000000000000e+00,-1.000000000000000000e+00,-1.000000000000000000e+00,-1.000000000000000000e+00,-1.438560703976824229e+00,-1.438204404925101265e+00,-1.437141189978931477e+00,-1.435390589117770510e+00,-1.432992607465331414e+00,-1.430015955302407882e+00,-1.426563318048562845e+00,-1.422766633869850139e+00,-1.418762196077119286e+00,-1.414631212532160953e+00,-1.410285717667044025e+00,-1.405272111470477370e+00,-1.398455678629208832e+00,-1.387542438904571185e+00,-1.368397796479058570e+00,-1.334150850273745803e+00,-1.274155417840966420e+00,-1.173050261707255570e+00,-1.010459951921923727e+00,-7.623195827172953853e-01,-4.053289434110777245e-01,7.359380775855894896e-02,6.613659231962165652e-01,1.297253950066063588e+00,1.854807362428610329e+00,2.160678496068706878e+00,2.160678496000473015e+00,1.854807362199260901e+00,1.297253949770591941e+00,6.613659228658033129e-01,7.359380731253062358e-02,-4.053289440093772455e-01,-7.623195835023993672e-01,-1.010459952935948813e+00,-1.173050263126038661e+00,-1.274155419624857011e+00,-1.334150851980396624e+00,-1.368397797856480302e+00,-1.387542440120489662e+00,-1.398455679642202742e+00,-1.405272112075113267e+00,-1.410285717859278920e+00,-1.414631212616185518e+00,-1.418762196178553037e+00,-1.422766634079698944e+00,-1.426563318746947306e+00,-1.430015956226811547e+00,-1.432992609004344109e+00,-1.435390591139348748e+00,-1.437141192074713469e+00,-1.438204407083517156e+00,-1.438560705726621869e+00,-1.000000000000000000e+00,-1.000000000000000000e+00,-1.000000000000000000e+00,-1.000000000000000000e+00,-1.000000000000000000e+00,-1.000000000000000000e+00,-1.000000000000000000e+00,-1.000000000000000000e+00,-1.000000000000000000e+00,-1.000000000000000000e+00,-1.000000000000000000e+00,-1.000000000000000000e+00,-1.000000000000000000e+00,-1.000000000000000000e+00,-1.000000000000000000e+00,-1.000000000000000000e+00,-1.000000000000000000e+00,-1.000000000000000000e+00,-1.000000000000000000e+00,-1.000000000000000000e+00,-1.000000000000000000e+00,-1.000000000000000000e+00,-1.000000000000000000e+00,-1.000000000000000000e+00,-1.000000000000000000e+00,-1.000000000000000000e+00,-1.000000000000000000e+00,-1.000000000000000000e+00,-1.000000000000000000e+00,-1.000000000000000000e+00,-1.000000000000000000e+00,-1.000000000000000000e+00,-1.000000000000000000e+00,-1.000000000000000000e+00,-1.000000000000000000e+00,-1.000000000000000000e+00,-1.000000000000000000e+00,-1.000000000000000000e+00,-1.000000000000000000e+00,-1.000000000000000000e+00,-1.000000000000000000e+00,-1.000000000000000000e+00,-1.000000000000000000e+00,-1.000000000000000000e+00,-1.000000000000000000e+00,-1.000000000000000000e+00
-1.000000000000000000e+00,-1.000000000000000000e+00,-1.000000000000000000e+00,-1.000000000000000000e+00,-1.000000000000000000e+00,-1.000000000000000000e+00,-1.000000000000000000e+00,-1.000000000000000000e+00,-1.000000000000000000e+00,-1.000000000000000000e+00,-1.000000000000000000e+00,-1.000000000000000000e+00,-1.000000000000000000e+00,-1.000000000000000000e+00,-1.000000000000000000e+00,-1.000000000000000000e+00,-1.000000000000000000e+00,-1.000000000000000000e+00,-1.000000000000000000e+00,-1.000000000000000000e+00,-1.000000000000000000e+00,-1.000000000000000000e+00,-1.000000000000000000e+00,-1.000000000000000000e+00,-1.000000000000000000e+00,-1.000000000000000000e+00,-1.000000000000000000e+00,-1.000000000000000000e+00,-1.000000000000000000e+00,-1.000000000000000000e+00,-1.000000000000000000e+00,-1.000000000000000000e+00,-1.000000000000000000e+00,-1.000000000000000000e+00,-1.000000000000000000e+00,-1.000000000000000000e+00,-1.000000000000000000e+00,-1.000000000000000000e+00,-1.000000000000000000e+00,-1.000000000000000000e+00,-1.000000000000000000e+00,-1.000000000000000000e+00,-1.000000000000000000e+00,-1.000000000000000000e+00,-1.000000000000000000e+00,-1.000000000000000000e+00,-1.434535630739597334e+00,-1.433988329726647137e+00,-1.432352503163484725e+00,-1.429650569919127312e+00,-1.425932722201910474e+00,-1.421292101758778070e+00,-1.415877587686182437e+00,-1.409895118526621971e+00,-1.403585171484425631e+00,-1.397160229494585071e+00,-1.390681339530875915e+00,-1.383846753309213362e+00,-1.375658360147471670e+00,-1.363925842195065741e+00,-1.344571864565278663e+00,-1.310730049623067384e+00,-1.251707783060658219e+00,-1.152055249050935926e+00,-9.912794529620315709e-01,-7.451830046253988815e-01,-3.903298332988460739e-01,8.649481530817126895e-02,6.723382044763286380e-01,1.306598826614107534e+00,1.862963348351261761e+00,2.168212965323124131e+00,2.168212965106683043e+00,1.862963347786824375e+00,1.306598825917077988e+00,6.723382038140297556e-01,8.649481468324005107e-02,-3.903298338871269424e-01,-7.451830052827614903e-01,-9.912794538681635181e-01,-1.152055250347772786e+00,-1.251707784535517565e+00,-1.310730051003842433e+00,-1.344571865922484788e+00,-1.363925843567486362e+00,-1.375658361364422877e+00,-1.383846754195365403e+00,-1.390681339991532095e+00,-1.397160229757929084e+00,-1.403585171630207906e+00,-1.409895118660980273e+00,-1.415877588245793461e+00,-1.421292102484535080e+00,-1.425932723625178866e+00,-1.429650571869833575e+00,-1.432352505212898697e+00,-1.433988331920454051e+00,-1.434535632704524000e+00,-1.000000000000000000e+00,-1.000000000000000000e+00,-1.000000000000000000e+00,-1.000000000000000000e+00,-1.000000000000000000e+00,-1.000000000000000000e+00,-1.000000000000000000e+00,-1.000000000000000000e+00,-1.000000000000000000e+00,-1.000000000000000000e+00,-1.000000000000000000e+00,-1.000000000000000000e+00,-1.000000000000000000e+00,-1.000000000000000000e+00,-1.000000000000000000e+00,-1.000000000000000000e+00,-1.000000000000000000e+00,-1.000000000000000000e+00,-1.000000000000000000e+00,-1.000000000000000000e+00,-1.000000000000000000e+00,-1.000000000000000000e+00,-1.000000000000000000e+00,-1.000000000000000000e+00,-1.000000000000000000e+00,-1.000000000000000000e+00,-1.000000000000000000e+00,-1.000000000000000000e+00,-1.000000000000000000e+00,-1.000000000000000000e+00,-1.000000000000000000e+00,-1.000000000000000000e+00,-1.000000000000000000e+00,-1.000000000000000000e+00,-1.000000000000000000e+00,-1.000000000000000000e+00,-1.000000000000000000e+00,-1.000000000000000000e+00,-1.000000000000000000e+00,-1.000000000000000000e+00,-1.000000000000000000e+00,-1.000000000000000000e+00,-1.000000000000000000e+00,-1.000000000000000000e+00,-1.000000000000000000e+00,-1.000000000000000000e+00
-1.000000000000000000e+00,-1.000000000000000000e+00,-1.000000000000000000e+00,-1.000000000000000000e+00,-1.000000000000000000e+00,-1.000000000000000000e+00,-1.000000000000000000e+00,-1.000000000000000000e+00,-1.000000000000000000e+00,-1.000000000000000000e+00,-1.000000000000000000e+00,-1.000000000000000000e+00,-1.000000000000000000e+00,-1.000000000000000000e+00,-1.000000000000000000e+00,-1.000000000000000000e+00,-1.000000000000000000e+00,-1.000000000000000000e+00,-1.000000000000000000e+00,-1.000000000000000000e+00,-1.000000000000000000e+00,-1.000000000000000000e+00,-1.000000000000000000e+00,-1.000000000000000000e+00,-1.000000000000000000e+00,-1.000000000000000000e+00,-1.000000000000000000e+00,-1.000000000000000000e+00,-1.000000000000000000e+00,-1.000000000000000000e+00,-1.000000000000000000e+00,-1.000000000000000000e+00,-1.000000000000000000e+00,-1.000000000000000000e+00,-1.000000000000000000e+00,-1.000000000000000000e+00,-1.000000000000000000e+00,-1.000000000000000000e+00,-1.000000000000000000e+00,-1.000000000000000000e+00,-1.000000000000000000e+00,-1.000000000000000000e+00,-1.000000000000000000e+00,-1.000000000000000000e+00,-1.000000000000000000e+00,-1.000000000000000000e+00,-1.429204777239819535e+00,-1.428395804686042547e+00,-1.425974478991627326e+00,-1.421964315296196268e+00,-1.416425371469471228e+00,-1.409479856456957947e+00,-1.401336282210666306e+00,-1.392300058459435164e+00,-1.382754905888001096e+00,-1.373096251144282354e+00,-1.363594533828784261e+00,-1.354162458633945798e+00,-1.343995353635599077e+00,-1.331049833389676085e+00,-1.311329742417045807e+00,-1.277975270685914877e+00,-1.220228462390187341e+00,-1.122514657988936904e+00,-9.641747888628663388e-01,-7.208237785110724882e-01,-3.688330049704479086e-01,1.051990372717450661e-01,6.884974157190517641e-01,1.320632323233714267e+00,1.875458312904952241e+00,2.179906467343898591e+00,2.179906467064463893e+00,1.875458312125792837e+00,1.320632322290234750e+00,6.884974148286844287e-01,1.051990364791599575e-01,-3.688330056510781274e-01,-7.208237792047780257e-01,-9.641747896919514726e-01,-1.122514658927096454e+00,-1.220228463302494015e+00,-1.277975271771492949e+00,-1.311329743769536593e+00,-1.331049834661916176e+00,-1.343995354760456618e+00,-1.354162459627501924e+00,-1.363594534393614666e+00,-1.373096251479387186e+00,-1.382754906093095926e+00,-1.392300058600885349e+00,-1.401336282687245749e+00,-1.409479857004554804e+00,-1.416425372671258565e+00,-1.421964316965961705e+00,-1.425974480753057438e+00,-1.428395806817582603e+00,-1.429204779691739535e+00,-1.000000000000000000e+00,-1.000000000000000000e+00,-1.000000000000000000e+00,-1.000000000000000000e+00,-1.000000000000000000e+00,-1.000000000000000000e+00,-1.000000000000000000e+00,-1.000000000000000000e+00,-1.000000000000000000e+00,-1.000000000000000000e+00,-1.000000000000000000e+00,-1.000000000000000000e+00,-1.000000000000000000e+00,-1.000000000000000000e+00,-1.000000000000000000e+00,-1.000000000000000000e+00,-1.000000000000000000e+00,-1.000000000000000000e+00,-1.000000000000000000e+00,-1.000000000000000000e+00,-1.000000000000000000e+00,-1.000000000000000000e+00,-1.000000000000000000e+00,-1.000000000000000000e+00,-1.000000000000000000e+00,-1.000000000000000000e+00,-1.000000000000000000e+00,-1.000000000000000000e+00,-1.000000000000000000e+00,-1.000000000000000000e+00,-1.000000000000000000e+00,-1.000000000000000000e+00,-1.000000000000000000e+00,-1.000000000000000000e+00,-1.000000000000000000e+00,-1.000000000000000000e+00,-1.000000000000000000e+00,-1.000000000000000000e+00,-1.000000000000000000e+00,-1.000000000000000000e+00,-1.000000000000000000e+00,-1.000000000000000000e+00,-1.000000000000000000e+00,-1.000000000000000000e+00,-1.000000000000000000e+00,-1.000000000000000000e+00
-1.000000000000000000e+00,-1.000000000000000000e+00,-1.000000000000000000e+00,-1.000000000000000000e+00,-1.000000000000000000e+00,-1.000000000000000000e+00,-1.000000000000000000e+00,-1.000000000000000000e+00,-1.000000000000000000e+00,-1.000000000000000000e+00,-1.000000000000000000e+00,-1.000000000000000000e+00,-1.000000000000000000e+00,-1.000000000000000000e+00,-1.000000000000000000e+00,-1.000000000000000000e+00,-1.000000000000000000e+00,-1.000000000000000000e+00,-1.000000000000000000e+00,-1.000000000000000000e+00,-1.000000000000000000e+00,-1.000000000000000000e+00,-1.000000000000000000e+00,-1.000000000000000000e+00,-1.000000000000000000e+00,-1.000000000000000000e+00,-1.000000000000000000e+00,-1.000000000000000000e+00,-1.000000000000000000e+00,-1.000000000000000000e+00,-1.000000000000000000e+00,-1.000000000000000000e+00,-1.000000000000000000e+00,-1.000000000000000000e+00,-1.000000000000000000e+00,-1.000000000000000000e+00,-1.000000000000000000e+00,-1.000000000000000000e+00,-1.000000000000000000e+00,-1.000000000000000000e+00,-1.000000000000000000e+00,-1.000000000000000000e+00,-1.000000000000000000e+00,-1.000000000000000000e+00,-1.000000000000000000e+00,-1.000000000000000000e+00,-1.422354399833759775e+00,-1.421195286343642117e+00,-1.417721593106028521e+00,-1.411954685178193003e+00,-1.403962657784783463e+00,-1.393901049592072505e+00,-1.382053495778824859e+00,-1.368855884480932650e+00,-1.354883767165138142e+00,-1.340780429883750458e+00,-1.327101943653328897e+00,-1.314054715409991081e+00,-1.301099548448352516e+00,-1.286394883032603520e+00,-1.266056334922574189e+00,-1.233234244388684120e+00,-1.177083540194872047e+00,-1.081862171718091181e+00,-9.266875531244592734e-01,-6.869206378415657621e-01,-3.386708082149091359e-01,1.317177727550176147e-01,7.117095447416597054e-01,1.341098846692830637e+00,1.893949331516896706e+00,2.197370467465922239e+00,2.197370467174020181e+00,1.893949330733143643e+00,1.341098845664607797e+00,7.117095436791809338e-01,1.317177717213775523e-01,-3.386708091803686260e-01,-6.869206387562474259e-01,-9.266875539044521215e-01,-1.081862172314338455e+00,-1.177083540799275463e+00,-1.233234245295593556e+00,-1.266056335913602338e+00,-1.286394883806546430e+00,-1.301099549337829675e+00,-1.314054716439628123e+00,-1.327101944400915556e+00,-1.340780430593752959e+00,-1.354883767808314987e+00,-1.368855884947122181e+00,-1.382053496402796622e+00,-1.393901050138794728e+00,-1.403962658848554756e+00,-1.411954686751309307e+00,-1.417721595156513414e+00,-1.421195289705749820e+00,-1.422354403694098046e+00,-1.000000000000000000e+00,-1.000000000000000000e+00,-1.000000000000000000e+00,-1.000000000000000000e+00,-1.000000000000000000e+00,-1.000000000000000000e+00,-1.000000000000000000e+00,-1.000000000000000000e+00,-1.000000000000000000e+00,-1.000000000000000000e+00,-1.000000000000000000e+00,-1.000000000000000000e+00,-1.000000000000000000e+00,-1.000000000000000000e+00,-1.000000000000000000e+00,-1.000000000000000000e+00,-1.000000000000000000e+00,-1.000000000000000000e+00,-1.000000000000000000e+00,-1.000000000000000000e+00,-1.000000000000000000e+00,-1.000000000000000000e+00,-1.000000000000000000e+00,-1.000000000000000000e+00,-1.000000000000000000e+00,-1.000000000000000000e+00,-1.000000000000000000e+00,-1.000000000000000000e+00,-1.000000000000000000e+00,-1.000000000000000000e+00,-1.000000000000000000e+00,-1.000000000000000000e+00,-1.000000000000000000e+00,-1.000000000000000000e+00,-1.000000000000000000e+00,-1.000000000000000000e+00,-1.000000000000000000e+00,-1.000000000000000000e+00,-1.000000000000000000e+00,-1.000000000000000000e+00,-1.000000000000000000e+00,-1.000000000000000000e+00,-1.000000000000000000e+00,-1.000000000000000000e+00,-1.000000000000000000e+00,-1.000000000000000000e+00
-1.000000000000000000e+00,-1.000000000000000000e+00,-1.000000000000000000e+00,-1.000000000000000000e+00,-1.000000000000000000e+00,-1.000000000000000000e+00,-1.000000000000000000e+00,-1.000000000000000000e+00,-1.000000000000000000e+00,-1.000000000000000000e+00,-1.000000000000000000e+00,-1.000000000000000000e+00,-1.000000000000000000e+00,-1.000000000000000000e+00,-1.000000000000000000e+00,-1.000000000000000000e+00,-1.000000000000000000e+00,-1.000000000000000000e+00,-1.000000000000000000e+00,-1.000000000000000000e+00,-1.000000000000000000e+00,-1.000000000000000000e+00,-1.000000000000000000e+00,-1.000000000000000000e+00,-1.000000000000000000e+00,-1.000000000000000000e+00,-1.000000000000000000e+00,-1.000000000000000000e+00,-1.000000000000000000e+00,-1.000000000000000000e+00,-1.000000000000000000e+00,-1.000000000000000000e+00,-1.000000000000000000e+00,-1.000000000000000000e+00,-1.000000000000000000e+00,-1.000000000000000000e+00,-1.000000000000000000e+00,-1.000000000000000000e+00,-1.000000000000000000e+00,-1.000000000000000000e+00,-1.000000000000000000e+00,-1.000000000000000000e+00,-1.000000000000000000e+00,-1.000000000000000000e+00,-1.000000000000000000e+00,-1.000000000000000000e+00,-1.413807095364860711e+00,-1.412191798940968912e+00,-1.407345459578442481e+00,-1.399282284446535796e+00,-1.388074630295513368e+00,-1.373914749265219282e+00,-1.357178397926515512e+00,-1.338467863374196654e+00,-1.318607854543344393e+00,-1.298566688456991747e+00,-1.279277076065146179e+00,-1.261334055727830972e+00,-1.244550437138480792e+00,-1.227352491125469625e+00,-1.206004568068356653e+00,-1.173672694231232549e+00,-1.119401828570703250e+00,-1.027237009288327840e+00,-8.760099995488893621e-01,-6.407545332066602040e-01,-2.972387529165781972e-01,1.685276527135419755e-01,7.443244678604170605e-01,1.370237275738716232e+00,1.920593077647900326e+00,2.222717935707984260e+00,2.222717935463811578e+00,1.920593077010538163e+00,1.370237274835917063e+00,7.443244667121855507e-01,1.685276514732521047e-01,-2.972387541562430124e-01,-6.407545342779831232e-01,-8.760100002446822298e-01,-1.027237009774706555e+00,-1.119401829104704982e+00,-1.173672694810991013e+00,-1.206004568487890394e+00,-1.227352491527981648e+00,-1.244550438043744434e+00,-1.261334056862588149e+00,-1.279277077023298848e+00,-1.298566689576718280e+00,-1.318607855579317256e+00,-1.338467864145265640e+00,-1.357178398795283902e+00,-1.373914750028856435e+00,-1.388074631527499880e+00,-1.399282286670831654e+00,-1.407345463634360083e+00,-1.412191805648473464e+00,-1.413807098604460855e+00,-1.000000000000000000e+00,-1.000000000000000000e+00,-1.000000000000000000e+00,-1.000000000000000000e+00,-1.000000000000000000e+00,-1.000000000000000000e+00,-1.000000000000000000e+00,-1.000000000000000000e+00,-1.000000000000000000e+00,-1.000000000000000000e+00,-1.000000000000000000e+00,-1.000000000000000000e+00,-1.000000000000000000e+00,-1.000000000000000000e+00,-1.000000000000000000e+00,-1.000000000000000000e+00,-1.000000000000000000e+00,-1.000000000000000000e+00,-1.000000000000000000e+00,-1.000000000000000000e+00,-1.000000000000000000e+00,-1.000000000000000000e+00,-1.000000000000000000e+00,-1.000000000000000000e+00,-1.000000000000000000e+00,-1.000000000000000000e+00,-1.000000000000000000e+00,-1.000000000000000000e+00,-1.000000000000000000e+00,-1.000000000000000000e+00,-1.000000000000000000e+00,-1.000000000000000000e+00,-1.000000000000000000e+00,-1.000000000000000000e+00,-1.000000000000000000e+00,-1.000000000000000000e+00,-1.000000000000000000e+00,-1.000000000000000000e+00,-1.000000000000000000e+00,-1.000000000000000000e+00,-1.000000000000000000e+00,-1.000000000000000000e+00,-1.000000000000000000e+00,-1.000000000000000000e+00,-1.000000000000000000e+00,-1.000000000000000000e+00
-1.000000000000000000e+00,-1.000000000000000000e+00,-1.000000000000000000e+00,-1.000000000000000000e+00,-1.000000000000000000e+00,-1.000000000000000000e+00,-1.000000000000000000e+00,-1.000000000000000000e+00,-1.000000000000000000e+00,-1.000000000000000000e+00,-1.000000000000000000e+00,-1.000000000000000000e+00,-1.000000000000000000e+00,-1.000000000000000000e+00,-1.000000000000000000e+00,-1.000000000000000000e+00,-1.000000000000000000e+00,-1.000000000000000000e+00,-1.000000000000000000e+00,-1.000000000000000000e+00,-1.000000000000000000e+00,-1.000000000000000000e+00,-1.000000000000000000e+00,-1.000000000000000000e+00,-1.000000000000000000e+00,-1.000000000000000000e+00,-1.000000000000000000e+00,-1.000000000000000000e+00,-1.000000000000000000e+00,-1.000000000000000000e+00,-1.000000000000000000e+00,-1.000000000000000000e+00,-1.000000000000000000e+00,-1.000000000000000000e+00,-1.000000000000000000e+00,-1.000000000000000000e+00,-1.000000000000000000e+00,-1.000000000000000000e+00,-1.000000000000000000e+00,-1.000000000000000000e+00,-1.000000000000000000e+00,-1.000000000000000000e+00,-1.000000000000000000e+00,-1.000000000000000000e+00,-1.000000000000000000e+00,-1.000000000000000000e+00,-1.403461264069678194e+00,-1.401269235166109794e+00,-1.394685718574199651e+00,-1.383710862538415576e+00,-1.368415267188983098e+00,-1.349029800416169600e+00,-1.326039692796868064e+00,-1.300252449744433880e+00,-1.272804890233683928e+00,-1.245075669331797030e+00,-1.218475425566199144e+00,-1.194094594395773701e+00,-1.172196500180499923e+00,-1.151550854171423888e+00,-1.128612946044693865e+00,-1.096571905230862676e+00,-1.044341123488486067e+00,-9.557095428361717104e-01,-8.091639451994240284e-01,-5.793386384577074999e-01,-2.415782603700423747e-01,2.185303122948203391e-01,7.891709623092124648e-01,1.410802932996361392e+00,1.958085826394348583e+00,2.258612347455611680e+00,2.258612347306434565e+00,1.958085825983429284e+00,1.410802932273003574e+00,7.891709612082120628e-01,2.185303109391047993e-01,-2.415782617241845065e-01,-5.793386395393755883e-01,-8.091639459550056257e-01,-9.557095434449729421e-01,-1.044341123870765609e+00,-1.096571905409549963e+00,-1.128612946088813018e+00,-1.151550854385384515e+00,-1.172196500890202442e+00,-1.194094595253327062e+00,-1.218475426438264009e+00,-1.245075670549464331e+00,-1.272804891495955548e+00,-1.300252450949394678e+00,-1.326039694221892606e+00,-1.349029801850351706e+00,-1.368415269318064453e+00,-1.383710866782589255e+00,-1.394685725680882671e+00,-1.401269240998064047e+00,-1.403461270852316645e+00,-1.000000000000000000e+00,-1.000000000000000000e+00,-1.000000000000000000e+00,-1.000000000000000000e+00,-1.000000000000000000e+00,-1.000000000000000000e+00,-1.000000000000000000e+00,-1.000000000000000000e+00,-1.000000000000000000e+00,-1.000000000000000000e+00,-1.000000000000000000e+00,-1.000000000000000000e+00,-1.000000000000000000e+00,-1.000000000000000000e+00,-1.000000000000000000e+00,-1.000000000000000000e+00,-1.000000000000000000e+00,-1.000000000000000000e+00,-1.000000000000000000e+00,-1.000000000000000000e+00,-1.000000000000000000e+00,-1.000000000000000000e+00,-1.000000000000000000e+00,-1.000000000000000000e+00,-1.000000000000000000e+00,-1.000000000000000000e+00,-1.000000000000000000e+00,-1.000000000000000000e+00,-1.000000000000000000e+00,-1.000000000000000000e+00,-1.000000000000000000e+00,-1.000000000000000000e+00,-1.000000000000000000e+00,-1.000000000000000000e+00,-1.000000000000000000e+00,-1.000000000000000000e+00,-1.000000000000000000e+00,-1.000000000000000000e+00,-1.000000000000000000e+00,-1.000000000000000000e+00,-1.000000000000000000e+00,-1.000000000000000000e+00,-1.000000000000000000e+00,-1.000000000000000000e+00,-1.000000000000000000e+00,-1.000000000000000000e+00
-1.000000000000000000e+00,-1.000000000000000000e+00,-1.000000000000000000e+00,-1.000000000000000000e+00,-1.000000000000000000e+00,-1.000000000000000000e+00,-1.000000000000000000e+00,-1.000000000000000000e+00,-1.000000000000000000e+00,-1.000000000000000000e+00,-1.000000000000000000e+00,-1.000000000000000000e+00,-1.000000000000000000e+00,-1.000000000000000000e+00,-1.000000000000000000e+00,-1.000000000000000000e+00,-1.000000000000000000e+00,-1.000000000000000000e+00,-1.000000000000000000e+00,-1.000000000000000000e+00,-1.000000000000000000e+00,-1.000000000000000000e+00,-1.000000000000000000e+00,-1.000000000000000000e+00,-1.000000000000000000e+00,-1.000000000000000000e+00,-1.000000000000000000e+00,-1.000000000000000000e+00,-1.000000000000000000e+00,-1.000000000000000000e+00,-1.000000000000000000e+00,-1.000000000000000000e+00,-1.000000000000000000e+00,-1.000000000000000000e+00,-1.000000000000000000e+00,-1.000000000000000000e+00,-1.000000000000000000e+00,-1.000000000000000000e+00,-1.000000000000000000e+00,-1.000000000000000000e+00,-1.000000000000000000e+00,-1.000000000000000000e+00,-1.000000000000000000e+00,-1.000000000000000000e+00,-1.000000000000000000e+00,-1.000000000000000000e+00,-1.391337760870740459e+00,-1.388440821534379310e+00,-1.379732053740256426e+00,-1.365188876999252177e+00,-1.344871768981437343e+00,-1.319049819604366736e+00,-1.288333261682105491e+00,-1.253772290679489254e+00,-1.216877685932694630e+00,-1.179523114263806072e+00,-1.143699682060284717e+00,-1.111105270195740236e+00,-1.082561813210758839e+00,-1.057267764203597249e+00,-1.031915808563960368e+00,-9.997260172557184132e-01,-9.494609875359087958e-01,-8.646183091641086449e-01,-7.232928616938665289e-01,-4.996598893888208881e-01,-1.685662157873573097e-01,2.849121086846979622e-01,8.494594383903244506e-01,1.466004435618668111e+00,2.009623816518028683e+00,2.308239999349893878e+00,2.308239999264944498e+00,2.009623816227531723e+00,1.466004434939601531e+00,8.494594372806698601e-01,2.849121074050624536e-01,-1.685662170325418208e-01,-4.996598904758249304e-01,-7.232928626524455229e-01,-8.646183097404995799e-01,-9.494609877234025941e-01,-9.997260172318551685e-01,-1.031915808441836502e+00,-1.057267764214484762e+00,-1.082561813549530516e+00,-1.111105270789363830e+00,-1.143699683066903061e+00,-1.179523115677919343e+00,-1.216877687482742054e+00,-1.253772292404723210e+00,-1.288333263709531051e+00,-1.319049822129813476e+00,-1.344871773329207043e+00,-1.365188884797051028e+00,-1.379732060075912869e+00,-1.388440829358266626e+00,-1.391337770370194349e+00,-1.000000000000000000e+00,-1.000000000000000000e+00,-1.000000000000000000e+00,-1.000000000000000000e+00,-1.000000000000000000e+00,-1.000000000000000000e+00,-1.000000000000000000e+00,-1.000000000000000000e+00,-1.000000000000000000e+00,-1.000000000000000000e+00,-1.000000000000000000e+00,-1.000000000000000000e+00,-1.000000000000000000e+00,-1.000000000000000000e+00,-1.000000000000000000e+00,-1.000000000000000000e+00,-1.000000000000000000e+00,-1.000000000000000000e+00,-1.000000000000000000e+00,-1.000000000000000000e+00,-1.000000000000000000e+00,-1.000000000000000000e+00,-1.000000000000000000e+00,-1.000000000000000000e+00,-1.000000000000000000e+00,-1.000000000000000000e+00,-1.000000000000000000e+00,-1.000000000000000000e+00,-1.000000000000000000e+00,-1.000000000000000000e+00,-1.000000000000000000e+00,-1.000000000000000000e+00,-1.000000000000000000e+00,-1.000000000000000000e+00,-1.000000000000000000e+00,-1.000000000000000000e+00,-1.000000000000000000e+00,-1.000000000000000000e+00,-1.000000000000000000e+00,-1.000000000000000000e+00,-1.000000000000000000e+00,-1.000000000000000000e+00,-1.000000000000000000e+00,-1.000000000000000000e+00,-1.000000000000000000e+00,-1.000000000000000000e+00
-1.000000000000000000e+00,-1.000000000000000000e+00,-1.000000000000000000e+00,-1.000000000000000000e+00,-1.000000000000000000e+00,-1.000000000000000000e+00,-1.000000000000000000e+00,-1.000000000000000000e+00,-1.000000000000000000e+00,-1.000000000000000000e+00,-1.000000000000000000e+00,-1.000000000000000000e+00,-1.000000000000000000e+00,-1.000000000000000000e+00,-1.000000000000000000e+00,-1.000000000000000000e+00,-1.000000000000000000e+00,-1.000000000000000000e+00,-1.000000000000000000e+00,-1.000000000000000000e+00,-1.000000000000000000e+00,-1.000000000000000000e+00,-1.000000000000000000e+00,-1.000000000000000000e+00,-1.000000000000000000e+00,-1.000000000000000000e+00,-1.000000000000000000e+00,-1.000000000000000000e+00,-1.000000000000000000e+00,-1.000000000000000000e+00,-1.000000000000000000e+00,-1.000000000000000000e+00,-1.000000000000000000e+00,-1.000000000000000000e+00,-1.000000000000000000e+00,-1.000000000000000000e+00,-1.000000000000000000e+00,-1.000000000000000000e+00,-1.000000000000000000e+00,-1.000000000000000000e+00,-1.000000000000000000e+00,-1.000000000000000000e+00,-1.000000000000000000e+00,-1.000000000000000000e+00,-1.000000000000000000e+00,-1.000000000000000000e+00,-1.377627438133958604e+00,-1.373901055312592767e+00,-1.362689439290476257e+00,-1.343937248248346261e+00,-1.317684159589051829e+00,-1.284233523261098409e+00,-1.244330477310011895e+00,-1.199296448189717257e+00,-1.151064890530766105e+00,-1.102073085899500704e+00,-1.054981531609584078e+00,-1.012205061693359109e+00,-9.752454445851412856e-01,-9.438342460562192393e-01,-9.149541231613267378e-01,-8.818592501952209339e-01,-8.331401026204073856e-01,-7.519770492753281577e-01,-6.160467143725540939e-01,-3.990309561173549513e-01,-7.522670016851928931e-02,3.708754989347993192e-01,9.285544861383696613e-01,1.539311114874983843e+00,2.078735820672498846e+00,2.375155717383731435e+00,2.375155717278565337e+00,2.078735820294510539e+00,1.539311114101994171e+00,9.285544851183211712e-01,3.708754979802815210e-01,-7.522670114705554134e-02,-3.990309572658523596e-01,-6.160467152361928100e-01,-7.519770497561598654e-01,-8.331401028454520352e-01,-8.818592502384253740e-01,-9.149541230302766781e-01,-9.438342459259795314e-01,-9.752454447177599794e-01,-1.012205062236964714e+00,-1.054981532656206644e+00,-1.102073087238007343e+00,-1.151064892191425493e+00,-1.199296450312138385e+00,-1.244330480175351195e+00,-1.284233527963061006e+00,-1.317684167207946455e+00,-1.343937255203634384e+00,-1.362689447633156803e+00,-1.373901064328852062e+00,-1.377627448011443434e+00,-1.000000000000000000e+00,-1.000000000000000000e+00,-1.000000000000000000e+00,-1.000000000000000000e+00,-1.000000000000000000e+00,-1.000000000000000000e+00,-1.000000000000000000e+00,-1.000000000000000000e+00,-1.000000000000000000e+00,-1.000000000000000000e+00,-1.000000000000000000e+00,-1.000000000000000000e+00,-1.000000000000000000e+00,-1.000000000000000000e+00,-1.000000000000000000e+00,-1.000000000000000000e+00,-1.000000000000000000e+00,-1.000000000000000000e+00,-1.000000000000000000e+00,-1.000000000000000000e+00,-1.000000000000000000e+00,-1.000000000000000000e+00,-1.000000000000000000e+00,-1.000000000000000000e+00,-1.000000000000000000e+00,-1.000000000000000000e+00,-1.000000000000000000e+00,-1.000000000000000000e+00,-1.000000000000000000e+00,-1.000000000000000000e+00,-1.000000000000000000e+00,-1.000000000000000000e+00,-1.000000000000000000e+00,-1.000000000000000000e+00,-1.000000000000000000e+00,-1.000000000000000000e+00,-1.000000000000000000e+00,-1.000000000000000000e+00,-1.000000000000000000e+00,-1.000000000000000000e+00,-1.000000000000000000e+00,-1.000000000000000000e+00,-1.000000000000000000e+00,-1.000000000000000000e+00,-1.000000000000000000e+00,-1.000000000000000000e+00
-1.000000000000000000e+00,-1.000000000000000000e+00,-1.000000000000000000e+00,-1.000000000000000000e+00,-1.000000000000000000e+00,-1.000000000000000000e+00,-1.000000000000000000e+00,-1.000000000000000000e+00,-1.000000000000000000e+00,-1.000000000000000000e+00,-1.000000000000000000e+00,-1.000000000000000000e+00,-1.000000000000000000e+00,-1.000000000000000000e+00,-1.000000000000000000e+00,-1.000000000000000000e+00,-1.000000000000000000e+00,-1.000000000000000000e+00,-1.000000000000000000e+00,-1.000000000000000000e+00,-1.000000000000000000e+00,-1.000000000000000000e+00,-1.000000000000000000e+00,-1.000000000000000000e+00,-1.000000000000000000e+00,-1.000000000000000000e+00,-1.000000000000000000e+00,-1.000000000000000000e+00,-1.000000000000000000e+00,-1.000000000000000000e+00,-1.000000000000000000e+00,-1.000000000000000000e+00,-1.000000000000000000e+00,-1.000000000000000000e+00,-1.000000000000000000e+00,-1.000000000000000000e+00,-1.000000000000000000e+00,-1.000000000000000000e+00,-1.000000000000000000e+00,-1.000000000000000000e+00,-1.000000000000000000e+00,-1.000000000000000000e+00,-1.000000000000000000e+00,-1.000000000000000000e+00,-1.000000000000000000e+00,-1.000000000000000000e+00,-1.362729662331350511e+00,-1.358068418788854093e+00,-1.344033572236658758e+00,-1.320526288559413342e+00,-1.287552540426107228e+00,-1.245440435146599967e+00,-1.195068337945696779e+00,-1.138036518378217732e+00,-1.076717339206395341e+00,-1.014139005137877581e+00,-9.536830054230136522e-01,-8.985805151140789926e-01,-8.511690201935712130e-01,-8.118744583098879142e-01,-7.780373870655290514e-01,-7.429295363939822927e-01,-6.949270394441107168e-01,-6.168662639035652484e-01,-4.860005637999860184e-01,-2.755191325563502991e-01,4.084573999272822498e-02,4.792334699389162456e-01,1.029593506466250918e+00,1.634096316357683154e+00,2.168946207555719763e+00,2.462956830038204981e+00,2.462956829811429937e+00,2.168946206891828155e+00,1.634096315474638850e+00,1.029593505755502569e+00,4.792334693133768475e-01,4.084573907646893431e-02,-2.755191333105114770e-01,-4.860005644106147882e-01,-6.168662643568492143e-01,-6.949270397539476507e-01,-7.429295365034735976e-01,-7.780373869091563588e-01,-8.118744580296956004e-01,-8.511690201051693716e-01,-8.985805154000430228e-01,-9.536830061056928987e-01,-1.014139006234984430e+00,-1.076717341301071995e+00,-1.138036521634764764e+00,-1.195068343150648360e+00,-1.245440443765914562e+00,-1.287552547390560687e+00,-1.320526297107799563e+00,-1.344033581118688980e+00,-1.358068426338104207e+00,-1.362729669717722691e+00,-1.000000000000000000e+00,-1.000000000000000000e+00,-1.000000000000000000e+00,-1.000000000000000000e+00,-1.000000000000000000e+00,-1.000000000000000000e+00,-1.000000000000000000e+00,-1.000000000000000000e+00,-1.000000000000000000e+00,-1.000000000000000000e+00,-1.000000000000000000e+00,-1.000000000000000000e+00,-1.000000000000000000e+00,-1.000000000000000000e+00,-1.000000000000000000e+00,-1.000000000000000000e+00,-1.000000000000000000e+00,-1.000000000000000000e+00,-1.000000000000000000e+00,-1.000000000000000000e+00,-1.000000000000000000e+00,-1.000000000000000000e+00,-1.000000000000000000e+00,-1.000000000000000000e+00,-1.000000000000000000e+00,-1.000000000000000000e+00,-1.000000000000000000e+00,-1.000000000000000000e+00,-1.000000000000000000e+00,-1.000000000000000000e+00,-1.000000000000000000e+00,-1.000000000000000000e+00,-1.000000000000000000e+00,-1.000000000000000000e+00,-1.000000000000000000e+00,-1.000000000000000000e+00,-1.000000000000000000e+00,-1.000000000000000000e+00,-1.000000000000000000e+00,-1.000000000000000000e+00,-1.000000000000000000e+00,-1.000000000000000000e+00,-1.000000000000000000e+00,-1.000000000000000000e+00,-1.000000000000000000e+00,-1.000000000000000000e+00
-1.000000000000000000e+00,-1.000000000000000000e+00,-1.000000000000000000e+00,-1.000000000000000000e+00,-1.000000000000000000e+00,-1.000000000000000000e+00,-1.000000000000000000e+00,-1.000000000000000000e+00,-1.000000000000000000e+00,-1.000000000000000000e+00,-1.000000000000000000e+00,-1.000000000000000000e+00,-1.000000000000000000e+00,-1.000000000000000000e+00,-1.000000000000000000e+00,-1.000000000000000000e+00,-1.000000000000000000e+00,-1.000000000000000000e+00,-1.000000000000000000e+00,-1.000000000000000000e+00,-1.000000000000000000e+00,-1.000000000000000000e+00,-1.000000000000000000e+00,-1.000000000000000000e+00,-1.000000000000000000e+00,-1.000000000000000000e+00,-1.000000000000000000e+00,-1.000000000000000000e+00,-1.000000000000000000e+00,-1.000000000000000000e+00,-1.000000000000000000e+00,-1.000000000000000000e+00,-1.000000000000000000e+00,-1.000000000000000000e+00,-1.000000000000000000e+00,-1.000000000000000000e+00,-1.000000000000000000e+00,-1.000000000000000000e+00,-1.000000000000000000e+00,-1.000000000000000000e+00,-1.000000000000000000e+00,-1.000000000000000000e+00,-1.000000000000000000e+00,-1.000000000000000000e+00,-1.000000000000000000e+00,-1.000000000000000000e+00,-1.347269436016695021e+00,-1.341605405561142383e+00,-1.324539733756340931e+00,-1.295919598000330186e+00,-1.255702348736012164e+00,-1.204223345688596014e+00,-1.142473122133922159e+00,-1.072301069613465607e+00,-9.964740381363065280e-01,-9.185570960164296528e-01,-8.426253680404427460e-01,-7.728031623261256700e-01,-7.125135635601134165e-01,-6.632103519723593354e-01,-6.226935573956344783e-01,-5.841725124078944731e-01,-5.356973168581444789e-01,-4.597016580609490921e-01,-3.330197117803816997e-01,-1.283861418480060079e-01,1.809961504589001624e-01,6.118921449858989448e-01,1.154959476922174932e+00,1.753111200623327370e+00,2.283253927421914575e+00,2.574766189449162912e+00,2.574766189098742331e+00,2.283253926570385062e+00,1.753111199882523508e+00,1.154959476513810923e+00,6.118921444134113319e-01,1.809961500794969869e-01,-1.283861420343731519e-01,-3.330197120812733447e-01,-4.597016584381441451e-01,-5.356973172120508275e-01,-5.841725126650673117e-01,-6.226935574528871253e-01,-6.632103518869759684e-01,-7.125135635777049004e-01,-7.728031625730966692e-01,-8.426253686390606790e-01,-9.185570972687079339e-01,-9.964740409280966604e-01,-1.072301074510508379e+00,-1.142473130233607304e+00,-1.204223353443500510e+00,-1.255702357528243329e+00,-1.295919607457209244e+00,-1.324539741709822582e+00,-1.341605410484406624e+00,-1.347269439863884699e+00,-1.000000000000000000e+00,-1.000000000000000000e+00,-1.000000000000000000e+00,-1.000000000000000000e+00,-1.000000000000000000e+00,-1.000000000000000000e+00,-1.000000000000000000e+00,-1.000000000000000000e+00,-1.000000000000000000e+00,-1.000000000000000000e+00,-1.000000000000000000e+00,-1.000000000000000000e+00,-1.000000000000000000e+00,-1.000000000000000000e+00,-1.000000000000000000e+00,-1.000000000000000000e+00,-1.000000000000000000e+00,-1.000000000000000000e+00,-1.000000000000000000e+00,-1.000000000000000000e+00,-1.000000000000000000e+00,-1.000000000000000000e+00,-1.000000000000000000e+00,-1.000000000000000000e+00,-1.000000000000000000e+00,-1.000000000000000000e+00,-1.000000000000000000e+00,-1.000000000000000000e+00,-1.000000000000000000e+00,-1.000000000000000000e+00,-1.000000000000000000e+00,-1.000000000000000000e+00,-1.000000000000000000e+00,-1.000000000000000000e+00,-1.000000000000000000e+00,-1.000000000000000000e+00,-1.000000000000000000e+00,-1.000000000000000000e+00,-1.000000000000000000e+00,-1.000000000000000000e+00,-1.000000000000000000e+00,-1.000000000000000000e+00,-1.000000000000000000e+00,-1.000000000000000000e+00,-1.000000000000000000e+00,-1.000000000000000000e+00
-1.000000000000000000e+00,-1.000000000000000000e+00,-1.000000000000000000e+00,-1.000000000000000000e+00,-1.000000000000000000e+00,-1.000000000000000000e+00,-1.000000000000000000e+00,-1.000000000000000000e+00,-1.000000000000000000e+00,-1.000000000000000000e+00,-1.000000000000000000e+00,-1.000000000000000000e+00,-1.000000000000000000e+00,-1.000000000000000000e+00,-1.000000000000000000e+00,-1.000000000000000000e+00,-1.000000000000000000e+00,-1.000000000000000000e+00,-1.000000000000000000e+00,-1.000000000000000000e+00,-1.000000000000000000e+00,-1.000000000000000000e+00,-1.000000000000000000e+00,-1.000000000000000000e+00,-1.000000000000000000e+00,-1.000000000000000000e+00,-1.000000000000000000e+00,-1.000000000000000000e+00,-1.000000000000000000e+00,-1.000000000000000000e+00,-1.000000000000000000e+00,-1.000000000000000000e+00,-1.000000000000000000e+00,-1.000000000000000000e+00,-1.000000000000000000e+00,-1.000000000000000000e+00,-1.000000000000000000e+00,-1.000000000000000000e+00,-1.000000000000000000e+00,-1.000000000000000000e+00,-1.000000000000000000e+00,-1.000000000000000000e+00,-1.000000000000000000e+00,-1.000000000000000000e+00,-1.000000000000000000e+00,-1.000000000000000000e+00,-1.332080968414686595e+00,-1.325402482452890940e+00,-1.305268073585962529e+00,-1.271462039455113935e+00,-1.223877098340518055e+00,-1.162828811246047422e+00,-1.089372421225552445e+00,-1.005522153060841584e+00,-9.142993282756477491e-01,-8.196092264890525447e-01,-7.260306668852360978e-01,-6.385831584928944871e-01,-5.622354505523616819e-01,-5.003148745498119387e-01,-4.512145644972229697e-01,-4.078104669943170002e-01,-3.575439866817865520e-01,-2.823017709735998748e-01,-1.584890844202425653e-01,4.154333293239398373e-02,3.450290774681026296e-01,7.692882671466692024e-01,1.305662926494856713e+00,1.897833087396437080e+00,2.423462995900310446e+00,2.712555249048695050e+00,2.712555248805168961e+00,2.423462995426702182e+00,1.897833087023923948e+00,1.305662926023121173e+00,7.692882671199718914e-01,3.450290777643338913e-01,4.154333321992398353e-02,-1.584890843869215526e-01,-2.823017710720004958e-01,-3.575439869676740878e-01,-4.078104673299602911e-01,-4.512145647449434804e-01,-5.003148746716160611e-01,-5.622354507190823192e-01,-6.385831587953343380e-01,-7.260306676403374126e-01,-8.196092282828921771e-01,-9.142993323884952561e-01,-1.005522160564724210e+00,-1.089372428192001641e+00,-1.162828820488110315e+00,-1.223877107658460028e+00,-1.271462047782683014e+00,-1.305268078888087047e+00,-1.325402483695180322e+00,-1.332080968202050464e+00,-1.000000000000000000e+00,-1.000000000000000000e+00,-1.000000000000000000e+00,-1.000000000000000000e+00,-1.000000000000000000e+00,-1.000000000000000000e+00,-1.000000000000000000e+00,-1.000000000000000000e+00,-1.000000000000000000e+00,-1.000000000000000000e+00,-1.000000000000000000e+00,-1.000000000000000000e+00,-1.000000000000000000e+00,-1.000000000000000000e+00,-1.000000000000000000e+00,-1.000000000000000000e+00,-1.000000000000000000e+00,-1.000000000000000000e+00,-1.000000000000000000e+00,-1.000000000000000000e+00,-1.000000000000000000e+00,-1.000000000000000000e+00,-1.000000000000000000e+00,-1.000000000000000000e+00,-1.000000000000000000e+00,-1.000000000000000000e+00,-1.000000000000000000e+00,-1.000000000000000000e+00,-1.000000000000000000e+00,-1.000000000000000000e+00,-1.000000000000000000e+00,-1.000000000000000000e+00,-1.000000000000000000e+00,-1.000000000000000000e+00,-1.000000000000000000e+00,-1.000000000000000000e+00,-1.000000000000000000e+00,-1.000000000000000000e+00,-1.000000000000000000e+00,-1.000000000000000000e+00,-1.000000000000000000e+00,-1.000000000000000000e+00,-1.000000000000000000e+00,-1.000000000000000000e+00,-1.000000000000000000e+00,-1.000000000000000000e+00
-1.000000000000000000e+00,-1.000000000000000000e+00,-1.000000000000000000e+00,-1.000000000000000000e+00,-1.000000000000000000e+00,-1.000000000000000000e+00,-1.000000000000000000e+00,-1.000000000000000000e+00,-1.000000000000000000e+00,-1.000000000000000000e+00,-1.000000000000000000e+00,-1.000000000000000000e+00,-1.000000000000000000e+00,-1.000000000000000000e+00,-1.000000000000000000e+00,-1.000000000000000000e+00,-1.000000000000000000e+00,-1.000000000000000000e+00,-1.000000000000000000e+00,-1.000000000000000000e+00,-1.000000000000000000e+00,-1.000000000000000000e+00,-1.000000000000000000e+00,-1.000000000000000000e+00,-1.000000000000000000e+00,-1.000000000000000000e+00,-1.000000000000000000e+00,-1.000000000000000000e+00,-1.000000000000000000e+00,-1.000000000000000000e+00,-1.000000000000000000e+00,-1.000000000000000000e+00,-1.000000000000000000e+00,-1.000000000000000000e+00,-1.000000000000000000e+00,-1.000000000000000000e+00,-1.000000000000000000e+00,-1.000000000000000000e+00,-1.000000000000000000e+00,-1.000000000000000000e+00,-1.000000000000000000e+00,-1.000000000000000000e+00,-1.000000000000000000e+00,-1.000000000000000000e+00,-1.000000000000000000e+00,-1.000000000000000000e+00,-1.318149583506948108e+00,-1.310516834616137327e+00,-1.287493068388636086e+00,-1.248794565164113912e+00,-1.194235139880599927e+00,-1.124076445203337382e+00,-1.039364869788943713e+00,-9.421337589025468029e-01,-8.353952675033481379e-01,-7.229750362568965194e-01,-6.094296062263317992e-01,-5.003783038120510618e-01,-4.031191693824327515e-01,-3.253069422730960891e-01,-2.658671990635292914e-01,-2.165174170271733090e-01,-1.634649116879781650e-01,-8.776970783059667713e-02,3.462565513892124081e-02,2.316534655952473543e-01,5.308305179023069531e-01,9.498849507887094923e-01,1.480739161453733743e+00,2.067792290893268436e+00,2.589464960703828478e+00,2.876405309587485970e+00,2.876405309809483057e+00,2.589464961055355730e+00,2.067792290737016092e+00,1.480739161645295621e+00,9.498849513893772301e-01,5.308305186607185089e-01,2.316534662993809945e-01,3.462565563031616556e-02,-8.776970747400603123e-02,-1.634649115869881708e-01,-2.165174171403306813e-01,-2.658671992309938892e-01,-3.253069424235002227e-01,-4.031191697036916599e-01,-5.003783044526477486e-01,-6.094296078107340753e-01,-7.229750398332110972e-01,-8.353952745539755531e-01,-9.421337658402942905e-01,-1.039364878896693600e+00,-1.124076455153018905e+00,-1.194235147888603743e+00,-1.248794570578535712e+00,-1.287493069773909538e+00,-1.310516831878892674e+00,-1.318149579407272842e+00,-1.000000000000000000e+00,-1.000000000000000000e+00,-1.000000000000000000e+00,-1.000000000000000000e+00,-1.000000000000000000e+00,-1.000000000000000000e+00,-1.000000000000000000e+00,-1.000000000000000000e+00,-1.000000000000000000e+00,-1.000000000000000000e+00,-1.000000000000000000e+00,-1.000000000000000000e+00,-1.000000000000000000e+00,-1.000000000000000000e+00,-1.000000000000000000e+00,-1.000000000000000000e+00,-1.000000000000000000e+00,-1.000000000000000000e+00,-1.000000000000000000e+00,-1.000000000000000000e+00,-1.000000000000000000e+00,-1.000000000000000000e+00,-1.000000000000000000e+00,-1.000000000000000000e+00,-1.000000000000000000e+00,-1.000000000000000000e+00,-1.000000000000000000e+00,-1.000000000000000000e+00,-1.000000000000000000e+00,-1.000000000000000000e+00,-1.000000000000000000e+00,-1.000000000000000000e+00,-1.000000000000000000e+00,-1.000000000000000000e+00,-1.000000000000000000e+00,-1.000000000000000000e+00,-1.000000000000000000e+00,-1.000000000000000000e+00,-1.000000000000000000e+00,-1.000000000000000000e+00,-1.000000000000000000e+00,-1.000000000000000000e+00,-1.000000000000000000e+00,-1.000000000000000000e+00,-1.000000000000000000e+00,-1.000000000000000000e+00
-1.000000000000000000e+00,-1.000000000000000000e+00,-1.000000000000000000e+00,-1.000000000000000000e+00,-1.000000000000000000e+00,-1.000000000000000000e+00,-1.000000000000000000e+00,-1.000000000000000000e+00,-1.000000000000000000e+00,-1.000000000000000000e+00,-1.000000000000000000e+00,-1.000000000000000000e+00,-1.000000000000000000e+00,-1.000000000000000000e+00,-1.000000000000000000e+00,-1.000000000000000000e+00,-1.000000000000000000e+00,-1.000000000000000000e+00,-1.000000000000000000e+00,-1.000000000000000000e+00,-1.000000000000000000e+00,-1.000000000000000000e+00,-1.000000000000000000e+00,-1.000000000000000000e+00,-1.000000000000000000e+00,-1.000000000000000000e+00,-1.000000000000000000e+00,-1.000000000000000000e+00,-1.000000000000000000e+00,-1.000000000000000000e+00,-1.000000000000000000e+00,-1.000000000000000000e+00,-1.000000000000000000e+00,-1.000000000000000000e+00,-1.000000000000000000e+00,-1.000000000000000000e+00,-1.000000000000000000e+00,-1.000000000000000000e+00,-1.000000000000000000e+00,-1.000000000000000000e+00,-1.000000000000000000e+00,-1.000000000000000000e+00,-1.000000000000000000e+00,-1.000000000000000000e+00,-1.000000000000000000e+00,-1.000000000000000000e+00,-1.306511971075176248e+00,-1.298065390423686738e+00,-1.272575051347207165e+00,-1.229690930544211191e+00,-1.169141285230952176e+00,-1.091103002979336711e+00,-9.965314081402021351e-01,-8.872972841709598768e-01,-7.660356008951174633e-01,-6.357960505514790306e-01,-4.999467516423495850e-01,-3.633398940135881272e-01,-2.361737820689887579e-01,-1.385386682590669105e-01,-6.804633227633216652e-02,-1.294598339233643536e-02,4.292157224091797119e-02,1.196778911252227573e-01,2.418426420812702649e-01,4.374794580414758105e-01,7.341752929140619166e-01,1.149845075846326115e+00,1.676802095792658598e+00,2.260030683937252149e+00,2.778632086882306673e+00,3.063867642630793142e+00,3.063867643143452391e+00,2.778632087514348203e+00,2.260030684917115451e+00,1.676802096842457512e+00,1.149845076857982651e+00,7.341752939292698343e-01,4.374794590339270428e-01,2.418426429465452276e-01,1.196778918716261408e-01,4.292157269056029456e-02,-1.294598325497553493e-02,-6.804633244935887060e-02,-1.385386686083376340e-01,-2.361737828858915256e-01,-3.633398956479668707e-01,-4.999467551368678153e-01,-6.357960571944585304e-01,-7.660356071270876255e-01,-8.872972925056105131e-01,-9.965314171283511380e-01,-1.091103010604654422e+00,-1.169141289984578780e+00,-1.229690932239489110e+00,-1.272575049214473397e+00,-1.298065385269497884e+00,-1.306511964817124394e+00,-1.000000000000000000e+00,-1.000000000000000000e+00,-1.000000000000000000e+00,-1.000000000000000000e+00,-1.000000000000000000e+00,-1.000000000000000000e+00,-1.000000000000000000e+00,-1.000000000000000000e+00,-1.000000000000000000e+00,-1.000000000000000000e+00,-1.000000000000000000e+00,-1.000000000000000000e+00,-1.000000000000000000e+00,-1.000000000000000000e+00,-1.000000000000000000e+00,-1.000000000000000000e+00,-1.000000000000000000e+00,-1.000000000000000000e+00,-1.000000000000000000e+00,-1.000000000000000000e+00,-1.000000000000000000e+00,-1.000000000000000000e+00,-1.000000000000000000e+00,-1.000000000000000000e+00,-1.000000000000000000e+00,-1.000000000000000000e+00,-1.000000000000000000e+00,-1.000000000000000000e+00,-1.000000000000000000e+00,-1.000000000000000000e+00,-1.000000000000000000e+00,-1.000000000000000000e+00,-1.000000000000000000e+00,-1.000000000000000000e+00,-1.000000000000000000e+00,-1.000000000000000000e+00,-1.000000000000000000e+00,-1.000000000000000000e+00,-1.000000000000000000e+00,-1.000000000000000000e+00,-1.000000000000000000e+00,-1.000000000000000000e+00,-1.000000000000000000e+00,-1.000000000000000000e+00,-1.000000000000000000e+00,-1.000000000000000000e+00
-1.000000000000000000e+00,-1.000000000000000000e+00,-1.000000000000000000e+00,-1.000000000000000000e+00,-1.000000000000000000e+00,-1.000000000000000000e+00,-1.000000000000000000e+00,-1.000000000000000000e+00,-1.000000000000000000e+00,-1.000000000000000000e+00,-1.000000000000000000e+00,-1.000000000000000000e+00,-1.000000000000000000e+00,-1.000000000000000000e+00,-1.000000000000000000e+00,-1.000000000000000000e+00,-1.000000000000000000e+00,-1.000000000000000000e+00,-1.000000000000000000e+00,-1.000000000000000000e+00,-1.000000000000000000e+00,-1.000000000000000000e+00,-1.000000000000000000e+00,-1.000000000000000000e+00,-1.000000000000000000e+00,-1.000000000000000000e+00,-1.000000000000000000e+00,-1.000000000000000000e+00,-1.000000000000000000e+00,-1.000000000000000000e+00,-1.000000000000000000e+00,-1.000000000000000000e+00,-1.000000000000000000e+00,-1.000000000000000000e+00,-1.000000000000000000e+00,-1.000000000000000000e+00,-1.000000000000000000e+00,-1.000000000000000000e+00,-1.000000000000000000e+00,-1.000000000000000000e+00,-1.000000000000000000e+00,-1.000000000000000000e+00,-1.000000000000000000e+00,-1.000000000000000000e+00,-1.000000000000000000e+00,-1.000000000000000000e+00,-1.298125787296150691e+00,-1.289083527891853986e+00,-1.261786134442370422e+00,-1.215829130482914966e+00,-1.150864246822866255e+00,-1.066974463303791643e+00,-9.649736289533930034e-01,-8.464347881887366309e-01,-7.132875347099589813e-01,-5.669903967069708228e-01,-4.076946143839059733e-01,-2.350196372198982697e-01,-5.698285934521496454e-02,6.327241017720397487e-02,1.421209908790261878e-01,2.002096830885795598e-01,2.573133945818086854e-01,3.347476427640532215e-01,4.572663566957859693e-01,6.528103080098628386e-01,9.487728649520417168e-01,1.362984820381384576e+00,1.887894017278495706e+00,2.468856642939375678e+00,2.985501375114335776e+00,3.269609839265032569e+00,3.269609839103089222e+00,2.985501376356584746e+00,2.468856644909635634e+00,1.887894019004211721e+00,1.362984821736043184e+00,9.487728661298728827e-01,6.528103091229731092e-01,4.572663577146811598e-01,3.347476436967218305e-01,2.573133952678021696e-01,2.002096834253694890e-01,1.421209907755514035e-01,6.327240965791403049e-02,-5.698286078653314046e-02,-2.350196404036231090e-01,-4.076946206686763441e-01,-5.669904030692674013e-01,-7.132875432158183315e-01,-8.464347976674382323e-01,-9.649736370591579515e-01,-1.066974468616536109e+00,-1.150864248933719303e+00,-1.215829129381415852e+00,-1.261786130024780572e+00,-1.289083521381330533e+00,-1.298125779150753223e+00,-1.000000000000000000e+00,-1.000000000000000000e+00,-1.000000000000000000e+00,-1.000000000000000000e+00,-1.000000000000000000e+00,-1.000000000000000000e+00,-1.000000000000000000e+00,-1.000000000000000000e+00,-1.000000000000000000e+00,-1.000000000000000000e+00,-1.000000000000000000e+00,-1.000000000000000000e+00,-1.000000000000000000e+00,-1.000000000000000000e+00,-1.000000000000000000e+00,-1.000000000000000000e+00,-1.000000000000000000e+00,-1.000000000000000000e+00,-1.000000000000000000e+00,-1.000000000000000000e+00,-1.000000000000000000e+00,-1.000000000000000000e+00,-1.000000000000000000e+00,-1.000000000000000000e+00,-1.000000000000000000e+00,-1.000000000000000000e+00,-1.000000000000000000e+00,-1.000000000000000000e+00,-1.000000000000000000e+00,-1.000000000000000000e+00,-1.000000000000000000e+00,-1.000000000000000000e+00,-1.000000000000000000e+00,-1.000000000000000000e+00,-1.000000000000000000e+00,-1.000000000000000000e+00,-1.000000000000000000e+00,-1.000000000000000000e+00,-1.000000000000000000e+00,-1.000000000000000000e+00,-1.000000000000000000e+00,-1.000000000000000000e+00,-1.000000000000000000e+00,-1.000000000000000000e+00,-1.000000000000000000e+00,-1.000000000000000000e+00
-1.000000000000000000e+00,-1.000000000000000000e+00,-1.000000000000000000e+00,-1.000000000000000000e+00,-1.000000000000000000e+00,-1.000000000000000000e+00,-1.000000000000000000e+00,-1.000000000000000000e+00,-1.000000000000000000e+00,-1.000000000000000000e+00,-1.000000000000000000e+00,-1.000000000000000000e+00,-1.000000000000000000e+00,-1.000000000000000000e+00,-1.000000000000000000e+00,-1.000000000000000000e+00,-1.000000000000000000e+00,-1.000000000000000000e+00,-1.000000000000000000e+00,-1.000000000000000000e+00,-1.000000000000000000e+00,-1.000000000000000000e+00,-1.000000000000000000e+00,-1.000000000000000000e+00,-1.000000000000000000e+00,-1.000000000000000000e+00,-1.000000000000000000e+00,-1.000000000000000000e+00,-1.000000000000000000e+00,-1.000000000000000000e+00,-1.000000000000000000e+00,-1.000000000000000000e+00,-1.000000000000000000e+00,-1.000000000000000000e+00,-1.000000000000000000e+00,-1.000000000000000000e+00,-1.000000000000000000e+00,-1.000000000000000000e+00,-1.000000000000000000e+00,-1.000000000000000000e+00,-1.000000000000000000e+00,-1.000000000000000000e+00,-1.000000000000000000e+00,-1.000000000000000000e+00,-1.000000000000000000e+00,-1.000000000000000000e+00,-1.293730754865744625e+00,-1.284373243391332631e+00,-1.256118846912016140e+00,-1.208531873272369994e+00,-1.141217617377334070e+00,-1.054194774747013286e+00,-9.481648110873630575e-01,-8.244413786956180656e-01,-6.842861008048910509e-01,-5.273931353427226965e-01,-3.490594297768170318e-01,-1.343942888776213929e-01,1.568861218333459373e-01,2.890076573177167152e-01,3.646632461773122724e-01,4.190909072795589996e-01,4.741178041476328264e-01,5.508908980027060753e-01,6.736839974534838404e-01,8.699336893257434422e-01,1.166565441419108229e+00,1.581058538358905086e+00,2.105718903143050991e+00,2.686014405018193774e+00,3.201888849135067439e+00,3.485498779193931362e+00,3.485498780069139713e+00,3.201888850397369701e+00,2.686014407046161789e+00,2.105718905287128795e+00,1.581058540129238743e+00,1.166565442799452956e+00,8.699336904673375948e-01,6.736839984093276890e-01,5.508908988422702713e-01,4.741178048240743959e-01,4.190909076334632388e-01,3.646632459788732294e-01,2.890076565664811969e-01,1.568861198380038235e-01,-1.343942937229400947e-01,-3.490594352557901958e-01,-5.273931440502632739e-01,-6.842861114568989933e-01,-8.244413889272456109e-01,-9.481648186694040525e-01,-1.054194778819815603e+00,-1.141217617922722027e+00,-1.208531870431496458e+00,-1.256118841245437157e+00,-1.284373235619120202e+00,-1.293730746496499329e+00,-1.000000000000000000e+00,-1.000000000000000000e+00,-1.000000000000000000e+00,-1.000000000000000000e+00,-1.000000000000000000e+00,-1.000000000000000000e+00,-1.000000000000000000e+00,-1.000000000000000000e+00,-1.000000000000000000e+00,-1.000000000000000000e+00,-1.000000000000000000e+00,-1.000000000000000000e+00,-1.000000000000000000e+00,-1.000000000000000000e+00,-1.000000000000000000e+00,-1.000000000000000000e+00,-1.000000000000000000e+00,-1.000000000000000000e+00,-1.000000000000000000e+00,-1.000000000000000000e+00,-1.000000000000000000e+00,-1.000000000000000000e+00,-1.000000000000000000e+00,-1.000000000000000000e+00,-1.000000000000000000e+00,-1.000000000000000000e+00,-1.000000000000000000e+00,-1.000000000000000000e+00,-1.000000000000000000e+00,-1.000000000000000000e+00,-1.000000000000000000e+00,-1.000000000000000000e+00,-1.000000000000000000e+00,-1.000000000000000000e+00,-1.000000000000000000e+00,-1.000000000000000000e+00,-1.000000000000000000e+00,-1.000000000000000000e+00,-1.000000000000000000e+00,-1.000000000000000000e+00,-1.000000000000000000e+00,-1.000000000000000000e+00,-1.000000000000000000e+00,-1.000000000000000000e+00,-1.000000000000000000e+00,-1.000000000000000000e+00
-1.000000000000000000e+00,-1.000000000000000000e+00,-1.000000000000000000e+00,-1.000000000000000000e+00,-1.000000000000000000e+00,-1.000000000000000000e+00,-1.000000000000000000e+00,-1.000000000000000000e+00,-1.000000000000000000e+00,-1.000000000000000000e+00,-1.000000000000000000e+00,-1.000000000000000000e+00,-1.000000000000000000e+00,-1.000000000000000000e+00,-1.000000000000000000e+00,-1.000000000000000000e+00,-1.000000000000000000e+00,-1.000000000000000000e+00,-1.000000000000000000e+00,-1.000000000000000000e+00,-1.000000000000000000e+00,-1.000000000000000000e+00,-1.000000000000000000e+00,-1.000000000000000000e+00,-1.000000000000000000e+00,-1.000000000000000000e+00,-1.000000000000000000e+00,-1.000000000000000000e+00,-1.000000000000000000e+00,-1.000000000000000000e+00,-1.000000000000000000e+00,-1.000000000000000000e+00,-1.000000000000000000e+00,-1.000000000000000000e+00,-1.000000000000000000e+00,-1.000000000000000000e+00,-1.000000000000000000e+00,-1.000000000000000000e+00,-1.000000000000000000e+00,-1.000000000000000000e+00,-1.000000000000000000e+00,-1.000000000000000000e+00,-1.000000000000000000e+00,-1.000000000000000000e+00,-1.000000000000000000e+00,-1.000000000000000000e+00,-1.000000000000000000e+00,-1.000000000000000000e+00,-1.000000000000000000e+00,-1.000000000000000000e+00,-1.000000000000000000e+00,-1.000000000000000000e+00,-1.000000000000000000e+00,-1.000000000000000000e+00,-1.000000000000000000e+00,-1.000000000000000000e+00,-1.000000000000000000e+00,-1.000000000000000000e+00,4.992385813010495887e-01,5.481615802821762085e-01,5.944271042981048581e-01,6.362307998120262376e-01,6.855449846043559781e-01,7.601079395320711196e-01,8.827393465301494047e-01,1.080030691475689864e+00,1.378255360056721113e+00,1.794352635638628346e+00,2.320254127681859568e+00,2.901284694170501055e+00,3.417469725940965652e+00,3.701166382665624255e+00,3.701166383284729910e+00,3.417469727749124608e+00,2.901284695629003707e+00,2.320254129750599414e+00,1.794352637835789466e+00,1.378255361836837611e+00,1.080030692805225900e+00,8.827393474790874439e-01,7.601079402466510704e-01,6.855449852266937150e-01,6.362308002357774939e-01,5.944271042868884969e-01,5.481615802470447552e-01,4.992385816209790050e-01,-1.000000000000000000e+00,-1.000000000000000000e+00,-1.000000000000000000e+00,-1.000000000000000000e+00,-1.000000000000000000e+00,-1.000000000000000000e+00,-1.000000000000000000e+00,-1.000000000000000000e+00,-1.000000000000000000e+00,-1.000000000000000000e+00,-1.000000000000000000e+00,-1.000000000000000000e+00,-1.000000000000000000e+00,-1.000000000000000000e+00,-1.000000000000000000e+00,-1.000000000000000000e+00,-1.000000000000000000e+00,-1.000000000000000000e+00,-1.000000000000000000e+00,-1.000000000000000000e+00,-1.000000000000000000e+00,-1.000000000000000000e+00,-1.000000000000000000e+00,-1.000000000000000000e+00,-1.000000000000000000e+00,-1.000000000000000000e+00,-1.000000000000000000e+00,-1.000000000000000000e+00,-1.000000000000000000e+00,-1.000000000000000000e+00,-1.000000000000000000e+00,-1.000000000000000000e+00,-1.000000000000000000e+00,-1.000000000000000000e+00,-1.000000000000000000e+00,-1.000000000000000000e+00,-1.000000000000000000e+00,-1.000000000000000000e+00,-1.000000000000000000e+00,-1.000000000000000000e+00,-1.000000000000000000e+00,-1.000000000000000000e+00,-1.000000000000000000e+00,-1.000000000000000000e+00,-1.000000000000000000e+00,-1.000000000000000000e+00,-1.000000000000000000e+00,-1.000000000000000000e+00,-1.000000000000000000e+00,-1.000000000000000000e+00,-1.000000000000000000e+00,-1.000000000000000000e+00,-1.000000000000000000e+00,-1.000000000000000000e+00,-1.000000000000000000e+00,-1.000000000000000000e+00,-1.000000000000000000e+00,-1.000000000000000000e+00
-1.000000000000000000e+00,-1.000000000000000000e+00,-1.000000000000000000e+00,-1.000000000000000000e+00,-1.000000000000000000e+00,-1.000000000000000000e+00,-1.000000000000000000e+00,-1.000000000000000000e+00,-1.000000000000000000e+00,-1.000000000000000000e+00,-1.000000000000000000e+00,-1.000000000000000000e+00,-1.000000000000000000e+00,-1.000000000000000000e+00,-1.000000000000000000e+00,-1.000000000000000000e+00,-1.000000000000000000e+00,-1.000000000000000000e+00,-1.000000000000000000e+00,-1.000000000000000000e+00,-1.000000000000000000e+00,-1.000000000000000000e+00,-1.000000000000000000e+00,-1.000000000000000000e+00,-1.000000000000000000e+00,-1.000000000000000000e+00,-1.000000000000000000e+00,-1.000000000000000000e+00,-1.000000000000000000e+00,-1.000000000000000000e+00,-1.000000000000000000e+00,-1.000000000000000000e+00,-1.000000000000000000e+00,-1.000000000000000000e+00,-1.000000000000000000e+00,-1.000000000000000000e+00,-1.000000000000000000e+00,-1.000000000000000000e+00,-1.000000000000000000e+00,-1.000000000000000000e+00,-1.000000000000000000e+00,-1.000000000000000000e+00,-1.000000000000000000e+00,-1.000000000000000000e+00,-1.000000000000000000e+00,-1.000000000000000000e+00,-1.000000000000000000e+00,-1.000000000000000000e+00,-1.000000000000000000e+00,-1.000000000000000000e+00,-1.000000000000000000e+00,-1.000000000000000000e+00,-1.000000000000000000e+00,-1.000000000000000000e+00,-1.000000000000000000e+00,-1.000000000000000000e+00,-1.000000000000000000e+00,-1.000000000000000000e+00,7.624350906185097809e-01,7.825462624362202746e-01,8.084891380000545080e-01,8.385109652335436259e-01,8.815034979435820706e-01,9.532297741539637048e-01,1.075365161329961072e+00,1.273743102073769062e+00,1.574003680844034303e+00,1.992493445627709026e+00,2.520634550618245928e+00,3.103413159336593452e+00,3.620727970417357611e+00,3.904966710831151211e+00,3.904966711082900943e+00,3.620727971447822213e+00,3.103413161455951474e+00,2.520634552164192854e+00,1.992493447734653866e+00,1.574003682998641906e+00,1.273743103774462870e+00,1.075365162442629252e+00,9.532297747989171288e-01,8.815034984338423474e-01,8.385109656891975849e-01,8.084891386052148743e-01,7.825462644779497268e-01,7.624350913824504694e-01,-1.000000000000000000e+00,-1.000000000000000000e+00,-1.000000000000000000e+00,-1.000000000000000000e+00,-1.000000000000000000e+00,-1.000000000000000000e+00,-1.000000000000000000e+00,-1.000000000000000000e+00,-1.000000000000000000e+00,-1.000000000000000000e+00,-1.000000000000000000e+00,-1.000000000000000000e+00,-1.000000000000000000e+00,-1.000000000000000000e+00,-1.000000000000000000e+00,-1.000000000000000000e+00,-1.000000000000000000e+00,-1.000000000000000000e+00,-1.000000000000000000e+00,-1.000000000000000000e+00,-1.000000000000000000e+00,-1.000000000000000000e+00,-1.000000000000000000e+00,-1.000000000000000000e+00,-1.000000000000000000e+00,-1.000000000000000000e+00,-1.000000000000000000e+00,-1.000000000000000000e+00,-1.000000000000000000e+00,-1.000000000000000000e+00,-1.000000000000000000e+00,-1.000000000000000000e+00,-1.000000000000000000e+00,-1.000000000000000000e+00,-1.000000000000000000e+00,-1.000000000000000000e+00,-1.000000000000000000e+00,-1.000000000000000000e+00,-1.000000000000000000e+00,-1.000000000000000000e+00,-1.000000000000000000e+00,-1.000000000000000000e+00,-1.000000000000000000e+00,-1.000000000000000000e+00,-1.000000000000000000e+00,-1.000000000000000000e+00,-1.000000000000000000e+00,-1.000000000000000000e+00,-1.000000000000000000e+00,-1.000000000000000000e+00,-1.000000000000000000e+00,-1.000000000000000000e+00,-1.000000000000000000e+00,-1.000000000000000000e+00,-1.000000000000000000e+00,-1.000000000000000000e+00,-1.000000000000000000e+00,-1.000000000000000000e+00
-1.000000000000000000e+00,-1.000000000000000000e+00,-1.000000000000000000e+00,-1.000000000000000000e+00,-1.000000000000000000e+00,-1.000000000000000000e+00,-1.000000000000000000e+00,-1.000000000000000000e+00,-1.000000000000000000e+00,-1.000000000000000000e+00,-1.000000000000000000e+00,-1.000000000000000000e+00,-1.000000000000000000e+00,-1.000000000000000000e+00,-1.000000000000000000e+00,-1.000000000000000000e+00,-1.000000000000000000e+00,-1.000000000000000000e+00,-1.000000000000000000e+00,-1.000000000000000000e+00,-1.000000000000000000e+00,-1.000000000000000000e+00,-1.000000000000000000e+00,-1.000000000000000000e+00,-1.000000000000000000e+00,-1.000000000000000000e+00,-1.000000000000000000e+00,-1.000000000000000000e+00,-1.000000000000000000e+00,-1.000000000000000000e+00,-1.000000000000000000e+00,-1.000000000000000000e+00,-1.000000000000000000e+00,-1.000000000000000000e+00,-1.000000000000000000e+00,-1.000000000000000000e+00,-1.000000000000000000e+00,-1.000000000000000000e+00,-1.000000000000000000e+00,-1.000000000000000000e+00,-1.000000000000000000e+00,-1.000000000000000000e+00,-1.000000000000000000e+00,-1.000000000000000000e+00,-1.000000000000000000e+00,-1.000000000000000000e+00,-1.000000000000000000e+00,-1.000000000000000000e+00,-1.000000000000000000e+00,-1.000000000000000000e+00,-1.000000000000000000e+00,-1.000000000000000000e+00,-1.000000000000000000e+00,-1.000000000000000000e+00,-1.000000000000000000e+00,-1.000000000000000000e+00,-1.000000000000000000e+00,-1.000000000000000000e+00,9.698791370373467391e-01,9.785549201042955669e-01,9.928009576453189489e-01,1.014298785607186559e+00,1.051971212835396852e+00,1.121009818922478196e+00,1.242529970686903074e+00,1.441877527164879602e+00,1.744205233280617939e+00,2.165329511499835213e+00,2.696138788734075753e+00,3.281178630826046216e+00,3.800078616780190544e+00,4.085124684711509246e+00,4.085124684869254175e+00,3.800078617343237042e+00,3.281178632133820550e+00,2.696138791010719071e+00,2.165329512811483337e+00,1.744205235160034118e+00,1.441877529071768027e+00,1.242529971999591698e+00,1.121009819492823745e+00,1.051971213110937775e+00,1.014298786374351113e+00,9.928009600889198261e-01,9.785549218369984370e-01,9.698791401773805276e-01,-1.000000000000000000e+00,-1.000000000000000000e+00,-1.000000000000000000e+00,-1.000000000000000000e+00,-1.000000000000000000e+00,-1.000000000000000000e+00,-1.000000000000000000e+00,-1.000000000000000000e+00,-1.000000000000000000e+00,-1.000000000000000000e+00,-1.000000000000000000e+00,-1.000000000000000000e+00,-1.000000000000000000e+00,-1.000000000000000000e+00,-1.000000000000000000e+00,-1.000000000000000000e+00,-1.000000000000000000e+00,-1.000000000000000000e+00,-1.000000000000000000e+00,-1.000000000000000000e+00,-1.000000000000000000e+00,-1.000000000000000000e+00,-1.000000000000000000e+00,-1.000000000000000000e+00,-1.000000000000000000e+00,-1.000000000000000000e+00,-1.000000000000000000e+00,-1.000000000000000000e+00,-1.000000000000000000e+00,-1.000000000000000000e+00,-1.000000000000000000e+00,-1.000000000000000000e+00,-1.000000000000000000e+00,-1.000000000000000000e+00,-1.000000000000000000e+00,-1.000000000000000000e+00,-1.000000000000000000e+00,-1.000000000000000000e+00,-1.000000000000000000e+00,-1.000000000000000000e+00,-1.000000000000000000e+00,-1.000000000000000000e+00,-1.000000000000000000e+00,-1.000000000000000000e+00,-1.000000000000000000e+00,-1.000000000000000000e+00,-1.000000000000000000e+00,-1.000000000000000000e+00,-1.000000000000000000e+00,-1.000000000000000000e+00,-1.000000000000000000e+00,-1.000000000000000000e+00,-1.000000000000000000e+00,-1.000000000000000000e+00,-1.000000000000000000e+00,-1.000000000000000000e+00,-1.000000000000000000e+00,-1.000000000000000000e+00
-1.000000000000000000e+00,-1.000000000000000000e+00,-1.000000000000000000e+00,-1.000000000000000000e+00,-1.000000000000000000e+00,-1.000000000000000000e+00,-1.000000000000000000e+00,-1.000000000000000000e+00,-1.000000000000000000e+00,-1.000000000000000000e+00,-1.000000000000000000e+00,-1.000000000000000000e+00,-1.000000000000000000e+00,-1.000000000000000000e+00,-1.000000000000000000e+00,-1.000000000000000000e+00,-1.000000000000000000e+00,-1.000000000000000000e+00,-1.000000000000000000e+00,-1.000000000000000000e+00,-1.000000000000000000e+00,-1.000000000000000000e+00,-1.000000000000000000e+00,-1.000000000000000000e+00,-1.000000000000000000e+00,-1.000000000000000000e+00,-1.000000000000000000e+00,-1.000000000000000000e+00,-1.000000000000000000e+00,-1.000000000000000000e+00,-1.000000000000000000e+00,-1.000000000000000000e+00,-1.000000000000000000e+00,-1.000000000000000000e+00,-1.000000000000000000e+00,-1.000000000000000000e+00,-1.000000000000000000e+00,-1.000000000000000000e+00,-1.000000000000000000e+00,-1.000000000000000000e+00,-1.000000000000000000e+00,-1.000000000000000000e+00,-1.000000000000000000e+00,-1.000000000000000000e+00,-1.000000000000000000e+00,-1.000000000000000000e+00,-1.000000000000000000e+00,-1.000000000000000000e+00,-1.000000000000000000e+00,-1.000000000000000000e+00,-1.000000000000000000e+00,-1.000000000000000000e+00,-1.000000000000000000e+00,-1.000000000000000000e+00,-1.000000000000000000e+00,-1.000000000000000000e+00,-1.000000000000000000e+00,-1.000000000000000000e+00,1.126952286223210642e+00,1.130530427238373381e+00,1.138313885186294172e+00,1.154300694441615427e+00,1.188118679846013936e+00,1.255030094616348624e+00,1.375992835187023644e+00,1.576112696605441510e+00,1.880228608687184888e+00,2.303753087059268623e+00,2.837109864124895076e+00,3.424405508023277811e+00,3.944948370676516269e+00,4.230852622259409834e+00,4.230852622411726216e+00,3.944948371101453688e+00,3.424405508737915049e+00,2.837109865343083737e+00,2.303753089100144091e+00,1.880228609571734211e+00,1.576112698008367730e+00,1.375992836547792919e+00,1.255030095293203196e+00,1.188118680488124745e+00,1.154300696822836869e+00,1.138313886483394821e+00,1.130530430524554930e+00,1.126952290104640486e+00,-1.000000000000000000e+00,-1.000000000000000000e+00,-1.000000000000000000e+00,-1.000000000000000000e+00,-1.000000000000000000e+00,-1.000000000000000000e+00,-1.000000000000000000e+00,-1.000000000000000000e+00,-1.000000000000000000e+00,-1.000000000000000000e+00,-1.000000000000000000e+00,-1.000000000000000000e+00,-1.000000000000000000e+00,-1.000000000000000000e+00,-1.000000000000000000e+00,-1.000000000000000000e+00,-1.000000000000000000e+00,-1.000000000000000000e+00,-1.000000000000000000e+00,-1.000000000000000000e+00,-1.000000000000000000e+00,-1.000000000000000000e+00,-1.000000000000000000e+00,-1.000000000000000000e+00,-1.000000000000000000e+00,-1.000000000000000000e+00,-1.000000000000000000e+00,-1.000000000000000000e+00,-1.000000000000000000e+00,-1.000000000000000000e+00,-1.000000000000000000e+00,-1.000000000000000000e+00,-1.000000000000000000e+00,-1.000000000000000000e+00,-1.000000000000000000e+00,-1.000000000000000000e+00,-1.000000000000000000e+00,-1.000000000000000000e+00,-1.000000000000000000e+00,-1.000000000000000000e+00,-1.000000000000000000e+00,-1.000000000000000000e+00,-1.000000000000000000e+00,-1.000000000000000000e+00,-1.000000000000000000e+00,-1.000000000000000000e+00,-1.000000000000000000e+00,-1.000000000000000000e+00,-1.000000000000000000e+00,-1.000000000000000000e+00,-1.000000000000000000e+00,-1.000000000000000000e+00,-1.000000000000000000e+00,-1.000000000000000000e+00,-1.000000000000000000e+00,-1.000000000000000000e+00,-1.000000000000000000e+00,-1.000000000000000000e+00
-1.000000000000000000e+00,-1.000000000000000000e+00,-1.000000000000000000e+00,-1.000000000000000000e+00,-1.000000000000000000e+00,-1.000000000000000000e+00,-1.000000000000000000e+00,-1.000000000000000000e+00,-1.000000000000000000e+00,-1.000000000000000000e+00,-1.000000000000000000e+00,-1.000000000000000000e+00,-1.000000000000000000e+00,-1.000000000000000000e+00,-1.000000000000000000e+00,-1.000000000000000000e+00,-1.000000000000000000e+00,-1.000000000000000000e+00,-1.000000000000000000e+00,-1.000000000000000000e+00,-1.000000000000000000e+00,-1.000000000000000000e+00,-1.000000000000000000e+00,-1.000000000000000000e+00,-1.000000000000000000e+00,-1.000000000000000000e+00,-1.000000000000000000e+00,-1.000000000000000000e+00,-1.000000000000000000e+00,-1.000000000000000000e+00,-1.000000000000000000e+00,-1.000000000000000000e+00,-1.000000000000000000e+00,-1.000000000000000000e+00,-1.000000000000000000e+00,-1.000000000000000000e+00,-1.000000000000000000e+00,-1.000000000000000000e+00,-1.000000000000000000e+00,-1.000000000000000000e+00,-1.000000000000000000e+00,-1.000000000000000000e+00,-1.000000000000000000e+00,-1.000000000000000000e+00,-1.000000000000000000e+00,-1.000000000000000000e+00,-1.000000000000000000e+00,-1.000000000000000000e+00,-1.000000000000000000e+00,-1.000000000000000000e+00,-1.000000000000000000e+00,-1.000000000000000000e+00,-1.000000000000000000e+00,-1.000000000000000000e+00,-1.000000000000000000e+00,-1.000000000000000000e+00,-1.000000000000000000e+00,-1.000000000000000000e+00,1.233208007563559860e+00,1.234396918387473452e+00,1.238766514962315934e+00,1.251538556163516169e+00,1.282928396727509135e+00,1.348417350671259118e+00,1.468980306851535911e+00,1.669635087529729223e+00,1.975049469652086387e+00,2.400375156320934344e+00,2.935701511313864476e+00,3.524788675824018114e+00,4.046665427045313734e+00,4.333276321428972899e+00,4.333276321561603694e+00,4.046665427366209933e+00,3.524788676230608431e+00,2.935701511789549745e+00,2.400375157188872954e+00,1.975049471266841383e+00,1.669635087633532411e+00,1.468980307809442998e+00,1.348417352119747115e+00,1.282928399475801395e+00,1.251538557605449853e+00,1.238766517635233377e+00,1.234396921934485025e+00,1.233208010754415440e+00,-1.000000000000000000e+00,-1.000000000000000000e+00,-1.000000000000000000e+00,-1.000000000000000000e+00,-1.000000000000000000e+00,-1.000000000000000000e+00,-1.000000000000000000e+00,-1.000000000000000000e+00,-1.000000000000000000e+00,-1.000000000000000000e+00,-1.000000000000000000e+00,-1.000000000000000000e+00,-1.000000000000000000e+00,-1.000000000000000000e+00,-1.000000000000000000e+00,-1.000000000000000000e+00,-1.000000000000000000e+00,-1.000000000000000000e+00,-1.000000000000000000e+00,-1.000000000000000000e+00,-1.000000000000000000e+00,-1.000000000000000000e+00,-1.000000000000000000e+00,-1.000000000000000000e+00,-1.000000000000000000e+00,-1.000000000000000000e+00,-1.000000000000000000e+00,-1.000000000000000000e+00,-1.000000000000000000e+00,-1.000000000000000000e+00,-1.000000000000000000e+00,-1.000000000000000000e+00,-1.000000000000000000e+00,-1.000000000000000000e+00,-1.000000000000000000e+00,-1.000000000000000000e+00,-1.000000000000000000e+00,-1.000000000000000000e+00,-1.000000000000000000e+00,-1.000000000000000000e+00,-1.000000000000000000e+00,-1.000000000000000000e+00,-1.000000000000000000e+00,-1.000000000000000000e+00,-1.000000000000000000e+00,-1.000000000000000000e+00,-1.000000000000000000e+00,-1.000000000000000000e+00,-1.000000000000000000e+00,-1.000000000000000000e+00,-1.000000000000000000e+00,-1.000000000000000000e+00,-1.000000000000000000e+00,-1.000000000000000000e+00,-1.000000000000000000e+00,-1.000000000000000000e+00,-1.000000000000000000e+00,-1.000000000000000000e+00
-1.000000000000000000e+00,-1.000000000000000000e+00,-1.000000000000000000e+00,-1.000000000000000000e+00,-1.000000000000000000e+00,-1.000000000000000000e+00,-1.000000000000000000e+00,-1.000000000000000000e+00,-1.000000000000000000e+00,-1.000000000000000000e+00,-1.000000000000000000e+00,-1.000000000000000000e+00,-1.000000000000000000e+00,-1.000000000000000000e+00,-1.000000000000000000e+00,-1.000000000000000000e+00,-1.000000000000000000e+00,-1.000000000000000000e+00,-1.000000000000000000e+00,-1.000000000000000000e+00,-1.000000000000000000e+00,-1.000000000000000000e+00,-1.000000000000000000e+00,-1.000000000000000000e+00,-1.000000000000000000e+00,-1.000000000000000000e+00,-1.000000000000000000e+00,-1.000000000000000000e+00,-1.000000000000000000e+00,-1.000000000000000000e+00,-1.000000000000000000e+00,-1.000000000000000000e+00,-1.000000000000000000e+00,-1.000000000000000000e+00,-1.000000000000000000e+00,-1.000000000000000000e+00,-1.000000000000000000e+00,-1.000000000000000000e+00,-1.000000000000000000e+00,-1.000000000000000000e+00,-1.000000000000000000e+00,-1.000000000000000000e+00,-1.000000000000000000e+00,-1.000000000000000000e+00,-1.000000000000000000e+00,-1.000000000000000000e+00,-1.000000000000000000e+00,-1.000000000000000000e+00,-1.000000000000000000e+00,-1.000000000000000000e+00,-1.000000000000000000e+00,-1.000000000000000000e+00,-1.000000000000000000e+00,-1.000000000000000000e+00,-1.000000000000000000e+00,-1.000000000000000000e+00,-1.000000000000000000e+00,-1.000000000000000000e+00,1.286928028760536247e+00,1.287141162280204032e+00,1.290031350989229608e+00,1.301333264311046456e+00,1.331562999129157987e+00,1.396348879716935443e+00,1.516707825186411451e+00,1.717636451315918578e+00,2.023730692952457222e+00,2.450016864649444681e+00,2.986411488318036600e+00,3.576485234758267850e+00,4.099105592713795154e+00,4.386113443025100089e+00,4.386113443080394525e+00,4.099105592794100694e+00,3.576485234772037280e+00,2.986411488222306065e+00,2.450016864555871532e+00,2.023730693080446397e+00,1.717636452167948580e+00,1.516707825527860098e+00,1.396348882727109775e+00,1.331563000926449192e+00,1.301333267391195925e+00,1.290031354087307403e+00,1.287141165125888165e+00,1.286928030678317736e+00,-1.000000000000000000e+00,-1.000000000000000000e+00,-1.000000000000000000e+00,-1.000000000000000000e+00,-1.000000000000000000e+00,-1.000000000000000000e+00,-1.000000000000000000e+00,-1.000000000000000000e+00,-1.000000000000000000e+00,-1.000000000000000000e+00,-1.000000000000000000e+00,-1.000000000000000000e+00,-1.000000000000000000e+00,-1.000000000000000000e+00,-1.000000000000000000e+00,-1.000000000000000000e+00,-1.000000000000000000e+00,-1.000000000000000000e+00,-1.000000000000000000e+00,-1.000000000000000000e+00,-1.000000000000000000e+00,-1.000000000000000000e+00,-1.000000000000000000e+00,-1.000000000000000000e+00,-1.000000000000000000e+00,-1.000000000000000000e+00,-1.000000000000000000e+00,-1.000000000000000000e+00,-1.000000000000000000e+00,-1.000000000000000000e+00,-1.000000000000000000e+00,-1.000000000000000000e+00,-1.000000000000000000e+00,-1.000000000000000000e+00,-1.000000000000000000e+00,-1.000000000000000000e+00,-1.000000000000000000e+00,-1.000000000000000000e+00,-1.000000000000000000e+00,-1.000000000000000000e+00,-1.000000000000000000e+00,-1.000000000000000000e+00,-1.000000000000000000e+00,-1.000000000000000000e+00,-1.000000000000000000e+00,-1.000000000000000000e+00,-1.000000000000000000e+00,-1.000000000000000000e+00,-1.000000000000000000e+00,-1.000000000000000000e+00,-1.000000000000000000e+00,-1.000000000000000000e+00,-1.000000000000000000e+00,-1.000000000000000000e+00,-1.000000000000000000e+00,-1.000000000000000000e+00,-1.000000000000000000e+00,-1.000000000000000000e+00
-1.000000000000000000e+00,-1.000000000000000000e+00,-1.000000000000000000e+00,-1.000000000000000000e+00,-1.000000000000000000e+00,-1.000000000000000000e+00,-1.000000000000000000e+00,-1.000000000000000000e+00,-1.000000000000000000e+00,-1.000000000000000000e+00,-1.000000000000000000e+00,-1.000000000000000000e+00,-1.000000000000000000e+00,-1.000000000000000000e+00,-1.000000000000000000e+00,-1.000000000000000000e+00,-1.000000000000000000e+00,-1.000000000000000000e+00,-1.000000000000000000e+00,-1.000000000000000000e+00,-1.000000000000000000e+00,-1.000000000000000000e+00,-1.000000000000000000e+00,-1.000000000000000000e+00,-1.000000000000000000e+00,-1.000000000000000000e+00,-1.000000000000000000e+00,-1.000000000000000000e+00,-1.000000000000000000e+00,-1.000000000000000000e+00,-1.000000000000000000e+00,-1.000000000000000000e+00,-1.000000000000000000e+00,-1.000000000000000000e+00,-1.000000000000000000e+00,-1.000000000000000000e+00,-1.000000000000000000e+00,-1.000000000000000000e+00,-1.000000000000000000e+00,-1.000000000000000000e+00,-1.000000000000000000e+00,-1.000000000000000000e+00,-1.000000000000000000e+00,-1.000000000000000000e+00,-1.000000000000000000e+00,-1.000000000000000000e+00,-1.000000000000000000e+00,-1.000000000000000000e+00,-1.000000000000000000e+00,-1.000000000000000000e+00,-1.000000000000000000e+00,-1.000000000000000000e+00,-1.000000000000000000e+00,-1.000000000000000000e+00,-1.000000000000000000e+00,-1.000000000000000000e+00,-1.000000000000000000e+00,-1.000000000000000000e+00,1.286928028903234544e+00,1.287141162235698300e+00,1.290031350724641257e+00,1.301333263990429590e+00,1.331562999389427127e+00,1.396348880942039017e+00,1.516707824135973937e+00,1.717636452587387730e+00,2.023730693742849862e+00,2.450016865093782581e+00,2.986411488694597161e+00,3.576485235136256158e+00,4.099105593036012962e+00,4.386113443223599972e+00,4.386113443147997337e+00,4.099105592735095449e+00,3.576485234582135853e+00,2.986411487897667527e+00,2.450016864160498020e+00,2.023730692858408453e+00,1.717636452561989824e+00,1.516707827228334970e+00,1.396348881646849005e+00,1.331563002309038346e+00,1.301333267683308037e+00,1.290031353459368368e+00,1.287141164150233941e+00,1.286928029664386131e+00,-1.000000000000000000e+00,-1.000000000000000000e+00,-1.000000000000000000e+00,-1.000000000000000000e+00,-1.000000000000000000e+00,-1.000000000000000000e+00,-1.000000000000000000e+00,-1.000000000000000000e+00,-1.000000000000000000e+00,-1.000000000000000000e+00,-1.000000000000000000e+00,-1.000000000000000000e+00,-1.000000000000000000e+00,-1.000000000000000000e+00,-1.000000000000000000e+00,-1.000000000000000000e+00,-1.000000000000000000e+00,-1.000000000000000000e+00,-1.000000000000000000e+00,-1.000000000000000000e+00,-1.000000000000000000e+00,-1.000000000000000000e+00,-1.000000000000000000e+00,-1.000000000000000000e+00,-1.000000000000000000e+00,-1.000000000000000000e+00,-1.000000000000000000e+00,-1.000000000000000000e+00,-1.000000000000000000e+00,-1.000000000000000000e+00,-1.000000000000000000e+00,-1.000000000000000000e+00,-1.000000000000000000e+00,-1.000000000000000000e+00,-1.000000000000000000e+00,-1.000000000000000000e+00,-1.000000000000000000e+00,-1.000000000000000000e+00,-1.000000000000000000e+00,-1.000000000000000000e+00,-1.000000000000000000e+00,-1.000000000000000000e+00,-1.000000000000000000e+00,-1.000000000000000000e+00,-1.000000000000000000e+00,-1.000000000000000000e+00,-1.000000000000000000e+00,-1.000000000000000000e+00,-1.000000000000000000e+00,-1.000000000000000000e+00,-1.000000000000000000e+00,-1.000000000000000000e+00,-1.000000000000000000e+00,-1.000000000000000000e+00,-1.000000000000000000e+00,-1.000000000000000000e+00,-1.000000000000000000e+00,-1.000000000000000000e+00
-1.000000000000000000e+00,-1.000000000000000000e+00,-1.000000000000000000e+00,-1.000000000000000000e+00,-1.000000000000000000e+00,-1.000000000000000000e+00,-1.000000000000000000e+00,-1.000000000000000000e+00,-1.000000000000000000e+00,-1.000000000000000000e+00,-1.000000000000000000e+00,-1.000000000000000000e+00,-1.000000000000000000e+00,-1.000000000000000000e+00,-1.000000000000000000e+00,-1.000000000000000000e+00,-1.000000000000000000e+00,-1.000000000000000000e+00,-1.000000000000000000e+00,-1.000000000000000000e+00,-1.000000000000000000e+00,-1.000000000000000000e+00,-1.000000000000000000e+00,-1.000000000000000000e+00,-1.000000000000000000e+00,-1.000000000000000000e+00,-1.000000000000000000e+00,-1.000000000000000000e+00,-1.000000000000000000e+00,-1.000000000000000000e+00,-1.000000000000000000e+00,-1.000000000000000000e+00,-1.000000000000000000e+00,-1.000000000000000000e+00,-1.000000000000000000e+00,-1.000000000000000000e+00,-1.000000000000000000e+00,-1.000000000000000000e+00,-1.000000000000000000e+00,-1.000000000000000000e+00,-1.000000000000000000e+00,-1.000000000000000000e+00,-1.000000000000000000e+00,-1.000000000000000000e+00,-1.000000000000000000e+00,-1.000000000000000000e+00,-1.000000000000000000e+00,-1.000000000000000000e+00,-1.000000000000000000e+00,-1.000000000000000000e+00,-1.000000000000000000e+00,-1.000000000000000000e+00,-1.000000000000000000e+00,-1.000000000000000000e+00,-1.000000000000000000e+00,-1.000000000000000000e+00,-1.000000000000000000e+00,-1.000000000000000000e+00,1.233208007831472219e+00,1.234396918168695567e+00,1.238766514314192602e+00,1.251538555758739069e+00,1.282928397801570419e+00,1.348417351057293878e+00,1.468980308164649973e+00,1.669635088583155014e+00,1.975049472143644014e+00,2.400375157897072231e+00,2.935701512478475550e+00,3.524788676899876627e+00,4.046665427953667127e+00,4.333276321998246416e+00,4.333276321759824690e+00,4.046665427191569187e+00,3.524788675679285888e+00,2.935701510898856892e+00,2.400375156248229391e+00,1.975049471246664634e+00,1.669635089518884730e+00,1.468980308639932897e+00,1.348417354139899160e+00,1.282928400076762454e+00,1.251538558706914106e+00,1.238766516468480461e+00,1.234396919509618051e+00,1.233208008002121492e+00,-1.000000000000000000e+00,-1.000000000000000000e+00,-1.000000000000000000e+00,-1.000000000000000000e+00,-1.000000000000000000e+00,-1.000000000000000000e+00,-1.000000000000000000e+00,-1.000000000000000000e+00,-1.000000000000000000e+00,-1.000000000000000000e+00,-1.000000000000000000e+00,-1.000000000000000000e+00,-1.000000000000000000e+00,-1.000000000000000000e+00,-1.000000000000000000e+00,-1.000000000000000000e+00,-1.000000000000000000e+00,-1.000000000000000000e+00,-1.000000000000000000e+00,-1.000000000000000000e+00,-1.000000000000000000e+00,-1.000000000000000000e+00,-1.000000000000000000e+00,-1.000000000000000000e+00,-1.000000000000000000e+00,-1.000000000000000000e+00,-1.000000000000000000e+00,-1.000000000000000000e+00,-1.000000000000000000e+00,-1.000000000000000000e+00,-1.000000000000000000e+00,-1.000000000000000000e+00,-1.000000000000000000e+00,-1.000000000000000000e+00,-1.000000000000000000e+00,-1.000000000000000000e+00,-1.000000000000000000e+00,-1.000000000000000000e+00,-1.000000000000000000e+00,-1.000000000000000000e+00,-1.000000000000000000e+00,-1.000000000000000000e+00,-1.000000000000000000e+00,-1.000000000000000000e+00,-1.000000000000000000e+00,-1.000000000000000000e+00,-1.000000000000000000e+00,-1.000000000000000000e+00,-1.000000000000000000e+00,-1.000000000000000000e+00,-1.000000000000000000e+00,-1.000000000000000000e+00,-1.000000000000000000e+00,-1.000000000000000000e+00,-1.000000000000000000e+00,-1.000000000000000000e+00,-1.000000000000000000e+00,-1.000000000000000000e+00
-1.000000000000000000e+00,-1.000000000000000000e+00,-1.000000000000000000e+00,-1.000000000000000000e+00,-1.000000000000000000e+00,-1.000000000000000000e+00,-1.000000000000000000e+00,-1.000000000000000000e+00,-1.000000000000000000e+00,-1.000000000000000000e+00,-1.000000000000000000e+00,-1.000000000000000000e+00,-1.000000000000000000e+00,-1.000000000000000000e+00,-1.000000000000000000e+00,-1.000000000000000000e+00,-1.000000000000000000e+00,-1.000000000000000000e+00,-1.000000000000000000e+00,-1.000000000000000000e+00,-1.000000000000000000e+00,-1.000000000000000000e+00,-1.000000000000000000e+00,-1.000000000000000000e+00,-1.000000000000000000e+00,-1.000000000000000000e+00,-1.000000000000000000e+00,-1.000000000000000000e+00,-1.000000000000000000e+00,-1.000000000000000000e+00,-1.000000000000000000e+00,-1.000000000000000000e+00,-1.000000000000000000e+00,-1.000000000000000000e+00,-1.000000000000000000e+00,-1.000000000000000000e+00,-1.000000000000000000e+00,-1.000000000000000000e+00,-1.000000000000000000e+00,-1.000000000000000000e+00,-1.000000000000000000e+00,-1.000000000000000000e+00,-1.000000000000000000e+00,-1.000000000000000000e+00,-1.000000000000000000e+00,-1.000000000000000000e+00,-1.000000000000000000e+00,-1.000000000000000000e+00,-1.000000000000000000e+00,-1.000000000000000000e+00,-1.000000000000000000e+00,-1.000000000000000000e+00,-1.000000000000000000e+00,-1.000000000000000000e+00,-1.000000000000000000e+00,-1.000000000000000000e+00,-1.000000000000000000e+00,-1.000000000000000000e+00,1.126952286204195186e+00,1.130530426739312144e+00,1.138313884780424612e+00,1.154300695189026449e+00,1.188118679401915401e+00,1.255030095998647788e+00,1.375992837480379372e+00,1.576112699103427328e+00,1.880228610681782264e+00,2.303753090109681878e+00,2.837109866337322650e+00,3.424405509738534192e+00,3.944948372034924766e+00,4.230852623108769528e+00,4.230852622692466980e+00,3.944948370783373015e+00,3.424405507867935405e+00,2.837109864201173171e+00,2.303753088501410584e+00,1.880228611038481379e+00,1.576112698743189711e+00,1.375992838484007663e+00,1.255030098071502564e+00,1.188118682328473952e+00,1.154300695964185497e+00,1.138313885923110114e+00,1.130530427882235678e+00,1.126952286461449404e+00,-1.000000000000000000e+00,-1.000000000000000000e+00,-1.000000000000000000e+00,-1.000000000000000000e+00,-1.000000000000000000e+00,-1.000000000000000000e+00,-1.000000000000000000e+00,-1.000000000000000000e+00,-1.000000000000000000e+00,-1.000000000000000000e+00,-1.000000000000000000e+00,-1.000000000000000000e+00,-1.000000000000000000e+00,-1.000000000000000000e+00,-1.000000000000000000e+00,-1.000000000000000000e+00,-1.000000000000000000e+00,-1.000000000000000000e+00,-1.000000000000000000e+00,-1.000000000000000000e+00,-1.000000000000000000e+00,-1.000000000000000000e+00,-1.000000000000000000e+00,-1.000000000000000000e+00,-1.000000000000000000e+00,-1.000000000000000000e+00,-1.000000000000000000e+00,-1.000000000000000000e+00,-1.000000000000000000e+00,-1.000000000000000000e+00,-1.000000000000000000e+00,-1.000000000000000000e+00,-1.000000000000000000e+00,-1.000000000000000000e+00,-1.000000000000000000e+00,-1.000000000000000000e+00,-1.000000000000000000e+00,-1.000000000000000000e+00,-1.000000000000000000e+00,-1.000000000000000000e+00,-1.000000000000000000e+00,-1.000000000000000000e+00,-1.000000000000000000e+00,-1.000000000000000000e+00,-1.000000000000000000e+00,-1.000000000000000000e+00,-1.000000000000000000e+00,-1.000000000000000000e+00,-1.000000000000000000e+00,-1.000000000000000000e+00,-1.000000000000000000e+00,-1.000000000000000000e+00,-1.000000000000000000e+00,-1.000000000000000000e+00,-1.000000000000000000e+00,-1.000000000000000000e+00,-1.000000000000000000e+00,-1.000000000000000000e+00
-1.000000000000000000e+00,-1.000000000000000000e+00,-1.000000000000000000e+00,-1.000000000000000000e+00,-1.000000000000000000e+00,-1.000000000000000000e+00,-1.000000000000000000e+00,-1.000000000000000000e+00,-1.000000000000000000e+00,-1.000000000000000000e+00,-1.000000000000000000e+00,-1.000000000000000000e+00,-1.000000000000000000e+00,-1.000000000000000000e+00,-1.000000000000000000e+00,-1.000000000000000000e+00,-1.000000000000000000e+00,-1.000000000000000000e+00,-1.000000000000000000e+00,-1.000000000000000000e+00,-1.000000000000000000e+00,-1.000000000000000000e+00,-1.000000000000000000e+00,-1.000000000000000000e+00,-1.000000000000000000e+00,-1.000000000000000000e+00,-1.000000000000000000e+00,-1.000000000000000000e+00,-1.000000000000000000e+00,-1.000000000000000000e+00,-1.000000000000000000e+00,-1.000000000000000000e+00,-1.000000000000000000e+00,-1.000000000000000000e+00,-1.000000000000000000e+00,-1.000000000000000000e+00,-1.000000000000000000e+00,-1.000000000000000000e+00,-1.000000000000000000e+00,-1.000000000000000000e+00,-1.000000000000000000e+00,-1.000000000000000000e+00,-1.000000000000000000e+00,-1.000000000000000000e+00,-1.000000000000000000e+00,-1.000000000000000000e+00,-1.000000000000000000e+00,-1.000000000000000000e+00,-1.000000000000000000e+00,-1.000000000000000000e+00,-1.000000000000000000e+00,-1.000000000000000000e+00,-1.000000000000000000e+00,-1.000000000000000000e+00,-1.000000000000000000e+00,-1.000000000000000000e+00,-1.000000000000000000e+00,-1.000000000000000000e+00,9.698791364665035886e-01,9.785549197256002696e-01,9.928009584570927082e-01,1.014298785259522440e+00,1.051971213683979833e+00,1.121009820757947306e+00,1.242529973163373214e+00,1.441877530327415169e+00,1.744205236526586766e+00,2.165329514136847600e+00,2.696138792300038389e+00,3.281178633408382339e+00,3.800078618536489650e+00,4.085124685724572657e+00,4.085124685141750867e+00,3.800078616869492443e+00,3.281178631187834149e+00,2.696138790527041529e+00,2.165329513810241302e+00,1.744205235535677634e+00,1.441877530858178158e+00,1.242529974271084914e+00,1.121009821599995071e+00,1.051971214364780582e+00,1.014298786358807991e+00,9.928009578789023237e-01,9.785549204078114460e-01,9.698791371240069736e-01,-1.000000000000000000e+00,-1.000000000000000000e+00,-1.000000000000000000e+00,-1.000000000000000000e+00,-1.000000000000000000e+00,-1.000000000000000000e+00,-1.000000000000000000e+00,-1.000000000000000000e+00,-1.000000000000000000e+00,-1.000000000000000000e+00,-1.000000000000000000e+00,-1.000000000000000000e+00,-1.000000000000000000e+00,-1.000000000000000000e+00,-1.000000000000000000e+00,-1.000000000000000000e+00,-1.000000000000000000e+00,-1.000000000000000000e+00,-1.000000000000000000e+00,-1.000000000000000000e+00,-1.000000000000000000e+00,-1.000000000000000000e+00,-1.000000000000000000e+00,-1.000000000000000000e+00,-1.000000000000000000e+00,-1.000000000000000000e+00,-1.000000000000000000e+00,-1.000000000000000000e+00,-1.000000000000000000e+00,-1.000000000000000000e+00,-1.000000000000000000e+00,-1.000000000000000000e+00,-1.000000000000000000e+00,-1.000000000000000000e+00,-1.000000000000000000e+00,-1.000000000000000000e+00,-1.000000000000000000e+00,-1.000000000000000000e+00,-1.000000000000000000e+00,-1.000000000000000000e+00,-1.000000000000000000e+00,-1.000000000000000000e+00,-1.000000000000000000e+00,-1.000000000000000000e+00,-1.000000000000000000e+00,-1.000000000000000000e+00,-1.000000000000000000e+00,-1.000000000000000000e+00,-1.000000000000000000e+00,-1.000000000000000000e+00,-1.000000000000000000e+00,-1.000000000000000000e+00,-1.000000000000000000e+00,-1.000000000000000000e+00,-1.000000000000000000e+00,-1.000000000000000000e+00,-1.000000000000000000e+00,-1.000000000000000000e+00
-1.000000000000000000e+00,-1.000000000000000000e+00,-1.000000000000000000e+00,-1.000000000000000000e+00,-1.000000000000000000e+00,-1.000000000000000000e+00,-1.000000000000000000e+00,-1.000000000000000000e+00,-1.000000000000000000e+00,-1.000000000000000000e+00,-1.000000000000000000e+00,-1.000000000000000000e+00,-1.000000000000000000e+00,-1.000000000000000000e+00,-1.000000000000000000e+00,-1.000000000000000000e+00,-1.000000000000000000e+00,-1.000000000000000000e+00,-1.000000000000000000e+00,-1.000000000000000000e+00,-1.000000000000000000e+00,-1.000000000000000000e+00,-1.000000000000000000e+00,-1.000000000000000000e+00,-1.000000000000000000e+00,-1.000000000000000000e+00,-1.000000000000000000e+00,-1.000000000000000000e+00,-1.000000000000000000e+00,-1.000000000000000000e+00,-1.000000000000000000e+00,-1.000000000000000000e+00,-1.000000000000000000e+00,-1.000000000000000000e+00,-1.000000000000000000e+00,-1.000000000000000000e+00,-1.000000000000000000e+00,-1.000000000000000000e+00,-1.000000000000000000e+00,-1.000000000000000000e+00,-1.000000000000000000e+00,-1.000000000000000000e+00,-1.000000000000000000e+00,-1.000000000000000000e+00,-1.000000000000000000e+00,-1.000000000000000000e+00,-1.000000000000000000e+00,-1.000000000000000000e+00,-1.000000000000000000e+00,-1.000000000000000000e+00,-1.000000000000000000e+00,-1.000000000000000000e+00,-1.000000000000000000e+00,-1.000000000000000000e+00,-1.000000000000000000e+00,-1.000000000000000000e+00,-1.000000000000000000e+00,-1.000000000000000000e+00,7.624350900181626756e-01,7.825462631608173236e-01,8.084891375438472139e-01,8.385109661972842687e-01,8.815034994259662859e-01,9.532297761778798506e-01,1.075365163771018651e+00,1.273743105164226286e+00,1.574003684521603219e+00,1.992493449257624505e+00,2.520634553628648966e+00,3.103413162836889505e+00,3.620727972681538454e+00,3.904966711894417131e+00,3.904966711249937106e+00,3.620727971029213954e+00,3.103413161272839282e+00,2.520634553476893469e+00,1.992493448290991065e+00,1.574003684492553123e+00,1.273743105819078902e+00,1.075365164090664738e+00,9.532297758213506000e-01,8.815034987044292336e-01,8.385109654838112103e-01,8.084891378863798828e-01,7.825462624032257786e-01,7.624350904715408994e-01,-1.000000000000000000e+00,-1.000000000000000000e+00,-1.000000000000000000e+00,-1.000000000000000000e+00,-1.000000000000000000e+00,-1.000000000000000000e+00,-1.000000000000000000e+00,-1.000000000000000000e+00,-1.000000000000000000e+00,-1.000000000000000000e+00,-1.000000000000000000e+00,-1.000000000000000000e+00,-1.000000000000000000e+00,-1.000000000000000000e+00,-1.000000000000000000e+00,-1.000000000000000000e+00,-1.000000000000000000e+00,-1.000000000000000000e+00,-1.000000000000000000e+00,-1.000000000000000000e+00,-1.000000000000000000e+00,-1.000000000000000000e+00,-1.000000000000000000e+00,-1.000000000000000000e+00,-1.000000000000000000e+00,-1.000000000000000000e+00,-1.000000000000000000e+00,-1.000000000000000000e+00,-1.000000000000000000e+00,-1.000000000000000000e+00,-1.000000000000000000e+00,-1.000000000000000000e+00,-1.000000000000000000e+00,-1.000000000000000000e+00,-1.000000000000000000e+00,-1.000000000000000000e+00,-1.000000000000000000e+00,-1.000000000000000000e+00,-1.000000000000000000e+00,-1.000000000000000000e+00,-1.000000000000000000e+00,-1.000000000000000000e+00,-1.000000000000000000e+00,-1.000000000000000000e+00,-1.000000000000000000e+00,-1.000000000000000000e+00,-1.000000000000000000e+00,-1.000000000000000000e+00,-1.000000000000000000e+00,-1.000000000000000000e+00,-1.000000000000000000e+00,-1.000000000000000000e+00,-1.000000000000000000e+00,-1.000000000000000000e+00,-1.000000000000000000e+00,-1.000000000000000000e+00,-1.000000000000000000e+00,-1.000000000000000000e+00
-1.000000000000000000e+00,-1.000000000000000000e+00,-1.000000000000000000e+00,-1.000000000000000000e+00,-1.000000000000000000e+00,-1.000000000000000000e+00,-1.000000000000000000e+00,-1.000000000000000000e+00,-1.000000000000000000e+00,-1.000000000000000000e+00,-1.000000000000000000e+00,-1.000000000000000000e+00,-1.000000000000000000e+00,-1.000000000000000000e+00,-1.000000000000000000e+00,-1.000000000000000000e+00,-1.000000000000000000e+00,-1.000000000000000000e+00,-1.000000000000000000e+00,-1.000000000000000000e+00,-1.000000000000000000e+00,-1.000000000000000000e+00,-1.000000000000000000e+00,-1.000000000000000000e+00,-1.000000000000000000e+00,-1.000000000000000000e+00,-1.000000000000000000e+00,-1.000000000000000000e+00,-1.000000000000000000e+00,-1.000000000000000000e+00,-1.000000000000000000e+00,-1.000000000000000000e+00,-1.000000000000000000e+00,-1.000000000000000000e+00,-1.000000000000000000e+00,-1.000000000000000000e+00,-1.000000000000000000e+00,-1.000000000000000000e+00,-1.000000000000000000e+00,-1.000000000000000000e+00,-1.000000000000000000e+00,-1.000000000000000000e+00,-1.000000000000000000e+00,-1.000000000000000000e+00,-1.000000000000000000e+00,-1.000000000000000000e+00,-1.000000000000000000e+00,-1.000000000000000000e+00,-1.000000000000000000e+00,-1.000000000000000000e+00,-1.000000000000000000e+00,-1.000000000000000000e+00,-1.000000000000000000e+00,-1.000000000000000000e+00,-1.000000000000000000e+00,-1.000000000000000000e+00,-1.000000000000000000e+00,-1.000000000000000000e+00,4.992385820508284944e-01,5.481615796906091909e-01,5.944271048523301904e-01,6.362308012281836511e-01,6.855449863069651428e-01,7.601079416891114438e-01,8.827393489478680966e-01,1.080030694289966675e+00,1.378255363426638791e+00,1.794352639444201092e+00,2.320254131273206344e+00,2.901284696959887111e+00,3.417469728858838707e+00,3.701166384097224871e+00,3.701166383719812991e+00,3.417469728321191447e+00,2.901284697254003841e+00,2.320254130819564331e+00,1.794352639817407002e+00,1.378255363969405956e+00,1.080030694341522768e+00,8.827393481633400985e-01,7.601079402475918734e-01,6.855449847118131323e-01,6.362307996012657174e-01,5.944271037754085274e-01,5.481615798227672531e-01,4.992385808755219756e-01,-1.000000000000000000e+00,-1.000000000000000000e+00,-1.000000000000000000e+00,-1.000000000000000000e+00,-1.000000000000000000e+00,-1.000000000000000000e+00,-1.000000000000000000e+00,-1.000000000000000000e+00,-1.000000000000000000e+00,-1.000000000000000000e+00,-1.000000000000000000e+00,-1.000000000000000000e+00,-1.000000000000000000e+00,-1.000000000000000000e+00,-1.000000000000000000e+00,-1.000000000000000000e+00,-1.000000000000000000e+00,-1.000000000000000000e+00,-1.000000000000000000e+00,-1.000000000000000000e+00,-1.000000000000000000e+00,-1.000000000000000000e+00,-1.000000000000000000e+00,-1.000000000000000000e+00,-1.000000000000000000e+00,-1.000000000000000000e+00,-1.000000000000000000e+00,-1.000000000000000000e+00,-1.000000000000000000e+00,-1.000000000000000000e+00,-1.000000000000000000e+00,-1.000000000000000000e+00,-1.000000000000000000e+00,-1.000000000000000000e+00,-1.000000000000000000e+00,-1.000000000000000000e+00,-1.000000000000000000e+00,-1.000000000000000000e+00,-1.000000000000000000e+00,-1.000000000000000000e+00,-1.000000000000000000e+00,-1.000000000000000000e+00,-1.000000000000000000e+00,-1.000000000000000000e+00,-1.000000000000000000e+00,-1.000000000000000000e+00,-1.000000000000000000e+00,-1.000000000000000000e+00,-1.000000000000000000e+00,-1.000000000000000000e+00,-1.000000000000000000e+00,-1.000000000000000000e+00,-1.000000000000000000e+00,-1.000000000000000000e+00,-1.000000000000000000e+00,-1.000000000000000000e+00,-1.000000000000000000e+00,-1.000000000000000000e+00
-1.000000000000000000e+00,-1.000000000000000000e+00,-1.000000000000000000e+00,-1.000000000000000000e+00,-1.000000000000000000e+00,-1.000000000000000000e+00,-1.000000000000000000e+00,-1.000000000000000000e+00,-1.000000000000000000e+00,-1.000000000000000000e+00,-1.000000000000000000e+00,-1.000000000000000000e+00,-1.000000000000000000e+00,-1.000000000000000000e+00,-1.000000000000000000e+00,-1.000000000000000000e+00,-1.000000000000000000e+00,-1.000000000000000000e+00,-1.000000000000000000e+00,-1.000000000000000000e+00,-1.000000000000000000e+00,-1.000000000000000000e+00,-1.000000000000000000e+00,-1.000000000000000000e+00,-1.000000000000000000e+00,-1.000000000000000000e+00,-1.000000000000000000e+00,-1.000000000000000000e+00,-1.000000000000000000e+00,-1.000000000000000000e+00,-1.000000000000000000e+00,-1.000000000000000000e+00,-1.000000000000000000e+00,-1.000000000000000000e+00,-1.000000000000000000e+00,-1.000000000000000000e+00,-1.000000000000000000e+00,-1.000000000000000000e+00,-1.000000000000000000e+00,-1.000000000000000000e+00,-1.000000000000000000e+00,-1.000000000000000000e+00,-1.000000000000000000e+00,-1.000000000000000000e+00,-1.000000000000000000e+00,-1.000000000000000000e+00,-1.293730751592940376e+00,-1.284373240359615531e+00,-1.256118844888697961e+00,-1.208531872607038204e+00,-1.141217617612668489e+00,-1.054194775137048623e+00,-9.481648110673196461e-01,-8.244413777713639480e-01,-6.842860986701400083e-01,-5.273931323748470845e-01,-3.490594272894993466e-01,-1.343942882721761434e-01,1.568861226009630183e-01,2.890076578507727589e-01,3.646632470068558174e-01,4.190909087225216378e-01,4.741178059094885988e-01,5.508909002453450388e-01,6.736839998781725125e-01,8.699336919240479027e-01,1.166565444319585421e+00,1.581058541653215244e+00,2.105718906690746905e+00,2.686014408185136038e+00,3.201888851449901985e+00,3.485498781543492797e+00,3.485498782038784604e+00,3.201888853085523401e+00,2.686014408954642718e+00,2.105718907734021705e+00,1.581058542750741758e+00,1.166565444606008750e+00,8.699336911899417935e-01,6.736839982547244698e-01,5.508908981317215403e-01,4.741178038460156507e-01,4.190909067378691955e-01,3.646632453652534078e-01,2.890076567024051357e-01,1.568861216145396309e-01,-1.343942887673875708e-01,-3.490594289767500191e-01,-5.273931339600899104e-01,-6.842860991198793652e-01,-8.244413769994446417e-01,-9.481648096839544460e-01,-1.054194774040032812e+00,-1.141217617629421532e+00,-1.208531874152731111e+00,-1.256118847753670442e+00,-1.284373244257904334e+00,-1.293730755837432245e+00,-1.000000000000000000e+00,-1.000000000000000000e+00,-1.000000000000000000e+00,-1.000000000000000000e+00,-1.000000000000000000e+00,-1.000000000000000000e+00,-1.000000000000000000e+00,-1.000000000000000000e+00,-1.000000000000000000e+00,-1.000000000000000000e+00,-1.000000000000000000e+00,-1.000000000000000000e+00,-1.000000000000000000e+00,-1.000000000000000000e+00,-1.000000000000000000e+00,-1.000000000000000000e+00,-1.000000000000000000e+00,-1.000000000000000000e+00,-1.000000000000000000e+00,-1.000000000000000000e+00,-1.000000000000000000e+00,-1.000000000000000000e+00,-1.000000000000000000e+00,-1.000000000000000000e+00,-1.000000000000000000e+00,-1.000000000000000000e+00,-1.000000000000000000e+00,-1.000000000000000000e+00,-1.000000000000000000e+00,-1.000000000000000000e+00,-1.000000000000000000e+00,-1.000000000000000000e+00,-1.000000000000000000e+00,-1.000000000000000000e+00,-1.000000000000000000e+00,-1.000000000000000000e+00,-1.000000000000000000e+00,-1.000000000000000000e+00,-1.000000000000000000e+00,-1.000000000000000000e+00,-1.000000000000000000e+00,-1.000000000000000000e+00,-1.000000000000000000e+00,-1.000000000000000000e+00,-1.000000000000000000e+00,-1.000000000000000000e+00
-1.000000000000000000e+00,-1.000000000000000000e+00,-1.000000000000000000e+00,-1.000000000000000000e+00,-1.000000000000000000e+00,-1.000000000000000000e+00,-1.000000000000000000e+00,-1.000000000000000000e+00,-1.000000000000000000e+00,-1.000000000000000000e+00,-1.000000000000000000e+00,-1.000000000000000000e+00,-1.000000000000000000e+00,-1.000000000000000000e+00,-1.000000000000000000e+00,-1.000000000000000000e+00,-1.000000000000000000e+00,-1.000000000000000000e+00,-1.000000000000000000e+00,-1.000000000000000000e+00,-1.000000000000000000e+00,-1.000000000000000000e+00,-1.000000000000000000e+00,-1.000000000000000000e+00,-1.000000000000000000e+00,-1.000000000000000000e+00,-1.000000000000000000e+00,-1.000000000000000000e+00,-1.000000000000000000e+00,-1.000000000000000000e+00,-1.000000000000000000e+00,-1.000000000000000000e+00,-1.000000000000000000e+00,-1.000000000000000000e+00,-1.000000000000000000e+00,-1.000000000000000000e+00,-1.000000000000000000e+00,-1.000000000000000000e+00,-1.000000000000000000e+00,-1.000000000000000000e+00,-1.000000000000000000e+00,-1.000000000000000000e+00,-1.000000000000000000e+00,-1.000000000000000000e+00,-1.000000000000000000e+00,-1.000000000000000000e+00,-1.298125784478238565e+00,-1.289083525331739644e+00,-1.261786132955224238e+00,-1.215829130313874185e+00,-1.150864246744666142e+00,-1.066974462761765885e+00,-9.649736278160313541e-01,-8.464347861137995199e-01,-7.132875318300364587e-01,-5.669903938555361789e-01,-4.076946126232425804e-01,-2.350196342459107690e-01,-5.698285771665301258e-02,6.327241127147131827e-02,1.421209920209092203e-01,2.002096847330214757e-01,2.573133965155642855e-01,3.347476451615363224e-01,4.572663592373618080e-01,6.528103106017730806e-01,9.487728675986446536e-01,1.362984823135544143e+00,1.887894020276376761e+00,2.468856646085168194e+00,2.985501378133106787e+00,3.269609842445697190e+00,3.269609843729818444e+00,2.985501380070131106e+00,2.468856648634157214e+00,1.887894022370239622e+00,1.362984824097667413e+00,9.487728671946511483e-01,6.528103091076118414e-01,4.572663570298360902e-01,3.347476426266362548e-01,2.573133940931253694e-01,2.002096824482351156e-01,1.421209902103117706e-01,6.327241009278328221e-02,-5.698285940345071410e-02,-2.350196366423097372e-01,-4.076946130483165565e-01,-5.669903948515415681e-01,-7.132875327083874062e-01,-8.464347863470911282e-01,-9.649736273890504590e-01,-1.066974462242289423e+00,-1.150864246713651617e+00,-1.215829131297873289e+00,-1.261786135288015309e+00,-1.289083528556460134e+00,-1.298125788001097236e+00,-1.000000000000000000e+00,-1.000000000000000000e+00,-1.000000000000000000e+00,-1.000000000000000000e+00,-1.000000000000000000e+00,-1.000000000000000000e+00,-1.000000000000000000e+00,-1.000000000000000000e+00,-1.000000000000000000e+00,-1.000000000000000000e+00,-1.000000000000000000e+00,-1.000000000000000000e+00,-1.000000000000000000e+00,-1.000000000000000000e+00,-1.000000000000000000e+00,-1.000000000000000000e+00,-1.000000000000000000e+00,-1.000000000000000000e+00,-1.000000000000000000e+00,-1.000000000000000000e+00,-1.000000000000000000e+00,-1.000000000000000000e+00,-1.000000000000000000e+00,-1.000000000000000000e+00,-1.000000000000000000e+00,-1.000000000000000000e+00,-1.000000000000000000e+00,-1.000000000000000000e+00,-1.000000000000000000e+00,-1.000000000000000000e+00,-1.000000000000000000e+00,-1.000000000000000000e+00,-1.000000000000000000e+00,-1.000000000000000000e+00,-1.000000000000000000e+00,-1.000000000000000000e+00,-1.000000000000000000e+00,-1.000000000000000000e+00,-1.000000000000000000e+00,-1.000000000000000000e+00,-1.000000000000000000e+00,-1.000000000000000000e+00,-1.000000000000000000e+00,-1.000000000000000000e+00,-1.000000000000000000e+00,-1.000000000000000000e+00
-1.000000000000000000e+00,-1.000000000000000000e+00,-1.000000000000000000e+00,-1.000000000000000000e+00,-1.000000000000000000e+00,-1.000000000000000000e+00,-1.000000000000000000e+00,-1.000000000000000000e+00,-1.000000000000000000e+00,-1.000000000000000000e+00,-1.000000000000000000e+00,-1.000000000000000000e+00,-1.000000000000000000e+00,-1.000000000000000000e+00,-1.000000000000000000e+00,-1.000000000000000000e+00,-1.000000000000000000e+00,-1.000000000000000000e+00,-1.000000000000000000e+00,-1.000000000000000000e+00,-1.000000000000000000e+00,-1.000000000000000000e+00,-1.000000000000000000e+00,-1.000000000000000000e+00,-1.000000000000000000e+00,-1.000000000000000000e+00,-1.000000000000000000e+00,-1.000000000000000000e+00,-1.000000000000000000e+00,-1.000000000000000000e+00,-1.000000000000000000e+00,-1.000000000000000000e+00,-1.000000000000000000e+00,-1.000000000000000000e+00,-1.000000000000000000e+00,-1.000000000000000000e+00,-1.000000000000000000e+00,-1.000000000000000000e+00,-1.000000000000000000e+00,-1.000000000000000000e+00,-1.000000000000000000e+00,-1.000000000000000000e+00,-1.000000000000000000e+00,-1.000000000000000000e+00,-1.000000000000000000e+00,-1.000000000000000000e+00,-1.306511968794893619e+00,-1.298065388123494479e+00,-1.272575050294201926e+00,-1.229690930546733618e+00,-1.169141284779605217e+00,-1.091103002093716245e+00,-9.965314067059428682e-01,-8.872972818832938202e-01,-7.660355984920954597e-01,-6.357960487817460038e-01,-4.999467481018818882e-01,-3.633398917187558030e-01,-2.361737805111108202e-01,-1.385386670304674661e-01,-6.804633106864932390e-02,-1.294598178110828446e-02,4.292157406786278884e-02,1.196778933771616149e-01,2.418426444875854120e-01,4.374794604932814579e-01,7.341752952983953140e-01,1.149845078107965435e+00,1.676802098181399359e+00,2.260030686859687332e+00,2.778632091016745687e+00,3.063867648171360258e+00,3.063867648299914315e+00,2.778632093346792953e+00,2.260030689988327346e+00,1.676802100269893625e+00,1.149845078627631079e+00,7.341752943844086499e-01,4.374794586365438054e-01,2.418426421242367841e-01,1.196778908035607270e-01,4.292157162157805850e-02,-1.294598395372803523e-02,-6.804633243703916978e-02,-1.385386681649097840e-01,-2.361737815886024716e-01,-3.633398928595423794e-01,-4.999467499101973855e-01,-6.357960485257525551e-01,-7.660355989553631062e-01,-8.872972826524009315e-01,-9.965314070601696272e-01,-1.091103002191335269e+00,-1.169141284911499046e+00,-1.229690931031667489e+00,-1.272575051762603993e+00,-1.298065390294056431e+00,-1.306511970937588529e+00,-1.000000000000000000e+00,-1.000000000000000000e+00,-1.000000000000000000e+00,-1.000000000000000000e+00,-1.000000000000000000e+00,-1.000000000000000000e+00,-1.000000000000000000e+00,-1.000000000000000000e+00,-1.000000000000000000e+00,-1.000000000000000000e+00,-1.000000000000000000e+00,-1.000000000000000000e+00,-1.000000000000000000e+00,-1.000000000000000000e+00,-1.000000000000000000e+00,-1.000000000000000000e+00,-1.000000000000000000e+00,-1.000000000000000000e+00,-1.000000000000000000e+00,-1.000000000000000000e+00,-1.000000000000000000e+00,-1.000000000000000000e+00,-1.000000000000000000e+00,-1.000000000000000000e+00,-1.000000000000000000e+00,-1.000000000000000000e+00,-1.000000000000000000e+00,-1.000000000000000000e+00,-1.000000000000000000e+00,-1.000000000000000000e+00,-1.000000000000000000e+00,-1.000000000000000000e+00,-1.000000000000000000e+00,-1.000000000000000000e+00,-1.000000000000000000e+00,-1.000000000000000000e+00,-1.000000000000000000e+00,-1.000000000000000000e+00,-1.000000000000000000e+00,-1.000000000000000000e+00,-1.000000000000000000e+00,-1.000000000000000000e+00,-1.000000000000000000e+00,-1.000000000000000000e+00,-1.000000000000000000e+00,-1.000000000000000000e+00
-1.000000000000000000e+00,-1.000000000000000000e+00,-1.000000000000000000e+00,-1.000000000000000000e+00,-1.000000000000000000e+00,-1.000000000000000000e+00,-1.000000000000000000e+00,-1.000000000000000000e+00,-1.000000000000000000e+00,-1.000000000000000000e+00,-1.000000000000000000e+00,-1.000000000000000000e+00,-1.000000000000000000e+00,-1.000000000000000000e+00,-1.000000000000000000e+00,-1.000000000000000000e+00,-1.000000000000000000e+00,-1.000000000000000000e+00,-1.000000000000000000e+00,-1.000000000000000000e+00,-1.000000000000000000e+00,-1.000000000000000000e+00,-1.000000000000000000e+00,-1.000000000000000000e+00,-1.000000000000000000e+00,-1.000000000000000000e+00,-1.000000000000000000e+00,-1.000000000000000000e+00,-1.000000000000000000e+00,-1.000000000000000000e+00,-1.000000000000000000e+00,-1.000000000000000000e+00,-1.000000000000000000e+00,-1.000000000000000000e+00,-1.000000000000000000e+00,-1.000000000000000000e+00,-1.000000000000000000e+00,-1.000000000000000000e+00,-1.000000000000000000e+00,-1.000000000000000000e+00,-1.000000000000000000e+00,-1.000000000000000000e+00,-1.000000000000000000e+00,-1.000000000000000000e+00,-1.000000000000000000e+00,-1.000000000000000000e+00,-1.318149581820602601e+00,-1.310516832901410078e+00,-1.287493068076848601e+00,-1.248794565419720115e+00,-1.194235139406132351e+00,-1.124076444410067710e+00,-1.039364868375270534e+00,-9.421337570245256199e-01,-8.353952661818055958e-01,-7.229750329726674085e-01,-6.094296038134727755e-01,-5.003783021058343383e-01,-4.031191679369804381e-01,-3.253069410230094993e-01,-2.658671979476519009e-01,-2.165174157780945796e-01,-1.634649103476192300e-01,-8.776970618226453968e-02,3.462565690441898880e-02,2.316534674284969064e-01,5.308305196767357792e-01,9.498849524614330075e-01,1.480739163472023723e+00,2.067792294074563664e+00,2.589464965755966297e+00,2.876405315607332813e+00,2.876405316535935341e+00,2.589464967263600315e+00,2.067792295909737454e+00,1.480739164676385222e+00,9.498849525447647935e-01,5.308305186817430243e-01,2.316534657344864190e-01,3.462565484350266232e-02,-8.776970836866404557e-02,-1.634649122951047362e-01,-2.165174171828601057e-01,-2.658671990245163874e-01,-3.253069415293116107e-01,-4.031191680797899801e-01,-5.003783019605700932e-01,-6.094296040744681120e-01,-7.229750340930150010e-01,-8.353952655986645048e-01,-9.421337575862103186e-01,-1.039364869252603629e+00,-1.124076445235513422e+00,-1.194235140151666652e+00,-1.248794565841481852e+00,-1.287493068725977796e+00,-1.310516833938283332e+00,-1.318149582516898954e+00,-1.000000000000000000e+00,-1.000000000000000000e+00,-1.000000000000000000e+00,-1.000000000000000000e+00,-1.000000000000000000e+00,-1.000000000000000000e+00,-1.000000000000000000e+00,-1.000000000000000000e+00,-1.000000000000000000e+00,-1.000000000000000000e+00,-1.000000000000000000e+00,-1.000000000000000000e+00,-1.000000000000000000e+00,-1.000000000000000000e+00,-1.000000000000000000e+00,-1.000000000000000000e+00,-1.000000000000000000e+00,-1.000000000000000000e+00,-1.000000000000000000e+00,-1.000000000000000000e+00,-1.000000000000000000e+00,-1.000000000000000000e+00,-1.000000000000000000e+00,-1.000000000000000000e+00,-1.000000000000000000e+00,-1.000000000000000000e+00,-1.000000000000000000e+00,-1.000000000000000000e+00,-1.000000000000000000e+00,-1.000000000000000000e+00,-1.000000000000000000e+00,-1.000000000000000000e+00,-1.000000000000000000e+00,-1.000000000000000000e+00,-1.000000000000000000e+00,-1.000000000000000000e+00,-1.000000000000000000e+00,-1.000000000000000000e+00,-1.000000000000000000e+00,-1.000000000000000000e+00,-1.000000000000000000e+00,-1.000000000000000000e+00,-1.000000000000000000e+00,-1.000000000000000000e+00,-1.000000000000000000e+00,-1.000000000000000000e+00
-1.000000000000000000e+00,-1.000000000000000000e+00,-1.000000000000000000e+00,-1.000000000000000000e+00,-1.000000000000000000e+00,-1.000000000000000000e+00,-1.000000000000000000e+00,-1.000000000000000000e+00,-1.000000000000000000e+00,-1.000000000000000000e+00,-1.000000000000000000e+00,-1.000000000000000000e+00,-1.000000000000000000e+00,-1.000000000000000000e+00,-1.000000000000000000e+00,-1.000000000000000000e+00,-1.000000000000000000e+00,-1.000000000000000000e+00,-1.000000000000000000e+00,-1.000000000000000000e+00,-1.000000000000000000e+00,-1.000000000000000000e+00,-1.000000000000000000e+00,-1.000000000000000000e+00,-1.000000000000000000e+00,-1.000000000000000000e+00,-1.000000000000000000e+00,-1.000000000000000000e+00,-1.000000000000000000e+00,-1.000000000000000000e+00,-1.000000000000000000e+00,-1.000000000000000000e+00,-1.000000000000000000e+00,-1.000000000000000000e+00,-1.000000000000000000e+00,-1.000000000000000000e+00,-1.000000000000000000e+00,-1.000000000000000000e+00,-1.000000000000000000e+00,-1.000000000000000000e+00,-1.000000000000000000e+00,-1.000000000000000000e+00,-1.000000000000000000e+00,-1.000000000000000000e+00,-1.000000000000000000e+00,-1.000000000000000000e+00,-1.332080967541320771e+00,-1.325402481493022533e+00,-1.305268073604525458e+00,-1.271462039283629997e+00,-1.223877097210854137e+00,-1.162828809858776236e+00,-1.089372419784508272e+00,-1.005522151950837273e+00,-9.142993252084322675e-01,-8.196092243615440420e-01,-7.260306651607195683e-01,-6.385831569626054804e-01,-5.622354490238421487e-01,-5.003148731728703780e-01,-4.512145633644819576e-01,-4.078104659196566395e-01,-3.575439857274853583e-01,-2.823017698835378342e-01,-1.584890833186840542e-01,4.154333408037902409e-02,3.450290786776888385e-01,7.692882686309281404e-01,1.305662928946199397e+00,1.897833091368684055e+00,2.423463000754805030e+00,2.712555255386852604e+00,2.712555255776347263e+00,2.423463001237808889e+00,1.897833090875035822e+00,1.305662928428409142e+00,7.692882679862869111e-01,3.450290776194577802e-01,4.154333260402487404e-02,-1.584890850962741293e-01,-2.823017716567108870e-01,-3.575439870417673749e-01,-4.078104671959670302e-01,-4.512145640987014206e-01,-5.003148733241018498e-01,-5.622354488607896883e-01,-6.385831564550477069e-01,-7.260306647870635732e-01,-8.196092245864848858e-01,-9.142993267045974592e-01,-1.005522151930508201e+00,-1.089372420687423570e+00,-1.162828811383707528e+00,-1.223877098603110003e+00,-1.271462039804386102e+00,-1.305268073701170151e+00,-1.325402481423018752e+00,-1.332080966804910949e+00,-1.000000000000000000e+00,-1.000000000000000000e+00,-1.000000000000000000e+00,-1.000000000000000000e+00,-1.000000000000000000e+00,-1.000000000000000000e+00,-1.000000000000000000e+00,-1.000000000000000000e+00,-1.000000000000000000e+00,-1.000000000000000000e+00,-1.000000000000000000e+00,-1.000000000000000000e+00,-1.000000000000000000e+00,-1.000000000000000000e+00,-1.000000000000000000e+00,-1.000000000000000000e+00,-1.000000000000000000e+00,-1.000000000000000000e+00,-1.000000000000000000e+00,-1.000000000000000000e+00,-1.000000000000000000e+00,-1.000000000000000000e+00,-1.000000000000000000e+00,-1.000000000000000000e+00,-1.000000000000000000e+00,-1.000000000000000000e+00,-1.000000000000000000e+00,-1.000000000000000000e+00,-1.000000000000000000e+00,-1.000000000000000000e+00,-1.000000000000000000e+00,-1.000000000000000000e+00,-1.000000000000000000e+00,-1.000000000000000000e+00,-1.000000000000000000e+00,-1.000000000000000000e+00,-1.000000000000000000e+00,-1.000000000000000000e+00,-1.000000000000000000e+00,-1.000000000000000000e+00,-1.000000000000000000e+00,-1.000000000000000000e+00,-1.000000000000000000e+00,-1.000000000000000000e+00,-1.000000000000000000e+00,-1.000000000000000000e+00
-1.000000000000000000e+00,-1.000000000000000000e+00,-1.000000000000000000e+00,-1.000000000000000000e+00,-1.000000000000000000e+00,-1.000000000000000000e+00,-1.000000000000000000e+00,-1.000000000000000000e+00,-1.000000000000000000e+00,-1.000000000000000000e+00,-1.000000000000000000e+00,-1.000000000000000000e+00,-1.000000000000000000e+00,-1.000000000000000000e+00,-1.000000000000000000e+00,-1.000000000000000000e+00,-1.000000000000000000e+00,-1.000000000000000000e+00,-1.000000000000000000e+00,-1.000000000000000000e+00,-1.000000000000000000e+00,-1.000000000000000000e+00,-1.000000000000000000e+00,-1.000000000000000000e+00,-1.000000000000000000e+00,-1.000000000000000000e+00,-1.000000000000000000e+00,-1.000000000000000000e+00,-1.000000000000000000e+00,-1.000000000000000000e+00,-1.000000000000000000e+00,-1.000000000000000000e+00,-1.000000000000000000e+00,-1.000000000000000000e+00,-1.000000000000000000e+00,-1.000000000000000000e+00,-1.000000000000000000e+00,-1.000000000000000000e+00,-1.000000000000000000e+00,-1.000000000000000000e+00,-1.000000000000000000e+00,-1.000000000000000000e+00,-1.000000000000000000e+00,-1.000000000000000000e+00,-1.000000000000000000e+00,-1.000000000000000000e+00,-1.347269435219316414e+00,-1.341605404368306331e+00,-1.324539732841504946e+00,-1.295919596416333697e+00,-1.255702346767838762e+00,-1.204223344374857119e+00,-1.142473121665509073e+00,-1.072301067437268607e+00,-9.964740369467985914e-01,-9.185570951172445930e-01,-8.426253669875529706e-01,-7.728031610864971590e-01,-7.125135620742886200e-01,-6.632103505035158442e-01,-6.226935561614607151e-01,-5.841725113507880707e-01,-5.356973160890092789e-01,-4.597016574343563144e-01,-3.330197112024166906e-01,-1.283861411920097506e-01,1.809961515006432986e-01,6.118921469797318213e-01,1.154959480186012577e+00,1.753111204662684663e+00,2.283253932729329971e+00,2.574766195484095910e+00,2.574766194842419864e+00,2.283253931140877491e+00,1.753111202728834694e+00,1.154959477884452745e+00,6.118921451718029036e-01,1.809961501466801348e-01,-1.283861424706307375e-01,-3.330197125358389520e-01,-4.597016584928811378e-01,-5.356973171595997840e-01,-5.841725121730363401e-01,-6.226935564175771765e-01,-6.632103503271598033e-01,-7.125135617367377439e-01,-7.728031604556862000e-01,-8.426253663382515802e-01,-9.185570946890736499e-01,-9.964740373430764908e-01,-1.072301069303698506e+00,-1.142473122087561244e+00,-1.204223345939846590e+00,-1.255702348751745800e+00,-1.295919597642401833e+00,-1.324539733105512873e+00,-1.341605403961757093e+00,-1.347269433836321806e+00,-1.000000000000000000e+00,-1.000000000000000000e+00,-1.000000000000000000e+00,-1.000000000000000000e+00,-1.000000000000000000e+00,-1.000000000000000000e+00,-1.000000000000000000e+00,-1.000000000000000000e+00,-1.000000000000000000e+00,-1.000000000000000000e+00,-1.000000000000000000e+00,-1.000000000000000000e+00,-1.000000000000000000e+00,-1.000000000000000000e+00,-1.000000000000000000e+00,-1.000000000000000000e+00,-1.000000000000000000e+00,-1.000000000000000000e+00,-1.000000000000000000e+00,-1.000000000000000000e+00,-1.000000000000000000e+00,-1.000000000000000000e+00,-1.000000000000000000e+00,-1.000000000000000000e+00,-1.000000000000000000e+00,-1.000000000000000000e+00,-1.000000000000000000e+00,-1.000000000000000000e+00,-1.000000000000000000e+00,-1.000000000000000000e+00,-1.000000000000000000e+00,-1.000000000000000000e+00,-1.000000000000000000e+00,-1.000000000000000000e+00,-1.000000000000000000e+00,-1.000000000000000000e+00,-1.000000000000000000e+00,-1.000000000000000000e+00,-1.000000000000000000e+00,-1.000000000000000000e+00,-1.000000000000000000e+00,-1.000000000000000000e+00,-1.000000000000000000e+00,-1.000000000000000000e+00,-1.000000000000000000e+00,-1.000000000000000000e+00
-1.000000000000000000e+00,-1.000000000000000000e+00,-1.000000000000000000e+00,-1.000000000000000000e+00,-1.000000000000000000e+00,-1.000000000000000000e+00,-1.000000000000000000e+00,-1.000000000000000000e+00,-1.000000000000000000e+00,-1.000000000000000000e+00,-1.000000000000000000e+00,-1.000000000000000000e+00,-1.000000000000000000e+00,-1.000000000000000000e+00,-1.000000000000000000e+00,-1.000000000000000000e+00,-1.000000000000000000e+00,-1.000000000000000000e+00,-1.000000000000000000e+00,-1.000000000000000000e+00,-1.000000000000000000e+00,-1.000000000000000000e+00,-1.000000000000000000e+00,-1.000000000000000000e+00,-1.000000000000000000e+00,-1.000000000000000000e+00,-1.000000000000000000e+00,-1.000000000000000000e+00,-1.000000000000000000e+00,-1.000000000000000000e+00,-1.000000000000000000e+00,-1.000000000000000000e+00,-1.000000000000000000e+00,-1.000000000000000000e+00,-1.000000000000000000e+00,-1.000000000000000000e+00,-1.000000000000000000e+00,-1.000000000000000000e+00,-1.000000000000000000e+00,-1.000000000000000000e+00,-1.000000000000000000e+00,-1.000000000000000000e+00,-1.000000000000000000e+00,-1.000000000000000000e+00,-1.000000000000000000e+00,-1.000000000000000000e+00,-1.362729660791778930e+00,-1.358068416761762931e+00,-1.344033570235172670e+00,-1.320526286146592954e+00,-1.287552538778294231e+00,-1.245440434683224407e+00,-1.195068335724678743e+00,-1.138036517538246084e+00,-1.076717338789780376e+00,-1.014139004595100868e+00,-9.536830046383469872e-01,-8.985805140013287673e-01,-8.511690187401703689e-01,-8.118744568266689221e-01,-7.780373858310587476e-01,-7.429295354545492058e-01,-6.949270389481367882e-01,-6.168662636880288819e-01,-4.860005636509927562e-01,-2.755191321125378678e-01,4.084574127069950933e-02,4.792334724541487123e-01,1.029593509642162452e+00,1.634096320667926872e+00,2.168946212726820200e+00,2.462956834857226163e+00,2.462956833644814658e+00,2.168946209710497897e+00,1.634096317330115955e+00,1.029593506658208923e+00,4.792334695891500296e-01,4.084573930855617263e-02,-2.755191332483984956e-01,-4.860005642503109069e-01,-6.168662642809810137e-01,-6.949270393431110637e-01,-7.429295356179426157e-01,-7.780373856163149693e-01,-8.118744564232807104e-01,-8.511690183990797687e-01,-8.985805135063776872e-01,-9.536830041341718411e-01,-1.014139004219107631e+00,-1.076717338759787923e+00,-1.138036518505212147e+00,-1.195068338150365062e+00,-1.245440435313307725e+00,-1.287552540288456449e+00,-1.320526287727003201e+00,-1.344033570861622007e+00,-1.358068416511825083e+00,-1.362729659527150528e+00,-1.000000000000000000e+00,-1.000000000000000000e+00,-1.000000000000000000e+00,-1.000000000000000000e+00,-1.000000000000000000e+00,-1.000000000000000000e+00,-1.000000000000000000e+00,-1.000000000000000000e+00,-1.000000000000000000e+00,-1.000000000000000000e+00,-1.000000000000000000e+00,-1.000000000000000000e+00,-1.000000000000000000e+00,-1.000000000000000000e+00,-1.000000000000000000e+00,-1.000000000000000000e+00,-1.000000000000000000e+00,-1.000000000000000000e+00,-1.000000000000000000e+00,-1.000000000000000000e+00,-1.000000000000000000e+00,-1.000000000000000000e+00,-1.000000000000000000e+00,-1.000000000000000000e+00,-1.000000000000000000e+00,-1.000000000000000000e+00,-1.000000000000000000e+00,-1.000000000000000000e+00,-1.000000000000000000e+00,-1.000000000000000000e+00,-1.000000000000000000e+00,-1.000000000000000000e+00,-1.000000000000000000e+00,-1.000000000000000000e+00,-1.000000000000000000e+00,-1.000000000000000000e+00,-1.000000000000000000e+00,-1.000000000000000000e+00,-1.000000000000000000e+00,-1.000000000000000000e+00,-1.000000000000000000e+00,-1.000000000000000000e+00,-1.000000000000000000e+00,-1.000000000000000000e+00,-1.000000000000000000e+00,-1.000000000000000000e+00
-1.000000000000000000e+00,-1.000000000000000000e+00,-1.000000000000000000e+00,-1.000000000000000000e+00,-1.000000000000000000e+00,-1.000000000000000000e+00,-1.000000000000000000e+00,-1.000000000000000000e+00,-1.000000000000000000e+00,-1.000000000000000000e+00,-1.000000000000000000e+00,-1.000000000000000000e+00,-1.000000000000000000e+00,-1.000000000000000000e+00,-1.000000000000000000e+00,-1.000000000000000000e+00,-1.000000000000000000e+00,-1.000000000000000000e+00,-1.000000000000000000e+00,-1.000000000000000000e+00,-1.000000000000000000e+00,-1.000000000000000000e+00,-1.000000000000000000e+00,-1.000000000000000000e+00,-1.000000000000000000e+00,-1.000000000000000000e+00,-1.000000000000000000e+00,-1.000000000000000000e+00,-1.000000000000000000e+00,-1.000000000000000000e+00,-1.000000000000000000e+00,-1.000000000000000000e+00,-1.000000000000000000e+00,-1.000000000000000000e+00,-1.000000000000000000e+00,-1.000000000000000000e+00,-1.000000000000000000e+00,-1.000000000000000000e+00,-1.000000000000000000e+00,-1.000000000000000000e+00,-1.000000000000000000e+00,-1.000000000000000000e+00,-1.000000000000000000e+00,-1.000000000000000000e+00,-1.000000000000000000e+00,-1.000000000000000000e+00,-1.377627435277765322e+00,-1.373901052198218009e+00,-1.362689436485818639e+00,-1.343937245833482397e+00,-1.317684158432714359e+00,-1.284233520571009590e+00,-1.244330476068552294e+00,-1.199296447987722170e+00,-1.151064890369938976e+00,-1.102073085793091378e+00,-1.054981531262425110e+00,-1.012205060870955853e+00,-9.752454434306945252e-01,-9.438342448578247446e-01,-9.149541221470337549e-01,-8.818592494496771961e-01,-8.331401022996363093e-01,-7.519770491901053289e-01,-6.160467141241783295e-01,-3.990309553592318315e-01,-7.522669857252684000e-02,3.708755012032973752e-01,9.285544894017421225e-01,1.539311118980155157e+00,2.078735824766669182e+00,2.375155720505166101e+00,2.375155719253662312e+00,2.078735821477741830e+00,1.539311114884148513e+00,9.285544856376015677e-01,3.708754981265125483e-01,-7.522670105097850612e-02,-3.990309566428853483e-01,-6.160467147326489368e-01,-7.519770492265124284e-01,-8.331401019922520801e-01,-8.818592490335327438e-01,-9.149541215671086469e-01,-9.438342443085390165e-01,-9.752454431474810725e-01,-1.012205060582346272e+00,-1.054981530973411852e+00,-1.102073085655968843e+00,-1.151064890475105962e+00,-1.199296448401545145e+00,-1.244330477280397140e+00,-1.284233522854885345e+00,-1.317684158854940391e+00,-1.343937246909519434e+00,-1.362689437478657561e+00,-1.373901052646611110e+00,-1.377627434944743490e+00,-1.000000000000000000e+00,-1.000000000000000000e+00,-1.000000000000000000e+00,-1.000000000000000000e+00,-1.000000000000000000e+00,-1.000000000000000000e+00,-1.000000000000000000e+00,-1.000000000000000000e+00,-1.000000000000000000e+00,-1.000000000000000000e+00,-1.000000000000000000e+00,-1.000000000000000000e+00,-1.000000000000000000e+00,-1.000000000000000000e+00,-1.000000000000000000e+00,-1.000000000000000000e+00,-1.000000000000000000e+00,-1.000000000000000000e+00,-1.000000000000000000e+00,-1.000000000000000000e+00,-1.000000000000000000e+00,-1.000000000000000000e+00,-1.000000000000000000e+00,-1.000000000000000000e+00,-1.000000000000000000e+00,-1.000000000000000000e+00,-1.000000000000000000e+00,-1.000000000000000000e+00,-1.000000000000000000e+00,-1.000000000000000000e+00,-1.000000000000000000e+00,-1.000000000000000000e+00,-1.000000000000000000e+00,-1.000000000000000000e+00,-1.000000000000000000e+00,-1.000000000000000000e+00,-1.000000000000000000e+00,-1.000000000000000000e+00,-1.000000000000000000e+00,-1.000000000000000000e+00,-1.000000000000000000e+00,-1.000000000000000000e+00,-1.000000000000000000e+00,-1.000000000000000000e+00,-1.000000000000000000e+00,-1.000000000000000000e+00
-1.000000000000000000e+00,-1.000000000000000000e+00,-1.000000000000000000e+00,-1.000000000000000000e+00,-1.000000000000000000e+00,-1.000000000000000000e+00,-1.000000000000000000e+00,-1.000000000000000000e+00,-1.000000000000000000e+00,-1.000000000000000000e+00,-1.000000000000000000e+00,-1.000000000000000000e+00,-1.000000000000000000e+00,-1.000000000000000000e+00,-1.000000000000000000e+00,-1.000000000000000000e+00,-1.000000000000000000e+00,-1.000000000000000000e+00,-1.000000000000000000e+00,-1.000000000000000000e+00,-1.000000000000000000e+00,-1.000000000000000000e+00,-1.000000000000000000e+00,-1.000000000000000000e+00,-1.000000000000000000e+00,-1.000000000000000000e+00,-1.000000000000000000e+00,-1.000000000000000000e+00,-1.000000000000000000e+00,-1.000000000000000000e+00,-1.000000000000000000e+00,-1.000000000000000000e+00,-1.000000000000000000e+00,-1.000000000000000000e+00,-1.000000000000000000e+00,-1.000000000000000000e+00,-1.000000000000000000e+00,-1.000000000000000000e+00,-1.000000000000000000e+00,-1.000000000000000000e+00,-1.000000000000000000e+00,-1.000000000000000000e+00,-1.000000000000000000e+00,-1.000000000000000000e+00,-1.000000000000000000e+00,-1.000000000000000000e+00,-1.391337756670617098e+00,-1.388440817689454265e+00,-1.379732051167483320e+00,-1.365188875190363360e+00,-1.344871765644449546e+00,-1.319049817784496259e+00,-1.288333261103898453e+00,-1.253772290663754729e+00,-1.216877685934439457e+00,-1.179523114412898366e+00,-1.143699681893044939e+00,-1.111105269651674998e+00,-1.082561812526997347e+00,-1.057267763463500598e+00,-1.031915807915761540e+00,-9.997260167670672937e-01,-9.494609872728584365e-01,-8.646183088901404634e-01,-7.232928609712214740e-01,-4.996598881703446793e-01,-1.685662143653043898e-01,2.849121108916743417e-01,8.494594413612306383e-01,1.466004438714210156e+00,2.009623819019148883e+00,2.308240000811339510e+00,2.308239999800875353e+00,2.009623816217926962e+00,1.466004434785833421e+00,8.494594372745578603e-01,2.849121076103879879e-01,-1.685662165794088452e-01,-4.996598899687270112e-01,-7.232928617342677668e-01,-8.646183086117866790e-01,-9.494609864873363447e-01,-9.997260159121095224e-01,-1.031915807050361567e+00,-1.057267762785715215e+00,-1.082561812279022817e+00,-1.111105269595277001e+00,-1.143699681883336261e+00,-1.179523114530501404e+00,-1.216877686146302873e+00,-1.253772290804247458e+00,-1.288333261434132737e+00,-1.319049818704205901e+00,-1.344871767627901837e+00,-1.365188875172904215e+00,-1.379732051748288280e+00,-1.388440818941181876e+00,-1.391337757804499642e+00,-1.000000000000000000e+00,-1.000000000000000000e+00,-1.000000000000000000e+00,-1.000000000000000000e+00,-1.000000000000000000e+00,-1.000000000000000000e+00,-1.000000000000000000e+00,-1.000000000000000000e+00,-1.000000000000000000e+00,-1.000000000000000000e+00,-1.000000000000000000e+00,-1.000000000000000000e+00,-1.000000000000000000e+00,-1.000000000000000000e+00,-1.000000000000000000e+00,-1.000000000000000000e+00,-1.000000000000000000e+00,-1.000000000000000000e+00,-1.000000000000000000e+00,-1.000000000000000000e+00,-1.000000000000000000e+00,-1.000000000000000000e+00,-1.000000000000000000e+00,-1.000000000000000000e+00,-1.000000000000000000e+00,-1.000000000000000000e+00,-1.000000000000000000e+00,-1.000000000000000000e+00,-1.000000000000000000e+00,-1.000000000000000000e+00,-1.000000000000000000e+00,-1.000000000000000000e+00,-1.000000000000000000e+00,-1.000000000000000000e+00,-1.000000000000000000e+00,-1.000000000000000000e+00,-1.000000000000000000e+00,-1.000000000000000000e+00,-1.000000000000000000e+00,-1.000000000000000000e+00,-1.000000000000000000e+00,-1.000000000000000000e+00,-1.000000000000000000e+00,-1.000000000000000000e+00,-1.000000000000000000e+00,-1.000000000000000000e+00
-1.000000000000000000e+00,-1.000000000000000000e+00,-1.000000000000000000e+00,-1.000000000000000000e+00,-1.000000000000000000e+00,-1.000000000000000000e+00,-1.000000000000000000e+00,-1.000000000000000000e+00,-1.000000000000000000e+00,-1.000000000000000000e+00,-1.000000000000000000e+00,-1.000000000000000000e+00,-1.000000000000000000e+00,-1.000000000000000000e+00,-1.000000000000000000e+00,-1.000000000000000000e+00,-1.000000000000000000e+00,-1.000000000000000000e+00,-1.000000000000000000e+00,-1.000000000000000000e+00,-1.000000000000000000e+00,-1.000000000000000000e+00,-1.000000000000000000e+00,-1.000000000000000000e+00,-1.000000000000000000e+00,-1.000000000000000000e+00,-1.000000000000000000e+00,-1.000000000000000000e+00,-1.000000000000000000e+00,-1.000000000000000000e+00,-1.000000000000000000e+00,-1.000000000000000000e+00,-1.000000000000000000e+00,-1.000000000000000000e+00,-1.000000000000000000e+00,-1.000000000000000000e+00,-1.000000000000000000e+00,-1.000000000000000000e+00,-1.000000000000000000e+00,-1.000000000000000000e+00,-1.000000000000000000e+00,-1.000000000000000000e+00,-1.000000000000000000e+00,-1.000000000000000000e+00,-1.000000000000000000e+00,-1.000000000000000000e+00,-1.403461259435098807e+00,-1.401269231853113251e+00,-1.394685716951401977e+00,-1.383710858971641366e+00,-1.368415264970086032e+00,-1.349029799199704893e+00,-1.326039692118603952e+00,-1.300252449306115832e+00,-1.272804889999286759e+00,-1.245075669365028448e+00,-1.218475425452202776e+00,-1.194094594372443918e+00,-1.172196500196538427e+00,-1.151550854024736337e+00,-1.128612945928694211e+00,-1.096571905101166200e+00,-1.044341123156759643e+00,-9.557095421023968917e-01,-8.091639440389499782e-01,-5.793386371962487846e-01,-2.415782587354812216e-01,2.185303143212109500e-01,7.891709643398301388e-01,1.410802934547875420e+00,1.958085827161469616e+00,2.258612347442783719e+00,2.258612346747636224e+00,1.958085825143299985e+00,1.410802931443876140e+00,7.891709607742460886e-01,2.185303111977634494e-01,-2.415782611837921090e-01,-5.793386387733783227e-01,-8.091639448456857675e-01,-9.557095419493132349e-01,-1.044341122306259084e+00,-1.096571904019499444e+00,-1.128612944861599798e+00,-1.151550853227627735e+00,-1.172196499901868139e+00,-1.194094594467367099e+00,-1.218475425796628819e+00,-1.245075669744184932e+00,-1.272804890266878486e+00,-1.300252449344554861e+00,-1.326039691951111266e+00,-1.349029798964560989e+00,-1.368415265402536329e+00,-1.383710860442611823e+00,-1.394685716624547211e+00,-1.401269232966662504e+00,-1.403461261484159284e+00,-1.000000000000000000e+00,-1.000000000000000000e+00,-1.000000000000000000e+00,-1.000000000000000000e+00,-1.000000000000000000e+00,-1.000000000000000000e+00,-1.000000000000000000e+00,-1.000000000000000000e+00,-1.000000000000000000e+00,-1.000000000000000000e+00,-1.000000000000000000e+00,-1.000000000000000000e+00,-1.000000000000000000e+00,-1.000000000000000000e+00,-1.000000000000000000e+00,-1.000000000000000000e+00,-1.000000000000000000e+00,-1.000000000000000000e+00,-1.000000000000000000e+00,-1.000000000000000000e+00,-1.000000000000000000e+00,-1.000000000000000000e+00,-1.000000000000000000e+00,-1.000000000000000000e+00,-1.000000000000000000e+00,-1.000000000000000000e+00,-1.000000000000000000e+00,-1.000000000000000000e+00,-1.000000000000000000e+00,-1.000000000000000000e+00,-1.000000000000000000e+00,-1.000000000000000000e+00,-1.000000000000000000e+00,-1.000000000000000000e+00,-1.000000000000000000e+00,-1.000000000000000000e+00,-1.000000000000000000e+00,-1.000000000000000000e+00,-1.000000000000000000e+00,-1.000000000000000000e+00,-1.000000000000000000e+00,-1.000000000000000000e+00,-1.000000000000000000e+00,-1.000000000000000000e+00,-1.000000000000000000e+00,-1.000000000000000000e+00
-1.000000000000000000e+00,-1.000000000000000000e+00,-1.000000000000000000e+00,-1.000000000000000000e+00,-1.000000000000000000e+00,-1.000000000000000000e+00,-1.000000000000000000e+00,-1.000000000000000000e+00,-1.000000000000000000e+00,-1.000000000000000000e+00,-1.000000000000000000e+00,-1.000000000000000000e+00,-1.000000000000000000e+00,-1.000000000000000000e+00,-1.000000000000000000e+00,-1.000000000000000000e+00,-1.000000000000000000e+00,-1.000000000000000000e+00,-1.000000000000000000e+00,-1.000000000000000000e+00,-1.000000000000000000e+00,-1.000000000000000000e+00,-1.000000000000000000e+00,-1.000000000000000000e+00,-1.000000000000000000e+00,-1.000000000000000000e+00,-1.000000000000000000e+00,-1.000000000000000000e+00,-1.000000000000000000e+00,-1.000000000000000000e+00,-1.000000000000000000e+00,-1.000000000000000000e+00,-1.000000000000000000e+00,-1.000000000000000000e+00,-1.000000000000000000e+00,-1.000000000000000000e+00,-1.000000000000000000e+00,-1.000000000000000000e+00,-1.000000000000000000e+00,-1.000000000000000000e+00,-1.000000000000000000e+00,-1.000000000000000000e+00,-1.000000000000000000e+00,-1.000000000000000000e+00,-1.000000000000000000e+00,-1.000000000000000000e+00,-1.413807092257676423e+00,-1.412191797000563298e+00,-1.407345456277741880e+00,-1.399282282067779271e+00,-1.388074628772504981e+00,-1.373914748008268738e+00,-1.357178396922828600e+00,-1.338467862628087257e+00,-1.318607854233304399e+00,-1.298566688563989935e+00,-1.279277076294299764e+00,-1.261334056309324936e+00,-1.244550437726977599e+00,-1.227352491515815158e+00,-1.206004568474150274e+00,-1.173672694313245612e+00,-1.119401827973539376e+00,-1.027237008149426201e+00,-8.760099982897161519e-01,-6.407545317306984067e-01,-2.972387511792909942e-01,1.685276541846265630e-01,7.443244686185743753e-01,1.370237275706841729e+00,1.920593076856659032e+00,2.222717934445620269e+00,2.222717934010047802e+00,1.920593075577453845e+00,1.370237273691961910e+00,7.443244661793126937e-01,1.685276514541036441e-01,-2.972387535264718883e-01,-6.407545331622341855e-01,-8.760099989285090594e-01,-1.027237008323878209e+00,-1.119401827528116566e+00,-1.173672693386799804e+00,-1.206004567399856064e+00,-1.227352490684690434e+00,-1.244550437354533523e+00,-1.261334056349541655e+00,-1.279277076606488928e+00,-1.298566688871566788e+00,-1.318607854426508519e+00,-1.338467862531691477e+00,-1.357178396481327098e+00,-1.373914747296079319e+00,-1.388074628286471324e+00,-1.399282282407283473e+00,-1.407345457931600263e+00,-1.412191797360362822e+00,-1.413807093456862507e+00,-1.000000000000000000e+00,-1.000000000000000000e+00,-1.000000000000000000e+00,-1.000000000000000000e+00,-1.000000000000000000e+00,-1.000000000000000000e+00,-1.000000000000000000e+00,-1.000000000000000000e+00,-1.000000000000000000e+00,-1.000000000000000000e+00,-1.000000000000000000e+00,-1.000000000000000000e+00,-1.000000000000000000e+00,-1.000000000000000000e+00,-1.000000000000000000e+00,-1.000000000000000000e+00,-1.000000000000000000e+00,-1.000000000000000000e+00,-1.000000000000000000e+00,-1.000000000000000000e+00,-1.000000000000000000e+00,-1.000000000000000000e+00,-1.000000000000000000e+00,-1.000000000000000000e+00,-1.000000000000000000e+00,-1.000000000000000000e+00,-1.000000000000000000e+00,-1.000000000000000000e+00,-1.000000000000000000e+00,-1.000000000000000000e+00,-1.000000000000000000e+00,-1.000000000000000000e+00,-1.000000000000000000e+00,-1.000000000000000000e+00,-1.000000000000000000e+00,-1.000000000000000000e+00,-1.000000000000000000e+00,-1.000000000000000000e+00,-1.000000000000000000e+00,-1.000000000000000000e+00,-1.000000000000000000e+00,-1.000000000000000000e+00,-1.000000000000000000e+00,-1.000000000000000000e+00,-1.000000000000000000e+00,-1.000000000000000000e+00
-1.000000000000000000e+00,-1.000000000000000000e+00,-1.000000000000000000e+00,-1.000000000000000000e+00,-1.000000000000000000e+00,-1.000000000000000000e+00,-1.000000000000000000e+00,-1.000000000000000000e+00,-1.000000000000000000e+00,-1.000000000000000000e+00,-1.000000000000000000e+00,-1.000000000000000000e+00,-1.000000000000000000e+00,-1.000000000000000000e+00,-1.000000000000000000e+00,-1.000000000000000000e+00,-1.000000000000000000e+00,-1.000000000000000000e+00,-1.000000000000000000e+00,-1.000000000000000000e+00,-1.000000000000000000e+00,-1.000000000000000000e+00,-1.000000000000000000e+00,-1.000000000000000000e+00,-1.000000000000000000e+00,-1.000000000000000000e+00,-1.000000000000000000e+00,-1.000000000000000000e+00,-1.000000000000000000e+00,-1.000000000000000000e+00,-1.000000000000000000e+00,-1.000000000000000000e+00,-1.000000000000000000e+00,-1.000000000000000000e+00,-1.000000000000000000e+00,-1.000000000000000000e+00,-1.000000000000000000e+00,-1.000000000000000000e+00,-1.000000000000000000e+00,-1.000000000000000000e+00,-1.000000000000000000e+00,-1.000000000000000000e+00,-1.000000000000000000e+00,-1.000000000000000000e+00,-1.000000000000000000e+00,-1.000000000000000000e+00,-1.422354399320152396e+00,-1.421195283455028990e+00,-1.417721591406938764e+00,-1.411954683970632285e+00,-1.403962656675348919e+00,-1.393901048394392550e+00,-1.382053494755442813e+00,-1.368855883684645613e+00,-1.354883766790219379e+00,-1.340780429938845719e+00,-1.327101944093817876e+00,-1.314054716337688777e+00,-1.301099549414663992e+00,-1.286394883983099868e+00,-1.266056335759934370e+00,-1.233234244500532428e+00,-1.177083539535223267e+00,-1.081862170695105041e+00,-9.266875517395410933e-01,-6.869206362277893163e-01,-3.386708068117716408e-01,1.317177733800254380e-01,7.117095443737229132e-01,1.341098845375275683e+00,1.893949329524312386e+00,2.197370465206349710e+00,2.197370464968809944e+00,1.893949328901167739e+00,1.341098844468535667e+00,7.117095429359225900e-01,1.317177716334820836e-01,-3.386708085366544330e-01,-6.869206375696902400e-01,-9.266875525063417163e-01,-1.081862171003168394e+00,-1.177083539554552694e+00,-1.233234244073190267e+00,-1.266056334944665851e+00,-1.286394883244120990e+00,-1.301099549052791460e+00,-1.314054716198949757e+00,-1.327101944061252592e+00,-1.340780429895670478e+00,-1.354883766631415076e+00,-1.368855883285962083e+00,-1.382053494082039702e+00,-1.393901047501802548e+00,-1.403962655964120287e+00,-1.411954683652365761e+00,-1.417721592093588168e+00,-1.421195285593888968e+00,-1.422354398780301787e+00,-1.000000000000000000e+00,-1.000000000000000000e+00,-1.000000000000000000e+00,-1.000000000000000000e+00,-1.000000000000000000e+00,-1.000000000000000000e+00,-1.000000000000000000e+00,-1.000000000000000000e+00,-1.000000000000000000e+00,-1.000000000000000000e+00,-1.000000000000000000e+00,-1.000000000000000000e+00,-1.000000000000000000e+00,-1.000000000000000000e+00,-1.000000000000000000e+00,-1.000000000000000000e+00,-1.000000000000000000e+00,-1.000000000000000000e+00,-1.000000000000000000e+00,-1.000000000000000000e+00,-1.000000000000000000e+00,-1.000000000000000000e+00,-1.000000000000000000e+00,-1.000000000000000000e+00,-1.000000000000000000e+00,-1.000000000000000000e+00,-1.000000000000000000e+00,-1.000000000000000000e+00,-1.000000000000000000e+00,-1.000000000000000000e+00,-1.000000000000000000e+00,-1.000000000000000000e+00,-1.000000000000000000e+00,-1.000000000000000000e+00,-1.000000000000000000e+00,-1.000000000000000000e+00,-1.000000000000000000e+00,-1.000000000000000000e+00,-1.000000000000000000e+00,-1.000000000000000000e+00,-1.000000000000000000e+00,-1.000000000000000000e+00,-1.000000000000000000e+00,-1.000000000000000000e+00,-1.000000000000000000e+00,-1.000000000000000000e+00
-1.000000000000000000e+00,-1.000000000000000000e+00,-1.000000000000000000e+00,-1.000000000000000000e+00,-1.000000000000000000e+00,-1.000000000000000000e+00,-1.000000000000000000e+00,-1.000000000000000000e+00,-1.000000000000000000e+00,-1.000000000000000000e+00,-1.000000000000000000e+00,-1.000000000000000000e+00,-1.000000000000000000e+00,-1.000000000000000000e+00,-1.000000000000000000e+00,-1.000000000000000000e+00,-1.000000000000000000e+00,-1.000000000000000000e+00,-1.000000000000000000e+00,-1.000000000000000000e+00,-1.000000000000000000e+00,-1.000000000000000000e+00,-1.000000000000000000e+00,-1.000000000000000000e+00,-1.000000000000000000e+00,-1.000000000000000000e+00,-1.000000000000000000e+00,-1.000000000000000000e+00,-1.000000000000000000e+00,-1.000000000000000000e+00,-1.000000000000000000e+00,-1.000000000000000000e+00,-1.000000000000000000e+00,-1.000000000000000000e+00,-1.000000000000000000e+00,-1.000000000000000000e+00,-1.000000000000000000e+00,-1.000000000000000000e+00,-1.000000000000000000e+00,-1.000000000000000000e+00,-1.000000000000000000e+00,-1.000000000000000000e+00,-1.000000000000000000e+00,-1.000000000000000000e+00,-1.000000000000000000e+00,-1.000000000000000000e+00,-1.429204775854421072e+00,-1.428395803572952705e+00,-1.425974478574100202e+00,-1.421964314749814662e+00,-1.416425370632297565e+00,-1.409479855376203350e+00,-1.401336281213860335e+00,-1.392300057582274153e+00,-1.382754905418570157e+00,-1.373096251211472607e+00,-1.363594534499314115e+00,-1.354162459863262002e+00,-1.343995354949198084e+00,-1.331049834659046471e+00,-1.311329743283372817e+00,-1.277975270743251457e+00,-1.220228461993930535e+00,-1.122514657155684104e+00,-9.641747874792776507e-01,-7.208237771041274833e-01,-3.688330041592013941e-01,1.051990370920850015e-01,6.884974145034368220e-01,1.320632321082326310e+00,1.875458310087874114e+00,2.179906464377807662e+00,2.179906464381798692e+00,1.875458310132739559e+00,1.320632320920444247e+00,6.884974141318354057e-01,1.051990364720176707e-01,-3.688330050687631534e-01,-7.208237782024584650e-01,-9.641747884647977607e-01,-1.122514657738439947e+00,-1.220228462316711004e+00,-1.277975270902886429e+00,-1.311329742999476800e+00,-1.331049834181211367e+00,-1.343995354550118870e+00,-1.354162459431378807e+00,-1.363594534042346318e+00,-1.373096250674590291e+00,-1.382754904766818171e+00,-1.392300056824874233e+00,-1.401336280400609535e+00,-1.409479854528946419e+00,-1.416425370102659009e+00,-1.421964314540267837e+00,-1.425974478765468012e+00,-1.428395804804332592e+00,-1.429204777084622568e+00,-1.000000000000000000e+00,-1.000000000000000000e+00,-1.000000000000000000e+00,-1.000000000000000000e+00,-1.000000000000000000e+00,-1.000000000000000000e+00,-1.000000000000000000e+00,-1.000000000000000000e+00,-1.000000000000000000e+00,-1.000000000000000000e+00,-1.000000000000000000e+00,-1.000000000000000000e+00,-1.000000000000000000e+00,-1.000000000000000000e+00,-1.000000000000000000e+00,-1.000000000000000000e+00,-1.000000000000000000e+00,-1.000000000000000000e+00,-1.000000000000000000e+00,-1.000000000000000000e+00,-1.000000000000000000e+00,-1.000000000000000000e+00,-1.000000000000000000e+00,-1.000000000000000000e+00,-1.000000000000000000e+00,-1.000000000000000000e+00,-1.000000000000000000e+00,-1.000000000000000000e+00,-1.000000000000000000e+00,-1.000000000000000000e+00,-1.000000000000000000e+00,-1.000000000000000000e+00,-1.000000000000000000e+00,-1.000000000000000000e+00,-1.000000000000000000e+00,-1.000000000000000000e+00,-1.000000000000000000e+00,-1.000000000000000000e+00,-1.000000000000000000e+00,-1.000000000000000000e+00,-1.000000000000000000e+00,-1.000000000000000000e+00,-1.000000000000000000e+00,-1.000000000000000000e+00,-1.000000000000000000e+00,-1.000000000000000000e+00
-1.000000000000000000e+00,-1.000000000000000000e+00,-1.000000000000000000e+00,-1.000000000000000000e+00,-1.000000000000000000e+00,-1.000000000000000000e+00,-1.000000000000000000e+00,-1.000000000000000000e+00,-1.000000000000000000e+00,-1.000000000000000000e+00,-1.000000000000000000e+00,-1.000000000000000000e+00,-1.000000000000000000e+00,-1.000000000000000000e+00,-1.000000000000000000e+00,-1.000000000000000000e+00,-1.000000000000000000e+00,-1.000000000000000000e+00,-1.000000000000000000e+00,-1.000000000000000000e+00,-1.000000000000000000e+00,-1.000000000000000000e+00,-1.000000000000000000e+00,-1.000000000000000000e+00,-1.000000000000000000e+00,-1.000000000000000000e+00,-1.000000000000000000e+00,-1.000000000000000000e+00,-1.000000000000000000e+00,-1.000000000000000000e+00,-1.000000000000000000e+00,-1.000000000000000000e+00,-1.000000000000000000e+00,-1.000000000000000000e+00,-1.000000000000000000e+00,-1.000000000000000000e+00,-1.000000000000000000e+00,-1.000000000000000000e+00,-1.000000000000000000e+00,-1.000000000000000000e+00,-1.000000000000000000e+00,-1.000000000000000000e+00,-1.000000000000000000e+00,-1.000000000000000000e+00,-1.000000000000000000e+00,-1.000000000000000000e+00,-1.434535630386885030e+00,-1.433988329622740920e+00,-1.432352503139533884e+00,-1.429650569574710151e+00,-1.425932721442761730e+00,-1.421292100799455671e+00,-1.415877586819147105e+00,-1.409895117771899908e+00,-1.403585171185920188e+00,-1.397160229739311088e+00,-1.390681340284957157e+00,-1.383846754414757463e+00,-1.375658361247491079e+00,-1.363925843137343552e+00,-1.344571865126304111e+00,-1.310730049766601679e+00,-1.251707782875350672e+00,-1.152055248387909403e+00,-9.912794519182074326e-01,-7.451830038144255930e-01,-3.903298331763457307e-01,8.649481453570007083e-02,6.723382027927009563e-01,1.306598824089288069e+00,1.862963345246428037e+00,2.168212962130229293e+00,2.168212962372586983e+00,1.862963345687579153e+00,1.306598824654083835e+00,6.723382033519971213e-01,8.649481483711829455e-02,-3.903298333385524232e-01,-7.451830044993881241e-01,-9.912794529245682051e-01,-1.152055249333625353e+00,-1.251707783649231409e+00,-1.310730050391072599e+00,-1.344571865455583382e+00,-1.363925843109154767e+00,-1.375658360907297650e+00,-1.383846753735603619e+00,-1.390681339363363911e+00,-1.397160228671858961e+00,-1.403585170067350285e+00,-1.409895116729802167e+00,-1.415877586033229996e+00,-1.421292100270292513e+00,-1.425932721412779713e+00,-1.429650569928684112e+00,-1.432352503613900208e+00,-1.433988330502024899e+00,-1.434535631303544889e+00,-1.000000000000000000e+00,-1.000000000000000000e+00,-1.000000000000000000e+00,-1.000000000000000000e+00,-1.000000000000000000e+00,-1.000000000000000000e+00,-1.000000000000000000e+00,-1.000000000000000000e+00,-1.000000000000000000e+00,-1.000000000000000000e+00,-1.000000000000000000e+00,-1.000000000000000000e+00,-1.000000000000000000e+00,-1.000000000000000000e+00,-1.000000000000000000e+00,-1.000000000000000000e+00,-1.000000000000000000e+00,-1.000000000000000000e+00,-1.000000000000000000e+00,-1.000000000000000000e+00,-1.000000000000000000e+00,-1.000000000000000000e+00,-1.000000000000000000e+00,-1.000000000000000000e+00,-1.000000000000000000e+00,-1.000000000000000000e+00,-1.000000000000000000e+00,-1.000000000000000000e+00,-1.000000000000000000e+00,-1.000000000000000000e+00,-1.000000000000000000e+00,-1.000000000000000000e+00,-1.000000000000000000e+00,-1.000000000000000000e+00,-1.000000000000000000e+00,-1.000000000000000000e+00,-1.000000000000000000e+00,-1.000000000000000000e+00,-1.000000000000000000e+00,-1.000000000000000000e+00,-1.000000000000000000e+00,-1.000000000000000000e+00,-1.000000000000000000e+00,-1.000000000000000000e+00,-1.000000000000000000e+00,-1.000000000000000000e+00
-1.000000000000000000e+00,-1.000000000000000000e+00,-1.000000000000000000e+00,-1.000000000000000000e+00,-1.000000000000000000e+00,-1.000000000000000000e+00,-1.000000000000000000e+00,-1.000000000000000000e+00,-1.000000000000000000e+00,-1.000000000000000000e+00,-1.000000000000000000e+00,-1.000000000000000000e+00,-1.000000000000000000e+00,-1.000000000000000000e+00,-1.000000000000000000e+00,-1.000000000000000000e+00,-1.000000000000000000e+00,-1.000000000000000000e+00,-1.000000000000000000e+00,-1.000000000000000000e+00,-1.000000000000000000e+00,-1.000000000000000000e+00,-1.000000000000000000e+00,-1.000000000000000000e+00,-1.000000000000000000e+00,-1.000000000000000000e+00,-1.000000000000000000e+00,-1.000000000000000000e+00,-1.000000000000000000e+00,-1.000000000000000000e+00,-1.000000000000000000e+00,-1.000000000000000000e+00,-1.000000000000000000e+00,-1.000000000000000000e+00,-1.000000000000000000e+00,-1.000000000000000000e+00,-1.000000000000000000e+00,-1.000000000000000000e+00,-1.000000000000000000e+00,-1.000000000000000000e+00,-1.000000000000000000e+00,-1.000000000000000000e+00,-1.000000000000000000e+00,-1.000000000000000000e+00,-1.000000000000000000e+00,-1.000000000000000000e+00,-1.438560704131457424e+00,-1.438204405036778599e+00,-1.437141190037866334e+00,-1.435390588945657964e+00,-1.432992606935679536e+00,-1.430015954731141958e+00,-1.426563317590888946e+00,-1.422766633491054256e+00,-1.418762196043311885e+00,-1.414631212792664128e+00,-1.410285718136988109e+00,-1.405272112035082177e+00,-1.398455679132363461e+00,-1.387542439352832613e+00,-1.368397796879551320e+00,-1.334150850487525908e+00,-1.274155417741972052e+00,-1.173050261313558940e+00,-1.010459951526063938e+00,-7.623195827269860780e-01,-4.053289439568865671e-01,7.359380661084102826e-02,6.613659213777907109e-01,1.297253947590664591e+00,1.854807359543917844e+00,2.160678493192529803e+00,2.160678493399927458e+00,1.854807360318134535e+00,1.297253948739486074e+00,6.613659225762413829e-01,7.359380752634536726e-02,-4.053289435458635737e-01,-7.623195829424500580e-01,-1.010459952333584210e+00,-1.173050262457763004e+00,-1.274155418956008701e+00,-1.334150851510107039e+00,-1.368397797531752946e+00,-1.387542439673739914e+00,-1.398455679000391028e+00,-1.405272111256993472e+00,-1.410285716823695523e+00,-1.414631211239309350e+00,-1.418762194514458175e+00,-1.422766632204523374e+00,-1.426563316842931917e+00,-1.430015954514783694e+00,-1.432992607348729353e+00,-1.435390589810364270e+00,-1.437141190916511047e+00,-1.438204406033286586e+00,-1.438560704930344825e+00,-1.000000000000000000e+00,-1.000000000000000000e+00,-1.000000000000000000e+00,-1.000000000000000000e+00,-1.000000000000000000e+00,-1.000000000000000000e+00,-1.000000000000000000e+00,-1.000000000000000000e+00,-1.000000000000000000e+00,-1.000000000000000000e+00,-1.000000000000000000e+00,-1.000000000000000000e+00,-1.000000000000000000e+00,-1.000000000000000000e+00,-1.000000000000000000e+00,-1.000000000000000000e+00,-1.000000000000000000e+00,-1.000000000000000000e+00,-1.000000000000000000e+00,-1.000000000000000000e+00,-1.000000000000000000e+00,-1.000000000000000000e+00,-1.000000000000000000e+00,-1.000000000000000000e+00,-1.000000000000000000e+00,-1.000000000000000000e+00,-1.000000000000000000e+00,-1.000000000000000000e+00,-1.000000000000000000e+00,-1.000000000000000000e+00,-1.000000000000000000e+00,-1.000000000000000000e+00,-1.000000000000000000e+00,-1.000000000000000000e+00,-1.000000000000000000e+00,-1.000000000000000000e+00,-1.000000000000000000e+00,-1.000000000000000000e+00,-1.000000000000000000e+00,-1.000000000000000000e+00,-1.000000000000000000e+00,-1.000000000000000000e+00,-1.000000000000000000e+00,-1.000000000000000000e+00,-1.000000000000000000e+00,-1.000000000000000000e+00
-1.000000000000000000e+00,-1.000000000000000000e+00,-1.000000000000000000e+00,-1.000000000000000000e+00,-1.000000000000000000e+00,-1.000000000000000000e+00,-1.000000000000000000e+00,-1.000000000000000000e+00,-1.000000000000000000e+00,-1.000000000000000000e+00,-1.000000000000000000e+00,-1.000000000000000000e+00,-1.000000000000000000e+00,-1.000000000000000000e+00,-1.000000000000000000e+00,-1.000000000000000000e+00,-1.000000000000000000e+00,-1.000000000000000000e+00,-1.000000000000000000e+00,-1.000000000000000000e+00,-1.000000000000000000e+00,-1.000000000000000000e+00,-1.000000000000000000e+00,-1.000000000000000000e+00,-1.000000000000000000e+00,-1.000000000000000000e+00,-1.000000000000000000e+00,-1.000000000000000000e+00,-1.000000000000000000e+00,-1.000000000000000000e+00,-1.000000000000000000e+00,-1.000000000000000000e+00,-1.000000000000000000e+00,-1.000000000000000000e+00,-1.000000000000000000e+00,-1.000000000000000000e+00,-1.000000000000000000e+00,-1.000000000000000000e+00,-1.000000000000000000e+00,-1.000000000000000000e+00,-1.000000000000000000e+00,-1.000000000000000000e+00,-1.000000000000000000e+00,-1.000000000000000000e+00,-1.000000000000000000e+00,-1.000000000000000000e+00,-1.441500579262448900e+00,-1.441280845936121491e+00,-1.440626493682916287e+00,-1.439553441546442158e+00,-1.438092201274081106e+00,-1.436291640129477187e+00,-1.434219463165197883e+00,-1.431953732650646405e+00,-1.429556670877925040e+00,-1.427017544084261846e+00,-1.424145025824253175e+00,-1.420380819124148042e+00,-1.414496328791101210e+00,-1.404126374919352438e+00,-1.385096875495344104e+00,-1.350533414212418792e+00,-1.289821007147568643e+00,-1.187658231177781909e+00,-1.023749003991453854e+00,-7.741177826398982775e-01,-4.155564501124502375e-01,6.492489579145144241e-02,6.541493325248937118e-01,1.291280905627787856e+00,1.849754489533617541e+00,2.156109058084717311e+00,2.156109058446784132e+00,1.849754490493720649e+00,1.291280907034315639e+00,6.541493340137205514e-01,6.492489700695447397e-02,-4.155564493615514499e-01,-7.741177824702220045e-01,-1.023749004480510871e+00,-1.187658232246863177e+00,-1.289821008540179115e+00,-1.350533415464493903e+00,-1.385096876271249000e+00,-1.404126375281061767e+00,-1.414496328703590988e+00,-1.420380818339716633e+00,-1.424145024346838984e+00,-1.427017542258050886e+00,-1.429556669117266754e+00,-1.431953731252039175e+00,-1.434219462478778073e+00,-1.436291640152658200e+00,-1.438092201977589246e+00,-1.439553442738579436e+00,-1.440626494861139584e+00,-1.441280847094055684e+00,-1.441500580162325740e+00,-1.000000000000000000e+00,-1.000000000000000000e+00,-1.000000000000000000e+00,-1.000000000000000000e+00,-1.000000000000000000e+00,-1.000000000000000000e+00,-1.000000000000000000e+00,-1.000000000000000000e+00,-1.000000000000000000e+00,-1.000000000000000000e+00,-1.000000000000000000e+00,-1.000000000000000000e+00,-1.000000000000000000e+00,-1.000000000000000000e+00,-1.000000000000000000e+00,-1.000000000000000000e+00,-1.000000000000000000e+00,-1.000000000000000000e+00,-1.000000000000000000e+00,-1.000000000000000000e+00,-1.000000000000000000e+00,-1.000000000000000000e+00,-1.000000000000000000e+00,-1.000000000000000000e+00,-1.000000000000000000e+00,-1.000000000000000000e+00,-1.000000000000000000e+00,-1.000000000000000000e+00,-1.000000000000000000e+00,-1.000000000000000000e+00,-1.000000000000000000e+00,-1.000000000000000000e+00,-1.000000000000000000e+00,-1.000000000000000000e+00,-1.000000000000000000e+00,-1.000000000000000000e+00,-1.000000000000000000e+00,-1.000000000000000000e+00,-1.000000000000000000e+00,-1.000000000000000000e+00,-1.000000000000000000e+00,-1.000000000000000000e+00,-1.000000000000000000e+00,-1.000000000000000000e+00,-1.000000000000000000e+00,-1.000000000000000000e+00
-1.000000000000000000e+00,-1.000000000000000000e+00,-1.000000000000000000e+00,-1.000000000000000000e+00,-1.000000000000000000e+00,-1.000000000000000000e+00,-1.000000000000000000e+00,-1.000000000000000000e+00,-1.000000000000000000e+00,-1.000000000000000000e+00,-1.000000000000000000e+00,-1.000000000000000000e+00,-1.000000000000000000e+00,-1.000000000000000000e+00,-1.000000000000000000e+00,-1.000000000000000000e+00,-1.000000000000000000e+00,-1.000000000000000000e+00,-1.000000000000000000e+00,-1.000000000000000000e+00,-1.000000000000000000e+00,-1.000000000000000000e+00,-1.000000000000000000e+00,-1.000000000000000000e+00,-1.000000000000000000e+00,-1.000000000000000000e+00,-1.000000000000000000e+00,-1.000000000000000000e+00,-1.000000000000000000e+00,-1.000000000000000000e+00,-1.000000000000000000e+00,-1.000000000000000000e+00,-1.000000000000000000e+00,-1.000000000000000000e+00,-1.000000000000000000e+00,-1.000000000000000000e+00,-1.000000000000000000e+00,-1.000000000000000000e+00,-1.000000000000000000e+00,-1.000000000000000000e+00,-1.000000000000000000e+00,-1.000000000000000000e+00,-1.000000000000000000e+00,-1.000000000000000000e+00,-1.000000000000000000e+00,-1.000000000000000000e+00,-1.443563231901376476e+00,-1.443439398618524105e+00,-1.443071767389432214e+00,-1.442472623878856330e+00,-1.441664244577067100e+00,-1.440679879963649324e+00,-1.439561300814359512e+00,-1.438348089176148203e+00,-1.437050825789429442e+00,-1.435595698281341814e+00,-1.433721222709867904e+00,-1.430798519786919076e+00,-1.425535921513821025e+00,-1.415520381288702056e+00,-1.396550982169637134e+00,-1.361750190791984227e+00,-1.300522672903290156e+00,-1.197605277267425050e+00,-1.032752772401063890e+00,-7.820469704553758561e-01,-4.223395524025209680e-01,5.929747990842804128e-02,6.496191531984529810e-01,1.287708442132181830e+00,1.846902161952085120e+00,2.153637419572624889e+00,2.153637419978192913e+00,1.846902162985021523e+00,1.287708443428214000e+00,6.496191545865090955e-01,5.929748112003929705e-02,-4.223395515588683757e-01,-7.820469700848837746e-01,-1.032752772584971446e+00,-1.197605278036455001e+00,-1.300522674095321962e+00,-1.361750191981299318e+00,-1.396550982969547938e+00,-1.415520381580474218e+00,-1.425535921306512410e+00,-1.430798519043088968e+00,-1.433721221371710097e+00,-1.435595696581898784e+00,-1.437050824145979622e+00,-1.438348087894248062e+00,-1.439561300230014940e+00,-1.440679880113648670e+00,-1.441664245368918795e+00,-1.442472625143181197e+00,-1.443071768643954256e+00,-1.443439399779542720e+00,-1.443563232835984866e+00,-1.000000000000000000e+00,-1.000000000000000000e+00,-1.000000000000000000e+00,-1.000000000000000000e+00,-1.000000000000000000e+00,-1.000000000000000000e+00,-1.000000000000000000e+00,-1.000000000000000000e+00,-1.000000000000000000e+00,-1.000000000000000000e+00,-1.000000000000000000e+00,-1.000000000000000000e+00,-1.000000000000000000e+00,-1.000000000000000000e+00,-1.000000000000000000e+00,-1.000000000000000000e+00,-1.000000000000000000e+00,-1.000000000000000000e+00,-1.000000000000000000e+00,-1.000000000000000000e+00,-1.000000000000000000e+00,-1.000000000000000000e+00,-1.000000000000000000e+00,-1.000000000000000000e+00,-1.000000000000000000e+00,-1.000000000000000000e+00,-1.000000000000000000e+00,-1.000000000000000000e+00,-1.000000000000000000e+00,-1.000000000000000000e+00,-1.000000000000000000e+00,-1.000000000000000000e+00,-1.000000000000000000e+00,-1.000000000000000000e+00,-1.000000000000000000e+00,-1.000000000000000000e+00,-1.000000000000000000e+00,-1.000000000000000000e+00,-1.000000000000000000e+00,-1.000000000000000000e+00,-1.000000000000000000e+00,-1.000000000000000000e+00,-1.000000000000000000e+00,-1.000000000000000000e+00,-1.000000000000000000e+00,-1.000000000000000000e+00
-1.000000000000000000e+00,-1.000000000000000000e+00,-1.000000000000000000e+00,-1.000000000000000000e+00,-1.000000000000000000e+00,-1.000000000000000000e+00,-1.000000000000000000e+00,-1.000000000000000000e+00,-1.000000000000000000e+00,-1.000000000000000000e+00,-1.000000000000000000e+00,-1.000000000000000000e+00,-1.000000000000000000e+00,-1.000000000000000000e+00,-1.000000000000000000e+00,-1.000000000000000000e+00,-1.000000000000000000e+00,-1.000000000000000000e+00,-1.000000000000000000e+00,-1.000000000000000000e+00,-1.000000000000000000e+00,-1.000000000000000000e+00,-1.000000000000000000e+00,-1.000000000000000000e+00,-1.000000000000000000e+00,-1.000000000000000000e+00,-1.000000000000000000e+00,-1.000000000000000000e+00,-1.000000000000000000e+00,-1.000000000000000000e+00,-1.000000000000000000e+00,-1.000000000000000000e+00,-1.000000000000000000e+00,-1.000000000000000000e+00,-1.000000000000000000e+00,-1.000000000000000000e+00,-1.000000000000000000e+00,-1.000000000000000000e+00,-1.000000000000000000e+00,-1.000000000000000000e+00,-1.000000000000000000e+00,-1.000000000000000000e+00,-1.000000000000000000e+00,-1.000000000000000000e+00,-1.000000000000000000e+00,-1.000000000000000000e+00,-1.444933144404943359e+00,-1.444875609297405328e+00,-1.444705926358420545e+00,-1.444433117478651329e+00,-1.444072692958079607e+00,-1.443645960102778680e+00,-1.443175834336950514e+00,-1.442674875050309780e+00,-1.442118255214879463e+00,-1.441389625258322038e+00,-1.440180725040485443e+00,-1.437815952440917977e+00,-1.432962014479235213e+00,-1.423174176333959595e+00,-1.404233375150828911e+00,-1.369259047813595087e+00,-1.307667178842006228e+00,-1.204217489988221423e+00,-1.038695278507796749e+00,-7.872169201525880400e-01,-4.266709288501447928e-01,5.583013794070179614e-02,6.469918727734467190e-01,1.285831587172531432e+00,1.845600146925648666e+00,2.152641418212936752e+00,2.152641418506008542e+00,1.845600147718649886e+00,1.285831588195093023e+00,6.469918737691098265e-01,5.583013886580112661e-02,-4.266709281324755354e-01,-7.872169197690842557e-01,-1.038695278487858475e+00,-1.204217490342099905e+00,-1.307667179526025292e+00,-1.369259048591341177e+00,-1.404233375714362131e+00,-1.423174176515924039e+00,-1.432962014226878855e+00,-1.437815951778288026e+00,-1.440180724022995795e+00,-1.441389624036837125e+00,-1.442118254042497494e+00,-1.442674874112217065e+00,-1.443175833878344916e+00,-1.443645960226270342e+00,-1.444072693589643519e+00,-1.444433118512068681e+00,-1.444705927411058966e+00,-1.444875610249768405e+00,-1.444933145211325876e+00,-1.000000000000000000e+00,-1.000000000000000000e+00,-1.000000000000000000e+00,-1.000000000000000000e+00,-1.000000000000000000e+00,-1.000000000000000000e+00,-1.000000000000000000e+00,-1.000000000000000000e+00,-1.000000000000000000e+00,-1.000000000000000000e+00,-1.000000000000000000e+00,-1.000000000000000000e+00,-1.000000000000000000e+00,-1.000000000000000000e+00,-1.000000000000000000e+00,-1.000000000000000000e+00,-1.000000000000000000e+00,-1.000000000000000000e+00,-1.000000000000000000e+00,-1.000000000000000000e+00,-1.000000000000000000e+00,-1.000000000000000000e+00,-1.000000000000000000e+00,-1.000000000000000000e+00,-1.000000000000000000e+00,-1.000000000000000000e+00,-1.000000000000000000e+00,-1.000000000000000000e+00,-1.000000000000000000e+00,-1.000000000000000000e+00,-1.000000000000000000e+00,-1.000000000000000000e+00,-1.000000000000000000e+00,-1.000000000000000000e+00,-1.000000000000000000e+00,-1.000000000000000000e+00,-1.000000000000000000e+00,-1.000000000000000000e+00,-1.000000000000000000e+00,-1.000000000000000000e+00,-1.000000000000000000e+00,-1.000000000000000000e+00,-1.000000000000000000e+00,-1.000000000000000000e+00,-1.000000000000000000e+00,-1.000000000000000000e+00
-1.000000000000000000e+00,-1.000000000000000000e+00,-1.000000000000000000e+00,-1.000000000000000000e+00,-1.000000000000000000e+00,-1.000000000000000000e+00,-1.000000000000000000e+00,-1.000000000000000000e+00,-1.000000000000000000e+00,-1.000000000000000000e+00,-1.000000000000000000e+00,-1.000000000000000000e+00,-1.000000000000000000e+00,-1.000000000000000000e+00,-1.000000000000000000e+00,-1.000000000000000000e+00,-1.000000000000000000e+00,-1.000000000000000000e+00,-1.000000000000000000e+00,-1.000000000000000000e+00,-1.000000000000000000e+00,-1.000000000000000000e+00,-1.000000000000000000e+00,-1.000000000000000000e+00,-1.000000000000000000e+00,-1.000000000000000000e+00,-1.000000000000000000e+00,-1.000000000000000000e+00,-1.000000000000000000e+00,-1.000000000000000000e+00,-1.000000000000000000e+00,-1.000000000000000000e+00,-1.000000000000000000e+00,-1.000000000000000000e+00,-1.000000000000000000e+00,-1.000000000000000000e+00,-1.000000000000000000e+00,-1.000000000000000000e+00,-1.000000000000000000e+00,-1.000000000000000000e+00,-1.000000000000000000e+00,-1.000000000000000000e+00,-1.000000000000000000e+00,-1.000000000000000000e+00,-1.000000000000000000e+00,-1.000000000000000000e+00,-1.445766832350778852e+00,-1.445754513553470400e+00,-1.445719655454735797e+00,-1.445668555456451010e+00,-1.445611399135006359e+00,-1.445560591967481656e+00,-1.445525583452944351e+00,-1.445500236721593001e+00,-1.445435786724107441e+00,-1.445187600122652238e+00,-1.444416671399856966e+00,-1.442416902792455602e+00,-1.437827882096017751e+00,-1.428184077009685415e+00,-1.409254078785106667e+00,-1.374154255435321659e+00,-1.312306144138629893e+00,-1.208481747185923272e+00,-1.042482920380750855e+00,-7.904449218419196121e-01,-4.292772630771276576e-01,5.388173504136961611e-02,6.457012625057541033e-01,1.285143962768477532e+00,1.845383660761893641e+00,2.152677562545512568e+00,2.152677562660832322e+00,1.845383661113017659e+00,1.285143963287608937e+00,6.457012630357272798e-01,5.388173548624930476e-02,-4.292772626800996916e-01,-7.904449215527928896e-01,-1.042482920195905161e+00,-1.208481747107814863e+00,-1.312306144208225112e+00,-1.374154255559909554e+00,-1.409254078834148105e+00,-1.428184076969036376e+00,-1.437827881892437265e+00,-1.442416902340490470e+00,-1.444416670802145752e+00,-1.445187599538308110e+00,-1.445435786218948415e+00,-1.445500236309075870e+00,-1.445525583206292541e+00,-1.445560592017039570e+00,-1.445611399466395941e+00,-1.445668556067202903e+00,-1.445719656123447994e+00,-1.445754514151450953e+00,-1.445766832890194920e+00,-1.000000000000000000e+00,-1.000000000000000000e+00,-1.000000000000000000e+00,-1.000000000000000000e+00,-1.000000000000000000e+00,-1.000000000000000000e+00,-1.000000000000000000e+00,-1.000000000000000000e+00,-1.000000000000000000e+00,-1.000000000000000000e+00,-1.000000000000000000e+00,-1.000000000000000000e+00,-1.000000000000000000e+00,-1.000000000000000000e+00,-1.000000000000000000e+00,-1.000000000000000000e+00,-1.000000000000000000e+00,-1.000000000000000000e+00,-1.000000000000000000e+00,-1.000000000000000000e+00,-1.000000000000000000e+00,-1.000000000000000000e+00,-1.000000000000000000e+00,-1.000000000000000000e+00,-1.000000000000000000e+00,-1.000000000000000000e+00,-1.000000000000000000e+00,-1.000000000000000000e+00,-1.000000000000000000e+00,-1.000000000000000000e+00,-1.000000000000000000e+00,-1.000000000000000000e+00,-1.000000000000000000e+00,-1.000000000000000000e+00,-1.000000000000000000e+00,-1.000000000000000000e+00,-1.000000000000000000e+00,-1.000000000000000000e+00,-1.000000000000000000e+00,-1.000000000000000000e+00,-1.000000000000000000e+00,-1.000000000000000000e+00,-1.000000000000000000e+00,-1.000000000000000000e+00,-1.000000000000000000e+00,-1.000000000000000000e+00
-1.000000000000000000e+00,-1.000000000000000000e+00,-1.000000000000000000e+00,-1.000000000000000000e+00,-1.000000000000000000e+00,-1.000000000000000000e+00,-1.000000000000000000e+00,-1.000000000000000000e+00,-1.000000000000000000e+00,-1.000000000000000000e+00,-1.000000000000000000e+00,-1.000000000000000000e+00,-1.000000000000000000e+00,-1.000000000000000000e+00,-1.000000000000000000e+00,-1.000000000000000000e+00,-1.000000000000000000e+00,-1.000000000000000000e+00,-1.000000000000000000e+00,-1.000000000000000000e+00,-1.000000000000000000e+00,-1.000000000000000000e+00,-1.000000000000000000e+00,-1.000000000000000000e+00,-1.000000000000000000e+00,-1.000000000000000000e+00,-1.000000000000000000e+00,-1.000000000000000000e+00,-1.000000000000000000e+00,-1.000000000000000000e+00,-1.000000000000000000e+00,-1.000000000000000000e+00,-1.000000000000000000e+00,-1.000000000000000000e+00,-1.000000000000000000e+00,-1.000000000000000000e+00,-1.000000000000000000e+00,-1.000000000000000000e+00,-1.000000000000000000e+00,-1.000000000000000000e+00,-1.000000000000000000e+00,-1.000000000000000000e+00,-1.000000000000000000e+00,-1.000000000000000000e+00,-1.000000000000000000e+00,-1.000000000000000000e+00,-1.446192649917931838e+00,-1.446210807417531941e+00,-1.446266707439935573e+00,-1.446364489691635669e+00,-1.446510293978134465e+00,-1.446710040647036122e+00,-1.446963716178846449e+00,-1.447252415128426728e+00,-1.447511376857790966e+00,-1.447577371130402746e+00,-1.447091401870123972e+00,-1.445327664823772729e+00,-1.440908212064266669e+00,-1.431353874016155991e+00,-1.412424684311355927e+00,-1.377233874788935220e+00,-1.315204682765112487e+00,-1.211114336903541089e+00,-1.044771939853407883e+00,-7.923211509779563011e-01,-4.306818397708364055e-01,5.299194579746857592e-02,6.453419948720422461e-01,1.285284109369628336e+00,1.845921695420114528e+00,2.153430421677196005e+00,2.153430421614309864e+00,1.845921695292874087e+00,1.285284109271652486e+00,6.453419948187248956e-01,5.299194576085719532e-02,-4.306818397818512612e-01,-7.923211508407532744e-01,-1.044771939517288306e+00,-1.211114336426807991e+00,-1.315204682235075584e+00,-1.377233874220013199e+00,-1.412424683751201560e+00,-1.431353873652703612e+00,-1.440908211923069615e+00,-1.445327664740627238e+00,-1.447091401847221404e+00,-1.447577371214017861e+00,-1.447511377013664946e+00,-1.447252415280861459e+00,-1.446963716209920925e+00,-1.446710040641488337e+00,-1.446510293966641880e+00,-1.446364489793926733e+00,-1.446266707625308179e+00,-1.446210807573014456e+00,-1.446192650099767052e+00,-1.000000000000000000e+00,-1.000000000000000000e+00,-1.000000000000000000e+00,-1.000000000000000000e+00,-1.000000000000000000e+00,-1.000000000000000000e+00,-1.000000000000000000e+00,-1.000000000000000000e+00,-1.000000000000000000e+00,-1.000000000000000000e+00,-1.000000000000000000e+00,-1.000000000000000000e+00,-1.000000000000000000e+00,-1.000000000000000000e+00,-1.000000000000000000e+00,-1.000000000000000000e+00,-1.000000000000000000e+00,-1.000000000000000000e+00,-1.000000000000000000e+00,-1.000000000000000000e+00,-1.000000000000000000e+00,-1.000000000000000000e+00,-1.000000000000000000e+00,-1.000000000000000000e+00,-1.000000000000000000e+00,-1.000000000000000000e+00,-1.000000000000000000e+00,-1.000000000000000000e+00,-1.000000000000000000e+00,-1.000000000000000000e+00,-1.000000000000000000e+00,-1.000000000000000000e+00,-1.000000000000000000e+00,-1.000000000000000000e+00,-1.000000000000000000e+00,-1.000000000000000000e+00,-1.000000000000000000e+00,-1.000000000000000000e+00,-1.000000000000000000e+00,-1.000000000000000000e+00,-1.000000000000000000e+00,-1.000000000000000000e+00,-1.000000000000000000e+00,-1.000000000000000000e+00,-1.000000000000000000e+00,-1.000000000000000000e+00
-1.000000000000000000e+00,-1.000000000000000000e+00,-1.000000000000000000e+00,-1.000000000000000000e+00,-1.000000000000000000e+00,-1.000000000000000000e+00,-1.000000000000000000e+00,-1.000000000000000000e+00,-1.000000000000000000e+00,-1.000000000000000000e+00,-1.000000000000000000e+00,-1.000000000000000000e+00,-1.000000000000000000e+00,-1.000000000000000000e+00,-1.000000000000000000e+00,-1.000000000000000000e+00,-1.000000000000000000e+00,-1.000000000000000000e+00,-1.000000000000000000e+00,-1.000000000000000000e+00,-1.000000000000000000e+00,-1.000000000000000000e+00,-1.000000000000000000e+00,-1.000000000000000000e+00,-1.000000000000000000e+00,-1.000000000000000000e+00,-1.000000000000000000e+00,-1.000000000000000000e+00,-1.000000000000000000e+00,-1.000000000000000000e+00,-1.000000000000000000e+00,-1.000000000000000000e+00,-1.000000000000000000e+00,-1.000000000000000000e+00,-1.000000000000000000e+00,-1.000000000000000000e+00,-1.000000000000000000e+00,-1.000000000000000000e+00,-1.000000000000000000e+00,-1.000000000000000000e+00,-1.000000000000000000e+00,-1.000000000000000000e+00,-1.000000000000000000e+00,-1.000000000000000000e+00,-1.000000000000000000e+00,-1.000000000000000000e+00,-1.446313094263771415e+00,-1.446351580443030027e+00,-1.446467946455716636e+00,-1.446664690459194214e+00,-1.446944966417388789e+00,-1.447310064353385606e+00,-1.447753416021834827e+00,-1.448247493235266470e+00,-1.448716948845062635e+00,-1.448986429506069262e+00,-1.448684039817009106e+00,-1.447071314661315888e+00,-1.442758986709436586e+00,-1.433258872205784851e+00,-1.414324883776988173e+00,-1.379067065388436486e+00,-1.316907860461092428e+00,-1.212625157359398242e+00,-1.046029264032275030e+00,-7.932654111368564465e-01,-4.312568369337773655e-01,5.283337553330880176e-02,6.456257775447542535e-01,1.285994920457877999e+00,1.846978793512491723e+00,2.154675613057978723e+00,2.154675612851743693e+00,1.846978792974335981e+00,1.285994919780809376e+00,6.456257768952806675e-01,5.283337502598484114e-02,-4.312568372298782871e-01,-7.932654111374617401e-01,-1.046029263616090388e+00,-1.212625156566019768e+00,-1.316907859420418880e+00,-1.379067064232418982e+00,-1.414324882686348150e+00,-1.433258871520694200e+00,-1.442758986597405091e+00,-1.447071314963488842e+00,-1.448684040402396622e+00,-1.448986430212230836e+00,-1.448716949533551013e+00,-1.448247493845244760e+00,-1.447753416315378017e+00,-1.447310064355346704e+00,-1.446944966150939482e+00,-1.446664690116147955e+00,-1.446467946167063756e+00,-1.446351580136056469e+00,-1.446313094049694881e+00,-1.000000000000000000e+00,-1.000000000000000000e+00,-1.000000000000000000e+00,-1.000000000000000000e+00,-1.000000000000000000e+00,-1.000000000000000000e+00,-1.000000000000000000e+00,-1.000000000000000000e+00,-1.000000000000000000e+00,-1.000000000000000000e+00,-1.000000000000000000e+00,-1.000000000000000000e+00,-1.000000000000000000e+00,-1.000000000000000000e+00,-1.000000000000000000e+00,-1.000000000000000000e+00,-1.000000000000000000e+00,-1.000000000000000000e+00,-1.000000000000000000e+00,-1.000000000000000000e+00,-1.000000000000000000e+00,-1.000000000000000000e+00,-1.000000000000000000e+00,-1.000000000000000000e+00,-1.000000000000000000e+00,-1.000000000000000000e+00,-1.000000000000000000e+00,-1.000000000000000000e+00,-1.000000000000000000e+00,-1.000000000000000000e+00,-1.000000000000000000e+00,-1.000000000000000000e+00,-1.000000000000000000e+00,-1.000000000000000000e+00,-1.000000000000000000e+00,-1.000000000000000000e+00,-1.000000000000000000e+00,-1.000000000000000000e+00,-1.000000000000000000e+00,-1.000000000000000000e+00,-1.000000000000000000e+00,-1.000000000000000000e+00,-1.000000000000000000e+00,-1.000000000000000000e+00,-1.000000000000000000e+00,-1.000000000000000000e+00
-1.000000000000000000e+00,-1.000000000000000000e+00,-1.000000000000000000e+00,-1.000000000000000000e+00,-1.000000000000000000e+00,-1.000000000000000000e+00,-1.000000000000000000e+00,-1.000000000000000000e+00,-1.000000000000000000e+00,-1.000000000000000000e+00,-1.000000000000000000e+00,-1.000000000000000000e+00,-1.000000000000000000e+00,-1.000000000000000000e+00,-1.000000000000000000e+00,-1.000000000000000000e+00,-1.000000000000000000e+00,-1.000000000000000000e+00,-1.000000000000000000e+00,-1.000000000000000000e+00,-1.000000000000000000e+00,-1.000000000000000000e+00,-1.000000000000000000e+00,-1.000000000000000000e+00,-1.000000000000000000e+00,-1.000000000000000000e+00,-1.000000000000000000e+00,-1.000000000000000000e+00,-1.000000000000000000e+00,-1.000000000000000000e+00,-1.000000000000000000e+00,-1.000000000000000000e+00,-1.000000000000000000e+00,-1.000000000000000000e+00,-1.000000000000000000e+00,-1.000000000000000000e+00,-1.000000000000000000e+00,-1.000000000000000000e+00,-1.000000000000000000e+00,-1.000000000000000000e+00,-1.000000000000000000e+00,-1.000000000000000000e+00,-1.000000000000000000e+00,-1.000000000000000000e+00,-1.000000000000000000e+00,-1.000000000000000000e+00,-1.446208301006011832e+00,-1.446260220107717265e+00,-1.446416496428102549e+00,-1.446678418414108602e+00,-1.447046989598105071e+00,-1.447520251949314218e+00,-1.448087154868130222e+00,-1.448714403370522597e+00,-1.449319697665991891e+00,-1.449719830599928816e+00,-1.449534620172619359e+00,-1.448017478342574105e+00,-1.443771795311143524e+00,-1.434303319385401343e+00,-1.415361395364667985e+00,-1.380052857179201897e+00,-1.317797788589634367e+00,-1.213371858969752859e+00,-1.046582759627842973e+00,-7.935729466686326505e-01,-4.312645306579035998e-01,5.317476670561416263e-02,6.463484623307602650e-01,1.287093891660784806e+00,1.848387490049474557e+00,2.156253369908911921e+00,2.156253369617788795e+00,1.848387489241240189e+00,1.287093890564458221e+00,6.463484612324483791e-01,5.317476584543046059e-02,-4.312645311213858523e-01,-7.935729466712062585e-01,-1.046582759152285602e+00,-1.213371857998416514e+00,-1.317797787238155660e+00,-1.380052855661030531e+00,-1.415361393954378766e+00,-1.434303318505274261e+00,-1.443771795210837317e+00,-1.448017478892751120e+00,-1.449534621184507488e+00,-1.449719831768191192e+00,-1.449319698732847828e+00,-1.448714404251304266e+00,-1.448087155329002673e+00,-1.447520252026700538e+00,-1.447046989263573336e+00,-1.446678417844135645e+00,-1.446416495831514215e+00,-1.446260219434829075e+00,-1.446208300432312521e+00,-1.000000000000000000e+00,-1.000000000000000000e+00,-1.000000000000000000e+00,-1.000000000000000000e+00,-1.000000000000000000e+00,-1.000000000000000000e+00,-1.000000000000000000e+00,-1.000000000000000000e+00,-1.000000000000000000e+00,-1.000000000000000000e+00,-1.000000000000000000e+00,-1.000000000000000000e+00,-1.000000000000000000e+00,-1.000000000000000000e+00,-1.000000000000000000e+00,-1.000000000000000000e+00,-1.000000000000000000e+00,-1.000000000000000000e+00,-1.000000000000000000e+00,-1.000000000000000000e+00,-1.000000000000000000e+00,-1.000000000000000000e+00,-1.000000000000000000e+00,-1.000000000000000000e+00,-1.000000000000000000e+00,-1.000000000000000000e+00,-1.000000000000000000e+00,-1.000000000000000000e+00,-1.000000000000000000e+00,-1.000000000000000000e+00,-1.000000000000000000e+00,-1.000000000000000000e+00,-1.000000000000000000e+00,-1.000000000000000000e+00,-1.000000000000000000e+00,-1.000000000000000000e+00,-1.000000000000000000e+00,-1.000000000000000000e+00,-1.000000000000000000e+00,-1.000000000000000000e+00,-1.000000000000000000e+00,-1.000000000000000000e+00,-1.000000000000000000e+00,-1.000000000000000000e+00,-1.000000000000000000e+00,-1.000000000000000000e+00
-1.000000000000000000e+00,-1.000000000000000000e+00,-1.000000000000000000e+00,-1.000000000000000000e+00,-1.000000000000000000e+00,-1.000000000000000000e+00,-1.000000000000000000e+00,-1.000000000000000000e+00,-1.000000000000000000e+00,-1.000000000000000000e+00,-1.000000000000000000e+00,-1.000000000000000000e+00,-1.000000000000000000e+00,-1.000000000000000000e+00,-1.000000000000000000e+00,-1.000000000000000000e+00,-1.000000000000000000e+00,-1.000000000000000000e+00,-1.000000000000000000e+00,-1.000000000000000000e+00,-1.000000000000000000e+00,-1.000000000000000000e+00,-1.000000000000000000e+00,-1.000000000000000000e+00,-1.000000000000000000e+00,-1.000000000000000000e+00,-1.000000000000000000e+00,-1.000000000000000000e+00,-1.000000000000000000e+00,-1.000000000000000000e+00,-1.000000000000000000e+00,-1.000000000000000000e+00,-1.000000000000000000e+00,-1.000000000000000000e+00,-1.000000000000000000e+00,-1.000000000000000000e+00,-1.000000000000000000e+00,-1.000000000000000000e+00,-1.000000000000000000e+00,-1.000000000000000000e+00,-1.000000000000000000e+00,-1.000000000000000000e+00,-1.000000000000000000e+00,-1.000000000000000000e+00,-1.000000000000000000e+00,-1.000000000000000000e+00,-1.445939868077232848e+00,-1.446000585297301022e+00,-1.446182974287477219e+00,-1.446487454876888457e+00,-1.446913513600112999e+00,-1.447456949131447290e+00,-1.448103680444037256e+00,-1.448816587958521973e+00,-1.449508833654308715e+00,-1.449992142813417262e+00,-1.449881016851835902e+00,-1.448423638235353472e+00,-1.444218574291611823e+00,-1.434767367309476072e+00,-1.415815782012388668e+00,-1.380467449542249758e+00,-1.318139144125408890e+00,-1.213602552097950538e+00,-1.046660394131584182e+00,-7.934496555798686845e-01,-4.308884885864500136e-01,5.385359817182289177e-02,6.473659585556124085e-01,1.288451675678583097e+00,1.850028699154966816e+00,2.158049864302068688e+00,2.158049863975556537e+00,1.850028698235625768e+00,1.288451674410180825e+00,6.473659572724093092e-01,5.385359716826521037e-02,-4.308884891074972190e-01,-7.934496555263532702e-01,-1.046660393540678413e+00,-1.213602551057266332e+00,-1.318139142714263246e+00,-1.380467447955850968e+00,-1.415815780553934422e+00,-1.434767366411596079e+00,-1.444218574206362238e+00,-1.448423638858509666e+00,-1.449881018011394129e+00,-1.449992144184113929e+00,-1.449508834907963450e+00,-1.448816588937238858e+00,-1.448103680955301176e+00,-1.447456949295296447e+00,-1.446913513345488234e+00,-1.446487454334977940e+00,-1.446182973657840876e+00,-1.446000584484995688e+00,-1.445939867299274262e+00,-1.000000000000000000e+00,-1.000000000000000000e+00,-1.000000000000000000e+00,-1.000000000000000000e+00,-1.000000000000000000e+00,-1.000000000000000000e+00,-1.000000000000000000e+00,-1.000000000000000000e+00,-1.000000000000000000e+00,-1.000000000000000000e+00,-1.000000000000000000e+00,-1.000000000000000000e+00,-1.000000000000000000e+00,-1.000000000000000000e+00,-1.000000000000000000e+00,-1.000000000000000000e+00,-1.000000000000000000e+00,-1.000000000000000000e+00,-1.000000000000000000e+00,-1.000000000000000000e+00,-1.000000000000000000e+00,-1.000000000000000000e+00,-1.000000000000000000e+00,-1.000000000000000000e+00,-1.000000000000000000e+00,-1.000000000000000000e+00,-1.000000000000000000e+00,-1.000000000000000000e+00,-1.000000000000000000e+00,-1.000000000000000000e+00,-1.000000000000000000e+00,-1.000000000000000000e+00,-1.000000000000000000e+00,-1.000000000000000000e+00,-1.000000000000000000e+00,-1.000000000000000000e+00,-1.000000000000000000e+00,-1.000000000000000000e+00,-1.000000000000000000e+00,-1.000000000000000000e+00,-1.000000000000000000e+00,-1.000000000000000000e+00,-1.000000000000000000e+00,-1.000000000000000000e+00,-1.000000000000000000e+00,-1.000000000000000000e+00
-1.000000000000000000e+00,-1.000000000000000000e+00,-1.000000000000000000e+00,-1.000000000000000000e+00,-1.000000000000000000e+00,-1.000000000000000000e+00,-1.000000000000000000e+00,-1.000000000000000000e+00,-1.000000000000000000e+00,-1.000000000000000000e+00,-1.000000000000000000e+00,-1.000000000000000000e+00,-1.000000000000000000e+00,-1.000000000000000000e+00,-1.000000000000000000e+00,-1.000000000000000000e+00,-1.000000000000000000e+00,-1.000000000000000000e+00,-1.000000000000000000e+00,-1.000000000000000000e+00,-1.000000000000000000e+00,-1.000000000000000000e+00,-1.000000000000000000e+00,-1.000000000000000000e+00,-1.000000000000000000e+00,-1.000000000000000000e+00,-1.000000000000000000e+00,-1.000000000000000000e+00,-1.000000000000000000e+00,-1.000000000000000000e+00,-1.000000000000000000e+00,-1.000000000000000000e+00,-1.000000000000000000e+00,-1.000000000000000000e+00,-1.000000000000000000e+00,-1.000000000000000000e+00,-1.000000000000000000e+00,-1.000000000000000000e+00,-1.000000000000000000e+00,-1.000000000000000000e+00,-1.000000000000000000e+00,-1.000000000000000000e+00,-1.000000000000000000e+00,-1.000000000000000000e+00,-1.000000000000000000e+00,-1.000000000000000000e+00,-1.445554501344627374e+00,-1.445620930619880173e+00,-1.445820256363603340e+00,-1.446152288062400260e+00,-1.446615461022987992e+00,-1.447204045733551769e+00,-1.447901933160442134e+00,-1.448669485651357336e+00,-1.449416916729286964e+00,-1.449952688009872315e+00,-1.449887882573514863e+00,-1.448467285573161512e+00,-1.444286228009039608e+00,-1.434843218315847269e+00,-1.415881072547615860e+00,-1.380500250338344337e+00,-1.318113665975516602e+00,-1.213487979503322434e+00,-1.046419538871924182e+00,-7.930382383097350774e-01,-4.302565343594223490e-01,5.475610446774781259e-02,6.485768456953686645e-01,1.289976753518072616e+00,1.851817808563168910e+00,2.159984027893729230e+00,2.159984027570128973e+00,1.851817807684909667e+00,1.289976752349509592e+00,6.485768445412443128e-01,5.475610357916971260e-02,-4.302565347991472722e-01,-7.930382381954592663e-01,-1.046419538226602386e+00,-1.213487978471390338e+00,-1.318113664712967203e+00,-1.380500248973365762e+00,-1.415881071304007754e+00,-1.434843217556563300e+00,-1.444286227936331324e+00,-1.448467286108480412e+00,-1.449887883597144267e+00,-1.449952689263938943e+00,-1.449416917928485704e+00,-1.448669486600648870e+00,-1.447901933679508035e+00,-1.447204045972703357e+00,-1.446615460920098739e+00,-1.446152287742322740e+00,-1.445820255966968837e+00,-1.445620929954132716e+00,-1.445554500632600270e+00,-1.000000000000000000e+00,-1.000000000000000000e+00,-1.000000000000000000e+00,-1.000000000000000000e+00,-1.000000000000000000e+00,-1.000000000000000000e+00,-1.000000000000000000e+00,-1.000000000000000000e+00,-1.000000000000000000e+00,-1.000000000000000000e+00,-1.000000000000000000e+00,-1.000000000000000000e+00,-1.000000000000000000e+00,-1.000000000000000000e+00,-1.000000000000000000e+00,-1.000000000000000000e+00,-1.000000000000000000e+00,-1.000000000000000000e+00,-1.000000000000000000e+00,-1.000000000000000000e+00,-1.000000000000000000e+00,-1.000000000000000000e+00,-1.000000000000000000e+00,-1.000000000000000000e+00,-1.000000000000000000e+00,-1.000000000000000000e+00,-1.000000000000000000e+00,-1.000000000000000000e+00,-1.000000000000000000e+00,-1.000000000000000000e+00,-1.000000000000000000e+00,-1.000000000000000000e+00,-1.000000000000000000e+00,-1.000000000000000000e+00,-1.000000000000000000e+00,-1.000000000000000000e+00,-1.000000000000000000e+00,-1.000000000000000000e+00,-1.000000000000000000e+00,-1.000000000000000000e+00,-1.000000000000000000e+00,-1.000000000000000000e+00,-1.000000000000000000e+00,-1.000000000000000000e+00,-1.000000000000000000e+00,-1.000000000000000000e+00
-1.000000000000000000e+00,-1.000000000000000000e+00,-1.000000000000000000e+00,-1.000000000000000000e+00,-1.000000000000000000e+00,-1.000000000000000000e+00,-1.000000000000000000e+00,-1.000000000000000000e+00,-1.000000000000000000e+00,-1.000000000000000000e+00,-1.000000000000000000e+00,-1.000000000000000000e+00,-1.000000000000000000e+00,-1.000000000000000000e+00,-1.000000000000000000e+00,-1.000000000000000000e+00,-1.000000000000000000e+00,-1.000000000000000000e+00,-1.000000000000000000e+00,-1.000000000000000000e+00,-1.000000000000000000e+00,-1.000000000000000000e+00,-1.000000000000000000e+00,-1.000000000000000000e+00,-1.000000000000000000e+00,-1.000000000000000000e+00,-1.000000000000000000e+00,-1.000000000000000000e+00,-1.000000000000000000e+00,-1.000000000000000000e+00,-1.000000000000000000e+00,-1.000000000000000000e+00,-1.000000000000000000e+00,-1.000000000000000000e+00,-1.000000000000000000e+00,-1.000000000000000000e+00,-1.000000000000000000e+00,-1.000000000000000000e+00,-1.000000000000000000e+00,-1.000000000000000000e+00,-1.000000000000000000e+00,-1.000000000000000000e+00,-1.000000000000000000e+00,-1.000000000000000000e+00,-1.000000000000000000e+00,-1.000000000000000000e+00,-1.445087228637191634e+00,-1.445157331904159292e+00,-1.445367541154525926e+00,-1.445717244878349073e+00,-1.446204161251678055e+00,-1.446821532545483180e+00,-1.447551905086384316e+00,-1.448353993815928886e+00,-1.449136103029981859e+00,-1.449704591662475561e+00,-1.449668331576415170e+00,-1.448269865867791939e+00,-1.444102285447557366e+00,-1.434661803504122535e+00,-1.415688696669549884e+00,-1.380280302038327411e+00,-1.317845378150829694e+00,-1.213144974425306666e+00,-1.045968272501522689e+00,-7.924371462977166658e-01,-4.294573285605910451e-01,5.580290765558570953e-02,6.499099252036999452e-01,1.291604508478773283e+00,1.853694805084519448e+00,2.161998213656523671e+00,2.161998213399311197e+00,1.853694804414040220e+00,1.291604507638952626e+00,6.499099244242290130e-01,5.580290710307855839e-02,-4.294573287696730191e-01,-7.924371461026521457e-01,-1.045968271912101510e+00,-1.213144973561359752e+00,-1.317845377183853417e+00,-1.380280301083411931e+00,-1.415688695830110033e+00,-1.434661803002925895e+00,-1.444102285395009622e+00,-1.448269866205589285e+00,-1.449668332243980284e+00,-1.449704592515219437e+00,-1.449136103928895025e+00,-1.448353994610294571e+00,-1.447551905597770361e+00,-1.446821532877820449e+00,-1.446204161347032446e+00,-1.445717244887336328e+00,-1.445367541155732294e+00,-1.445157331620627428e+00,-1.445087228289744230e+00,-1.000000000000000000e+00,-1.000000000000000000e+00,-1.000000000000000000e+00,-1.000000000000000000e+00,-1.000000000000000000e+00,-1.000000000000000000e+00,-1.000000000000000000e+00,-1.000000000000000000e+00,-1.000000000000000000e+00,-1.000000000000000000e+00,-1.000000000000000000e+00,-1.000000000000000000e+00,-1.000000000000000000e+00,-1.000000000000000000e+00,-1.000000000000000000e+00,-1.000000000000000000e+00,-1.000000000000000000e+00,-1.000000000000000000e+00,-1.000000000000000000e+00,-1.000000000000000000e+00,-1.000000000000000000e+00,-1.000000000000000000e+00,-1.000000000000000000e+00,-1.000000000000000000e+00,-1.000000000000000000e+00,-1.000000000000000000e+00,-1.000000000000000000e+00,-1.000000000000000000e+00,-1.000000000000000000e+00,-1.000000000000000000e+00,-1.000000000000000000e+00,-1.000000000000000000e+00,-1.000000000000000000e+00,-1.000000000000000000e+00,-1.000000000000000000e+00,-1.000000000000000000e+00,-1.000000000000000000e+00,-1.000000000000000000e+00,-1.000000000000000000e+00,-1.000000000000000000e+00,-1.000000000000000000e+00,-1.000000000000000000e+00,-1.000000000000000000e+00,-1.000000000000000000e+00,-1.000000000000000000e+00,-1.000000000000000000e+00
-1.000000000000000000e+00,-1.000000000000000000e+00,-1.000000000000000000e+00,-1.000000000000000000e+00,-1.000000000000000000e+00,-1.000000000000000000e+00,-1.000000000000000000e+00,-1.000000000000000000e+00,-1.000000000000000000e+00,-1.000000000000000000e+00,-1.000000000000000000e+00,-1.000000000000000000e+00,-1.000000000000000000e+00,-1.000000000000000000e+00,-1.000000000000000000e+00,-1.000000000000000000e+00,-1.000000000000000000e+00,-1.000000000000000000e+00,-1.000000000000000000e+00,-1.000000000000000000e+00,-1.000000000000000000e+00,-1.000000000000000000e+00,-1.000000000000000000e+00,-1.000000000000000000e+00,-1.000000000000000000e+00,-1.000000000000000000e+00,-1.000000000000000000e+00,-1.000000000000000000e+00,-1.000000000000000000e+00,-1.000000000000000000e+00,-1.000000000000000000e+00,-1.000000000000000000e+00,-1.000000000000000000e+00,-1.000000000000000000e+00,-1.000000000000000000e+00,-1.000000000000000000e+00,-1.000000000000000000e+00,-1.000000000000000000e+00,-1.000000000000000000e+00,-1.000000000000000000e+00,-1.000000000000000000e+00,-1.000000000000000000e+00,-1.000000000000000000e+00,-1.000000000000000000e+00,-1.000000000000000000e+00,-1.000000000000000000e+00,-1.444564091953353335e+00,-1.444636533156972602e+00,-1.444853661611317897e+00,-1.445214580117819336e+00,-1.445716524529516489e+00,-1.446352053226815038e+00,-1.447102828562701893e+00,-1.447926493609584142e+00,-1.448730118826592861e+00,-1.449318704457911000e+00,-1.449299676303434259e+00,-1.447914062423250492e+00,-1.443753339503985655e+00,-1.434311893794002701e+00,-1.415327734166242024e+00,-1.379895136267357936e+00,-1.317418567325539414e+00,-1.212653170830043647e+00,-1.045380552704054944e+00,-7.917140769819952517e-01,-4.285521796712514764e-01,5.693878019142939451e-02,6.513153493928662829e-01,1.293289438571898042e+00,1.855617235863747716e+00,2.164051539098528654e+00,2.164051538980297007e+00,1.855617235569681611e+00,1.293289438227607224e+00,6.513153491187684274e-01,5.693878008547459402e-02,-4.285521795687201596e-01,-7.917140766869874557e-01,-1.045380552248819761e+00,-1.212653170293462201e+00,-1.317418566795173440e+00,-1.379895135782430060e+00,-1.415327733778529717e+00,-1.434311893595202836e+00,-1.443753339483955900e+00,-1.447914062522850376e+00,-1.449299676513676083e+00,-1.449318704757440290e+00,-1.448730119249477033e+00,-1.447926494107693252e+00,-1.447102829013391156e+00,-1.446352053677436578e+00,-1.445716524883565723e+00,-1.445214580497822476e+00,-1.444853662061346355e+00,-1.444636533375458720e+00,-1.444564092172328840e+00,-1.000000000000000000e+00,-1.000000000000000000e+00,-1.000000000000000000e+00,-1.000000000000000000e+00,-1.000000000000000000e+00,-1.000000000000000000e+00,-1.000000000000000000e+00,-1.000000000000000000e+00,-1.000000000000000000e+00,-1.000000000000000000e+00,-1.000000000000000000e+00,-1.000000000000000000e+00,-1.000000000000000000e+00,-1.000000000000000000e+00,-1.000000000000000000e+00,-1.000000000000000000e+00,-1.000000000000000000e+00,-1.000000000000000000e+00,-1.000000000000000000e+00,-1.000000000000000000e+00,-1.000000000000000000e+00,-1.000000000000000000e+00,-1.000000000000000000e+00,-1.000000000000000000e+00,-1.000000000000000000e+00,-1.000000000000000000e+00,-1.000000000000000000e+00,-1.000000000000000000e+00,-1.000000000000000000e+00,-1.000000000000000000e+00,-1.000000000000000000e+00,-1.000000000000000000e+00,-1.000000000000000000e+00,-1.000000000000000000e+00,-1.000000000000000000e+00,-1.000000000000000000e+00,-1.000000000000000000e+00,-1.000000000000000000e+00,-1.000000000000000000e+00,-1.000000000000000000e+00,-1.000000000000000000e+00,-1.000000000000000000e+00,-1.000000000000000000e+00,-1.000000000000000000e+00,-1.000000000000000000e+00,-1.000000000000000000e+00
-1.000000000000000000e+00,-1.000000000000000000e+00,-1.000000000000000000e+00,-1.000000000000000000e+00,-1.000000000000000000e+00,-1.000000000000000000e+00,-1.000000000000000000e+00,-1.000000000000000000e+00,-1.000000000000000000e+00,-1.000000000000000000e+00,-1.000000000000000000e+00,-1.000000000000000000e+00,-1.000000000000000000e+00,-1.000000000000000000e+00,-1.000000000000000000e+00,-1.000000000000000000e+00,-1.000000000000000000e+00,-1.000000000000000000e+00,-1.000000000000000000e+00,-1.000000000000000000e+00,-1.000000000000000000e+00,-1.000000000000000000e+00,-1.000000000000000000e+00,-1.000000000000000000e+00,-1.000000000000000000e+00,-1.000000000000000000e+00,-1.000000000000000000e+00,-1.000000000000000000e+00,-1.000000000000000000e+00,-1.000000000000000000e+00,-1.000000000000000000e+00,-1.000000000000000000e+00,-1.000000000000000000e+00,-1.000000000000000000e+00,-1.000000000000000000e+00,-1.000000000000000000e+00,-1.000000000000000000e+00,-1.000000000000000000e+00,-1.000000000000000000e+00,-1.000000000000000000e+00,-1.000000000000000000e+00,-1.000000000000000000e+00,-1.000000000000000000e+00,-1.000000000000000000e+00,-1.000000000000000000e+00,-1.000000000000000000e+00,-1.444004322561842413e+00,-1.444078231923615840e+00,-1.444299701210977949e+00,-1.444667642257688955e+00,-1.445178970828852716e+00,-1.445825795381617151e+00,-1.446589201816587344e+00,-1.447426139169760262e+00,-1.448242880907438357e+00,-1.448843543827713409e+00,-1.448834591835450381e+00,-1.447455995596728773e+00,-1.443298012318077861e+00,-1.433853501911608097e+00,-1.414858392203713011e+00,-1.379403966462836584e+00,-1.316890365084167236e+00,-1.212066710395202973e+00,-1.044706863853786860e+00,-7.909154674752776337e-01,-4.275833777080170206e-01,5.812539688127182913e-02,6.527583171311017729e-01,1.294999601971230874e+00,1.857555172665292353e+00,2.166115115409474878e+00,2.166115115466488827e+00,1.857555172825581469e+00,1.294999602200267663e+00,6.527583174147826295e-01,5.812539722926990393e-02,-4.275833773222558198e-01,-7.909154671208964427e-01,-1.044706863586967849e+00,-1.212066710257380331e+00,-1.316890365053451806e+00,-1.379403966450411190e+00,-1.414858392198212078e+00,-1.433853501957118137e+00,-1.443298012319108592e+00,-1.447455995474021151e+00,-1.448834591609667211e+00,-1.448843543576005644e+00,-1.448242880799623711e+00,-1.447426139276690282e+00,-1.446589202129521468e+00,-1.445825795927527135e+00,-1.445178971458909611e+00,-1.444667643006484425e+00,-1.444299702086317083e+00,-1.444078232643021265e+00,-1.444004323376842258e+00,-1.000000000000000000e+00,-1.000000000000000000e+00,-1.000000000000000000e+00,-1.000000000000000000e+00,-1.000000000000000000e+00,-1.000000000000000000e+00,-1.000000000000000000e+00,-1.000000000000000000e+00,-1.000000000000000000e+00,-1.000000000000000000e+00,-1.000000000000000000e+00,-1.000000000000000000e+00,-1.000000000000000000e+00,-1.000000000000000000e+00,-1.000000000000000000e+00,-1.000000000000000000e+00,-1.000000000000000000e+00,-1.000000000000000000e+00,-1.000000000000000000e+00,-1.000000000000000000e+00,-1.000000000000000000e+00,-1.000000000000000000e+00,-1.000000000000000000e+00,-1.000000000000000000e+00,-1.000000000000000000e+00,-1.000000000000000000e+00,-1.000000000000000000e+00,-1.000000000000000000e+00,-1.000000000000000000e+00,-1.000000000000000000e+00,-1.000000000000000000e+00,-1.000000000000000000e+00,-1.000000000000000000e+00,-1.000000000000000000e+00,-1.000000000000000000e+00,-1.000000000000000000e+00,-1.000000000000000000e+00,-1.000000000000000000e+00,-1.000000000000000000e+00,-1.000000000000000000e+00,-1.000000000000000000e+00,-1.000000000000000000e+00,-1.000000000000000000e+00,-1.000000000000000000e+00,-1.000000000000000000e+00,-1.000000000000000000e+00
-1.000000000000000000e+00,-1.000000000000000000e+00,-1.000000000000000000e+00,-1.000000000000000000e+00,-1.000000000000000000e+00,-1.000000000000000000e+00,-1.000000000000000000e+00,-1.000000000000000000e+00,-1.000000000000000000e+00,-1.000000000000000000e+00,-1.000000000000000000e+00,-1.000000000000000000e+00,-1.000000000000000000e+00,-1.000000000000000000e+00,-1.000000000000000000e+00,-1.000000000000000000e+00,-1.000000000000000000e+00,-1.000000000000000000e+00,-1.000000000000000000e+00,-1.000000000000000000e+00,-1.000000000000000000e+00,-1.000000000000000000e+00,-1.000000000000000000e+00,-1.000000000000000000e+00,-1.000000000000000000e+00,-1.000000000000000000e+00,-1.000000000000000000e+00,-1.000000000000000000e+00,-1.000000000000000000e+00,-1.000000000000000000e+00,-1.000000000000000000e+00,-1.000000000000000000e+00,-1.000000000000000000e+00,-1.000000000000000000e+00,-1.000000000000000000e+00,-1.000000000000000000e+00,-1.000000000000000000e+00,-1.000000000000000000e+00,-1.000000000000000000e+00,-1.000000000000000000e+00,-1.000000000000000000e+00,-1.000000000000000000e+00,-1.000000000000000000e+00,-1.000000000000000000e+00,-1.000000000000000000e+00,-1.000000000000000000e+00,-1.443422051924474259e+00,-1.443496867166575104e+00,-1.443721012043607921e+00,-1.444093272629430658e+00,-1.444610355000520485e+00,-1.445264074785150177e+00,-1.446035144960648111e+00,-1.446880067087593424e+00,-1.447704599042959561e+00,-1.448312277012491878e+00,-1.448308909242111087e+00,-1.446933697799616780e+00,-1.442775931357011876e+00,-1.433327140288128687e+00,-1.414321305749576485e+00,-1.378846792846877056e+00,-1.316299441299483952e+00,-1.211422348541282945e+00,-1.043981612629514277e+00,-7.900731153487978720e-01,-4.265800345767268853e-01,5.933622658538140193e-02,6.542146034438893754e-01,1.296712654436245060e+00,1.859487601335081397e+00,2.168168616950454819e+00,2.168168617156568168e+00,1.859487601884955321e+00,1.296712655172881146e+00,6.542146042275729378e-01,5.933622730572229997e-02,-4.265800340142352765e-01,-7.900731150229067801e-01,-1.043981612582942198e+00,-1.211422348771767910e+00,-1.316299441702764250e+00,-1.378846793232612056e+00,-1.414321306027742642e+00,-1.433327140467308025e+00,-1.442775931344597140e+00,-1.446933697514622308e+00,-1.448308908698742625e+00,-1.448312276335797399e+00,-1.447704598480892502e+00,-1.446880066809649534e+00,-1.446035145074119788e+00,-1.445264075334195208e+00,-1.444610355833295667e+00,-1.444093273693314305e+00,-1.443721013290370392e+00,-1.443496868304734893e+00,-1.443422053207048306e+00,-1.000000000000000000e+00,-1.000000000000000000e+00,-1.000000000000000000e+00,-1.000000000000000000e+00,-1.000000000000000000e+00,-1.000000000000000000e+00,-1.000000000000000000e+00,-1.000000000000000000e+00,-1.000000000000000000e+00,-1.000000000000000000e+00,-1.000000000000000000e+00,-1.000000000000000000e+00,-1.000000000000000000e+00,-1.000000000000000000e+00,-1.000000000000000000e+00,-1.000000000000000000e+00,-1.000000000000000000e+00,-1.000000000000000000e+00,-1.000000000000000000e+00,-1.000000000000000000e+00,-1.000000000000000000e+00,-1.000000000000000000e+00,-1.000000000000000000e+00,-1.000000000000000000e+00,-1.000000000000000000e+00,-1.000000000000000000e+00,-1.000000000000000000e+00,-1.000000000000000000e+00,-1.000000000000000000e+00,-1.000000000000000000e+00,-1.000000000000000000e+00,-1.000000000000000000e+00,-1.000000000000000000e+00,-1.000000000000000000e+00,-1.000000000000000000e+00,-1.000000000000000000e+00,-1.000000000000000000e+00,-1.000000000000000000e+00,-1.000000000000000000e+00,-1.000000000000000000e+00,-1.000000000000000000e+00,-1.000000000000000000e+00,-1.000000000000000000e+00,-1.000000000000000000e+00,-1.000000000000000000e+00,-1.000000000000000000e+00
-1.000000000000000000e+00,-1.000000000000000000e+00,-1.000000000000000000e+00,-1.000000000000000000e+00,-1.000000000000000000e+00,-1.000000000000000000e+00,-1.000000000000000000e+00,-1.000000000000000000e+00,-1.000000000000000000e+00,-1.000000000000000000e+00,-1.000000000000000000e+00,-1.000000000000000000e+00,-1.000000000000000000e+00,-1.000000000000000000e+00,-1.000000000000000000e+00,-1.000000000000000000e+00,-1.000000000000000000e+00,-1.000000000000000000e+00,-1.000000000000000000e+00,-1.000000000000000000e+00,-1.000000000000000000e+00,-1.000000000000000000e+00,-1.000000000000000000e+00,-1.000000000000000000e+00,-1.000000000000000000e+00,-1.000000000000000000e+00,-1.000000000000000000e+00,-1.000000000000000000e+00,-1.000000000000000000e+00,-1.000000000000000000e+00,-1.000000000000000000e+00,-1.000000000000000000e+00,-1.000000000000000000e+00,-1.000000000000000000e+00,-1.000000000000000000e+00,-1.000000000000000000e+00,-1.000000000000000000e+00,-1.000000000000000000e+00,-1.000000000000000000e+00,-1.000000000000000000e+00,-1.000000000000000000e+00,-1.000000000000000000e+00,-1.000000000000000000e+00,-1.000000000000000000e+00,-1.000000000000000000e+00,-1.000000000000000000e+00,-1.442827630240139936e+00,-1.442902990657190188e+00,-1.443128743901717748e+00,-1.443503594461793771e+00,-1.444024112870741172e+00,-1.444681926325666277e+00,-1.445457508534707891e+00,-1.446307073571827528e+00,-1.447136044325289417e+00,-1.447747569000334966e+00,-1.447746994045059576e+00,-1.446372936077715998e+00,-1.442213876817561191e+00,-1.432760149753935730e+00,-1.413743891569609001e+00,-1.378250626365614018e+00,-1.315671957133941916e+00,-1.210745021361775642e+00,-1.043228227452726253e+00,-7.892087671431110563e-01,-4.255621566232348219e-01,6.055294503745356494e-02,6.556673964759820450e-01,1.298413024801162052e+00,1.861399832474790461e+00,2.170197812307562035e+00,2.170197812602547849e+00,1.861399833268238435e+00,1.298413025861176351e+00,6.556673975653191100e-01,6.055294595472449082e-02,-4.255621560217405230e-01,-7.892087669252600968e-01,-1.043228227625026650e+00,-1.210745021869366944e+00,-1.315671957817876825e+00,-1.378250626990503935e+00,-1.413743892003521019e+00,-1.432760149973413499e+00,-1.442213876756664348e+00,-1.446372935695695805e+00,-1.447746993342371225e+00,-1.447747568101274362e+00,-1.447136043487886381e+00,-1.446307073014388989e+00,-1.445457508436076788e+00,-1.444681926768999203e+00,-1.444024113771058992e+00,-1.443503595722139599e+00,-1.443128745421864201e+00,-1.442902992094557746e+00,-1.442827631780642772e+00,-1.000000000000000000e+00,-1.000000000000000000e+00,-1.000000000000000000e+00,-1.000000000000000000e+00,-1.000000000000000000e+00,-1.000000000000000000e+00,-1.000000000000000000e+00,-1.000000000000000000e+00,-1.000000000000000000e+00,-1.000000000000000000e+00,-1.000000000000000000e+00,-1.000000000000000000e+00,-1.000000000000000000e+00,-1.000000000000000000e+00,-1.000000000000000000e+00,-1.000000000000000000e+00,-1.000000000000000000e+00,-1.000000000000000000e+00,-1.000000000000000000e+00,-1.000000000000000000e+00,-1.000000000000000000e+00,-1.000000000000000000e+00,-1.000000000000000000e+00,-1.000000000000000000e+00,-1.000000000000000000e+00,-1.000000000000000000e+00,-1.000000000000000000e+00,-1.000000000000000000e+00,-1.000000000000000000e+00,-1.000000000000000000e+00,-1.000000000000000000e+00,-1.000000000000000000e+00,-1.000000000000000000e+00,-1.000000000000000000e+00,-1.000000000000000000e+00,-1.000000000000000000e+00,-1.000000000000000000e+00,-1.000000000000000000e+00,-1.000000000000000000e+00,-1.000000000000000000e+00,-1.000000000000000000e+00,-1.000000000000000000e+00,-1.000000000000000000e+00,-1.000000000000000000e+00,-1.000000000000000000e+00,-1.000000000000000000e+00
-1.000000000000000000e+00,-1.000000000000000000e+00,-1.000000000000000000e+00,-1.000000000000000000e+00,-1.000000000000000000e+00,-1.000000000000000000e+00,-1.000000000000000000e+00,-1.000000000000000000e+00,-1.000000000000000000e+00,-1.000000000000000000e+00,-1.000000000000000000e+00,-1.000000000000000000e+00,-1.000000000000000000e+00,-1.000000000000000000e+00,-1.000000000000000000e+00,-1.000000000000000000e+00,-1.000000000000000000e+00,-1.000000000000000000e+00,-1.000000000000000000e+00,-1.000000000000000000e+00,-1.000000000000000000e+00,-1.000000000000000000e+00,-1.000000000000000000e+00,-1.000000000000000000e+00,-1.000000000000000000e+00,-1.000000000000000000e+00,-1.000000000000000000e+00,-1.000000000000000000e+00,-1.000000000000000000e+00,-1.000000000000000000e+00,-1.000000000000000000e+00,-1.000000000000000000e+00,-1.000000000000000000e+00,-1.000000000000000000e+00,-1.000000000000000000e+00,-1.000000000000000000e+00,-1.000000000000000000e+00,-1.000000000000000000e+00,-1.000000000000000000e+00,-1.000000000000000000e+00,-1.000000000000000000e+00,-1.000000000000000000e+00,-1.000000000000000000e+00,-1.000000000000000000e+00,-1.000000000000000000e+00,-1.000000000000000000e+00,-1.442228626409895575e+00,-1.442304302748655509e+00,-1.442530986629516399e+00,-1.442907330449367143e+00,-1.443429818433020762e+00,-1.444089958092967141e+00,-1.444868070994891784e+00,-1.445720186942159424e+00,-1.446551509323794615e+00,-1.447164920755946715e+00,-1.447165428880975879e+00,-1.445791181965415673e+00,-1.441629960890055129e+00,-1.432170995324332452e+00,-1.413144659661281111e+00,-1.377633715749910337e+00,-1.315025616814705867e+00,-1.210051647329549951e+00,-1.042462656733334381e+00,-7.883372840646626356e-01,-4.245434735232989087e-01,6.176292374721659151e-02,6.571050649900134211e-01,1.300089905553264646e+00,1.863281647287547749e+00,2.172192789673812907e+00,2.172192789991935324e+00,1.863281648140107549e+00,1.300089906679422036e+00,6.571050661067194820e-01,6.176292462374144421e-02,-4.245434730267866330e-01,-7.883372839996835024e-01,-1.042462657078238708e+00,-1.210051647983992007e+00,-1.315025617591166318e+00,-1.377633716419027987e+00,-1.413144660104899586e+00,-1.432170995518762702e+00,-1.441629960784643227e+00,-1.445791181544215709e+00,-1.447165428160925194e+00,-1.447164919846928521e+00,-1.446551508429713362e+00,-1.445720186268530494e+00,-1.444868070735063403e+00,-1.444089958367864135e+00,-1.443429819257568525e+00,-1.442907331732774301e+00,-1.442530988265517733e+00,-1.442304304346167187e+00,-1.442228628012669933e+00,-1.000000000000000000e+00,-1.000000000000000000e+00,-1.000000000000000000e+00,-1.000000000000000000e+00,-1.000000000000000000e+00,-1.000000000000000000e+00,-1.000000000000000000e+00,-1.000000000000000000e+00,-1.000000000000000000e+00,-1.000000000000000000e+00,-1.000000000000000000e+00,-1.000000000000000000e+00,-1.000000000000000000e+00,-1.000000000000000000e+00,-1.000000000000000000e+00,-1.000000000000000000e+00,-1.000000000000000000e+00,-1.000000000000000000e+00,-1.000000000000000000e+00,-1.000000000000000000e+00,-1.000000000000000000e+00,-1.000000000000000000e+00,-1.000000000000000000e+00,-1.000000000000000000e+00,-1.000000000000000000e+00,-1.000000000000000000e+00,-1.000000000000000000e+00,-1.000000000000000000e+00,-1.000000000000000000e+00,-1.000000000000000000e+00,-1.000000000000000000e+00,-1.000000000000000000e+00,-1.000000000000000000e+00,-1.000000000000000000e+00,-1.000000000000000000e+00,-1.000000000000000000e+00,-1.000000000000000000e+00,-1.000000000000000000e+00,-1.000000000000000000e+00,-1.000000000000000000e+00,-1.000000000000000000e+00,-1.000000000000000000e+00,-1.000000000000000000e+00,-1.000000000000000000e+00,-1.000000000000000000e+00,-1.000000000000000000e+00
-1.000000000000000000e+00,-1.000000000000000000e+00,-1.000000000000000000e+00,-1.000000000000000000e+00,-1.000000000000000000e+00,-1.000000000000000000e+00,-1.000000000000000000e+00,-1.000000000000000000e+00,-1.000000000000000000e+00,-1.000000000000000000e+00,-1.000000000000000000e+00,-1.000000000000000000e+00,-1.000000000000000000e+00,-1.000000000000000000e+00,-1.000000000000000000e+00,-1.000000000000000000e+00,-1.000000000000000000e+00,-1.000000000000000000e+00,-1.000000000000000000e+00,-1.000000000000000000e+00,-1.000000000000000000e+00,-1.000000000000000000e+00,-1.000000000000000000e+00,-1.000000000000000000e+00,-1.000000000000000000e+00,-1.000000000000000000e+00,-1.000000000000000000e+00,-1.000000000000000000e+00,-1.000000000000000000e+00,-1.000000000000000000e+00,-1.000000000000000000e+00,-1.000000000000000000e+00,-1.000000000000000000e+00,-1.000000000000000000e+00,-1.000000000000000000e+00,-1.000000000000000000e+00,-1.000000000000000000e+00,-1.000000000000000000e+00,-1.000000000000000000e+00,-1.000000000000000000e+00,-1.000000000000000000e+00,-1.000000000000000000e+00,-1.000000000000000000e+00,-1.000000000000000000e+00,-1.000000000000000000e+00,-1.000000000000000000e+00,-1.441630576741731673e+00,-1.441706425009171566e+00,-1.441933614068834579e+00,-1.442310763702745691e+00,-1.442834304177030180e+00,-1.443495668182442460e+00,-1.444275081517666592e+00,-1.445128455909722387e+00,-1.445960848832268830e+00,-1.446574955017865705e+00,-1.446575521645464768e+00,-1.445200304492781695e+00,-1.441036455331493160e+00,-1.431572168474142703e+00,-1.412536125725116554e+00,-1.377008406234656368e+00,-1.314372414263575095e+00,-1.209353713616125425e+00,-1.041695760130861403e+00,-7.874688188518030874e-01,-4.235333973118209361e-01,6.295747720380573398e-02,6.585195869875251073e-01,1.301735827104842258e+00,1.865125973518910296e+00,2.174146684980358568e+00,2.174146685244410016e+00,1.865125974219527194e+00,1.301735828009641160e+00,6.585195878468903530e-01,6.295747782057459219e-02,-4.235333970452956898e-01,-7.874688189580709707e-01,-1.041695760567646456e+00,-1.209353714267896063e+00,-1.314372414953535628e+00,-1.377008406775825033e+00,-1.412536126052002849e+00,-1.431572168595067307e+00,-1.441036455210883416e+00,-1.445200304109659495e+00,-1.446575521026270295e+00,-1.446574954267115354e+00,-1.445960848076338845e+00,-1.445128455298816395e+00,-1.444275081203406641e+00,-1.443495668296814971e+00,-1.442834304822097291e+00,-1.442310764832591685e+00,-1.441933615634331423e+00,-1.441706426609979497e+00,-1.441630578260023166e+00,-1.000000000000000000e+00,-1.000000000000000000e+00,-1.000000000000000000e+00,-1.000000000000000000e+00,-1.000000000000000000e+00,-1.000000000000000000e+00,-1.000000000000000000e+00,-1.000000000000000000e+00,-1.000000000000000000e+00,-1.000000000000000000e+00,-1.000000000000000000e+00,-1.000000000000000000e+00,-1.000000000000000000e+00,-1.000000000000000000e+00,-1.000000000000000000e+00,-1.000000000000000000e+00,-1.000000000000000000e+00,-1.000000000000000000e+00,-1.000000000000000000e+00,-1.000000000000000000e+00,-1.000000000000000000e+00,-1.000000000000000000e+00,-1.000000000000000000e+00,-1.000000000000000000e+00,-1.000000000000000000e+00,-1.000000000000000000e+00,-1.000000000000000000e+00,-1.000000000000000000e+00,-1.000000000000000000e+00,-1.000000000000000000e+00,-1.000000000000000000e+00,-1.000000000000000000e+00,-1.000000000000000000e+00,-1.000000000000000000e+00,-1.000000000000000000e+00,-1.000000000000000000e+00,-1.000000000000000000e+00,-1.000000000000000000e+00,-1.000000000000000000e+00,-1.000000000000000000e+00,-1.000000000000000000e+00,-1.000000000000000000e+00,-1.000000000000000000e+00,-1.000000000000000000e+00,-1.000000000000000000e+00,-1.000000000000000000e+00
-1.000000000000000000e+00,-1.000000000000000000e+00,-1.000000000000000000e+00,-1.000000000000000000e+00,-1.000000000000000000e+00,-1.000000000000000000e+00,-1.000000000000000000e+00,-1.000000000000000000e+00,-1.000000000000000000e+00,-1.000000000000000000e+00,-1.000000000000000000e+00,-1.000000000000000000e+00,-1.000000000000000000e+00,-1.000000000000000000e+00,-1.000000000000000000e+00,-1.000000000000000000e+00,-1.000000000000000000e+00,-1.000000000000000000e+00,-1.000000000000000000e+00,-1.000000000000000000e+00,-1.000000000000000000e+00,-1.000000000000000000e+00,-1.000000000000000000e+00,-1.000000000000000000e+00,-1.000000000000000000e+00,-1.000000000000000000e+00,-1.000000000000000000e+00,-1.000000000000000000e+00,-1.000000000000000000e+00,-1.000000000000000000e+00,-1.000000000000000000e+00,-1.000000000000000000e+00,-1.000000000000000000e+00,-1.000000000000000000e+00,-1.000000000000000000e+00,-1.000000000000000000e+00,-1.000000000000000000e+00,-1.000000000000000000e+00,-1.000000000000000000e+00,-1.000000000000000000e+00,-1.000000000000000000e+00,-1.000000000000000000e+00,-1.000000000000000000e+00,-1.000000000000000000e+00,-1.000000000000000000e+00,-1.000000000000000000e+00,-1.441037539653833521e+00,-1.441113470811607122e+00,-1.441340902047927752e+00,-1.441718433273168953e+00,-1.442242461840230305e+00,-1.442904374600919803e+00,-1.443684337763729397e+00,-1.444538187160291143e+00,-1.445370881046903033e+00,-1.445984975610830503e+00,-1.445985007842909731e+00,-1.444608391194027286e+00,-1.440441698629397305e+00,-1.430972142265619418e+00,-1.411926773219821740e+00,-1.376383067776984381e+00,-1.313720490195768864e+00,-1.208659031123209715e+00,-1.040934939055439434e+00,-7.866103089979866736e-01,-4.225383756098938237e-01,6.413064271722945797e-02,6.599054469168057491e-01,1.303345649491419067e+00,1.866927943297110648e+00,2.176054773745975446e+00,2.176054773889390503e+00,1.866927943667333611e+00,1.303345649941497264e+00,6.599054472949141825e-01,6.413064291404224626e-02,-4.225383756511162936e-01,-7.866103092677517727e-01,-1.040934939495734124e+00,-1.208659031644004678e+00,-1.313720490670635899e+00,-1.376383068080030636e+00,-1.411926773348281428e+00,-1.430972142277008308e+00,-1.440441698519275171e+00,-1.444608390929625896e+00,-1.445985007430827363e+00,-1.445984975129009698e+00,-1.445370880561511084e+00,-1.444538186762298837e+00,-1.443684337522282313e+00,-1.442904374622181018e+00,-1.442242462275148851e+00,-1.441718434135661919e+00,-1.441340903380586624e+00,-1.441113472255845407e+00,-1.441037540982012644e+00,-1.000000000000000000e+00,-1.000000000000000000e+00,-1.000000000000000000e+00,-1.000000000000000000e+00,-1.000000000000000000e+00,-1.000000000000000000e+00,-1.000000000000000000e+00,-1.000000000000000000e+00,-1.000000000000000000e+00,-1.000000000000000000e+00,-1.000000000000000000e+00,-1.000000000000000000e+00,-1.000000000000000000e+00,-1.000000000000000000e+00,-1.000000000000000000e+00,-1.000000000000000000e+00,-1.000000000000000000e+00,-1.000000000000000000e+00,-1.000000000000000000e+00,-1.000000000000000000e+00,-1.000000000000000000e+00,-1.000000000000000000e+00,-1.000000000000000000e+00,-1.000000000000000000e+00,-1.000000000000000000e+00,-1.000000000000000000e+00,-1.000000000000000000e+00,-1.000000000000000000e+00,-1.000000000000000000e+00,-1.000000000000000000e+00,-1.000000000000000000e+00,-1.000000000000000000e+00,-1.000000000000000000e+00,-1.000000000000000000e+00,-1.000000000000000000e+00,-1.000000000000000000e+00,-1.000000000000000000e+00,-1.000000000000000000e+00,-1.000000000000000000e+00,-1.000000000000000000e+00,-1.000000000000000000e+00,-1.000000000000000000e+00,-1.000000000000000000e+00,-1.000000000000000000e+00,-1.000000000000000000e+00,-1.000000000000000000e+00
-1.000000000000000000e+00,-1.000000000000000000e+00,-1.000000000000000000e+00,-1.000000000000000000e+00,-1.000000000000000000e+00,-1.000000000000000000e+00,-1.000000000000000000e+00,-1.000000000000000000e+00,-1.000000000000000000e+00,-1.000000000000000000e+00,-1.000000000000000000e+00,-1.000000000000000000e+00,-1.000000000000000000e+00,-1.000000000000000000e+00,-1.000000000000000000e+00,-1.000000000000000000e+00,-1.000000000000000000e+00,-1.000000000000000000e+00,-1.000000000000000000e+00,-1.000000000000000000e+00,-1.000000000000000000e+00,-1.000000000000000000e+00,-1.000000000000000000e+00,-1.000000000000000000e+00,-1.000000000000000000e+00,-1.000000000000000000e+00,-1.000000000000000000e+00,-1.000000000000000000e+00,-1.000000000000000000e+00,-1.000000000000000000e+00,-1.000000000000000000e+00,-1.000000000000000000e+00,-1.000000000000000000e+00,-1.000000000000000000e+00,-1.000000000000000000e+00,-1.000000000000000000e+00,-1.000000000000000000e+00,-1.000000000000000000e+00,-1.000000000000000000e+00,-1.000000000000000000e+00,-1.000000000000000000e+00,-1.000000000000000000e+00,-1.000000000000000000e+00,-1.000000000000000000e+00,-1.000000000000000000e+00,-1.000000000000000000e+00,-1.440452503098931913e+00,-1.440528463277929161e+00,-1.440755977644287977e+00,-1.441133634495112892e+00,-1.441657811814300416e+00,-1.442319869120762155e+00,-1.443099936020929785e+00,-1.443953799125761162e+00,-1.444786346985201142e+00,-1.445400028646360413e+00,-1.445399203598340065e+00,-1.444020977030274100e+00,-1.439851380055508168e+00,-1.430376686254697161e+00,-1.411322373039024081e+00,-1.375763393594388040e+00,-1.313075385782601856e+00,-1.207972923485954198e+00,-1.040185246533097407e+00,-7.857664990805830474e-01,-4.215628243411223552e-01,6.527833314704656331e-02,6.612588640732670608e-01,1.304915851901844004e+00,1.868684225492292850e+00,2.177913825475687570e+00,2.177913825463332564e+00,1.868684225439148250e+00,1.304915851778208680e+00,6.612588638571481603e-01,6.527833284257700264e-02,-4.215628247106955051e-01,-7.857664994732951325e-01,-1.040185246905912297e+00,-1.207972923799724319e+00,-1.313075385978731191e+00,-1.375763393616611818e+00,-1.411322372945644110e+00,-1.430376686151717980e+00,-1.439851379977232337e+00,-1.444020976938020340e+00,-1.445399203464830418e+00,-1.445400028499121969e+00,-1.444786346835281732e+00,-1.443953799023364848e+00,-1.443099935951380530e+00,-1.442319869144734312e+00,-1.441657812086468482e+00,-1.441133635075195540e+00,-1.440755978655221092e+00,-1.440528464441822365e+00,-1.440452504170209425e+00,-1.000000000000000000e+00,-1.000000000000000000e+00,-1.000000000000000000e+00,-1.000000000000000000e+00,-1.000000000000000000e+00,-1.000000000000000000e+00,-1.000000000000000000e+00,-1.000000000000000000e+00,-1.000000000000000000e+00,-1.000000000000000000e+00,-1.000000000000000000e+00,-1.000000000000000000e+00,-1.000000000000000000e+00,-1.000000000000000000e+00,-1.000000000000000000e+00,-1.000000000000000000e+00,-1.000000000000000000e+00,-1.000000000000000000e+00,-1.000000000000000000e+00,-1.000000000000000000e+00,-1.000000000000000000e+00,-1.000000000000000000e+00,-1.000000000000000000e+00,-1.000000000000000000e+00,-1.000000000000000000e+00,-1.000000000000000000e+00,-1.000000000000000000e+00,-1.000000000000000000e+00,-1.000000000000000000e+00,-1.000000000000000000e+00,-1.000000000000000000e+00,-1.000000000000000000e+00,-1.000000000000000000e+00,-1.000000000000000000e+00,-1.000000000000000000e+00,-1.000000000000000000e+00,-1.000000000000000000e+00,-1.000000000000000000e+00,-1.000000000000000000e+00,-1.000000000000000000e+00,-1.000000000000000000e+00,-1.000000000000000000e+00,-1.000000000000000000e+00,-1.000000000000000000e+00,-1.000000000000000000e+00,-1.000000000000000000e+00
-1.000000000000000000e+00,-1.000000000000000000e+00,-1.000000000000000000e+00,-1.000000000000000000e+00,-1.000000000000000000e+00,-1.000000000000000000e+00,-1.000000000000000000e+00,-1.000000000000000000e+00,-1.000000000000000000e+00,-1.000000000000000000e+00,-1.000000000000000000e+00,-1.000000000000000000e+00,-1.000000000000000000e+00,-1.000000000000000000e+00,-1.000000000000000000e+00,-1.000000000000000000e+00,-1.000000000000000000e+00,-1.000000000000000000e+00,-1.000000000000000000e+00,-1.000000000000000000e+00,-1.000000000000000000e+00,-1.000000000000000000e+00,-1.000000000000000000e+00,-1.000000000000000000e+00,-1.000000000000000000e+00,-1.000000000000000000e+00,-1.000000000000000000e+00,-1.000000000000000000e+00,-1.000000000000000000e+00,-1.000000000000000000e+00,-1.000000000000000000e+00,-1.000000000000000000e+00,-1.000000000000000000e+00,-1.000000000000000000e+00,-1.000000000000000000e+00,-1.000000000000000000e+00,-1.000000000000000000e+00,-1.000000000000000000e+00,-1.000000000000000000e+00,-1.000000000000000000e+00,-1.000000000000000000e+00,-1.000000000000000000e+00,-1.000000000000000000e+00,-1.000000000000000000e+00,-1.000000000000000000e+00,-1.000000000000000000e+00,-1.439877681723501057e+00,-1.439953639372421712e+00,-1.440181143853828116e+00,-1.440558777129764989e+00,-1.441082906409058229e+00,-1.441744875528766512e+00,-1.442524791922451088e+00,-1.443378409698733433e+00,-1.444210566289280351e+00,-1.444823623721500416e+00,-1.444821785605481024e+00,-1.443441872871183529e+00,-1.439269403448030893e+00,-1.429789750123607206e+00,-1.410726870420809576e+00,-1.375153273917498087e+00,-1.312440888201414468e+00,-1.207299031815113333e+00,-1.039450141771266933e+00,-7.849406395868115949e-01,-4.206097693840655793e-01,6.639774995867187002e-02,6.625772543289021321e-01,1.306444033865813648e+00,1.870392554655741169e+00,2.179721646884301034e+00,2.179721646707413196e+00,1.870392554165779320e+00,1.306444033171295427e+00,6.625772535449241385e-01,6.639774919447427592e-02,-4.206097700354454183e-01,-7.849406400587644050e-01,-1.039450142049508585e+00,-1.207299031912702381e+00,-1.312440888116345850e+00,-1.375153273669716514e+00,-1.410726870132589905e+00,-1.429789749937368626e+00,-1.439269403424076499e+00,-1.443441872967330841e+00,-1.444821785767221201e+00,-1.444823623924706757e+00,-1.444210566486514802e+00,-1.443378409902269732e+00,-1.442524792067397810e+00,-1.441744875642445800e+00,-1.441082906615357651e+00,-1.440558777505300148e+00,-1.440181144556049508e+00,-1.439953640209181929e+00,-1.439877682513803991e+00,-1.000000000000000000e+00,-1.000000000000000000e+00,-1.000000000000000000e+00,-1.000000000000000000e+00,-1.000000000000000000e+00,-1.000000000000000000e+00,-1.000000000000000000e+00,-1.000000000000000000e+00,-1.000000000000000000e+00,-1.000000000000000000e+00,-1.000000000000000000e+00,-1.000000000000000000e+00,-1.000000000000000000e+00,-1.000000000000000000e+00,-1.000000000000000000e+00,-1.000000000000000000e+00,-1.000000000000000000e+00,-1.000000000000000000e+00,-1.000000000000000000e+00,-1.000000000000000000e+00,-1.000000000000000000e+00,-1.000000000000000000e+00,-1.000000000000000000e+00,-1.000000000000000000e+00,-1.000000000000000000e+00,-1.000000000000000000e+00,-1.000000000000000000e+00,-1.000000000000000000e+00,-1.000000000000000000e+00,-1.000000000000000000e+00,-1.000000000000000000e+00,-1.000000000000000000e+00,-1.000000000000000000e+00,-1.000000000000000000e+00,-1.000000000000000000e+00,-1.000000000000000000e+00,-1.000000000000000000e+00,-1.000000000000000000e+00,-1.000000000000000000e+00,-1.000000000000000000e+00,-1.000000000000000000e+00,-1.000000000000000000e+00,-1.000000000000000000e+00,-1.000000000000000000e+00,-1.000000000000000000e+00,-1.000000000000000000e+00
-1.000000000000000000e+00,-1.000000000000000000e+00,-1.000000000000000000e+00,-1.000000000000000000e+00,-1.000000000000000000e+00,-1.000000000000000000e+00,-1.000000000000000000e+00,-1.000000000000000000e+00,-1.000000000000000000e+00,-1.000000000000000000e+00,-1.000000000000000000e+00,-1.000000000000000000e+00,-1.000000000000000000e+00,-1.000000000000000000e+00,-1.000000000000000000e+00,-1.000000000000000000e+00,-1.000000000000000000e+00,-1.000000000000000000e+00,-1.000000000000000000e+00,-1.000000000000000000e+00,-1.000000000000000000e+00,-1.000000000000000000e+00,-1.000000000000000000e+00,-1.000000000000000000e+00,-1.000000000000000000e+00,-1.000000000000000000e+00,-1.000000000000000000e+00,-1.000000000000000000e+00,-1.000000000000000000e+00,-1.000000000000000000e+00,-1.000000000000000000e+00,-1.000000000000000000e+00,-1.000000000000000000e+00,-1.000000000000000000e+00,-1.000000000000000000e+00,-1.000000000000000000e+00,-1.000000000000000000e+00,-1.000000000000000000e+00,-1.000000000000000000e+00,-1.000000000000000000e+00,-1.000000000000000000e+00,-1.000000000000000000e+00,-1.000000000000000000e+00,-1.000000000000000000e+00,-1.000000000000000000e+00,-1.000000000000000000e+00,-1.439314732357115822e+00,-1.439390669953464208e+00,-1.439618113090689544e+00,-1.439995640693997769e+00,-1.440519614542214111e+00,-1.441181369994689820e+00,-1.441961001233031503e+00,-1.442814240249101987e+00,-1.443645885050621080e+00,-1.444258223631667448e+00,-1.444255318412776656e+00,-1.442873723817621912e+00,-1.438698468121849761e+00,-1.429214057345605138e+00,-1.410142980854909966e+00,-1.374555383741266290e+00,-1.311819600702534672e+00,-1.206639859038764362e+00,-1.038732002716357794e+00,-7.841349640615797867e-01,-4.196812872275539341e-01,6.748697762126965038e-02,6.638588557708013926e-01,1.307928566321318709e+00,1.872051400047367586e+00,2.181476760214624555e+00,2.181476759899270590e+00,1.872051399197044663e+00,1.307928565174103053e+00,6.638588545652890360e-01,6.748697654193125395e-02,-4.196812880585261141e-01,-7.841349645757156317e-01,-1.038732002914342978e+00,-1.206639858962406331e+00,-1.311819600396301189e+00,-1.374555383292190402e+00,-1.410142980437539606e+00,-1.429214057124858162e+00,-1.438698468169477218e+00,-1.442873724086515264e+00,-1.444255318832284196e+00,-1.444258224141304892e+00,-1.443645885556424258e+00,-1.442814240725937891e+00,-1.441961001590234659e+00,-1.441181370250984140e+00,-1.440519614783537072e+00,-1.439995640995349824e+00,-1.439618113587084913e+00,-1.439390670507529446e+00,-1.439314732891726401e+00,-1.000000000000000000e+00,-1.000000000000000000e+00,-1.000000000000000000e+00,-1.000000000000000000e+00,-1.000000000000000000e+00,-1.000000000000000000e+00,-1.000000000000000000e+00,-1.000000000000000000e+00,-1.000000000000000000e+00,-1.000000000000000000e+00,-1.000000000000000000e+00,-1.000000000000000000e+00,-1.000000000000000000e+00,-1.000000000000000000e+00,-1.000000000000000000e+00,-1.000000000000000000e+00,-1.000000000000000000e+00,-1.000000000000000000e+00,-1.000000000000000000e+00,-1.000000000000000000e+00,-1.000000000000000000e+00,-1.000000000000000000e+00,-1.000000000000000000e+00,-1.000000000000000000e+00,-1.000000000000000000e+00,-1.000000000000000000e+00,-1.000000000000000000e+00,-1.000000000000000000e+00,-1.000000000000000000e+00,-1.000000000000000000e+00,-1.000000000000000000e+00,-1.000000000000000000e+00,-1.000000000000000000e+00,-1.000000000000000000e+00,-1.000000000000000000e+00,-1.000000000000000000e+00,-1.000000000000000000e+00,-1.000000000000000000e+00,-1.000000000000000000e+00,-1.000000000000000000e+00,-1.000000000000000000e+00,-1.000000000000000000e+00,-1.000000000000000000e+00,-1.000000000000000000e+00,-1.000000000000000000e+00,-1.000000000000000000e+00
-1.000000000000000000e+00,-1.000000000000000000e+00,-1.000000000000000000e+00,-1.000000000000000000e+00,-1.000000000000000000e+00,-1.000000000000000000e+00,-1.000000000000000000e+00,-1.000000000000000000e+00,-1.000000000000000000e+00,-1.000000000000000000e+00,-1.000000000000000000e+00,-1.000000000000000000e+00,-1.000000000000000000e+00,-1.000000000000000000e+00,-1.000000000000000000e+00,-1.000000000000000000e+00,-1.000000000000000000e+00,-1.000000000000000000e+00,-1.000000000000000000e+00,-1.000000000000000000e+00,-1.000000000000000000e+00,-1.000000000000000000e+00,-1.000000000000000000e+00,-1.000000000000000000e+00,-1.000000000000000000e+00,-1.000000000000000000e+00,-1.000000000000000000e+00,-1.000000000000000000e+00,-1.000000000000000000e+00,-1.000000000000000000e+00,-1.000000000000000000e+00,-1.000000000000000000e+00,-1.000000000000000000e+00,-1.000000000000000000e+00,-1.000000000000000000e+00,-1.000000000000000000e+00,-1.000000000000000000e+00,-1.000000000000000000e+00,-1.000000000000000000e+00,-1.000000000000000000e+00,-1.000000000000000000e+00,-1.000000000000000000e+00,-1.000000000000000000e+00,-1.000000000000000000e+00,-1.000000000000000000e+00,-1.000000000000000000e+00,-1.438764909528719382e+00,-1.438840818274034650e+00,-1.439068174433572045e+00,-1.439445555884823591e+00,-1.439969322208473512e+00,-1.440630804639954743e+00,-1.441410089529093996e+00,-1.442262893149452108e+00,-1.443093981410838111e+00,-1.443705576778438138e+00,-1.443701610867033969e+00,-1.442318385479988585e+00,-1.438140459572214258e+00,-1.428651504067746547e+00,-1.409572590512399470e+00,-1.373971578225292811e+00,-1.311213326893126530e+00,-1.205997137918848328e+00,-1.038032473987253956e+00,-7.833510145712815342e-01,-4.187788071283364832e-01,6.854470393065792422e-02,6.651024691568954150e-01,1.309368348503931578e+00,1.873659734154303091e+00,2.183178177769186323e+00,2.183178177384245799e+00,1.873659733119854121e+00,1.309368347122732867e+00,6.651024677406054408e-01,6.854470270885237859e-02,-4.187788080224171816e-01,-7.833510150806232142e-01,-1.038032474127185134e+00,-1.205997137744372560e+00,-1.311213326479614860e+00,-1.373971577697932656e+00,-1.409572590061456188e+00,-1.428651503866969374e+00,-1.438140459701672924e+00,-1.442318385888918142e+00,-1.443701611473945601e+00,-1.443705577505613347e+00,-1.443093982147051424e+00,-1.442262893844653782e+00,-1.441410090078377282e+00,-1.440630805059305075e+00,-1.439969322559532250e+00,-1.439445556242941127e+00,-1.439068174871412475e+00,-1.438840818664729015e+00,-1.438764909891129484e+00,-1.000000000000000000e+00,-1.000000000000000000e+00,-1.000000000000000000e+00,-1.000000000000000000e+00,-1.000000000000000000e+00,-1.000000000000000000e+00,-1.000000000000000000e+00,-1.000000000000000000e+00,-1.000000000000000000e+00,-1.000000000000000000e+00,-1.000000000000000000e+00,-1.000000000000000000e+00,-1.000000000000000000e+00,-1.000000000000000000e+00,-1.000000000000000000e+00,-1.000000000000000000e+00,-1.000000000000000000e+00,-1.000000000000000000e+00,-1.000000000000000000e+00,-1.000000000000000000e+00,-1.000000000000000000e+00,-1.000000000000000000e+00,-1.000000000000000000e+00,-1.000000000000000000e+00,-1.000000000000000000e+00,-1.000000000000000000e+00,-1.000000000000000000e+00,-1.000000000000000000e+00,-1.000000000000000000e+00,-1.000000000000000000e+00,-1.000000000000000000e+00,-1.000000000000000000e+00,-1.000000000000000000e+00,-1.000000000000000000e+00,-1.000000000000000000e+00,-1.000000000000000000e+00,-1.000000000000000000e+00,-1.000000000000000000e+00,-1.000000000000000000e+00,-1.000000000000000000e+00,-1.000000000000000000e+00,-1.000000000000000000e+00,-1.000000000000000000e+00,-1.000000000000000000e+00,-1.000000000000000000e+00,-1.000000000000000000e+00
-1.000000000000000000e+00,-1.000000000000000000e+00,-1.000000000000000000e+00,-1.000000000000000000e+00,-1.000000000000000000e+00,-1.000000000000000000e+00,-1.000000000000000000e+00,-1.000000000000000000e+00,-1.000000000000000000e+00,-1.000000000000000000e+00,-1.000000000000000000e+00,-1.000000000000000000e+00,-1.000000000000000000e+00,-1.000000000000000000e+00,-1.000000000000000000e+00,-1.000000000000000000e+00,-1.000000000000000000e+00,-1.000000000000000000e+00,-1.000000000000000000e+00,-1.000000000000000000e+00,-1.000000000000000000e+00,-1.000000000000000000e+00,-1.000000000000000000e+00,-1.000000000000000000e+00,-1.000000000000000000e+00,-1.000000000000000000e+00,-1.000000000000000000e+00,-1.000000000000000000e+00,-1.000000000000000000e+00,-1.000000000000000000e+00,-1.000000000000000000e+00,-1.000000000000000000e+00,-1.000000000000000000e+00,-1.000000000000000000e+00,-1.000000000000000000e+00,-1.000000000000000000e+00,-1.000000000000000000e+00,-1.000000000000000000e+00,-1.000000000000000000e+00,-1.000000000000000000e+00,-1.000000000000000000e+00,-1.000000000000000000e+00,-1.000000000000000000e+00,-1.000000000000000000e+00,-1.000000000000000000e+00,-1.000000000000000000e+00,-1.438229177276546977e+00,-1.438305053716809834e+00,-1.438532313018332065e+00,-1.438909533150753983e+00,-1.439433073376316541e+00,-1.440094263369019689e+00,-1.440873184872331514e+00,-1.441725542309618913e+00,-1.442556074077014472e+00,-1.443166942839314126e+00,-1.443161957138123341e+00,-1.441777177647707076e+00,-1.437596712335832860e+00,-1.428103427215038579e+00,-1.409017025412228064e+00,-1.373403158751243414e+00,-1.310623329790814307e+00,-1.205372079830245413e+00,-1.037352702900999457e+00,-7.825898634187273828e-01,-4.179033179757510874e-01,6.957002755914154513e-02,6.663072784789747516e-01,1.310762639225017789e+00,1.875216871592060741e+00,2.184825244730326244e+00,2.184825244350885320e+00,1.875216870571677852e+00,1.310762637862041835e+00,6.663072770879747697e-01,6.957002637590958827e-02,-4.179033188186044301e-01,-7.825898638787738282e-01,-1.037352703013176392e+00,-1.205372079659021045e+00,-1.310623329410582460e+00,-1.373403158283114101e+00,-1.409017025035526949e+00,-1.428103427097406453e+00,-1.437596712556989509e+00,-1.441777178156366634e+00,-1.443161957852581390e+00,-1.443166943682348435e+00,-1.442556074947258571e+00,-1.441725543150391031e+00,-1.440873185581109883e+00,-1.440094263956960940e+00,-1.439433073883540137e+00,-1.438909533661246520e+00,-1.438532313534337082e+00,-1.438305054091560287e+00,-1.438229177592460939e+00,-1.000000000000000000e+00,-1.000000000000000000e+00,-1.000000000000000000e+00,-1.000000000000000000e+00,-1.000000000000000000e+00,-1.000000000000000000e+00,-1.000000000000000000e+00,-1.000000000000000000e+00,-1.000000000000000000e+00,-1.000000000000000000e+00,-1.000000000000000000e+00,-1.000000000000000000e+00,-1.000000000000000000e+00,-1.000000000000000000e+00,-1.000000000000000000e+00,-1.000000000000000000e+00,-1.000000000000000000e+00,-1.000000000000000000e+00,-1.000000000000000000e+00,-1.000000000000000000e+00,-1.000000000000000000e+00,-1.000000000000000000e+00,-1.000000000000000000e+00,-1.000000000000000000e+00,-1.000000000000000000e+00,-1.000000000000000000e+00,-1.000000000000000000e+00,-1.000000000000000000e+00,-1.000000000000000000e+00,-1.000000000000000000e+00,-1.000000000000000000e+00,-1.000000000000000000e+00,-1.000000000000000000e+00,-1.000000000000000000e+00,-1.000000000000000000e+00,-1.000000000000000000e+00,-1.000000000000000000e+00,-1.000000000000000000e+00,-1.000000000000000000e+00,-1.000000000000000000e+00,-1.000000000000000000e+00,-1.000000000000000000e+00,-1.000000000000000000e+00,-1.000000000000000000e+00,-1.000000000000000000e+00,-1.000000000000000000e+00
-1.000000000000000000e+00,-1.000000000000000000e+00,-1.000000000000000000e+00,-1.000000000000000000e+00,-1.000000000000000000e+00,-1.000000000000000000e+00,-1.000000000000000000e+00,-1.000000000000000000e+00,-1.000000000000000000e+00,-1.000000000000000000e+00,-1.000000000000000000e+00,-1.000000000000000000e+00,-1.000000000000000000e+00,-1.000000000000000000e+00,-1.000000000000000000e+00,-1.000000000000000000e+00,-1.000000000000000000e+00,-1.000000000000000000e+00,-1.000000000000000000e+00,-1.000000000000000000e+00,-1.000000000000000000e+00,-1.000000000000000000e+00,-1.000000000000000000e+00,-1.000000000000000000e+00,-1.000000000000000000e+00,-1.000000000000000000e+00,-1.000000000000000000e+00,-1.000000000000000000e+00,-1.000000000000000000e+00,-1.000000000000000000e+00,-1.000000000000000000e+00,-1.000000000000000000e+00,-1.000000000000000000e+00,-1.000000000000000000e+00,-1.000000000000000000e+00,-1.000000000000000000e+00,-1.000000000000000000e+00,-1.000000000000000000e+00,-1.000000000000000000e+00,-1.000000000000000000e+00,-1.000000000000000000e+00,-1.000000000000000000e+00,-1.000000000000000000e+00,-1.000000000000000000e+00,-1.000000000000000000e+00,-1.000000000000000000e+00,-1.437708289286512287e+00,-1.437784133156136512e+00,-1.438011295049756333e+00,-1.438388353638559769e+00,-1.438911668904763630e+00,-1.439572570418821140e+00,-1.440351137150766458e+00,-1.441203063958813146e+00,-1.442033064621802030e+00,-1.442643246033279647e+00,-1.442637299767271175e+00,-1.441251055381829627e+00,-1.437068186950792192e+00,-1.427570784815212601e+00,-1.408477232429708792e+00,-1.372851051962615809e+00,-1.310050506487149491e+00,-1.204765542940098522e+00,-1.036693499511068151e+00,-7.818522640227593135e-01,-4.170555096379218174e-01,7.056232598344669427e-02,6.674727273087228685e-01,1.312110940208914833e+00,1.876722357472406344e+00,2.186417530162936718e+00,2.186417529846156338e+00,1.876722356622855248e+00,1.312110939081077010e+00,6.674727261688406799e-01,7.056232501982240279e-02,-4.170555103283303255e-01,-7.818522644162927415e-01,-1.036693499646288652e+00,-1.204765542873098338e+00,-1.310050506266417392e+00,-1.372851051673713130e+00,-1.408477232227496101e+00,-1.427570784847625562e+00,-1.437068187273384368e+00,-1.441251055946388693e+00,-1.442637300513730514e+00,-1.442643246901331944e+00,-1.442033065532669855e+00,-1.441203064864055028e+00,-1.440351137973411078e+00,-1.439572571166209514e+00,-1.438911669593144982e+00,-1.438388354353651755e+00,-1.438011295735377004e+00,-1.437784133639055550e+00,-1.437708289682610108e+00,-1.000000000000000000e+00,-1.000000000000000000e+00,-1.000000000000000000e+00,-1.000000000000000000e+00,-1.000000000000000000e+00,-1.000000000000000000e+00,-1.000000000000000000e+00,-1.000000000000000000e+00,-1.000000000000000000e+00,-1.000000000000000000e+00,-1.000000000000000000e+00,-1.000000000000000000e+00,-1.000000000000000000e+00,-1.000000000000000000e+00,-1.000000000000000000e+00,-1.000000000000000000e+00,-1.000000000000000000e+00,-1.000000000000000000e+00,-1.000000000000000000e+00,-1.000000000000000000e+00,-1.000000000000000000e+00,-1.000000000000000000e+00,-1.000000000000000000e+00,-1.000000000000000000e+00,-1.000000000000000000e+00,-1.000000000000000000e+00,-1.000000000000000000e+00,-1.000000000000000000e+00,-1.000000000000000000e+00,-1.000000000000000000e+00,-1.000000000000000000e+00,-1.000000000000000000e+00,-1.000000000000000000e+00,-1.000000000000000000e+00,-1.000000000000000000e+00,-1.000000000000000000e+00,-1.000000000000000000e+00,-1.000000000000000000e+00,-1.000000000000000000e+00,-1.000000000000000000e+00,-1.000000000000000000e+00,-1.000000000000000000e+00,-1.000000000000000000e+00,-1.000000000000000000e+00,-1.000000000000000000e+00,-1.000000000000000000e+00
-1.000000000000000000e+00,-1.000000000000000000e+00,-1.000000000000000000e+00,-1.000000000000000000e+00,-1.000000000000000000e+00,-1.000000000000000000e+00,-1.000000000000000000e+00,-1.000000000000000000e+00,-1.000000000000000000e+00,-1.000000000000000000e+00,-1.000000000000000000e+00,-1.000000000000000000e+00,-1.000000000000000000e+00,-1.000000000000000000e+00,-1.000000000000000000e+00,-1.000000000000000000e+00,-1.000000000000000000e+00,-1.000000000000000000e+00,-1.000000000000000000e+00,-1.000000000000000000e+00,-1.000000000000000000e+00,-1.000000000000000000e+00,-1.000000000000000000e+00,-1.000000000000000000e+00,-1.000000000000000000e+00,-1.000000000000000000e+00,-1.000000000000000000e+00,-1.000000000000000000e+00,-1.000000000000000000e+00,-1.000000000000000000e+00,-1.000000000000000000e+00,-1.000000000000000000e+00,-1.000000000000000000e+00,-1.000000000000000000e+00,-1.000000000000000000e+00,-1.000000000000000000e+00,-1.000000000000000000e+00,-1.000000000000000000e+00,-1.000000000000000000e+00,-1.000000000000000000e+00,-1.000000000000000000e+00,-1.000000000000000000e+00,-1.000000000000000000e+00,-1.000000000000000000e+00,-1.000000000000000000e+00,-1.000000000000000000e+00,-1.437202846179295834e+00,-1.437278659021367755e+00,-1.437505728220785040e+00,-1.437882633450504155e+00,-1.438405735943256936e+00,-1.439066365922275326e+00,-1.439844600550181042e+00,-1.440696126443691716e+00,-1.441525634641745102e+00,-1.442135179259253608e+00,-1.442128340015393473e+00,-1.440740724475088275e+00,-1.436555589158727164e+00,-1.427054277348984934e+00,-1.407953901071210767e+00,-1.372315930295758157e+00,-1.309495505896636658e+00,-1.204178145838149527e+00,-1.036055445082194604e+00,-7.811387535303467855e-01,-4.162358693955446887e-01,7.152116512626438549e-02,6.685984339751758210e-01,1.313412915852331775e+00,1.878175890455915820e+00,2.187954751810608833e+00,2.187954751610215354e+00,1.878175889912477636e+00,1.313412915126413338e+00,6.685984332408072550e-01,7.152116449267609255e-02,-4.162358698845258775e-01,-7.811387538642301509e-01,-1.036055445282584087e+00,-1.204178145939712730e+00,-1.309495505915910352e+00,-1.372315930273896978e+00,-1.407953901121283380e+00,-1.427054277579651975e+00,-1.436555589591235638e+00,-1.440740725068871075e+00,-1.442128340742934833e+00,-1.442135180085703183e+00,-1.441525635519690374e+00,-1.440696127343511046e+00,-1.439844601435562810e+00,-1.439066366798531060e+00,-1.438405736810839608e+00,-1.437882634385053260e+00,-1.437505729113882191e+00,-1.437278659678648651e+00,-1.437202846739147555e+00,-1.000000000000000000e+00,-1.000000000000000000e+00,-1.000000000000000000e+00,-1.000000000000000000e+00,-1.000000000000000000e+00,-1.000000000000000000e+00,-1.000000000000000000e+00,-1.000000000000000000e+00,-1.000000000000000000e+00,-1.000000000000000000e+00,-1.000000000000000000e+00,-1.000000000000000000e+00,-1.000000000000000000e+00,-1.000000000000000000e+00,-1.000000000000000000e+00,-1.000000000000000000e+00,-1.000000000000000000e+00,-1.000000000000000000e+00,-1.000000000000000000e+00,-1.000000000000000000e+00,-1.000000000000000000e+00,-1.000000000000000000e+00,-1.000000000000000000e+00,-1.000000000000000000e+00,-1.000000000000000000e+00,-1.000000000000000000e+00,-1.000000000000000000e+00,-1.000000000000000000e+00,-1.000000000000000000e+00,-1.000000000000000000e+00,-1.000000000000000000e+00,-1.000000000000000000e+00,-1.000000000000000000e+00,-1.000000000000000000e+00,-1.000000000000000000e+00,-1.000000000000000000e+00,-1.000000000000000000e+00,-1.000000000000000000e+00,-1.000000000000000000e+00,-1.000000000000000000e+00,-1.000000000000000000e+00,-1.000000000000000000e+00,-1.000000000000000000e+00,-1.000000000000000000e+00,-1.000000000000000000e+00,-1.000000000000000000e+00
-1.000000000000000000e+00,-1.000000000000000000e+00,-1.000000000000000000e+00,-1.000000000000000000e+00,-1.000000000000000000e+00,-1.000000000000000000e+00,-1.000000000000000000e+00,-1.000000000000000000e+00,-1.000000000000000000e+00,-1.000000000000000000e+00,-1.000000000000000000e+00,-1.000000000000000000e+00,-1.000000000000000000e+00,-1.000000000000000000e+00,-1.000000000000000000e+00,-1.000000000000000000e+00,-1.000000000000000000e+00,-1.000000000000000000e+00,-1.000000000000000000e+00,-1.000000000000000000e+00,-1.000000000000000000e+00,-1.000000000000000000e+00,-1.000000000000000000e+00,-1.000000000000000000e+00,-1.000000000000000000e+00,-1.000000000000000000e+00,-1.000000000000000000e+00,-1.000000000000000000e+00,-1.000000000000000000e+00,-1.000000000000000000e+00,-1.000000000000000000e+00,-1.000000000000000000e+00,-1.000000000000000000e+00,-1.000000000000000000e+00,-1.000000000000000000e+00,-1.000000000000000000e+00,-1.000000000000000000e+00,-1.000000000000000000e+00,-1.000000000000000000e+00,-1.000000000000000000e+00,-1.000000000000000000e+00,-1.000000000000000000e+00,-1.000000000000000000e+00,-1.000000000000000000e+00,-1.000000000000000000e+00,-1.000000000000000000e+00,-1.436713336388563356e+00,-1.436789120679808018e+00,-1.437016104628691338e+00,-1.437392869038364829e+00,-1.437915776597842088e+00,-1.438576158509369485e+00,-1.439354090577252832e+00,-1.440205251930967156e+00,-1.441034312138784301e+00,-1.441643274905781258e+00,-1.441635612621392282e+00,-1.440246719454950641e+00,-1.436059450255605885e+00,-1.426554429435786364e+00,-1.407447545451440352e+00,-1.371798293166207161e+00,-1.308958808124798923e+00,-1.203610344252100672e+00,-1.035438965512403886e+00,-7.804497225000156524e-01,-4.154447476381735171e-01,7.244623765643276592e-02,6.696841335774585957e-01,1.314668338363174094e+00,1.879577270143850676e+00,2.189436724625476671e+00,2.189436724566746317e+00,1.879577269977412701e+00,1.314668338120348778e+00,6.696841332993070939e-01,7.244623736901689703e-02,-4.154447479253291498e-01,-7.804497227832509765e-01,-1.035438965799494015e+00,-1.203610344553959655e+00,-1.308958808423186904e+00,-1.371798293455674722e+00,-1.407447545789692667e+00,-1.426554429879975050e+00,-1.436059450801865589e+00,-1.440246720075861075e+00,-1.441635613311425645e+00,-1.441643275655577927e+00,-1.441034312940271178e+00,-1.440205252780355938e+00,-1.439354091482395015e+00,-1.438576159469278970e+00,-1.437915777612294832e+00,-1.437392870167207182e+00,-1.437016105716236503e+00,-1.436789121511774514e+00,-1.436713337124169598e+00,-1.000000000000000000e+00,-1.000000000000000000e+00,-1.000000000000000000e+00,-1.000000000000000000e+00,-1.000000000000000000e+00,-1.000000000000000000e+00,-1.000000000000000000e+00,-1.000000000000000000e+00,-1.000000000000000000e+00,-1.000000000000000000e+00,-1.000000000000000000e+00,-1.000000000000000000e+00,-1.000000000000000000e+00,-1.000000000000000000e+00,-1.000000000000000000e+00,-1.000000000000000000e+00,-1.000000000000000000e+00,-1.000000000000000000e+00,-1.000000000000000000e+00,-1.000000000000000000e+00,-1.000000000000000000e+00,-1.000000000000000000e+00,-1.000000000000000000e+00,-1.000000000000000000e+00,-1.000000000000000000e+00,-1.000000000000000000e+00,-1.000000000000000000e+00,-1.000000000000000000e+00,-1.000000000000000000e+00,-1.000000000000000000e+00,-1.000000000000000000e+00,-1.000000000000000000e+00,-1.000000000000000000e+00,-1.000000000000000000e+00,-1.000000000000000000e+00,-1.000000000000000000e+00,-1.000000000000000000e+00,-1.000000000000000000e+00,-1.000000000000000000e+00,-1.000000000000000000e+00,-1.000000000000000000e+00,-1.000000000000000000e+00,-1.000000000000000000e+00,-1.000000000000000000e+00,-1.000000000000000000e+00,-1.000000000000000000e+00
-1.000000000000000000e+00,-1.000000000000000000e+00,-1.000000000000000000e+00,-1.000000000000000000e+00,-1.000000000000000000e+00,-1.000000000000000000e+00,-1.000000000000000000e+00,-1.000000000000000000e+00,-1.000000000000000000e+00,-1.000000000000000000e+00,-1.000000000000000000e+00,-1.000000000000000000e+00,-1.000000000000000000e+00,-1.000000000000000000e+00,-1.000000000000000000e+00,-1.000000000000000000e+00,-1.000000000000000000e+00,-1.000000000000000000e+00,-1.000000000000000000e+00,-1.000000000000000000e+00,-1.000000000000000000e+00,-1.000000000000000000e+00,-1.000000000000000000e+00,-1.000000000000000000e+00,-1.000000000000000000e+00,-1.000000000000000000e+00,-1.000000000000000000e+00,-1.000000000000000000e+00,-1.000000000000000000e+00,-1.000000000000000000e+00,-1.000000000000000000e+00,-1.000000000000000000e+00,-1.000000000000000000e+00,-1.000000000000000000e+00,-1.000000000000000000e+00,-1.000000000000000000e+00,-1.000000000000000000e+00,-1.000000000000000000e+00,-1.000000000000000000e+00,-1.000000000000000000e+00,-1.000000000000000000e+00,-1.000000000000000000e+00,-1.000000000000000000e+00,-1.000000000000000000e+00,-1.000000000000000000e+00,-1.000000000000000000e+00,-1.436240165300854299e+00,-1.436315923917301784e+00,-1.436542831252171970e+00,-1.436919469249751113e+00,-1.437442202063282881e+00,-1.438102361956615560e+00,-1.438880023529742536e+00,-1.439730858843547345e+00,-1.440559516910487226e+00,-1.441167953041687433e+00,-1.441159536494046378e+00,-1.439769456322032459e+00,-1.435580181291326474e+00,-1.426071644869062016e+00,-1.406958559503507900e+00,-1.371298521668288251e+00,-1.308440778011997319e+00,-1.203062482864025062e+00,-1.034844380975917577e+00,-7.797854620706285989e-01,-4.146824024213346949e-01,7.333732102497769745e-02,6.707296384691658897e-01,1.315877050392544323e+00,1.880926361322912133e+00,2.190863325870659128e+00,2.190863325929243377e+00,1.880926361482825548e+00,1.315877050588118546e+00,6.707296386070666916e-01,7.333732104652912476e-02,-4.146824025320535734e-01,-7.797854623250746187e-01,-1.034844381376161637e+00,-1.203062483382596914e+00,-1.308440778584204267e+00,-1.371298522248111329e+00,-1.406958560104504263e+00,-1.426071645511003627e+00,-1.435580181953632017e+00,-1.439769456983817308e+00,-1.441159537161709858e+00,-1.441167953724583617e+00,-1.440559517630593422e+00,-1.439730859623221004e+00,-1.438880024423099480e+00,-1.438102362949005730e+00,-1.437442203166203969e+00,-1.436919470507147967e+00,-1.436542832478849618e+00,-1.436315924879691286e+00,-1.436240166162213061e+00,-1.000000000000000000e+00,-1.000000000000000000e+00,-1.000000000000000000e+00,-1.000000000000000000e+00,-1.000000000000000000e+00,-1.000000000000000000e+00,-1.000000000000000000e+00,-1.000000000000000000e+00,-1.000000000000000000e+00,-1.000000000000000000e+00,-1.000000000000000000e+00,-1.000000000000000000e+00,-1.000000000000000000e+00,-1.000000000000000000e+00,-1.000000000000000000e+00,-1.000000000000000000e+00,-1.000000000000000000e+00,-1.000000000000000000e+00,-1.000000000000000000e+00,-1.000000000000000000e+00,-1.000000000000000000e+00,-1.000000000000000000e+00,-1.000000000000000000e+00,-1.000000000000000000e+00,-1.000000000000000000e+00,-1.000000000000000000e+00,-1.000000000000000000e+00,-1.000000000000000000e+00,-1.000000000000000000e+00,-1.000000000000000000e+00,-1.000000000000000000e+00,-1.000000000000000000e+00,-1.000000000000000000e+00,-1.000000000000000000e+00,-1.000000000000000000e+00,-1.000000000000000000e+00,-1.000000000000000000e+00,-1.000000000000000000e+00,-1.000000000000000000e+00,-1.000000000000000000e+00,-1.000000000000000000e+00,-1.000000000000000000e+00,-1.000000000000000000e+00,-1.000000000000000000e+00,-1.000000000000000000e+00,-1.000000000000000000e+00
-1.000000000000000000e+00,-1.000000000000000000e+00,-1.000000000000000000e+00,-1.000000000000000000e+00,-1.000000000000000000e+00,-1.000000000000000000e+00,-1.000000000000000000e+00,-1.000000000000000000e+00,-1.000000000000000000e+00,-1.000000000000000000e+00,-1.000000000000000000e+00,-1.000000000000000000e+00,-1.000000000000000000e+00,-1.000000000000000000e+00,-1.000000000000000000e+00,-1.000000000000000000e+00,-1.000000000000000000e+00,-1.000000000000000000e+00,-1.000000000000000000e+00,-1.000000000000000000e+00,-1.000000000000000000e+00,-1.000000000000000000e+00,-1.000000000000000000e+00,-1.000000000000000000e+00,-1.000000000000000000e+00,-1.000000000000000000e+00,-1.000000000000000000e+00,-1.000000000000000000e+00,-1.000000000000000000e+00,-1.000000000000000000e+00,-1.000000000000000000e+00,-1.000000000000000000e+00,-1.000000000000000000e+00,-1.000000000000000000e+00,-1.000000000000000000e+00,-1.000000000000000000e+00,-1.000000000000000000e+00,-1.000000000000000000e+00,-1.000000000000000000e+00,-1.000000000000000000e+00,-1.000000000000000000e+00,-1.000000000000000000e+00,-1.000000000000000000e+00,-1.000000000000000000e+00,-1.000000000000000000e+00,-1.000000000000000000e+00,-1.435783676051242796e+00,-1.435859411963574361e+00,-1.436086251589614893e+00,-1.436462777956312831e+00,-1.436985356583545537e+00,-1.437645320750118971e+00,-1.438422743841946794e+00,-1.439273291079457007e+00,-1.440101591645223555e+00,-1.440709554280495519e+00,-1.440700449127795935e+00,-1.439309268222277005e+00,-1.435118109659744290e+00,-1.425606243709951038e+00,-1.406487254131757458e+00,-1.370816915388607171e+00,-1.307941701232471665e+00,-1.202534830332149696e+00,-1.034271939524196826e+00,-7.791461958798525655e-01,-4.139490295853205382e-01,7.419424913344618844e-02,6.717348115983037271e-01,1.317038939806074893e+00,1.882223069818019123e+00,2.192234471607911406e+00,2.192234471751948188e+00,1.882223070207284632e+00,1.317038940298588034e+00,6.717348120176742654e-01,7.419424936227292378e-02,-4.139490295946887111e-01,-7.791461961554952964e-01,-1.034271940052939653e+00,-1.202534831039857588e+00,-1.307941702012770824e+00,-1.370816916177572509e+00,-1.406487254929333464e+00,-1.425606244520051913e+00,-1.435118110444706385e+00,-1.439309268951703524e+00,-1.440700449812452488e+00,-1.440709554940402981e+00,-1.440101592311393119e+00,-1.439273291795075016e+00,-1.438422744706099321e+00,-1.437645321728544090e+00,-1.436985357706827227e+00,-1.436462779254991551e+00,-1.436086252874914759e+00,-1.435859412984300532e+00,-1.435783676956069455e+00,-1.000000000000000000e+00,-1.000000000000000000e+00,-1.000000000000000000e+00,-1.000000000000000000e+00,-1.000000000000000000e+00,-1.000000000000000000e+00,-1.000000000000000000e+00,-1.000000000000000000e+00,-1.000000000000000000e+00,-1.000000000000000000e+00,-1.000000000000000000e+00,-1.000000000000000000e+00,-1.000000000000000000e+00,-1.000000000000000000e+00,-1.000000000000000000e+00,-1.000000000000000000e+00,-1.000000000000000000e+00,-1.000000000000000000e+00,-1.000000000000000000e+00,-1.000000000000000000e+00,-1.000000000000000000e+00,-1.000000000000000000e+00,-1.000000000000000000e+00,-1.000000000000000000e+00,-1.000000000000000000e+00,-1.000000000000000000e+00,-1.000000000000000000e+00,-1.000000000000000000e+00,-1.000000000000000000e+00,-1.000000000000000000e+00,-1.000000000000000000e+00,-1.000000000000000000e+00,-1.000000000000000000e+00,-1.000000000000000000e+00,-1.000000000000000000e+00,-1.000000000000000000e+00,-1.000000000000000000e+00,-1.000000000000000000e+00,-1.000000000000000000e+00,-1.000000000000000000e+00,-1.000000000000000000e+00,-1.000000000000000000e+00,-1.000000000000000000e+00,-1.000000000000000000e+00,-1.000000000000000000e+00,-1.000000000000000000e+00
-1.000000000000000000e+00,-1.000000000000000000e+00,-1.000000000000000000e+00,-1.000000000000000000e+00,-1.000000000000000000e+00,-1.000000000000000000e+00,-1.000000000000000000e+00,-1.000000000000000000e+00,-1.000000000000000000e+00,-1.000000000000000000e+00,-1.000000000000000000e+00,-1.000000000000000000e+00,-1.000000000000000000e+00,-1.000000000000000000e+00,-1.000000000000000000e+00,-1.000000000000000000e+00,-1.000000000000000000e+00,-1.000000000000000000e+00,-1.000000000000000000e+00,-1.000000000000000000e+00,-1.000000000000000000e+00,-1.000000000000000000e+00,-1.000000000000000000e+00,-1.000000000000000000e+00,-1.000000000000000000e+00,-1.000000000000000000e+00,-1.000000000000000000e+00,-1.000000000000000000e+00,-1.000000000000000000e+00,-1.000000000000000000e+00,-1.000000000000000000e+00,-1.000000000000000000e+00,-1.000000000000000000e+00,-1.000000000000000000e+00,-1.000000000000000000e+00,-1.000000000000000000e+00,-1.000000000000000000e+00,-1.000000000000000000e+00,-1.000000000000000000e+00,-1.000000000000000000e+00,-1.000000000000000000e+00,-1.000000000000000000e+00,-1.000000000000000000e+00,-1.000000000000000000e+00,-1.000000000000000000e+00,-1.000000000000000000e+00,-1.435344164399002143e+00,-1.435419880496418665e+00,-1.435646661047112582e+00,-1.436023090074824982e+00,-1.436545534318264483e+00,-1.437205327953746004e+00,-1.437982543060300600e+00,-1.438832838157888316e+00,-1.439660823245898946e+00,-1.440268362215096243e+00,-1.440258630005199159e+00,-1.438866429640893951e+00,-1.434673503858356014e+00,-1.425158487331954049e+00,-1.406033882253777012e+00,-1.370353717175514685e+00,-1.307461808558532335e+00,-1.202027602840312959e+00,-1.033721839733934278e+00,-7.785321016498583102e-01,-4.132447831390467785e-01,7.501689323154736577e-02,6.726995486429552251e-01,1.318153922901470487e+00,1.883467326518519336e+00,2.193550101096652050e+00,2.193550101290252741e+00,1.883467327011421499e+00,1.318153923485704038e+00,6.726995491314731179e-01,7.501689350763363073e-02,-4.132447831493886170e-01,-7.785321019865532044e-01,-1.033721840363633016e+00,-1.202027603664021171e+00,-1.307461809461250235e+00,-1.370353718094456941e+00,-1.406033883185399791e+00,-1.425158488274180346e+00,-1.434673504762354668e+00,-1.438866430461652746e+00,-1.440258630747195845e+00,-1.440268362901616639e+00,-1.439660823905855702e+00,-1.438832838842282857e+00,-1.437982543893967069e+00,-1.437205328877377175e+00,-1.436545535395142847e+00,-1.436023091329123424e+00,-1.435646662306891530e+00,-1.435419881495026750e+00,-1.435344165272660621e+00,-1.000000000000000000e+00,-1.000000000000000000e+00,-1.000000000000000000e+00,-1.000000000000000000e+00,-1.000000000000000000e+00,-1.000000000000000000e+00,-1.000000000000000000e+00,-1.000000000000000000e+00,-1.000000000000000000e+00,-1.000000000000000000e+00,-1.000000000000000000e+00,-1.000000000000000000e+00,-1.000000000000000000e+00,-1.000000000000000000e+00,-1.000000000000000000e+00,-1.000000000000000000e+00,-1.000000000000000000e+00,-1.000000000000000000e+00,-1.000000000000000000e+00,-1.000000000000000000e+00,-1.000000000000000000e+00,-1.000000000000000000e+00,-1.000000000000000000e+00,-1.000000000000000000e+00,-1.000000000000000000e+00,-1.000000000000000000e+00,-1.000000000000000000e+00,-1.000000000000000000e+00,-1.000000000000000000e+00,-1.000000000000000000e+00,-1.000000000000000000e+00,-1.000000000000000000e+00,-1.000000000000000000e+00,-1.000000000000000000e+00,-1.000000000000000000e+00,-1.000000000000000000e+00,-1.000000000000000000e+00,-1.000000000000000000e+00,-1.000000000000000000e+00,-1.000000000000000000e+00,-1.000000000000000000e+00,-1.000000000000000000e+00,-1.000000000000000000e+00,-1.000000000000000000e+00,-1.000000000000000000e+00,-1.000000000000000000e+00
-1.000000000000000000e+00,-1.000000000000000000e+00,-1.000000000000000000e+00,-1.000000000000000000e+00,-1.000000000000000000e+00,-1.000000000000000000e+00,-1.000000000000000000e+00,-1.000000000000000000e+00,-1.000000000000000000e+00,-1.000000000000000000e+00,-1.000000000000000000e+00,-1.000000000000000000e+00,-1.000000000000000000e+00,-1.000000000000000000e+00,-1.000000000000000000e+00,-1.000000000000000000e+00,-1.000000000000000000e+00,-1.000000000000000000e+00,-1.000000000000000000e+00,-1.000000000000000000e+00,-1.000000000000000000e+00,-1.000000000000000000e+00,-1.000000000000000000e+00,-1.000000000000000000e+00,-1.000000000000000000e+00,-1.000000000000000000e+00,-1.000000000000000000e+00,-1.000000000000000000e+00,-1.000000000000000000e+00,-1.000000000000000000e+00,-1.000000000000000000e+00,-1.000000000000000000e+00,-1.000000000000000000e+00,-1.000000000000000000e+00,-1.000000000000000000e+00,-1.000000000000000000e+00,-1.000000000000000000e+00,-1.000000000000000000e+00,-1.000000000000000000e+00,-1.000000000000000000e+00,-1.000000000000000000e+00,-1.000000000000000000e+00,-1.000000000000000000e+00,-1.000000000000000000e+00,-1.000000000000000000e+00,-1.000000000000000000e+00,-1.434921889374342285e+00,-1.434997588361167198e+00,-1.435224317903464941e+00,-1.435600662933139482e+00,-1.436122991237097857e+00,-1.436782637734952850e+00,-1.437559673075325950e+00,-1.438409749179095698e+00,-1.439237457488806271e+00,-1.439844618727442072e+00,-1.439834316503196376e+00,-1.438441172798449408e+00,-1.434246590224713014e+00,-1.424728595346718807e+00,-1.405598655744467962e+00,-1.369909129904738787e+00,-1.307001292235099754e+00,-1.201540979911036366e+00,-1.033194245868912731e+00,-7.779433256297353383e-01,-4.125697889013512087e-01,7.580514911572855397e-02,6.736237660598498600e-01,1.319221933304624894e+00,1.884659076953686174e+00,2.194810166715780220e+00,2.194810166879725966e+00,1.884659077351926282e+00,1.319221933750888365e+00,6.736237664136139891e-01,7.580514927470849429e-02,-4.125697890163750881e-01,-7.779433260536403605e-01,-1.033194246560369178e+00,-1.201540980781838464e+00,-1.307001293191218272e+00,-1.369909130887542847e+00,-1.405598656741757102e+00,-1.424728596359786437e+00,-1.434246591215136313e+00,-1.438441173718495669e+00,-1.439834317344962811e+00,-1.439844619503722667e+00,-1.439237458211095610e+00,-1.438409749883259536e+00,-1.437559673882159661e+00,-1.436782638565129000e+00,-1.436122992204698967e+00,-1.435600664065290299e+00,-1.435224319059883902e+00,-1.434997589263533158e+00,-1.434921890163846525e+00,-1.000000000000000000e+00,-1.000000000000000000e+00,-1.000000000000000000e+00,-1.000000000000000000e+00,-1.000000000000000000e+00,-1.000000000000000000e+00,-1.000000000000000000e+00,-1.000000000000000000e+00,-1.000000000000000000e+00,-1.000000000000000000e+00,-1.000000000000000000e+00,-1.000000000000000000e+00,-1.000000000000000000e+00,-1.000000000000000000e+00,-1.000000000000000000e+00,-1.000000000000000000e+00,-1.000000000000000000e+00,-1.000000000000000000e+00,-1.000000000000000000e+00,-1.000000000000000000e+00,-1.000000000000000000e+00,-1.000000000000000000e+00,-1.000000000000000000e+00,-1.000000000000000000e+00,-1.000000000000000000e+00,-1.000000000000000000e+00,-1.000000000000000000e+00,-1.000000000000000000e+00,-1.000000000000000000e+00,-1.000000000000000000e+00,-1.000000000000000000e+00,-1.000000000000000000e+00,-1.000000000000000000e+00,-1.000000000000000000e+00,-1.000000000000000000e+00,-1.000000000000000000e+00,-1.000000000000000000e+00,-1.000000000000000000e+00,-1.000000000000000000e+00,-1.000000000000000000e+00,-1.000000000000000000e+00,-1.000000000000000000e+00,-1.000000000000000000e+00,-1.000000000000000000e+00,-1.000000000000000000e+00,-1.000000000000000000e+00
-1.000000000000000000e+00,-1.000000000000000000e+00,-1.000000000000000000e+00,-1.000000000000000000e+00,-1.000000000000000000e+00,-1.000000000000000000e+00,-1.000000000000000000e+00,-1.000000000000000000e+00,-1.000000000000000000e+00,-1.000000000000000000e+00,-1.000000000000000000e+00,-1.000000000000000000e+00,-1.000000000000000000e+00,-1.000000000000000000e+00,-1.000000000000000000e+00,-1.000000000000000000e+00,-1.000000000000000000e+00,-1.000000000000000000e+00,-1.000000000000000000e+00,-1.000000000000000000e+00,-1.000000000000000000e+00,-1.000000000000000000e+00,-1.000000000000000000e+00,-1.000000000000000000e+00,-1.000000000000000000e+00,-1.000000000000000000e+00,-1.000000000000000000e+00,-1.000000000000000000e+00,-1.000000000000000000e+00,-1.000000000000000000e+00,-1.000000000000000000e+00,-1.000000000000000000e+00,-1.000000000000000000e+00,-1.000000000000000000e+00,-1.000000000000000000e+00,-1.000000000000000000e+00,-1.000000000000000000e+00,-1.000000000000000000e+00,-1.000000000000000000e+00,-1.000000000000000000e+00,-1.000000000000000000e+00,-1.000000000000000000e+00,-1.000000000000000000e+00,-1.000000000000000000e+00,-1.000000000000000000e+00,-1.000000000000000000e+00,-1.434517080926044796e+00,-1.434592765269345094e+00,-1.434819451161797321e+00,-1.435195724357071212e+00,-1.435717953518131029e+00,-1.436377474151597111e+00,-1.437154355356920377e+00,-1.438004242529271837e+00,-1.438831709168274076e+00,-1.439438534527875513e+00,-1.439427714764859534e+00,-1.438033698770037283e+00,-1.433837564221851935e+00,-1.424316756981013121e+00,-1.405181756827120987e+00,-1.369483327774356551e+00,-1.306560317043188091e+00,-1.201075115109566438e+00,-1.032689298111538090e+00,-7.773799922624502479e-01,-4.119241535506469321e-01,7.655892873604885907e-02,6.745073933488010542e-01,1.320242914759609310e+00,1.885798274502110239e+00,2.196014627487000492e+00,2.196014627547314468e+00,1.885798274643756933e+00,1.320242914905890963e+00,6.745073934175174202e-01,7.655892862869873028e-02,-4.119241538826801108e-01,-7.773799928051907671e-01,-1.032689298837822012e+00,-1.201075115978726959e+00,-1.306560317986903641e+00,-1.369483328742274297e+00,-1.405181757817476118e+00,-1.424316758008644879e+00,-1.433837565266567360e+00,-1.438033699792832909e+00,-1.439427715743722302e+00,-1.439438535447320922e+00,-1.438831710000351150e+00,-1.438004243278276029e+00,-1.437154356135217803e+00,-1.436377474875838889e+00,-1.435717954347072833e+00,-1.435195725320694171e+00,-1.434819452168818010e+00,-1.434592766027975808e+00,-1.434517081599275379e+00,-1.000000000000000000e+00,-1.000000000000000000e+00,-1.000000000000000000e+00,-1.000000000000000000e+00,-1.000000000000000000e+00,-1.000000000000000000e+00,-1.000000000000000000e+00,-1.000000000000000000e+00,-1.000000000000000000e+00,-1.000000000000000000e+00,-1.000000000000000000e+00,-1.000000000000000000e+00,-1.000000000000000000e+00,-1.000000000000000000e+00,-1.000000000000000000e+00,-1.000000000000000000e+00,-1.000000000000000000e+00,-1.000000000000000000e+00,-1.000000000000000000e+00,-1.000000000000000000e+00,-1.000000000000000000e+00,-1.000000000000000000e+00,-1.000000000000000000e+00,-1.000000000000000000e+00,-1.000000000000000000e+00,-1.000000000000000000e+00,-1.000000000000000000e+00,-1.000000000000000000e+00,-1.000000000000000000e+00,-1.000000000000000000e+00,-1.000000000000000000e+00,-1.000000000000000000e+00,-1.000000000000000000e+00,-1.000000000000000000e+00,-1.000000000000000000e+00,-1.000000000000000000e+00,-1.000000000000000000e+00,-1.000000000000000000e+00,-1.000000000000000000e+00,-1.000000000000000000e+00,-1.000000000000000000e+00,-1.000000000000000000e+00,-1.000000000000000000e+00,-1.000000000000000000e+00,-1.000000000000000000e+00,-1.000000000000000000e+00
-1.000000000000000000e+00,-1.000000000000000000e+00,-1.000000000000000000e+00,-1.000000000000000000e+00,-1.000000000000000000e+00,-1.000000000000000000e+00,-1.000000000000000000e+00,-1.000000000000000000e+00,-1.000000000000000000e+00,-1.000000000000000000e+00,-1.000000000000000000e+00,-1.000000000000000000e+00,-1.000000000000000000e+00,-1.000000000000000000e+00,-1.000000000000000000e+00,-1.000000000000000000e+00,-1.000000000000000000e+00,-1.000000000000000000e+00,-1.000000000000000000e+00,-1.000000000000000000e+00,-1.000000000000000000e+00,-1.000000000000000000e+00,-1.000000000000000000e+00,-1.000000000000000000e+00,-1.000000000000000000e+00,-1.000000000000000000e+00,-1.000000000000000000e+00,-1.000000000000000000e+00,-1.000000000000000000e+00,-1.000000000000000000e+00,-1.000000000000000000e+00,-1.000000000000000000e+00,-1.000000000000000000e+00,-1.000000000000000000e+00,-1.000000000000000000e+00,-1.000000000000000000e+00,-1.000000000000000000e+00,-1.000000000000000000e+00,-1.000000000000000000e+00,-1.000000000000000000e+00,-1.000000000000000000e+00,-1.000000000000000000e+00,-1.000000000000000000e+00,-1.000000000000000000e+00,-1.000000000000000000e+00,-1.000000000000000000e+00,-1.434129945443119336e+00,-1.434205617358616625e+00,-1.434432266204117346e+00,-1.434808478470471993e+00,-1.435330623539744721e+00,-1.435990037359835991e+00,-1.436766787392926403e+00,-1.437616512580894179e+00,-1.438443769092111246e+00,-1.439050296426226394e+00,-1.439039007180755503e+00,-1.437644185111372597e+00,-1.433446598145960316e+00,-1.423923138798230514e+00,-1.404783345726201782e+00,-1.369076463825842804e+00,-1.306139027661948449e+00,-1.200630143187551901e+00,-1.032207119394597195e+00,-7.768422106662489224e-01,-4.113079707026356946e-01,7.727815467666632188e-02,6.753503681281332049e-01,1.321216816693492113e+00,1.886884876267388655e+00,2.197163445098943679e+00,2.197163445031890205e+00,1.886884876085242357e+00,1.321216816430951457e+00,6.753503677787464632e-01,7.727815420365469201e-02,-4.113079712841124502e-01,-7.768422113256490125e-01,-1.032207120144608359e+00,-1.200630144029431579e+00,-1.306139028541312808e+00,-1.369076464718513408e+00,-1.404783346670147814e+00,-1.423923139822839579e+00,-1.433446599235655095e+00,-1.437644186230945031e+00,-1.439039008292950284e+00,-1.439050297483065011e+00,-1.438443770024625534e+00,-1.437616513367375948e+00,-1.436766788149368868e+00,-1.435990038004402169e+00,-1.435330624240880315e+00,-1.434808479261094227e+00,-1.434432267057432764e+00,-1.434205617959209089e+00,-1.434129945992437927e+00,-1.000000000000000000e+00,-1.000000000000000000e+00,-1.000000000000000000e+00,-1.000000000000000000e+00,-1.000000000000000000e+00,-1.000000000000000000e+00,-1.000000000000000000e+00,-1.000000000000000000e+00,-1.000000000000000000e+00,-1.000000000000000000e+00,-1.000000000000000000e+00,-1.000000000000000000e+00,-1.000000000000000000e+00,-1.000000000000000000e+00,-1.000000000000000000e+00,-1.000000000000000000e+00,-1.000000000000000000e+00,-1.000000000000000000e+00,-1.000000000000000000e+00,-1.000000000000000000e+00,-1.000000000000000000e+00,-1.000000000000000000e+00,-1.000000000000000000e+00,-1.000000000000000000e+00,-1.000000000000000000e+00,-1.000000000000000000e+00,-1.000000000000000000e+00,-1.000000000000000000e+00,-1.000000000000000000e+00,-1.000000000000000000e+00,-1.000000000000000000e+00,-1.000000000000000000e+00,-1.000000000000000000e+00,-1.000000000000000000e+00,-1.000000000000000000e+00,-1.000000000000000000e+00,-1.000000000000000000e+00,-1.000000000000000000e+00,-1.000000000000000000e+00,-1.000000000000000000e+00,-1.000000000000000000e+00,-1.000000000000000000e+00,-1.000000000000000000e+00,-1.000000000000000000e+00,-1.000000000000000000e+00,-1.000000000000000000e+00
-1.000000000000000000e+00,-1.000000000000000000e+00,-1.000000000000000000e+00,-1.000000000000000000e+00,-1.000000000000000000e+00,-1.000000000000000000e+00,-1.000000000000000000e+00,-1.000000000000000000e+00,-1.000000000000000000e+00,-1.000000000000000000e+00,-1.000000000000000000e+00,-1.000000000000000000e+00,-1.000000000000000000e+00,-1.000000000000000000e+00,-1.000000000000000000e+00,-1.000000000000000000e+00,-1.000000000000000000e+00,-1.000000000000000000e+00,-1.000000000000000000e+00,-1.000000000000000000e+00,-1.000000000000000000e+00,-1.000000000000000000e+00,-1.000000000000000000e+00,-1.000000000000000000e+00,-1.000000000000000000e+00,-1.000000000000000000e+00,-1.000000000000000000e+00,-1.000000000000000000e+00,-1.000000000000000000e+00,-1.000000000000000000e+00,-1.000000000000000000e+00,-1.000000000000000000e+00,-1.000000000000000000e+00,-1.000000000000000000e+00,-1.000000000000000000e+00,-1.000000000000000000e+00,-1.000000000000000000e+00,-1.000000000000000000e+00,-1.000000000000000000e+00,-1.000000000000000000e+00,-1.000000000000000000e+00,-1.000000000000000000e+00,-1.000000000000000000e+00,-1.000000000000000000e+00,-1.000000000000000000e+00,-1.000000000000000000e+00,-1.433760669765549611e+00,-1.433836331219988436e+00,-1.434062948872003140e+00,-1.434439109876035401e+00,-1.434961184195740813e+00,-1.435620508068745416e+00,-1.436397147260981111e+00,-1.437246734378293311e+00,-1.438073808897267547e+00,-1.438680072285288158e+00,-1.438668357475671122e+00,-1.437272791059138743e+00,-1.433073846404510077e+00,-1.423547889986173764e+00,-1.404403565886688021e+00,-1.368688675048402192e+00,-1.305737553626940439e+00,-1.200206184840780121e+00,-1.031747819896593255e+00,-7.763300788114336770e-01,-4.107213247464279737e-01,7.796275657668294556e-02,6.761526328810878450e-01,1.322143591437236143e+00,1.887918840729615688e+00,2.198256581730926307e+00,2.198256581539630439e+00,1.887918840214469096e+00,1.322143590720547657e+00,6.761526320666029211e-01,7.796275574911049056e-02,-4.107213255365439464e-01,-7.763300795959466871e-01,-1.031747820713973640e+00,-1.200206185657976654e+00,-1.305737554409497347e+00,-1.368688675841577940e+00,-1.404403566773397172e+00,-1.423547890999576460e+00,-1.433073847525131894e+00,-1.437272792241002684e+00,-1.438668358663726998e+00,-1.438680073418623806e+00,-1.438073809895708433e+00,-1.437246735205885306e+00,-1.436397148025280401e+00,-1.435620508678093099e+00,-1.434961184802725276e+00,-1.434439110525085770e+00,-1.434062949600114933e+00,-1.433836331669328334e+00,-1.433760670199114795e+00,-1.000000000000000000e+00,-1.000000000000000000e+00,-1.000000000000000000e+00,-1.000000000000000000e+00,-1.000000000000000000e+00,-1.000000000000000000e+00,-1.000000000000000000e+00,-1.000000000000000000e+00,-1.000000000000000000e+00,-1.000000000000000000e+00,-1.000000000000000000e+00,-1.000000000000000000e+00,-1.000000000000000000e+00,-1.000000000000000000e+00,-1.000000000000000000e+00,-1.000000000000000000e+00,-1.000000000000000000e+00,-1.000000000000000000e+00,-1.000000000000000000e+00,-1.000000000000000000e+00,-1.000000000000000000e+00,-1.000000000000000000e+00,-1.000000000000000000e+00,-1.000000000000000000e+00,-1.000000000000000000e+00,-1.000000000000000000e+00,-1.000000000000000000e+00,-1.000000000000000000e+00,-1.000000000000000000e+00,-1.000000000000000000e+00,-1.000000000000000000e+00,-1.000000000000000000e+00,-1.000000000000000000e+00,-1.000000000000000000e+00,-1.000000000000000000e+00,-1.000000000000000000e+00,-1.000000000000000000e+00,-1.000000000000000000e+00,-1.000000000000000000e+00,-1.000000000000000000e+00,-1.000000000000000000e+00,-1.000000000000000000e+00,-1.000000000000000000e+00,-1.000000000000000000e+00,-1.000000000000000000e+00,-1.000000000000000000e+00
-1.000000000000000000e+00,-1.000000000000000000e+00,-1.000000000000000000e+00,-1.000000000000000000e+00,-1.000000000000000000e+00,-1.000000000000000000e+00,-1.000000000000000000e+00,-1.000000000000000000e+00,-1.000000000000000000e+00,-1.000000000000000000e+00,-1.000000000000000000e+00,-1.000000000000000000e+00,-1.000000000000000000e+00,-1.000000000000000000e+00,-1.000000000000000000e+00,-1.000000000000000000e+00,-1.000000000000000000e+00,-1.000000000000000000e+00,-1.000000000000000000e+00,-1.000000000000000000e+00,-1.000000000000000000e+00,-1.000000000000000000e+00,-1.000000000000000000e+00,-1.000000000000000000e+00,-1.000000000000000000e+00,-1.000000000000000000e+00,-1.000000000000000000e+00,-1.000000000000000000e+00,-1.000000000000000000e+00,-1.000000000000000000e+00,-1.000000000000000000e+00,-1.000000000000000000e+00,-1.000000000000000000e+00,-1.000000000000000000e+00,-1.000000000000000000e+00,-1.000000000000000000e+00,-1.000000000000000000e+00,-1.000000000000000000e+00,-1.000000000000000000e+00,-1.000000000000000000e+00,-1.000000000000000000e+00,-1.000000000000000000e+00,-1.000000000000000000e+00,-1.000000000000000000e+00,-1.000000000000000000e+00,-1.000000000000000000e+00,-1.433409424124138631e+00,-1.433485076842054617e+00,-1.433711668440007969e+00,-1.434087786675002807e+00,-1.434609801979804145e+00,-1.435269050720043404e+00,-1.436045596919261591e+00,-1.436895067009314353e+00,-1.437721984457815072e+00,-1.438328014455301451e+00,-1.438315914187987099e+00,-1.436919661065851450e+00,-1.432719449074392859e+00,-1.423191145897469978e+00,-1.404042547479129599e+00,-1.368320085807860131e+00,-1.305356012642417074e+00,-1.199803349943282083e+00,-1.031311500163335504e+00,-7.758436862988951077e-01,-4.101642932104724304e-01,7.861266907055952657e-02,6.769141331014976171e-01,1.323023192600699449e+00,1.888900126380853806e+00,2.199293998853879994e+00,2.199293998564474606e+00,1.888900125603062641e+00,1.323023191526748299e+00,6.769141319234190934e-01,7.861266794890364729e-02,-4.101642942243430845e-01,-7.758436872503842174e-01,-1.031311501052192492e+00,-1.199803350717327355e+00,-1.305356013325801312e+00,-1.368320086521922718e+00,-1.404042548320173500e+00,-1.423191146887524905e+00,-1.432719450194193556e+00,-1.436919662256216590e+00,-1.438315915379950960e+00,-1.438328015598060450e+00,-1.437721985491588139e+00,-1.436895067883778188e+00,-1.436045597710750021e+00,-1.435269051330867907e+00,-1.434609802543796331e+00,-1.434087787254213486e+00,-1.433711669113440390e+00,-1.433485077182803602e+00,-1.433409424478394811e+00,-1.000000000000000000e+00,-1.000000000000000000e+00,-1.000000000000000000e+00,-1.000000000000000000e+00,-1.000000000000000000e+00,-1.000000000000000000e+00,-1.000000000000000000e+00,-1.000000000000000000e+00,-1.000000000000000000e+00,-1.000000000000000000e+00,-1.000000000000000000e+00,-1.000000000000000000e+00,-1.000000000000000000e+00,-1.000000000000000000e+00,-1.000000000000000000e+00,-1.000000000000000000e+00,-1.000000000000000000e+00,-1.000000000000000000e+00,-1.000000000000000000e+00,-1.000000000000000000e+00,-1.000000000000000000e+00,-1.000000000000000000e+00,-1.000000000000000000e+00,-1.000000000000000000e+00,-1.000000000000000000e+00,-1.000000000000000000e+00,-1.000000000000000000e+00,-1.000000000000000000e+00,-1.000000000000000000e+00,-1.000000000000000000e+00,-1.000000000000000000e+00,-1.000000000000000000e+00,-1.000000000000000000e+00,-1.000000000000000000e+00,-1.000000000000000000e+00,-1.000000000000000000e+00,-1.000000000000000000e+00,-1.000000000000000000e+00,-1.000000000000000000e+00,-1.000000000000000000e+00,-1.000000000000000000e+00,-1.000000000000000000e+00,-1.000000000000000000e+00,-1.000000000000000000e+00,-1.000000000000000000e+00,-1.000000000000000000e+00
-1.000000000000000000e+00,-1.000000000000000000e+00,-1.000000000000000000e+00,-1.000000000000000000e+00,-1.000000000000000000e+00,-1.000000000000000000e+00,-1.000000000000000000e+00,-1.000000000000000000e+00,-1.000000000000000000e+00,-1.000000000000000000e+00,-1.000000000000000000e+00,-1.000000000000000000e+00,-1.000000000000000000e+00,-1.000000000000000000e+00,-1.000000000000000000e+00,-1.000000000000000000e+00,-1.000000000000000000e+00,-1.000000000000000000e+00,-1.000000000000000000e+00,-1.000000000000000000e+00,-1.000000000000000000e+00,-1.000000000000000000e+00,-1.000000000000000000e+00,-1.000000000000000000e+00,-1.000000000000000000e+00,-1.000000000000000000e+00,-1.000000000000000000e+00,-1.000000000000000000e+00,-1.000000000000000000e+00,-1.000000000000000000e+00,-1.000000000000000000e+00,-1.000000000000000000e+00,-1.000000000000000000e+00,-1.000000000000000000e+00,-1.000000000000000000e+00,-1.000000000000000000e+00,-1.000000000000000000e+00,-1.000000000000000000e+00,-1.000000000000000000e+00,-1.000000000000000000e+00,-1.000000000000000000e+00,-1.000000000000000000e+00,-1.000000000000000000e+00,-1.000000000000000000e+00,-1.000000000000000000e+00,-1.000000000000000000e+00,-1.433076364316884899e+00,-1.433152009798086324e+00,-1.433378579821220411e+00,-1.433754662683570880e+00,-1.434276629204558784e+00,-1.434935815737486298e+00,-1.435712284526173388e+00,-1.436561655999557985e+00,-1.437388438324684214e+00,-1.437994262226992559e+00,-1.437981813124701969e+00,-1.436584927246362220e+00,-1.432383534328568020e+00,-1.422853030464803492e+00,-1.403700409793058324e+00,-1.367970810144839788e+00,-1.304994512720191846e+00,-1.199421739536282061e+00,-1.030898252998497133e+00,-7.753831162661273257e-01,-4.096369485250386244e-01,7.922783044324588353e-02,6.776348163875252073e-01,1.323855574418934200e+00,1.889828691184022524e+00,2.200275656761911058e+00,2.200275656416766257e+00,1.889828690252540522e+00,1.323855573131824226e+00,6.776348149757300821e-01,7.922782908136438706e-02,-4.096369497565315321e-01,-7.753831173335613558e-01,-1.030898253881433302e+00,-1.199421740277335724e+00,-1.304994513404227785e+00,-1.367970810850717367e+00,-1.403700410588745617e+00,-1.422853031395418189e+00,-1.432383535394554208e+00,-1.436584928386552829e+00,-1.437981814273246339e+00,-1.437994263338127521e+00,-1.437388439353346925e+00,-1.436561656885428695e+00,-1.435712285327383153e+00,-1.434935816376701867e+00,-1.434276629791018332e+00,-1.433754663285109920e+00,-1.433378580532325808e+00,-1.433152010102872076e+00,-1.433076364658500967e+00,-1.000000000000000000e+00,-1.000000000000000000e+00,-1.000000000000000000e+00,-1.000000000000000000e+00,-1.000000000000000000e+00,-1.000000000000000000e+00,-1.000000000000000000e+00,-1.000000000000000000e+00,-1.000000000000000000e+00,-1.000000000000000000e+00,-1.000000000000000000e+00,-1.000000000000000000e+00,-1.000000000000000000e+00,-1.000000000000000000e+00,-1.000000000000000000e+00,-1.000000000000000000e+00,-1.000000000000000000e+00,-1.000000000000000000e+00,-1.000000000000000000e+00,-1.000000000000000000e+00,-1.000000000000000000e+00,-1.000000000000000000e+00,-1.000000000000000000e+00,-1.000000000000000000e+00,-1.000000000000000000e+00,-1.000000000000000000e+00,-1.000000000000000000e+00,-1.000000000000000000e+00,-1.000000000000000000e+00,-1.000000000000000000e+00,-1.000000000000000000e+00,-1.000000000000000000e+00,-1.000000000000000000e+00,-1.000000000000000000e+00,-1.000000000000000000e+00,-1.000000000000000000e+00,-1.000000000000000000e+00,-1.000000000000000000e+00,-1.000000000000000000e+00,-1.000000000000000000e+00,-1.000000000000000000e+00,-1.000000000000000000e+00,-1.000000000000000000e+00,-1.000000000000000000e+00,-1.000000000000000000e+00,-1.000000000000000000e+00
-1.000000000000000000e+00,-1.000000000000000000e+00,-1.000000000000000000e+00,-1.000000000000000000e+00,-1.000000000000000000e+00,-1.000000000000000000e+00,-1.000000000000000000e+00,-1.000000000000000000e+00,-1.000000000000000000e+00,-1.000000000000000000e+00,-1.000000000000000000e+00,-1.000000000000000000e+00,-1.000000000000000000e+00,-1.000000000000000000e+00,-1.000000000000000000e+00,-1.000000000000000000e+00,-1.000000000000000000e+00,-1.000000000000000000e+00,-1.000000000000000000e+00,-1.000000000000000000e+00,-1.000000000000000000e+00,-1.000000000000000000e+00,-1.000000000000000000e+00,-1.000000000000000000e+00,-1.000000000000000000e+00,-1.000000000000000000e+00,-1.000000000000000000e+00,-1.000000000000000000e+00,-1.000000000000000000e+00,-1.000000000000000000e+00,-1.000000000000000000e+00,-1.000000000000000000e+00,-1.000000000000000000e+00,-1.000000000000000000e+00,-1.000000000000000000e+00,-1.000000000000000000e+00,-1.000000000000000000e+00,-1.000000000000000000e+00,-1.000000000000000000e+00,-1.000000000000000000e+00,-1.000000000000000000e+00,-1.000000000000000000e+00,-1.000000000000000000e+00,-1.000000000000000000e+00,-1.000000000000000000e+00,-1.000000000000000000e+00,-1.432761633340262630e+00,-1.432837272887115709e+00,-1.433063825218946707e+00,-1.433439879096437997e+00,-1.433961805667293365e+00,-1.434620941174357345e+00,-1.435397346070744096e+00,-1.436246634963973978e+00,-1.437073301438292816e+00,-1.437678943599798531e+00,-1.437666179118999743e+00,-1.436268711070318060e+00,-1.432066220074782681e+00,-1.422533657805473473e+00,-1.403377262835271644e+00,-1.367640953441538798e+00,-1.304653153839528734e+00,-1.199061447166473116e+00,-1.030508164471222177e+00,-7.749484463044088445e-01,-4.091393589794796171e-01,7.980818176010506804e-02,6.783146318359833948e-01,1.324640691428361716e+00,1.890704492465526521e+00,2.201201514580170215e+00,2.201201514234324641e+00,1.890704491518082175e+00,1.324640690092718565e+00,6.783146303441407454e-01,7.980818029255298818e-02,-4.091393603109595434e-01,-7.749484474257115618e-01,-1.030508165395907394e+00,-1.199061447989097751e+00,-1.304653154606979060e+00,-1.367640954153084731e+00,-1.403377263555307231e+00,-1.422533658650767974e+00,-1.432066221062667122e+00,-1.436268712131301140e+00,-1.437666180199304478e+00,-1.437678944638291822e+00,-1.437073302397953611e+00,-1.436246635807709726e+00,-1.435397346871025048e+00,-1.434620941889280354e+00,-1.433961806357320512e+00,-1.433439879807786532e+00,-1.433063826046473643e+00,-1.432837273221946317e+00,-1.432761633731359785e+00,-1.000000000000000000e+00,-1.000000000000000000e+00,-1.000000000000000000e+00,-1.000000000000000000e+00,-1.000000000000000000e+00,-1.000000000000000000e+00,-1.000000000000000000e+00,-1.000000000000000000e+00,-1.000000000000000000e+00,-1.000000000000000000e+00,-1.000000000000000000e+00,-1.000000000000000000e+00,-1.000000000000000000e+00,-1.000000000000000000e+00,-1.000000000000000000e+00,-1.000000000000000000e+00,-1.000000000000000000e+00,-1.000000000000000000e+00,-1.000000000000000000e+00,-1.000000000000000000e+00,-1.000000000000000000e+00,-1.000000000000000000e+00,-1.000000000000000000e+00,-1.000000000000000000e+00,-1.000000000000000000e+00,-1.000000000000000000e+00,-1.000000000000000000e+00,-1.000000000000000000e+00,-1.000000000000000000e+00,-1.000000000000000000e+00,-1.000000000000000000e+00,-1.000000000000000000e+00,-1.000000000000000000e+00,-1.000000000000000000e+00,-1.000000000000000000e+00,-1.000000000000000000e+00,-1.000000000000000000e+00,-1.000000000000000000e+00,-1.000000000000000000e+00,-1.000000000000000000e+00,-1.000000000000000000e+00,-1.000000000000000000e+00,-1.000000000000000000e+00,-1.000000000000000000e+00,-1.000000000000000000e+00,-1.000000000000000000e+00
-1.000000000000000000e+00,-1.000000000000000000e+00,-1.000000000000000000e+00,-1.000000000000000000e+00,-1.000000000000000000e+00,-1.000000000000000000e+00,-1.000000000000000000e+00,-1.000000000000000000e+00,-1.000000000000000000e+00,-1.000000000000000000e+00,-1.000000000000000000e+00,-1.000000000000000000e+00,-1.000000000000000000e+00,-1.000000000000000000e+00,-1.000000000000000000e+00,-1.000000000000000000e+00,-1.000000000000000000e+00,-1.000000000000000000e+00,-1.000000000000000000e+00,-1.000000000000000000e+00,-1.000000000000000000e+00,-1.000000000000000000e+00,-1.000000000000000000e+00,-1.000000000000000000e+00,-1.000000000000000000e+00,-1.000000000000000000e+00,-1.000000000000000000e+00,-1.000000000000000000e+00,-1.000000000000000000e+00,-1.000000000000000000e+00,-1.000000000000000000e+00,-1.000000000000000000e+00,-1.000000000000000000e+00,-1.000000000000000000e+00,-1.000000000000000000e+00,-1.000000000000000000e+00,-1.000000000000000000e+00,-1.000000000000000000e+00,-1.000000000000000000e+00,-1.000000000000000000e+00,-1.000000000000000000e+00,-1.000000000000000000e+00,-1.000000000000000000e+00,-1.000000000000000000e+00,-1.000000000000000000e+00,-1.000000000000000000e+00,-1.432465362621818006e+00,-1.432540997363343394e+00,-1.432767535355879307e+00,-1.433143565740605752e+00,-1.433665459937039532e+00,-1.434324553996253915e+00,-1.435100906603650417e+00,-1.435950126783284153e+00,-1.436776694303772750e+00,-1.437382176499439002e+00,-1.437369127284279902e+00,-1.435971124626074014e+00,-1.431767615173451080e+00,-1.422233133296097130e+00,-1.403073208249313586e+00,-1.367330613318571420e+00,-1.304332028930336840e+00,-1.198722560042394747e+00,-1.030141314980209666e+00,-7.745397491077182783e-01,-4.086715890145816710e-01,8.035366668802046419e-02,6.789535298982127820e-01,1.325378498456958543e+00,1.891527487067392155e+00,2.202071530485914419e+00,2.202071530186773263e+00,1.891527486228932631e+00,1.325378497233845376e+00,6.789535284884939959e-01,8.035366526399845277e-02,-4.086715903506487058e-01,-7.745397503035001963e-01,-1.030141316035518617e+00,-1.198722560958639605e+00,-1.304332029696737116e+00,-1.367330613998221978e+00,-1.403073208959716656e+00,-1.422233134120997944e+00,-1.431767616089809625e+00,-1.435971125578411556e+00,-1.437369128245597372e+00,-1.437382177401107963e+00,-1.436776695154922345e+00,-1.435950127588160985e+00,-1.435100907431453798e+00,-1.434324554831908571e+00,-1.433665460784868895e+00,-1.433143566618928944e+00,-1.432767536361793992e+00,-1.432540997795180404e+00,-1.432465363130947855e+00,-1.000000000000000000e+00,-1.000000000000000000e+00,-1.000000000000000000e+00,-1.000000000000000000e+00,-1.000000000000000000e+00,-1.000000000000000000e+00,-1.000000000000000000e+00,-1.000000000000000000e+00,-1.000000000000000000e+00,-1.000000000000000000e+00,-1.000000000000000000e+00,-1.000000000000000000e+00,-1.000000000000000000e+00,-1.000000000000000000e+00,-1.000000000000000000e+00,-1.000000000000000000e+00,-1.000000000000000000e+00,-1.000000000000000000e+00,-1.000000000000000000e+00,-1.000000000000000000e+00,-1.000000000000000000e+00,-1.000000000000000000e+00,-1.000000000000000000e+00,-1.000000000000000000e+00,-1.000000000000000000e+00,-1.000000000000000000e+00,-1.000000000000000000e+00,-1.000000000000000000e+00,-1.000000000000000000e+00,-1.000000000000000000e+00,-1.000000000000000000e+00,-1.000000000000000000e+00,-1.000000000000000000e+00,-1.000000000000000000e+00,-1.000000000000000000e+00,-1.000000000000000000e+00,-1.000000000000000000e+00,-1.000000000000000000e+00,-1.000000000000000000e+00,-1.000000000000000000e+00,-1.000000000000000000e+00,-1.000000000000000000e+00,-1.000000000000000000e+00,-1.000000000000000000e+00,-1.000000000000000000e+00,-1.000000000000000000e+00
-1.000000000000000000e+00,-1.000000000000000000e+00,-1.000000000000000000e+00,-1.000000000000000000e+00,-1.000000000000000000e+00,-1.000000000000000000e+00,-1.000000000000000000e+00,-1.000000000000000000e+00,-1.000000000000000000e+00,-1.000000000000000000e+00,-1.000000000000000000e+00,-1.000000000000000000e+00,-1.000000000000000000e+00,-1.000000000000000000e+00,-1.000000000000000000e+00,-1.000000000000000000e+00,-1.000000000000000000e+00,-1.000000000000000000e+00,-1.000000000000000000e+00,-1.000000000000000000e+00,-1.000000000000000000e+00,-1.000000000000000000e+00,-1.000000000000000000e+00,-1.000000000000000000e+00,-1.000000000000000000e+00,-1.000000000000000000e+00,-1.000000000000000000e+00,-1.000000000000000000e+00,-1.000000000000000000e+00,-1.000000000000000000e+00,-1.000000000000000000e+00,-1.000000000000000000e+00,-1.000000000000000000e+00,-1.000000000000000000e+00,-1.000000000000000000e+00,-1.000000000000000000e+00,-1.000000000000000000e+00,-1.000000000000000000e+00,-1.000000000000000000e+00,-1.000000000000000000e+00,-1.000000000000000000e+00,-1.000000000000000000e+00,-1.000000000000000000e+00,-1.000000000000000000e+00,-1.000000000000000000e+00,-1.000000000000000000e+00,-1.432187672964331693e+00,-1.432263303864230508e+00,-1.432489830382832618e+00,-1.432865841976101784e+00,-1.433387710276616378e+00,-1.434046771051773028e+00,-1.434823081247017074e+00,-1.435672244592953062e+00,-1.436498727878862791e+00,-1.437104069559071773e+00,-1.437090763780707992e+00,-1.435692271445824897e+00,-1.431487820346947215e+00,-1.421951554583361865e+00,-1.402788340265545441e+00,-1.367039880158517740e+00,-1.304031224104511555e+00,-1.198405159387033514e+00,-1.029797779864061402e+00,-7.741570931074837070e-01,-4.082336996233367765e-01,8.086423135145048846e-02,6.795514624493645961e-01,1.326068950878928288e+00,1.892297631744278341e+00,2.202885662193505123e+00,2.202885661952588947e+00,1.892297631056589324e+00,1.326068949850171208e+00,6.795514612274784483e-01,8.086423006309506611e-02,-4.082337009038660147e-01,-7.741570943366672397e-01,-1.029797780997261603e+00,-1.198405160347967957e+00,-1.304031224896431862e+00,-1.367039880904084459e+00,-1.402788341045975828e+00,-1.421951555383826449e+00,-1.431487821115796866e+00,-1.435692272218337617e+00,-1.437090764580237989e+00,-1.437104070320258886e+00,-1.436498728664836078e+00,-1.435672245408270431e+00,-1.434823082109090375e+00,-1.434046771977698143e+00,-1.433387711255155628e+00,-1.432865843017345098e+00,-1.432489831591768237e+00,-1.432263304441576457e+00,-1.432187673652639770e+00,-1.000000000000000000e+00,-1.000000000000000000e+00,-1.000000000000000000e+00,-1.000000000000000000e+00,-1.000000000000000000e+00,-1.000000000000000000e+00,-1.000000000000000000e+00,-1.000000000000000000e+00,-1.000000000000000000e+00,-1.000000000000000000e+00,-1.000000000000000000e+00,-1.000000000000000000e+00,-1.000000000000000000e+00,-1.000000000000000000e+00,-1.000000000000000000e+00,-1.000000000000000000e+00,-1.000000000000000000e+00,-1.000000000000000000e+00,-1.000000000000000000e+00,-1.000000000000000000e+00,-1.000000000000000000e+00,-1.000000000000000000e+00,-1.000000000000000000e+00,-1.000000000000000000e+00,-1.000000000000000000e+00,-1.000000000000000000e+00,-1.000000000000000000e+00,-1.000000000000000000e+00,-1.000000000000000000e+00,-1.000000000000000000e+00,-1.000000000000000000e+00,-1.000000000000000000e+00,-1.000000000000000000e+00,-1.000000000000000000e+00,-1.000000000000000000e+00,-1.000000000000000000e+00,-1.000000000000000000e+00,-1.000000000000000000e+00,-1.000000000000000000e+00,-1.000000000000000000e+00,-1.000000000000000000e+00,-1.000000000000000000e+00,-1.000000000000000000e+00,-1.000000000000000000e+00,-1.000000000000000000e+00,-1.000000000000000000e+00
-1.000000000000000000e+00,-1.000000000000000000e+00,-1.000000000000000000e+00,-1.000000000000000000e+00,-1.000000000000000000e+00,-1.000000000000000000e+00,-1.000000000000000000e+00,-1.000000000000000000e+00,-1.000000000000000000e+00,-1.000000000000000000e+00,-1.000000000000000000e+00,-1.000000000000000000e+00,-1.000000000000000000e+00,-1.000000000000000000e+00,-1.000000000000000000e+00,-1.000000000000000000e+00,-1.000000000000000000e+00,-1.000000000000000000e+00,-1.000000000000000000e+00,-1.000000000000000000e+00,-1.000000000000000000e+00,-1.000000000000000000e+00,-1.000000000000000000e+00,-1.000000000000000000e+00,-1.000000000000000000e+00,-1.000000000000000000e+00,-1.000000000000000000e+00,-1.000000000000000000e+00,-1.000000000000000000e+00,-1.000000000000000000e+00,-1.000000000000000000e+00,-1.000000000000000000e+00,-1.000000000000000000e+00,-1.000000000000000000e+00,-1.000000000000000000e+00,-1.000000000000000000e+00,-1.000000000000000000e+00,-1.000000000000000000e+00,-1.000000000000000000e+00,-1.000000000000000000e+00,-1.000000000000000000e+00,-1.000000000000000000e+00,-1.000000000000000000e+00,-1.000000000000000000e+00,-1.000000000000000000e+00,-1.000000000000000000e+00,-1.431928675298271170e+00,-1.432004303164547299e+00,-1.432230820621187339e+00,-1.432606817383098807e+00,-1.433128665259801648e+00,-1.433787699675973526e+00,-1.434563975878741182e+00,-1.435413092570750226e+00,-1.436239504379855036e+00,-1.436844722846245093e+00,-1.436831186398563442e+00,-1.435432246901300335e+00,-1.431226928484521821e+00,-1.421689012043504396e+00,-1.402522746388142005e+00,-1.366768837993894037e+00,-1.303750819365142588e+00,-1.198109320655271315e+00,-1.029477629336528199e+00,-7.738005424649058162e-01,-4.078257484563819757e-01,8.133982428878705484e-02,6.801083828983625068e-01,1.326712004846561932e+00,1.893014883504663182e+00,2.203643867392118150e+00,2.203643867217677244e+00,1.893014883005405657e+00,1.326712004086665786e+00,6.801083819527387053e-01,8.133982321190891263e-02,-4.078257496193683496e-01,-7.738005436592994002e-01,-1.029477630499538998e+00,-1.198109321711399389e+00,-1.303750820298114510e+00,-1.366768838817580711e+00,-1.402522747101790479e+00,-1.421689012702944233e+00,-1.431226929119474356e+00,-1.435432247558720453e+00,-1.436831187098670304e+00,-1.436844723534618895e+00,-1.436239505145264994e+00,-1.435413093391697981e+00,-1.434563976744390290e+00,-1.433787700662968234e+00,-1.433128666356251468e+00,-1.432606818575296925e+00,-1.432230822012888982e+00,-1.432004303862768779e+00,-1.431928676136235756e+00,-1.000000000000000000e+00,-1.000000000000000000e+00,-1.000000000000000000e+00,-1.000000000000000000e+00,-1.000000000000000000e+00,-1.000000000000000000e+00,-1.000000000000000000e+00,-1.000000000000000000e+00,-1.000000000000000000e+00,-1.000000000000000000e+00,-1.000000000000000000e+00,-1.000000000000000000e+00,-1.000000000000000000e+00,-1.000000000000000000e+00,-1.000000000000000000e+00,-1.000000000000000000e+00,-1.000000000000000000e+00,-1.000000000000000000e+00,-1.000000000000000000e+00,-1.000000000000000000e+00,-1.000000000000000000e+00,-1.000000000000000000e+00,-1.000000000000000000e+00,-1.000000000000000000e+00,-1.000000000000000000e+00,-1.000000000000000000e+00,-1.000000000000000000e+00,-1.000000000000000000e+00,-1.000000000000000000e+00,-1.000000000000000000e+00,-1.000000000000000000e+00,-1.000000000000000000e+00,-1.000000000000000000e+00,-1.000000000000000000e+00,-1.000000000000000000e+00,-1.000000000000000000e+00,-1.000000000000000000e+00,-1.000000000000000000e+00,-1.000000000000000000e+00,-1.000000000000000000e+00,-1.000000000000000000e+00,-1.000000000000000000e+00,-1.000000000000000000e+00,-1.000000000000000000e+00,-1.000000000000000000e+00,-1.000000000000000000e+00
-1.000000000000000000e+00,-1.000000000000000000e+00,-1.000000000000000000e+00,-1.000000000000000000e+00,-1.000000000000000000e+00,-1.000000000000000000e+00,-1.000000000000000000e+00,-1.000000000000000000e+00,-1.000000000000000000e+00,-1.000000000000000000e+00,-1.000000000000000000e+00,-1.000000000000000000e+00,-1.000000000000000000e+00,-1.000000000000000000e+00,-1.000000000000000000e+00,-1.000000000000000000e+00,-1.000000000000000000e+00,-1.000000000000000000e+00,-1.000000000000000000e+00,-1.000000000000000000e+00,-1.000000000000000000e+00,-1.000000000000000000e+00,-1.000000000000000000e+00,-1.000000000000000000e+00,-1.000000000000000000e+00,-1.000000000000000000e+00,-1.000000000000000000e+00,-1.000000000000000000e+00,-1.000000000000000000e+00,-1.000000000000000000e+00,-1.000000000000000000e+00,-1.000000000000000000e+00,-1.000000000000000000e+00,-1.000000000000000000e+00,-1.000000000000000000e+00,-1.000000000000000000e+00,-1.000000000000000000e+00,-1.000000000000000000e+00,-1.000000000000000000e+00,-1.000000000000000000e+00,-1.000000000000000000e+00,-1.000000000000000000e+00,-1.000000000000000000e+00,-1.000000000000000000e+00,-1.000000000000000000e+00,-1.000000000000000000e+00,-1.431688471257758222e+00,-1.431764096774279738e+00,-1.431990607200058774e+00,-1.432366592420478035e+00,-1.432888424392788851e+00,-1.433547438208986113e+00,-1.434323687529011071e+00,-1.435172766300134573e+00,-1.435999117755596632e+00,-1.436604228482954326e+00,-1.436590485255826666e+00,-1.435191138902895736e+00,-1.430985025137718081e+00,-1.421445588738427190e+00,-1.402276507146952511e+00,-1.366517564616237967e+00,-1.303490889138812392e+00,-1.197835114116182043e+00,-1.029180928807421402e+00,-7.734701571597309977e-01,-4.074477897564533491e-01,8.178039666053105172e-02,6.806242465202954062e-01,1.327307617729619693e+00,1.893679200103836280e+00,2.204346104231226899e+00,2.204346104127762551e+00,1.893679199802772661e+00,1.327307617241976878e+00,6.806242458453808375e-01,8.178039579910034718e-02,-4.074477907734429527e-01,-7.734701582705068024e-01,-1.029180929940047617e+00,-1.197835115195454714e+00,-1.303490890097541488e+00,-1.366517565381183408e+00,-1.402276507754309787e+00,-1.421445589350086358e+00,-1.430985025785253661e+00,-1.435191139542069561e+00,-1.436590485860602007e+00,-1.436604229081473338e+00,-1.435999118472743419e+00,-1.435172767104030411e+00,-1.434323688425947374e+00,-1.433547439306477100e+00,-1.432888425630741036e+00,-1.432366593733851001e+00,-1.431990608717439883e+00,-1.431764097553509751e+00,-1.431688472202993445e+00,-1.000000000000000000e+00,-1.000000000000000000e+00,-1.000000000000000000e+00,-1.000000000000000000e+00,-1.000000000000000000e+00,-1.000000000000000000e+00,-1.000000000000000000e+00,-1.000000000000000000e+00,-1.000000000000000000e+00,-1.000000000000000000e+00,-1.000000000000000000e+00,-1.000000000000000000e+00,-1.000000000000000000e+00,-1.000000000000000000e+00,-1.000000000000000000e+00,-1.000000000000000000e+00,-1.000000000000000000e+00,-1.000000000000000000e+00,-1.000000000000000000e+00,-1.000000000000000000e+00,-1.000000000000000000e+00,-1.000000000000000000e+00,-1.000000000000000000e+00,-1.000000000000000000e+00,-1.000000000000000000e+00,-1.000000000000000000e+00,-1.000000000000000000e+00,-1.000000000000000000e+00,-1.000000000000000000e+00,-1.000000000000000000e+00,-1.000000000000000000e+00,-1.000000000000000000e+00,-1.000000000000000000e+00,-1.000000000000000000e+00,-1.000000000000000000e+00,-1.000000000000000000e+00,-1.000000000000000000e+00,-1.000000000000000000e+00,-1.000000000000000000e+00,-1.000000000000000000e+00,-1.000000000000000000e+00,-1.000000000000000000e+00,-1.000000000000000000e+00,-1.000000000000000000e+00,-1.000000000000000000e+00,-1.000000000000000000e+00
-1.000000000000000000e+00,-1.000000000000000000e+00,-1.000000000000000000e+00,-1.000000000000000000e+00,-1.000000000000000000e+00,-1.000000000000000000e+00,-1.000000000000000000e+00,-1.000000000000000000e+00,-1.000000000000000000e+00,-1.000000000000000000e+00,-1.000000000000000000e+00,-1.000000000000000000e+00,-1.000000000000000000e+00,-1.000000000000000000e+00,-1.000000000000000000e+00,-1.000000000000000000e+00,-1.000000000000000000e+00,-1.000000000000000000e+00,-1.000000000000000000e+00,-1.000000000000000000e+00,-1.000000000000000000e+00,-1.000000000000000000e+00,-1.000000000000000000e+00,-1.000000000000000000e+00,-1.000000000000000000e+00,-1.000000000000000000e+00,-1.000000000000000000e+00,-1.000000000000000000e+00,-1.000000000000000000e+00,-1.000000000000000000e+00,-1.000000000000000000e+00,-1.000000000000000000e+00,-1.000000000000000000e+00,-1.000000000000000000e+00,-1.000000000000000000e+00,-1.000000000000000000e+00,-1.000000000000000000e+00,-1.000000000000000000e+00,-1.000000000000000000e+00,-1.000000000000000000e+00,-1.000000000000000000e+00,-1.000000000000000000e+00,-1.000000000000000000e+00,-1.000000000000000000e+00,-1.000000000000000000e+00,-1.000000000000000000e+00,-1.431467153598031228e+00,-1.431542777333981942e+00,-1.431769282433246637e+00,-1.432145258866522886e+00,-1.432667078688368401e+00,-1.433326076641724178e+00,-1.434102304927585614e+00,-1.434951353120991646e+00,-1.435777653866719739e+00,-1.436382670714654530e+00,-1.436368742935806520e+00,-1.434969028380456368e+00,-1.430762189278364849e+00,-1.421221361266168826e+00,-1.402049696580836446e+00,-1.366286131447366436e+00,-1.303251501928358591e+00,-1.197582604712904564e+00,-1.028907738979082609e+00,-7.731659931070663516e-01,-4.070998743888855076e-01,8.218590229692956939e-02,6.810990106337055927e-01,1.327855748478101283e+00,1.894290540588101202e+00,2.204992331968872232e+00,2.204992331915845316e+00,1.894290540421931457e+00,1.327855748174669781e+00,6.810990101626661630e-01,8.218590164139238929e-02,-4.070998752142457322e-01,-7.731659940639385997e-01,-1.028907740009303406e+00,-1.197582605728490845e+00,-1.303251502840242493e+00,-1.366286132208758497e+00,-1.402049697252472749e+00,-1.421221361905017577e+00,-1.430762189829428044e+00,-1.434969028871501795e+00,-1.436368743423909855e+00,-1.436382671261539512e+00,-1.435777654573641815e+00,-1.434951353960781884e+00,-1.434102305903962815e+00,-1.433326077815465727e+00,-1.432667079956011502e+00,-1.432145260146846955e+00,-1.431769283932651238e+00,-1.431542778108512382e+00,-1.431467154578351497e+00,-1.000000000000000000e+00,-1.000000000000000000e+00,-1.000000000000000000e+00,-1.000000000000000000e+00,-1.000000000000000000e+00,-1.000000000000000000e+00,-1.000000000000000000e+00,-1.000000000000000000e+00,-1.000000000000000000e+00,-1.000000000000000000e+00,-1.000000000000000000e+00,-1.000000000000000000e+00,-1.000000000000000000e+00,-1.000000000000000000e+00,-1.000000000000000000e+00,-1.000000000000000000e+00,-1.000000000000000000e+00,-1.000000000000000000e+00,-1.000000000000000000e+00,-1.000000000000000000e+00,-1.000000000000000000e+00,-1.000000000000000000e+00,-1.000000000000000000e+00,-1.000000000000000000e+00,-1.000000000000000000e+00,-1.000000000000000000e+00,-1.000000000000000000e+00,-1.000000000000000000e+00,-1.000000000000000000e+00,-1.000000000000000000e+00,-1.000000000000000000e+00,-1.000000000000000000e+00,-1.000000000000000000e+00,-1.000000000000000000e+00,-1.000000000000000000e+00,-1.000000000000000000e+00,-1.000000000000000000e+00,-1.000000000000000000e+00,-1.000000000000000000e+00,-1.000000000000000000e+00,-1.000000000000000000e+00,-1.000000000000000000e+00,-1.000000000000000000e+00,-1.000000000000000000e+00,-1.000000000000000000e+00,-1.000000000000000000e+00
-1.000000000000000000e+00,-1.000000000000000000e+00,-1.000000000000000000e+00,-1.000000000000000000e+00,-1.000000000000000000e+00,-1.000000000000000000e+00,-1.000000000000000000e+00,-1.000000000000000000e+00,-1.000000000000000000e+00,-1.000000000000000000e+00,-1.000000000000000000e+00,-1.000000000000000000e+00,-1.000000000000000000e+00,-1.000000000000000000e+00,-1.000000000000000000e+00,-1.000000000000000000e+00,-1.000000000000000000e+00,-1.000000000000000000e+00,-1.000000000000000000e+00,-1.000000000000000000e+00,-1.000000000000000000e+00,-1.000000000000000000e+00,-1.000000000000000000e+00,-1.000000000000000000e+00,-1.000000000000000000e+00,-1.000000000000000000e+00,-1.000000000000000000e+00,-1.000000000000000000e+00,-1.000000000000000000e+00,-1.000000000000000000e+00,-1.000000000000000000e+00,-1.000000000000000000e+00,-1.000000000000000000e+00,-1.000000000000000000e+00,-1.000000000000000000e+00,-1.000000000000000000e+00,-1.000000000000000000e+00,-1.000000000000000000e+00,-1.000000000000000000e+00,-1.000000000000000000e+00,-1.000000000000000000e+00,-1.000000000000000000e+00,-1.000000000000000000e+00,-1.000000000000000000e+00,-1.000000000000000000e+00,-1.000000000000000000e+00,-1.431264806608628870e+00,-1.431340428997273539e+00,-1.431566930114572811e+00,-1.431942900012661113e+00,-1.432464710827917820e+00,-1.433123696886398513e+00,-1.433899908976849602e+00,-1.434748932718541203e+00,-1.435575191023236163e+00,-1.436180126294091419e+00,-1.436166034564954730e+00,-1.434765988816273374e+00,-1.430558492826663253e+00,-1.421016399929551088e+00,-1.401842382952103394e+00,-1.366074604245182567e+00,-1.303032720650889154e+00,-1.197351852129444394e+00,-1.028658115767838499e+00,-7.728881019658125906e-01,-4.067820495986594898e-01,8.255629794807073374e-02,6.815326348346140151e-01,1.328356357860479342e+00,1.894848865590284870e+00,2.205582511341696250e+00,2.205582511333101348e+00,1.894848865545150307e+00,1.328356357726920400e+00,6.815326345628116567e-01,8.255629751265014526e-02,-4.067820502002957861e-01,-7.728881027233843737e-01,-1.028658116637300335e+00,-1.197351853014081868e+00,-1.303032721457838994e+00,-1.366074604960867189e+00,-1.401842383602629472e+00,-1.421016400458960494e+00,-1.430558493232457984e+00,-1.434765989268679709e+00,-1.436166035142182551e+00,-1.436180126962326664e+00,-1.435575191765485759e+00,-1.434748933590296316e+00,-1.433899909989702737e+00,-1.433123698035309479e+00,-1.432464712043888699e+00,-1.431942901214321662e+00,-1.431566931540546150e+00,-1.431340429686245752e+00,-1.431264807492560243e+00,-1.000000000000000000e+00,-1.000000000000000000e+00,-1.000000000000000000e+00,-1.000000000000000000e+00,-1.000000000000000000e+00,-1.000000000000000000e+00,-1.000000000000000000e+00,-1.000000000000000000e+00,-1.000000000000000000e+00,-1.000000000000000000e+00,-1.000000000000000000e+00,-1.000000000000000000e+00,-1.000000000000000000e+00,-1.000000000000000000e+00,-1.000000000000000000e+00,-1.000000000000000000e+00,-1.000000000000000000e+00,-1.000000000000000000e+00,-1.000000000000000000e+00,-1.000000000000000000e+00,-1.000000000000000000e+00,-1.000000000000000000e+00,-1.000000000000000000e+00,-1.000000000000000000e+00,-1.000000000000000000e+00,-1.000000000000000000e+00,-1.000000000000000000e+00,-1.000000000000000000e+00,-1.000000000000000000e+00,-1.000000000000000000e+00,-1.000000000000000000e+00,-1.000000000000000000e+00,-1.000000000000000000e+00,-1.000000000000000000e+00,-1.000000000000000000e+00,-1.000000000000000000e+00,-1.000000000000000000e+00,-1.000000000000000000e+00,-1.000000000000000000e+00,-1.000000000000000000e+00,-1.000000000000000000e+00,-1.000000000000000000e+00,-1.000000000000000000e+00,-1.000000000000000000e+00,-1.000000000000000000e+00,-1.000000000000000000e+00
-1.000000000000000000e+00,-1.000000000000000000e+00,-1.000000000000000000e+00,-1.000000000000000000e+00,-1.000000000000000000e+00,-1.000000000000000000e+00,-1.000000000000000000e+00,-1.000000000000000000e+00,-1.000000000000000000e+00,-1.000000000000000000e+00,-1.000000000000000000e+00,-1.000000000000000000e+00,-1.000000000000000000e+00,-1.000000000000000000e+00,-1.000000000000000000e+00,-1.000000000000000000e+00,-1.000000000000000000e+00,-1.000000000000000000e+00,-1.000000000000000000e+00,-1.000000000000000000e+00,-1.000000000000000000e+00,-1.000000000000000000e+00,-1.000000000000000000e+00,-1.000000000000000000e+00,-1.000000000000000000e+00,-1.000000000000000000e+00,-1.000000000000000000e+00,-1.000000000000000000e+00,-1.000000000000000000e+00,-1.000000000000000000e+00,-1.000000000000000000e+00,-1.000000000000000000e+00,-1.000000000000000000e+00,-1.000000000000000000e+00,-1.000000000000000000e+00,-1.000000000000000000e+00,-1.000000000000000000e+00,-1.000000000000000000e+00,-1.000000000000000000e+00,-1.000000000000000000e+00,-1.000000000000000000e+00,-1.000000000000000000e+00,-1.000000000000000000e+00,-1.000000000000000000e+00,-1.000000000000000000e+00,-1.000000000000000000e+00,-1.431081506467219544e+00,-1.431157127846856447e+00,-1.431383626030741762e+00,-1.431759591138279664e+00,-1.432281395419590986e+00,-1.432940372816733809e+00,-1.433716572725975524e+00,-1.434565577143869675e+00,-1.435391800213315916e+00,-1.435996665142213358e+00,-1.435982428662459620e+00,-1.434582086966289527e+00,-1.430374000784939925e+00,-1.420830768178875436e+00,-1.401654628106340006e+00,-1.365883042866558483e+00,-1.302834602768677463e+00,-1.197142911010079525e+00,-1.028432110472312200e+00,-7.726365312374527949e-01,-4.064943589618433828e-01,8.289154353625227678e-02,6.819250814348087886e-01,1.328809409012102538e+00,1.895354137872239608e+00,2.206116605031155586e+00,2.206116605047670376e+00,1.895354137895702618e+00,1.328809408974247930e+00,6.819250812766248782e-01,8.289154324424785614e-02,-4.064943593771965791e-01,-7.726365317666930022e-01,-1.028432111078456224e+00,-1.197142911624613726e+00,-1.302834603341716413e+00,-1.365883043411699305e+00,-1.401654628643854261e+00,-1.420830768676526246e+00,-1.430374001307895160e+00,-1.434582087580297260e+00,-1.435982429302359753e+00,-1.435996665820697293e+00,-1.435391800936735240e+00,-1.434565578019367127e+00,-1.433716573731649513e+00,-1.432940373913328180e+00,-1.432281396616268632e+00,-1.431759592300619222e+00,-1.431383627381731749e+00,-1.431157128428006464e+00,-1.431081507202030423e+00,-1.000000000000000000e+00,-1.000000000000000000e+00,-1.000000000000000000e+00,-1.000000000000000000e+00,-1.000000000000000000e+00,-1.000000000000000000e+00,-1.000000000000000000e+00,-1.000000000000000000e+00,-1.000000000000000000e+00,-1.000000000000000000e+00,-1.000000000000000000e+00,-1.000000000000000000e+00,-1.000000000000000000e+00,-1.000000000000000000e+00,-1.000000000000000000e+00,-1.000000000000000000e+00,-1.000000000000000000e+00,-1.000000000000000000e+00,-1.000000000000000000e+00,-1.000000000000000000e+00,-1.000000000000000000e+00,-1.000000000000000000e+00,-1.000000000000000000e+00,-1.000000000000000000e+00,-1.000000000000000000e+00,-1.000000000000000000e+00,-1.000000000000000000e+00,-1.000000000000000000e+00,-1.000000000000000000e+00,-1.000000000000000000e+00,-1.000000000000000000e+00,-1.000000000000000000e+00,-1.000000000000000000e+00,-1.000000000000000000e+00,-1.000000000000000000e+00,-1.000000000000000000e+00,-1.000000000000000000e+00,-1.000000000000000000e+00,-1.000000000000000000e+00,-1.000000000000000000e+00,-1.000000000000000000e+00,-1.000000000000000000e+00,-1.000000000000000000e+00,-1.000000000000000000e+00,-1.000000000000000000e+00,-1.000000000000000000e+00
-1.000000000000000000e+00,-1.000000000000000000e+00,-1.000000000000000000e+00,-1.000000000000000000e+00,-1.000000000000000000e+00,-1.000000000000000000e+00,-1.000000000000000000e+00,-1.000000000000000000e+00,-1.000000000000000000e+00,-1.000000000000000000e+00,-1.000000000000000000e+00,-1.000000000000000000e+00,-1.000000000000000000e+00,-1.000000000000000000e+00,-1.000000000000000000e+00,-1.000000000000000000e+00,-1.000000000000000000e+00,-1.000000000000000000e+00,-1.000000000000000000e+00,-1.000000000000000000e+00,-1.000000000000000000e+00,-1.000000000000000000e+00,-1.000000000000000000e+00,-1.000000000000000000e+00,-1.000000000000000000e+00,-1.000000000000000000e+00,-1.000000000000000000e+00,-1.000000000000000000e+00,-1.000000000000000000e+00,-1.000000000000000000e+00,-1.000000000000000000e+00,-1.000000000000000000e+00,-1.000000000000000000e+00,-1.000000000000000000e+00,-1.000000000000000000e+00,-1.000000000000000000e+00,-1.000000000000000000e+00,-1.000000000000000000e+00,-1.000000000000000000e+00,-1.000000000000000000e+00,-1.000000000000000000e+00,-1.000000000000000000e+00,-1.000000000000000000e+00,-1.000000000000000000e+00,-1.000000000000000000e+00,-1.000000000000000000e+00,-1.430917321360652750e+00,-1.430992942033546544e+00,-1.431219438189670345e+00,-1.431595399927646728e+00,-1.432117199580521749e+00,-1.432776170826971729e+00,-1.433552361735306091e+00,-1.434401350942690945e+00,-1.435227544937687671e+00,-1.435832349735042701e+00,-1.435817986766513066e+00,-1.434417383371418220e+00,-1.430208772300522568e+00,-1.420664523478939456e+00,-1.401486487777140688e+00,-1.365711501219779356e+00,-1.302657200095942880e+00,-1.196955830700422219e+00,-1.028229769566944451e+00,-7.724113241721015655e-01,-4.062368423898207181e-01,8.319160213396714632e-02,6.822763155342377317e-01,1.329214867664412214e+00,1.895806322726333537e+00,2.206594578203973978e+00,2.206594578220390179e+00,1.895806322752134232e+00,1.329214867651506982e+00,6.822763154563191712e-01,8.319160199478359274e-02,-4.062368425880586997e-01,-7.724113244353419949e-01,-1.028229769878548971e+00,-1.196955831036672135e+00,-1.302657200459754527e+00,-1.365711501639781833e+00,-1.401486488252993379e+00,-1.420664524002812623e+00,-1.430208772922066940e+00,-1.434417383992965034e+00,-1.435817987330694656e+00,-1.435832350428583482e+00,-1.435227545771075697e+00,-1.434401351933160207e+00,-1.433552362710172501e+00,-1.432776171802535803e+00,-1.432117200656499278e+00,-1.431595400883274971e+00,-1.431219439289690865e+00,-1.430992942394147427e+00,-1.430917321870619485e+00,-1.000000000000000000e+00,-1.000000000000000000e+00,-1.000000000000000000e+00,-1.000000000000000000e+00,-1.000000000000000000e+00,-1.000000000000000000e+00,-1.000000000000000000e+00,-1.000000000000000000e+00,-1.000000000000000000e+00,-1.000000000000000000e+00,-1.000000000000000000e+00,-1.000000000000000000e+00,-1.000000000000000000e+00,-1.000000000000000000e+00,-1.000000000000000000e+00,-1.000000000000000000e+00,-1.000000000000000000e+00,-1.000000000000000000e+00,-1.000000000000000000e+00,-1.000000000000000000e+00,-1.000000000000000000e+00,-1.000000000000000000e+00,-1.000000000000000000e+00,-1.000000000000000000e+00,-1.000000000000000000e+00,-1.000000000000000000e+00,-1.000000000000000000e+00,-1.000000000000000000e+00,-1.000000000000000000e+00,-1.000000000000000000e+00,-1.000000000000000000e+00,-1.000000000000000000e+00,-1.000000000000000000e+00,-1.000000000000000000e+00,-1.000000000000000000e+00,-1.000000000000000000e+00,-1.000000000000000000e+00,-1.000000000000000000e+00,-1.000000000000000000e+00,-1.000000000000000000e+00,-1.000000000000000000e+00,-1.000000000000000000e+00,-1.000000000000000000e+00,-1.000000000000000000e+00,-1.000000000000000000e+00,-1.000000000000000000e+00
-1.000000000000000000e+00,-1.000000000000000000e+00,-1.000000000000000000e+00,-1.000000000000000000e+00,-1.000000000000000000e+00,-1.000000000000000000e+00,-1.000000000000000000e+00,-1.000000000000000000e+00,-1.000000000000000000e+00,-1.000000000000000000e+00,-1.000000000000000000e+00,-1.000000000000000000e+00,-1.000000000000000000e+00,-1.000000000000000000e+00,-1.000000000000000000e+00,-1.000000000000000000e+00,-1.000000000000000000e+00,-1.000000000000000000e+00,-1.000000000000000000e+00,-1.000000000000000000e+00,-1.000000000000000000e+00,-1.000000000000000000e+00,-1.000000000000000000e+00,-1.000000000000000000e+00,-1.000000000000000000e+00,-1.000000000000000000e+00,-1.000000000000000000e+00,-1.000000000000000000e+00,-1.000000000000000000e+00,-1.000000000000000000e+00,-1.000000000000000000e+00,-1.000000000000000000e+00,-1.000000000000000000e+00,-1.000000000000000000e+00,-1.000000000000000000e+00,-1.000000000000000000e+00,-1.000000000000000000e+00,-1.000000000000000000e+00,-1.000000000000000000e+00,-1.000000000000000000e+00,-1.000000000000000000e+00,-1.000000000000000000e+00,-1.000000000000000000e+00,-1.000000000000000000e+00,-1.000000000000000000e+00,-1.000000000000000000e+00,-1.430772311723860435e+00,-1.430847931916157112e+00,-1.431074426738017991e+00,-1.431450386276359676e+00,-1.431972182840739460e+00,-1.432631149896531397e+00,-1.433407334395871091e+00,-1.434256311916060733e+00,-1.435082482031225792e+00,-1.435687235590324740e+00,-1.435672763195649626e+00,-1.434271931466676975e+00,-1.430062859928444174e+00,-1.420517717201901231e+00,-1.401338011941377193e+00,-1.365560027701959278e+00,-1.302500559130957081e+00,-1.196790655446977381e+00,-1.028051134714476733e+00,-7.722125195866771374e-01,-4.060095358161709411e-01,8.345644031054666456e-02,6.825863052938148101e-01,1.329572702328392086e+00,1.896205388147424564e+00,2.207016398719333417e+00,2.207016398738069984e+00,1.896205388186757546e+00,1.329572702367420867e+00,6.825863053359009225e-01,8.345644035943333705e-02,-4.060095357867373744e-01,-7.722125195969049560e-01,-1.028051134741832628e+00,-1.196790655490990174e+00,-1.302500559240908018e+00,-1.365560027924072051e+00,-1.401338012282111078e+00,-1.420517717674403935e+00,-1.430062860562474780e+00,-1.434271932145014361e+00,-1.435672763933180995e+00,-1.435687236482666718e+00,-1.435082482887483968e+00,-1.434256312807630884e+00,-1.433407335198887855e+00,-1.432631150698367994e+00,-1.431972183766800466e+00,-1.431450387040980043e+00,-1.431074427674336347e+00,-1.430847932173274106e+00,-1.430772312107889688e+00,-1.000000000000000000e+00,-1.000000000000000000e+00,-1.000000000000000000e+00,-1.000000000000000000e+00,-1.000000000000000000e+00,-1.000000000000000000e+00,-1.000000000000000000e+00,-1.000000000000000000e+00,-1.000000000000000000e+00,-1.000000000000000000e+00,-1.000000000000000000e+00,-1.000000000000000000e+00,-1.000000000000000000e+00,-1.000000000000000000e+00,-1.000000000000000000e+00,-1.000000000000000000e+00,-1.000000000000000000e+00,-1.000000000000000000e+00,-1.000000000000000000e+00,-1.000000000000000000e+00,-1.000000000000000000e+00,-1.000000000000000000e+00,-1.000000000000000000e+00,-1.000000000000000000e+00,-1.000000000000000000e+00,-1.000000000000000000e+00,-1.000000000000000000e+00,-1.000000000000000000e+00,-1.000000000000000000e+00,-1.000000000000000000e+00,-1.000000000000000000e+00,-1.000000000000000000e+00,-1.000000000000000000e+00,-1.000000000000000000e+00,-1.000000000000000000e+00,-1.000000000000000000e+00,-1.000000000000000000e+00,-1.000000000000000000e+00,-1.000000000000000000e+00,-1.000000000000000000e+00,-1.000000000000000000e+00,-1.000000000000000000e+00,-1.000000000000000000e+00,-1.000000000000000000e+00,-1.000000000000000000e+00,-1.000000000000000000e+00
-1.000000000000000000e+00,-1.000000000000000000e+00,-1.000000000000000000e+00,-1.000000000000000000e+00,-1.000000000000000000e+00,-1.000000000000000000e+00,-1.000000000000000000e+00,-1.000000000000000000e+00,-1.000000000000000000e+00,-1.000000000000000000e+00,-1.000000000000000000e+00,-1.000000000000000000e+00,-1.000000000000000000e+00,-1.000000000000000000e+00,-1.000000000000000000e+00,-1.000000000000000000e+00,-1.000000000000000000e+00,-1.000000000000000000e+00,-1.000000000000000000e+00,-1.000000000000000000e+00,-1.000000000000000000e+00,-1.000000000000000000e+00,-1.000000000000000000e+00,-1.000000000000000000e+00,-1.000000000000000000e+00,-1.000000000000000000e+00,-1.000000000000000000e+00,-1.000000000000000000e+00,-1.000000000000000000e+00,-1.000000000000000000e+00,-1.000000000000000000e+00,-1.000000000000000000e+00,-1.000000000000000000e+00,-1.000000000000000000e+00,-1.000000000000000000e+00,-1.000000000000000000e+00,-1.000000000000000000e+00,-1.000000000000000000e+00,-1.000000000000000000e+00,-1.000000000000000000e+00,-1.000000000000000000e+00,-1.000000000000000000e+00,-1.000000000000000000e+00,-1.000000000000000000e+00,-1.000000000000000000e+00,-1.000000000000000000e+00,-1.430646530662815774e+00,-1.430722150534254000e+00,-1.430948644468531095e+00,-1.431324602643751165e+00,-1.431846397233643486e+00,-1.432505361427864221e+00,-1.433281541499882072e+00,-1.434130510324220564e+00,-1.434956661304221281e+00,-1.435561371965721644e+00,-1.435546806216560389e+00,-1.434145778317039710e+00,-1.429936309629261881e+00,-1.420390394258983946e+00,-1.401209244387828567e+00,-1.365428664821289440e+00,-1.302364720866560965e+00,-1.196647424421981354e+00,-1.027896242934743576e+00,-7.720401520559199149e-01,-4.058124712714645810e-01,8.368602824285731323e-02,6.828550222326827956e-01,1.329882884725595904e+00,1.896551305286606315e+00,2.207382037526453011e+00,2.207382037562191979e+00,1.896551305383816999e+00,1.329882884874889815e+00,6.828550224359970500e-01,8.368602849903750140e-02,-4.058124709853966339e-01,-7.720401517499226873e-01,-1.027896242592481135e+00,-1.196647424090772072e+00,-1.302364720641972173e+00,-1.365428664773715939e+00,-1.401209244574616930e+00,-1.420390394717204074e+00,-1.429936310331501703e+00,-1.434145779139768706e+00,-1.435546807153487814e+00,-1.435561372902059540e+00,-1.434956662005732131e+00,-1.434130511076965098e+00,-1.433281542256021890e+00,-1.432505362205543253e+00,-1.431846398026423106e+00,-1.431324603266977302e+00,-1.430948645376064920e+00,-1.430722150833313666e+00,-1.430646531066471772e+00,-1.000000000000000000e+00,-1.000000000000000000e+00,-1.000000000000000000e+00,-1.000000000000000000e+00,-1.000000000000000000e+00,-1.000000000000000000e+00,-1.000000000000000000e+00,-1.000000000000000000e+00,-1.000000000000000000e+00,-1.000000000000000000e+00,-1.000000000000000000e+00,-1.000000000000000000e+00,-1.000000000000000000e+00,-1.000000000000000000e+00,-1.000000000000000000e+00,-1.000000000000000000e+00,-1.000000000000000000e+00,-1.000000000000000000e+00,-1.000000000000000000e+00,-1.000000000000000000e+00,-1.000000000000000000e+00,-1.000000000000000000e+00,-1.000000000000000000e+00,-1.000000000000000000e+00,-1.000000000000000000e+00,-1.000000000000000000e+00,-1.000000000000000000e+00,-1.000000000000000000e+00,-1.000000000000000000e+00,-1.000000000000000000e+00,-1.000000000000000000e+00,-1.000000000000000000e+00,-1.000000000000000000e+00,-1.000000000000000000e+00,-1.000000000000000000e+00,-1.000000000000000000e+00,-1.000000000000000000e+00,-1.000000000000000000e+00,-1.000000000000000000e+00,-1.000000000000000000e+00,-1.000000000000000000e+00,-1.000000000000000000e+00,-1.000000000000000000e+00,-1.000000000000000000e+00,-1.000000000000000000e+00,-1.000000000000000000e+00
-1.000000000000000000e+00,-1.000000000000000000e+00,-1.000000000000000000e+00,-1.000000000000000000e+00,-1.000000000000000000e+00,-1.000000000000000000e+00,-1.000000000000000000e+00,-1.000000000000000000e+00,-1.000000000000000000e+00,-1.000000000000000000e+00,-1.000000000000000000e+00,-1.000000000000000000e+00,-1.000000000000000000e+00,-1.000000000000000000e+00,-1.000000000000000000e+00,-1.000000000000000000e+00,-1.000000000000000000e+00,-1.000000000000000000e+00,-1.000000000000000000e+00,-1.000000000000000000e+00,-1.000000000000000000e+00,-1.000000000000000000e+00,-1.000000000000000000e+00,-1.000000000000000000e+00,-1.000000000000000000e+00,-1.000000000000000000e+00,-1.000000000000000000e+00,-1.000000000000000000e+00,-1.000000000000000000e+00,-1.000000000000000000e+00,-1.000000000000000000e+00,-1.000000000000000000e+00,-1.000000000000000000e+00,-1.000000000000000000e+00,-1.000000000000000000e+00,-1.000000000000000000e+00,-1.000000000000000000e+00,-1.000000000000000000e+00,-1.000000000000000000e+00,-1.000000000000000000e+00,-1.000000000000000000e+00,-1.000000000000000000e+00,-1.000000000000000000e+00,-1.000000000000000000e+00,-1.000000000000000000e+00,-1.000000000000000000e+00,-1.430540023920286341e+00,-1.430615643631179879e+00,-1.430842137041700823e+00,-1.431218094472745062e+00,-1.431739887992670379e+00,-1.432398850407555102e+00,-1.433175027341607066e+00,-1.434023989426012502e+00,-1.434850125205641147e+00,-1.435454800898186223e+00,-1.435440157436983277e+00,-1.434038964776805258e+00,-1.429829161358361800e+00,-1.420282593637980817e+00,-1.401100222990988575e+00,-1.365317449215013301e+00,-1.302249720563041668e+00,-1.196526171311808051e+00,-1.027765126129107864e+00,-7.718942515151653305e-01,-4.056456766808098635e-01,8.388033975936726172e-02,6.830824412720983840e-01,1.330145389923447219e+00,1.896844048673444139e+00,2.207691468937988066e+00,2.207691469002342810e+00,1.896844048863298493e+00,1.330145390236249003e+00,6.830824416907159691e-01,8.388034025236978941e-02,-4.056456761415591084e-01,-7.718942509480040126e-01,-1.027765125568005811e+00,-1.196526170837187486e+00,-1.302249720239938124e+00,-1.365317449088973900e+00,-1.401100223151818147e+00,-1.420282594126611730e+00,-1.429829162097401962e+00,-1.434038965649941044e+00,-1.435440158426917190e+00,-1.435454801859658236e+00,-1.434850126019624472e+00,-1.434023990313348484e+00,-1.433175028047792621e+00,-1.432398850979028193e+00,-1.431739888464569788e+00,-1.431218094862085843e+00,-1.430842137862680774e+00,-1.430615643920467139e+00,-1.430540024314601366e+00,-1.000000000000000000e+00,-1.000000000000000000e+00,-1.000000000000000000e+00,-1.000000000000000000e+00,-1.000000000000000000e+00,-1.000000000000000000e+00,-1.000000000000000000e+00,-1.000000000000000000e+00,-1.000000000000000000e+00,-1.000000000000000000e+00,-1.000000000000000000e+00,-1.000000000000000000e+00,-1.000000000000000000e+00,-1.000000000000000000e+00,-1.000000000000000000e+00,-1.000000000000000000e+00,-1.000000000000000000e+00,-1.000000000000000000e+00,-1.000000000000000000e+00,-1.000000000000000000e+00,-1.000000000000000000e+00,-1.000000000000000000e+00,-1.000000000000000000e+00,-1.000000000000000000e+00,-1.000000000000000000e+00,-1.000000000000000000e+00,-1.000000000000000000e+00,-1.000000000000000000e+00,-1.000000000000000000e+00,-1.000000000000000000e+00,-1.000000000000000000e+00,-1.000000000000000000e+00,-1.000000000000000000e+00,-1.000000000000000000e+00,-1.000000000000000000e+00,-1.000000000000000000e+00,-1.000000000000000000e+00,-1.000000000000000000e+00,-1.000000000000000000e+00,-1.000000000000000000e+00,-1.000000000000000000e+00,-1.000000000000000000e+00,-1.000000000000000000e+00,-1.000000000000000000e+00,-1.000000000000000000e+00,-1.000000000000000000e+00
-1.000000000000000000e+00,-1.000000000000000000e+00,-1.000000000000000000e+00,-1.000000000000000000e+00,-1.000000000000000000e+00,-1.000000000000000000e+00,-1.000000000000000000e+00,-1.000000000000000000e+00,-1.000000000000000000e+00,-1.000000000000000000e+00,-1.000000000000000000e+00,-1.000000000000000000e+00,-1.000000000000000000e+00,-1.000000000000000000e+00,-1.000000000000000000e+00,-1.000000000000000000e+00,-1.000000000000000000e+00,-1.000000000000000000e+00,-1.000000000000000000e+00,-1.000000000000000000e+00,-1.000000000000000000e+00,-1.000000000000000000e+00,-1.000000000000000000e+00,-1.000000000000000000e+00,-1.000000000000000000e+00,-1.000000000000000000e+00,-1.000000000000000000e+00,-1.000000000000000000e+00,-1.000000000000000000e+00,-1.000000000000000000e+00,-1.000000000000000000e+00,-1.000000000000000000e+00,-1.000000000000000000e+00,-1.000000000000000000e+00,-1.000000000000000000e+00,-1.000000000000000000e+00,-1.000000000000000000e+00,-1.000000000000000000e+00,-1.000000000000000000e+00,-1.000000000000000000e+00,-1.000000000000000000e+00,-1.000000000000000000e+00,-1.000000000000000000e+00,-1.000000000000000000e+00,-1.000000000000000000e+00,-1.000000000000000000e+00,-1.430452829875320298e+00,-1.430528449530051205e+00,-1.430754942598297497e+00,-1.431130899538350487e+00,-1.431652692677102046e+00,-1.432311654343766616e+00,-1.433087829423104864e+00,-1.433936786526511131e+00,-1.434762910329547392e+00,-1.435367558111463770e+00,-1.435352851893294091e+00,-1.433951525298611696e+00,-1.429741448974367835e+00,-1.420194348519872474e+00,-1.401010980126760508e+00,-1.365226412307289472e+00,-1.302155588495285343e+00,-1.196426924966170757e+00,-1.027657811448661862e+00,-7.717748432880868759e-01,-4.055091756154098892e-01,8.403935274074236794e-02,6.832685411464651803e-01,1.330360196699970299e+00,1.897083596578013065e+00,2.207944671023631678e+00,2.207944671122656910e+00,1.897083596867216393e+00,1.330360197158017677e+00,6.832685417170925035e-01,8.403935335617673807e-02,-4.055091749900598952e-01,-7.717748426705610676e-01,-1.027657810869048172e+00,-1.196426924471622577e+00,-1.302155588107972051e+00,-1.365226412077092499e+00,-1.401010980190878774e+00,-1.420194348927466210e+00,-1.429741449642466300e+00,-1.433951526140262001e+00,-1.435352852833288839e+00,-1.435367558992145742e+00,-1.434762911080956549e+00,-1.433936787161708137e+00,-1.433087829700168792e+00,-1.432311654612231866e+00,-1.431652693097788642e+00,-1.431130900158392283e+00,-1.430754943650841771e+00,-1.430528450022871656e+00,-1.430452830493605276e+00,-1.000000000000000000e+00,-1.000000000000000000e+00,-1.000000000000000000e+00,-1.000000000000000000e+00,-1.000000000000000000e+00,-1.000000000000000000e+00,-1.000000000000000000e+00,-1.000000000000000000e+00,-1.000000000000000000e+00,-1.000000000000000000e+00,-1.000000000000000000e+00,-1.000000000000000000e+00,-1.000000000000000000e+00,-1.000000000000000000e+00,-1.000000000000000000e+00,-1.000000000000000000e+00,-1.000000000000000000e+00,-1.000000000000000000e+00,-1.000000000000000000e+00,-1.000000000000000000e+00,-1.000000000000000000e+00,-1.000000000000000000e+00,-1.000000000000000000e+00,-1.000000000000000000e+00,-1.000000000000000000e+00,-1.000000000000000000e+00,-1.000000000000000000e+00,-1.000000000000000000e+00,-1.000000000000000000e+00,-1.000000000000000000e+00,-1.000000000000000000e+00,-1.000000000000000000e+00,-1.000000000000000000e+00,-1.000000000000000000e+00,-1.000000000000000000e+00,-1.000000000000000000e+00,-1.000000000000000000e+00,-1.000000000000000000e+00,-1.000000000000000000e+00,-1.000000000000000000e+00,-1.000000000000000000e+00,-1.000000000000000000e+00,-1.000000000000000000e+00,-1.000000000000000000e+00,-1.000000000000000000e+00,-1.000000000000000000e+00
-1.000000000000000000e+00,-1.000000000000000000e+00,-1.000000000000000000e+00,-1.000000000000000000e+00,-1.000000000000000000e+00,-1.000000000000000000e+00,-1.000000000000000000e+00,-1.000000000000000000e+00,-1.000000000000000000e+00,-1.000000000000000000e+00,-1.000000000000000000e+00,-1.000000000000000000e+00,-1.000000000000000000e+00,-1.000000000000000000e+00,-1.000000000000000000e+00,-1.000000000000000000e+00,-1.000000000000000000e+00,-1.000000000000000000e+00,-1.000000000000000000e+00,-1.000000000000000000e+00,-1.000000000000000000e+00,-1.000000000000000000e+00,-1.000000000000000000e+00,-1.000000000000000000e+00,-1.000000000000000000e+00,-1.000000000000000000e+00,-1.000000000000000000e+00,-1.000000000000000000e+00,-1.000000000000000000e+00,-1.000000000000000000e+00,-1.000000000000000000e+00,-1.000000000000000000e+00,-1.000000000000000000e+00,-1.000000000000000000e+00,-1.000000000000000000e+00,-1.000000000000000000e+00,-1.000000000000000000e+00,-1.000000000000000000e+00,-1.000000000000000000e+00,-1.000000000000000000e+00,-1.000000000000000000e+00,-1.000000000000000000e+00,-1.000000000000000000e+00,-1.000000000000000000e+00,-1.000000000000000000e+00,-1.000000000000000000e+00,-1.430384979929586242e+00,-1.430460599615223316e+00,-1.430687092510561031e+00,-1.431063049076090721e+00,-1.431584841921655693e+00,-1.432243803024864315e+00,-1.433019977082228502e+00,-1.433868931005793046e+00,-1.434695046031048804e+00,-1.435299672554245731e+00,-1.435284918003640220e+00,-1.433883487753173425e+00,-1.429673199743491940e+00,-1.420125685561820283e+00,-1.400941541838137017e+00,-1.365155579500091143e+00,-1.302082349364154901e+00,-1.196349709215562829e+00,-1.027574321598838436e+00,-7.716819487318981041e-01,-4.054029880080614046e-01,8.416304848350875112e-02,6.834133038637031365e-01,1.330527287088727029e+00,1.897269930617377032e+00,2.208141625262270313e+00,2.208141625453392543e+00,1.897269931156778888e+00,1.330527287886179355e+00,6.834133048025528012e-01,8.416304946869268555e-02,-4.054029870244120204e-01,-7.716819477783565251e-01,-1.027574320701795330e+00,-1.196349708414667701e+00,-1.302082348707847226e+00,-1.365155579078672243e+00,-1.400941541784475497e+00,-1.420125685879300548e+00,-1.429673200345604078e+00,-1.433883488587840205e+00,-1.435284918935305631e+00,-1.435299673408831245e+00,-1.434695046771132132e+00,-1.433868931586007145e+00,-1.433019977483463325e+00,-1.432243803640068869e+00,-1.431584842683888414e+00,-1.431063050102697964e+00,-1.430687093848141966e+00,-1.430460600407531535e+00,-1.430384981001628031e+00,-1.000000000000000000e+00,-1.000000000000000000e+00,-1.000000000000000000e+00,-1.000000000000000000e+00,-1.000000000000000000e+00,-1.000000000000000000e+00,-1.000000000000000000e+00,-1.000000000000000000e+00,-1.000000000000000000e+00,-1.000000000000000000e+00,-1.000000000000000000e+00,-1.000000000000000000e+00,-1.000000000000000000e+00,-1.000000000000000000e+00,-1.000000000000000000e+00,-1.000000000000000000e+00,-1.000000000000000000e+00,-1.000000000000000000e+00,-1.000000000000000000e+00,-1.000000000000000000e+00,-1.000000000000000000e+00,-1.000000000000000000e+00,-1.000000000000000000e+00,-1.000000000000000000e+00,-1.000000000000000000e+00,-1.000000000000000000e+00,-1.000000000000000000e+00,-1.000000000000000000e+00,-1.000000000000000000e+00,-1.000000000000000000e+00,-1.000000000000000000e+00,-1.000000000000000000e+00,-1.000000000000000000e+00,-1.000000000000000000e+00,-1.000000000000000000e+00,-1.000000000000000000e+00,-1.000000000000000000e+00,-1.000000000000000000e+00,-1.000000000000000000e+00,-1.000000000000000000e+00,-1.000000000000000000e+00,-1.000000000000000000e+00,-1.000000000000000000e+00,-1.000000000000000000e+00,-1.000000000000000000e+00,-1.000000000000000000e+00
-1.000000000000000000e+00,-1.000000000000000000e+00,-1.000000000000000000e+00,-1.000000000000000000e+00,-1.000000000000000000e+00,-1.000000000000000000e+00,-1.000000000000000000e+00,-1.000000000000000000e+00,-1.000000000000000000e+00,-1.000000000000000000e+00,-1.000000000000000000e+00,-1.000000000000000000e+00,-1.000000000000000000e+00,-1.000000000000000000e+00,-1.000000000000000000e+00,-1.000000000000000000e+00,-1.000000000000000000e+00,-1.000000000000000000e+00,-1.000000000000000000e+00,-1.000000000000000000e+00,-1.000000000000000000e+00,-1.000000000000000000e+00,-1.000000000000000000e+00,-1.000000000000000000e+00,-1.000000000000000000e+00,-1.000000000000000000e+00,-1.000000000000000000e+00,-1.000000000000000000e+00,-1.000000000000000000e+00,-1.000000000000000000e+00,-1.000000000000000000e+00,-1.000000000000000000e+00,-1.000000000000000000e+00,-1.000000000000000000e+00,-1.000000000000000000e+00,-1.000000000000000000e+00,-1.000000000000000000e+00,-1.000000000000000000e+00,-1.000000000000000000e+00,-1.000000000000000000e+00,-1.000000000000000000e+00,-1.000000000000000000e+00,-1.000000000000000000e+00,-1.000000000000000000e+00,-1.000000000000000000e+00,-1.000000000000000000e+00,-1.430336498217152918e+00,-1.430412117965951690e+00,-1.430638611015079276e+00,-1.431014567618380084e+00,-1.431536360462816848e+00,-1.432195321079130057e+00,-1.432971494275924851e+00,-1.433820446092184842e+00,-1.434646555093918918e+00,-1.435251166690631131e+00,-1.435236377909205441e+00,-1.433834873884277883e+00,-1.429624434933160826e+00,-1.420076625497725953e+00,-1.400891928226807526e+00,-1.365104970125405881e+00,-1.302030021639415835e+00,-1.196294541656526267e+00,-1.027514673299787740e+00,-7.716155836385545363e-01,-4.053271287104670551e-01,8.425141291641535801e-02,6.835167157548081018e-01,1.330646647313467934e+00,1.897403036557080647e+00,2.208282317163729136e+00,2.208282317410019679e+00,1.897403037230676492e+00,1.330646648261382126e+00,6.835167168139744120e-01,8.425141395915192177e-02,-4.053271277550173357e-01,-7.716155828236337388e-01,-1.027514672664720852e+00,-1.196294541211824214e+00,-1.302030021394245729e+00,-1.365104970124495054e+00,-1.400891928524474972e+00,-1.420076626040608359e+00,-1.429624435660098669e+00,-1.433834874797621950e+00,-1.435236378878238073e+00,-1.435251167610428702e+00,-1.434646555971509585e+00,-1.433820446853837138e+00,-1.432971495011799101e+00,-1.432195321925940235e+00,-1.431536361224318377e+00,-1.431014568750591076e+00,-1.430638612566596413e+00,-1.430412119197079779e+00,-1.430336499881020185e+00,-1.000000000000000000e+00,-1.000000000000000000e+00,-1.000000000000000000e+00,-1.000000000000000000e+00,-1.000000000000000000e+00,-1.000000000000000000e+00,-1.000000000000000000e+00,-1.000000000000000000e+00,-1.000000000000000000e+00,-1.000000000000000000e+00,-1.000000000000000000e+00,-1.000000000000000000e+00,-1.000000000000000000e+00,-1.000000000000000000e+00,-1.000000000000000000e+00,-1.000000000000000000e+00,-1.000000000000000000e+00,-1.000000000000000000e+00,-1.000000000000000000e+00,-1.000000000000000000e+00,-1.000000000000000000e+00,-1.000000000000000000e+00,-1.000000000000000000e+00,-1.000000000000000000e+00,-1.000000000000000000e+00,-1.000000000000000000e+00,-1.000000000000000000e+00,-1.000000000000000000e+00,-1.000000000000000000e+00,-1.000000000000000000e+00,-1.000000000000000000e+00,-1.000000000000000000e+00,-1.000000000000000000e+00,-1.000000000000000000e+00,-1.000000000000000000e+00,-1.000000000000000000e+00,-1.000000000000000000e+00,-1.000000000000000000e+00,-1.000000000000000000e+00,-1.000000000000000000e+00,-1.000000000000000000e+00,-1.000000000000000000e+00,-1.000000000000000000e+00,-1.000000000000000000e+00,-1.000000000000000000e+00,-1.000000000000000000e+00
-1.000000000000000000e+00,-1.000000000000000000e+00,-1.000000000000000000e+00,-1.000000000000000000e+00,-1.000000000000000000e+00,-1.000000000000000000e+00,-1.000000000000000000e+00,-1.000000000000000000e+00,-1.000000000000000000e+00,-1.000000000000000000e+00,-1.000000000000000000e+00,-1.000000000000000000e+00,-1.000000000000000000e+00,-1.000000000000000000e+00,-1.000000000000000000e+00,-1.000000000000000000e+00,-1.000000000000000000e+00,-1.000000000000000000e+00,-1.000000000000000000e+00,-1.000000000000000000e+00,-1.000000000000000000e+00,-1.000000000000000000e+00,-1.000000000000000000e+00,-1.000000000000000000e+00,-1.000000000000000000e+00,-1.000000000000000000e+00,-1.000000000000000000e+00,-1.000000000000000000e+00,-1.000000000000000000e+00,-1.000000000000000000e+00,-1.000000000000000000e+00,-1.000000000000000000e+00,-1.000000000000000000e+00,-1.000000000000000000e+00,-1.000000000000000000e+00,-1.000000000000000000e+00,-1.000000000000000000e+00,-1.000000000000000000e+00,-1.000000000000000000e+00,-1.000000000000000000e+00,-1.000000000000000000e+00,-1.000000000000000000e+00,-1.000000000000000000e+00,-1.000000000000000000e+00,-1.000000000000000000e+00,-1.000000000000000000e+00,-1.430307401968895054e+00,-1.430383021758400375e+00,-1.430609514843756314e+00,-1.430985471365459949e+00,-1.431507264506604260e+00,-1.432166225218356681e+00,-1.432942398019058095e+00,-1.433791348635202967e+00,-1.434617454101026590e+00,-1.435222056854672967e+00,-1.435207247665396091e+00,-1.433805699483374996e+00,-1.429595170102893498e+00,-1.420047183703009530e+00,-1.400862154486904876e+00,-1.365074599062987337e+00,-1.301998619673548463e+00,-1.196261435912205240e+00,-1.027478879283774571e+00,-7.715757597796841782e-01,-4.052816085951413960e-01,8.430443588495695195e-02,6.835787670879505118e-01,1.330718267689160683e+00,1.897482904496811784e+00,2.208366736735831726e+00,2.208366737004116231e+00,1.897482905224339156e+00,1.330718268694252249e+00,6.835787681742651056e-01,8.430443689541777808e-02,-4.052816077421628194e-01,-7.715757591303300522e-01,-1.027478878847078558e+00,-1.196261435646307936e+00,-1.301998619557857673e+00,-1.365074599142815925e+00,-1.400862154830727180e+00,-1.420047184295962328e+00,-1.429595170911001745e+00,-1.433805700482083445e+00,-1.435207248676766634e+00,-1.435222057826208708e+00,-1.434617455078283754e+00,-1.433791349530638026e+00,-1.432942399018917623e+00,-1.432166226372035833e+00,-1.431507265784800254e+00,-1.430985473340978142e+00,-1.430609517195259528e+00,-1.430383023839236323e+00,-1.430307404597546794e+00,-1.000000000000000000e+00,-1.000000000000000000e+00,-1.000000000000000000e+00,-1.000000000000000000e+00,-1.000000000000000000e+00,-1.000000000000000000e+00,-1.000000000000000000e+00,-1.000000000000000000e+00,-1.000000000000000000e+00,-1.000000000000000000e+00,-1.000000000000000000e+00,-1.000000000000000000e+00,-1.000000000000000000e+00,-1.000000000000000000e+00,-1.000000000000000000e+00,-1.000000000000000000e+00,-1.000000000000000000e+00,-1.000000000000000000e+00,-1.000000000000000000e+00,-1.000000000000000000e+00,-1.000000000000000000e+00,-1.000000000000000000e+00,-1.000000000000000000e+00,-1.000000000000000000e+00,-1.000000000000000000e+00,-1.000000000000000000e+00,-1.000000000000000000e+00,-1.000000000000000000e+00,-1.000000000000000000e+00,-1.000000000000000000e+00,-1.000000000000000000e+00,-1.000000000000000000e+00,-1.000000000000000000e+00,-1.000000000000000000e+00,-1.000000000000000000e+00,-1.000000000000000000e+00,-1.000000000000000000e+00,-1.000000000000000000e+00,-1.000000000000000000e+00,-1.000000000000000000e+00,-1.000000000000000000e+00,-1.000000000000000000e+00,-1.000000000000000000e+00,-1.000000000000000000e+00,-1.000000000000000000e+00,-1.000000000000000000e+00
-1.000000000000000000e+00,-1.000000000000000000e+00,-1.000000000000000000e+00,-1.000000000000000000e+00,-1.000000000000000000e+00,-1.000000000000000000e+00,-1.000000000000000000e+00,-1.000000000000000000e+00,-1.000000000000000000e+00,-1.000000000000000000e+00,-1.000000000000000000e+00,-1.000000000000000000e+00,-1.000000000000000000e+00,-1.000000000000000000e+00,-1.000000000000000000e+00,-1.000000000000000000e+00,-1.000000000000000000e+00,-1.000000000000000000e+00,-1.000000000000000000e+00,-1.000000000000000000e+00,-1.000000000000000000e+00,-1.000000000000000000e+00,-1.000000000000000000e+00,-1.000000000000000000e+00,-1.000000000000000000e+00,-1.000000000000000000e+00,-1.000000000000000000e+00,-1.000000000000000000e+00,-1.000000000000000000e+00,-1.000000000000000000e+00,-1.000000000000000000e+00,-1.000000000000000000e+00,-1.000000000000000000e+00,-1.000000000000000000e+00,-1.000000000000000000e+00,-1.000000000000000000e+00,-1.000000000000000000e+00,-1.000000000000000000e+00,-1.000000000000000000e+00,-1.000000000000000000e+00,-1.000000000000000000e+00,-1.000000000000000000e+00,-1.000000000000000000e+00,-1.000000000000000000e+00,-1.000000000000000000e+00,-1.000000000000000000e+00,-1.430297701994845738e+00,-1.430373321980052737e+00,-1.430599815077139514e+00,-1.430975771243020667e+00,-1.431497564329821337e+00,-1.432156525159652638e+00,-1.432932697863973814e+00,-1.433781648124492047e+00,-1.434607752468143316e+00,-1.435212352328879115e+00,-1.435197536377888383e+00,-1.433795973467056450e+00,-1.429585413925743564e+00,-1.420037368566663849e+00,-1.400852228774690289e+00,-1.365064474350248691e+00,-1.301988151457559972e+00,-1.196250399880054216e+00,-1.027466947222594795e+00,-7.715624844771653557e-01,-4.052664345836731741e-01,8.432211081231399952e-02,6.835994514646182019e-01,1.330742141776088960e+00,1.897509527820714137e+00,2.208394877306543602e+00,2.208394877617180896e+00,1.897509528671733836e+00,1.330742142962176633e+00,6.835994527578270752e-01,8.432211202759276603e-02,-4.052664335478911584e-01,-7.715624836624754845e-01,-1.027466946616315990e+00,-1.196250399436702860e+00,-1.301988151191723508e+00,-1.365064474327818189e+00,-1.400852229046795738e+00,-1.420037369118623438e+00,-1.429585414718312464e+00,-1.433795974447789945e+00,-1.435197537363497089e+00,-1.435212353317368406e+00,-1.434607753529290264e+00,-1.433781649139092007e+00,-1.432932699023145018e+00,-1.432156526461042745e+00,-1.431497565889319645e+00,-1.430975773485249736e+00,-1.430599817403971130e+00,-1.430373324060167928e+00,-1.430297704835541861e+00,-1.000000000000000000e+00,-1.000000000000000000e+00,-1.000000000000000000e+00,-1.000000000000000000e+00,-1.000000000000000000e+00,-1.000000000000000000e+00,-1.000000000000000000e+00,-1.000000000000000000e+00,-1.000000000000000000e+00,-1.000000000000000000e+00,-1.000000000000000000e+00,-1.000000000000000000e+00,-1.000000000000000000e+00,-1.000000000000000000e+00,-1.000000000000000000e+00,-1.000000000000000000e+00,-1.000000000000000000e+00,-1.000000000000000000e+00,-1.000000000000000000e+00,-1.000000000000000000e+00,-1.000000000000000000e+00,-1.000000000000000000e+00,-1.000000000000000000e+00,-1.000000000000000000e+00,-1.000000000000000000e+00,-1.000000000000000000e+00,-1.000000000000000000e+00,-1.000000000000000000e+00,-1.000000000000000000e+00,-1.000000000000000000e+00,-1.000000000000000000e+00,-1.000000000000000000e+00,-1.000000000000000000e+00,-1.000000000000000000e+00,-1.000000000000000000e+00,-1.000000000000000000e+00,-1.000000000000000000e+00,-1.000000000000000000e+00,-1.000000000000000000e+00,-1.000000000000000000e+00,-1.000000000000000000e+00,-1.000000000000000000e+00,-1.000000000000000000e+00,-1.000000000000000000e+00,-1.000000000000000000e+00,-1.000000000000000000e+00
