Model: _005_20_26_CPC_metacentric_relaxed_MCF10A_chr19_PMP1_compare
Simulation: 1105102268_0
(SimID_1105102268_0 (PDE Simulation)) 
Sim time range (0.0 500.0) (saved timepoints 51) 
Number of variables 16 
Variable names ['CPC_all', 'CPCa_total', 'CPCi_total', 'bound_CPC', 'bound_active_CPC', 'pH2_all', 'H2A_total', 'H3_total', 'pNDC80_total', 'NDC80_total', 'TTK_total', 'KNL1_total', 'BUB1_total', 'SGO1_total', 'HASPIN_total', 'PLK1_total'] 
 
2D Slice for variable H2A_total at time 100.0 in plane XY at Z = 0 
 
X in rows, Y in columns 
60.00000000000004,60.00000000000004,60.000000000000014,60.00000000000001,59.99999999999999,59.999999999999986,59.99999999999997,59.999999999999964,59.99999999999999,59.99999999999999,59.99999999999997,59.99999999999997,59.99999999999998,59.99999999999999,59.999999999999986,59.999999999999986,59.999999999999986,60.0,60.000000000000014,60.00000000000003,60.00000000000002,60.00000000000002,60.00000000000004,60.000000000000014,60.00000000000002,60.000000000000036,60.00000000000001,60.00000000000001,60.00000000000002,59.99999999999998,59.99999999999999,59.99999999999999,60.0,60.0,59.99999999999998,60.00000000000001,60.0,59.99999999999999,59.999999999999986,59.99999999999999,59.999999999999986,60.00000000000001,60.0,60.0,60.00000000000001,60.00000000000001,60.0,60.0,59.99999999999999,59.999999999999986,60.0,59.99999999999999
60.000000000000036,60.00000000000004,60.000000000000036,60.0,59.999999999999986,59.999999999999986,59.99999999999998,59.99999999999997,59.999999999999986,59.99999999999998,59.99999999999997,59.99999999999996,59.999999999999964,59.99999999999999,59.99999999999998,59.999999999999986,59.99999999999998,59.99999999999999,60.000000000000036,60.00000000000002,60.00000000000002,60.00000000000002,60.000000000000036,60.00000000000001,60.00000000000003,60.00000000000002,60.00000000000001,60.00000000000001,59.999999999999986,60.0,60.000000000000014,60.00000000000001,60.0,59.99999999999999,59.999999999999986,59.99999999999999,60.0,60.00000000000001,60.00000000000001,60.0,59.99999999999999,59.99999999999998,59.99999999999997,59.99999999999998,60.00000000000002,60.0,59.99999999999999,60.0,59.99999999999999,59.99999999999999,60.00000000000001,59.999999999999986
60.00000000000004,60.00000000000005,60.000000000000036,60.00000000000002,60.0,60.0,59.99999999999999,59.99999999999997,59.99999999999997,59.99999999999999,59.999999999999986,59.99999999999999,59.99999999999997,59.99999999999999,59.999999999999986,59.99999999999998,59.999999999999986,60.00000000000001,60.000000000000014,60.000000000000014,60.00000000000001,60.00000000000002,60.00000000000004,60.000000000000014,60.00000000000001,60.00000000000001,60.000000000000014,60.000000000000014,60.00000000000001,60.000000000000014,60.00000000000001,60.00000000000001,60.00000000000001,59.999999999999986,60.00000000000001,59.999999999999986,60.0,60.0,60.0,59.99999999999999,59.99999999999999,59.999999999999986,59.99999999999998,59.999999999999986,59.99999999999999,60.0,59.99999999999998,60.00000000000001,60.0,59.99999999999999,60.0,59.99999999999999
60.00000000000004,60.000000000000036,60.00000000000003,60.000000000000014,60.000000000000014,60.00000000000002,60.000000000000014,59.99999999999998,59.99999999999998,59.99999999999997,59.99999999999998,59.999999999999986,59.99999999999998,59.999999999999986,59.99999999999998,59.999999999999964,59.999999999999986,59.99999999999998,60.000000000000014,60.00000000000002,60.00000000000001,60.00000000000001,60.00000000000001,59.99999999999999,60.0,59.99999999999999,60.00000000000001,60.00000000000001,59.99999999999999,59.99999999999999,60.0,60.00000000000001,60.0,59.999999999999986,59.99999999999999,59.99999999999997,60.00000000000001,60.0,59.99999999999998,60.00000000000001,59.999999999999986,59.99999999999998,59.999999999999964,59.99999999999998,59.99999999999998,59.999999999999986,59.99999999999999,60.000000000000014,60.0,59.999999999999986,60.0,59.99999999999999
60.00000000000003,60.000000000000014,60.000000000000014,60.00000000000002,59.999999999999986,59.999999999999986,60.0,59.99999999999998,59.999999999999986,59.999999999999964,59.99999999999997,59.999999999999986,59.99999999999999,59.99999999999998,59.99999999999997,59.99999999999997,59.999999999999986,60.0,59.99999999999999,59.99999999999999,60.0,60.00000000000001,59.99999999999997,59.99999999999999,59.99999999999999,59.99999999999999,60.0,59.999999999999986,59.99999999999999,60.0,59.99999999999999,59.99999999999999,59.99999999999999,59.999999999999986,59.99999999999998,59.99999999999996,59.99999999999997,59.99999999999998,59.999999999999986,59.99999999999998,59.99999999999997,59.999999999999986,59.99999999999997,59.99999999999999,59.999999999999986,59.99999999999998,59.99999999999998,59.999999999999986,59.999999999999986,59.99999999999999,59.99999999999997,59.99999999999998
60.00000000000002,60.00000000000002,60.00000000000001,60.0,59.99999999999999,59.99999999999999,59.99999999999998,59.99999999999999,59.99999999999997,59.99999999999999,59.999999999999964,60.0,59.999999999999986,59.99999999999999,59.99999999999997,59.99999999999997,59.999999999999964,59.99999999999997,59.99999999999998,59.99999999999999,60.00000000000001,59.99999999999998,59.99999999999997,59.999999999999986,59.999999999999986,59.999999999999986,60.0,59.99999999999999,59.99999999999998,59.99999999999998,59.99999999999998,59.99999999999998,59.99999999999998,59.999999999999986,59.99999999999997,59.99999999999998,59.99999999999998,59.99999999999997,60.0,60.00000000000001,59.99999999999997,59.99999999999998,60.0,60.0,59.99999999999997,59.99999999999999,60.0,60.00000000000001,60.0,59.99999999999999,59.99999999999997,59.99999999999996
60.00000000000001,60.0,60.00000000000001,59.999999999999986,59.99999999999998,59.999999999999964,59.99999999999997,60.0,59.99999999999999,59.99999999999999,59.99999999999999,60.00000000000001,59.99999999999999,59.99999999999997,59.99999999999996,59.999999999999986,59.99999999999998,59.99999999999997,60.0,59.99999999999998,59.999999999999986,59.999999999999986,59.99999999999998,59.999999999999986,59.999999999999964,59.99999999999998,59.99999999999996,59.999999999999986,59.99999999999999,59.999999999999986,60.000000000000014,59.999999999999986,60.0,59.999999999999986,59.99999999999998,59.99999999999998,59.99999999999998,59.99999999999997,60.00000000000001,59.99999999999998,59.99999999999999,59.999999999999986,59.99999999999998,59.99999999999999,59.99999999999998,59.99999999999998,59.99999999999999,59.99999999999999,59.99999999999998,59.99999999999997,59.99999999999998,59.999999999999964
59.99999999999999,60.00000000000001,59.999999999999986,60.0,59.99999999999998,59.99999999999998,59.99999999999998,59.999999999999986,59.999999999999986,59.99999999999998,60.0,60.0,60.0,59.99999999999997,59.99999999999997,59.99999999999997,59.999999999999986,59.999999999999964,59.99999999999998,59.999999999999986,59.99999999999998,59.999999999999986,59.99999999999997,59.99999999999998,59.99999999999997,59.99999999999999,59.99999999999997,59.999999999999986,59.99999999999999,60.0,59.99999999999999,59.999999999999964,59.99999999999997,59.99999999999998,59.999999999999986,59.999999999999964,59.99999999999998,59.999999999999986,59.99999999999999,60.00000000000001,60.00000000000001,60.0,60.0,59.99999999999999,59.99999999999999,59.99999999999998,59.999999999999964,59.999999999999964,59.99999999999998,59.99999999999998,59.99999999999998,59.99999999999998
60.00000000000001,60.00000000000001,59.99999999999999,60.00000000000001,60.00000000000001,59.99999999999999,59.99999999999999,59.99999999999999,60.0,59.999999999999986,59.99999999999999,60.0,60.00000000000002,59.99999999999997,59.99999999999999,59.99999999999998,59.999999999999964,59.99999999999997,59.999999999999964,59.999999999999986,59.99999999999997,59.999999999999964,59.99999999999997,59.99999999999997,59.99999999999998,59.99999999999996,59.999999999999986,59.99999999999998,59.99999999999998,59.99999999999998,59.99999999999997,59.99999999999997,59.999999999999964,59.99999999999998,59.999999999999986,59.99999999999997,60.0,59.999999999999986,59.99999999999999,59.999999999999986,59.99999999999999,59.99999999999997,59.999999999999986,59.999999999999986,59.99999999999995,59.99999999999995,59.999999999999964,59.99999999999996,59.99999999999996,59.999999999999964,59.999999999999986,59.99999999999998
59.999999999999986,60.0,59.99999999999999,59.99999999999999,59.999999999999986,60.0,59.99999999999997,59.99999999999998,59.99999999999998,60.0,60.00000000000001,60.000000000000014,60.00000000000001,60.00000000000001,59.99999999999999,59.99999999999998,59.99999999999994,59.999999999999964,59.99999999999997,59.99999999999998,59.99999999999996,59.99999999999996,59.999999999999964,59.99999999999997,59.999999999999964,59.999999999999964,59.99999999999997,59.99999999999998,59.99999999999999,59.99999999999999,59.999999999999964,59.99999999999997,59.999999999999964,59.999999999999964,59.99999999999998,60.0,59.99999999999999,59.999999999999986,59.99999999999998,59.99999999999997,59.99999999999999,59.999999999999986,59.99999999999997,59.99999999999997,59.999999999999986,59.999999999999964,59.99999999999997,59.99999999999994,59.99999999999994,59.99999999999996,59.99999999999996,59.999999999999964
60.0,60.0,59.99999999999999,60.0,60.0,60.0,59.99999999999996,59.99999999999997,59.999999999999986,59.999999999999986,60.00000000000001,60.00000000000001,60.0,60.0,59.99999999999999,59.99999999999998,59.999999999999964,59.99999999999997,59.999999999999964,59.999999999999964,59.999999999999986,59.99999999999997,59.99999999999995,59.99999999999997,59.99999999999998,59.999999999999986,59.99999999999997,59.99999999999999,59.99999999999999,59.999999999999986,59.99999999999995,59.999999999999964,59.99999999999998,59.999999999999964,59.99999999999998,59.999999999999986,59.99999999999998,59.99999999999998,59.99999999999998,59.999999999999986,59.99999999999997,59.999999999999964,59.999999999999964,59.99999999999997,59.99999999999998,59.99999999999997,59.99999999999998,59.99999999999995,59.999999999999936,59.99999999999996,59.99999999999994,59.99999999999998
60.0,59.999999999999986,60.00000000000001,59.99999999999999,59.999999999999986,59.99999999999999,59.999999999999964,60.00000000000001,59.99999999999998,59.99999999999999,59.99999999999999,60.0,59.99999999999998,59.99999999999998,59.999999999999986,59.99999999999996,59.99999999999998,59.99999999999996,59.99999999999994,59.999999999999964,59.999999999999964,59.999999999999986,59.99999999999998,59.999999999999964,59.99999999999997,59.99999999999998,59.999999999999986,60.00000000000001,60.0,59.99999999999999,59.99999999999998,59.99999999999997,59.99999999999997,59.999999999999964,59.99999999999998,59.99999999999998,59.99999999999998,59.999999999999986,60.00000000000001,59.99999999999999,59.999999999999986,59.99999999999998,59.99999999999997,59.99999999999998,59.99999999999997,59.999999999999986,59.99999999999998,59.99999999999997,59.999999999999936,59.99999999999994,59.99999999999995,59.99999999999996
59.99999999999998,59.99999999999999,59.999999999999986,60.0,60.00000000000001,59.99999999999999,59.99999999999999,59.99999999999997,59.99999999999997,59.99999999999998,59.99999999999999,59.999999999999986,60.0,59.99999999999997,59.99999999999998,59.999999999999964,59.999999999999964,59.99999999999995,59.99999999999995,59.99999999999998,59.99999999999999,59.99999999999997,59.99999999999998,59.99999999999996,59.999999999999986,59.999999999999986,59.999999999999986,59.999999999999986,59.99999999999997,60.0,59.99999999999997,59.999999999999986,59.999999999999964,59.99999999999997,59.99999999999999,59.99999999999997,59.99999999999998,59.99999999999998,60.0,59.99999999999998,59.99999999999998,59.99999999999998,59.999999999999986,59.999999999999986,59.999999999999964,59.99999999999998,59.99999999999999,59.99999999999998,59.99999999999997,59.999999999999964,59.99999999999997,59.99999999999999
59.99999999999998,59.99999999999999,60.00000000000001,59.99999999999999,59.999999999999986,60.0,59.99999999999996,59.99999999999998,59.99999999999997,59.99999999999997,59.99999999999999,59.99999999999998,59.999999999999986,59.99999999999996,59.99999999999996,59.99999999999995,59.999999999999964,59.999999999999936,59.99999999999994,59.99999999999998,59.99999999999997,59.99999999999999,59.99999999999999,59.999999999999986,59.999999999999986,59.999999999999964,59.999999999999986,59.99999999999997,59.99999999999998,59.99999999999998,59.99999999999997,59.999999999999986,59.999999999999986,59.99999999999997,59.999999999999986,59.99999999999997,59.999999999999986,59.999999999999986,59.99999999999998,59.999999999999986,59.999999999999986,59.99999999999999,59.999999999999986,59.99999999999997,59.999999999999964,59.999999999999986,59.999999999999986,59.999999999999964,59.99999999999996,59.99999999999997,59.999999999999986,59.99999999999999
59.99999999999998,59.999999999999986,60.00000000000001,60.00000000000001,59.999999999999986,59.99999999999998,59.99999999999997,59.999999999999964,59.99999999999996,59.99999999999997,59.999999999999986,59.99999999999998,59.99999999999998,59.99999999999998,59.99999999999997,59.99999999999997,59.99999999999997,59.99999999999996,59.99999999999996,59.999999999999986,59.99999999999998,59.999999999999986,59.99999999999997,59.99999999999996,59.999999999999986,59.99999999999997,59.99999999999997,59.99999999999997,60.0,59.99999999999997,59.999999999999964,59.99999999999998,59.99999999999997,59.99999999999998,59.999999999999986,59.999999999999986,59.99999999999998,59.99999999999998,59.99999999999998,59.999999999999964,60.0,59.99999999999999,59.99999999999998,59.99999999999997,59.99999999999998,60.0,59.99999999999999,59.99999999999999,59.99999999999998,59.99999999999996,59.999999999999986,59.99999999999998
60.0,59.99999999999999,60.00000000000001,60.00000000000002,59.999999999999986,60.0,59.999999999999964,59.99999999999996,59.99999999999996,59.99999999999998,59.999999999999964,59.999999999999964,59.99999999999997,59.99999999999996,59.99999999999998,59.99999999999998,59.99999999999999,59.999999999999964,59.999999999999986,59.999999999999986,59.999999999999964,59.99999999999999,59.999999999999964,59.99999999999997,59.99999999999998,59.99999999999998,59.99999999999997,59.99999999999996,59.999999999999964,59.99999999999997,59.999999999999964,59.99999999999997,59.99999999999996,59.99999999999998,59.999999999999964,59.99999999999997,59.99999999999998,59.999999999999986,59.999999999999986,59.99999999999999,59.99999999999998,59.99999999999999,59.99999999999997,59.999999999999986,59.99999999999997,59.99999999999999,59.99999999999998,60.0,59.99999999999997,59.999999999999964,59.999999999999964,59.999999999999986
59.99999999999999,59.99999999999997,59.99999999999999,59.99999999999999,59.999999999999964,59.99999999999999,59.999999999999964,59.999999999999964,59.99999999999998,59.99999999999999,59.99999999999998,59.99999999999998,59.99999999999998,59.999999999999964,59.99999999999998,59.99999999999998,59.999999999999986,60.0,60.0,59.99999999999997,59.999999999999964,59.99999999999998,59.999999999999986,59.99999999999997,59.999999999999986,59.99999999999998,59.999999999999964,59.99999999999997,59.999999999999964,59.99999999999996,59.99999999999996,59.999999999999964,59.99999999999997,59.999999999999964,59.99999999999998,59.999999999999986,59.999999999999986,60.00000000000001,59.999999999999986,60.0,59.99999999999999,59.99999999999999,59.99999999999998,59.99999999999998,59.999999999999986,60.000000000000014,60.000000000000014,60.00000000000001,59.999999999999986,59.99999999999998,60.0,59.99999999999998
59.99999999999998,59.99999999999998,59.99999999999999,60.00000000000001,60.0,59.999999999999986,59.99999999999998,59.99999999999998,59.999999999999964,59.99999999999999,59.99999999999998,59.99999999999998,59.99999999999998,59.99999999999997,59.99999999999997,59.99999999999999,59.999999999999986,59.99999999999998,59.99999999999997,59.99999999999999,59.99999999999998,59.99999999999998,59.99999999999998,59.99999999999996,59.99999999999997,59.99999999999998,59.999999999999964,59.99999999999998,59.999999999999964,59.99999999999996,59.999999999999964,59.99999999999997,59.99999999999997,59.99999999999997,59.999999999999986,60.00000000000001,60.00000000000001,60.0,59.99999999999999,60.00000000000001,59.999999999999986,60.0,59.999999999999986,59.99999999999998,59.99999999999998,60.000000000000014,60.0,60.0,59.99999999999999,59.99999999999999,60.00000000000001,60.00000000000001
60.0,59.99999999999999,60.0,60.0,59.99999999999998,59.99999999999998,59.999999999999964,59.99999999999998,59.999999999999986,59.99999999999998,59.999999999999986,59.99999999999997,59.99999999999998,59.999999999999986,59.99999999999999,59.999999999999986,60.0,59.99999999999999,59.99999999999997,59.999999999999986,59.999999999999986,59.999999999999986,59.99999999999997,59.99999999999996,59.999999999999964,59.99999999999999,59.99999999999997,59.99999999999997,59.99999999999996,59.999999999999964,59.999999999999986,59.99999999999998,59.999999999999986,59.99999999999998,59.99999999999999,59.999999999999986,60.00000000000001,59.999999999999986,60.000000000000014,60.000000000000014,59.999999999999986,59.99999999999997,60.0,60.0,60.0,60.000000000000014,60.0,60.00000000000002,60.000000000000014,60.0,59.999999999999986,60.0
59.99999999999999,59.99999999999999,60.0,59.99999999999999,60.00000000000001,59.99999999999999,59.999999999999964,59.99999999999998,59.99999999999997,59.99999999999998,59.99999999999998,60.0,60.00000000000001,59.999999999999986,59.99999999999999,59.999999999999986,59.999999999999986,60.0,59.999999999999986,59.99999999999999,59.99999999999999,59.99999999999999,60.0,59.999999999999986,59.99999999999998,59.99999999999997,59.99999999999999,59.999999999999986,59.999999999999986,59.999999999999986,60.00000000000002,60.00000000000003,60.000000000000014,59.999999999999986,59.99999999999999,60.000000000000014,60.00000000000002,60.000000000000014,60.00000000000001,60.0,59.999999999999986,60.0,60.00000000000001,60.0,59.999999999999986,60.000000000000014,59.99999999999997,60.00000000000001,59.99999999999999,60.00000000000001,59.999999999999986,60.0
60.00000000000001,59.999999999999986,59.99999999999997,59.99999999999997,59.999999999999964,59.999999999999986,59.999999999999964,59.999999999999986,59.99999999999999,59.999999999999986,59.999999999999986,60.0,59.99999999999999,60.00000000000001,60.000000000000014,60.0,60.0,60.00000000000001,60.00000000000002,60.00000000000002,60.00000000000002,60.00000000000003,60.00000000000002,60.00000000000002,60.00000000000003,60.00000000000003,60.000000000000014,60.00000000000001,60.00000000000002,60.000000000000036,60.00000000000004,60.00000000000003,60.00000000000003,60.000000000000014,60.00000000000004,60.00000000000005,60.00000000000003,60.00000000000002,60.00000000000002,60.00000000000003,60.00000000000003,60.00000000000001,60.00000000000001,60.00000000000001,60.00000000000001,60.0,60.00000000000001,59.99999999999999,59.99999999999999,59.99999999999999,59.999999999999986,59.99999999999997
59.99999999999999,60.00000000000001,60.0,59.99999999999998,60.0,60.0,60.0,60.00000000000001,60.00000000000001,60.000000000000014,60.000000000000036,60.00000000000006,60.000000000000064,60.0000000000001,60.00000000000011,60.00000000000011,60.00000000000013,60.000000000000135,60.00000000000014,60.000000000000156,60.00000000000015,60.00000000000014,60.00000000000016,60.00000000000014,60.00000000000015,60.00000000000019,60.000000000000156,60.00000000000016,60.00000000000016,60.000000000000156,60.00000000000015,60.00000000000014,60.00000000000015,60.00000000000014,60.000000000000156,60.00000000000015,60.000000000000135,60.00000000000012,60.00000000000011,60.000000000000085,60.00000000000007,60.00000000000006,60.00000000000005,60.00000000000002,60.00000000000001,60.00000000000002,60.00000000000001,59.99999999999999,60.0,60.00000000000001,59.999999999999964,59.999999999999964
60.00000000000001,60.00000000000001,59.99999999999999,60.0,60.000000000000014,60.00000000000002,60.00000000000004,60.000000000000085,60.00000000000013,60.00000000000017,60.00000000000023,60.0000000000003,60.00000000000037,60.00000000000042,60.000000000000476,60.0000000000005,60.00000000000056,60.00000000000058,60.000000000000604,60.000000000000604,60.00000000000064,60.000000000000654,60.00000000000066,60.00000000000067,60.00000000000067,60.00000000000069,60.00000000000065,60.000000000000654,60.00000000000067,60.00000000000067,60.000000000000654,60.00000000000065,60.000000000000625,60.000000000000625,60.0000000000006,60.000000000000554,60.000000000000504,60.00000000000047,60.00000000000044,60.00000000000036,60.00000000000028,60.00000000000025,60.00000000000019,60.00000000000013,60.000000000000085,60.00000000000008,60.000000000000036,60.000000000000036,60.00000000000001,60.0,59.99999999999999,59.99999999999998
60.00000000000002,60.00000000000004,60.00000000000006,60.000000000000085,60.00000000000013,60.00000000000019,60.000000000000284,60.000000000000426,60.00000000000059,60.000000000000746,60.00000000000094,60.00000000000115,60.00000000000139,60.000000000001606,60.000000000001805,60.00000000000196,60.00000000000211,60.00000000000223,60.000000000002345,60.000000000002395,60.00000000000244,60.00000000000247,60.00000000000253,60.000000000002515,60.00000000000253,60.00000000000253,60.00000000000251,60.00000000000254,60.000000000002515,60.0000000000025,60.0000000000025,60.000000000002466,60.000000000002416,60.000000000002345,60.000000000002245,60.00000000000212,60.000000000001975,60.00000000000181,60.0000000000016,60.000000000001386,60.000000000001144,60.00000000000093,60.000000000000725,60.000000000000554,60.00000000000039,60.00000000000029,60.00000000000019,60.000000000000114,60.00000000000007,60.00000000000001,60.000000000000014,59.999999999999986
60.00000000000014,60.00000000000014,60.00000000000021,60.00000000000034,60.00000000000048,60.00000000000076,60.00000000000111,60.00000000000158,60.00000000000214,60.000000000002785,60.000000000003524,60.000000000004306,60.000000000005116,60.0000000000059,60.00000000000664,60.000000000007276,60.00000000000782,60.00000000000825,60.000000000008605,60.00000000000887,60.00000000000904,60.00000000000914,60.00000000000924,60.00000000000929,60.00000000000934,60.00000000000934,60.00000000000932,60.0000000000093,60.00000000000928,60.000000000009244,60.00000000000917,60.000000000009045,60.00000000000886,60.000000000008626,60.00000000000828,60.00000000000782,60.00000000000729,60.00000000000666,60.00000000000592,60.000000000005116,60.000000000004306,60.0000000000035,60.00000000000276,60.00000000000212,60.00000000000155,60.000000000001094,60.00000000000076,60.00000000000049,60.00000000000032,60.00000000000018,60.00000000000011,60.0000000000001
60.0000000000005,60.000000000000554,60.00000000000078,60.00000000000119,60.00000000000184,60.000000000002785,60.00000000000406,60.000000000005684,60.000000000007695,60.00000000001005,60.00000000001269,60.000000000015504,60.00000000001842,60.00000000002125,60.00000000002389,60.000000000026205,60.000000000028166,60.00000000002975,60.00000000003098,60.000000000031896,60.000000000032514,60.00000000003294,60.000000000033225,60.00000000003341,60.000000000033495,60.00000000003354,60.00000000003353,60.00000000003349,60.0000000000334,60.00000000003323,60.000000000032934,60.000000000032514,60.00000000003189,60.00000000003099,60.00000000002975,60.00000000002815,60.000000000026205,60.00000000002388,60.000000000021245,60.00000000001842,60.00000000001551,60.000000000012676,60.00000000001003,60.00000000000767,60.000000000005656,60.000000000004015,60.000000000002764,60.00000000000183,60.00000000000119,60.00000000000077,60.00000000000052,60.00000000000044
60.00000000000172,60.000000000001975,60.00000000000277,60.000000000004256,60.000000000006544,60.00000000000979,60.00000000001425,60.000000000019995,60.00000000002705,60.00000000003536,60.00000000004466,60.00000000005461,60.00000000006479,60.000000000074714,60.00000000008395,60.00000000009212,60.00000000009901,60.00000000010461,60.00000000010891,60.00000000011207,60.00000000011431,60.000000000115826,60.00000000011683,60.000000000117424,60.00000000011776,60.00000000011787,60.0000000001179,60.000000000117744,60.00000000011741,60.00000000011682,60.000000000115826,60.000000000114305,60.00000000011206,60.0000000001089,60.000000000104585,60.00000000009901,60.00000000009207,60.00000000008391,60.000000000074685,60.00000000006477,60.000000000054605,60.000000000044636,60.00000000003532,60.00000000002702,60.00000000001997,60.00000000001423,60.000000000009805,60.00000000000651,60.00000000000423,60.000000000002764,60.00000000000194,60.00000000000169
60.000000000005926,60.00000000000681,60.000000000009614,60.00000000001463,60.00000000002247,60.00000000003371,60.00000000004896,60.00000000006866,60.00000000009294,60.00000000012147,60.00000000015349,60.00000000018775,60.000000000222734,60.000000000256826,60.00000000028848,60.00000000031654,60.00000000034026,60.00000000035944,60.00000000037423,60.00000000038513,60.00000000039284,60.00000000039804,60.0000000004014,60.000000000403446,60.00000000040457,60.00000000040506,60.00000000040505,60.00000000040455,60.000000000403425,60.00000000040138,60.00000000039803,60.00000000039284,60.000000000385135,60.000000000374214,60.000000000359414,60.00000000034026,60.0000000003165,60.00000000028844,60.000000000256776,60.00000000022271,60.00000000018773,60.000000000153456,60.00000000012144,60.00000000009289,60.000000000068624,60.000000000048935,60.00000000003368,60.00000000002244,60.00000000001459,60.00000000000955,60.00000000000678,60.000000000005905
60.000000000019796,60.00000000002278,60.00000000003215,60.00000000004906,60.00000000007536,60.00000000011308,60.00000000016428,60.000000000230436,60.000000000311935,60.00000000040779,60.00000000051535,60.00000000063046,60.000000000747995,60.00000000086244,60.000000000968726,60.0000000010629,60.00000000114253,60.00000000120685,60.00000000125645,60.00000000129302,60.00000000131881,60.00000000133622,60.000000001347416,60.00000000135423,60.00000000135802,60.00000000135972,60.0000000013597,60.000000001357996,60.000000001354216,60.00000000134738,60.00000000133619,60.000000001318824,60.00000000129304,60.000000001256446,60.00000000120684,60.00000000114253,60.000000001062865,60.00000000096868,60.0000000008624,60.00000000074795,60.00000000063044,60.00000000051533,60.00000000040777,60.00000000031192,60.00000000023043,60.00000000016425,60.00000000011303,60.000000000075325,60.00000000004907,60.000000000032145,60.00000000002279,60.00000000001982
60.00000000006472,60.00000000007449,60.00000000010518,60.00000000016064,60.000000000246715,60.000000000370356,60.000000000538215,60.00000000075516,60.000000001022556,60.00000000133707,60.00000000168995,60.000000002067644,60.00000000245319,60.00000000282852,60.00000000317703,60.000000003485766,60.00000000374676,60.00000000395738,60.00000000411978,60.00000000423945,60.00000000432372,60.00000000438054,60.00000000441711,60.00000000443935,60.000000004451756,60.00000000445726,60.000000004457256,60.00000000445175,60.000000004439336,60.00000000441707,60.00000000438053,60.00000000432372,60.000000004239425,60.00000000411977,60.00000000395737,60.00000000374674,60.000000003485745,60.00000000317701,60.00000000282851,60.00000000245316,60.000000002067615,60.00000000168993,60.000000001337035,60.00000000102255,60.00000000075515,60.00000000053819,60.000000000370314,60.00000000024669,60.00000000016064,60.000000000105175,60.00000000007451,60.000000000064745
60.0000000002065,60.00000000023774,60.00000000033583,60.00000000051314,60.00000000078845,60.000000001184,60.00000000172125,60.00000000241579,60.00000000327209,60.000000004279336,60.00000000540958,60.00000000661928,60.000000007854005,60.00000000905579,60.00000001017141,60.00000001115929,60.000000011994025,60.00000001266734,60.00000001318614,60.00000001356819,60.00000001383719,60.00000001401833,60.00000001413477,60.00000001420562,60.00000001424518,60.00000001426267,60.00000001426266,60.00000001424517,60.00000001420563,60.000000014134734,60.00000001401832,60.00000001383719,60.00000001356818,60.00000001318614,60.00000001266732,60.000000011994004,60.00000001115928,60.000000010171384,60.00000000905578,60.000000007853984,60.000000006619295,60.00000000540958,60.00000000427932,60.00000000327207,60.00000000241575,60.00000000172121,60.00000000118396,60.00000000078844,60.000000000513126,60.00000000033582,60.00000000023776,60.00000000020651
60.00000000064249,60.00000000073995,60.00000000104583,60.000000001598885,60.00000000245799,60.000000003692726,60.00000000537045,60.00000000754004,60.0000000102156,60.00000001336327,60.00000001689561,60.00000002067619,60.00000002453448,60.000000028289094,60.0000000317734,60.00000003485751,60.00000003746224,60.000000039562174,60.00000004117917,60.00000004236911,60.000000043206384,60.00000004376973,60.00000004413157,60.000000044351616,60.000000044474355,60.00000004452866,60.00000004452866,60.00000004447436,60.000000044351616,60.00000004413154,60.000000043769695,60.00000004320637,60.00000004236911,60.00000004117917,60.00000003956218,60.00000003746223,60.000000034857514,60.00000003177342,60.00000002828912,60.00000002453447,60.0000000206762,60.00000001689565,60.00000001336327,60.00000001021556,60.00000000754002,60.000000005370424,60.00000000369273,60.000000002457966,60.000000001598906,60.000000001045834,60.00000000073995,60.000000000642494
60.000000001948926,60.00000000224525,60.00000000317535,60.000000004857625,60.00000000747176,60.00000001123057,60.00000001633985,60.00000002294933,60.000000031102374,60.00000004069585,60.000000051462685,60.000000062985734,60.00000007474426,60.000000086184215,60.00000009679693,60.00000010618661,60.00000011411267,60.00000012049889,60.00000012541307,60.0000001290267,60.000000131567425,60.00000013327553,60.00000013437173,60.00000013503792,60.00000013540923,60.00000013557347,60.000000135573494,60.00000013540923,60.00000013503793,60.00000013437174,60.00000013327552,60.00000013156743,60.0000001290267,60.000000125413045,60.000000120498854,60.0000001141127,60.00000010618664,60.000000096796924,60.000000086184244,60.000000074744285,60.00000006298577,60.00000005146269,60.00000004069585,60.00000003110235,60.00000002294932,60.00000001633982,60.00000001123055,60.00000000747177,60.00000000485765,60.00000000317535,60.00000000224523,60.00000000194891
60.00000000576063,60.00000000663857,60.00000000939493,60.00000001438213,60.00000002213509,60.000000033288,60.000000048454474,60.00000006808156,60.0000000922994,60.00000012080163,60.00000015279292,60.00000018703054,60.00000022196299,60.000000255940535,60.000000287449474,60.00000031531421,60.00000033882197,60.00000035775028,60.00000037230501,60.00000038299939,60.000000390512234,60.000000395558686,60.00000039879449,60.00000040075936,60.000000401853804,60.000000402337655,60.00000040233766,60.000000401853804,60.00000040075938,60.000000398794526,60.00000039555869,60.000000390512234,60.00000038299938,60.000000372304974,60.00000035775028,60.000000338821984,60.0000003153142,60.00000028744949,60.00000025594055,60.000000221963,60.000000187030544,60.00000015279291,60.00000012080165,60.000000092299395,60.000000068081526,60.000000048454474,60.000000033288,60.000000022135126,60.00000001438211,60.00000000939492,60.00000000663858,60.00000000576062
60.000000016582455,60.00000001911621,60.0000000270729,60.00000004147473,60.00000006387411,60.00000009611228,60.00000013997267,60.0000001967561,60.0000002668439,60.00000034934928,60.00000044196432,60.00000054108083,60.000000642194166,60.00000074051651,60.00000083165895,60.00000091221853,60.00000098013941,60.00000103478971,60.000001076779014,60.00000110760507,60.000001129240914,60.00000114376042,60.000001153061746,60.00000115870469,60.00000116184539,60.00000116323312,60.00000116323313,60.00000116184537,60.00000115870469,60.00000115306174,60.00000114376043,60.00000112924092,60.000001107605065,60.000001076779,60.00000103478969,60.0000009801394,60.00000091221851,60.000000831658944,60.00000074051651,60.000000642194166,60.00000054108084,60.000000441964325,60.00000034934929,60.000000266843934,60.00000019675609,60.00000013997266,60.0000000961123,60.00000006387414,60.00000004147474,60.0000000270729,60.000000019116236,60.00000001658245
60.000000046461075,60.00000005358009,60.000000075940804,60.000000116431295,60.0000001794394,60.00000027017288,60.00000039368088,60.000000553651695,60.000000751174994,60.00000098375148,60.00000124485811,60.00000152429001,60.00000180930671,60.00000208637343,60.000002343095424,60.00000256988021,60.000002760955134,60.00000291457672,60.000003032505916,60.00000311900158,60.000003179650456,60.000003220310006,60.00000324633058,60.00000326210166,60.00000327087198,60.000003274745026,60.000003274745026,60.00000327087198,60.00000326210164,60.000003246330586,60.00000322030999,60.000003179650456,60.00000311900157,60.000003032505916,60.00000291457671,60.00000276095513,60.000002569880195,60.0000023430954,60.00000208637345,60.000001809306724,60.00000152429002,60.000001244858126,60.00000098375149,60.00000075117501,60.00000055365171,60.00000039368084,60.00000027017289,60.00000017943942,60.00000011643131,60.00000007594078,60.00000005358008,60.00000004646106
60.000000126630674,60.00000014609223,60.0000002072364,60.00000031800618,60.000000490475465,60.00000073898568,60.000001077456034,60.000001516072125,60.00000205786901,60.0000026959927,60.0000034124947,60.00000417927387,60.00000496124585,60.0000057211579,60.00000642493289,60.00000704625187,60.00000756934473,60.00000798954244,60.000008311804784,60.000008547927926,60.00000871331495,60.00000882407012,60.00000889487177,60.000008937740084,60.000008961557775,60.00000897206914,60.00000897206915,60.000008961557775,60.0000089377401,60.00000889487177,60.00000882407013,60.00000871331495,60.000008547927926,60.0000083118048,60.00000798954244,60.00000756934473,60.00000704625187,60.000006424932906,60.000005721157905,60.000004961245864,60.000004179273866,60.00000341249472,60.000002695992706,60.000002057869,60.00000151607212,60.000001077456005,60.00000073898566,60.00000049047548,60.00000031800619,60.0000002072364,60.00000014609225,60.00000012663065
60.00000033553456,60.00000038727024,60.00000054985904,60.00000084455582,60.000001303688975,60.000001965692185,60.000002867912414,60.00000403773343,60.0000054833946,60.00000718661685,60.00000909934517,60.00001114627418,60.00001323337918,60.00001526087888,60.00001713760951,60.00001879332177,60.00002018612567,60.00002130389821,60.000022160255966,60.000022787010586,60.00002322549227,60.000023518780104,60.000023706045255,60.00002381930107,60.00002388216475,60.00002390988909,60.000023909889094,60.0000238821648,60.000023819301084,60.000023706045255,60.0000235187801,60.000023225492264,60.00002278701058,60.000022160255995,60.00002130389822,60.000020186125674,60.00001879332176,60.00001713760953,60.000015260878875,60.000013233379185,60.00001114627417,60.00000909934517,60.00000718661687,60.00000548339463,60.00000403773344,60.00000286791241,60.00000196569221,60.000001303689,60.000000844555814,60.00000054985902,60.00000038727022,60.00000033553454
60.00000086380429,60.000000997463786,60.00000141764465,60.000002179657805,60.00000336768831,60.000005081920364,60.00000741983962,60.00001045308855,60.0000142034628,60.00001862358333,60.00002358832178,60.000028901384134,60.000034317656606,60.00003957717149,60.00004444273564,60.00004873203418,60.00005233694024,60.00005522697265,60.00005743855848,60.00005905518958,60.00006018474335,60.00006093928167,60.00006142043296,60.000061711071446,60.00006187222256,60.0000619432411,60.0000619432411,60.00006187222256,60.000061711071424,60.00006142043296,60.00006093928164,60.000060184743326,60.000059055189574,60.00005743855849,60.00005522697264,60.00005233694026,60.00004873203419,60.00004444273566,60.0000395771715,60.00003431765661,60.00002890138414,60.000023588321774,60.00001862358333,60.000014203462825,60.00001045308856,60.00000741983964,60.00000508192039,60.00000336768834,60.00000217965783,60.00000141764466,60.000000997463786,60.00000086380429
60.000002159214986,60.00000249459887,60.00000354929954,60.00000546321564,60.00000844944562,60.000012761878246,60.00001864795548,60.00002629000279,60.00003574419287,60.00004689124992,60.00005941446715,60.00007281638079,60.00008647570466,60.00009973392243,60.00011199111433,60.00012278747117,60.000131851956674,60.00013911046555,60.00014465792791,60.000148707518015,60.00015153300677,60.00015341772085,60.000154617859955,60.00015534183551,60.00015574279948,60.00015591936012,60.000155919360104,60.00015574279949,60.00015534183549,60.000154617859934,60.000153417720846,60.00015153300675,60.000148707517994,60.00014465792791,60.00013911046558,60.00013185195671,60.000122787471184,60.00011199111432,60.00009973392245,60.00008647570468,60.00007281638079,60.00005941446714,60.000046891249895,60.000035744192864,60.00002629000281,60.0000186479555,60.000012761878246,60.00000844944563,60.00000546321564,60.000003549299535,60.000002494598846,60.000002159214944
60.000005237123666,60.0000060539797,60.00000862378205,60.000013290276726,60.00002057754406,60.000031110808614,60.00004550053814,60.000064197926115,60.00008734400286,60.00011464733141,60.000145329122084,60.0001781642271,60.000211622194335,60.00024408197552,60.00027406926174,60.00030045769248,60.000322587940644,60.00034028611263,60.00035379313884,60.000363638299156,60.00037049679332,60.00037506448566,60.000377968580516,60.0003797179093,60.0003806855415,60.00038111125635,60.00038111125635,60.00038068554151,60.00037971790932,60.00037796858052,60.000375064485645,60.0003704967933,60.00036363829913,60.000353793138814,60.00034028611262,60.00032258794063,60.00030045769249,60.00027406926175,60.00024408197551,60.000211622194335,60.00017816422709,60.00014532912207,60.0001146473314,60.00008734400287,60.00006419792611,60.000045500538164,60.00003111080864,60.00002057754404,60.00001329027673,60.00000862378205,60.00000605397966,60.00000523712366
60.00001231717926,60.000014247060214,60.000020321006794,60.00003135909242,60.00004861292219,60.00007357794463,60.00010771743165,60.000152116738334,60.00020712078958,60.000272038975424,60.00034501168753,60.00042310807588,60.000502665723,60.00057980829011,60.00065101702843,60.000713613442585,60.00076604211259,60.00080791007443,60.000839812700626,60.0008630274089,60.000879171766194,60.0008899051249,60.00089671771701,60.000900814875806,60.000903078115165,60.00090407289211,60.000904072892105,60.000903078115165,60.00090081487581,60.00089671771701,60.000889905124886,60.0008791717662,60.00086302740889,60.00083981270062,60.00080791007441,60.000766042112545,60.00071361344257,60.000651017028424,60.00057980829009,60.000502665723,60.00042310807589,60.00034501168755,60.00027203897541,60.00020712078955,60.000152116738306,60.00010771743166,60.00007357794465,60.00004861292219,60.00003135909242,60.00002032100679,60.000014247060236,60.00001231717926
60.00002807029559,60.000032490174185,60.00004640759957,60.00007172114749,60.00011133196459,60.00016871260912,60.00024726941843,60.000349539553696,60.00047634487339,60.00062609956384,60.00079449399651,60.00097472059865,60.00115826866915,60.00133613760523,60.001500174679876,60.00164419988616,60.00176465738504,60.001860694535026,60.00193374358175,60.00198680042223,60.002023627583306,60.00204806477589,60.00206354644284,60.002072841082864,60.00207796775147,60.002080218777344,60.002080218777344,60.00207796775147,60.00207284108288,60.002063546442855,60.0020480647759,60.002023627583306,60.0019868004222,60.00193374358173,60.00186069453499,60.00176465738502,60.00164419988614,60.00150017467987,60.00133613760522,60.00115826866915,60.00097472059867,60.000794493996516,60.000626099563846,60.00047634487336,60.000349539553696,60.00024726941845,60.00016871260915,60.00011133196462,60.0000717211475,60.0000464075996,60.0000324901742,60.000028070295606
60.00006194213138,60.000071748090164,60.000102641931655,60.00015888681918,60.00024700637329,60.00037482546334,60.00055004232998,60.00077841920041,60.001061864250374,60.001396852214825,60.00177369461868,60.002177044802956,60.002587704575916,60.002985388128415,60.003351765681735,60.0036730096667,60.00394124904305,60.00415471474431,60.00431676047597,60.00443421170846,60.00451556207233,60.00456942891157,60.00460348504484,60.00462389216973,60.004635129932566,60.004640058658815,60.004640058658815,60.00463512993256,60.0046238921697,60.00460348504482,60.004569428911566,60.004515562072335,60.00443421170844,60.00431676047595,60.0041547147443,60.003941249043045,60.0036730096667,60.00335176568173,60.00298538812838,60.002587704575895,60.002177044802984,60.00177369461871,60.00139685221486,60.001061864250374,60.00077841920041,60.000550042330005,60.000374825463346,60.00024700637333,60.00015888681921,60.00010264193166,60.00007174809017,60.0000619421314
60.000132252760395,60.00015331313955,60.00021970431085,60.00034070597026,60.000530541782766,60.000806314652735,60.0011849093396,60.00167903829497,60.00229302008273,60.00301927636463,60.003836689264915,60.00471169228618,60.00560225860324,60.00646402152963,60.007257005362796,60.007951222597775,60.00852981821634,60.008989303426944,60.009337321658094,60.00958897492334,60.00976286357071,60.00987773464829,60.009950194848166,60.00999352364171,60.01001734158175,60.010027774942735,60.01002777494274,60.01001734158171,60.0099935236417,60.00995019484816,60.0098777346483,60.009762863570714,60.00958897492333,60.00933732165809,60.00898930342693,60.008529818216324,60.0079512225978,60.00725700536279,60.006464021529624,60.00560225860324,60.00471169228617,60.00383668926492,60.00301927636465,60.00229302008276,60.00167903829496,60.001184909339614,60.00080631465272,60.00053054178276,60.00034070597027,60.00021970431086,60.00015331313954,60.00013225276042
60.000273003389424,60.00031675819728,60.00045478570866,60.00070665641695,60.00110242618259,60.00167834052314,60.00247033111759,60.00350563968991,60.00479379821244,60.006319073328925,60.00803685764199,60.009875941153055,60.01174706062252,60.013556075977355,60.015218441476996,60.01667115474836,60.017879334589594,60.0188365031391,60.01955961626875,60.02008111851478,60.02044050923027,60.020677302010256,60.02082629590688,60.0209151845269,60.02096395207989,60.02098528585528,60.020985285855275,60.02096395207989,60.020915184526885,60.020826295906886,60.02067730201027,60.020440509230255,60.02008111851475,60.01955961626874,60.01883650313911,60.01787933458959,60.01667115474834,60.01521844147699,60.01355607597734,60.01174706062248,60.009875941153055,60.00803685764199,60.00631907332894,60.004793798212454,60.0035056396899,60.0024703311176,60.001678340523135,60.0011024261826,60.00070665641697,60.000454785708676,60.00031675819727,60.000273003389445
60.00054441456792,60.0006322855108,60.000909693790355,60.00141660654668,60.00221454659855,60.00337796465807,60.004981033472696,60.007080458323934,60.00969677221839,60.01279848295609,60.01629432530659,60.02003780444755,60.023844989838246,60.0275221042099,60.030895785892994,60.03383786504492,60.03627866362634,60.03820704368119,60.039659621490074,60.04070406564312,60.04142168495973,60.041893125401835,60.04218894150188,60.04236497717675,60.04246135200302,60.04250345029676,60.04250345029675,60.04246135200304,60.04236497717675,60.04218894150191,60.04189312540184,60.04142168495973,60.04070406564313,60.0396596214901,60.038207043681204,60.03627866362632,60.03383786504491,60.03089578589298,60.027522104209886,60.023844989838224,60.020037804447554,60.01629432530661,60.01279848295609,60.00969677221838,60.00708045832393,60.00498103347269,60.00337796465808,60.002214546598545,60.00141660654668,60.000909693790355,60.00063228551079,60.00054441456793
60.001047926947486,60.001218373705804,60.00175694281089,60.00274262945403,60.00429736890691,60.006569332534866,60.00970702127394,60.01382511034991,60.018966805388594,60.02507146864959,60.03195833471158,60.03933519474963,60.04683435305503,60.05406884912169,60.060694064581966,60.06645763899276,60.07122542183372,60.07498026331139,60.077799156096944,60.07981910465178,60.08120229407133,60.08210802034248,60.08267459521322,60.08301081887493,60.083194465796,60.0832745583685,60.08327455836848,60.083194465796,60.08301081887491,60.08267459521322,60.082108020342496,60.08120229407133,60.07981910465178,60.07779915609696,60.0749802633114,60.07122542183372,60.066457638992716,60.06069406458193,60.054068849121634,60.046834353054976,60.03933519474962,60.03195833471157,60.02507146864958,60.018966805388565,60.01382511034988,60.00970702127395,60.006569332534866,60.00429736890688,60.002742629454026,60.00175694281089,60.001218373705825,60.00104792694751
60.00194535645773,60.002264440683476,60.00327366414961,60.0051240519354,60.00804948979867,60.01233560663415,60.01827073687979,60.02608025794153,60.03585307496497,60.04747722897354,60.06060631760017,60.07467521285004,60.08897060148773,60.10274261900762,60.11532710664369,60.12624338592026,60.135243016697906,60.14230429818723,60.147584916024485,60.151354132875895,60.153925322228865,60.15560282919512,60.156648624411005,60.15726734016032,60.15760443137138,60.15775119014926,60.15775119014926,60.15760443137137,60.15726734016032,60.15664862441102,60.155602829195125,60.15392532222885,60.15135413287592,60.14758491602447,60.14230429818723,60.1352430166979,60.12624338592022,60.11532710664363,60.10274261900755,60.08897060148767,60.07467521284998,60.060606317600126,60.04747722897348,60.03585307496492,60.02608025794149,60.01827073687977,60.0123356066341,60.00804948979864,60.005124051935375,60.003273664149624,60.00226444068348,60.00194535645777
60.00347973526114,60.00405573984094,60.00587961471308,60.00923047735191,60.014542284813636,60.02234818787023,60.03319111244636,60.047501735888936,60.065459190913366,60.08686620832889,60.111081003208156,60.13704375029216,60.16341091716156,60.18877160267038,60.211884538377994,60.23186448852783,60.24827011755884,60.2610861107331,60.27062716627934,60.27740700479588,60.2820119548464,60.2850040979299,60.28686245746961,60.28795823153879,60.28855359490441,60.28881231203301,60.28881231203303,60.28855359490441,60.287958231538795,60.28686245746962,60.285004097929914,60.28201195484641,60.2774070047959,60.27062716627933,60.26108611073308,60.2482701175588,60.2318644885278,60.21188453837796,60.18877160267034,60.163410917161535,60.13704375029213,60.111081003208085,60.08686620832884,60.065459190913316,60.04750173588885,60.03319111244628,60.022348187870165,60.01454228481358,60.009230477351885,60.00587961471308,60.00405573984096,60.00347973526117
60.00599192830779,60.00699367639905,60.010169671774044,60.01601825456018,60.0253178669109,60.039031831383916,60.05815161544021,60.08347791430698,60.1153646490749,60.15348271439586,60.196683656617175,60.243039627449654,60.29009156432298,60.335259371187696,60.3762921829648,60.411614737661914,60.44047821078078,60.4629097365186,60.47952163948395,60.49126542876739,60.49920298929899,60.50433708237307,60.507512548128545,60.50937812400012,60.51038872788078,60.510827005040994,60.51082700504099,60.51038872788079,60.50937812400013,60.50751254812853,60.50433708237307,60.49920298929898,60.491265428767385,60.47952163948392,60.462909736518554,60.44047821078075,60.411614737661885,60.37629218296479,60.33525937118772,60.290091564323,60.24303962744967,60.19668365661718,60.15348271439585,60.11536464907487,60.08347791430694,60.058151615440146,60.03903183138386,60.02531786691084,60.016018254560166,60.010169671774015,60.00699367639903,60.005991928307786
60.00992282576304,60.011599629032425,60.01692350597851,60.02675333638021,60.04243831146974,60.06566269052648,60.09818250880537,60.14144713742488,60.196143263111104,60.261758262379715,60.33631018130582,60.4163961713072,60.497636574560325,60.575438410666,60.64583790779175,60.70612909654432,60.755106988423506,60.792936165530044,60.82077884389674,60.84034598964044,60.85349820293206,60.86196207234142,60.867173206834295,60.87022263413172,60.87186927156894,60.872581849414125,60.87258184941412,60.87186927156894,60.87022263413172,60.867173206834266,60.8619620723414,60.85349820293205,60.840345989640426,60.82077884389673,60.792936165530044,60.75510698842356,60.70612909654442,60.64583790779186,60.57543841066616,60.49763657456051,60.41639617130736,60.336310181305976,60.26175826237985,60.19614326311119,60.14144713742491,60.09818250880534,60.06566269052643,60.042438311469674,60.02675333638016,60.0169235059785,60.01159962903241,60.009922825763056
60.01578721117566,60.01848581501137,60.02706780666847,60.04296077873323,60.068422371892915,60.106300658717096,60.15961212056648,60.230913133454834,60.32151380508228,60.430689494464474,60.55515010710893,60.689064457639375,60.82482652811538,60.95445697088247,61.071167949633015,61.17047972431323,61.250576896510175,61.3119841228932,61.35685415455505,61.38817339220001,61.40909358513577,61.422480834184405,61.43068240763994,61.43546140325563,61.43803323260248,61.43914366651584,61.43914366651582,61.438033232602464,61.435461403255594,61.43068240763992,61.422480834184384,61.40909358513576,61.38817339220001,61.3568541545551,61.311984122893286,61.25057689651035,61.17047972431348,61.07116794963334,60.95445697088287,60.82482652811579,60.68906445763979,60.55515010710935,60.4306894944648,60.321513805082496,60.23091313345494,60.15961212056651,60.10630065871709,60.06842237189286,60.04296077873319,60.02706780666842,60.01848581501134,60.015787211175635
60.02410490377615,60.028275770337494,60.04156379976532,60.06625478262802,60.1059923358425,60.16543110802994,60.24959557249246,60.362881889322594,60.50775010791974,60.683333999284535,60.884404840240876,61.10125832148655,61.32097535138193,61.5299734753741,61.716927304744004,61.87471265383378,62.0008363955669,62.09666622441858,62.166093819243315,62.21417630392957,62.246069279526914,62.26635256673226,62.27871266910962,62.285882464818,62.289727249471255,62.2913834151795,62.29138341517948,62.28972724947124,62.285882464817995,62.27871266910956,62.26635256673221,62.246069279526886,62.21417630392961,62.16609381924344,62.096666224418776,62.00083639556722,61.874712653834244,61.71692730474462,61.52997347537482,61.320975351382735,61.10125832148734,60.88440484024158,60.683333999285125,60.5077501079202,60.36288188932289,60.249595572492616,60.16543110802999,60.105992335842494,60.06625478262798,60.04156379976529,60.028275770337444,60.024104903776134
60.03528077085101,60.041463560317446,60.06120076320926,60.09801265600499,60.1575630671321,60.24719599575948,60.37502162958435,60.548412183678245,60.7719143625774,61.04486423731542,61.35938057178834,61.69978552103704,62.044525573990555,62.37080301814203,62.66016112839863,62.90179203874003,63.09277858650494,63.236319182363,63.33927541707671,63.409944986315935,63.456456910925475,63.48584079281336,63.50364569973372,63.513925835492145,63.5194186156156,63.521779067062596,63.52177906706258,63.51941861561559,63.51392583549213,63.50364569973369,63.48584079281334,63.456456910925496,63.40994498631605,63.33927541707695,63.23631918236335,63.09277858650551,62.90179203874079,62.66016112839956,62.37080301814308,62.044525573991685,61.699785521038166,61.359380571789394,61.04486423731633,60.771914362578116,60.54841218367877,60.375021629584694,60.24719599575963,60.15756306713213,60.09801265600498,60.061200763209214,60.041463560317354,60.03528077085097
60.04944021921458,60.05821808357479,60.086300218346004,60.13889104295979,60.224454201206406,60.35415648914238,60.5406662773459,60.796029959627965,61.12850727992105,61.53862042203551,62.01532503233066,62.53410033225402,63.059424990318256,63.55316733559165,63.985873015706694,64.3421552124267,64.61978090178475,64.82569619977005,64.97167563375493,65.07087710290203,65.13561844712008,65.17623198284626,65.20069911145883,65.21475990088751,65.22224597716017,65.22545561398913,65.22545561398913,65.22224597716018,65.21475990088751,65.20069911145885,65.1762319828463,65.13561844712018,65.07087710290219,64.97167563375527,64.82569619977055,64.61978090178543,64.34215521242763,63.98587301570779,63.55316733559289,63.05942499031958,62.53410033225534,62.01532503233193,61.538620422036615,61.128507279921976,60.79602995962866,60.540666277346396,60.35415648914265,60.224454201206505,60.138891042959806,60.08630021834595,60.05821808357475,60.04944021921456
60.06625015906156,60.078166486762065,60.11637650387923,60.18824752066157,60.30590569145702,60.4856703163323,60.74664073392611,61.10794967406297,61.58429167790043,62.17970627038346,62.880485080289446,63.649836008052155,64.42954999570456,65.1549064697219,65.77985873289968,66.28472842721396,66.67106767516833,66.95308791992186,67.15036270358429,67.28295979599294,67.36873143738441,67.42215554297628,67.45415769976307,67.4724667923467,67.48218231601739,67.48633901059713,67.48633901059715,67.48218231601739,67.47246679234667,67.4541576997631,67.42215554297634,67.36873143738453,67.28295979599315,67.15036270358468,66.9530879199224,66.67106767516904,66.28472842721486,65.7798587329007,65.154906469723,64.42954999570576,63.6498360080533,62.88048508029059,62.179706270384564,61.584291677901376,61.107949674063725,60.74664073392668,60.48567031633266,60.30590569145721,60.18824752066167,60.11637650387923,60.078166486762036,60.06625015906154
60.0847809971671,60.100222045576395,60.149849572281624,60.24361662640607,60.39812048481617,60.63619058561314,60.98549361510291,61.47541322403599,62.13136732921136,62.96581091712829,63.965852719534894,65.07993327781254,66.21282288912002,67.24945294645543,68.12004223847708,68.80518439438895,69.31756145508703,69.68463061508831,69.9376286762722,70.10574489889252,70.21354026929653,70.28023072216318,70.31997378615078,70.34262278431251,70.35460723743961,70.35972562961804,70.35972562961803,70.35460723743957,70.34262278431248,70.3199737861508,70.28023072216324,70.21354026929664,70.10574489889275,69.93762867627254,69.6846306150888,69.3175614550876,68.80518439438957,68.12004223847775,67.24945294645609,66.21282288912063,65.07993327781315,63.96585271953556,62.965810917128984,62.13136732921204,61.47541322403664,60.98549361510344,60.636190585613555,60.39812048481642,60.243616626406244,60.14984957228168,60.100222045576395,60.08478099716709
60.103480603945556,60.12254258397999,60.18394512792078,60.300468432563555,60.49371125138051,60.79406788400634,61.23976808873193,61.874046161351124,62.73911928746611,63.86500300101475,65.25034026807197,66.83309597149768,68.4594672964309,69.90359601590959,71.06863100190013,71.95296608479919,72.59579940571933,73.04674101172861,73.35285867773273,73.55406968683391,73.6820823759157,73.7608372203371,73.8075798874575,73.83414044404553,73.84816644392437,73.85414952105131,73.8541495210513,73.84816644392437,73.83414044404556,73.80757988745754,73.76083722033718,73.6820823759158,73.55406968683407,73.35285867773298,73.04674101172887,72.59579940571956,71.95296608479931,71.06863100190013,69.90359601590941,68.45946729643057,66.83309597149736,65.25034026807172,63.865003001014735,62.73911928746627,61.874046161351416,61.23976808873227,60.79406788400668,60.49371125138081,60.30046843256375,60.18394512792088,60.12254258398002,60.10348060394556
60.12032113829561,60.14269682100055,60.21491582644626,60.35250089347023,60.582017466013774,60.941676685158384,61.481332825876784,62.26102785533743,63.346722807877235,64.8003784900115,66.65741925289844,68.87519385716301,71.22633341892437,73.18621252637263,74.6672956302584,75.73821831281226,76.49177078074287,77.00944315023268,77.35622903738728,77.58226116944617,77.72529695254926,77.81299391064316,77.8649310638634,77.89440337517276,77.90995448914764,77.91658534149073,77.91658534149072,77.90995448914768,77.89440337517274,77.86493106386342,77.8129939106432,77.7252969525493,77.58226116944626,77.35622903738735,77.00944315023267,76.49177078074267,75.7382183128118,74.66729563025763,73.1862125263715,71.22633341892298,68.87519385716153,66.65741925289713,64.8003784900105,63.34672280787664,62.261027855337225,61.481332825876855,60.941676685158534,60.58201746601398,60.352500893470406,60.214915826446365,60.14269682100061,60.120321138295665
60.13313403832731,60.15806374781145,60.23864644662122,60.3926248286256,60.65067230898294,61.057713307007226,61.674218538508185,62.57715718184521,63.860352369718306,65.63333883615194,68.01306051999661,71.07862028618614,74.64636186588247,77.19767265993251,78.93294237895503,80.11691830797038,80.92580579601396,81.47355992623952,81.83804231391771,82.07493162669192,82.22470332439975,82.31653895616267,82.37095904059066,82.40186461279157,82.41818474882365,82.42514759711612,82.42514759711614,82.4181847488237,82.40186461279158,82.37095904059066,82.3165389561627,82.22470332439966,82.07493162669185,81.83804231391755,81.47355992623916,80.92580579601326,80.1169183079694,78.93294237895358,77.19767265993056,74.64636186588015,71.07862028618366,68.01306051999437,65.63333883615016,63.860352369717056,62.57715718184451,61.674218538507944,61.05771330700729,60.65067230898309,60.392624828625756,60.23864644662135,60.15806374781156,60.13313403832742
60.14007347964876,60.16639824589206,60.25155955706296,60.4145539642342,60.68841278682691,61.12202787994298,61.78246741335261,62.75815338400459,64.16462229514883,66.15805950149452,68.97138333914252,73.0175115146629,79.20843774596096,82.11418947041358,83.83367952876891,84.96669811997575,85.73882943683796,86.26473866433419,86.61717829553811,86.84774901127807,86.99435603131836,87.08468636400899,87.13843328734626,87.1690602385581,87.18527635677395,87.1922070407048,87.19220704070482,87.18527635677397,87.16906023855813,87.13843328734625,87.08468636400902,86.99435603131825,86.84774901127788,86.61717829553776,86.26473866433359,85.73882943683698,84.96669811997438,83.83367952876708,82.11418947041125,79.20843774595826,73.01751151465989,68.97138333913968,66.15805950149216,64.16462229514714,62.758153384003634,61.78246741335217,61.12202787994294,60.688412786827,60.41455396423433,60.251559557063096,60.16639824589219,60.14007347964889
0.0,0.0,0.0,0.0,0.0,0.0,0.0,0.0,0.0,0.0,0.0,0.0,86.9403922958389,88.08257379999532,89.1797196077966,90.04446331884009,90.68361449496214,91.13831700731103,91.45129429623796,91.65979437903891,91.79412468934947,91.87772359225202,91.92785635722747,91.95660030959633,91.97189035563395,91.9784448929175,91.97844489291751,91.97189035563399,91.95660030959631,91.92785635722741,91.87772359225197,91.79412468934933,91.65979437903869,91.45129429623749,91.13831700731033,90.68361449496118,90.04446331883872,89.17971960779487,88.08257379999323,86.94039229583665,0.0,0.0,0.0,0.0,0.0,0.0,0.0,0.0,0.0,0.0,0.0,0.0
0.0,0.0,0.0,0.0,0.0,0.0,0.0,0.0,0.0,0.0,0.0,0.0,93.19718550007437,93.71403003816168,94.3632201452556,94.95836244581415,95.43939405521388,95.80128460628274,96.059775332209,96.2364926954767,96.35252287313536,96.42577734964853,96.47019947124444,96.49589165528835,96.50964761352323,96.51556919679336,96.51556919679336,96.50964761352324,96.49589165528835,96.47019947124443,96.42577734964841,96.3525228731352,96.23649269547641,96.05977533220856,95.80128460628212,95.43939405521301,94.95836244581307,94.36322014525423,93.7140300381601,93.1971855000727,0.0,0.0,0.0,0.0,0.0,0.0,0.0,0.0,0.0,0.0,0.0,0.0
0.0,0.0,0.0,0.0,0.0,0.0,0.0,0.0,0.0,0.0,0.0,0.0,98.29803307529042,98.56036896346274,98.9443776067561,99.33741169052674,99.68065393549985,99.95343196576525,100.15614455944035,100.29885695115699,100.39467229282877,100.45621999638205,100.49405480428489,100.51617233169563,100.52810977365215,100.53327505172973,100.53327505172972,100.52810977365213,100.5161723316956,100.49405480428486,100.45621999638199,100.39467229282862,100.29885695115668,100.15614455944,99.95343196576478,99.68065393549925,99.33741169052605,98.94437760675534,98.56036896346185,98.29803307528951,0.0,0.0,0.0,0.0,0.0,0.0,0.0,0.0,0.0,0.0,0.0,0.0
0.0,0.0,0.0,0.0,0.0,0.0,0.0,0.0,0.0,0.0,0.0,0.0,102.24040657234927,102.38696923443466,102.62154933177298,102.88114837128592,103.12251966944804,103.32395515048742,103.47944551340763,103.59220602873404,103.6696999019127,103.72041111795592,103.75205040026884,103.7707647473855,103.7809552326398,103.78538975159354,103.78538975159351,103.78095523263983,103.77076474738546,103.7520504002688,103.72041111795588,103.66969990191251,103.59220602873388,103.47944551340743,103.32395515048712,103.12251966944774,102.88114837128563,102.62154933177264,102.38696923443439,102.24040657234906,0.0,0.0,0.0,0.0,0.0,0.0,0.0,0.0,0.0,0.0,0.0,0.0
0.0,0.0,0.0,0.0,0.0,0.0,0.0,0.0,0.0,0.0,0.0,0.0,104.93918895453754,105.03081174752289,105.18551730118111,105.36630136032468,105.54267855802989,105.69590774147017,105.81812024789008,105.90911683481053,105.97299582434584,106.01551959033814,106.04241935018078,106.0585058796823,106.0673382382367,106.07120220915056,106.07120220915056,106.0673382382367,106.05850587968226,106.04241935018072,106.0155195903381,105.97299582434563,105.90911683481038,105.81812024788991,105.69590774147004,105.54267855802978,105.36630136032463,105.18551730118105,105.030811747523,104.93918895453766,0.0,0.0,0.0,0.0,0.0,0.0,0.0,0.0,0.0,0.0,0.0,0.0
0.0,0.0,0.0,0.0,0.0,0.0,0.0,0.0,0.0,0.0,0.0,0.0,106.31202205332421,106.38108035978627,106.50097471385399,106.64547909208692,106.79057607741792,106.91979295789919,107.02499503520055,107.10465087953429,107.16133365228946,107.19948376499532,107.2238315245867,107.23849466721563,107.24658821607134,107.2501409776343,107.25014097763436,107.24658821607133,107.23849466721562,107.22383152458669,107.19948376499522,107.16133365228939,107.1046508795342,107.02499503520046,106.91979295789909,106.79057607741784,106.64547909208692,106.50097471385399,106.38108035978638,106.31202205332431,0.0,0.0,0.0,0.0,0.0,0.0,0.0,0.0,0.0,0.0,0.0,0.0
0.0,0.0,0.0,0.0,0.0,0.0,0.0,0.0,0.0,0.0,0.0,0.0,106.31202205332418,106.38108035978622,106.50097471385394,106.64547909208687,106.79057607741787,106.91979295789912,107.02499503520052,107.10465087953433,107.16133365228949,107.19948376499528,107.22383152458674,107.23849466721568,107.24658821607132,107.25014097763427,107.25014097763423,107.24658821607134,107.23849466721563,107.22383152458664,107.19948376499522,107.16133365228937,107.10465087953422,107.02499503520046,106.91979295789908,106.79057607741787,106.64547909208692,106.50097471385395,106.38108035978634,106.31202205332423,0.0,0.0,0.0,0.0,0.0,0.0,0.0,0.0,0.0,0.0,0.0,0.0
0.0,0.0,0.0,0.0,0.0,0.0,0.0,0.0,0.0,0.0,0.0,0.0,104.93918895453737,105.03081174752273,105.18551730118088,105.36630136032447,105.54267855802976,105.6959077414701,105.81812024788995,105.90911683481045,105.97299582434579,106.01551959033824,106.04241935018084,106.05850587968231,106.06733823823667,106.07120220915053,106.07120220915048,106.06733823823664,106.05850587968233,106.04241935018077,106.01551959033813,105.97299582434576,105.90911683481045,105.81812024789,105.69590774147015,105.5426785580299,105.36630136032466,105.18551730118101,105.03081174752288,104.93918895453749,0.0,0.0,0.0,0.0,0.0,0.0,0.0,0.0,0.0,0.0,0.0,0.0
0.0,0.0,0.0,0.0,0.0,0.0,0.0,0.0,0.0,0.0,0.0,0.0,102.24040657234868,102.38696923443406,102.62154933177231,102.88114837128532,103.12251966944758,103.32395515048705,103.47944551340744,103.59220602873388,103.66969990191264,103.72041111795592,103.75205040026893,103.7707647473855,103.78095523263978,103.7853897515935,103.7853897515935,103.78095523263974,103.77076474738547,103.75205040026887,103.72041111795592,103.66969990191261,103.59220602873398,103.47944551340754,103.32395515048734,103.12251966944805,102.88114837128586,102.62154933177287,102.38696923443459,102.24040657234916,0.0,0.0,0.0,0.0,0.0,0.0,0.0,0.0,0.0,0.0,0.0,0.0
0.0,0.0,0.0,0.0,0.0,0.0,0.0,0.0,0.0,0.0,0.0,0.0,98.29803307528901,98.56036896346144,98.94437760675494,99.33741169052571,99.68065393549904,99.95343196576466,100.15614455943997,100.29885695115676,100.39467229282869,100.45621999638203,100.49405480428491,100.51617233169567,100.52810977365218,100.53327505172975,100.53327505172972,100.52810977365212,100.51617233169563,100.49405480428491,100.45621999638205,100.39467229282873,100.29885695115682,100.15614455944021,99.95343196576509,99.68065393549979,99.33741169052668,98.94437760675605,98.56036896346265,98.29803307529035,0.0,0.0,0.0,0.0,0.0,0.0,0.0,0.0,0.0,0.0,0.0,0.0
0.0,0.0,0.0,0.0,0.0,0.0,0.0,0.0,0.0,0.0,0.0,0.0,93.19718550007224,93.71403003815962,94.36322014525393,94.95836244581274,95.43939405521279,95.80128460628198,96.05977533220855,96.23649269547647,96.35252287313526,96.42577734964847,96.47019947124444,96.49589165528837,96.50964761352326,96.51556919679341,96.5155691967934,96.50964761352324,96.49589165528833,96.47019947124447,96.42577734964851,96.35252287313533,96.23649269547661,96.05977533220887,95.80128460628268,95.43939405521377,94.95836244581409,94.36322014525561,93.71403003816162,93.1971855000744,0.0,0.0,0.0,0.0,0.0,0.0,0.0,0.0,0.0,0.0,0.0,0.0
0.0,0.0,0.0,0.0,0.0,0.0,0.0,0.0,0.0,0.0,0.0,0.0,86.94039229583625,88.08257379999283,89.17971960779457,90.04446331883848,90.68361449496102,91.13831700731032,91.45129429623753,91.6597943790387,91.7941246893494,91.87772359225205,91.92785635722748,91.95660030959634,91.97189035563402,91.97844489291752,91.97844489291751,91.97189035563396,91.95660030959631,91.92785635722747,91.87772359225204,91.79412468934945,91.65979437903889,91.45129429623789,91.138317007311,90.68361449496213,90.04446331884007,89.17971960779661,88.0825737999953,86.94039229583896,0.0,0.0,0.0,0.0,0.0,0.0,0.0,0.0,0.0,0.0,0.0,0.0
60.140073479648784,60.16639824589206,60.251559557062954,60.41455396423421,60.688412786826916,61.1220278799429,61.78246741335228,62.75815338400388,64.16462229514758,66.1580595014927,68.97138333914019,73.01751151466028,79.20843774595829,82.11418947041116,83.83367952876695,84.96669811997425,85.73882943683692,86.26473866433358,86.61717829553777,86.8477490112779,86.99435603131832,87.084686364009,87.13843328734629,87.16906023855816,87.18527635677403,87.19220704070484,87.1922070407048,87.18527635677397,87.1690602385581,87.13843328734626,87.08468636400902,86.9943560313183,86.84774901127801,86.61717829553808,86.26473866433416,85.73882943683788,84.96669811997572,83.8336795287689,82.11418947041355,79.208437745961,73.01751151466294,68.97138333914255,66.15805950149452,64.16462229514883,62.758153384004586,61.782467413352585,61.122027879942976,60.68841278682686,60.41455396423414,60.251559557062926,60.16639824589206,60.14007347964876
60.133134038327306,60.15806374781145,60.23864644662124,60.39262482862563,60.65067230898298,61.05771330700726,61.674218538508036,62.57715718184475,63.86035236971745,65.63333883615061,68.01306051999485,71.0786202861841,74.64636186588037,77.19767265993057,78.93294237895353,80.11691830796936,80.92580579601328,81.47355992623912,81.83804231391757,82.07493162669188,82.22470332439975,82.31653895616274,82.3709590405907,82.40186461279163,82.41818474882373,82.4251475971162,82.42514759711614,82.41818474882369,82.40186461279156,82.37095904059068,82.31653895616267,82.2247033243997,82.0749316266919,81.8380423139177,81.47355992623946,80.9258057960139,80.1169183079704,78.93294237895505,77.19767265993251,74.64636186588247,71.07862028618617,68.01306051999664,65.63333883615195,63.860352369718306,62.577157181845166,61.67421853850817,61.05771330700722,60.65067230898291,60.39262482862556,60.238646446621196,60.158063747811426,60.133134038327285
60.12032113829556,60.14269682100054,60.21491582644627,60.35250089347029,60.58201746601386,60.941676685158505,61.481332825876905,62.261027855337396,63.34672280787693,64.80037849001093,66.65741925289757,68.87519385716193,71.22633341892322,73.18621252637163,74.66729563025764,75.73821831281181,76.49177078074266,77.00944315023263,77.35622903738732,77.58226116944628,77.72529695254937,77.81299391064321,77.86493106386347,77.89440337517283,77.90995448914774,77.91658534149079,77.91658534149074,77.90995448914768,77.89440337517274,77.86493106386341,77.81299391064317,77.72529695254924,77.58226116944616,77.35622903738725,77.00944315023263,76.49177078074281,75.73821831281226,74.66729563025838,73.18621252637264,71.2263334189244,68.87519385716304,66.65741925289844,64.80037849001148,63.34672280787717,62.2610278553374,61.48133282587675,60.94167668515834,60.58201746601377,60.35250089347022,60.21491582644624,60.14269682100054,60.12032113829558
60.103480603945485,60.122542583979936,60.18394512792078,60.30046843256364,60.493711251380695,60.794067884006594,61.23976808873228,61.87404616135152,62.739119287466444,63.865003001014976,65.25034026807201,66.83309597149763,68.45946729643082,69.90359601590953,71.06863100190016,71.95296608479933,72.59579940571956,73.04674101172887,73.35285867773293,73.5540696868341,73.68208237591584,73.76083722033718,73.80757988745759,73.83414044404559,73.8481664439244,73.85414952105133,73.85414952105131,73.8481664439244,73.83414044404557,73.80757988745754,73.76083722033712,73.68208237591573,73.55406968683388,73.35285867773271,73.04674101172856,72.59579940571932,71.95296608479916,71.06863100190012,69.90359601590959,68.45946729643089,66.8330959714977,65.250340268072,63.86500300101476,62.739119287466096,61.87404616135111,61.2397680887319,60.79406788400632,60.49371125138053,60.300468432563555,60.18394512792076,60.122542583979964,60.10348060394553
60.08478099716701,60.100222045576324,60.14984957228159,60.24361662640614,60.398120484816324,60.63619058561346,60.9854936151034,61.475413224036664,62.13136732921211,62.965810917129104,63.965852719535704,65.07993327781328,66.21282288912077,67.24945294645616,68.12004223847774,68.8051843943896,69.31756145508763,69.68463061508879,69.9376286762726,70.10574489889278,70.21354026929669,70.28023072216325,70.31997378615081,70.34262278431251,70.35460723743961,70.35972562961803,70.35972562961805,70.35460723743962,70.34262278431251,70.31997378615077,70.28023072216318,70.21354026929652,70.10574489889251,69.9376286762722,69.6846306150883,69.31756145508702,68.80518439438893,68.12004223847704,67.24945294645543,66.21282288912,65.07993327781253,63.96585271953491,62.96581091712828,62.13136732921135,61.47541322403599,60.98549361510289,60.636190585613136,60.39812048481615,60.24361662640606,60.14984957228158,60.10022204557637,60.0847809971671
60.066250159061454,60.078166486761944,60.11637650387915,60.18824752066158,60.30590569145711,60.48567031633259,60.746640733926604,61.10794967406368,61.5842916779014,62.17970627038459,62.88048508029065,63.649836008053356,64.4295499957058,65.15490646972304,65.77985873290075,66.28472842721493,66.6710676751691,66.95308791992244,67.15036270358469,67.28295979599318,67.36873143738457,67.42215554297638,67.45415769976313,67.47246679234671,67.48218231601741,67.48633901059718,67.48633901059718,67.48218231601743,67.4724667923467,67.45415769976307,67.42215554297628,67.3687314373844,67.28295979599292,67.15036270358432,66.95308791992186,66.67106767516833,66.28472842721398,65.77985873289967,65.15490646972191,64.42954999570456,63.649836008052134,62.880485080289446,62.179706270383484,61.58429167790043,61.10794967406296,60.746640733926114,60.485670316332296,60.305905691457006,60.18824752066158,60.11637650387923,60.07816648676204,60.066250159061546
60.04944021921449,60.05821808357471,60.08630021834589,60.13889104295975,60.22445420120644,60.354156489142575,60.540666277346304,60.796029959628605,61.12850727992194,61.5386204220366,62.01532503233192,62.53410033225533,63.059424990319606,63.55316733559291,63.98587301570781,64.34215521242764,64.61978090178546,64.82569619977055,64.97167563375527,65.07087710290223,65.1356184471202,65.17623198284633,65.20069911145887,65.21475990088753,65.2222459771602,65.22545561398915,65.22545561398914,65.22224597716018,65.21475990088753,65.20069911145882,65.17623198284628,65.13561844712008,65.07087710290202,64.97167563375494,64.82569619977006,64.61978090178475,64.34215521242669,63.985873015706694,63.55316733559167,63.05942499031829,62.53410033225401,62.01532503233068,61.5386204220355,61.12850727992105,60.79602995962798,60.54066627734591,60.35415648914239,60.224454201206385,60.138891042959806,60.08630021834599,60.05821808357481,60.049440219214596
60.03528077085091,60.04146356031731,60.06120076320914,60.09801265600492,60.15756306713209,60.24719599575954,60.3750216295846,60.548412183678714,60.77191436257805,61.04486423731628,61.35938057178937,61.69978552103813,62.04452557399167,62.370803018143064,62.66016112839957,62.901792038740766,63.0927785865055,63.23631918236337,63.33927541707695,63.409944986316056,63.456456910925525,63.48584079281337,63.50364569973374,63.51392583549213,63.51941861561562,63.52177906706261,63.52177906706259,63.51941861561558,63.513925835492124,63.50364569973371,63.48584079281332,63.45645691092547,63.40994498631593,63.33927541707671,63.23631918236301,63.092778586504956,62.90179203874004,62.66016112839868,62.37080301814204,62.044525573990576,61.699785521037036,61.35938057178837,61.04486423731543,60.77191436257741,60.54841218367827,60.375021629584374,60.247195995759476,60.157563067132116,60.09801265600498,60.06120076320924,60.041463560317396,60.03528077085102
60.02410490377607,60.028275770337395,60.041563799765264,60.06625478262795,60.105992335842465,60.165431108029935,60.24959557249255,60.362881889322836,60.50775010792014,60.683333999285075,60.88440484024156,61.10125832148732,61.32097535138272,61.529973475374824,61.71692730474462,61.874712653834266,62.000836395567234,62.09666622441878,62.16609381924343,62.21417630392962,62.246069279526914,62.26635256673222,62.278712669109616,62.28588246481801,62.28972724947126,62.2913834151795,62.2913834151795,62.289727249471255,62.28588246481799,62.2787126691096,62.26635256673224,62.24606927952688,62.21417630392957,62.166093819243336,62.09666622441858,62.00083639556691,61.8747126538338,61.71692730474401,61.5299734753741,61.320975351381975,61.10125832148657,60.8844048402409,60.68333399928453,60.507750107919755,60.36288188932259,60.24959557249245,60.16543110802992,60.105992335842515,60.06625478262801,60.04156379976531,60.02827577033748,60.02410490377617
60.01578721117559,60.01848581501132,60.0270678066684,60.04296077873317,60.06842237189284,60.10630065871704,60.15961212056644,60.230913133454884,60.32151380508247,60.43068949446475,60.55515010710933,60.6890644576398,60.82482652811579,60.954456970882866,61.07116794963333,61.170479724313466,61.25057689651034,61.311984122893286,61.356854154555116,61.38817339220001,61.40909358513575,61.4224808341844,61.43068240763994,61.43546140325563,61.438033232602464,61.439143666515825,61.43914366651584,61.43803323260245,61.43546140325561,61.43068240763995,61.42248083418441,61.40909358513575,61.388173392199995,61.35685415455506,61.311984122893186,61.250576896510175,61.17047972431324,61.07116794963303,60.95445697088249,60.824826528115366,60.68906445763939,60.555150107108965,60.43068949446449,60.32151380508228,60.23091313345482,60.15961212056645,60.106300658717075,60.068422371892915,60.0429607787332,60.027067806668455,60.018485815011374,60.01578721117566
60.00992282576301,60.01159962903236,60.01692350597848,60.026753336380146,60.042438311469674,60.06566269052639,60.098182508805294,60.14144713742484,60.19614326311114,60.26175826237982,60.33631018130594,60.41639617130735,60.497636574560495,60.575438410666145,60.64583790779186,60.70612909654443,60.75510698842354,60.79293616553003,60.82077884389674,60.84034598964041,60.85349820293205,60.8619620723414,60.8671732068343,60.87022263413172,60.87186927156893,60.872581849414125,60.87258184941413,60.871869271568926,60.87022263413173,60.86717320683427,60.86196207234141,60.85349820293207,60.84034598964044,60.82077884389673,60.792936165530044,60.75510698842353,60.706129096544345,60.64583790779177,60.575438410666,60.49763657456035,60.41639617130721,60.336310181305834,60.26175826237973,60.19614326311108,60.14144713742486,60.09818250880535,60.06566269052645,60.042438311469745,60.02675333638019,60.01692350597853,60.011599629032425,60.00992282576307
60.00599192830779,60.006993676399034,60.010169671773994,60.01601825456014,60.02531786691083,60.03903183138383,60.058151615440096,60.08347791430689,60.11536464907485,60.15348271439582,60.19668365661717,60.24303962744967,60.290091564322985,60.33525937118773,60.37629218296478,60.41161473766188,60.440478210780775,60.46290973651855,60.47952163948393,60.49126542876736,60.49920298929899,60.50433708237306,60.50751254812855,60.5093781240001,60.510388727880766,60.510827005040966,60.51082700504098,60.510388727880766,60.509378124000115,60.50751254812853,60.50433708237307,60.499202989299015,60.491265428767385,60.47952163948397,60.462909736518604,60.44047821078079,60.41161473766192,60.376292182964804,60.33525937118771,60.290091564323,60.24303962744967,60.196683656617175,60.153482714395835,60.11536464907487,60.083477914306954,60.058151615440195,60.03903183138389,60.025317866910875,60.01601825456017,60.01016967177403,60.006993676399055,60.00599192830779
60.00347973526116,60.00405573984095,60.005879614713066,60.00923047735186,60.014542284813565,60.022348187870136,60.03319111244627,60.047501735888844,60.0654591909133,60.08686620832882,60.111081003208085,60.137043750292094,60.16341091716152,60.188771602670336,60.211884538377944,60.231864488527776,60.248270117558796,60.261086110733075,60.27062716627933,60.27740700479587,60.2820119548464,60.285004097929914,60.286862457469624,60.2879582315388,60.28855359490441,60.288812312033,60.28881231203299,60.28855359490441,60.287958231538795,60.286862457469624,60.28500409792992,60.28201195484642,60.277407004795904,60.27062716627934,60.26108611073313,60.24827011755883,60.23186448852785,60.21188453837801,60.188771602670386,60.163410917161585,60.13704375029217,60.111081003208156,60.086866208328885,60.06545919091335,60.047501735888915,60.033191112446325,60.022348187870186,60.01454228481359,60.009230477351885,60.005879614713066,60.004055739840936,60.003479735261145
60.00194535645777,60.00226444068347,60.0032736641496,60.00512405193537,60.00804948979863,60.01233560663408,60.01827073687972,60.02608025794147,60.035853074964905,60.04747722897348,60.060606317600076,60.074675212849954,60.088970601487674,60.10274261900759,60.115327106643655,60.12624338592023,60.13524301669788,60.14230429818721,60.14758491602448,60.151354132875916,60.15392532222886,60.155602829195125,60.156648624411005,60.15726734016033,60.15760443137137,60.15775119014924,60.15775119014924,60.15760443137137,60.157267340160345,60.156648624411,60.15560282919512,60.15392532222886,60.151354132875916,60.14758491602449,60.14230429818725,60.13524301669793,60.12624338592026,60.11532710664371,60.102742619007635,60.08897060148772,60.07467521285002,60.06060631760018,60.04747722897352,60.035853074964926,60.0260802579415,60.01827073687975,60.0123356066341,60.008049489798644,60.00512405193537,60.00327366414959,60.002264440683476,60.00194535645774
60.00104792694752,60.00121837370583,60.001756942810864,60.00274262945402,60.0042973689069,60.006569332534866,60.009707021273925,60.01382511034988,60.01896680538857,60.025071468649564,60.03195833471153,60.03933519474958,60.046834353055004,60.054068849121684,60.06069406458193,60.06645763899274,60.0712254218337,60.07498026331139,60.07779915609695,60.07981910465178,60.08120229407131,60.08210802034249,60.082674595213234,60.083010818874925,60.083194465795984,60.08327455836847,60.083274558368494,60.08319446579599,60.08301081887495,60.08267459521324,60.082108020342496,60.081202294071325,60.0798191046518,60.07779915609696,60.07498026331143,60.071225421833745,60.06645763899277,60.06069406458195,60.0540688491217,60.046834353055004,60.03933519474964,60.03195833471161,60.02507146864958,60.018966805388594,60.013825110349885,60.00970702127393,60.006569332534866,60.004297368906904,60.002742629454,60.00175694281087,60.00121837370579,60.00104792694746
60.00054441456794,60.00063228551081,60.000909693790334,60.00141660654666,60.002214546598545,60.003377964658085,60.004981033472674,60.00708045832391,60.009696772218355,60.01279848295605,60.01629432530655,60.020037804447526,60.02384498983823,60.027522104209915,60.03089578589297,60.03383786504492,60.036278663626334,60.03820704368121,60.039659621490095,60.04070406564314,60.041421684959744,60.04189312540184,60.04218894150191,60.04236497717675,60.042461352003,60.04250345029674,60.04250345029674,60.04246135200302,60.04236497717677,60.04218894150191,60.04189312540184,60.04142168495975,60.04070406564315,60.03965962149011,60.038207043681204,60.03627866362636,60.03383786504493,60.03089578589299,60.02752210420991,60.02384498983824,60.02003780444756,60.01629432530661,60.0127984829561,60.00969677221838,60.007080458323934,60.0049810334727,60.00337796465807,60.00221454659855,60.00141660654667,60.000909693790305,60.00063228551076,60.00054441456788
60.000273003389445,60.0003167581973,60.00045478570866,60.00070665641697,60.00110242618258,60.00167834052314,60.00247033111757,60.00350563968988,60.00479379821244,60.00631907332892,60.00803685764197,60.00987594115304,60.01174706062251,60.013556075977355,60.01521844147701,60.01667115474835,60.017879334589594,60.0188365031391,60.01955961626873,60.02008111851475,60.020440509230255,60.02067730201025,60.020826295906865,60.02091518452687,60.020963952079896,60.020985285855254,60.02098528585527,60.02096395207991,60.020915184526885,60.02082629590687,60.020677302010256,60.02044050923028,60.02008111851477,60.01955961626876,60.018836503139106,60.017879334589615,60.01667115474839,60.01521844147699,60.01355607597735,60.01174706062252,60.009875941153055,60.008036857642004,60.00631907332893,60.00479379821245,60.00350563968989,60.002470331117614,60.00167834052314,60.00110242618258,60.00070665641695,60.00045478570864,60.00031675819724,60.00027300338939
60.000132252760444,60.00015331313956,60.00021970431086,60.000340705970245,60.000530541782744,60.00080631465273,60.00118490933961,60.001679038294945,60.002293020082725,60.00301927636465,60.00383668926491,60.00471169228615,60.00560225860323,60.006464021529624,60.0072570053628,60.0079512225978,60.008529818216346,60.00898930342696,60.009337321658094,60.00958897492332,60.00976286357069,60.009877734648285,60.00995019484815,60.00999352364169,60.0100173415817,60.010027774942714,60.01002777494271,60.010017341581715,60.009993523641704,60.009950194848145,60.009877734648306,60.00976286357072,60.00958897492333,60.00933732165812,60.008989303426944,60.00852981821635,60.007951222597825,60.00725700536279,60.00646402152964,60.00560225860324,60.00471169228616,60.00383668926493,60.00301927636466,60.00229302008275,60.00167903829495,60.0011849093396,60.00080631465273,60.00053054178277,60.00034070597023,60.00021970431083,60.000153313139535,60.00013225276038
60.00006194213141,60.000071748090164,60.000102641931676,60.0001588868192,60.00024700637333,60.000374825463346,60.00055004233,60.0007784192004,60.00106186425035,60.001396852214846,60.00177369461869,60.002177044802956,60.0025877045759,60.0029853881284,60.00335176568174,60.0036730096667,60.00394124904305,60.00415471474432,60.00431676047596,60.004434211708435,60.00451556207232,60.004569428911545,60.00460348504483,60.00462389216975,60.004635129932545,60.00464005865879,60.00464005865879,60.00463512993256,60.00462389216974,60.00460348504484,60.004569428911594,60.00451556207233,60.00443421170843,60.00431676047598,60.00415471474433,60.00394124904307,60.003673009666706,60.00335176568175,60.0029853881284,60.002587704575895,60.00217704480296,60.001773694618706,60.001396852214846,60.00106186425037,60.00077841920041,60.00055004232999,60.00037482546334,60.000247006373314,60.000158886819186,60.00010264193166,60.00007174809014,60.00006194213138
60.000028070295585,60.00003249017415,60.00004640759956,60.000071721147506,60.00011133196462,60.00016871260914,60.00024726941845,60.0003495395537,60.00047634487338,60.00062609956382,60.000794493996516,60.00097472059865,60.00115826866916,60.00133613760523,60.0015001746799,60.00164419988615,60.00176465738504,60.00186069453499,60.00193374358174,60.001986800422216,60.0020236275833,60.0020480647759,60.00206354644285,60.002072841082885,60.00207796775144,60.002080218777316,60.00208021877733,60.00207796775147,60.002072841082885,60.00206354644284,60.002048064775884,60.00202362758327,60.0019868004222,60.001933743581716,60.001860694535004,60.001764657385046,60.00164419988616,60.00150017467989,60.00133613760523,60.00115826866915,60.00097472059865,60.000794493996494,60.00062609956383,60.000476344873384,60.000349539553696,60.00024726941845,60.00016871260912,60.0001113319646,60.000071721147485,60.00004640759955,60.00003249017417,60.00002807029558
60.00001231717927,60.00001424706022,60.000020321006794,60.00003135909242,60.00004861292223,60.00007357794464,60.00010771743167,60.00015211673834,60.00020712078957,60.0002720389754,60.00034501168752,60.00042310807588,60.000502665723,60.00057980829012,60.00065101702844,60.000713613442606,60.000766042112566,60.00080791007442,60.00083981270061,60.000863027408876,60.000879171766194,60.00088990512489,60.000896717716984,60.00090081487577,60.00090307811514,60.000904072892084,60.000904072892105,60.00090307811517,60.000900814875806,60.000896717717005,60.000889905124886,60.00087917176617,60.00086302740888,60.00083981270061,60.0008079100744,60.00076604211258,60.000713613442585,60.00065101702844,60.00057980829013,60.00050266572301,60.0004231080759,60.00034501168754,60.00027203897543,60.00020712078957,60.00015211673833,60.000107717431646,60.000073577944626,60.0000486129222,60.00003135909241,60.000020321006765,60.00001424706023,60.00001231717927
60.000005237123645,60.000006053979675,60.00000862378205,60.00001329027672,60.000020577544056,60.00003111080864,60.00004550053818,60.00006419792613,60.000087344002885,60.0001146473314,60.00014532912208,60.00017816422711,60.00021162219434,60.000244081975524,60.00027406926175,60.000300457692475,60.00032258794063,60.00034028611264,60.000353793138835,60.00036363829914,60.000370496793344,60.00037506448566,60.0003779685805,60.0003797179093,60.00038068554147,60.00038111125633,60.00038111125637,60.00038068554151,60.00037971790931,60.00037796858053,60.00037506448564,60.00037049679331,60.00036363829911,60.00035379313882,60.00034028611262,60.00032258794063,60.000300457692475,60.000274069261756,60.000244081975545,60.00021162219435,60.00017816422713,60.000145329122084,60.0001146473314,60.00008734400287,60.00006419792613,60.00004550053815,60.00003111080865,60.00002057754406,60.000013290276726,60.00000862378204,60.00000605397969,60.00000523712366
60.00000215921494,60.000002494598846,60.000003549299535,60.00000546321567,60.000008449445616,60.000012761878246,60.00001864795553,60.000026290002815,60.000035744192864,60.0000468912499,60.00005941446717,60.0000728163808,60.00008647570466,60.000099733922454,60.00011199111431,60.00012278747118,60.000131851956695,60.00013911046558,60.00014465792793,60.000148707518015,60.00015153300677,60.000153417720846,60.00015461785993,60.000155341835494,60.00015574279948,60.000155919360104,60.00015591936013,60.000155742799485,60.00015534183553,60.000154617859955,60.00015341772084,60.00015153300676,60.00014870751799,60.00014465792791,60.00013911046557,60.000131851956695,60.00012278747118,60.00011199111433,60.000099733922475,60.00008647570472,60.00007281638083,60.00005941446717,60.000046891249944,60.000035744192886,60.0000262900028,60.00001864795549,60.000012761878246,60.00000844944562,60.00000546321564,60.00000354929952,60.00000249459887,60.000002159214965
60.00000086380427,60.000000997463786,60.000001417644626,60.00000217965781,60.0000033676883,60.00000508192039,60.00000741983966,60.000010453088535,60.00001420346281,60.000018623583344,60.00002358832178,60.00002890138412,60.00003431765661,60.0000395771715,60.000044442735664,60.00004873203419,60.00005233694025,60.00005522697266,60.00005743855848,60.00005905518959,60.00006018474335,60.000060939281674,60.000061420432935,60.00006171107143,60.00006187222254,60.00006194324108,60.0000619432411,60.00006187222254,60.00006171107143,60.00006142043295,60.00006093928168,60.00006018474333,60.000059055189574,60.000057438558464,60.000055226972655,60.00005233694025,60.000048732034195,60.000044442735664,60.00003957717151,60.000034317656635,60.00002890138415,60.00002358832177,60.00001862358335,60.00001420346282,60.000010453088535,60.00000741983961,60.00000508192039,60.00000336768831,60.000002179657784,60.00000141764464,60.00000099746377,60.000000863804296
60.00000033553452,60.000000387270205,60.000000549859,60.000000844555814,60.00000130368898,60.000001965692206,60.000002867912436,60.000004037733454,60.000005483394624,60.00000718661687,60.00000909934519,60.000011146274176,60.000013233379214,60.0000152608789,60.000017137609525,60.00001879332177,60.0000201861257,60.000021303898244,60.00002216025599,60.000022787010586,60.00002322549227,60.00002351878013,60.00002370604526,60.00002381930108,60.00002388216478,60.0000239098891,60.0000239098891,60.00002388216477,60.00002381930105,60.00002370604523,60.00002351878012,60.00002322549227,60.00002278701058,60.00002216025597,60.00002130389819,60.000020186125674,60.00001879332176,60.00001713760952,60.000015260878875,60.00001323337921,60.000011146274176,60.00000909934518,60.000007186616855,60.00000548339463,60.00000403773345,60.000002867912414,60.00000196569219,60.00000130368897,60.00000084455579,60.000000549859024,60.00000038727024,60.00000033553455
60.00000012663063,60.00000014609221,60.00000020723637,60.00000031800617,60.00000049047546,60.00000073898568,60.000001077456034,60.00000151607214,60.000002057869025,60.00000269599271,60.00000341249472,60.00000417927388,60.00000496124587,60.000005721157905,60.00000642493292,60.00000704625187,60.00000756934475,60.000007989542446,60.0000083118048,60.000008547927926,60.00000871331496,60.00000882407014,60.00000889487177,60.000008937740105,60.0000089615578,60.00000897206914,60.00000897206913,60.000008961557775,60.00000893774006,60.000008894871755,60.000008824070136,60.00000871331497,60.00000854792793,60.00000831180479,60.00000798954243,60.000007569344724,60.000007046251866,60.000006424932906,60.00000572115791,60.00000496124587,60.000004179273894,60.00000341249471,60.000002695992706,60.00000205786902,60.00000151607212,60.000001077456005,60.00000073898567,60.00000049047542,60.00000031800615,60.00000020723639,60.00000014609224,60.00000012663067
60.000000046461054,60.00000005358007,60.00000007594079,60.0000001164313,60.000000179439404,60.00000027017291,60.000000393680885,60.0000005536517,60.000000751175016,60.000000983751484,60.00000124485812,60.000001524290035,60.000001809306745,60.00000208637344,60.00000234309543,60.00000256988021,60.00000276095514,60.00000291457672,60.000003032505916,60.000003119001576,60.00000317965045,60.00000322031001,60.000003246330564,60.00000326210165,60.000003270871986,60.000003274745026,60.00000327474503,60.00000327087199,60.000003262101636,60.00000324633057,60.00000322031,60.00000317965045,60.000003119001555,60.0000030325059,60.000002914576704,60.00000276095514,60.000002569880195,60.00000234309541,60.000002086373435,60.00000180930674,60.000001524290035,60.00000124485811,60.00000098375146,60.000000751175016,60.000000553651695,60.000000393680864,60.000000270172876,60.00000017943938,60.00000011643129,60.000000075940775,60.000000053580074,60.00000004646107
60.00000001658246,60.00000001911622,60.00000002707288,60.00000004147474,60.00000006387414,60.00000009611231,60.00000013997269,60.00000019675608,60.00000026684391,60.00000034934928,60.00000044196431,60.00000054108083,60.00000064219418,60.000000740516526,60.000000831658966,60.00000091221854,60.000000980139454,60.00000103478971,60.00000107677903,60.00000110760509,60.00000112924093,60.00000114376042,60.00000115306176,60.0000011587047,60.00000116184538,60.00000116323315,60.00000116323313,60.0000011618454,60.000001158704706,60.000001153061746,60.00000114376044,60.00000112924092,60.000001107605044,60.00000107677903,60.000001034789705,60.00000098013943,60.000000912218525,60.00000083165892,60.000000740516505,60.00000064219416,60.00000054108086,60.000000441964325,60.00000034934927,60.000000266843905,60.00000019675609,60.00000013997267,60.00000009611229,60.00000006387411,60.00000004147473,60.000000027072886,60.000000019116214,60.00000001658244
60.00000000576062,60.00000000663857,60.00000000939493,60.00000001438214,60.000000022135126,60.000000033288,60.00000004845446,60.00000006808155,60.00000009229941,60.00000012080164,60.00000015279292,60.000000187030544,60.00000022196301,60.00000025594056,60.0000002874495,60.0000003153142,60.00000033882198,60.000000357750295,60.00000037230501,60.000000382999424,60.00000039051225,60.0000003955587,60.00000039879451,60.000000400759376,60.00000040185381,60.00000040233766,60.00000040233768,60.00000040185383,60.000000400759376,60.000000398794526,60.00000039555871,60.00000039051225,60.000000382999396,60.00000037230501,60.00000035775029,60.000000338821984,60.000000315314175,60.000000287449474,60.000000255940535,60.000000221962985,60.00000018703055,60.000000152792936,60.00000012080165,60.00000009229942,60.00000006808156,60.00000004845449,60.00000003328799,60.000000022135104,60.0000000143821,60.00000000939492,60.00000000663858,60.00000000576063
60.00000000194893,60.000000002245244,60.00000000317535,60.000000004857654,60.0000000074718,60.00000001123056,60.00000001633983,60.000000022949315,60.00000003110237,60.00000004069584,60.000000051462685,60.00000006298577,60.00000007474428,60.000000086184244,60.00000009679693,60.00000010618664,60.00000011411269,60.0000001204989,60.000000125413074,60.00000012902672,60.00000013156745,60.00000013327554,60.00000013437174,60.00000013503791,60.00000013540926,60.0000001355735,60.000000135573515,60.00000013540926,60.00000013503791,60.00000013437174,60.00000013327556,60.00000013156746,60.00000012902674,60.00000012541305,60.000000120498875,60.00000011411269,60.00000010618661,60.000000096796924,60.00000008618423,60.000000074744264,60.00000006298577,60.000000051462706,60.00000004069586,60.00000003110237,60.00000002294932,60.00000001633984,60.00000001123056,60.00000000747177,60.00000000485763,60.00000000317534,60.00000000224527,60.00000000194895
60.00000000064246,60.00000000073994,60.00000000104584,60.0000000015989,60.000000002458,60.00000000369272,60.00000000537044,60.00000000754002,60.00000001021558,60.000000013363255,60.00000001689565,60.00000002067619,60.00000002453447,60.0000000282891,60.00000003177339,60.000000034857486,60.00000003746222,60.0000000395622,60.00000004117919,60.00000004236912,60.00000004320639,60.00000004376973,60.00000004413155,60.00000004435164,60.00000004447435,60.00000004452867,60.00000004452868,60.00000004447436,60.00000004435164,60.00000004413159,60.00000004376976,60.00000004320642,60.00000004236912,60.00000004117919,60.00000003956217,60.00000003746219,60.00000003485746,60.000000031773375,60.000000028289094,60.00000002453447,60.00000002067618,60.00000001689564,60.000000013363255,60.000000010215565,60.00000000754003,60.00000000537043,60.00000000369273,60.00000000245799,60.0000000015989,60.00000000104585,60.00000000073998,60.00000000064251
60.00000000020646,60.00000000023774,60.00000000033584,60.000000000513126,60.000000000788454,60.000000001183984,60.00000000172123,60.000000002415774,60.00000000327208,60.00000000427932,60.000000005409575,60.00000000661928,60.000000007853984,60.00000000905579,60.00000001017139,60.00000001115929,60.000000011994025,60.00000001266737,60.00000001318617,60.0000000135682,60.000000013837216,60.00000001401834,60.00000001413477,60.00000001420563,60.00000001424515,60.00000001426268,60.00000001426268,60.000000014245174,60.00000001420563,60.00000001413479,60.00000001401837,60.00000001383724,60.000000013568204,60.00000001318615,60.000000012667336,60.00000001199398,60.000000011159244,60.000000010171384,60.00000000905579,60.00000000785399,60.00000000661928,60.000000005409596,60.00000000427932,60.00000000327208,60.00000000241579,60.00000000172123,60.00000000118399,60.00000000078846,60.00000000051316,60.00000000033585,60.00000000023777,60.00000000020651
60.000000000064716,60.00000000007451,60.00000000010521,60.00000000016063,60.00000000024673,60.00000000037034,60.0000000005382,60.00000000075513,60.000000001022535,60.000000001337035,60.000000001689926,60.000000002067615,60.00000000245315,60.00000000282851,60.00000000317702,60.00000000348575,60.00000000374674,60.00000000395737,60.000000004119755,60.00000000423943,60.00000000432374,60.000000004380524,60.00000000441708,60.00000000443935,60.00000000445178,60.0000000044573,60.000000004457284,60.00000000445176,60.000000004439336,60.00000000441709,60.000000004380574,60.000000004323745,60.000000004239446,60.00000000411977,60.000000003957375,60.00000000374671,60.00000000348575,60.00000000317702,60.000000002828514,60.00000000245318,60.00000000206764,60.00000000168992,60.00000000133704,60.000000001022535,60.00000000075514,60.00000000053821,60.00000000037035,60.00000000024674,60.000000000160654,60.000000000105224,60.00000000007454,60.00000000006477
60.00000000001976,60.00000000002279,60.00000000003216,60.000000000049084,60.00000000007535,60.00000000011304,60.00000000016424,60.00000000023039,60.000000000311914,60.000000000407766,60.0000000005153,60.00000000063043,60.00000000074797,60.00000000086242,60.00000000096869,60.00000000106289,60.000000001142524,60.00000000120683,60.00000000125645,60.00000000129303,60.00000000131881,60.000000001336176,60.00000000134739,60.000000001354216,60.000000001358025,60.00000000135974,60.00000000135973,60.00000000135802,60.00000000135421,60.0000000013474,60.00000000133619,60.00000000131882,60.000000001293046,60.000000001256446,60.00000000120681,60.00000000114249,60.00000000106285,60.000000000968676,60.000000000862414,60.000000000747974,60.00000000063045,60.00000000051533,60.00000000040776,60.000000000311914,60.00000000023039,60.000000000164256,60.00000000011308,60.00000000007535,60.00000000004909,60.000000000032166,60.00000000002281,60.00000000001982
60.0000000000059,60.00000000000679,60.00000000000958,60.000000000014644,60.00000000002247,60.000000000033694,60.00000000004893,60.00000000006864,60.000000000092896,60.000000000121446,60.00000000015344,60.00000000018772,60.00000000022272,60.00000000025679,60.000000000288445,60.00000000031651,60.00000000034026,60.00000000035943,60.00000000037424,60.00000000038513,60.00000000039284,60.00000000039804,60.000000000401386,60.00000000040343,60.00000000040457,60.00000000040509,60.000000000405095,60.00000000040456,60.00000000040341,60.0000000004014,60.000000000398046,60.00000000039284,60.00000000038515,60.00000000037422,60.00000000035941,60.00000000034022,60.00000000031649,60.000000000288445,60.00000000025679,60.00000000022273,60.00000000018772,60.00000000015347,60.00000000012143,60.00000000009291,60.00000000006866,60.00000000004897,60.00000000003371,60.000000000022496,60.000000000014644,60.00000000000962,60.00000000000683,60.00000000000593
60.00000000000169,60.00000000000195,60.000000000002785,60.00000000000425,60.00000000000653,60.00000000000981,60.000000000014225,60.00000000001998,60.000000000027015,60.000000000035314,60.00000000004462,60.00000000005459,60.00000000006478,60.00000000007471,60.000000000083915,60.00000000009209,60.00000000009902,60.000000000104585,60.00000000010892,60.000000000112095,60.00000000011435,60.00000000011586,60.000000000116835,60.00000000011744,60.00000000011777,60.00000000011792,60.0000000001179,60.00000000011775,60.00000000011742,60.00000000011683,60.000000000115854,60.00000000011433,60.00000000011208,60.0000000001089,60.00000000010457,60.00000000009898,60.00000000009207,60.00000000008391,60.00000000007469,60.00000000006479,60.00000000005461,60.00000000004466,60.000000000035335,60.00000000002702,60.000000000019966,60.00000000001425,60.00000000000981,60.00000000000654,60.000000000004285,60.0000000000028,60.000000000002004,60.00000000000174
60.000000000000455,60.00000000000053,60.00000000000077,60.0000000000012,60.00000000000184,60.000000000002764,60.00000000000405,60.00000000000567,60.000000000007674,60.00000000001003,60.000000000012676,60.00000000001551,60.000000000018396,60.00000000002126,60.00000000002387,60.0000000000262,60.00000000002818,60.00000000002974,60.00000000003098,60.00000000003189,60.00000000003253,60.000000000032955,60.000000000033225,60.000000000033424,60.00000000003353,60.00000000003355,60.00000000003356,60.00000000003348,60.0000000000334,60.00000000003321,60.00000000003297,60.000000000032536,60.000000000031875,60.00000000003096,60.00000000002974,60.000000000028145,60.00000000002617,60.00000000002386,60.00000000002122,60.00000000001842,60.00000000001552,60.00000000001268,60.00000000001005,60.00000000000767,60.000000000005684,60.00000000000406,60.000000000002785,60.000000000001855,60.00000000000122,60.00000000000081,60.00000000000059,60.000000000000526
60.000000000000114,60.00000000000014,60.000000000000206,60.00000000000033,60.00000000000049,60.00000000000076,60.00000000000112,60.000000000001585,60.00000000000213,60.00000000000277,60.000000000003524,60.000000000004306,60.00000000000509,60.000000000005926,60.00000000000662,60.00000000000729,60.00000000000782,60.00000000000827,60.00000000000861,60.00000000000886,60.00000000000905,60.000000000009166,60.00000000000926,60.0000000000093,60.00000000000935,60.00000000000933,60.00000000000931,60.00000000000929,60.00000000000927,60.00000000000923,60.00000000000915,60.00000000000905,60.00000000000885,60.000000000008626,60.00000000000826,60.00000000000781,60.00000000000726,60.000000000006615,60.00000000000589,60.000000000005095,60.00000000000429,60.00000000000351,60.00000000000277,60.00000000000211,60.000000000001585,60.00000000000112,60.000000000000774,60.00000000000051,60.00000000000035,60.000000000000234,60.000000000000185,60.00000000000014
60.000000000000014,60.00000000000004,60.00000000000005,60.0000000000001,60.000000000000135,60.00000000000021,60.00000000000029,60.00000000000043,60.00000000000056,60.00000000000077,60.000000000000966,60.00000000000115,60.00000000000138,60.00000000000161,60.00000000000179,60.00000000000197,60.000000000002125,60.00000000000225,60.00000000000235,60.00000000000244,60.00000000000249,60.000000000002494,60.0000000000025,60.00000000000253,60.000000000002544,60.00000000000253,60.000000000002515,60.000000000002494,60.000000000002515,60.00000000000249,60.00000000000246,60.00000000000245,60.000000000002395,60.00000000000233,60.00000000000223,60.00000000000212,60.00000000000197,60.00000000000179,60.000000000001606,60.000000000001386,60.00000000000119,60.00000000000096,60.00000000000075,60.00000000000056,60.00000000000042,60.0000000000003,60.000000000000206,60.000000000000156,60.0000000000001,60.000000000000085,60.00000000000005,60.00000000000006
59.99999999999998,59.999999999999986,60.0,60.00000000000001,60.00000000000001,60.00000000000006,60.00000000000008,60.00000000000011,60.000000000000135,60.000000000000185,60.000000000000234,60.000000000000284,60.00000000000034,60.0000000000004,60.00000000000044,60.00000000000053,60.000000000000576,60.0000000000006,60.00000000000063,60.00000000000067,60.000000000000675,60.00000000000067,60.000000000000654,60.00000000000067,60.00000000000067,60.00000000000066,60.000000000000625,60.00000000000063,60.000000000000654,60.00000000000065,60.00000000000064,60.00000000000064,60.000000000000604,60.000000000000604,60.00000000000058,60.00000000000055,60.00000000000052,60.00000000000047,60.00000000000041,60.00000000000037,60.00000000000031,60.00000000000028,60.000000000000206,60.00000000000014,60.000000000000114,60.000000000000064,60.000000000000064,60.00000000000005,60.00000000000004,60.00000000000004,60.00000000000003,60.00000000000002
59.999999999999986,59.99999999999998,59.99999999999999,59.99999999999999,60.0,60.00000000000003,60.000000000000014,60.000000000000036,60.00000000000003,60.000000000000036,60.00000000000004,60.00000000000005,60.00000000000007,60.0000000000001,60.0000000000001,60.000000000000114,60.00000000000014,60.00000000000015,60.00000000000016,60.00000000000018,60.000000000000185,60.00000000000016,60.00000000000016,60.00000000000016,60.000000000000156,60.00000000000016,60.000000000000135,60.00000000000014,60.000000000000156,60.00000000000016,60.000000000000135,60.00000000000014,60.000000000000156,60.00000000000015,60.00000000000015,60.00000000000014,60.00000000000013,60.00000000000013,60.000000000000114,60.00000000000009,60.00000000000008,60.000000000000085,60.000000000000064,60.00000000000004,60.00000000000003,60.00000000000002,60.000000000000014,60.00000000000004,60.00000000000004,60.00000000000005,60.00000000000004,60.00000000000002
59.999999999999986,59.99999999999999,59.99999999999998,59.99999999999999,60.000000000000014,60.000000000000014,59.999999999999986,60.00000000000001,59.99999999999999,59.99999999999999,59.99999999999998,59.99999999999997,59.99999999999999,59.99999999999998,60.00000000000001,60.00000000000003,60.00000000000003,60.000000000000036,60.00000000000003,60.00000000000004,60.00000000000003,60.00000000000003,60.00000000000005,60.000000000000036,60.00000000000002,60.00000000000002,60.000000000000014,60.0,60.00000000000001,60.000000000000014,60.00000000000002,60.000000000000036,60.000000000000014,60.00000000000004,60.00000000000003,60.00000000000004,60.000000000000036,60.00000000000003,60.00000000000003,60.000000000000036,60.00000000000004,60.00000000000002,60.00000000000001,60.00000000000002,60.00000000000001,60.000000000000014,60.00000000000002,60.000000000000036,60.00000000000002,60.00000000000003,60.00000000000004,60.00000000000002
60.00000000000001,60.00000000000001,60.0,60.0,60.00000000000001,59.99999999999999,59.999999999999986,59.99999999999998,59.999999999999964,59.99999999999996,59.999999999999964,59.99999999999997,59.99999999999997,59.999999999999986,59.99999999999999,60.00000000000002,60.00000000000002,60.00000000000002,60.0,60.000000000000014,60.00000000000001,59.99999999999999,60.0,60.0,59.999999999999986,59.99999999999997,59.99999999999998,59.99999999999998,59.999999999999986,59.99999999999998,59.99999999999997,59.99999999999998,59.99999999999999,60.00000000000001,60.0,60.0,60.00000000000001,59.99999999999999,59.99999999999999,60.000000000000014,60.00000000000003,60.00000000000001,60.00000000000001,60.00000000000001,60.00000000000001,60.00000000000001,60.00000000000002,60.00000000000003,60.000000000000036,60.000000000000014,60.000000000000014,60.0
60.00000000000001,60.00000000000001,59.99999999999999,59.99999999999998,59.99999999999999,59.99999999999998,59.999999999999964,59.99999999999998,59.99999999999997,59.99999999999996,59.99999999999998,59.99999999999998,59.99999999999997,59.99999999999999,59.99999999999998,59.99999999999999,60.00000000000001,60.00000000000001,60.000000000000014,60.0,59.99999999999998,59.99999999999998,59.999999999999986,60.0,59.99999999999997,59.999999999999986,59.99999999999998,59.99999999999998,59.999999999999964,59.999999999999986,59.99999999999997,59.99999999999996,59.99999999999998,59.999999999999986,59.999999999999986,60.00000000000001,60.0,60.0,59.99999999999998,60.000000000000014,60.00000000000001,60.0,60.000000000000014,60.000000000000014,60.00000000000001,60.000000000000014,60.00000000000002,60.00000000000003,60.0,59.999999999999986,59.999999999999986,60.00000000000001
59.99999999999999,59.99999999999999,59.99999999999999,59.99999999999999,59.99999999999997,59.99999999999997,59.99999999999997,59.99999999999997,59.99999999999997,59.999999999999964,59.99999999999997,59.999999999999986,59.999999999999986,60.0,60.00000000000001,59.999999999999986,60.000000000000014,60.00000000000001,60.0,60.00000000000001,60.0,59.99999999999999,59.99999999999997,59.99999999999999,60.0,60.0,59.99999999999999,59.99999999999998,59.99999999999997,59.99999999999997,59.999999999999964,59.99999999999998,59.999999999999964,59.999999999999964,59.99999999999997,59.99999999999999,60.0,60.00000000000001,60.00000000000001,60.0,59.99999999999999,59.999999999999986,60.000000000000014,60.0,60.00000000000001,60.000000000000014,60.0,60.0,59.99999999999999,60.00000000000001,60.0,59.999999999999986
59.999999999999986,59.99999999999999,59.99999999999998,59.99999999999999,59.99999999999998,59.99999999999997,59.99999999999999,59.99999999999998,59.999999999999986,59.99999999999998,59.99999999999999,59.99999999999999,59.999999999999986,59.999999999999986,59.999999999999986,59.99999999999998,59.99999999999998,59.99999999999998,59.99999999999997,59.99999999999999,60.00000000000001,59.99999999999998,59.99999999999999,60.0,60.00000000000001,59.99999999999999,60.0,59.99999999999998,59.99999999999997,59.99999999999997,59.999999999999986,59.999999999999964,59.99999999999998,59.999999999999964,59.99999999999998,59.999999999999986,60.0,59.99999999999999,59.99999999999999,59.999999999999986,59.99999999999999,59.999999999999986,59.999999999999986,60.00000000000001,60.0,59.999999999999986,60.00000000000001,60.000000000000014,59.99999999999998,59.999999999999986,59.99999999999997,59.999999999999964
59.99999999999998,59.99999999999997,59.99999999999999,60.0,59.999999999999986,59.99999999999998,60.00000000000001,60.0,60.00000000000001,59.99999999999999,60.0,59.999999999999986,59.999999999999986,60.0,60.00000000000001,60.0,59.99999999999999,59.999999999999986,59.999999999999986,59.999999999999986,59.999999999999986,59.999999999999986,59.99999999999999,60.00000000000002,60.0,60.0,59.99999999999999,59.999999999999986,59.999999999999964,59.999999999999964,59.99999999999997,59.99999999999996,59.99999999999995,59.99999999999997,59.99999999999997,59.99999999999998,59.99999999999998,59.99999999999999,59.999999999999986,59.99999999999999,60.0,59.99999999999999,60.0,59.999999999999986,59.99999999999998,59.999999999999986,59.99999999999999,59.99999999999999,59.999999999999964,59.99999999999998,59.99999999999996,59.99999999999996
60.00000000000001,60.0,59.99999999999997,59.99999999999997,59.999999999999964,60.0,59.99999999999999,60.0,60.0,59.99999999999999,59.99999999999999,59.99999999999997,59.999999999999986,59.999999999999986,59.99999999999999,59.999999999999986,59.999999999999986,60.0,60.00000000000001,59.99999999999998,60.0,60.0,59.999999999999986,60.00000000000001,60.0,60.00000000000001,59.99999999999999,59.999999999999986,59.99999999999998,59.999999999999964,59.99999999999998,59.999999999999964,59.99999999999996,59.999999999999986,59.99999999999998,59.99999999999998,59.999999999999986,60.000000000000014,59.99999999999998,60.00000000000002,60.00000000000001,60.00000000000001,59.99999999999999,59.99999999999998,59.99999999999997,59.99999999999998,59.99999999999997,59.999999999999986,59.999999999999986,59.99999999999997,59.99999999999996,59.999999999999964
59.99999999999997,59.99999999999998,59.999999999999986,59.99999999999998,59.999999999999964,59.99999999999998,59.99999999999998,60.00000000000001,60.0,59.99999999999999,59.999999999999986,59.99999999999997,59.99999999999999,59.99999999999999,59.999999999999986,59.999999999999986,59.99999999999997,59.99999999999999,59.99999999999998,59.999999999999964,59.99999999999998,59.99999999999999,59.99999999999999,60.0,59.999999999999986,60.0,59.99999999999999,59.99999999999999,59.99999999999997,59.99999999999997,59.999999999999964,59.99999999999996,59.99999999999998,59.999999999999986,59.999999999999964,59.999999999999986,59.99999999999999,60.00000000000001,59.99999999999999,60.000000000000014,60.0,59.99999999999999,59.99999999999998,59.999999999999986,59.99999999999998,59.99999999999997,59.99999999999998,59.999999999999964,59.99999999999997,59.999999999999986,59.99999999999996,59.999999999999986
59.99999999999998,59.99999999999998,59.99999999999997,59.99999999999998,59.99999999999999,59.99999999999997,59.99999999999998,60.0,60.0,59.999999999999986,59.99999999999999,59.999999999999986,59.999999999999986,59.99999999999998,60.0,59.99999999999997,59.99999999999997,59.999999999999986,59.999999999999964,59.99999999999997,59.99999999999997,59.99999999999997,59.99999999999999,59.99999999999998,59.99999999999998,59.99999999999999,60.0,59.99999999999998,59.999999999999964,59.99999999999998,59.99999999999998,59.999999999999964,59.99999999999998,59.999999999999986,59.99999999999996,59.99999999999998,59.99999999999998,60.0,60.00000000000001,59.999999999999986,59.99999999999999,59.999999999999986,59.99999999999995,59.999999999999964,59.999999999999986,59.99999999999998,59.99999999999997,59.99999999999997,59.99999999999998,59.99999999999997,59.99999999999997,59.99999999999999
59.99999999999997,59.99999999999998,59.99999999999996,59.99999999999997,59.99999999999999,59.99999999999999,59.99999999999998,59.999999999999986,59.99999999999999,60.0,59.99999999999999,59.999999999999986,59.99999999999999,60.0,59.99999999999999,59.99999999999997,59.99999999999998,59.99999999999997,59.999999999999986,59.99999999999998,59.99999999999998,59.99999999999997,59.99999999999998,59.999999999999964,60.0,60.000000000000014,60.00000000000001,59.99999999999998,59.99999999999997,59.99999999999997,59.999999999999986,59.999999999999964,59.999999999999986,59.99999999999998,59.99999999999996,59.99999999999996,59.99999999999999,60.0,59.99999999999999,59.99999999999999,59.999999999999964,59.99999999999997,59.99999999999998,59.99999999999998,59.999999999999964,59.99999999999996,59.99999999999997,59.999999999999964,59.99999999999998,59.99999999999998,59.99999999999998,59.999999999999986
59.999999999999986,59.99999999999998,59.99999999999998,59.99999999999999,59.999999999999986,59.99999999999998,59.999999999999964,59.999999999999964,59.999999999999986,59.999999999999986,60.0,59.999999999999986,59.99999999999997,59.999999999999964,59.99999999999999,59.99999999999998,59.99999999999999,59.999999999999986,59.999999999999986,59.999999999999964,59.99999999999998,59.99999999999997,59.999999999999986,59.99999999999998,60.0,60.00000000000001,60.0,59.999999999999986,59.999999999999986,59.999999999999986,59.999999999999964,59.99999999999999,59.999999999999986,59.999999999999986,59.99999999999995,59.99999999999997,59.999999999999986,59.999999999999986,60.0,59.99999999999998,59.999999999999964,59.99999999999995,59.99999999999997,59.99999999999995,59.99999999999998,59.99999999999995,59.99999999999997,59.99999999999997,59.99999999999998,59.99999999999998,59.99999999999997,59.99999999999998
59.99999999999997,59.99999999999997,59.99999999999997,59.999999999999986,59.999999999999964,59.99999999999999,59.99999999999997,59.99999999999998,59.99999999999997,59.99999999999998,59.999999999999986,59.99999999999997,59.99999999999997,59.999999999999986,59.999999999999986,59.99999999999997,60.0,60.0,59.99999999999998,59.999999999999986,59.99999999999996,59.999999999999986,59.999999999999986,60.0,60.00000000000001,59.999999999999986,59.99999999999998,59.999999999999986,60.0,59.99999999999999,59.999999999999986,60.0,59.999999999999986,59.999999999999986,59.999999999999964,59.99999999999997,59.99999999999997,59.99999999999999,59.999999999999986,59.99999999999997,59.99999999999998,59.99999999999997,59.999999999999964,59.99999999999997,59.99999999999996,59.999999999999964,59.99999999999996,59.99999999999997,59.99999999999999,59.99999999999998,59.99999999999997,59.99999999999997
59.999999999999986,59.99999999999998,59.99999999999999,59.99999999999997,59.99999999999997,59.99999999999998,59.99999999999998,59.999999999999986,59.99999999999997,59.99999999999996,59.99999999999998,59.999999999999964,59.999999999999964,59.999999999999986,59.99999999999997,59.999999999999986,59.999999999999964,59.999999999999964,59.99999999999997,59.99999999999997,59.999999999999986,59.99999999999997,59.99999999999998,60.00000000000001,60.00000000000001,60.0,59.99999999999999,59.99999999999999,59.999999999999986,59.99999999999997,59.99999999999997,59.999999999999986,59.99999999999997,60.0,59.99999999999998,59.999999999999986,59.99999999999998,59.999999999999986,59.99999999999997,59.999999999999986,60.0,59.999999999999964,59.99999999999999,59.99999999999999,59.99999999999997,59.99999999999997,59.99999999999998,60.0,59.99999999999999,59.99999999999999,59.999999999999986,59.99999999999998
59.999999999999964,59.999999999999964,59.99999999999997,59.999999999999964,59.999999999999964,59.999999999999986,59.99999999999997,59.99999999999998,59.999999999999964,59.999999999999964,59.999999999999986,59.999999999999986,59.99999999999998,59.999999999999964,59.99999999999997,59.999999999999964,59.99999999999998,59.99999999999998,59.99999999999998,59.99999999999997,59.99999999999998,59.999999999999986,59.99999999999998,60.0,60.00000000000001,59.99999999999999,59.999999999999986,59.99999999999998,59.99999999999999,59.99999999999999,59.99999999999999,59.999999999999964,59.99999999999998,59.999999999999986,59.999999999999986,59.99999999999999,60.0,59.99999999999998,59.99999999999997,59.99999999999999,59.999999999999986,59.99999999999997,59.99999999999999,60.000000000000014,59.99999999999999,60.0,60.0,60.000000000000014,60.00000000000001,60.000000000000014,59.99999999999999,60.0
59.99999999999998,59.99999999999998,59.999999999999986,59.99999999999997,59.999999999999964,59.999999999999964,59.99999999999999,59.99999999999998,59.99999999999998,59.99999999999997,59.999999999999986,59.999999999999964,59.999999999999964,59.999999999999964,59.99999999999998,59.999999999999986,59.99999999999998,59.99999999999997,59.999999999999986,59.99999999999998,59.999999999999986,59.99999999999997,59.99999999999999,60.0,60.00000000000001,59.99999999999999,60.0,59.99999999999996,59.99999999999999,59.99999999999998,59.999999999999986,59.99999999999997,59.999999999999964,59.99999999999997,59.99999999999997,60.0,59.999999999999986,59.999999999999964,59.999999999999986,59.999999999999986,59.999999999999986,59.999999999999986,59.99999999999999,60.000000000000014,60.00000000000002,60.0,60.0,60.00000000000001,60.00000000000002,60.0,59.99999999999999,59.99999999999999
59.99999999999998,59.99999999999998,59.99999999999998,59.99999999999995,59.99999999999996,59.99999999999997,59.999999999999986,59.99999999999999,59.999999999999986,59.99999999999998,59.99999999999997,59.99999999999996,59.999999999999964,59.99999999999998,59.99999999999997,59.99999999999998,59.999999999999964,59.999999999999986,59.99999999999997,59.99999999999998,59.99999999999998,59.999999999999964,59.999999999999964,59.99999999999998,59.99999999999999,60.00000000000001,59.99999999999999,59.99999999999998,59.999999999999964,59.99999999999998,59.999999999999986,59.999999999999986,59.99999999999998,59.999999999999986,59.999999999999964,59.999999999999986,59.99999999999999,60.0,60.0,59.999999999999986,59.99999999999999,60.00000000000001,59.99999999999999,60.000000000000014,60.00000000000001,60.00000000000001,60.0,59.99999999999999,60.000000000000014,60.000000000000014,59.999999999999986,60.000000000000014
59.99999999999996,59.999999999999964,59.99999999999995,59.99999999999996,59.99999999999995,59.99999999999996,59.99999999999997,59.999999999999964,59.99999999999997,59.999999999999986,59.99999999999997,59.99999999999995,59.99999999999996,59.99999999999997,59.999999999999964,59.999999999999964,59.99999999999996,59.99999999999999,59.99999999999999,59.99999999999998,59.99999999999999,59.99999999999997,59.99999999999997,59.999999999999986,60.00000000000002,59.99999999999999,59.99999999999999,59.99999999999997,59.99999999999998,59.99999999999998,60.0,59.999999999999986,59.99999999999999,59.99999999999997,59.99999999999998,59.999999999999986,59.99999999999999,60.000000000000014,60.000000000000014,59.99999999999999,59.99999999999999,60.00000000000001,60.00000000000002,60.00000000000003,60.00000000000003,60.000000000000014,60.000000000000014,59.99999999999999,60.000000000000014,60.000000000000014,60.000000000000014,60.000000000000014
59.99999999999995,59.99999999999996,59.999999999999964,59.999999999999964,59.999999999999964,59.99999999999996,59.99999999999995,59.99999999999997,59.99999999999997,59.999999999999986,59.999999999999964,59.99999999999998,59.99999999999998,59.99999999999998,59.999999999999964,59.999999999999986,59.999999999999986,59.99999999999998,59.999999999999986,59.99999999999997,59.99999999999999,59.99999999999998,59.999999999999986,59.999999999999986,59.999999999999986,59.99999999999999,59.999999999999986,59.99999999999997,59.999999999999986,59.99999999999999,60.0,60.00000000000001,60.000000000000014,60.0,60.00000000000001,59.99999999999999,60.0,60.00000000000001,60.0,59.99999999999998,59.999999999999986,60.0,60.0,60.000000000000014,60.000000000000014,60.00000000000003,60.00000000000002,60.00000000000003,60.00000000000003,60.00000000000003,60.00000000000002,60.000000000000014
59.99999999999998,59.99999999999997,59.99999999999997,59.999999999999964,59.99999999999998,59.99999999999996,59.99999999999998,59.99999999999998,59.999999999999964,59.999999999999986,59.999999999999986,59.999999999999986,59.99999999999998,60.0,59.999999999999986,59.99999999999997,59.99999999999999,59.99999999999998,60.0,59.999999999999986,59.99999999999999,60.00000000000001,60.0,60.00000000000001,59.99999999999999,60.0,60.0,59.99999999999997,60.0,59.99999999999999,59.999999999999986,59.99999999999999,60.00000000000001,60.00000000000001,60.00000000000001,60.00000000000001,59.999999999999986,60.0,59.999999999999986,59.999999999999986,59.999999999999986,60.0,59.999999999999986,60.00000000000001,60.0,60.00000000000003,60.00000000000003,60.00000000000001,60.000000000000014,60.00000000000003,60.000000000000014,60.00000000000002
59.99999999999998,59.99999999999997,59.99999999999997,59.999999999999964,59.99999999999997,59.999999999999964,59.99999999999996,59.99999999999999,59.99999999999999,59.999999999999986,59.99999999999998,59.99999999999998,60.0,59.99999999999998,59.999999999999964,60.0,59.999999999999986,59.999999999999986,59.99999999999998,59.999999999999986,60.0,60.000000000000014,60.0,60.0,60.0,59.99999999999999,60.0,60.0,60.00000000000001,60.00000000000001,60.0,59.99999999999999,59.99999999999999,59.999999999999986,60.0,60.0,59.99999999999999,59.999999999999986,59.99999999999997,59.99999999999997,60.0,60.0,59.999999999999986,60.00000000000001,59.99999999999999,60.00000000000001,60.00000000000001,60.00000000000001,60.00000000000003,60.00000000000001,60.000000000000014,60.00000000000001
59.99999999999996,59.99999999999996,59.99999999999995,59.99999999999996,59.99999999999998,59.999999999999964,59.99999999999996,59.999999999999964,60.0,59.99999999999999,59.99999999999997,59.99999999999997,59.99999999999998,59.99999999999997,59.999999999999986,59.99999999999998,60.0,59.99999999999996,59.99999999999998,59.999999999999964,59.99999999999999,59.99999999999998,60.0,60.00000000000001,60.0,60.000000000000014,60.00000000000001,60.00000000000001,59.99999999999999,60.000000000000014,59.99999999999999,59.99999999999999,59.999999999999986,59.999999999999986,60.0,60.00000000000001,59.999999999999986,60.0,59.999999999999986,59.99999999999998,59.999999999999986,59.999999999999986,59.999999999999986,59.999999999999986,59.99999999999999,60.00000000000001,60.0,59.99999999999999,60.000000000000014,60.00000000000002,60.000000000000014,60.00000000000003
