Model: _005_20_26_CPC_metacentric_relaxed_MCF10A_chr19_PMP1_compare
Simulation: 1105102268_0
(SimID_1105102268_0 (PDE Simulation)) 
Sim time range (0.0 500.0) (saved timepoints 51) 
Number of variables 42 
Variable names ['BUB1a', 'BUB1a_pknl1', 'CPCa', 'CPCi', 'H2A', 'H3', 'H3_CPCa', 'H3_CPCi', 'H3S10rep', 'HASPINa', 'HASPINi', 'I', 'KNL1', 'NDC80', 'NDC80_TTKa', 'NDC80_TTKi', 'NDC80_pTTKa', 'NDC80_pTTKi', 'pH2A', 'pH2A_SGO1', 'pH2A_SGO1_CPCa', 'pH2A_SGO1_CPCi', 'pH3', 'pH3_CPCa', 'pH3_CPCi', 'pH3S10rep', 'pKNL1', 'pKNL1_bub1a', 'PLK1a', 'PLK1i', 'pTTKa', 'pTTKi', 'pNDC80', 'pNDC80_TTKa', 'pNDC80_TTKi', 'pNDC80_pTTKa', 'pNDC80_pTTKi', 'SGO1', 'SGO1_CPCi', 'SGO1_CPCa', 'TTKa', 'TTKi'] 
 
2D Slice for variable CPCa at time 140.0 in plane XY at Z = 0 
 
X in rows, Y in columns 
0.006651773866390017,0.006651071103179048,0.006648964643180479,0.006645459927795333,0.006640565992034884,0.006634295418193697,0.006626664325550624,0.006617692084381646,0.006607400974709352,0.006595815597400046,0.006582961671479694,0.0065688641328026124,0.006553544018249146,0.006537013753097494,0.006519270514631556,0.006500287826448145,0.0064800065899220305,0.006458329249700538,0.0064351253197811546,0.006410264399546443,0.0063837053001223635,0.006355686924898318,0.00632708001671261,0.006299932347960901,0.006278038057513852,0.0062665275073063575,0.006266527505036191,0.006278038053008058,0.006299932343229116,0.00632708001134442,0.006355686920839854,0.006383705298675805,0.006410264400966041,0.006435125319398065,0.006458329244834621,0.006480006585096372,0.006500287822142083,0.0065192705103372635,0.006537013749939549,0.006553544018916153,0.006568864129307496,0.006582961658284295,0.006595815578996386,0.0066074009627107985,0.006617692079336073,0.0066266643361796275,0.006634295429357357,0.006640565989071574,0.0066454599352706685,0.006648964659755733,0.006651071119069568,0.0066517738775184925
0.006651663740877193,0.006650960983322214,0.006648854542643339,0.006645349868735631,0.006640455974171176,0.006634185479423473,0.006626554481353027,0.0066175823310925036,0.006607291333124651,0.006595706082827162,0.006582852307154566,0.006568754948152635,0.0065534350355848136,0.006536904985451922,0.006519161981712014,0.006500179550129626,0.006479898596367831,0.006458221568832735,0.006435017986173301,0.006410157443614666,0.006383598748194045,0.006355580801278139,0.0063269743329391675,0.006299827084486781,0.006277933133354352,0.006266422760928243,0.006266422760377665,0.006277933132723153,0.006299827084426639,0.0063269743332482154,0.006355580800934363,0.006383598747914888,0.006410157445908948,0.006435017991280274,0.006458221575026228,0.006479898600811912,0.006500179548782259,0.00651916197416014,0.006536904977864135,0.006553435031934492,0.006568754946086295,0.006582852299928154,0.006595706067767298,0.006607291316756597,0.006617582316329367,0.006626554473956001,0.006634185483712909,0.006640455975371927,0.006645349869014386,0.006648854557570443,0.006650960996561775,0.006651663748199205
0.006651333402255931,0.006650630671596588,0.006648524298679985,0.006645019721777208,0.006640125988068613,0.006633855703680751,0.006626224948059375,0.006617253090422073,0.006606962439196817,0.00659537758972499,0.006582524279696997,0.006568427445807114,0.006553108113282461,0.0065365787016094905,0.006518836403450071,0.006499854751608735,0.00647957465537709,0.00645789857016051,0.006434696018184949,0.006409836594585058,0.006383279107247583,0.006355262447109521,0.006326657300733654,0.0062995113099883916,0.006277618373798579,0.006266108533480939,0.006266108533760758,0.00627761837505287,0.006299511311198844,0.006326657302010327,0.006355262447562852,0.006383279105476407,0.006409836592520999,0.006434696019492827,0.006457898574541888,0.006479574657372366,0.0064998547468732015,0.006518836393588488,0.006536578689227931,0.006553108099955198,0.006568427434629007,0.0065825242708823645,0.006595377579418906,0.006606962425834795,0.0066172530779829535,0.006626224939924898,0.006633855701893897,0.006640125991909321,0.006645019728683637,0.006648524305342137,0.006650630681391462,0.006651333410655377
0.006650782989053617,0.006650080291908448,0.0066479740369097965,0.006644469650627726,0.0066395761732044225,0.006633306218149853,0.006625675869086599,0.006616704503026285,0.0066064144313688795,0.0065948302534388405,0.00658197770573251,0.006567881727083287,0.006552563348370506,0.006536034998143678,0.006518293873503413,0.006499313517863937,0.006479034847736803,0.006457360322454258,0.006434159474692304,0.006409301907727685,0.006382746431331357,0.006354731912757151,0.0063261289645377946,0.006298985066409471,0.0062770938199518955,0.0062655848648298,0.006265584865193252,0.006277093820482605,0.006298985067768995,0.006326128966664677,0.006354731914910521,0.006382746433891577,0.0064093019105586355,0.006434159478314462,0.0064573603254079,0.00647903484813193,0.006499313516432182,0.006518293868661916,0.0065360349876371964,0.006552563335140554,0.006567881713705419,0.0065819776941043575,0.006594830241750567,0.006606414420601835,0.006616704494516798,0.006625675863014216,0.006633306212738242,0.00663957616926601,0.006644469650801548,0.006647974047533227,0.0066500803136844925,0.0066507830055083875
0.0066500127585222306,0.006649310128336079,0.006647204018622294,0.0066436998777101245,0.00663880675182066,0.0066325372491485525,0.006624907470489432,0.006615936789995035,0.006605647519187004,0.006594064263500436,0.006581212768447767,0.006567117973458352,0.006551800918712777,0.006535274042986299,0.006517534554022951,0.006498555999297122,0.006478279307190034,0.006456606950577005,0.006433408474752815,0.006408553496424733,0.006382000823603156,0.006353989291007175,0.006325389410351071,0.006298248432960836,0.006276359546171235,0.00626485182779828,0.006264851827399608,0.006276359546837517,0.006298248435923897,0.006325389414048285,0.006353989296681486,0.006382000832230976,0.006408553505770264,0.006433408482174324,0.006456606955069224,0.006478279310050925,0.006498556001079616,0.00651753455180656,0.006535274037309683,0.006551800910175596,0.006567117962617559,0.006581212757061538,0.006594064252814974,0.006605647508446801,0.006615936781143263,0.006624907467049011,0.006632537247195642,0.006638806743208605,0.006643699872555268,0.0066472040195326995,0.006649310133174505,0.006650012776120665
0.006649023056441425,0.00664832048289254,0.00664621455382349,0.0066427107299004496,0.006637818046598164,0.006631549128497419,0.006623920075322866,0.006614950258654955,0.0066046620002664595,0.0065930799146656765,0.006580229750550457,0.006566136457269601,0.006550821086066171,0.006534296085558489,0.00651655867183479,0.006497582406609244,0.0064773082321569735,0.006455638638661029,0.006432443189475246,0.006407591515344561,0.006381042424560686,0.006353034709040487,0.0063244387516784625,0.006297301514233397,0.006275415648434531,0.006263909512444772,0.006263909511985997,0.006275415647512832,0.006297301512778101,0.006324438750963655,0.0063530347112889934,0.006381042429667145,0.006407591519775748,0.006432443192016859,0.006455638641118933,0.006477308234764266,0.006497582407448937,0.00651655866853898,0.006534296079242197,0.006550821078734879,0.0065661364482717584,0.006580229741104603,0.006593079906565819,0.0066046619920258984,0.006614950248861041,0.006623920068018595,0.006631549128406307,0.006637818047109924,0.006642710727643385,0.0066462145564718635,0.006648320481584021,0.0066490230620863035
0.006647814306839148,0.006647111800305445,0.006645006096763215,0.006641502651145648,0.006636610505509449,0.006630342289929146,0.006622714095813488,0.006613745308537769,0.00660345826380602,0.006591877581547562,0.006579029014376219,0.006564937526218781,0.006549624180232068,0.006533101433188572,0.006515366516696714,0.006496393011556083,0.00647612187585138,0.0064544556189250896,0.0064312638287665124,0.006406416155499698,0.006379871406259658,0.0063518683230919274,0.006323277132833787,0.006296144443112716,0.006274262255214342,0.006262758046727093,0.006262758046806265,0.006274262254799292,0.006296144442664659,0.006323277133757851,0.0063518683256905215,0.00637987140855547,0.006406416156862943,0.0064312638313541205,0.006454455622002333,0.0064761218777081705,0.006496393012708786,0.006515366515441429,0.006533101426926562,0.006549624171142854,0.006564937517768425,0.006579029006517688,0.006591877573736972,0.006603458256483872,0.0066137452980221285,0.006622714082784741,0.0066303422827699195,0.0066366105064544715,0.006641502651535783,0.006645006101272573,0.006647111800826357,0.0066478143045257815
0.006646387061541862,0.006645684634689506,0.006643579196764507,0.0066400761914079676,0.006635184663094762,0.006628917243716843,0.006621290036526134,0.006612322439753454,0.006602036795191775,0.006590457728871898,0.006577611009583991,0.006563521610302752,0.006548210606217718,0.00653169047135308,0.006513958455839057,0.006494988157932751,0.0064747205557201684,0.006453058186772116,0.006429870667317624,0.006405027668987342,0.006378487999551329,0.006350490344437176,0.006321904747776648,0.0062947774007853985,0.006272899536734023,0.006261397594798864,0.006261397594654427,0.0062728995368635035,0.006294777402949345,0.00632190474960663,0.006350490343706547,0.006378487996942781,0.0064050276684013965,0.006429870669468765,0.00645305818859385,0.0064747205562870535,0.006494988159167686,0.006513958456912486,0.006531690468790707,0.0065482106003752925,0.006563521604182615,0.006577611004542374,0.006590457723564434,0.006602036786491266,0.006612322429567524,0.00662129002718898,0.006628917235422398,0.006635184656799651,0.006640076188925415,0.006643579201532459,0.00664568464005221,0.006646387055700096
0.006644741984773814,0.006644039662859342,0.006641934518985738,0.0066384320002449175,0.006633541155941537,0.006627274624963054,0.006619648521778383,0.006610682257297018,0.00660039817984416,0.0065888209274116,0.006575976280876579,0.0065618892293665895,0.006546580862737142,0.006530063675317407,0.006512334936529944,0.0064933682637223055,0.006473104662974337,0.006451446703842285,0.006428264035894209,0.006403426358092911,0.006376892479748209,0.006348901024464545,0.006320321828270461,0.006293200603582551,0.006271327696883898,0.006259828353088503,0.006259828353864762,0.00627132769919237,0.006293200606209815,0.006320321828949191,0.006348901023100744,0.00637689247912022,0.006403426358739518,0.006428264036674254,0.006451446702616276,0.006473104660571806,0.0064933682617650135,0.006512334935901469,0.0065300636762989145,0.006546580863142663,0.0065618892281571715,0.006575976277407228,0.006588820920739449,0.006600398172869318,0.006610682251340038,0.00661964851666724,0.006627274617847795,0.006633541146678363,0.006638431992847394,0.006641934517170631,0.00664403966496682,0.006644741984911796
0.006642879879328417,0.006642177668240768,0.006640072841389092,0.006636570846350864,0.006631680744582292,0.006625415182175833,0.006617790287584291,0.006608825478396729,0.00659854311374343,0.006586967846009925,0.006574125472750325,0.006560041000280176,0.006544735539453638,0.0065282216030000985,0.006510496481960141,0.00649153382028758,0.006471274656452015,0.006449621597302636,0.00642644433001662,0.006401612585683991,0.00637508518104802,0.006347100670585792,0.006318528656871025,0.006291414311238801,0.0062695469828072175,0.006258050564849469,0.006258050566842251,0.0062695469865457565,0.006291414313100482,0.006318528657752235,0.006347100672610605,0.0063750851835347585,0.006401612585681723,0.006426444326685752,0.006449621592207553,0.006471274650804764,0.00649153381538323,0.006510496481055499,0.006528221607252078,0.006544735545750177,0.006560041003691327,0.006574125470208569,0.006586967840280597,0.006598543108717765,0.006608825476273829,0.006617790284922941,0.0066254151811327424,0.006631680736847167,0.006636570834520409,0.006640072829781638,0.006642177663675454,0.006642879881329261
0.006640801660027784,0.006640099560528508,0.0066379950667926554,0.006634493629010906,0.006629604317354441,0.006623339790695965,0.006615716189014495,0.0066067529349993345,0.006596472403218155,0.006584899265059089,0.006572059337355334,0.006557977645833091,0.006542675323479945,0.006526164905399824,0.006508443707341241,0.006489485405179967,0.0064692310757328165,0.0064475833679343095,0.006424412012465738,0.006399586779248225,0.006373066496743607,0.006345089643781264,0.006316525565531655,0.0062894188359920436,0.006267557692604661,0.0062560645165099125,0.006256064516294198,0.00626755769280063,0.006289418837732481,0.006316525569098477,0.0063450896479929015,0.0063730664993283965,0.0063995867783337235,0.006424412006856679,0.006447583360387503,0.0064692310687615535,0.006489485400169851,0.006508443707385866,0.006526164910381536,0.006542675329780482,0.006557977650244235,0.00657205933880634,0.006584899263709157,0.006596472400700458,0.006606752932868339,0.006615716189256731,0.006623339795982508,0.006629604312866146,0.006634493614675718,0.006637995050125676,0.006640099551557733,0.00664080165961912
0.006638508375706052,0.006637806390573199,0.0066357022397504455,0.0066322013825215465,0.006627312898030752,0.006621049458817241,0.006613427207877495,0.0066044655829480235,0.006594186978029957,0.006582616084782114,0.006569778740896326,0.006555699996198703,0.006540401006678217,0.006523894332169549,0.006506177321058422,0.006487223686786611,0.006466974547404008,0.0064453325983272235,0.006422167622667562,0.006397349438436033,0.006370836885164964,0.006342868364791681,0.006314312945887894,0.006287214544779475,0.006265360170756724,0.006253870543101934,0.006253870542883329,0.006265360171073576,0.006287214546727922,0.006314312950847865,0.0063428683692344345,0.006370836885147596,0.006397349433665223,0.006422167614541635,0.00644533258961436,0.006466974541723018,0.006487223685653739,0.006506177323433106,0.006523894335007919,0.006540401010594866,0.00655570000164265,0.006569778745882217,0.006582616088727564,0.006594186978061164,0.006604465582592298,0.006613427210594606,0.006621049463915653,0.006627312897291041,0.006632201371117965,0.006635702224349948,0.006637806378690802,0.006638508369894906
0.006636001222629371,0.006635299352313691,0.006633195552959672,0.006629695290024303,0.006624807655284384,0.0066185453281535946,0.006610924462398601,0.006601964514006691,0.006591687900088794,0.006580119332641361,0.0065672846747502,0.006553209001571726,0.006537913494480802,0.0065214107455260776,0.006503698140197904,0.006484749432669064,0.006464505788257465,0.006442869956853534,0.006419711781367396,0.006394901133800752,0.006368396874110318,0.006340437325020992,0.006311891253943607,0.006284801861054983,0.006262954823340853,0.006251469045224978,0.006251469046176106,0.006262954825267013,0.006284801862737142,0.006311891256370283,0.006340437326424221,0.00636839687120331,0.0063949011276006286,0.006419711773559016,0.006442869950676081,0.006464505786263809,0.006484749433370693,0.006503698141461396,0.006521410746611784,0.006537913496300356,0.006553209005778438,0.0065672846811570176,0.006580119339540075,0.006591687904333381,0.006601964518660828,0.006610924466183418,0.006618545330980096,0.006624807657654534,0.006629695285346614,0.006633195543063009,0.006635299341372285,0.0066360012118559025
0.006633281558709874,0.006632579804322091,0.0066304763572873245,0.006626976691985941,0.0066220899080993816,0.006615828696051753,0.0066082092233932,0.0065992509694767455,0.006588976373717612,0.0065774101745802015,0.006564578261338005,0.00655050573634379,0.006535213813597464,0.006518715123224006,0.006501007090989489,0.00648206351638178,0.00646182561778682,0.0064401962070051826,0.006417045197201175,0.006392242524968189,0.006365747075820231,0.006337797088656508,0.006309261011239977,0.006282181278739677,0.006260342125234954,0.006248860482421449,0.00624886048234571,0.006260342126228348,0.00628218128127028,0.006309261011391691,0.006337797083670138,0.006365747069065686,0.006392242520558906,0.006417045194018103,0.006440196204875781,0.006461825616321625,0.006482063516326643,0.006501007092628103,0.00651871512445028,0.006535213813999392,0.0065505057388067795,0.006564578267931647,0.006577410182283204,0.006588976383249278,0.006599250976218841,0.006608209225802272,0.006615828696865079,0.006622089913485453,0.006626976692664589,0.006630476354096931,0.006632579795869752,0.006633281547038686
0.006630350917982437,0.006629649278318169,0.006627546175778168,0.006624047094385722,0.0066191611421132735,0.006612901021996057,0.006605282920890585,0.006596326344444151,0.0065860537565805765,0.006574489923333057,0.006561660763764787,0.006547591414316587,0.006532303126647979,0.006515808572072143,0.006498105222101415,0.006479166926690056,0.006458934962663276,0.006437312216286349,0.006414168680348,0.006389374364194311,0.0063628881835485025,0.006334948298539783,0.006306422822447494,0.006279353369353046,0.006257522618440153,0.00624604538253755,0.006246045382707487,0.006257522618168858,0.006279353367666691,0.006306422818041226,0.00633494829214007,0.006362888178477108,0.006389374362385159,0.006414168680165597,0.006437312216057623,0.00645893496162809,0.006479166925734416,0.006498105222782503,0.006515808572745912,0.006532303126545057,0.006547591417652212,0.0065616607698411765,0.006574489932239918,0.0065860537676908125,0.006596326350525131,0.006605282922998023,0.006612901023139113,0.006619161148458747,0.006624047097316562,0.00662754617610034,0.006629649271256676,0.006630350909134657
0.006627211018606614,0.006626509486376882,0.006624406711749295,0.006620908183375057,0.006616023020781669,0.006609763942640803,0.006602147160502552,0.006593192205446156,0.006582921569155265,0.0065713600501309645,0.006558533601965368,0.00654446739996456,0.006529182739161289,0.006512692336784661,0.006494993712820739,0.006476060774283551,0.006455834869454459,0.006434218966846577,0.006411083146352378,0.006386297499639184,0.006359820987235317,0.00633189169369792,0.0063033773783907525,0.006276318780007198,0.006254496922962307,0.006243024355977247,0.006243024356515829,0.006254496920674162,0.00627631877313067,0.0063033773706405866,0.006331891689971131,0.006359820986839227,0.006386297499168616,0.0064110831459270575,0.006434218967858247,0.006455834870356152,0.00647606077287293,0.00649499370941239,0.0065126923350844,0.006529182741958286,0.00654446740440765,0.00655853360885637,0.006571360059583076,0.006582921577607948,0.006593192209275761,0.006602147163378104,0.0066097639456743785,0.006616023026903972,0.006620908185907505,0.006624406712251854,0.006626509481932132,0.006627211014979845
0.0066238637743013026,0.0066231623420140205,0.006621059866407797,0.0066175618420864675,0.006612677401448864,0.006606419286904274,0.006598803733220425,0.006589850299487194,0.006579581510520567,0.006568022200323444,0.006555198363581831,0.006541135220460075,0.006525854112256415,0.0065093678068903075,0.006491673881049508,0.006472746307646149,0.006452526516135406,0.006430917561396455,0.006407789622713323,0.006383012891642417,0.006356546384403832,0.006328628109542971,0.00630012545774409,0.006273078249519337,0.006251265751651503,0.006239798097924441,0.006239798096520245,0.0062512657467401695,0.006273078242268746,0.006300125451787331,0.006328628106989118,0.0063565463846330435,0.006383012892819499,0.006407789624600375,0.006430917562700649,0.006452526515944469,0.006472746305037557,0.006491673876195763,0.006509367806136246,0.006525854115940498,0.006541135225370315,0.006555198371512994,0.006568022207480565,0.006579581514504442,0.006589850302005361,0.006598803736799321,0.006606419291067063,0.006612677407664154,0.0066175618414583155,0.006621059864897377,0.006623162340743206,0.006623863778226211
0.0066203113178612116,0.0066196099728363204,0.006617507754111697,0.006614010163021235,0.00660912635297521,0.006602869088184124,0.006595254629795192,0.006586302570175527,0.006576035469781387,0.006564478205235083,0.006551656817646141,0.006537596575233858,0.006522318872202977,0.006505836533885676,0.006488147201297504,0.006469224924009139,0.006449011215660924,0.006427409231184369,0.006404289266302225,0.006379521623413965,0.006353065382863063,0.006325158484885242,0.006296667944576442,0.006269632617374483,0.006247829910398078,0.006236367398197412,0.0062363673967905766,0.006247829906977041,0.0062696326135977904,0.006296667940898751,0.006325158481502875,0.006353065381876348,0.006379521625620537,0.006404289270864587,0.0064274092330058406,0.006449011213227678,0.006469224920363828,0.006488147199163785,0.00650583653506324,0.0065223188744197216,0.006537596580047839,0.00655165682349298,0.0065644782093665114,0.006576035471829304,0.006586302572775251,0.006595254633583371,0.006602869092060661,0.006609126358276771,0.006614010159513568,0.006617507749972316,0.006619609973140819,0.00662031132660646
0.006616556012315037,0.006615854736115536,0.006613752716873698,0.0066102554679259165,0.006605372166668152,0.0065991156001397305,0.006591502059637437,0.006582551173376588,0.0065722855449614785,0.0065607300987579045,0.006547910926082363,0.006533853350688235,0.006518578825956886,0.006502100242491804,0.00648441531426187,0.006465498173877089,0.006445290431455556,0.0064236953565395445,0.006400583372124678,0.0063758249023425475,0.006349379110052585,0.006321483877644829,0.0062930058353826215,0.006265982830650434,0.00624419031326228,0.006232733153805941,0.006232733152908421,0.00624419031223352,0.006265982830519324,0.006293005833917564,0.006321483875137371,0.006349379109725112,0.006375824903908585,0.006400583374722166,0.006423695357702761,0.006445290430675482,0.006465498173249437,0.006484415315420527,0.006502100243167265,0.006518578826666429,0.006533853353240133,0.0065479109281096565,0.0065607301007618345,0.006572285547439112,0.006582551176323128,0.006591502062071036,0.006599115603309373,0.006605372170992703,0.006610255464176292,0.00661375271181626,0.006615854734540652,0.006616556021591401
0.00661260046911981,0.00661189923624069,0.006609797344651282,0.006606300325878768,0.006601417379884079,0.006595161316810107,0.006587548464779824,0.006578598493771076,0.006568334056012195,0.006556780128704052,0.006543962859952396,0.006529907635133156,0.0065146359754731644,0.00649816084318567,0.00648048003577854,0.0064615677797498165,0.0064413657938365496,0.0064197774720705985,0.0063966733766189525,0.006371924074962612,0.006345488828781124,0.006317605473331163,0.006289140250117775,0.006262129957272374,0.006240347988034427,0.0062288963716797775,0.006228896370601396,0.006240347987056511,0.006262129958039519,0.0062891402521773635,0.0063176054750454375,0.006345488829411853,0.006371924074205984,0.006396673376034781,0.006419777471924135,0.00644136579623466,0.006461567785234478,0.00648048003923129,0.006498160842921496,0.006514635973842431,0.006529907633452489,0.006543962859040627,0.006556780130547292,0.006568334059511783,0.006578598496646938,0.006587548465448227,0.006595161317920699,0.006601417382004416,0.006606300324211744,0.006609797340954096,0.006611899231137052,0.006612600476286483
0.006608447567749829,0.006607746345575697,0.006605644497722133,0.006602147571835063,0.006597264788032022,0.006591008988141938,0.006583396540034467,0.006574447162939098,0.006564183563137106,0.006552630775608396,0.00653981501408902,0.006525761733080213,0.00651049252716864,0.00649402044535566,0.006476343377214807,0.006457435651894401,0.006437239106495118,0.006415657274076046,0.006392560875334843,0.0063678206390213295,0.006341395945949057,0.00631352459801288,0.006285072443698817,0.006258075189933803,0.006236304084366466,0.00622485817949659,0.006224858179180518,0.006236304084199281,0.006258075190692595,0.006285072446646809,0.00631352460243064,0.00634139594811685,0.006367820638126617,0.006392560873448658,0.006415657273865972,0.006437239110730745,0.006457435658531747,0.006476343381761106,0.006494020447125402,0.006510492525182385,0.006525761727923498,0.006539815011767841,0.006552630776900355,0.006564183565640691,0.0065744471645872195,0.0065833965391882505,0.0065910089874411035,0.00659726478953857,0.006602147571691393,0.006605644495406071,0.006607746339016029,0.006608447571854767
0.006604100474474704,0.006603399229349888,0.006601297325223033,0.006597800323357116,0.006592917469401147,0.006586661640564298,0.006579049251798626,0.006570100076946704,0.00655983688163643,0.006548284769057958,0.006535470023274642,0.0065214181775334985,0.00650615091507075,0.006489681378492773,0.006472007556144149,0.00645310389233532,0.006432912357257264,0.006411336638519119,0.006388247634441206,0.006363516257091852,0.0063371020268585005,0.006309242726829346,0.006280803809300032,0.006253819856840132,0.0062320598869028505,0.006220619841690144,0.006220619843097088,0.006232059889518368,0.006253819858259657,0.006280803810602773,0.006309242730101197,0.006337102029951302,0.0063635162587492205,0.006388247634080655,0.006411336639359012,0.006432912360790465,0.006453103896374127,0.006472007560736128,0.006489681381263972,0.006506150915384162,0.006521418174606879,0.006535470020240258,0.006548284767154418,0.006559836880899879,0.006570100076385363,0.0065790492505627225,0.006586661640524351,0.006592917470884738,0.006597800322955304,0.006601297322197434,0.006603399223255115,0.006604100477022813
0.006599562673012946,0.0065988613658277875,0.0065967592837421025,0.006593262003779049,0.00658837880264748,0.006582122597926146,0.006574509857771371,0.006565560415070617,0.00655529710440304,0.0065437451029049225,0.006530930778740836,0.006516879755791587,0.00650161381482193,0.006485146197840524,0.006467475006050202,0.006448574813658778,0.006428387735543551,0.006406817633941562,0.006383735605245579,0.006359012767862285,0.00633260880263835,0.006304761491128644,0.006276335891414079,0.006249365436385155,0.006227616829443336,0.006216182767253846,0.006216182769072633,0.0062276168333638485,0.006249365439268015,0.006276335891999215,0.0063047614924649185,0.0063326088050707245,0.0063590127712173025,0.006383735607516857,0.006406817635823366,0.0064283877365621175,0.006448574815012842,0.006467475010567136,0.006485146200955856,0.006501613818170712,0.006516879757478543,0.006530930776202841,0.006543745097021526,0.006555297098356225,0.006565560412076396,0.006574509857054433,0.00658212259999415,0.0065883788040235055,0.0065932620019645075,0.00659675927867335,0.006598861359201438,0.006599562674451828
0.006594837982294452,0.006594136566407104,0.0065920341612415246,0.006588536366453341,0.006583652492581938,0.0065773955039225744,0.006569781926470702,0.006560831658800577,0.006550567614471157,0.006539015058306101,0.006526200452923424,0.006512149523024046,0.006496884153895446,0.0064804177019435185,0.006462748396511777,0.00644385095123004,0.006423667645533211,0.006402102535425604,0.006379026936738887,0.006354312195915574,0.006327918180215162,0.00630008269037087,0.006271670401993732,0.0062447135716161405,0.006222976502700978,0.0062115485166997835,0.0062115485169557385,0.006222976504888875,0.00624471357520467,0.006271670404523877,0.006300082691944102,0.00632791818116259,0.006354312197981004,0.006379026939579148,0.006402102537404259,0.006423667645666116,0.006443850952112034,0.006462748399729436,0.006480417706949798,0.00649688415955112,0.0065121495254384125,0.006526200449797005,0.006539015050917763,0.0065505676075628145,0.006560831654650854,0.006569781924556635,0.006577395505079974,0.00658365249302843,0.006588536362946299,0.006592034154941912,0.0065941365577853375,0.006594837985571203
0.006589930583417748,0.006589229000988061,0.006587126104262031,0.006583627517674689,0.006578742591713526,0.006572484341921944,0.006564869356135019,0.006555917612978437,0.006545652115446866,0.006534098226137598,0.006521282513071696,0.006507230813094308,0.006491965131018889,0.006475498951949097,0.006457830645109705,0.006438935080483913,0.0064187547220133576,0.006397193837658583,0.006374123983709432,0.006349416762507564,0.006323032255892387,0.0062952083115688775,0.006266809233163463,0.006239866075523483,0.006218140661951571,0.006206718817348062,0.006206718816387149,0.006218140661940298,0.006239866078782392,0.006266809237786803,0.006295208313956053,0.006323032255873102,0.006349416762792729,0.006374123984795612,0.006397193838626234,0.006418754722923672,0.006438935082207939,0.00645783064789795,0.006475498958263639,0.006491965136264569,0.006507230813939967,0.006521282508898778,0.006534098220059528,0.006545652111122389,0.006555917609279626,0.00656486935164543,0.006572484339085302,0.006578742589653762,0.0065836275143322815,0.006587126098114831,0.006589228992267045,0.0065899305872420275
0.006584845039200558,0.0065841432240114715,0.006582039642008331,0.006578539944799065,0.006573653525990953,0.006567393457578456,0.006559776404409736,0.006550822432999105,0.006540554647384008,0.006528998519688974,0.0065161807373561205,0.006502127263215675,0.0064868602363601004,0.006470393285501628,0.0064527249351405205,0.006433830232659255,0.006413651842389362,0.006392094264036621,0.006369029320621155,0.006344328900785232,0.006317953332432886,0.0062901405395005975,0.006261754465746639,0.006234824942717042,0.006213111242014557,0.006201695576912778,0.006201695576874303,0.006213111242038194,0.006234824944682278,0.006261754469516757,0.006290140540986201,0.006317953332330163,0.006344328900749398,0.006369029320648084,0.0063920942648107585,0.006413651843311818,0.006433830234904076,0.006452724938890498,0.006470393290377427,0.0064868602382046415,0.006502127262453314,0.006516180734953231,0.006528998517749263,0.006540554645393859,0.006550822428252008,0.006559776397100358,0.006567393451637799,0.006573653520435778,0.006578539942962187,0.006582039637862965,0.00658414321749884,0.006584845040923615
0.006579586328465225,0.006578884206862193,0.006576779716376691,0.006573278538936406,0.006568390117120466,0.006562127590728811,0.00655450771100303,0.006545550644264423,0.006535279608230773,0.0065237201991932905,0.0065108992379414145,0.006496842829721172,0.006481573266145177,0.006465104334237606,0.006447434734496536,0.006428539707338606,0.006408362137555617,0.006386806781237869,0.006363745757898476,0.006339051271477038,0.0063126839302281605,0.0062848817662498856,0.006256508379735178,0.006229592364393972,0.0062078903740488845,0.006196480894290453,0.006196480895237485,0.006207890374971287,0.006229592364000768,0.006256508380048295,0.006284881765967692,0.006312683930470889,0.006339051271820763,0.006363745759386536,0.006386806783728828,0.006408362138217565,0.0064285397087903776,0.006447434737069743,0.006465104335447977,0.0064815732651925,0.006496842830013563,0.006510899238723039,0.006523720199994272,0.00653527960656172,0.006545550637902502,0.0065545077029699,0.00656212758295119,0.0065683901115151065,0.006573278537552762,0.006576779713318714,0.006578884199920548,0.006579586328717533
0.006574159875617683,0.0065734573618924114,0.006571351706117049,0.0065678486255107095,0.006562957616879367,0.006556691900427364,0.006549068323106463,0.006540107166985063,0.006529831777753686,0.006518267890610585,0.00650544247863086,0.00649138180952598,0.006476108342340689,0.006459636042242346,0.006441963805237903,0.006423067084748017,0.006402889009071242,0.006381334618258383,0.006358276354849748,0.006333586772323249,0.006307226797853841,0.006279434605007974,0.006251073470686368,0.006224170742089947,0.00620248039461618,0.0061910770712041915,0.006191077071289851,0.006202480394245734,0.006224170739155696,0.006251073466778235,0.0062794346033240005,0.0063072267990204696,0.006333586774359505,0.00635827635867647,0.006381334621303345,0.006402889010545171,0.00642306708543738,0.006441963804762321,0.0064596360394345255,0.006476108339758918,0.006491381811613917,0.006505442482535042,0.0065182678919841275,0.006529831774187755,0.006540107161263386,0.006549068315974826,0.006556691892366437,0.0065629576115351996,0.006567848623339486,0.0065713517028313856,0.006573457354732264,0.00657415987762505
0.0065685715807688085,0.006567868576753076,0.006565761462699471,0.00656225599413284,0.006557361733600821,0.006551091990464596,0.006543463722545042,0.006534497342302796,0.006524216339558628,0.0065126466100200444,0.0064998152999920416,0.006485748857260399,0.006470469927136305,0.0064539926780854615,0.006436316220479687,0.006417416243566322,0.006397236145754475,0.006375681276330848,0.006352624431857289,0.006327938552753224,0.006301584926139744,0.006273801903224621,0.006245452462385399,0.00621856270121771,0.006196883857832337,0.0061854866241255815,0.006185486623072013,0.006196883854002586,0.0062185626957745165,0.006245452456033562,0.006273801900470195,0.006301584928718636,0.0063279385572968085,0.00635262443605924,0.006375681278291683,0.006397236148187772,0.0064174162439614695,0.006436316217583856,0.006453992673533139,0.006470469924410249,0.006485748858796238,0.006499815303714504,0.006512646611222375,0.006524216336080179,0.006534497338158739,0.0065434637159389,0.006551091983519978,0.0065573617284888095,0.006562255991822968,0.0065657614585459935,0.006567868571033877,0.006568571584734151
0.0065628278541781946,0.006562124247267802,0.006560015339768005,0.006556506932641821,0.0065516086631458885,0.006545333941701864,0.006537699852371166,0.006528726955670112,0.00651843890812853,0.006506861788521001,0.006494022936773669,0.006479949001192773,0.006464662841760249,0.006448178852142977,0.006430496379896109,0.006411591376436481,0.006391407535011486,0.0063698505418036235,0.006346793583270219,0.00632211002820221,0.006295761563127967,0.006267986755213329,0.006239648319376327,0.006212771102995281,0.006191103549347197,0.006179712301944653,0.006179712300417714,0.006191103543507424,0.0062127710960819815,0.0062396483134338305,0.0062679867522820384,0.006295761565287329,0.006322110033228363,0.006346793586664751,0.006369850542459249,0.006391407536884361,0.006411591376113623,0.006430496376786459,0.006448178848640641,0.006464662840554638,0.00647994900121021,0.006494022936992735,0.006506861788479842,0.006518438907238065,0.006528726952286458,0.006537699847423206,0.006545333936237477,0.006551608657655389,0.006556506930580592,0.0065600153365390395,0.006562124243131789,0.006562827857366175
0.006556935651811967,0.006556231314738412,0.006554120232388759,0.0065506082607978515,0.006545705120848786,0.006539424339911223,0.006531783145261882,0.006522802268048695,0.006512505554862243,0.006500919291450164,0.006488071035374472,0.006473987665735174,0.0064586922838205385,0.006442199533033889,0.006424509024984418,0.006405597000626868,0.006385407473752229,0.006363846499857876,0.006340787693955285,0.0063161048922140296,0.006289760223335529,0.0062619925175621495,0.006233664261889773,0.006206799057209621,0.006185142504430561,0.006173757101482046,0.006173757100019896,0.0061851424997401835,0.006206799052253282,0.006233664258568643,0.006261992515203378,0.006289760222924073,0.006316104894020908,0.006340787695775648,0.006363846500588863,0.006385407473269973,0.006405596999028648,0.006424509023752562,0.006442199532878162,0.006458692284517513,0.006473987664449328,0.006488071032111334,0.006500919289462999,0.006512505553636697,0.006522802266616596,0.006531783143765838,0.006539424335266708,0.00654570511505524,0.006550608260459894,0.00655412023008198,0.006556231310088434,0.0065569356550883055
0.00655090251647645,0.006550197303011891,0.006548083613570003,0.006544567365822658,0.006539658378276719,0.0065333703112540305,0.006525720556630032,0.006516730041476095,0.006506422828974509,0.0064948254394454905,0.0064819656787439206,0.006467870689700075,0.0064525638432308486,0.006436060061692177,0.0064183592517830556,0.006399437969923244,0.006379240581590212,0.0063576735477342584,0.006334610948926327,0.006309927128030741,0.006283584702888392,0.0062558228219760734,0.006227503781585401,0.006200649942022371,0.0061790040227481515,0.006167624282080154,0.006167624281017985,0.0061790040215371255,0.0062006499416631215,0.006227503781263414,0.00625582282144509,0.006283584699457545,0.006309927124549139,0.006334610948507725,0.00635767354898562,0.00637924057903619,0.006399437967124288,0.0064183592527724586,0.006436060065382146,0.0064525638448552445,0.006467870686927042,0.0064819656737270855,0.006494825435903517,0.0065064228270661495,0.006516730043141537,0.00652572055637749,0.006533370305244688,0.006539658375578758,0.006544567367214107,0.006548083612831168,0.006550197298148064,0.006550902515387623
0.00654473661715711,0.0065440303614299235,0.0065419135751504,0.006538392244311998,0.006533476300625258,0.006527179555838701,0.006519519594206625,0.006510517567323453,0.006500197784134477,0.00648858703248605,0.006475713405626692,0.0064616043427096785,0.006446283517038781,0.006429766165556064,0.006412052520629378,0.006393119486503357,0.006372911813643054,0.006351336405174918,0.006328267842753606,0.006303581018602269,0.006277239095526731,0.006249481593285798,0.0062211706566838165,0.006194327420997793,0.006172691684430324,0.006161317381413788,0.006161317381365175,0.006172691686484541,0.006194327423835795,0.006221170658884859,0.006249481594097102,0.0062772390914971644,0.006303581012710067,0.0063282678394787,0.006351336404924987,0.0063729118105064885,0.006393119484312636,0.006412052523414214,0.0064297661693615326,0.006446283517893691,0.0064616043389504425,0.006475713403142022,0.00648858702957858,0.006500197781508447,0.006510517567831397,0.006519519593487032,0.006527179553409177,0.006533476299716885,0.0065383922483083804,0.0065419135751827754,0.006544030353723627,0.006544736610869494
0.006538446793958374,0.006537739310899744,0.006535618872214049,0.006532091542851061,0.006527167383888004,0.006520860385243395,0.0065131883537507245,0.006504172696131393,0.006493838003348187,0.0064822113744262095,0.006469321228674478,0.006455195339068432,0.006439857722864322,0.006423323968289241,0.006405594668266731,0.00638664711060505,0.006366426468910309,0.006344840122082298,0.006321763188663292,0.00629707116246355,0.00627072780728853,0.006242973063459211,0.006214668970305743,0.0061878354575362685,0.006166209368680272,0.006154840234621072,0.00615484023523493,0.006166209371161977,0.006187835460062581,0.006214668973251975,0.0062429730648399665,0.006270727805502156,0.006297071158951882,0.006321763183908891,0.006344840118354887,0.006366426466532032,0.006386647111023879,0.0064055946701607564,0.006423323968857886,0.006439857722193111,0.006455195338067631,0.00646932122886087,0.006482211372456191,0.006493837999552703,0.006504172694067866,0.00651318835559134,0.006520860386840725,0.006527167383304526,0.006532091547953455,0.006535618869455869,0.006537739301012742,0.006538446790538952
0.006532042612906488,0.006531333692000679,0.006529208968893315,0.006525674600284287,0.006520740799771183,0.00651442176323766,0.006506735552160977,0.006497703867345514,0.006487351629029102,0.006475706293501136,0.006462796650370504,0.006448650853078857,0.006433293308939436,0.006416739997453899,0.006398991913846084,0.00638002676902495,0.006359790195532565,0.00633819008337278,0.006315102132094209,0.006290402488273306,0.006264055568206397,0.0062363017865014895,0.006208003126679983,0.006181178334216892,0.006159561273599229,0.0061481969957584105,0.00614819699613753,0.006159561274003066,0.006181178334632266,0.00620800312826656,0.006236301788035761,0.006264055569446045,0.006290402488251536,0.0063151021284563085,0.006338190078586787,0.006359790195165189,0.006380026770784794,0.00639899191263477,0.006416739995256328,0.006433293308402926,0.00644865085471484,0.006462796650003297,0.00647570629098018,0.006487351627291293,0.006497703866202678,0.006506735556078727,0.006514421762531213,0.006520740801729355,0.006525674604008867,0.006529208964040495,0.006531333684912619,0.006532042614417484
0.0065255344167237375,0.006524823815793994,0.006522694089055078,0.0065191515011503555,0.006514206441855585,0.006507873343738106,0.006500170563547059,0.00649112014436817,0.006480747388907032,0.006469080162492339,0.006456147679280113,0.006441978529738341,0.006426597560072298,0.006410021190259933,0.006392250863091632,0.006373264754803931,0.006353008994081193,0.006331392019185504,0.006308290160389777,0.006283580263389734,0.006257227445029822,0.006229472654311818,0.006201177868655023,0.006174360675111454,0.006152751940076837,0.006141392164194685,0.006141392164194988,0.006152751939869361,0.006174360674801147,0.006201177868078357,0.006229472653956939,0.006257227446835579,0.006283580264607104,0.006308290160427674,0.006331392018317629,0.006353008995694093,0.006373264755817987,0.006392250860837732,0.00641002118733393,0.006426597558913017,0.006441978528854477,0.006456147678626522,0.006469080162739502,0.00648074738983421,0.006491120145177241,0.006500170563053196,0.006507873342486201,0.006514206442794088,0.006519151504573928,0.0065226940884915326,0.006524823813920437,0.0065255344241049555
0.0065189333807077424,0.006518220824868035,0.006516085277241883,0.006512533128779695,0.006507574972544144,0.006501225515739425,0.006493503459737613,0.006484431246409995,0.00647403462012044,0.006462341917734027,0.006449382844774679,0.006435186491219915,0.0064197782022955355,0.006403174893367344,0.006385378506409132,0.006366367726564165,0.006346089217308723,0.006324452009954001,0.006301333108580353,0.006276610099877134,0.006250248854875165,0.006222490913382282,0.006194198299482016,0.006167387472210172,0.006145786281661887,0.006134430614585544,0.006134430615216052,0.006145786283601195,0.0061673874732425,0.0061941982974114745,0.006222490909569567,0.006250248853465757,0.006276610100460493,0.006301333112866286,0.006324452016056051,0.006346089220265581,0.0063663677259243705,0.006385378504455998,0.006403174891131651,0.006419778199225856,0.006435186489957615,0.0064493828457478815,0.006462341919006121,0.00647403462022637,0.006484431245579449,0.006493503458679273,0.006501225513081959,0.006507574969226513,0.006512533137004278,0.006516085283276501,0.0065182208301702215,0.006518933388482245
0.006512251583295498,0.0065115367595189105,0.006509394460716797,0.006505831223571997,0.006500857877723964,0.006494489452247904,0.0064867450521605375,0.006477647580105134,0.006467223293295829,0.006455501077086903,0.006442511205600622,0.006428283342167531,0.006412843400554938,0.0063962088578442535,0.006378382211931093,0.006359342700785233,0.006339037568238938,0.0063173764832334415,0.006294237158228674,0.006269497963429858,0.006243125577594824,0.006215362185375109,0.006187069911002747,0.006160264116321708,0.006138669617663733,0.0061273176287865725,0.006127317630095448,0.006138669620575341,0.006160264117913309,0.006187069908549212,0.0062153621803575,0.006243125573648312,0.00626949796328132,0.006294237164581172,0.006317376492709126,0.00633903757160387,0.006359342698861943,0.006378382210987846,0.006396208858096961,0.006412843399646802,0.0064282833415025735,0.006442511205611879,0.006455501075599637,0.006467223293389784,0.00647764757759165,0.00648674504996547,0.006494489444879727,0.006500857877950071,0.006505831235132933,0.006509394471803566,0.0065115367679835804,0.00651225159280755
0.0065055020777392124,0.006504784630079556,0.006502634518258333,0.006499058448636429,0.006494067528403817,0.0064876771655506555,0.006479906933532621,0.006470780271849887,0.006460324037258553,0.00644856775447774,0.0064355423554287635,0.0064212781656086005,0.006405801751771053,0.006389131228434128,0.006371269709217533,0.006352197038500711,0.006331861088921973,0.00631017220301178,0.00628700883478067,0.006262250180312291,0.00623586377188161,0.00620809249279647,0.006179798614973426,0.006152996430730392,0.006131407707892336,0.006120058932898617,0.006120058933436694,0.006131407707788897,0.006152996429721573,0.006179798613149166,0.0062080924908033885,0.006235863769809344,0.006262250181589446,0.0062870088404796765,0.006310172208198343,0.0063318610900244925,0.006352197037113911,0.0063712697108593815,0.006389131233298356,0.006405801753670448,0.0064212781644481555,0.006435542352315885,0.006448567753356073,0.006460324035635098,0.00647078026660507,0.006479906926956801,0.006487677163483122,0.006494067531671785,0.006499058459569876,0.006502634530813089,0.006504784639219386,0.006505502083661637
0.006498698975992623,0.006497978496762503,0.006495819357787821,0.006492228464243895,0.006487217248910944,0.006480801562306891,0.006473001524065159,0.006463841204564801,0.006453348163681172,0.006441552670030522,0.006428486422201533,0.006414180514808664,0.006398662268398571,0.006381950519007942,0.006364049065180358,0.006344938422483313,0.006324567136635042,0.006302846254130937,0.006279655004389403,0.006254873443350954,0.006228469994892377,0.006200688285420816,0.006172390774533096,0.006145590708176781,0.006124006796400525,0.006112660747511881,0.006112660746551017,0.006124006792327888,0.006145590703748398,0.006172390773124295,0.006200688287825007,0.006228469998487226,0.006254873447653958,0.0062796550060794975,0.006302846252230184,0.006324567135405161,0.006344938424057526,0.006364049068459463,0.006381950523575607,0.006398662270433665,0.0064141805158347736,0.006428486421021378,0.006441552667330501,0.006453348158481466,0.006463841199499935,0.006473001520534558,0.0064808015618531365,0.006487217248835296,0.006492228476800597,0.0064958193673108474,0.0064979785006420345,0.006498698980228829
0.0064918575388736455,0.00649113356073352,0.006488964005973013,0.006485356011128543,0.006480321388461726,0.006473876505718561,0.006466042124842262,0.006456843058261797,0.006446307688585755,0.006434467157251225,0.006421354061952797,0.006407000395564423,0.006391434347670837,0.006374675574651917,0.006356728647834005,0.00633757481989525,0.006317163350701387,0.006295406022976376,0.006272182866358965,0.006247374817606262,0.006220951218074391,0.0061931564657367304,0.006164853239905822,0.006138053760907155,0.006116473671503314,0.006105129850709364,0.006105129849402507,0.006116473666507743,0.006138053755702233,0.006164853238694402,0.0061931564701410875,0.006220951226501702,0.00624737482351551,0.006272182864984557,0.006295406018107743,0.00631716334921961,0.006337574820313468,0.006356728649760434,0.006374675574914949,0.006391434351770847,0.0064070004007281585,0.006421354062000347,0.0064344671519679245,0.006446307685328982,0.0064568430550570296,0.0064660421228899265,0.00647387650185409,0.006480321392755702,0.006485356017669637,0.006488964008194126,0.0064911335610489075,0.00649185753843496
0.0064849942823990946,0.0064842662708335256,0.006482084708538595,0.006478457001501288,0.00647339540284089,0.006466916889691321,0.0064590429767285755,0.006449799347851641,0.0064392153546129535,0.006427323167802005,0.006414156445552372,0.006399748232865325,0.006384127724608609,0.006367315521806732,0.0063493170712299206,0.0063301144278522506,0.006309657611607858,0.006287859168635601,0.0062645999372224655,0.006239761739365614,0.006213314839511035,0.006185504419741095,0.006157193399547781,0.0061303929867323964,0.006108815738606849,0.0060974736518745005,0.006097473649784075,0.006108815734653014,0.006130392984712199,0.0061571934003321884,0.006185504424949827,0.006213314847841629,0.006239761743656963,0.006264599935101666,0.006287859166594178,0.006309657609837733,0.006330114424968133,0.0063493170686544,0.006367315521481832,0.006384127728590401,0.006399748237131602,0.006414156447900805,0.00642732316750072,0.00643921535216871,0.006449799345513771,0.006459042973524918,0.006466916891003824,0.006473395400020115,0.0064784569993247935,0.006482084705797024,0.0064842662677176725,0.006484994280981527
0.0064781271000099155,0.006477394441560868,0.006475199043087875,0.006471548623838684,0.00646645595328037,0.006459938721600502,0.006452019322757334,0.006442724467869069,0.006432084653396859,0.00642013327068345,0.0064069052328719865,0.006392434821433312,0.006376752410380649,0.006359879697589423,0.006341823116967752,0.006322565603392483,0.006302057983320799,0.006280213577199006,0.006256914023336722,0.006232042008369737,0.0062055687020158845,0.0061777400611242456,0.006149419245705781,0.006122616446246136,0.006101041103618424,0.006089700279425218,0.0060897002769333955,0.006101041102009302,0.006122616447847211,0.0061494192502613365,0.006177740067864698,0.0062055687068686685,0.006232042009373163,0.006256914021415078,0.006280213577234816,0.006302057980896758,0.006322565598052191,0.006341823112961386,0.00635987969878038,0.006376752412606489,0.006392434825163478,0.006406905236348867,0.006420133271666076,0.006432084652082566,0.006442724467834983,0.006452019319762529,0.006459938718253055,0.00646645594835717,0.006471548616441728,0.006475199036532627,0.006477394436381293,0.0064781270982629344
0.006471275397842765,0.006470537386171545,0.006468326048959686,0.006464649470130739,0.00645952101940947,0.006452959216224591,0.006444987482836267,0.0064356337428033384,0.006424929848304226,0.006412910643237333,0.006399612531401039,0.006385071262419274,0.006369318610121702,0.006352377548519583,0.006334255632897149,0.006314936769155068,0.0062943726274713035,0.00627247729695715,0.006249133181390956,0.006224223782083303,0.006197721120207036,0.006169871885957618,0.006141539448771838,0.006114732952034138,0.006093158678235644,0.006081818697919279,0.006081818697656679,0.006093158680833673,0.006114732956700199,0.006141539457474993,0.006169871891960479,0.0061977211205513725,0.006224223779517858,0.0062491331805730925,0.0062724772953304695,0.006294372624766994,0.006314936765500855,0.006334255632451838,0.006352377550000769,0.006369318612703769,0.006385071261838573,0.006399612530474448,0.0064129106457362335,0.006424929853856356,0.006435633739814035,0.006444987477914236,0.006452959209870332,0.0064595210123039115,0.0064646494622615435,0.0064683260408387195,0.006470537379969554,0.0064712753982643575
0.006464460248117859,0.0064637160712812,0.006461486380138179,0.00645777967911929,0.006452610029154048,0.0064459969086118705,0.00643796494364293,0.006428543486707343,0.006417765998662542,0.006405669055018451,0.006392290843992482,0.006377668879922579,0.006361836607591765,0.006344818497970076,0.006326623397594707,0.00630723628017457,0.006286609688147555,0.0062646584534975175,0.006241265673054852,0.006216315567920931,0.006189780909953264,0.00616190903375425,0.0061335634471390765,0.006106752186722811,0.006085178317306713,0.0060738388526599945,0.006073838855585841,0.006085178323253978,0.006106752195606262,0.006133563457267787,0.006161909037262237,0.0061897809051286,0.006216315564465899,0.00624126567062623,0.006264658451367321,0.006286609686671721,0.0063072362807286625,0.006326623400560436,0.006344818499728248,0.006361836607652852,0.006377668875993145,0.006392290842815951,0.006405669058962988,0.006417765998168952,0.006428543486436052,0.006437964934165648,0.006445996901659573,0.006452610025127716,0.006457779671637494,0.006461486372792462,0.006463716068016297,0.006464460240204927
0.00645770456540454,0.006456953292781431,0.006454702478297574,0.006450961101475333,0.006445744011350047,0.006439071791773449,0.006430970470033827,0.006421471078825069,0.006410608989575234,0.006398422849309379,0.006384953003612315,0.006370239106258182,0.006354316610602429,0.006337211772056353,0.0063189349339342095,0.006299472246358551,0.006278777145430549,0.0062567651432766875,0.006233319904808181,0.006208326210301088,0.006181757419868175,0.006153861365252314,0.006125501566846322,0.006098684852565621,0.00607711098475582,0.0060657718425261705,0.006065771846798594,0.006077110994409329,0.006098684864512283,0.006125501573765467,0.0061538613640766465,0.006181757413868694,0.0062083262048305545,0.006233319901604368,0.006256765144291719,0.006278777148714428,0.006299472249965312,0.0063189349344802736,0.006337211772863011,0.0063543166069143855,0.006370239104960646,0.006384953001420451,0.006398422847439987,0.006410608989000583,0.006421471073753296,0.006430970463942895,0.0064390717889688705,0.00644574400848714,0.006450961095560562,0.006454702472107341,0.00645695328438573,0.006457704543233942
0.006451033305427151,0.006450273875373035,0.00644799876779989,0.00644421749068182,0.006438945782298969,0.006432205485017359,0.006424024245007281,0.006414435062700133,0.006403475575187831,0.006391186926711596,0.006377612089527361,0.006362793329667971,0.006346768550567583,0.006329566163351472,0.00631119826209303,0.006291652307254876,0.006270882625998314,0.0062488052940883835,0.006225304343932692,0.0062002648737622445,0.0061736605818294545,0.006145739566941093,0.006117365167516095,0.0060905428503183175,0.00606896895914264,0.006057630139031974,0.006057630143529865,0.006068968972242894,0.0060905428598565575,0.006117365167183681,0.0061457395616534944,0.006173660578425019,0.006200264870912869,0.006225304342598438,0.0062488052966391955,0.006270882631701059,0.006291652309439479,0.006311198260572521,0.0063295661599024776,0.006346768548717702,0.0063627933271379515,0.006377612090034977,0.006391186922527375,0.006403475567755457,0.006414435059582685,0.006424024242278649,0.006432205485398665,0.006438945781811645,0.006444217480076772,0.006447998756393974,0.006450273858454503,0.006451033274583294
0.006444473686052552,0.006443704890260008,0.006441401876851283,0.006437574729425877,0.006432240168115902,0.0064254214445310775,0.006417148052429477,0.006407455279160866,0.006396383450840817,0.0063839767355475755,0.006370281321330771,0.006355342701600127,0.006339201816205113,0.0063218897164195416,0.006303420580997678,0.00628378333341083,0.006262933154138504,0.006240786484404301,0.006217227423431912,0.006192141029958063,0.006165500973185531,0.00613755527956535,0.006109166825411928,0.006082339508246844,0.006060766088820967,0.006049427853519039,0.006049427858773212,0.006060766096258957,0.006082339511903444,0.006109166818538198,0.0061375552753256514,0.006165500973504171,0.006192141031495504,0.006217227424515963,0.006240786485586265,0.0062629331584778845,0.006283783335448469,0.006303420577778669,0.006321889710066625,0.006339201813161291,0.006355342702284267,0.006370281316441934,0.006383976732951071,0.0063963834455783835,0.006407455275669711,0.006417148051593298,0.006425421446840808,0.0064322401616864625,0.006437574714612194,0.00644140185669676,0.006443704867234302,0.006444473672958639
0.006438055418747148,0.006437275893233312,0.006434940887820058,0.006431061091596922,0.0064256542759592765,0.006418745230840461,0.006410365518743998,0.006400553060969423,0.0063893513695858,0.0063768082753251285,0.006362973935049589,0.006347897889292906,0.006331624900908518,0.006314189316767478,0.006295607842270669,0.006275871030428308,0.006254934824703971,0.0062327157213393145,0.0062090974323525255,0.00618396445421801,0.006157289901855042,0.006129321262970257,0.006100920572111752,0.006074089865730637,0.006052518095152467,0.006041181058812851,0.00604118105849296,0.006052518090722823,0.006074089857540775,0.0061009205689375665,0.006129321264647885,0.006157289904760871,0.006183964456606053,0.006209097435273935,0.006232715721882729,0.006254934825290696,0.006275871029916749,0.006295607836329422,0.006314189314205491,0.006331624898269941,0.006347897883032481,0.0063629739336252865,0.006376808273887781,0.006389351369950324,0.006400553060307363,0.006410365514451609,0.006418745224861766,0.006425654264689626,0.006431061068865545,0.006434940865786336,0.006437275886853003,0.0064380554473406765
0.00643181095391153,0.006431019176867363,0.006428647609776213,0.006424707544772332,0.006419217823027751,0.006412204850613539,0.006403702446247539,0.006393751520147232,0.006382399326382923,0.006369698132801628,0.006355703046409816,0.0063404687584970336,0.006324044937337707,0.006306470135382746,0.006287764171017737,0.006267919417898523,0.006246892393368385,0.0062245991663855684,0.006200922384753714,0.006175745229426937,0.006149039538738987,0.006121051631725574,0.006092642190391183,0.006065810999067586,0.0060442429417382594,0.006032908171207488,0.006032908165230397,0.006044242928023655,0.006065810986309122,0.006092642189171736,0.006121051635190967,0.006149039542365291,0.00617574523424418,0.0062009223884935336,0.006224599166315082,0.006246892391035061,0.006267919412413851,0.0062877641693770215,0.006306470133366575,0.006324044934313398,0.006340468755206076,0.006355703043953991,0.006369698134778751,0.006382399329200862,0.0063937515152313945,0.006403702437826842,0.006412204837117362,0.006419217803471657,0.006424707526534447,0.0064286476047630495,0.006431019208086646,0.006431810989972003
0.006425775718293828,0.00642497002156819,0.006422556866310278,0.006418548088985482,0.006412963533456424,0.006405831202447827,0.006397187277995461,0.006387075967001154,0.006375548856317257,0.006362663591463189,0.00634848151143915,0.006333063966604779,0.006316467067285239,0.006298734857692415,0.006279891075505874,0.00625993012636232,0.006238808749660749,0.006216441810953281,0.00619270989082368,0.006167493799613105,0.006140763113206707,0.006112762144086807,0.0060843495663459824,0.006057522439133775,0.006035961282354868,0.006024630406266245,0.006024630398991154,0.0060359612665424455,0.006057522430376784,0.006084349561901064,0.006112762143079778,0.0061407631185147055,0.006167493807444225,0.0061927098970665975,0.0062164418096605405,0.006238808744984499,0.00625993012161594,0.006279891070374906,0.006298734859734036,0.006316467068268786,0.006333063965886784,0.006348481512711158,0.006362663590318528,0.006375548850246911,0.0063870759605806765,0.006397187265699347,0.0064058311834824765,0.006412963524292968,0.006418548087218611,0.006422556888865367,0.006424970058801985,0.006425775711838648
0.006419988320235817,0.0064191669209501204,0.0064167067788873915,0.006412620127890239,0.006406927615964458,0.0063996586596548714,0.006390851738326602,0.006380554529023841,0.006368823530920076,0.0063557228748877,0.006341321802125704,0.00632569043115237,0.006308893552446907,0.006290982594569097,0.006271986352705916,0.0062519014627540614,0.006230684229910393,0.006208247087051322,0.006184467060037475,0.006159221096805838,0.006132475191091753,0.006104470586649962,0.006076063150850939,0.006049246678915626,0.006027696960058948,0.006016372293533926,0.0060163722875428765,0.00602769695266985,0.006049246672173286,0.006076063145686761,0.0061044705831287014,0.006132475194043459,0.006159221101341076,0.006184467067962201,0.006208247089805078,0.006230684226374917,0.0062519014572129635,0.006271986350939683,0.006290982595786507,0.006308893556516058,0.006325690434745227,0.006341321801134597,0.0063557228664258125,0.006368823519207949,0.00638055451222142,0.006390851726763064,0.006399658657180146,0.006406927624039371,0.0064126201390248124,0.0064167068076716564,0.006419166918611889,0.006419988327845936
0.0064144906814152065,0.0064136517439919195,0.00641113901393582,0.00640696485587545,0.006401150329106931,0.006393725814878546,0.00638473171695431,0.006374219087315126,0.006362249777985526,0.0063488956259545445,0.006334235938485214,0.0063183526129935936,0.006301322488437839,0.0062832072912543235,0.006264042520129926,0.006243827128601826,0.006222515772517361,0.006200016466114558,0.0061762004593749345,0.00615093876693709,0.006124192092976088,0.006096197303216082,0.006067806545165483,0.006041009733264273,0.006019477594921383,0.006008162246078942,0.006008162246197878,0.006019477594235975,0.006041009728710135,0.00606780653856072,0.006096197303280284,0.006124192093654255,0.006150938770416825,0.00617620046477383,0.006200016468463627,0.006222515774116086,0.006243827128459309,0.006264042518204788,0.006283207293178307,0.0063013224912628054,0.006318352612963123,0.006334235932657305,0.006348895611538784,0.0063622497594776435,0.006374219073898574,0.006384731716517067,0.006393725829859333,0.006401150344033847,0.006406964873903108,0.006411139013686767,0.006413651752994525,0.006414490657508604
0.006409328036019403,0.006408469772427728,0.006405898943489831,0.0064016276235923306,0.006395676613438198,0.006388076416034016,0.0063788685005172,0.00636810668946997,0.006355858223051576,0.006342203810532188,0.00632723556620269,0.006311051534545992,0.006293745889307821,0.006275395331246464,0.006256044513465129,0.00623569445229404,0.006214295854929138,0.006191749057977371,0.006167916232745216,0.006142659639853458,0.006115932538894941,0.006087965903911713,0.006059607176324259,0.006032841820992253,0.006011335208616988,0.006000033177126013,0.006000033181037491,0.006011335212090612,0.006032841818964854,0.006059607176742502,0.006087965905018898,0.006115932540465344,0.006142659640316129,0.006167916229011647,0.006191749060678494,0.006214295861660212,0.006235694460031751,0.006256044516288875,0.006275395329204449,0.006293745885301801,0.0063110515284963515,0.006327235550989535,0.006342203795921428,0.006355858215150903,0.006368106688539116,0.006378868513495602,0.006388076428055625,0.006395676630448601,0.006401627631351526,0.006405898943833905,0.006408469752155649,0.0064093280461005675
0.006404548712688748,0.00640366953491588,0.0064010356413205785,0.0063966582036123956,0.006390556744204858,0.0063827605142814225,0.006373310457489567,0.00636226165747276,0.006349685889360563,0.00633567341799881,0.006320332403858617,0.006303783417779257,0.006286146638023053,0.006267521748121612,0.0062479662535846,0.006227481977342134,0.006206011258514159,0.006183441374774672,0.006159620544890252,0.006134398531232608,0.006107718578226246,0.006079804174136436,0.006051497157428063,0.006024778108468579,0.0060033069011405085,0.005992023124074002,0.0059920231274110305,0.006003306906202038,0.006024778112096198,0.0060514971632176125,0.006079804178571324,0.006107718580462521,0.006134398526229464,0.006159620540472769,0.006183441376692266,0.006206011266572809,0.006227481986805182,0.0062479662562098,0.006267521744113676,0.00628614662759611,0.006303783400675484,0.0063203323939295016,0.006335673415526112,0.0063496858918412535,0.0063622616679756255,0.006373310467282548,0.0063827605229236735,0.006390556761419923,0.006396658195893676,0.006401035628254451,0.006403669542974764,0.006404548719049405
0.0064002036033012875,0.006399302336528017,0.006396601594606046,0.006392110835246743,0.006385846904476976,0.006377835776298908,0.006368115244440823,0.0063567386882927325,0.006343779825775795,0.00632933767770589,0.006313539581696211,0.006296537803545775,0.006278493424022873,0.006259543967960013,0.006239765339123085,0.006219156180540265,0.0061976418203545675,0.006175087560298,0.006151320636410434,0.0061261736111145665,0.0060995769650380866,0.006071745296414365,0.006043514275114962,0.0060168595038659406,0.005995435506322343,0.0059841758296540135,0.005984175829469051,0.0059954355113186015,0.006016859517991681,0.006043514282345869,0.006071745298922507,0.006099576961630162,0.006126173608646707,0.006151320631575614,0.006175087562653663,0.006197641824789791,0.006219156185187129,0.006239765341636428,0.006259543964171044,0.006278493412814219,0.006296537792746111,0.0063135395773642414,0.006329337683307606,0.00634377983544131,0.006356738698685634,0.006368115253477928,0.006377835796647389,0.006385846889597948,0.006392110828626931,0.006396601591306071,0.006399302344999421,0.006400203623280209
0.006396345206828583,0.006395421357087192,0.006392651979210097,0.006388043868139618,0.006381609468986554,0.006373368769001428,0.006363352515552902,0.006351607290998303,0.006338203050232489,0.006323243165457206,0.006306875113803603,0.00628929507291749,0.006270731682069106,0.006251390979006203,0.0062313748616484345,0.006210667361960313,0.006189159692005272,0.006166680654554188,0.006143026921090758,0.006118008606107958,0.006091541067927757,0.006063829348307814,0.006035703114227881,0.006009133478026693,0.005987770167924464,0.005976541215751872,0.0059765412151777005,0.005987770175674122,0.0060091334903872645,0.006035703124426358,0.0060638293516527735,0.006091541066424076,0.006118008606633532,0.006143026923903209,0.0061666806539089035,0.006189159687374142,0.006210667358504599,0.006231374856384373,0.0062513909769299604,0.006270731680572703,0.006289295072579092,0.00630687511866341,0.006323243170238044,0.0063382030607198,0.006351607303021358,0.006363352536729358,0.006373368751099904,0.006381609468983426,0.006388043847035232,0.0063926519842978265,0.006395421377532609,0.006396345224961889
0.006393026139526943,0.006392080189378324,0.006389243327439857,0.006384518739524757,0.006377912621334935,0.006369435792808012,0.006359106827057022,0.006346957736153662,0.006333044039124117,0.006317461497484048,0.00630037075234615,0.006282023962487485,0.006262765769498486,0.006242943541998541,0.0062226908610772385,0.0062019452895700055,0.006180530360824041,0.0061582160135233485,0.006134756877883304,0.006109936186110026,0.0060836534732146294,0.0060561051439216584,0.006028116241192163,0.0060016547424386274,0.005980366737641933,0.005969175634865966,0.005969175640423179,0.00598036674252065,0.006001654744755093,0.006028116248563234,0.006056105147142443,0.006083653476197278,0.006109936188581396,0.00613475687899121,0.006158216008871634,0.006180530347892417,0.006201945280963031,0.006222690858783854,0.0062429435419754055,0.0062627657774341275,0.006282023973627671,0.006300370760291136,0.006317461504994563,0.006333044048983199,0.006346957749339636,0.006359106810240276,0.006369435797847354,0.006377912602233546,0.0063845187397553165,0.006389243337310386,0.006392080207485489,0.006393026176305795
0.006390297044170845,0.0063893307356829646,0.006386431416705582,0.006381597952482098,0.006374828746276188,0.006366122434360911,0.006355479752360101,0.006342907964276348,0.0063284310014029834,0.00631211141883768,0.006294094363584476,0.006274682878828835,0.006254419352995417,0.006233996511090506,0.006213554525709282,0.006192897333765582,0.006171718308288991,0.006149698726005352,0.006126541531566195,0.006102002783586414,0.006075969216416664,0.006048632173126178,0.006020815230565938,0.00599448570000789,0.0059732878658744545,0.00596214178264513,0.005962141785374863,0.00597328786550907,0.005994485701632397,0.006020815229412535,0.0060486321776038795,0.006075969221037975,0.0061020027846554305,0.006126541527038921,0.006149698714099285,0.006171718296273524,0.006192897326027866,0.006213554519733858,0.0062339965144548115,0.006254419363605805,0.006274682895128124,0.006294094382371096,0.006312111433899406,0.006328431008702606,0.006342907948360479,0.006355479754150678,0.006366122421906455,0.006374828743784405,0.006381597954900974,0.00638643143833669,0.006389330766129192,0.006390297035262363
0.0063882039379498995,0.006387220472389871,0.0063842682788777345,0.006379341740532636,0.006372430881877769,0.00636352045332989,0.0063525890129130964,0.006339608941576205,0.006324550463268103,0.006307398520926747,0.006288206510028369,0.006267244298165704,0.006245332131003511,0.006224185659366467,0.0062037328393919,0.006183417158844285,0.006162702852263732,0.0061411575396284005,0.006118435326903459,0.006094274811774801,0.006068559302690272,0.006041482373657517,0.006013871342433408,0.005987696444929704,0.005966602605851754,0.0059555081248934315,0.0059555081230247,0.005966602609442313,0.005987696441979543,0.006013871338963625,0.006041482371427725,0.006068559302450993,0.006094274806583174,0.0061184353183226185,0.0061411575350762615,0.006162702848216461,0.006183417153466298,0.006203732836922457,0.006224185663842932,0.00624533214861358,0.006267244322220894,0.006288206531842301,0.006307398532226569,0.00632455044628603,0.006339608930569604,0.006352589006193606,0.006363520443599187,0.006372430888864351,0.006379341768088355,0.006384268299952733,0.006387220463593258,0.0063882039193736626
0.00638678519666948,0.006385789247790315,0.006382798427375986,0.0063778033170604305,0.006370786604644304,0.006361720246573748,0.0063505607302712765,0.006337241560285172,0.006321662292584592,0.006303676541998569,0.00628309888067022,0.006259835318659992,0.00623463908183836,0.006212855983508747,0.006192922861854301,0.006173424385457694,0.006153512941154394,0.006132667446357119,0.006110528907323785,0.006086845204881737,0.006061513673121189,0.006034741085606255,0.006007365366703473,0.0059813640189350595,0.005960385381893311,0.005949347748604186,0.005949347749163577,0.005960385384613101,0.0059813640206632015,0.0060073653593560915,0.006034741074120585,0.0060615136635460655,0.006086845198562683,0.006110528904239594,0.006132667443439628,0.00615351294075094,0.0061734243811191,0.006192922859025113,0.00621285599001378,0.006234639097586617,0.00625983533483138,0.0062830988930189366,0.006303676532181025,0.00632166228560701,0.006337241567474021,0.006350560707562924,0.006361720250345017,0.006370786635772187,0.006377803317911148,0.006382798426875433,0.006385789218005464,0.006386785145130726
0.006386068540217304,0.00638506600077751,0.006382054729732241,0.006377023102718275,0.006369949440915386,0.006360797794187907,0.0063495101652122935,0.00633599199964236,0.006320083680442461,0.006301499940338144,0.006279687269902656,0.006253446159334402,0.006219798060449902,0.006198923505913444,0.006180877796762601,0.006162974317116832,0.0061442880274993,0.006124378435676363,0.006102961330778269,0.006079837840480697,0.0060549420598771985,0.006028506326182269,0.006001386236720541,0.00597557074570223,0.005954714190429569,0.005943736536726561,0.005943736540791565,0.005954714187712222,0.0059755707417467815,0.006001386229585458,0.006028506311498608,0.006054942046206486,0.006079837834985819,0.0061029613300494275,0.006124378435150843,0.006144288021093795,0.006162974317749384,0.0061808777996205065,0.006198923512087635,0.006219798066463813,0.006253446167942071,0.006279687253359711,0.00630149992870554,0.006320083691466779,0.006335991972641938,0.00634951016858557,0.006360797820837588,0.006369949429446487,0.00637702309055909,0.006382054697487484,0.006385065959612405,0.006386068482640294
0.0,0.0,0.0,0.0,0.0,0.0,0.0,0.0,0.0,0.0,0.0,0.0,0.006191722911133117,0.006181482663334972,0.006167928607348102,0.006152469485681188,0.006135348647452899,0.006116535358980268,0.0060959232585016485,0.00607340566419569,0.006048970855994858,0.006022885599627394,0.005996028043535689,0.005970401454176927,0.0059496680379661,0.005938750686523513,0.005938750678536708,0.005949668027380059,0.005970401438774697,0.005996028031359132,0.006022885593338743,0.006048970846862711,0.0060734056567317354,0.006095923258854337,0.006116535359573832,0.006135348650568658,0.006152469488514243,0.006167928611166834,0.006181482663023881,0.006191722910009933,0.0,0.0,0.0,0.0,0.0,0.0,0.0,0.0,0.0,0.0,0.0,0.0
0.0,0.0,0.0,0.0,0.0,0.0,0.0,0.0,0.0,0.0,0.0,0.0,0.006172958734427305,0.006166585382421077,0.006156119327997587,0.006142807663706851,0.006127188752863318,0.006109455650514043,0.006089639778259396,0.006067718898843221,0.0060437349429211815,0.006017989927036286,0.005991385428166694,0.0059659397809964905,0.0059453237212919565,0.0059344637065183795,0.005934463697287868,0.005945323700794713,0.005965939764111026,0.00599138542123503,0.006017989924788481,0.006043734941386263,0.006067718896498464,0.006089639777721183,0.00610945565495228,0.0061271887576502156,0.00614280766702432,0.006156119328913149,0.00616658537757496,0.0061729587498541546,0.0,0.0,0.0,0.0,0.0,0.0,0.0,0.0,0.0,0.0,0.0,0.0
0.0,0.0,0.0,0.0,0.0,0.0,0.0,0.0,0.0,0.0,0.0,0.0,0.0061597857423619775,0.0061550391514570355,0.00614640855866571,0.006134654627715531,0.006120252131241837,0.006103445873206161,0.006084332804961289,0.006062945191502222,0.0060393657781519445,0.006013925995484699,0.005987548018371325,0.005962263856901284,0.005941752249908388,0.005930943203505848,0.0059309431978055525,0.005941752234451884,0.005962263845197526,0.005987548009018571,0.006013925993512214,0.006039365780432239,0.006062945195380384,0.006084332806075814,0.006103445877057102,0.006120252136750583,0.006134654629117647,0.0061464085545234175,0.006155039160540379,0.0061597857388916615,0.0,0.0,0.0,0.0,0.0,0.0,0.0,0.0,0.0,0.0,0.0,0.0
0.0,0.0,0.0,0.0,0.0,0.0,0.0,0.0,0.0,0.0,0.0,0.0,0.0061506565537317,0.006146677547416041,0.006139100730822518,0.006128373351063753,0.0061148483868276385,0.006098749372995211,0.006080190564769173,0.006059231224172212,0.006035979695218762,0.006010788252812269,0.005984594737393095,0.005959441997382994,0.005939015283570489,0.005928247663553629,0.0059282476634191904,0.005939015282251224,0.005959441985574763,0.005984594729441598,0.006010788250585141,0.006035979699800671,0.00605923123014966,0.006080190567794289,0.006098749371408352,0.006114848387245453,0.006128373345851095,0.006139100747375346,0.006146677541958798,0.006150656546148245,0.0,0.0,0.0,0.0,0.0,0.0,0.0,0.0,0.0,0.0,0.0,0.0
0.0,0.0,0.0,0.0,0.0,0.0,0.0,0.0,0.0,0.0,0.0,0.0,0.006144851190234088,0.00614124887483319,0.006134247747178839,0.006124132259670224,0.006111164635928627,0.006095534597579346,0.006077353650450382,0.006056691233747648,0.006033669191865321,0.006008652428608474,0.005982588930277211,0.005957528861499813,0.005937162018352439,0.005926423599506102,0.005926423598907101,0.005937162017070788,0.005957528861314554,0.005982588927812185,0.006008652429118552,0.006033669195894449,0.006056691235536958,0.006077353649014794,0.006095534591543908,0.006111164626535912,0.006124132277893602,0.006134247748492586,0.006141248864759037,0.00614485118241783,0.0,0.0,0.0,0.0,0.0,0.0,0.0,0.0,0.0,0.0,0.0,0.0
0.0,0.0,0.0,0.0,0.0,0.0,0.0,0.0,0.0,0.0,0.0,0.0,0.006142021091254817,0.006138577204054567,0.006131831256612867,0.006122000171941665,0.006109301326386936,0.006093903529634382,0.006075913079657561,0.006055402057903096,0.006032497841149595,0.006007571090223666,0.00598157472252135,0.00595656254173153,0.005936226626932811,0.005925503296126062,0.005925503298735842,0.005936226629654192,0.005956562544939213,0.0059815747269785415,0.006007571095108918,0.0060324978393671,0.006055402053674673,0.006075913071270174,0.006093903518135827,0.006109301347488446,0.0061220001722489484,0.006131831246811498,0.0061385771937984114,0.006142021086030493,0.0,0.0,0.0,0.0,0.0,0.0,0.0,0.0,0.0,0.0,0.0,0.0
0.0,0.0,0.0,0.0,0.0,0.0,0.0,0.0,0.0,0.0,0.0,0.0,0.006142021093695284,0.006138577206229047,0.006131831257572341,0.006122000168967633,0.006109301324752188,0.0060939035301241055,0.006075913078275301,0.0060554020615146515,0.006032497838668219,0.006007571093846101,0.005981574722816669,0.005956562537670967,0.0059362266214540264,0.005925503296735332,0.0059255033017134905,0.005936226637125351,0.005956562552559984,0.005981574731153787,0.0060075710883139575,0.0060324978315243125,0.006055402050479724,0.00607591306555162,0.006093903554870775,0.006109301326596277,0.006122000161817965,0.006131831246946636,0.006138577197197417,0.006142021090634182,0.0,0.0,0.0,0.0,0.0,0.0,0.0,0.0,0.0,0.0,0.0,0.0
0.0,0.0,0.0,0.0,0.0,0.0,0.0,0.0,0.0,0.0,0.0,0.0,0.006144851197114201,0.006141248877993587,0.006134247746707259,0.00612413225815407,0.006111164631877769,0.0060955345957172434,0.006077353652024123,0.00605669123377608,0.006033669200040379,0.006008652429194338,0.005982588923220241,0.005957528854361823,0.005937162013745005,0.005926423600846269,0.005926423609636233,0.005937162032810758,0.005957528875863753,0.005982588930026113,0.006008652423950099,0.006033669183422157,0.006056691222203902,0.006077353675633594,0.006095534599282074,0.006111164624080032,0.00612413225039249,0.006134247740650217,0.006141248871938221,0.006144851191129242,0.0,0.0,0.0,0.0,0.0,0.0,0.0,0.0,0.0,0.0,0.0,0.0
0.0,0.0,0.0,0.0,0.0,0.0,0.0,0.0,0.0,0.0,0.0,0.0,0.006150656557319897,0.006146677545425507,0.006139100731405979,0.006128373351214631,0.006114848388732958,0.006098749369493975,0.006080190566299165,0.006059231235985054,0.006035979700127624,0.006010788247353433,0.005984594724327135,0.005959441982852995,0.005939015285179965,0.0059282476753153065,0.005928247680952726,0.005939015299071707,0.005959441999682521,0.005984594736546689,0.00601078823786014,0.006035979690933242,0.006059231246456814,0.006080190571866452,0.006098749362521369,0.006114848380134825,0.006128373341900206,0.006139100727597223,0.006146677545285859,0.006150656557693552,0.0,0.0,0.0,0.0,0.0,0.0,0.0,0.0,0.0,0.0,0.0,0.0
0.0,0.0,0.0,0.0,0.0,0.0,0.0,0.0,0.0,0.0,0.0,0.0,0.006159785740308289,0.006155039147834318,0.0061464085638341685,0.006134654633367793,0.006120252134594209,0.006103445876342432,0.006084332810049969,0.006062945195926017,0.0060393657781775125,0.006013925988769298,0.0059875480053935585,0.005962263850714116,0.005941752249168996,0.005930943217482709,0.005930943217298243,0.005941752252672558,0.005962263853293306,0.005987547998370211,0.006013926002119194,0.00603936579304429,0.006062945208957396,0.006084332798692249,0.0061034458683896795,0.006120252125594896,0.006134654623277015,0.006146408559561267,0.0061550391523402794,0.006159785745924706,0.0,0.0,0.0,0.0,0.0,0.0,0.0,0.0,0.0,0.0,0.0,0.0
0.0,0.0,0.0,0.0,0.0,0.0,0.0,0.0,0.0,0.0,0.0,0.0,0.006172958732041069,0.0061665853865146576,0.006156119336445671,0.006142807668748347,0.006127188761791221,0.006109455657150967,0.006089639780824505,0.006067718895622086,0.006043734937610513,0.0060179899209422795,0.005991385425668295,0.005965939778496131,0.005945323722587143,0.005934463714381229,0.005934463715237704,0.005945323710869966,0.005965939759289925,0.005991385438293941,0.006017989935798897,0.006043734970905374,0.006067718896199337,0.006089639776138073,0.006109455646518937,0.006127188754240615,0.006142807664282452,0.006156119330750104,0.006166585382959531,0.00617295874383304,0.0,0.0,0.0,0.0,0.0,0.0,0.0,0.0,0.0,0.0,0.0,0.0
0.0,0.0,0.0,0.0,0.0,0.0,0.0,0.0,0.0,0.0,0.0,0.0,0.006191722914017853,0.006181482668832517,0.006167928614452644,0.0061524694955559615,0.0061353486540194685,0.006116535368145643,0.006095923260464834,0.006073405653393162,0.006048970843510979,0.006022885595627682,0.00599602804468695,0.005970401461509106,0.005949668047516592,0.005938750688719183,0.005938750666848485,0.005949668019643117,0.0059704014621422856,0.005996028045074542,0.006022885628629168,0.006048970859350345,0.00607340565699047,0.006095923257217145,0.006116535359498318,0.006135348649823406,0.006152469485084851,0.006167928612775156,0.006181482663607088,0.006191722920241162,0.0,0.0,0.0,0.0,0.0,0.0,0.0,0.0,0.0,0.0,0.0,0.0
0.006386068604341157,0.006385066053217854,0.0063820547408235334,0.006377023091939812,0.006369949421386868,0.006360797773241563,0.006349510143419593,0.0063359919888233565,0.006320083683140585,0.006301499956829232,0.006279687283183105,0.006253446162511918,0.0062197980625685375,0.006198923505266759,0.0061808777983574405,0.006162974319316308,0.006144288030413483,0.006124378437679446,0.006102961327498649,0.0060798378317407364,0.006054942047223628,0.006028506323681839,0.006001386249555152,0.005975570759691568,0.0059547141906119315,0.0059437365183203,0.00594373652542143,0.005954714190463275,0.005975570740932915,0.006001386260345089,0.006028506331490724,0.006054942047031856,0.006079837838207032,0.00610296132916903,0.006124378434942177,0.006144288026245606,0.006162974321491194,0.006180877799466804,0.006198923506397969,0.006219798061517573,0.006253446157540661,0.006279687267818403,0.0063014999394979945,0.006320083680773292,0.006335991999772002,0.006349510164936044,0.006360797794921067,0.006369949445620519,0.006377023110522733,0.006382054739907134,0.006385066015269845,0.0063860685529461645
0.006386785242065632,0.006385789276677911,0.0063827984307875466,0.006377803295691821,0.006370786589701779,0.0063617202178331824,0.0063505607117642126,0.006337241559278183,0.006321662304035868,0.006303676551901371,0.00628309888852149,0.0062598353195377175,0.006234639080204236,0.0062128559771168065,0.006192922855263365,0.006173424382760322,0.0061535129423219564,0.006132667443735207,0.006110528903519755,0.0060868452015877435,0.006061513677279786,0.006034741092533164,0.006007365374874634,0.005981364016794417,0.005960385366234542,0.005949347741722643,0.0059493477434611145,0.005960385376232723,0.005981364032582647,0.006007365374848452,0.006034741070929008,0.006061513669218026,0.006086845202526081,0.00611052890336717,0.006132667446868893,0.0061535129480556824,0.0061734243874277854,0.006192922863283057,0.006212855985743325,0.006234639083656305,0.006259835318533461,0.006283098882254839,0.006303676545051533,0.006321662294730866,0.006337241560054171,0.006350560730093926,0.006361720250023666,0.006370786612041655,0.006377803326962131,0.006382798440192038,0.006385789262610597,0.0063867852059982565
0.006388203949613933,0.006387220463997996,0.006384268260636411,0.0063793417135260145,0.006372430860973964,0.006363520433163228,0.006352589009936304,0.00633960894907878,0.006324550468261658,0.006307398533474251,0.006288206517275402,0.006267244307105991,0.006245332133186082,0.0062241856587812745,0.006203732831239883,0.006183417152260888,0.006162702848849829,0.006141157538863496,0.006118435328915637,0.0060942748245115,0.0060685593201150025,0.00604148238202789,0.006013871331625679,0.0059876964327316325,0.0059666026058554505,0.00595550811819805,0.005955508117711865,0.005966602613104964,0.005987696456979748,0.006013871331285777,0.006041482368125359,0.006068559301593201,0.006094274810939713,0.0061184353304877615,0.006141157548800067,0.0061627028581584635,0.006183417165308861,0.006203732844452441,0.006224185663931067,0.006245332135154909,0.006267244302450593,0.0062882065174781334,0.006307398528200498,0.006324550466637382,0.006339608942548766,0.0063525890145929055,0.0063635204571439105,0.006372430887796548,0.006379341750957662,0.006384268288980987,0.006387220481352758,0.00638820395102367
0.0063902970459063105,0.006389330731779305,0.006386431399543928,0.006381597938592554,0.006374828737075457,0.006366122441517666,0.006355479769196648,0.006342907969534545,0.006328431010498341,0.006312111424370799,0.0062940943739934925,0.006274682887127677,0.0062544193596383016,0.00623399650518684,0.006213554515954845,0.006192897324371572,0.006171718302328387,0.0061496987300437116,0.006126541544390842,0.006102002798073509,0.00607596922532919,0.0060486321717489345,0.006020815230134844,0.0059944857006392115,0.005973287862210621,0.005962141780371272,0.005962141786243843,0.005973287882655828,0.0059944856975783015,0.006020815222182098,0.006048632175147358,0.006075969219285941,0.006102002791851076,0.0061265415401887515,0.006149698735432674,0.006171718313671177,0.006192897342527409,0.006213554526655345,0.0062339965121815276,0.006254419356296968,0.006274682884456164,0.006294094369861938,0.006312111422883255,0.0063284310055440164,0.006342907970545643,0.006355479761171903,0.006366122442197219,0.006374828754362849,0.006381597959419156,0.006386431419463165,0.00638933074596875,0.006390297059224055
0.006393026139927262,0.0063920801807527405,0.006389243311030208,0.006384518733026424,0.006377912632197983,0.006369435804632633,0.0063591068413277494,0.006346957744140233,0.006333044041745221,0.0063174615012476735,0.006300370759545258,0.006282023967047198,0.006262765767608121,0.0062429435386741425,0.006222690858091384,0.0062019452888855825,0.006180530362403832,0.006158216020467454,0.006134756886417985,0.006109936189278484,0.006083653475399332,0.006056105153583557,0.006028116251586151,0.006001654742967599,0.005980366740226197,0.00596917564076897,0.005969175657803956,0.005980366744451223,0.006001654733540868,0.006028116241816494,0.006056105148234891,0.0060836534792757906,0.00610993619035422,0.006134756885352593,0.006158216021713828,0.006180530363752724,0.006201945289126344,0.0062226908582194256,0.006242943544915735,0.0062627657777921016,0.0062820239700099425,0.006300370756851201,0.006317461503225644,0.006333044048226398,0.006346957747901515,0.006359106836906075,0.006369435804172553,0.006377912629913801,0.006384518740580102,0.0063892433319771265,0.006392080199955009,0.006393026144732644
0.006396345196399245,0.006395421350337075,0.006392651974100276,0.006388043879299682,0.006381609480791936,0.006373368780312875,0.006363352523537358,0.006351607299434438,0.006338203056267376,0.0063232431707283656,0.006306875109476241,0.006289295065958324,0.006270731679945983,0.006251390984043696,0.006231374870586533,0.006210667370784829,0.006189159693451744,0.006166680655859718,0.006143026920928082,0.00611800861057574,0.0060915410779989005,0.006063829359893024,0.006035703121788298,0.006009133488306337,0.005987770173585304,0.0059765412372629915,0.005976541229438492,0.005987770161673477,0.0060091334761602135,0.006035703118314908,0.006063829348326411,0.006091541068463303,0.006118008613485586,0.006143026929963984,0.006166680660705309,0.00618915968811386,0.00621066735856462,0.006231374861373656,0.0062513909860324795,0.006270731689501615,0.006289295075700041,0.006306875116990463,0.006323243173214512,0.0063382030614024705,0.0063516073011100835,0.006363352528405625,0.006373368780595212,0.006381609473308999,0.0063880438745981954,0.00639265198505171,0.0063954213599356855,0.006396345200199177
0.006400203591121402,0.006399302340719005,0.006396601603440323,0.006392110848406695,0.006385846913909113,0.006377835781529497,0.006368115255079506,0.006356738692734333,0.006343779835133967,0.0063293376754357585,0.006313539574884637,0.006296537798088451,0.006278493430354144,0.0062595439837880296,0.0062397653529757974,0.006219156188671347,0.006197641822180861,0.006175087555739947,0.006151320636818419,0.006126173622446428,0.006099576970988404,0.0060717452969337735,0.00604351427995017,0.006016859512488171,0.005995435526216628,0.005984175846434388,0.0059841758278258985,0.005995435503974454,0.00601685950923667,0.006043514275070549,0.006071745295314271,0.00609957696899198,0.006126173618523002,0.006151320640929954,0.006175087557523684,0.0061976418127989,0.006219156178421951,0.006239765341050841,0.006259543972682994,0.006278493428209785,0.006296537808413957,0.006313539590404494,0.006329337685920112,0.0063437798321410565,0.006356738699364698,0.0063681152550780695,0.006377835778841919,0.006385846913041791,0.00639211084391028,0.006396601595162462,0.006399302332264888,0.00640020359612373
0.006404548724624002,0.006403669546627021,0.006401035658709217,0.006396658216987411,0.006390556745247359,0.006382760520797181,0.006373310465667392,0.006362261661417014,0.0063496858885553455,0.006335673417942792,0.006320332406671747,0.006303783423513399,0.006286146645473406,0.006267521754736415,0.00624796625956002,0.006227481979680357,0.006206011257131546,0.00618344137947768,0.006159620549830223,0.006134398533880617,0.006107718580761691,0.006079804175027378,0.006051497159225068,0.006024778120601499,0.0060033069252275004,0.005992023130188402,0.005992023120278163,0.006003306906521397,0.006024778110979187,0.006051497158059204,0.006079804175779205,0.006107718581473662,0.0061343985325278735,0.006159620540893931,0.006183441367064351,0.006206011253703263,0.006227481978825656,0.00624796625480924,0.006267521750070265,0.006286146641673971,0.00630378342359376,0.006320332408572712,0.006335673424067874,0.006349685899923967,0.0063622616650942515,0.006373310456577936,0.006382760518482655,0.0063905567515189126,0.0063966582060830885,0.006401035636833831,0.006403669533386084,0.006404548713394181
0.006409328051812278,0.006408469795719949,0.0064058989542743194,0.006401627626659096,0.006395676613838049,0.006388076423930373,0.006378868500465114,0.006368106688762546,0.0063558582227044354,0.0063422038144475825,0.006327235573179644,0.006311051541599377,0.006293745895145042,0.006275395331202283,0.006256044504697748,0.0062356944507711,0.006214295863007589,0.0061917490641095595,0.006167916234113858,0.006142659641150143,0.006115932535742703,0.006087965906117057,0.006059607181229752,0.006032841841335214,0.006011335219795292,0.0060000331756452415,0.006000033177628179,0.006011335212564606,0.006032841824073602,0.0060596071777652225,0.006087965906455396,0.006115932536786511,0.006142659632413958,0.006167916221510297,0.006191749050889298,0.006214295854463441,0.00623569445573354,0.006256044514970525,0.006275395332886272,0.006293745891561882,0.006311051534287605,0.0063272355701435145,0.006342203819468235,0.006355858228801787,0.006368106686813262,0.0063788685010892085,0.006388076420817464,0.006395676611688489,0.00640162761946767,0.006405898939873617,0.006408469780288503,0.006409328045117694
0.006414490711635759,0.006413651764465593,0.006411139013578892,0.006406964849194878,0.006401150330248402,0.006393725817435275,0.006384731717108608,0.006374219085662783,0.006362249781450906,0.0063488956288015085,0.00633423594274867,0.006318352621276648,0.006301322489379264,0.006283207280431039,0.0062640425131761475,0.0062438271289322065,0.006222515775524323,0.006200016472049854,0.006176200463804612,0.006150938763699802,0.0061241920930495235,0.006096197305085062,0.0060678065594431,0.006041009742612571,0.0060194775910430405,0.006008162242561239,0.006008162249853017,0.0060194775961004985,0.0060410097353129815,0.006067806548545767,0.006096197303158803,0.006124192085302165,0.006150938752877665,0.006176200450113587,0.0062000164634475234,0.006222515775499854,0.006243827132577595,0.006264042520179069,0.006283207288947897,0.0063013224853449255,0.006318352615148428,0.006334235942057405,0.006348895625719168,0.006362249774543472,0.0063742190865364165,0.006384731722460919,0.006393725812963095,0.00640115031995146,0.00640696484999992,0.006411139017005511,0.00641365175995438,0.0064144906953765195
0.006419988341501196,0.006419166920401542,0.0064167067745951765,0.006412620122421509,0.006406927610405505,0.0063996586622032,0.006390851742628016,0.006380554532316132,0.006368823531105021,0.006355722876709815,0.0063413218055314545,0.006325690427252804,0.0063088935454012575,0.006290982593475254,0.006271986348531461,0.006251901460744183,0.006230684230571721,0.006208247086206001,0.0061844670608400395,0.006159221094814743,0.0061324751914297,0.0061044705955588755,0.006076063164115904,0.006049246674518428,0.006027696948845725,0.006016372290884083,0.006016372294801258,0.0060276969623271285,0.006049246682070939,0.006076063151433306,0.0061044705807897824,0.006132475179416626,0.006159221086002278,0.00618446705695161,0.006208247087733451,0.006230684232126611,0.006251901463612449,0.006271986348620418,0.006290982592710564,0.006308893554801183,0.006325690428967973,0.006341321794485033,0.006355722866941434,0.006368823526042252,0.006380554535821528,0.0063908517386395474,0.006399658651024133,0.00640692760654118,0.006412620126548846,0.00641670678890922,0.006419166939911671,0.006419988334987506
0.006425775714916438,0.006424970020042712,0.00642255686247781,0.006418548082117626,0.006412963529459478,0.006405831205505092,0.006397187280909991,0.006387075973036429,0.006375548861199831,0.006362663587617183,0.006348481500100583,0.006333063956669373,0.006316467062882887,0.006298734855165936,0.006279891075563284,0.006259930125289075,0.006238808744770233,0.00621644180723959,0.00619270988856717,0.006167493800466425,0.006140763121146549,0.0061127621594542405,0.006084349566483129,0.006057522425506595,0.006035961268512488,0.0060246304024002524,0.006024630409657387,0.006035961283545763,0.0060575224384687995,0.006084349561987873,0.0061127621370449204,0.006140763107516392,0.006167493798600785,0.006192709893905398,0.006216441810742372,0.0062388087465940645,0.006259930121123511,0.006279891073994069,0.006298734861266687,0.006316467062959191,0.0063330639545360334,0.006348481501274001,0.006362663581493236,0.006375548859044374,0.0063870759684959855,0.006397187269709423,0.0064058311944840155,0.006412963530301177,0.0064185480941897615,0.0064225568786704535,0.006424970039197294,0.006425775730809497
0.006431810948236039,0.006431019175698465,0.0064286476043074504,0.006424707536475681,0.00641921782224927,0.006412204851798181,0.006403702450007041,0.0063937515244341546,0.006382399322078998,0.0063696981234898425,0.006355703037138031,0.006340468745417859,0.0063240449306849605,0.006306470135674772,0.006287764169679522,0.006267919419053367,0.0062468923925727525,0.00622459916069406,0.006200922381704575,0.006175745231129958,0.006149039552876428,0.006121051637961635,0.00609264218093371,0.006065810982950314,0.00604424293265904,0.00603290817115929,0.00603290817201682,0.00604424294031105,0.0060658109956008895,0.006092642188430167,0.006121051629629171,0.006149039540628758,0.006175745234468741,0.006200922388521155,0.006224599162248432,0.006246892388077981,0.0062679194181764685,0.006287764171076497,0.0063064701275216605,0.0063240449255501305,0.0063404687493484315,0.006355703035460422,0.006369698130973463,0.006382399325933623,0.006393751510859892,0.00640370243762668,0.006412204849678648,0.006419217826785882,0.006424707553002074,0.006428647620133355,0.006431019190393166,0.006431810962863276
0.006438055407759853,0.006437275886929569,0.006434940882840165,0.0064310610843178705,0.0064256542746159925,0.006418745236410563,0.006410365516996146,0.006400553054838162,0.006389351364243291,0.006376808269460718,0.006362973924465451,0.006347897882765403,0.006331624893764265,0.006314189311447696,0.006295607843167772,0.0062758710311837645,0.006254934822919185,0.006232715717554431,0.006209097434695782,0.0061839644629425065,0.006157289907937798,0.006129321254147112,0.006100920559378982,0.0060740898599533815,0.006052518094253765,0.006041181058413833,0.006041181056561298,0.006052518094844788,0.006074089866309051,0.006100920573286735,0.006129321265713468,0.006157289908980399,0.00618396446262109,0.006209097433768563,0.006232715717756802,0.006254934825752798,0.006275871029168118,0.006295607830432935,0.0063141893031775954,0.006331624894411767,0.006347897881416385,0.006362973930530673,0.006376808275359248,0.006389351358825835,0.006400553050128531,0.006410365517314397,0.006418745236026085,0.006425654282389071,0.006431061098411444,0.006434940894886124,0.006437275901639065,0.006438055423119091
0.006444473668961172,0.006443704886199188,0.00644140187522899,0.00643757472409503,0.006432240169357473,0.0064254214428714086,0.006417148045722092,0.006407455272765912,0.00639638344132944,0.0063839767293033915,0.006370281317897962,0.006355342694065152,0.006339201813424825,0.006321889713270305,0.006303420577374551,0.00628378333363529,0.006262933155708415,0.006240786488057727,0.006217227428121722,0.006192141036977127,0.006165500966806317,0.006137555262605022,0.00610916681571621,0.006082339510365818,0.0060607660945785425,0.006049427855897815,0.006049427855894719,0.006060766092401781,0.0060823395112116815,0.006109166827828107,0.006137555285596782,0.006165500982296248,0.006192141036347477,0.006217227427209628,0.00624078648711806,0.006262933152876904,0.006283783321425018,0.0063034205666197204,0.0063218897097609686,0.006339201811532724,0.006355342697205065,0.006370281322729333,0.006383976728028434,0.006396383438038642,0.006407455275252869,0.00641714805644232,0.006425421450298357,0.006432240173650474,0.006437574734007491,0.006441401881190069,0.00644370489355257,0.00644447368426994
0.0064510332925338835,0.006450273876762149,0.00644799876882085,0.0064442174807454325,0.006438945776225389,0.006432205479241452,0.00642402423666366,0.006414435055273461,0.006403475569151032,0.006391186921517738,0.00637761208512723,0.006362793332780516,0.006346768550226262,0.006329566161008893,0.006311198258713139,0.006291652308130189,0.006270882629417251,0.006248805297861775,0.0062253043485247204,0.006200264871330184,0.006173660567313032,0.006145739555420017,0.006117365162507881,0.006090542856360658,0.0060689689694256935,0.006057630146869445,0.006057630143852208,0.00606896896263978,0.006090542852512433,0.006117365171870789,0.006145739574595439,0.006173660590225399,0.006200264881950704,0.006225304348490912,0.0062488052915118785,0.006270882618241756,0.006291652296350059,0.006311198255169841,0.006329566161546777,0.006346768546175711,0.006362793333037716,0.006377612087358703,0.006391186915698769,0.006403475569331971,0.006414435064346793,0.00642402424834715,0.006432205487985217,0.006438945787135634,0.006444217494049829,0.006447998769718474,0.006450273872664689,0.0064510332970333616
0.00645770456163012,0.006456953287841241,0.006454702471693392,0.006450961091568139,0.006445744003686621,0.006439071782048708,0.006430970462499493,0.006421471077011847,0.006410608983179362,0.006398422847318115,0.006384953005250907,0.006370239106509471,0.006354316612957188,0.006337211773593845,0.006318934936780185,0.006299472243257495,0.00627877714780765,0.006256765148059382,0.006233319905327172,0.006208326197830572,0.00618175740433456,0.006153861358885797,0.006125501570695269,0.006098684863102624,0.006077110997990533,0.006065771852544592,0.006065771846687399,0.006077110986419299,0.006098684854851523,0.006125501571047784,0.006153861373282974,0.006181757429449713,0.006208326215656764,0.006233319901433217,0.006256765135319481,0.006278777139715291,0.006299472243469593,0.006318934934392572,0.006337211769849057,0.006354316614030619,0.006370239109867632,0.006384952996510945,0.006398422843925333,0.006410608990731723,0.006421471079773178,0.006430970470686068,0.006439071792550271,0.006445744016183789,0.006450961102570243,0.006454702476348366,0.006456953283828279,0.006457704551639122
0.006464460244726,0.006463716061503559,0.00646148637179504,0.0064577796641134685,0.006452610021215195,0.006445996903119135,0.006437964936002342,0.006428543481116933,0.00641776600122679,0.006405669055644991,0.0063922908452725144,0.006377668884656741,0.00636183661273297,0.0063448185034079415,0.006326623396331921,0.006307236279258254,0.006286609688815201,0.006264658454944663,0.006241265665551682,0.00621631555296709,0.00618978090014732,0.006161909035033953,0.00613356345864048,0.006106752199534797,0.006085178330500143,0.0060738388600790755,0.0060738388541030025,0.006085178317105313,0.006106752188597491,0.006133563454903063,0.006161909042867179,0.006189780912722574,0.006216315562553118,0.006241265664607722,0.006264658448168762,0.006286609689073857,0.006307236286072151,0.006326623398287146,0.0063448185017087304,0.006361836615544124,0.006377668877325729,0.006392290839432403,0.006405669056894529,0.006417766001287149,0.006428543484817637,0.006437964943314948,0.006445996908697514,0.006452610032507958,0.006457779675037377,0.00646148637293519,0.0064637160584180104,0.006464460237241161
0.0064712753949806,0.006470537372839236,0.006468326034207685,0.006464649456463756,0.006459521013178651,0.0064529592098111965,0.006444987480223256,0.006435633744439302,0.006424929847705378,0.006412910650191393,0.006399612536993758,0.006385071267742298,0.00636931861274234,0.006352377549860273,0.006334255632076269,0.006314936768292428,0.006294372627594803,0.006272477294194808,0.00624913316876173,0.00622422377307471,0.0061977211185381765,0.0061698718957365365,0.006141539462449319,0.0061147329659251405,0.006093158686022798,0.006081818698607871,0.006081818695734234,0.006093158678854393,0.006114732959114194,0.006141539456268836,0.0061698718858168924,0.0061977211121177775,0.006224223772921733,0.006249133174773872,0.006272477298253325,0.006294372636523114,0.006314936775223705,0.006334255636760745,0.006352377558731873,0.006369318613196308,0.0063850712582994235,0.006399612533496336,0.0064129106471842124,0.006424929848348451,0.0064356337407656386,0.006444987483355107,0.00645295921540433,0.006459521018964348,0.006464649459629079,0.006468326039243735,0.006470537375851979,0.00647127539321412
0.006478127093818009,0.006477394427829829,0.006475199031533448,0.0064715486116852265,0.006466455948042117,0.00645993872440569,0.006452019323160457,0.006442724466710558,0.006432084657027743,0.0064201332762519265,0.006406905240356128,0.006392434822763236,0.0063767524135185044,0.006359879695936774,0.00634182311544785,0.006322565600819063,0.006302057984714135,0.006280213567815186,0.0062569140139452735,0.006232042008060306,0.006205568712277157,0.006177740076038666,0.006149419260266982,0.00612261645360348,0.0061010411009962285,0.0060897002733645315,0.006089700279992036,0.006101041110270783,0.00612261645177749,0.006149419241859818,0.006177740050021139,0.006205568691800171,0.006232042003058993,0.006256914023670684,0.0062802135851793,0.006302057993450753,0.006322565607762762,0.006341823126994613,0.006359879705294688,0.0063767524091259496,0.006392434822483459,0.006406905238217996,0.006420133271596675,0.006432084651544248,0.0064427244680231146,0.006452019323633811,0.006459938718600965,0.006466455947519901,0.006471548611591788,0.0064751990357920855,0.0064773944365843,0.0064781271015492015
0.00648499428095829,0.006484266260036928,0.006482084700417351,0.006478456996184439,0.006473395403246291,0.0064669168906253014,0.006459042979678451,0.00644979934868456,0.0064392153570008905,0.006427323169398267,0.006414156448572171,0.006399748237150627,0.00638412772113947,0.006367315520444674,0.006349317071184177,0.006330114429044209,0.006309657606496288,0.006287859157442056,0.006264599936065669,0.006239761750897726,0.006213314859706774,0.006185504436051425,0.006157193406468128,0.006130392982459201,0.0061088157302695385,0.006097473650384914,0.006097473656887666,0.006108815740800036,0.006130392980584123,0.0061571933864784335,0.006185504408593951,0.006213314835100663,0.006239761741041073,0.006264599943011446,0.006287859178535699,0.006309657617721357,0.006330114435846854,0.006349317080657059,0.006367315523227975,0.006384127726239946,0.006399748238252194,0.006414156448032405,0.0064273231653222875,0.006439215353778026,0.006449799349555413,0.006459042974921537,0.006466916883973855,0.006473395395786485,0.006478456992122287,0.006482084707331385,0.006484266271462755,0.006484994285075475
0.006491857533543813,0.00649113355471067,0.006488964007203663,0.006485356014092781,0.006480321391524079,0.00647387651054723,0.006466042123952721,0.006456843057378668,0.006446307684912298,0.006434467156761777,0.006421354059836785,0.0064070003941282105,0.006391434346899512,0.006374675577998643,0.006356728650624873,0.006337574818798346,0.006317163339685024,0.006295406019005402,0.00627218287478148,0.006247374838356929,0.006220951239248862,0.006193156477787605,0.006164853237694188,0.0061380537518884205,0.0061164736665385725,0.00610512985104886,0.006105129849191998,0.006116473662952257,0.0061380537480226205,0.0061648532286127525,0.006193156461901417,0.006220951220466824,0.006247374822642166,0.006272182874365269,0.006295406029256755,0.006317163357959276,0.0063375748294142685,0.006356728650030215,0.006374675574600121,0.006391434352968666,0.006407000399178969,0.006421354059833108,0.006434467155346681,0.00644630769045535,0.006456843059012136,0.006466042119046276,0.00647387649916237,0.006480321383533248,0.006485356008605102,0.006488964009613079,0.006491133563319532,0.006491857542189148
0.006498698981791505,0.006497978499999425,0.00649581936452314,0.006492228475673299,0.006487217254360707,0.0064808015598270775,0.006473001520036356,0.006463841197638569,0.00645334816156805,0.006441552661470413,0.006428486417347286,0.006414180512194879,0.006398662273618571,0.006381950521842819,0.0063640490668418655,0.006344938416112793,0.006324567133786847,0.006302846262164807,0.0062796550207884815,0.006254873460552617,0.006228470009063202,0.006200688290942387,0.0061723907725876785,0.0061455907024007194,0.0061240067900051876,0.006112660740114478,0.00611266073696846,0.006124006785094052,0.006145590698833918,0.006172390771355946,0.006200688287177581,0.00622846999946571,0.006254873449056572,0.006279655009767267,0.006302846260402938,0.006324567147111132,0.006344938425581018,0.006364049061965529,0.006381950520896039,0.006398662271510131,0.006414180513567535,0.006428486420027933,0.006441552672578346,0.00645334816674672,0.006463841202616527,0.006473001515198538,0.0064808015579918676,0.006487217247228855,0.006492228464588628,0.006495819364574527,0.006497978501064515,0.006498698979695825
0.0065055020876765126,0.00650478464065771,0.006502634532344139,0.006499058458066248,0.006494067528337539,0.006487677160375497,0.006479906927200264,0.006470780262706722,0.006460324027116064,0.006448567748152897,0.006435542351968082,0.0064212781645423146,0.006405801752547858,0.006389131234144843,0.0063712697070396245,0.006352197034408992,0.006331861096211063,0.006310172219939936,0.006287008851608264,0.00626225019334632,0.006235863778196229,0.006208092493214235,0.0061797986112664205,0.006152996423760973,0.006131407697856977,0.0061200589212370305,0.006120058922734195,0.006131407701719004,0.006152996428707749,0.00617979861687778,0.006208092496291817,0.006235863775943858,0.006262250184696801,0.0062870088384509954,0.006310172212544684,0.006331861095126758,0.0063521970336501655,0.006371269705593284,0.0063891312297124315,0.006405801750005749,0.00642127816262245,0.006435542357364932,0.006448567760208206,0.006460324038621341,0.0064707802666632095,0.006479906926151084,0.006487677164616776,0.0064940675256955115,0.006499058450888314,0.006502634525887715,0.006504784635786701,0.0065055020833903595
0.006512251602548125,0.006511536773766715,0.006509394469697747,0.006505831229337393,0.006500857871447845,0.0064944894459763895,0.006486745041266851,0.0064776475698954256,0.006467223286655091,0.006455501075264352,0.006442511200721339,0.006428283339809007,0.006412843401455734,0.0063962088616916135,0.006378382208068084,0.006359342702971793,0.006339037580245467,0.006317376502549918,0.00629423717508716,0.006269497973743439,0.0062431255769972325,0.00621536217694447,0.00618706990008959,0.006160264106519249,0.006138669608556715,0.006127317621678902,0.006127317624294888,0.006138669617151885,0.006160264118523748,0.006187069914117349,0.006215362189512442,0.006243125581777429,0.006269497965543688,0.0062942371632541735,0.006317376489380864,0.0063390375642340645,0.006359342693595497,0.0063783822097184684,0.006396208856058745,0.006412843397124256,0.006428283342118995,0.0064425112102420405,0.006455501080421025,0.006467223291577765,0.006477647576446723,0.006486745048553145,0.006494489451997958,0.006500857873467524,0.006505831225914053,0.006509394468252365,0.006511536766074644,0.006512251591101668
0.006518933399954274,0.00651822083354017,0.006516085277688948,0.006512533127502621,0.006507574964613125,0.006501225502770662,0.006493503454554472,0.006484431240878877,0.00647403461890774,0.006462341911222659,0.006449382842440137,0.006435186490829903,0.006419778204814447,0.006403174888286721,0.00638537850607912,0.006366367734934853,0.006346089231787769,0.0063244520266769145,0.006301333122720068,0.006276610102449164,0.006250248845696712,0.006222490898130431,0.006194198284795431,0.0061673874641684934,0.006145786277271306,0.006134430612973574,0.006134430614499968,0.006145786283424291,0.006167387475386375,0.006194198303973053,0.006222490919650282,0.006250248858026381,0.0062766101003674125,0.006301333110656968,0.006324452005126098,0.0063460892071919486,0.006366367721839091,0.006385378505088898,0.006403174890960151,0.006419778201142461,0.006435186494139858,0.006449382847047229,0.006462341916127419,0.006474034617975037,0.0064844312453185265,0.0064935034590736665,0.006501225515225852,0.006507574967697627,0.00651253313144058,0.006516085283313677,0.006518220831970975,0.006518933388850102
0.006525534432986286,0.006524823814262856,0.006522694079258652,0.006519151492701632,0.006514206430465738,0.006507873338518128,0.006500170560749651,0.006491120142663538,0.006480747386566815,0.006469080161932658,0.0064561476807484,0.006441978530149765,0.00642659755390025,0.006410021183182315,0.006392250869805007,0.0063732647705531924,0.006353009008341636,0.006331392028805443,0.006308290161553978,0.006283580253595742,0.006257227429695161,0.00622947263910179,0.006201177859845003,0.006174360671961868,0.0061527519405197885,0.006141392165264115,0.006141392165607994,0.006152751942114514,0.006174360679790528,0.0062011778760965005,0.006229472660043214,0.006257227445276824,0.006283580261105542,0.006308290152587701,0.006331392006554063,0.0063530089866547694,0.00637326475284491,0.006392250861925866,0.006410021189839796,0.006426597562195184,0.00644197853112869,0.006456147676580444,0.006469080158565111,0.0064807473876296855,0.0064911201445223615,0.006500170563310127,0.006507873344745483,0.00651420643874134,0.00651915150455487,0.006522694093611992,0.006524823820761138,0.0065255344244028075
0.006532042617926183,0.006531333679437904,0.006529208950698028,0.006525674589969164,0.006520740792967859,0.006514421761401964,0.006506735550184042,0.006497703870308382,0.006487351631290259,0.006475706298244238,0.006462796650439308,0.00644865084735661,0.006433293300612858,0.006416739998747256,0.006398991926439493,0.006380026782943966,0.006359790206197204,0.00633819008231931,0.006315102118070774,0.006290402467687456,0.006264055550916071,0.0062363017777484426,0.006208003126244914,0.006181178337672389,0.006159561277948838,0.006148196998111189,0.006148196998110386,0.006159561277385707,0.006181178340605998,0.006208003133741312,0.006236301787681059,0.006264055564576533,0.006290402479868031,0.006315102117362849,0.0063381900731638505,0.006359790193772386,0.006380026767427156,0.0063989919118138784,0.006416739998299796,0.006433293311004473,0.006448650851857739,0.0064627966449843175,0.006475706289894621,0.006487351628248247,0.006497703865862799,0.006506735553472326,0.006514421766644506,0.0065207407993031095,0.0065256746043031765,0.0065292089714895475,0.0065313336949197765,0.0065320426153086
0.00653844678574285,0.006537739291079959,0.00653561885505379,0.006532091536174564,0.006527167380484746,0.0065208603812844275,0.006513188360760799,0.006504172701316783,0.006493838008931267,0.006482211376076825,0.006469321226338805,0.006455195331346529,0.006439857721902647,0.006423323976570261,0.006405594678613657,0.006386647118351159,0.006366426471487835,0.0063448401109277046,0.006321763164368199,0.0062970711388251124,0.006270727793100442,0.006242973061064533,0.006214668977052841,0.006187835465220665,0.006166209375434452,0.006154840239100096,0.006154840238513074,0.006166209374221992,0.006187835462310461,0.006214668971151897,0.006242973059401469,0.006270727799180965,0.006297071148871222,0.006321763178107607,0.0063448401206718736,0.006366426468251201,0.006386647106472504,0.006405594664664639,0.006423323968442875,0.006439857722864323,0.006455195335313557,0.006469321225190285,0.006482211372633525,0.006493838000530107,0.006504172693466014,0.006513188357870209,0.006520860391152876,0.006527167385269902,0.006532091548162341,0.0065356188724291255,0.0065377393082530376,0.0065384467889613345
0.006544736603320877,0.006544030338273883,0.006541913561315117,0.006538392243224738,0.006533476299641778,0.006527179559565667,0.006519519601989963,0.006510517572349782,0.006500197785861251,0.006488587032916645,0.006475713401460058,0.006461604339908531,0.0064462835222831565,0.006429766175427837,0.006412052526215211,0.006393119485708257,0.006372911803414249,0.006351336386121842,0.0063282678199197495,0.006303580999606471,0.006277239088626058,0.006249481597068068,0.006221170664937154,0.006194327428851383,0.006172691691323777,0.0061613173869414445,0.0061613173860763145,0.006172691687984364,0.0061943274197351185,0.006221170649944485,0.0062494815852846735,0.006277239084371323,0.006303581008398344,0.006328267842818799,0.006351336409228087,0.006372911810263306,0.00639311947803852,0.006412052515616758,0.006429766163894106,0.006446283513793825,0.006461604340379043,0.006475713404935364,0.006488587030889714,0.006500197780753496,0.00651051756688851,0.006519519600862372,0.006527179561796552,0.006533476303367743,0.0065383922469631935,0.006541913572338197,0.006544030352425928,0.006544736607341512
0.00655090249883155,0.006550197281238813,0.006548083605382611,0.006544567370433402,0.0065396583858677035,0.00653337031798801,0.006525720558166825,0.006516730045208691,0.00650642283059077,0.006494825436846243,0.006481965673206226,0.006467870691973339,0.006452563853179141,0.006436060069545555,0.006418359252164393,0.006399437957596451,0.006379240559230542,0.006357673526349655,0.006334610934913836,0.006309927122838026,0.0062835847045208055,0.006255822828773662,0.006227503786973778,0.006200649946352849,0.006179004026633867,0.00616762428590541,0.00616762428504359,0.006179004020046798,0.006200649933511586,0.00622750377171321,0.006255822811878407,0.00628358469394824,0.00630992712855548,0.0063346109563786335,0.00635767354936611,0.00637924057381074,0.006399437961087971,0.006418359245185263,0.006436060056525912,0.006452563840077125,0.006467870690082633,0.0064819656796900995,0.006494825438324148,0.006506422827440556,0.0065167300437357625,0.00652572056499205,0.00653337031524401,0.006539658377165103,0.006544567366364584,0.006548083606570801,0.0065501972902579165,0.006550902505110972
0.006556935637998299,0.0065562312998582745,0.00655412023092813,0.006550608269955622,0.006545705133407699,0.006539424342798609,0.006531783147594503,0.006522802269753063,0.006512505551050281,0.006500919283914623,0.006488071033605532,0.006473987675381765,0.006458692293285703,0.0064421995348993314,0.006424509015832758,0.00640559697971464,0.006385407447373931,0.006363846483158765,0.006340787692254208,0.006316104900492608,0.0062897602322622564,0.006261992523677626,0.006233664263228415,0.006206799056586534,0.006185142503553814,0.0061737571016387705,0.0061737570993387085,0.006185142495212553,0.006206799045582666,0.006233664253388364,0.00626199250966428,0.006289760221771238,0.006316104900643905,0.006340787700191196,0.006363846496238215,0.006385407464483161,0.006405596991767605,0.006424509018278378,0.006442199527027048,0.006458692282252169,0.00647398766773312,0.006488071036612113,0.006500919292324861,0.0065125055570199155,0.006522802273841135,0.006531783150816912,0.006539424337340005,0.0065457051174929795,0.006550608257502842,0.00655412022225362,0.006556231301385622,0.006556935645445136
0.006562827849926787,0.006562124239458373,0.00656001534271374,0.00655650694540959,0.006551608672801295,0.0065453339458663535,0.006537699853284712,0.006528726949287075,0.0065184388974669685,0.006506861785341157,0.006494022944264429,0.006479949010768202,0.006464662844072551,0.006448178844772813,0.006430496362227904,0.006411591352733098,0.00639140751697975,0.006369850535510251,0.006346793590229028,0.006322110043346318,0.006295761575120991,0.006267986759411711,0.006239648317733522,0.006212771098767905,0.006191103544414762,0.006179712296884391,0.006179712293477964,0.0061911035380943155,0.00621277109486536,0.006239648313821541,0.0062679867534919205,0.006295761569133286,0.006322110035024148,0.006346793583166878,0.006369850534661812,0.006391407526972646,0.006411591368992473,0.006430496372103757,0.006448178848537092,0.006464662843685429,0.006479949003263763,0.00649402293897067,0.006506861793156389,0.006518438913396712,0.006528726958734595,0.006537699852861656,0.006545333934776599,0.006551608656745851,0.0065565069257480955,0.0065600153306928834,0.006562124238002487,0.006562827852343444
0.006568571583087346,0.006567868575665422,0.006565761468667707,0.006562256005781611,0.006557361741166489,0.00655109199179234,0.0065434637157592524,0.006534497328949857,0.0065242163332780885,0.006512646614445976,0.006499815310797701,0.006485748859660815,0.006470469920306945,0.006453992663121553,0.006436316200306046,0.006417416227421148,0.006397236139493235,0.006375681280014826,0.0063526244434387955,0.006327938567546806,0.006301584936488931,0.006273801905372104,0.006245452459241533,0.006218562695213164,0.006196883850187613,0.00618548661504762,0.00618548661303345,0.006196883850314628,0.006218562698888518,0.00624545246137527,0.006273801906674432,0.006301584933012086,0.006327938553963099,0.006352624425303457,0.006375681268555119,0.006397236139259917,0.0064174162360116725,0.006436316216412966,0.00645399267902694,0.00647046992971932,0.006485748859847474,0.0064998153058603726,0.006512646616284821,0.006524216341878445,0.006534497342369369,0.006543463718413593,0.006551091980180731,0.006557361725629138,0.006562255988644638,0.006565761455306433,0.006567868571071924,0.006568571579295038
0.006574159885541539,0.006573457366039442,0.006571351713550182,0.006567848632976432,0.006562957618516457,0.006556691892355304,0.006549068308978914,0.006540107159148743,0.006529831779359571,0.0065182678980578905,0.006505442483092721,0.006491381805677822,0.0064761083292014295,0.006459636026550873,0.006441963791033581,0.00642306707800608,0.006402889011985693,0.006381334628233951,0.0063582763686804225,0.006333586782009854,0.006307226803333818,0.006279434605367575,0.006251073465849164,0.006224170735117851,0.0062024803862166305,0.0061910770620329505,0.006191077064279059,0.006202480392846858,0.006224170742609519,0.006251073473982074,0.006279434610950112,0.006307226799426874,0.006333586766546239,0.00635827634740735,0.006381334611073986,0.006402889002073631,0.006423067079782713,0.006441963806109853,0.0064596360464662895,0.006476108346544898,0.0064913818144177364,0.006505442484094057,0.006518267893994739,0.006529831777394435,0.006540107163844269,0.006549068316613454,0.006556691889692604,0.006562957610959765,0.006567848619322574,0.006571351701376598,0.006573457356122724,0.006574159873478132
0.0065795863442312105,0.006578884210729626,0.006576779720515576,0.006573278541667276,0.006568390111077184,0.0065621275763502115,0.006554507697176086,0.006545550642694703,0.0065352796144399,0.0065237202042302735,0.006510899235620174,0.006496842821159738,0.006481573254312598,0.00646510432267717,0.0064474347283415235,0.006428539709263353,0.006408362146174774,0.006386806794441927,0.006363745769090373,0.006339051274528962,0.006312683930416664,0.006284881763389501,0.006256508374373073,0.006229592357857507,0.006207890367236805,0.006196480888830262,0.006196480893724553,0.006207890375346403,0.00622959236600206,0.0062565083849666974,0.006284881769546191,0.006312683926352754,0.006339051262818998,0.006363745749308853,0.0063868067751562405,0.006408362132805497,0.006428539707675738,0.0064474347400558995,0.00646510433981528,0.006481573270554766,0.0064968428330301215,0.006510899241841514,0.006523720199084613,0.006535279604830548,0.006545550640806384,0.006554507705408789,0.006562127581798201,0.006568390110891629,0.006573278532915007,0.006576779712704224,0.006578884199202744,0.0065795863275159685
0.006584845053056445,0.0065841432247918845,0.006582039641521169,0.006578539941836133,0.006573653516069312,0.006567393441924917,0.006559776396342291,0.006550822434979571,0.006540554651898143,0.0065289985192978125,0.006516180731832348,0.0065021272559859485,0.006486860227680499,0.006470393279866179,0.006452724936989867,0.006433830241523725,0.0064136518552157405,0.006392094275728688,0.006369029324640833,0.006344328897456064,0.006317953327170616,0.006290140534363745,0.006261754462779868,0.006234824939380534,0.006213111238120406,0.006201695576107422,0.006201695578112062,0.006213111243139459,0.006234824946866702,0.006261754469593094,0.006290140537072669,0.00631795332333607,0.0063443288918176985,0.006369029314916603,0.006392094260106584,0.006413651842642718,0.006433830239063926,0.006452724942081661,0.0064703932895211185,0.006486860238398277,0.006502127265110539,0.006516180737101758,0.006528998516325997,0.0065405546448576235,0.006550822432448577,0.006559776400103758,0.0065673934479617245,0.0065736535181793836,0.006578539940649754,0.006582039638120258,0.006584143216935929,0.006584845042053809
0.006589930593895696,0.006589228996619278,0.006587126094587779,0.006583627510204599,0.0065787425812930825,0.006572484335212439,0.006564869354423718,0.00655591761560422,0.006545652113527372,0.006534098220897402,0.006521282506863114,0.006507230807305678,0.006491965128201952,0.006475498955310548,0.006457830654207524,0.00643893509329257,0.006418754734864183,0.006397193842993432,0.006374123979599341,0.006349416754782279,0.006323032247352578,0.006295208307377166,0.00626680923442134,0.006239866076372885,0.006218140661254967,0.006206718818987067,0.006206718818062454,0.0062181406631969405,0.0062398660802016085,0.0062668092333051355,0.0062952083024059,0.0063230322443861954,0.006349416755674872,0.006374123981424431,0.006397193841091935,0.006418754729892731,0.006438935088301489,0.006457830647761753,0.006475498952854651,0.006491965131748962,0.0065072308121339835,0.006521282510244516,0.006534098222686708,0.006545652115757332,0.006555917613512494,0.00656486935040586,0.006572484331049193,0.00657874258741032,0.006583627514286025,0.006587126099996346,0.006589228997302064,0.006589930595003535
0.006594837989579414,0.006594136552627492,0.0065920341435944645,0.00658853635462342,0.006583652490333136,0.00657739550838926,0.006569781929506748,0.006560831658214685,0.006550567608155692,0.006539015049412957,0.006526200445207475,0.006512149520019705,0.006496884159040918,0.006480417714720483,0.0064627484122339535,0.006443850964737583,0.00642366765077378,0.006402102531581894,0.006379026927966603,0.006354312188096596,0.006327918174415128,0.0063000826886259,0.006271670404713675,0.0062447135753771876,0.0062229765062219505,0.006211548518229839,0.006211548517594429,0.006222976507040496,0.00624471357349039,0.006271670393574651,0.006300082677032334,0.006327918171071324,0.006354312194708273,0.006379026942167249,0.006402102545752882,0.006423667654581154,0.0064438509541893,0.006462748396311898,0.006480417702236051,0.0064968841532233295,0.006512149520072878,0.0065262004495508395,0.0065390150566989325,0.00655056761517252,0.006560831658086057,0.006569781920359869,0.006577395496397834,0.006583652488636432,0.006588536362161071,0.0065920341614427525,0.006594136570742925,0.006594838001376439
0.006599562669277839,0.0065988613417542015,0.006596759264220923,0.006593261997180331,0.006588378809726008,0.00658212260469337,0.006574509862388339,0.00656556041453859,0.0065552970957660096,0.0065437450921814804,0.0065309307713468665,0.006516879758093285,0.00650161382740668,0.006485146215636169,0.006467475024547242,0.006448574823158057,0.006428387731406358,0.006406817623877781,0.006383735596091974,0.006359012763790025,0.006332608802846945,0.006304761492258562,0.006276335892244168,0.0062493654406044815,0.006227616835732821,0.006216182769402563,0.006216182769710469,0.006227616832884612,0.006249365431669587,0.0062763358781086345,0.006304761479042913,0.006332608800119395,0.006359012773818977,0.006383735617347529,0.006406817645295558,0.006428387739502659,0.006448574812793385,0.0064674750047802486,0.006485146199046844,0.006501613813815915,0.00651687975384264,0.006530930775975152,0.006543745099728808,0.006555297103923903,0.006565560414897337,0.006574509852998535,0.006582122591196319,0.006588378798792879,0.006593262003654245,0.0065967592900039364,0.0065988613773877184,0.006599562696583979
0.006604100458419315,0.006603399206248802,0.006601297312059427,0.006597800325051309,0.006592917476384161,0.006586661644126077,0.006579049254935917,0.006570100075308114,0.0065598368767595654,0.006548284763138515,0.00653547002043281,0.0065214181833658895,0.006506150929575172,0.006489681395772514,0.006472007570509417,0.006453103895128555,0.0064329123502592615,0.006411336629597806,0.00638824762820801,0.006363516256774759,0.006337102029839549,0.0063092427301100745,0.006280803810348426,0.0062538198594994454,0.0062320598908180294,0.006220619845396966,0.0062206198447169936,0.006232059884505235,0.006253819845447438,0.006280803797371765,0.006309242723722523,0.00633710203287548,0.0063635162681837,0.006388247645616018,0.006411336643419409,0.006432912356218723,0.006453103890329404,0.006472007558324505,0.0064896813814197315,0.006506150915236073,0.006521418174680759,0.006535470018027628,0.006548284765868035,0.006559836882811701,0.006570100076794657,0.006579049247055613,0.006586661635170607,0.006592917469601983,0.0065978003292142375,0.006601297338287643,0.006603399244406752,0.006604100492657685
0.0066084475567160725,0.006607746330653732,0.006605644491981807,0.006602147574398313,0.006597264792491834,0.006591008987082564,0.006583396539344438,0.0065744471614547296,0.00656418356303375,0.006552630778165787,0.006539815019352396,0.006525761740613977,0.006510492537714366,0.006494020456571745,0.006476343382759087,0.0064574356503086,0.006437239103841742,0.006415657271525349,0.006392560874629862,0.0063678206400901655,0.006341395947235598,0.006313524600555883,0.00628507244737776,0.006258075191873335,0.006236304084673009,0.006224858180675547,0.006224858178934019,0.00623630407693966,0.006258075180042286,0.006285072440538635,0.006313524603056643,0.0063413959553994806,0.006367820648763566,0.006392560881769522,0.006415657272715515,0.006437239103131851,0.006457435653094879,0.006476343382566208,0.00649402044869958,0.006510492524932709,0.006525761729814559,0.006539815010621772,0.006552630774430939,0.00656418356391567,0.006574447162976199,0.006583396535928576,0.006591008987510854,0.0065972647944139255,0.006602147585392786,0.0066056445121560415,0.006607746353320466,0.0066084475720269075
0.0066126004728161054,0.006611899229874545,0.006609797340512113,0.006606300327573592,0.006601417380688949,0.006595161312878649,0.006587548462177942,0.006578598492580855,0.00656833406094597,0.006556780137199203,0.006543962870266987,0.006529907644287639,0.006514635981890193,0.0064981608446454025,0.006480480032903864,0.006461567778705082,0.006441365797071629,0.006419777476800802,0.0063966733814524975,0.006371924077069586,0.006345488827987678,0.006317605473823179,0.006289140252473089,0.006262129957130567,0.00624034798717352,0.006228896370920295,0.006228896366704633,0.006240347980151059,0.00626212995469122,0.006289140254805758,0.006317605480993283,0.006345488837706749,0.006371924081791794,0.006396673375476797,0.006419777467109526,0.0064413657939863984,0.006461567785461588,0.006480480040201531,0.006498160842822295,0.006514635974251289,0.006529907634635924,0.006543962857935335,0.006556780128561833,0.006568334057764315,0.006578598493174034,0.0065875484639198656,0.006595161324155591,0.00660141739346302,0.006606300340088639,0.006609797351540228,0.006611899229266207,0.006612600464003708
0.0066165560240074054,0.0066158547374045445,0.006613752714342722,0.006610255468453728,0.006605372167055876,0.00659911559542439,0.006591502056583387,0.006582551172839345,0.00657228555183132,0.006560730108769215,0.006547910937238298,0.006533853359487584,0.006518578829643748,0.006502100238566544,0.006484415309618359,0.006465498174143534,0.006445290436999439,0.00642369536570826,0.006400583380923868,0.006375824906338382,0.006349379110111322,0.006321483876513045,0.006293005831623142,0.006265982827431198,0.006244190312400165,0.0062327331511525435,0.00623273314908206,0.006244190311147494,0.006265982833281212,0.00629300583942602,0.006321483884559782,0.006349379117284567,0.006375824903596653,0.006400583369299507,0.006423695356095383,0.006445290436233069,0.006465498175947004,0.00648441531394911,0.006502100241610427,0.006518578827531783,0.0065338533521587085,0.006547910926623878,0.006560730100851496,0.00657228554656463,0.006582551175495051,0.006591502065272516,0.00659911561239408,0.006605372180735846,0.006610255474929151,0.006613752710108152,0.0066158547193204305,0.006616556011272922
0.006620311331558689,0.006619609978825218,0.006617507756816519,0.006614010165681537,0.006609126352208583,0.006602869084055807,0.006595254627400775,0.006586302570845768,0.006576035476167662,0.0065644782140297986,0.006551656827167494,0.006537596581819609,0.006522318872320443,0.006505836530737581,0.0064881471999335555,0.0064692249265963266,0.006449011221657721,0.00642740924030585,0.006404289276532541,0.0063795216288721245,0.006353065384455562,0.006325158480804083,0.006296667938045487,0.006269632614043577,0.006247829908644777,0.006236367394867365,0.006236367395135765,0.006247829909788066,0.0062696326184827535,0.006296667948303664,0.0063251584908777915,0.006353065386574438,0.006379521624313798,0.006404289267158625,0.006427409234604174,0.006449011216382235,0.006469224921816955,0.0064881471992411024,0.006505836535074969,0.006522318876019081,0.006537596579189805,0.006551656820099939,0.006564478209292042,0.006576035473394006,0.006586302576848913,0.006595254636925639,0.0066028690976589095,0.006609126359849734,0.0066140101600969566,0.006617507740560376,0.006619609961696227,0.0066203113311089044
0.0066238637849088105,0.0066231623517353025,0.00662105987461283,0.006617561846904271,0.006612677401222455,0.006606419284446212,0.0065988037322116545,0.00658985030178837,0.0065795815156262935,0.006568022206682398,0.006555198369954396,0.006541135223005851,0.006525854111437822,0.0065093678075188914,0.006491673882354,0.006472746313147299,0.00645252652338241,0.006430917568710806,0.006407789629585749,0.00638301289646331,0.006356546386370673,0.0063286281065529125,0.006300125453447493,0.0062730782478878444,0.006251265749359266,0.00623979809341931,0.006239798094449383,0.006251265750358149,0.0062730782492799175,0.006300125458959211,0.006328628113689797,0.00635654638834073,0.006383012895229901,0.006407789625824863,0.0064309175631306805,0.006452526513929084,0.006472746302748038,0.006491673879854009,0.006509367809446022,0.00652585411702582,0.006541135224636267,0.006555198369007899,0.0065680222069604876,0.006579581518456227,0.006589850304174678,0.0065988037365465385,0.006606419290835108,0.006612677402325127,0.006617561836229982,0.00662105985709451,0.006623162346588713,0.0066238637942418405
0.006627211028519901,0.006626509495357309,0.006624406721135693,0.006620908189785355,0.006616023020409484,0.0066097639428658326,0.00660214716185008,0.00659319220912494,0.006582921574050931,0.006571360054838675,0.006558533603440464,0.006544467398583985,0.006529182739830298,0.006512692340114985,0.006494993718016918,0.006476060781466322,0.00645583487649167,0.00643421897183592,0.006411083148438095,0.006386297501026373,0.00635982098877086,0.006331891695742854,0.0063033773816262035,0.006276318780742576,0.006254496918161296,0.006243024349680917,0.006243024352277805,0.006254496920154429,0.006276318778135391,0.006303377381987296,0.006331891699465045,0.006359820990844783,0.0063862975014418785,0.00641108314842786,0.006434218965991602,0.006455834864202415,0.006476060770018641,0.006494993713628531,0.006512692339220147,0.006529182744445832,0.006544467407057407,0.006558533610539558,0.006571360058939815,0.0065829215759086205,0.006593192205912897,0.006602147158843595,0.006609763940901559,0.006616023017525259,0.006620908182024935,0.006624406715619751,0.006626509498516279,0.00662721102962865
0.006630350925993271,0.006629649283632824,0.006627546182908121,0.006624047099506292,0.006619161143998327,0.006612901025672087,0.006605282923017925,0.006596326348549501,0.006586053760994105,0.006574489926090955,0.006561660760984494,0.006547591411413091,0.0065323031281613675,0.006515808578153021,0.006498105231070619,0.006479166933647882,0.006458934965508853,0.006437312216874436,0.006414168681251379,0.00638937436450768,0.006362888186513631,0.006334948307058031,0.006306422829456598,0.006279353367164646,0.006257522610391892,0.006246045377038896,0.006246045378002949,0.006257522615822066,0.006279353372753426,0.006306422829001058,0.006334948300987396,0.006362888182057651,0.0063893743650576375,0.006414168679704329,0.006437312213267454,0.006458934957179354,0.0064791669266522234,0.006498105223978829,0.0065158085764430804,0.006532303134468104,0.006547591422599375,0.006561660769383135,0.006574489927879254,0.006586053757524627,0.006596326341546345,0.0066052829158839265,0.006612901018158044,0.006619161144248165,0.006624047099979891,0.00662754618642569,0.006629649287847478,0.00663035092091604
0.006633281562857738,0.006632579805447984,0.006630476360559193,0.0066269766953140595,0.006622089913967525,0.006615828702422083,0.0066082092246945445,0.006599250972678465,0.006588976376240415,0.006577410174229211,0.006564578258448065,0.006550505734893547,0.006535213816322442,0.006518715131103308,0.006501007098777021,0.0064820635189896105,0.0064618256158517325,0.006440196205252497,0.006417045196543699,0.00639224252959331,0.006365747086067559,0.006337797097885065,0.006309261012853222,0.006282181273527769,0.006260342117770296,0.006248860475029858,0.006248860479117127,0.00626034213013603,0.006282181287135434,0.00630926101432081,0.006337797085619956,0.006365747074949946,0.00639224252430467,0.006417045194321365,0.0064401962020901515,0.006461825615275385,0.006482063517045086,0.006501007094231849,0.006518715129898063,0.00653521382081846,0.006550505735816753,0.006564578261208193,0.006577410177513455,0.006588976375281469,0.006599250965669309,0.006608209218107459,0.006615828697184891,0.006622089915284214,0.006626976702843429,0.006630476366999537,0.006632579806413896,0.0066332815474049525
0.006636001222828031,0.006635299350311593,0.006633195552539477,0.006629695291487356,0.006624807662647089,0.006618545335614735,0.006610924463767884,0.006601964514792304,0.006591687897496597,0.006580119329576804,0.006567284676271735,0.006553209003884084,0.006537913498045197,0.006521410750152543,0.006503698142456444,0.006484749431117112,0.0064645057851182765,0.0064428699545605456,0.006419711783254735,0.006394901143651474,0.006368396886224862,0.006340437329232088,0.0063118912494153105,0.006284801853224199,0.006262954816148062,0.006251469041935521,0.006251469050382465,0.006262954832782649,0.0062848018646930945,0.0063118912522257395,0.0063404373235777895,0.006368396873967475,0.006394901129899831,0.006419711775675538,0.006442869951790971,0.0064645057865643915,0.006484749435685083,0.006503698146508154,0.006521410750656499,0.0065379134927534,0.006553208996757293,0.006567284675227218,0.006580119335911957,0.006591687899826857,0.006601964512901303,0.0066109244629930465,0.006618545331302555,0.006624807665274286,0.006629695299977062,0.006633195553780382,0.006635299341454986,0.006636001205199625
0.006638508376784182,0.006637806390022378,0.0066357022387810985,0.00663220138046951,0.006627312904354593,0.006621049466498891,0.006613427208409885,0.006604465578190245,0.006594186971300234,0.006582616082478151,0.006569778744716971,0.0065557000032803485,0.006540401010295419,0.006523894330078835,0.006506177316583809,0.0064872236823741835,0.006466974546166176,0.006445332600156411,0.006422167629794642,0.006397349448407161,0.006370836889868127,0.006342868363893868,0.006314312940992535,0.006287214537199486,0.006265360166081668,0.006253870546219197,0.006253870550789322,0.006265360173636577,0.0062872145440538724,0.006314312945224144,0.006342868366021917,0.006370836883693435,0.006397349434708098,0.006422167617542717,0.006445332595100617,0.006466974547982805,0.006487223692751963,0.006506177323130732,0.006523894329847126,0.00654040099983472,0.00655569999341418,0.006569778742766171,0.006582616088763551,0.006594186981734299,0.006604465582201204,0.006613427209461726,0.006621049465578881,0.006627312905720474,0.006632201380600615,0.006635702231693494,0.00663780637320657,0.006638508368261025
0.0066408016650866646,0.006640099565400807,0.006637995067046337,0.006634493624690885,0.006629604321179219,0.006623339797744864,0.0066157161886588765,0.006606752927576461,0.0065964723979819945,0.006584899265183097,0.006572059339143722,0.006557977649914473,0.006542675324565595,0.0065261648999661095,0.006508443700419643,0.0064894854019346354,0.00646923107757148,0.006447583373821538,0.0064244120195947,0.006399586783786305,0.006373066495504158,0.006345089638354428,0.006316525560801984,0.006289418834816549,0.00626755769577982,0.0062560645214256375,0.006256064518763008,0.006267557692420145,0.006289418835461496,0.00631652556748273,0.006345089645679498,0.006373066497782093,0.006399586775999982,0.0064244120109637265,0.0064475833682818276,0.006469231078343871,0.006489485403475093,0.00650844370203348,0.006526164899872625,0.006542675318926205,0.006557977644246389,0.006572059340805562,0.006584899269661682,0.006596472405993926,0.006606752936898315,0.00661571619027934,0.006623339794936331,0.0066296043152256155,0.006634493619001868,0.006637995053761219,0.0066400995577492235,0.006640801676689716
0.006642879885506517,0.006642177676446536,0.006640072844399266,0.006636570843432366,0.006631680746393958,0.006625415183905823,0.00661779028686018,0.006608825475139283,0.006598543112434137,0.006586967846277363,0.006574125473028881,0.006560040998055179,0.00654473553376293,0.006528221598195691,0.006510496479884606,0.006491533820664013,0.006471274660979031,0.006449621603003397,0.006426444332652658,0.0064016125832023155,0.006375085173907764,0.006347100664195161,0.00631852865669018,0.006291414316762074,0.006269546990917245,0.006258050571024786,0.0062580505677917505,0.0062695469831854774,0.0062914143125961785,0.006318528660355462,0.00634710067427204,0.0063750851819705965,0.006401612585773693,0.0064264443309079156,0.006449621595037121,0.006471274651827285,0.006491533814056736,0.006510496475514695,0.006528221597703778,0.0065447355367295075,0.006560041001926901,0.006574125477076934,0.006586967849541594,0.0065985431139741375,0.0066088254789229885,0.00661779028852637,0.00662541518033708,0.0066316807396250834,0.006636570841515926,0.006640072838337729,0.006642177681234017,0.0066428798883828065
0.006644741985435327,0.006644039672237164,0.0066419345262633805,0.006638431999597839,0.006633541156305884,0.006627274623759626,0.0066196485228029525,0.006610682261500198,0.006600398179902282,0.0065888209244602475,0.00657597627709715,0.006561889222477454,0.006546580857478886,0.006530063674614446,0.006512334938481136,0.006493368266656949,0.006473104666900786,0.006451446707435507,0.006428264033288766,0.006403426348191117,0.006376892470134338,0.006348901022039938,0.00632032183252085,0.006293200610804595,0.0062713277068714105,0.006259828361736323,0.006259828357658841,0.006271327699134071,0.0062932006078199034,0.006320321831087091,0.006348901026536595,0.0063768924801363164,0.006403426360061364,0.0064282640341862965,0.00645144669843171,0.006473104655187424,0.006493368255242437,0.006512334928967395,0.006530063672407343,0.006546580863200771,0.006561889229202324,0.006575976284671562,0.006588820932236503,0.006600398182211529,0.006610682257518934,0.0066196485190824494,0.006627274620122946,0.006633541151654744,0.006638431996198965,0.006641934531642803,0.006644039670365732,0.006644741980750102
0.006646387050276771,0.00664568464063289,0.006643579204320129,0.006640076192405946,0.00663518466514808,0.006628917246352038,0.00662129004063724,0.006612322445689633,0.006602036797712101,0.006590457725265441,0.006577611000506591,0.006563521600819773,0.0065482106014042646,0.006531690474127177,0.006513958461538156,0.006494988163907477,0.006474720560605936,0.006453058184151394,0.006429870657659123,0.006405027658733337,0.006378487993534956,0.006350490342920558,0.006321904751040644,0.006294777410626346,0.006272899547197702,0.006261397604605302,0.006261397602534759,0.006272899544065232,0.006294777403958672,0.006321904749053563,0.006350490345390396,0.0063784879999736754,0.006405027666020655,0.006429870662050986,0.006453058178706709,0.006474720548067478,0.006494988149406037,0.006513958452903973,0.0065316904710353875,0.006548210606600475,0.006563521614085133,0.0065776110138824374,0.006590457732274894,0.006602036791913343,0.006612322430664289,0.00662129002734262,0.0066289172457208514,0.006635184668455733,0.006640076199437177,0.006643579208743525,0.006645684629516543,0.006646387059779683
0.006647814293962633,0.0066471117967477145,0.006645006098081593,0.006641502651921095,0.006636610512557912,0.0066303422988722655,0.006622714102032423,0.006613745311219609,0.0066034582649389315,0.006591877578665917,0.006579029009235909,0.006564937523069525,0.00654962417975886,0.006533101434250592,0.0065153665213553156,0.006496393016463198,0.0064761218715317925,0.006454455606714249,0.006431263818230124,0.006406416149298407,0.006379871402145675,0.006351868322671279,0.006323277138698276,0.006296144452912603,0.006274262267470745,0.006262758059785144,0.006262758057757239,0.006274262261011941,0.006296144445405683,0.006323277134508434,0.006351868324620506,0.006379871405608997,0.006406416154893457,0.006431263824543685,0.006454455611666678,0.006476121868445899,0.0064963930038707185,0.006515366512207462,0.0065331014303159195,0.006549624174989919,0.00656493752881122,0.006579029020512045,0.006591877578927273,0.006603458254994256,0.006613745301396909,0.006622714096017289,0.006630342298043937,0.006636610513487733,0.006641502660641603,0.006645006095674526,0.006647111789915709,0.006647814308719378
0.006649023049468075,0.006648320474903031,0.006646214549042819,0.006642710727264806,0.006637818053006272,0.00663154914251032,0.006623920085340985,0.006614950262401051,0.006604662000770103,0.006593079911089261,0.006580229747445111,0.0065661364580407834,0.006550821088629554,0.006534296089473586,0.006516558676658799,0.006497582405294799,0.0064773082216064105,0.006455638626973394,0.00643244318109156,0.006407591509149749,0.00638104242222173,0.006353034712302796,0.00632443875964394,0.006297301525146539,0.00627541566232234,0.006263909525721891,0.006263909520764322,0.006275415651441731,0.006297301517218548,0.00632443875498214,0.0063530347105766535,0.006381042423093655,0.006407591513057209,0.006432443182548832,0.00645563862974494,0.006477308222331131,0.006497582397873018,0.006516558665256692,0.006534296080882223,0.006550821089006896,0.006566136462704755,0.006580229751449858,0.006593079907799073,0.006604661990457449,0.006614950255595935,0.0066239200859174166,0.006631549133895452,0.00663781805858532,0.0066427107276765505,0.006646214543740429,0.006648320482467171,0.006649023075667163
0.0066500127626138005,0.00664931012404495,0.00664720401165564,0.006643699872850449,0.006638806750966176,0.006632537253236503,0.006624907473127102,0.0066159367902544316,0.006605647519525241,0.006594064268453541,0.006581212774734824,0.006567117977872666,0.006551800923784841,0.006535274047239319,0.006517534551656089,0.006498555989727562,0.006478279294890842,0.006456606939165949,0.006433408465297735,0.006408553492284366,0.006382000827790651,0.006353989303411617,0.006325389426776718,0.0062982484515613744,0.006276359560004728,0.006264851834568396,0.006264851829513819,0.006276359550019044,0.006298248438681334,0.006325389418252829,0.006353989297041031,0.006382000829258882,0.006408553495883885,0.00643340846884261,0.0064566069441525245,0.006478279301131473,0.0064985559946229045,0.0065175345494602474,0.006535274041751282,0.006551800919684876,0.006567117970332203,0.006581212759641247,0.006594064251694349,0.006605647511228333,0.0066159367904898795,0.006624907471794206,0.006632537255494199,0.006638806751147555,0.006643699857484652,0.006647204018517665,0.00664931014226934,0.006650012772730348
0.006650782989757997,0.00665008030274094,0.0066479740435907405,0.006644469650049887,0.006639576171820951,0.006633306215459408,0.006625675866068213,0.006616704499235701,0.006606414431158105,0.006594830256308042,0.0065819777087137874,0.0065678817279536065,0.006552563346469173,0.006536034990245488,0.006518293861905608,0.006499313506633668,0.006479034836299453,0.006457360311423662,0.0064341594675454096,0.006409301909070888,0.006382746445088328,0.006354731934168543,0.00632612898896178,0.006298985085775242,0.0062770938307724995,0.006265584868268524,0.006265584867583896,0.006277093825484634,0.00629898507481073,0.006326128972650651,0.006354731917377203,0.006382746429801867,0.006409301898789388,0.006434159461560844,0.00645736031191467,0.0064790348334533366,0.006499313504903619,0.006518293865018319,0.006536034988150238,0.006552563335263919,0.006567881714627249,0.006581977688926124,0.006594830238812439,0.006606414428930884,0.0066167045056781506,0.006625675873303957,0.006633306217781486,0.0066395761596991015,0.006644469656343202,0.006647974057594603,0.006650080319582459,0.006650782984319709
0.006651333392912764,0.006650630670273954,0.006648524302755645,0.006645019725871881,0.006640125986663469,0.006633855696796241,0.006626224939041759,0.006617253085376132,0.006606962441007331,0.006595377598756599,0.006582524293518261,0.006568427455921789,0.006553108112433228,0.0065365786919267255,0.006518836391529435,0.006499854740772065,0.006479574646193324,0.006457898564446186,0.0064346960177364965,0.006409836600426605,0.006383279120707791,0.006355262465211448,0.006326657313317735,0.006299511310252331,0.00627761836509083,0.006266108522458122,0.006266108525956405,0.0062776183709501755,0.0062995113107637175,0.006326657301233997,0.00635526244044025,0.006383279092856694,0.0064098365772547,0.006434696001830895,0.0064578985563722635,0.006479574645098508,0.006499854743396183,0.006518836399938285,0.006536578699978082,0.0065531081085131605,0.006568427434597502,0.006582524270668309,0.006595377586545277,0.006606962443076587,0.006617253091631837,0.006626224946135779,0.006633855695256701,0.006640125991273843,0.006645019741250454,0.006648524311892459,0.006650630652717149,0.006651333362575837
0.0066516637329709265,0.0066509609846696375,0.0066488545466014525,0.006645349860403089,0.006640455969127066,0.00663418548229297,0.006626554479517277,0.006617582327367071,0.006607291330279246,0.0065957060839242,0.006582852315995412,0.006568754954985755,0.006553435032807337,0.0065369049734776185,0.006519161964127262,0.00650017953277944,0.0064798985855794595,0.00645822156916281,0.0064350179953356805,0.006410157457513357,0.0063835987615471525,0.006355580809091224,0.00632697432942249,0.006299827073114624,0.006277933121147291,0.006266422753400703,0.006266422758751779,0.0062779331353327575,0.006299827085466545,0.006326974328914664,0.00635558079250151,0.006383598738712517,0.006410157436225968,0.006435017981835401,0.006458221562383855,0.006479898591800702,0.00650017955009604,0.006519161982756668,0.006536904980302905,0.00655343502230856,0.006568754934619045,0.0065828523043742725,0.0065957060887869845,0.0066072913326511,0.006617582320281316,0.006626554468436479,0.006634185475219817,0.006640455986309386,0.00664534987567181,0.0066488545516104,0.00665096096280968,0.006651663698200452
0.00665177386137657,0.00665107110335847,0.006648964643063914,0.006645459919499134,0.006640565978702211,0.0066342954273707665,0.006626664341895216,0.006617692089520719,0.006607400976582353,0.006595815593357029,0.00658296166563639,0.006568864130205211,0.0065535440164243945,0.006537013743769252,0.0065192705002445886,0.006500287814419607,0.006480006587950497,0.006458329258593241,0.006435125340242636,0.006410264420909763,0.006383705311302254,0.006355686919307141,0.006327080000209004,0.006299932331898165,0.00627803804798861,0.006266527503967872,0.0062665275092120675,0.006278038057368698,0.006299932345116758,0.006327080007386932,0.006355686914701596,0.006383705292931129,0.006410264391217119,0.006435125311236647,0.006458329242415854,0.0064800065859734034,0.00650028783049531,0.006519270513812419,0.006537013742646075,0.006553544012633284,0.006568864140970798,0.006582961682435197,0.006595815595352471,0.006607400961046419,0.006617692075243357,0.006626664321276836,0.006634295446453115,0.0066405660035551,0.006645459938857785,0.006648964624356375,0.006651071053005667,0.006651773805819146
