Model: _005_20_26_CPC_metacentric_relaxed_MCF10A_chr19_PMP1_compare
Simulation: 1105102268_0
(SimID_1105102268_0 (PDE Simulation)) 
Sim time range (0.0 500.0) (saved timepoints 51) 
Number of variables 42 
Variable names ['BUB1a', 'BUB1a_pknl1', 'CPCa', 'CPCi', 'H2A', 'H3', 'H3_CPCa', 'H3_CPCi', 'H3S10rep', 'HASPINa', 'HASPINi', 'I', 'KNL1', 'NDC80', 'NDC80_TTKa', 'NDC80_TTKi', 'NDC80_pTTKa', 'NDC80_pTTKi', 'pH2A', 'pH2A_SGO1', 'pH2A_SGO1_CPCa', 'pH2A_SGO1_CPCi', 'pH3', 'pH3_CPCa', 'pH3_CPCi', 'pH3S10rep', 'pKNL1', 'pKNL1_bub1a', 'PLK1a', 'PLK1i', 'pTTKa', 'pTTKi', 'pNDC80', 'pNDC80_TTKa', 'pNDC80_TTKi', 'pNDC80_pTTKa', 'pNDC80_pTTKi', 'SGO1', 'SGO1_CPCi', 'SGO1_CPCa', 'TTKa', 'TTKi'] 
 
2D Slice for variable PLK1a at time 200.0 in plane XY at Z = 0 
 
X in rows, Y in columns 
17.592430446627265,17.592439904270393,17.59246827949883,17.592515579312384,17.59258181435559,17.592666997750992,17.5927711437588,17.59289426220524,17.593036352453435,17.593197391740865,17.5933773160272,17.593575990040126,17.59379316079899,17.59402838802614,17.594280942669986,17.594549663084926,17.594832758692455,17.59512755005415,17.59543013971683,17.59573501725787,17.596034623023005,17.596318941126828,17.59657527885006,17.59678854898825,17.596942605125694,17.597023328091588,17.59702332807862,17.596942605112016,17.59678854895216,17.59657527880565,17.596318941084718,17.596034623020685,17.595735017228858,17.595430139664234,17.59512754996965,17.59483275863501,17.59454966305226,17.594280942618386,17.594028387984235,17.593793160769422,17.59357599002846,17.593377316051324,17.593197391768662,17.59303635246275,17.59289426217578,17.592771143796433,17.592666997812632,17.592581814228687,17.592515579275062,17.592468279527573,17.592439904281807,17.592430446619527
17.592431617016175,17.592441074599964,17.592469449608995,17.5925167490774,17.592582983481396,17.59266816641017,17.592772311641156,17.592895429050593,17.59303751814665,17.593198556062077,17.593378478750274,17.593577150922002,17.593794319585328,17.59402954451181,17.594282096545438,17.594550814132287,17.594833906641828,17.59512869464194,17.59543128081507,17.59573615472146,17.5960357568458,17.596320071416176,17.59657640589194,17.596789673310614,17.596943727474763,17.597024449388183,17.59702444939002,17.596943727451343,17.59678967327958,17.596576405836064,17.596320071366357,17.596035756793263,17.59573615467471,17.595431280768317,17.59512869458287,17.594833906576973,17.5945508140892,17.594282096492698,17.59402954446454,17.593794319557585,17.593577150899904,17.593378478745226,17.593198556061402,17.593037518127105,17.592895429047257,17.592772311606897,17.592668166454004,17.592582983523698,17.59251674904476,17.592469449658125,17.592441074578517,17.592431617021415
17.592435128540153,17.592444585927968,17.592472960403818,17.592520258775416,17.592586491783038,17.592671672834783,17.592775815562618,17.592898930017594,17.593041015587648,17.59320204939235,17.593381967335617,17.59358063405193,17.59379779653501,17.594033014492165,17.594285558791334,17.594554267860953,17.594837351082834,17.595132129125517,17.59543470476263,17.595739567788538,17.596039158973493,17.596323462959308,17.596579787758397,17.596793047039277,17.59694709526948,17.597027814075055,17.597027814060755,17.59694709524724,17.596793047001526,17.596579787732267,17.596323462938468,17.59603915894677,17.5957395677531,17.595434704708044,17.59513212906679,17.594837351037583,17.594554267812477,17.59428555875665,17.59403301445945,17.593797796504553,17.593580634036446,17.593381967346534,17.593202049418217,17.593041015613984,17.59289893000687,17.59277581552438,17.592671672788775,17.592586491773424,17.59252025877318,17.5924729603996,17.592444585956397,17.592435128589454
17.59244098266467,17.592450439579274,17.59247881310365,17.59252610979323,17.592592340336388,17.592677518169314,17.592781656892036,17.592904766505008,17.593046846305633,17.59320787331467,17.593387783390618,17.5935864410568,17.59380359328791,17.59403879971748,17.5942913311801,17.59456002609649,17.59484309390038,17.595137855381044,17.595440413529452,17.59574525845956,17.596044831460663,17.596329117862105,17.596585426566495,17.596798672291357,17.5969527106584,17.597033424260545,17.59703342425872,17.59695271065467,17.59679867228406,17.59658542656433,17.596329117848843,17.59604483145017,17.595745258440527,17.59544041348999,17.59513785534274,17.594843093870242,17.59456002606611,17.59429133115099,17.59403879969195,17.593803593270504,17.593586441047755,17.59338778339472,17.593207873336233,17.593046846323876,17.592904766518952,17.592781656893,17.592677518152595,17.5925923403164,17.59252610973131,17.592478813065398,17.592450439623764,17.592440982590013
17.59244918106483,17.59245863771966,17.592487009748762,17.59253430405085,17.592600531293623,17.592685704749808,17.592789837992516,17.592912940891363,17.593055012680992,17.593216030312067,17.59339592945513,17.593594574626522,17.593811712617097,17.594046903021606,17.59429941664765,17.594568091867988,17.594851138226435,17.595145876637545,17.595448410396045,17.595753230107967,17.59605277774984,17.59633703961074,17.596593325834313,17.596806552633097,17.59696057722137,17.59704128357626,17.59704128357937,17.596960577205657,17.596806552632884,17.596593325829534,17.596337039618373,17.596052777758334,17.595753230097642,17.595448410375663,17.595145876618652,17.59485113821172,17.594568091865074,17.594299416635856,17.594046903021383,17.59381171259667,17.59359457460797,17.593395929442927,17.593216030314775,17.59305501270331,17.592912940899872,17.592789837996555,17.59268570474249,17.592600531307433,17.592534304049718,17.592487009721587,17.59245863766833,17.592449181087666
17.592459727002588,17.592469182955657,17.59249755327221,17.592544844663276,17.59261106772822,17.5926962356602,17.59280036195226,17.5929234564028,17.593065518102843,17.59322652382054,17.593406409169514,17.59360503843647,17.593822158358364,17.59405732843325,17.59430981931862,17.594578469469845,17.594861488439495,17.595156197387706,17.595458699992083,17.595763487454224,17.596063002640868,17.596347233085275,17.59660349050937,17.596816693058255,17.596970699966555,17.59705139701541,17.5970513969996,17.596970699974865,17.596816693056457,17.59660349051045,17.596347233093145,17.59606300264096,17.595763487439186,17.59545869997857,17.595156197383954,17.59486148843765,17.594578469466022,17.59430981933061,17.594057328427724,17.593822158366713,17.59360503841152,17.593406409159336,17.593226523824907,17.593065518096083,17.59292345641899,17.5928003619557,17.592696235667674,17.59261106772581,17.592544844667536,17.592497553280346,17.592469182961963,17.592459726962147
17.592472623878752,17.592482079127848,17.59251044742629,17.59255773531892,17.59262395342019,17.592709114790843,17.592813232837194,17.59293631720766,17.593078366813586,17.593239358317824,17.593419227098394,17.593617837305942,17.59383493552297,17.594070081051452,17.594322544533963,17.59459116434853,17.594874150182335,17.595168823444805,17.59547128825502,17.59577603655722,17.596075512313874,17.59635970453883,17.59661592694027,17.596829099966214,17.59698308537634,17.597063771090287,17.597063771106203,17.596983085376728,17.596829099972368,17.596615926962258,17.596359704545474,17.596075512291712,17.59577603653404,17.595471288228087,17.595168823427976,17.594874150183937,17.59459116435098,17.59432254453616,17.59407008105701,17.59383493550115,17.593617837316433,17.593419227091818,17.593239358310488,17.593078366829552,17.592936317209144,17.592813232854375,17.592709114791177,17.592623953419164,17.592557735333344,17.5925104474286,17.59248207917391,17.592472623847808
17.592487876098986,17.592497330677837,17.592525696624676,17.59257298057031,17.592639192995208,17.59272434689139,17.59282845550539,17.592951528322253,17.5930935640848,17.59325453921393,17.593434388887538,17.593632977075316,17.59385005011274,17.59408516716105,17.594337598733162,17.594606183205826,17.59488913036103,17.595183761880286,17.595486182426125,17.595790884825192,17.5960903143109,17.596374461701984,17.596630642955674,17.59684378128362,17.596997741382634,17.59707841378032,17.59707841378556,17.59699774138748,17.596843781292883,17.596630642951716,17.596374461695735,17.59609031430681,17.595790884799204,17.595486182398613,17.595183761862927,17.5948891303464,17.594606183202462,17.594337598727172,17.594085167139898,17.593850050098546,17.593632977062562,17.59343438888423,17.593254539209468,17.593093564093824,17.59295152834356,17.592828455521047,17.592724346896507,17.59263919300018,17.5925729805749,17.592525696628595,17.59249733071068,17.59248787615995
17.592505488951637,17.59251494272963,17.5925433060636,17.592590585658265,17.592656791859813,17.592741937492985,17.592846035696873,17.59296909568139,17.593111116005808,17.593272072853125,17.593451901142164,17.593650464572416,17.593867509239416,17.59410259410917,17.594354989572707,17.59462353393535,17.594906437096864,17.595201021060486,17.595503391123557,17.595808041091033,17.596107417681054,17.596391513705832,17.596647647785787,17.59686074633601,17.597014677425065,17.597095334545962,17.59709533453644,17.597014677437095,17.596860746339523,17.59664764778696,17.59639151368991,17.59610741765442,17.595808041068047,17.595503391112075,17.595201021050517,17.59490643708084,17.594623533905803,17.59435498955698,17.59410259409195,17.59386750921495,17.59365046454988,17.593451901118332,17.593272072854052,17.593111116016342,17.592969095690183,17.592846035695636,17.592741937505643,17.592656791857856,17.592590585663775,17.59254330607233,17.592514942722755,17.59250548903992
17.59252546819651,17.592534921052902,17.592563281655803,17.592610556607493,17.592676756117324,17.59276189291958,17.592865979854032,17.59298902598774,17.59313102957772,17.59329196649545,17.593471771398164,17.59367030763754,17.593887321064752,17.594122370408183,17.59437472584687,17.594643225652487,17.59492607982257,17.59522061072171,17.595522924320488,17.595827515551214,17.596126832771564,17.596410871115225,17.59666695221798,17.596880005998923,17.59703390445418,17.597114544351587,17.59711454435389,17.59703390445121,17.596880006004003,17.59666695221189,17.596410871114543,17.59612683275259,17.595827515528818,17.595522924306785,17.595220610705038,17.594926079784553,17.594643225631728,17.594374725820515,17.594122370385417,17.593887321057753,17.593670307606967,17.59347177138018,17.593291966483093,17.59313102957364,17.592989025996907,17.59286597985476,17.59276189290635,17.592676756107775,17.59261055659276,17.59256328164356,17.59253492105221,17.592525468255868
17.592547820262567,17.592557272161315,17.592585629907628,17.59263290001339,17.592699092587956,17.59278422011284,17.59288829525097,17.593011326762078,17.59315331258805,17.593314228291682,17.593494008123344,17.59369251514605,17.59390949485559,17.594144505657166,17.594396817548976,17.594665268695625,17.594948069208797,17.595242541843096,17.59554479332647,17.595849319800532,17.596148571472387,17.596432546053354,17.59668856844401,17.596901572685514,17.597055434932265,17.597136055743906,17.597136055746123,17.597055434922545,17.596901572678142,17.596688568451693,17.59643254604416,17.596148571454698,17.595849319785227,17.595544793321334,17.595242541830444,17.594948069192025,17.594665268652033,17.594396817510663,17.594144505639463,17.593909494825272,17.593692515141004,17.593494008106,17.59331422827401,17.59315331258795,17.593011326757853,17.592888295246926,17.59278422009776,17.592699092568353,17.59263289999918,17.592585629884013,17.592557272120946,17.59254782029447
17.59257255211745,17.592582003030714,17.592610357916307,17.59265762315958,17.592723808667326,17.59280892676607,17.592912989818714,17.59303600625621,17.593177973674873,17.59333886722368,17.593518620775615,17.593717096957807,17.59393404084642,17.59416901054686,17.59442127577398,17.59468967459696,17.59497241722775,17.595266826810107,17.595569010855716,17.59587346687958,17.596172647108226,17.596456552039673,17.59671251032533,17.596925460296355,17.59707928290192,17.597159882825018,17.59715988281732,17.597079282896352,17.59692546028142,17.59671251032475,17.596456552037854,17.596172647093297,17.595873466867687,17.59556901084922,17.595266826800007,17.594972417201642,17.594689674578493,17.59442127575561,17.594169010519863,17.593934040830227,17.593717096923402,17.59351862075455,17.59333886721362,17.593177973662183,17.593036006253648,17.592912989810255,17.592808926761723,17.592723808662257,17.592657623131586,17.592610357889203,17.592582003004708,17.592572552087915
17.592599671230108,17.592609121229273,17.592637473317225,17.592684733787166,17.592750912393015,17.59283602115866,17.59294007215379,17.593063073447,17.59320502221345,17.593365893143236,17.593545619622255,17.59374406379607,17.593960970317262,17.594195896863464,17.59444811284772,17.59471645617171,17.59499913712826,17.595293479275337,17.595595591019404,17.595899971277536,17.596199074481948,17.596482904240112,17.596738793142684,17.59695168436668,17.59710546403681,17.59718604129559,17.597186041294556,17.59710546402747,17.5969516843752,17.596738793129433,17.596482904229127,17.59619907446685,17.595899971268,17.59559559100912,17.59529347926893,17.59499913711286,17.594716456150426,17.59444811282945,17.59419589685032,17.593960970306217,17.59374406378233,17.5935456195992,17.5933658931113,17.59320502219533,17.593063073440096,17.592940072153898,17.59283602115912,17.592750912384687,17.592684733785497,17.59263747330357,17.592609121179077,17.5925996711909
17.592629185559673,17.592638634668177,17.59266698419373,17.592714240199705,17.59278041224735,17.59286551210281,17.59296955144055,17.593092537949868,17.593234468284415,17.593395316613194,17.59357501579273,17.593773427411296,17.593990295577683,17.594225177489825,17.59447734218711,17.59474562738661,17.59502824343912,17.59532251433839,17.595624549324384,17.595928848941355,17.596227869963588,17.596511619299754,17.596767433860016,17.596980262077757,17.597133995636973,17.597214548546198,17.59721454853708,17.597133995630173,17.59698026207528,17.596767433855344,17.59651161927709,17.59622786995638,17.595928848930267,17.595624549319247,17.59532251431423,17.59502824343691,17.594745627386683,17.594477342161472,17.594225177475362,17.593990295567007,17.593773427398805,17.593575015771957,17.593395316589657,17.593234468259976,17.593092537945065,17.59296955145668,17.592865512100413,17.592780412256758,17.59271424019016,17.59266698416846,17.592638634648843,17.592629185504435
17.592661103320037,17.59267055171945,17.592698898951767,17.592746150994518,17.592812317158256,17.592897408849502,17.593001437413523,17.593124409965206,17.593266322633177,17.59342714899436,17.59360682126246,17.593805200384196,17.594022029864657,17.594256866326884,17.594508978380336,17.59477720348311,17.595059752032807,17.595353948370608,17.59565590277585,17.595960117355364,17.596259051454396,17.59654271551032,17.596798451104082,17.597011212272285,17.597164896687186,17.59724542365214,17.597245423649237,17.59716489668625,17.59701121225648,17.59679845109705,17.59654271549428,17.596259051433567,17.595960117354334,17.595655902759166,17.59535394836549,17.595059752037912,17.594777203470898,17.594508978370445,17.594256866312538,17.59402202984982,17.593805200370348,17.593606821238506,17.593427148967326,17.5932663226126,17.593124409960915,17.593001437425066,17.592897408887072,17.59281231715941,17.592746150987658,17.592698898929335,17.592670551688773,17.59266110328866
17.592695433048455,17.592704880854793,17.59273322626758,17.592780475088507,17.592846636354746,17.59293172113447,17.593035740220067,17.593158700209255,17.59330059659732,17.593461402272457,17.593641048731573,17.593839396184418,17.594056187390223,17.594290978345757,17.594543037144266,17.594811200934362,17.59509368004067,17.595387799271634,17.595689669797984,17.595993795543738,17.59629263848022,17.596576212828058,17.596831865179436,17.59704455550721,17.597198187975845,17.59727868747587,17.597278687489286,17.597198187966306,17.597044555501093,17.596831865160595,17.596576212810035,17.596292638471386,17.59599379553687,17.595689669792545,17.595387799272174,17.595093680034623,17.59481120092622,17.594543037141637,17.594290978334385,17.5940561873678,17.59383939615983,17.59364104871166,17.593461402257372,17.593300596581546,17.593158700205,17.593035740230434,17.59293172114249,17.592846636373775,17.592780475086823,17.592733226256303,17.59270488083353,17.59269543302287
17.59273218330421,17.592741630742417,17.592769974967332,17.592817221598455,17.59288337935367,17.592968458844467,17.5930724703485,17.593195419826507,17.59333730203713,17.593498089099747,17.593677711651303,17.593876029063395,17.594092783283127,17.594327529565042,17.594579535365842,17.59484763742045,17.595130046007494,17.59542408625349,17.595725870394368,17.596029904114527,17.596328652212048,17.59661213295554,17.59686769814151,17.597080314184637,17.597233892078652,17.597314362740054,17.597314362729975,17.597233892092706,17.597080314176218,17.59686769811868,17.596612132935164,17.59632865220774,17.596029904114754,17.59572587039997,17.59542408625716,17.59513004599644,17.594847637413082,17.59457953535177,17.59432752954828,17.5940927832684,17.593876029040814,17.593677711630473,17.5934980890821,17.593337302037543,17.593195419827364,17.593072470351103,17.592968458850887,17.59288337935077,17.592817221596125,17.592769974958976,17.592741630733652,17.59273218329765
17.592771362711062,17.59278081003575,17.59280915388706,17.59285639964666,17.592922555684062,17.593007632111068,17.59311163858854,17.593234580320622,17.59337645127069,17.59353722263202,17.59371682411119,17.593915114099445,17.594131833611588,17.594366537002262,17.594618491031216,17.594886531915815,17.595168869761633,17.595462830082443,17.595764526090676,17.59606846533323,17.596367115584965,17.59665049930435,17.59690597391537,17.59711851255298,17.597272033526938,17.59735247402919,17.597352474035393,17.59727203352374,17.597118512560066,17.596905973898604,17.59665049929111,17.596367115576594,17.596068465331474,17.595764526101068,17.595462830087598,17.59516886976254,17.59488653189686,17.594618491010863,17.594366536990176,17.594131833589593,17.593915114084986,17.593716824096585,17.59353722262768,17.593376451262905,17.593234580311986,17.5931116385858,17.59300763211299,17.59292255568727,17.592856399643384,17.59280915387941,17.592780810028533,17.5927713627136
17.59281297962868,17.592822427215893,17.592850771715106,17.592898018312525,17.592964174927303,17.593049251115772,17.593153255820717,17.593276193435372,17.59341805694819,17.593578816541978,17.59375840082499,17.593956667101473,17.59417335526599,17.594408018716347,17.594659923285732,17.594927904618462,17.595210172596804,17.59550405299737,17.595805660021416,17.59610950315843,17.596408053257136,17.59669133721994,17.59694671832235,17.59715917686698,17.597312638785386,17.597393047992835,17.597393047988085,17.597312638794534,17.59715917686482,17.596946718318996,17.59669133720851,17.596408053251285,17.596109503174763,17.595805660018,17.59550405300124,17.595210172590086,17.5949279046097,17.594659923271166,17.594408018690483,17.59417335526131,17.593956667088975,17.59375840082471,17.59357881652673,17.59341805693277,17.59327619342176,17.593153255816055,17.593049251114852,17.59296417492053,17.592898018309,17.592850771721256,17.592822427223425,17.59281297963039
17.59285704220232,17.592866490435316,17.59289483689411,17.592942086409845,17.59300824645346,17.59309332593518,17.593197332990083,17.59332027102409,17.593462131991842,17.593622884875273,17.593802457063767,17.594000704552545,17.594217366051943,17.594451993712216,17.594703852420245,17.59497177706157,17.595253977176583,17.59554777876694,17.595849296989844,17.596153043329313,17.596451491805716,17.59673467395334,17.59698995922112,17.59720233539077,17.597355736436437,17.597436113352245,17.597436113374286,17.597355736443422,17.597202335387546,17.59698995921872,17.5967346739444,17.59645149182009,17.596153043327707,17.5958492969991,17.595547778758707,17.595253977176792,17.594971777060422,17.594703852404308,17.59445199369691,17.59421736603678,17.594000704558947,17.59380245704891,17.593622884864523,17.593462131975194,17.593320271012818,17.593197332974313,17.593093325928447,17.593008246449692,17.592942086412577,17.592894836905252,17.592866490440848,17.592857042175076
17.592903557921296,17.592913007376676,17.592941357348902,17.592988612347828,17.59305477931591,17.59313986641787,17.593243880854335,17.593366824981562,17.59350868948565,17.593669442021394,17.59384900853708,17.594047243631568,17.594263884510887,17.594498482021287,17.594750299866863,17.595018172052207,17.595300307656522,17.595594032767643,17.595895463548874,17.596199113433354,17.596497459732152,17.596780538814734,17.597035726570645,17.597248018559696,17.597401357280678,17.597481701096804,17.597481701092583,17.59740135730299,17.597248018560737,17.597035726553273,17.596780538833183,17.59649745973881,17.59619911343062,17.59589546355102,17.595594032772212,17.595300307648518,17.59501817205417,17.594750299867282,17.59449848201184,17.594263884498908,17.594047243617144,17.593849008532914,17.593669442002415,17.59350868946719,17.593366824967912,17.59324388084996,17.59313986640917,17.593054779318972,17.592988612352745,17.592941357346497,17.59291300737241,17.592903557912415
17.592952533664484,17.592961984968174,17.592990340329553,17.59303760390842,17.593103782018467,17.59318888198557,17.593292909968753,17.593415867059765,17.593557742544217,17.593718502542274,17.593898071405253,17.594096302033336,17.59431293001168,17.594547504634978,17.594799288227335,17.59506711375688,17.595349189648974,17.59564284207476,17.5959441880499,17.596247742989203,17.596545987615986,17.59682896327942,17.59708405252117,17.597296259149466,17.59744953444647,17.597529844494794,17.597529844508884,17.59744953445111,17.597296259151904,17.597084052525858,17.5968289632863,17.596545987619653,17.596247742987316,17.595944188048936,17.595642842079148,17.59534918965638,17.59506711376073,17.594799288232217,17.59454750462353,17.59431292999652,17.594096302022578,17.593898071392207,17.593718502525984,17.593557742520396,17.59341586704263,17.593292909963914,17.593188881995378,17.593103782024635,17.593037603910393,17.592990340321503,17.592961984960255,17.592952533656117
17.593003975254696,17.593013429157175,17.5930417921804,17.593089068034633,17.59315526234521,17.593240381480285,17.59334443038395,17.593467408720983,17.59360930418208,17.593770081139187,17.593949662094744,17.59414789803532,17.594364522665558,17.594599083484507,17.594850841269015,17.595118627681085,17.595400650398947,17.595694235486324,17.595995500736006,17.596298963588108,17.59659710820052,17.596879981055537,17.597134971674347,17.597347092318135,17.597500303519286,17.597580579392,17.597580579395405,17.597500303528918,17.597347092317364,17.597134971680077,17.596879981059466,17.596597108198836,17.596298963593348,17.595995500732567,17.595694235485695,17.595400650410994,17.59511862769218,17.594850841270755,17.594599083482578,17.594364522650647,17.594147898016328,17.593949662076078,17.59377008112391,17.593609304163767,17.593467408705617,17.59334443038146,17.593240381483653,17.593155262360824,17.593089068039678,17.593041792175487,17.593013429152133,17.59300397524187
17.593057887291113,17.59306734469193,17.59309571803622,17.5931430105714,17.59320922710359,17.593294372896214,17.59339845149972,17.593521460982824,17.59366338717927,17.593824192495013,17.594003797271842,17.59420205034999,17.594418683274196,17.594653241495962,17.59490498394269,17.59517274079289,17.595454718759203,17.595748243606316,17.59604943388385,17.596352808969293,17.596650856532914,17.5969336283413,17.5971885210602,17.597400555858396,17.597553702742754,17.597633944250372,17.597633944259552,17.597553702738097,17.597400555861185,17.597188521071114,17.59693362833542,17.596650856532502,17.596352808971496,17.596049433884126,17.595748243603783,17.59545471875917,17.595172740800063,17.594904983949895,17.594653241498552,17.59441868326615,17.594202050333127,17.59400379725423,17.59382419247694,17.593663387170597,17.593521460969423,17.59339845149049,17.593294372899354,17.59320922712126,17.593143010579766,17.593095718043095,17.5930673446824,17.593057887279
17.593114272784735,17.593123734733936,17.59315212158925,17.59319943598851,17.59326568185059,17.593350863139506,17.593454981864557,17.593578034191697,17.593720003919746,17.593880851115284,17.59406049373214,17.594258778126182,17.594475433342083,17.59471000252425,17.594961742436805,17.595229481527802,17.595511425262018,17.595804899010645,17.59610602187908,17.596409315199683,17.596707270125737,17.59698994384646,17.597244740499615,17.597456690277145,17.597609773194936,17.59768998041393,17.5976899803966,17.597609773195927,17.597456690284087,17.597244740499,17.596989943855984,17.596707270116394,17.596409315196507,17.596106021880544,17.595804899001923,17.595511425253193,17.595229481524918,17.594961742447317,17.594710002532373,17.594475433340644,17.594258778108436,17.59406049372521,17.593880851110654,17.59372000390799,17.59357803418204,17.59345498184963,17.59335086314285,17.593265681851946,17.593199436006813,17.59315212159683,17.593123734748225,17.593114272760133
17.593173132848023,17.593182600621383,17.593211004673687,17.593258347054128,17.593324630576838,17.593409857787037,17.593514028850876,17.593637137865237,17.593779166177633,17.593940071253147,17.594119768310247,17.594318100804017,17.59453479504138,17.594769391394856,17.595021144205006,17.59528887983273,17.595570802289703,17.595864236290353,17.596165301417393,17.596468520774007,17.59676638910546,17.597048969150645,17.597303672590893,17.59751553914051,17.59766855895987,17.59774873224429,17.59774873224724,17.597668558951334,17.597515539134143,17.597303672607307,17.597048969148002,17.59676638910832,17.59646852076752,17.59616530140058,17.59586423628365,17.595570802282516,17.595288879824658,17.595021144207468,17.59476939139892,17.594534795041763,17.594318100812362,17.594119768303354,17.593940071249037,17.59377916616176,17.593637137858035,17.593514028851892,17.59340985777683,17.59332463057824,17.593258347065756,17.593211004692584,17.59318260062206,17.593173132844775
17.59323446631297,17.593243941340507,17.59327236695392,17.593319744438084,17.59338607540548,17.59347136071779,17.593575598497765,17.593698780370346,17.593840884941397,17.594001866725684,17.59418163769948,17.59438003817072,17.59459679114539,17.594831433914624,17.59508321798806,17.59535096730515,17.595632884127102,17.595926292277667,17.596227311560313,17.596530466871556,17.596828256474826,17.597110748724763,17.597365363158154,17.597577149111903,17.59773010739816,17.59781024745461,17.597810247453246,17.597730107390362,17.597577149117658,17.5973653631568,17.597110748728834,17.596828256476062,17.59653046685942,17.596227311549438,17.59592629226449,17.595632884122033,17.595350967299684,17.595083217978647,17.59483143391532,17.59459679114851,17.594380038177324,17.594181637702476,17.59400186671244,17.593840884949465,17.5936987803667,17.5935755984882,17.593471360712137,17.593386075403593,17.593319744449367,17.593272366970798,17.59324394135403,17.593234466311312
17.593298269186324,17.593307753189027,17.59333620543323,17.59338362635942,17.593450016166717,17.593535373821435,17.593639695064546,17.593762968708507,17.593905170236912,17.594066250680388,17.594246118472185,17.594444610156444,17.594661445035698,17.594896156888638,17.595147993918598,17.595415777283968,17.59569770713342,17.5959911060972,17.59629209406981,17.59659519751099,17.59689291825386,17.59717533033933,17.59742986126267,17.59764157039422,17.597794469382656,17.59787457726268,17.597874577254018,17.597794469375234,17.597641570397272,17.597429861267518,17.597175330337826,17.596892918249935,17.596595197506876,17.596292094053823,17.595991106095074,17.595697707125773,17.595415777273406,17.595147993903623,17.594896156885145,17.59466144504377,17.59444461014984,17.59424611847286,17.59406625069277,17.593905170238756,17.593762968712284,17.593639695057995,17.59353537381812,17.593450016161775,17.593383626369615,17.593336205454655,17.593307753210418,17.59329826919421
17.593364534253634,17.593374029207414,17.593402513990583,17.59344998804737,17.593516449976768,17.593601896564163,17.593706320770625,17.59382970823129,17.593972030781178,17.594133235547112,17.594313226808737,17.594511836821265,17.594728780722434,17.59496358816124,17.595215503598478,17.59548334495065,17.59576530987619,17.596058719497044,17.596359693480057,17.596662759836427,17.59696042379474,17.597242765184582,17.59749721968911,17.597708856866245,17.597861699592052,17.597941776722017,17.597941776703866,17.597861699579695,17.597708856869936,17.59749721968873,17.597242765187275,17.596960423790353,17.596662759824312,17.596359693484665,17.59605871948148,17.595765309871513,17.59548334494462,17.595215503583013,17.59496358815286,17.59472878072062,17.594511836820157,17.594313226806488,17.594133235559823,17.593972030795467,17.593829708231674,17.593706320769936,17.59360189655358,17.593516449993874,17.593449988062616,17.593402514010588,17.593374029229043,17.59336453424108
17.59343325038589,17.593442758606763,17.593471282793335,17.59351882125576,17.59358537075941,17.593670925521195,17.59377547538572,17.593899002265587,17.59404147383096,17.59420283272787,17.59438297841463,17.59458173835349,17.594798822773495,17.59503375667385,17.595285780190743,17.59555370753353,17.595835733362808,17.59612917693501,17.596430157518057,17.596733204312837,17.597030826033908,17.597313108300938,17.597567495088693,17.597779066477248,17.597931856806387,17.598011905026844,17.598011905016502,17.597931856782015,17.597779066472903,17.597567495093617,17.597313108301115,17.59703082602896,17.596733204310176,17.5964301575008,17.59612917694117,17.595835733354008,17.59555370752143,17.595285780190817,17.595033756662794,17.59479882276217,17.594581738352733,17.594382978417766,17.594202832731053,17.594041473845007,17.593899002264806,17.593775475386668,17.593670925540025,17.59358537077717,17.593518821277844,17.593471282811546,17.59344275861428,17.59343325039226
17.59350440195128,17.593513926106823,17.593542497661872,17.59359011363226,17.593656768622846,17.593742453936382,17.593847155779756,17.593970851772085,17.594113504842333,17.594275052386518,17.594455388465818,17.59465433489785,17.594871596377455,17.59510669254385,17.595358858621623,17.59562690443983,17.595909021237,17.59620252601401,17.59650353718833,17.596806585145128,17.597104181850824,17.597386418797967,17.597640748427974,17.59785226154522,17.598005004232732,17.59808502589233,17.59808502588341,17.5980050042183,17.597852261530942,17.59764074843318,17.59738641879568,17.597104181848398,17.59680658513317,17.596503537191285,17.59620252600264,17.59590902122413,17.59562690443524,17.595358858619758,17.595106692546384,17.594871596371277,17.594654334888368,17.594455388460783,17.59427505239617,17.594113504839576,17.593970851778256,17.59384715579109,17.59374245396466,17.593656768648536,17.593590113660284,17.593542497682353,17.593513926123187,17.593504401950675
17.593577967964016,17.59358751116562,17.593616139350555,17.59366384801666,17.59373062928743,17.593816471095206,17.593921355405882,17.594045254949524,17.594188127108136,17.594349903326382,17.594530471345017,17.594729646589283,17.59494712737592,17.5951824272265,17.595434775654535,17.59570297754974,17.595985220117655,17.596278817596524,17.59657988734292,17.59688296053728,17.597180552413505,17.597462760302562,17.59771704529792,17.597928509116173,17.598081209967184,17.5981612078689,17.598161207860993,17.59808120996184,17.597928509112126,17.597717045291933,17.59746276030574,17.597180552400104,17.596882960532906,17.596579887335412,17.596278817585926,17.595985220108233,17.59570297754615,17.595434775659953,17.595182427220966,17.594947127376425,17.594729646582277,17.594530471342157,17.594349903319035,17.594188127112783,17.594045254962595,17.593921355426026,17.59381647111438,17.59373062931821,17.593663848048237,17.59361613937795,17.59358751119126,17.593577967967445
17.59365392128562,17.59366348713269,17.593692182679206,17.593740001652748,17.593806933316678,17.59389296165924,17.59399806378401,17.59412220673344,17.594265341496452,17.594427392612616,17.594608240608224,17.594807693514795,17.59502544234,17.595260993564896,17.595513570236502,17.595781971466554,17.596064379849793,17.596358106390642,17.59665926688817,17.59696239318035,17.597260003581287,17.597542201354987,17.59779645633363,17.598007881457693,17.59816054728596,17.59824052477471,17.59824052478704,17.598160547287097,17.59800788144516,17.597796456325437,17.59754220135542,17.597260003574558,17.596962393171186,17.59665926687411,17.59635810638227,17.59606437985047,17.595781971465307,17.595513570225148,17.595260993572296,17.595025442334062,17.59480769351567,17.594608240604668,17.59442739261527,17.594265341500716,17.59412220674732,17.593998063799486,17.593892961672097,17.59380693334792,17.593740001677784,17.593692182709578,17.593663487168307,17.593653921307066
17.593732227540766,17.593741820228285,17.5937705955683,17.593818545280715,17.593885655271478,17.593971904962928,17.594077265843822,17.59420169830511,17.59434514597616,17.594507525424113,17.594688708816566,17.5948884956796,17.595106568645768,17.595342426128834,17.595595283667954,17.595863933898524,17.596146554023935,17.596440451212757,17.596741739369293,17.59704495065833,17.59734260641162,17.59762481585422,17.5978790577053,17.598090456387173,17.598243095146984,17.59832305613156,17.59832305613261,17.598243095145133,17.598090456371615,17.597879057697952,17.59762481584588,17.597342606415793,17.59704495064175,17.596741739357974,17.596440451207958,17.59614655402144,17.595863933893266,17.59559528367269,17.595342426110864,17.59510656865365,17.594888495692654,17.594688708817948,17.594507525424987,17.59434514598502,17.59420169831247,17.594077265849695,17.593971904988415,17.59388565527452,17.593818545306064,17.593770595605818,17.593741820274275,17.593732227576506
17.593812844008767,17.593822468366955,17.593851337945033,17.59389944207346,17.593966762758406,17.594053274173476,17.59415894117076,17.594283716515907,17.594427535256877,17.59459030472651,17.594771887402427,17.594972073086186,17.595190534679663,17.595426761325964,17.59567996011037,17.595948916092354,17.596231800358222,17.596525915625612,17.596827373429342,17.59713070601618,17.597428437675095,17.59771068356273,17.597964931544436,17.598176317822233,17.59832893860616,17.59840888753958,17.598408887551482,17.598328938593184,17.59817631780489,17.59796493153443,17.597710683551856,17.597428437665517,17.59713070602225,17.596827373418293,17.596525915617782,17.596231800347038,17.595948916093576,17.59567996009919,17.59542676133102,17.59519053468143,17.594972073093736,17.59477188741909,17.594590304719965,17.594427535268636,17.594283716531056,17.594158941185704,17.594053274169436,17.593966762771856,17.593899442088556,17.593851337982468,17.593822468413542,17.593812844046962
17.59389571820066,17.593905379867017,17.59393436042079,17.593982646417842,17.594050215376896,17.594137035241815,17.594243063257682,17.594368243248724,17.594512500298737,17.594675730972096,17.59485778665032,17.595058445731876,17.59527736998021,17.59551403795767,17.595767646912424,17.596036973365347,17.59632018134395,17.596614568492157,17.596916243457425,17.597219738402465,17.59751758037108,17.59779989066092,17.598054166526296,17.598265556189144,17.59841816927741,17.59849811123886,17.59849811123124,17.598418169275455,17.598265556166503,17.598054166503115,17.59779989065972,17.597517580362968,17.597219738394816,17.596916243462974,17.59661456847792,17.596320181341653,17.596036973347683,17.59576764690483,17.595514037964584,17.59527736998597,17.59505844573809,17.594857786655197,17.594675730991188,17.59451250030213,17.59436824326604,17.594243063272494,17.59413703524531,17.594050215383266,17.59398264643516,17.593934360441796,17.593905379910986,17.59389571826978
17.59398078635248,17.5939904918537,17.594019602811198,17.59406810257122,17.59413596334472,17.594223145899978,17.594329598541563,17.5944552546791,17.594600027755316,17.59476380191568,17.594946415487268,17.595147633777163,17.595367105673933,17.595604297482385,17.595858395266415,17.59612816574006,17.59641176497403,17.596706484698096,17.597008430359583,17.59731213363692,17.597610124442802,17.59789253037614,17.598146858293656,17.598358268980057,17.59851088583613,17.59859082642798,17.598590826425486,17.598510885825903,17.59835826896999,17.598146858279854,17.597892530352617,17.59761012443572,17.597312133628222,17.597008430354908,17.596706484697332,17.596411764958955,17.5961281657357,17.595858395265225,17.59560429747807,17.595367105673386,17.595147633779046,17.594946415507522,17.5947638019296,17.59460002776137,17.59445525469179,17.594329598554836,17.594223145917834,17.59413596335787,17.59406810258081,17.594019602838692,17.59399049190612,17.593980786386073
17.594067971565305,17.59407772849099,17.594106992425584,17.594155742961835,17.59422394613943,17.594311554303893,17.594418505325333,17.59454472043288,17.594690099524076,17.594854512146807,17.59503778155727,17.59523965775194,17.595459774733932,17.5956975847037,17.595952260877272,17.59622255882903,17.596506625503835,17.596801746094616,17.59710402225421,17.5974079850927,17.59770616746042,17.597988703469092,17.59824311013672,17.598454561205457,17.598607194378705,17.598687139775713,17.598687139774032,17.598607194375575,17.59845456120173,17.59824311011282,17.597988703452916,17.59770616744296,17.59740798507998,17.597104022238284,17.596801746096574,17.596506625499806,17.596222558825993,17.595952260879077,17.59569758469873,17.5954597747253,17.595239657758118,17.595037781568998,17.594854512156875,17.594690099537367,17.594544720437355,17.59441850534755,17.594311554329416,17.594223946156742,17.5941557429874,17.594106992455956,17.594077728510847,17.594067971601227
17.59415718172465,17.59416699887336,17.594196442030874,17.594245486371175,17.594314090715283,17.594402197555883,17.59450973256546,17.594636602687636,17.594782691963626,17.594947852938315,17.595131891121866,17.595334538782605,17.595555412589878,17.595793948470998,17.596049304896933,17.59632022469761,17.596604844583418,17.596900442370856,17.597203115506407,17.597507394493284,17.597805815290872,17.598088519043575,17.598343033407165,17.598554545802518,17.598707208834647,17.598787165691334,17.598787165696105,17.598707208852005,17.598554545789145,17.59834303337926,17.598088519019942,17.597805815281912,17.597507394477113,17.59720311549717,17.596900442357942,17.596604844584693,17.596320224698005,17.59604930489626,17.595793948467836,17.595555412588833,17.595334538781,17.595131891121977,17.594947852951094,17.594782691972707,17.594636602701183,17.59450973257974,17.59440219758868,17.59431409074734,17.594245486397043,17.594196442057342,17.59416699889699,17.59415718173631
17.594248306981743,17.59425819462704,17.594287847523518,17.594337235694613,17.594406309515804,17.594494999988218,17.594603218393775,17.594730855042563,17.594877775315044,17.595043811740883,17.59522874914345,17.595432298975577,17.59565405778635,17.595893442598175,17.596149594936875,17.596421243120204,17.596706512366314,17.59700267225381,17.597305815759377,17.59761047282913,17.597909182977745,17.598192094978938,17.59844674800978,17.59865834397535,17.598811051222484,17.59889102653919,17.59889102654163,17.598811051228708,17.59865834397872,17.598446747986422,17.59819209495462,17.59790918295897,17.597610472828666,17.59730581574654,17.597002672232406,17.596706512363912,17.596421243125484,17.596149594934342,17.595893442595816,17.595654057787023,17.595432298978437,17.595228749141647,17.595043811740187,17.594877775312618,17.59473085506015,17.594603218431683,17.594495000012724,17.59440630954533,17.594337235727718,17.594287847542674,17.594258194644222,17.594248307023953
17.594341216971532,17.594351187039614,17.594381085160407,17.594430875361567,17.594500498175098,17.59458987102677,17.59469888851615,17.5948274212507,17.59497531270456,17.59514237190321,17.5953283592815,17.595532961930175,17.595755752777105,17.595996126957104,17.59625320639114,17.59652570296272,17.596811728892032,17.597108544833404,17.59741223908419,17.59771734133959,17.598016395353678,17.59829955854939,17.59855438270325,17.59876608539219,17.59891885162526,17.598998852578625,17.598998852576596,17.598918851624685,17.598766085396665,17.598554382689873,17.59829955852355,17.598016395346814,17.59771734133224,17.597412239065036,17.597108544827353,17.596811728880382,17.596525702963234,17.596253206388628,17.59599612694902,17.59575575278617,17.59553296192972,17.595328359285368,17.595142371893363,17.59497531271156,17.594827421269443,17.59469888853928,17.594589871054364,17.594500498201892,17.59443087538503,17.594381085187297,17.594351187075144,17.594341216989942
17.59443575737654,17.594445823728883,17.594476008380138,17.594526268358646,17.594596532627957,17.594686702923774,17.594796654064908,17.594926233617013,17.59507525921613,17.59524351212683,17.59543072402532,17.595636553210262,17.59586054496987,17.59610206877795,17.596360224017424,17.596633703727584,17.59692060571698,17.597218180997434,17.59752251319839,17.597828132411912,17.598127587760498,17.59841104671505,17.59866607520581,17.598877907944168,17.599030747895227,17.59911078161457,17.599110781615973,17.59903074789541,17.598877907938697,17.598666075196626,17.598411046699976,17.59812758775378,17.597828132394888,17.59752251319085,17.597218180988566,17.596920605716342,17.596633703708964,17.596360224007267,17.596102068784308,17.595860544966964,17.595636553226598,17.59543072402096,17.595243512134626,17.59507525923049,17.594926233619127,17.59479665407383,17.594686702943715,17.594596532652073,17.594526268389426,17.59447600841614,17.594445823747957,17.594435757415397
17.59453174604165,17.594541924823652,17.59457244402901,17.594623252554502,17.59469426600956,17.59478536762228,17.594896409216208,17.595027211137545,17.595177560556305,17.595347205877246,17.59553584461962,17.59574310107692,17.595968487798363,17.596211344243432,17.596470743616063,17.596745357488558,17.597033267670344,17.597331714945934,17.597636778658362,17.597942990429356,17.598242906433544,17.598526706151866,17.598781971789236,17.598993957138468,17.599146884857245,17.599226958043882,17.599226958044202,17.59914688485482,17.598993957138433,17.598781971785424,17.598526706139015,17.598242906412622,17.597942990427914,17.59763677865286,17.59733171494131,17.597033267645802,17.596745357474614,17.596470743614727,17.59621134424531,17.595968487805038,17.5957431010831,17.595535844630998,17.595347205887094,17.59517756056791,17.595027211139715,17.594896409218926,17.594785367639385,17.59469426603171,17.59462325256985,17.594572444051977,17.59454192485841,17.59453174606085
17.594628968453836,17.59463927838127,17.59467018794024,17.59472163661695,17.594793524485247,17.594885713390923,17.594998028113444,17.595130257078843,17.59528215140717,17.595453420407893,17.595643721060526,17.595852637037456,17.596079642045833,17.596324040190314,17.596584874099324,17.596860790884413,17.597149854675283,17.597449295723226,17.597755189957194,17.598062072333974,17.598362508467723,17.598646692690156,17.598902226292523,17.59911438479937,17.599267412644583,17.59934753107817,17.599347531078806,17.599267412638408,17.599114384794824,17.59890222630373,17.598646692680305,17.598362508445177,17.598062072326883,17.59775518996727,17.597449295709175,17.59714985465465,17.596860790866938,17.596584874087895,17.5963240401957,17.59607964206437,17.595852637037154,17.5956437210778,17.5954534204242,17.59528215141252,17.595130257085238,17.59499802812059,17.59488571340415,17.594793524477403,17.594721636625128,17.594670187953668,17.594639278408252,17.59462896848995
17.59472717239421,17.59473763521606,17.59476899977135,17.59482119485728,17.59489410271097,17.594987560356827,17.595101361116647,17.595235255886873,17.59538895308083,17.59556211555647,17.595754351667413,17.595965196434737,17.596194077199957,17.596440255963373,17.59670273960108,17.596980147244007,17.597270523648326,17.59757108863576,17.597877916275753,17.598185547568598,17.598486561123252,17.598771169945614,17.599026998199832,17.59923934649636,17.599392483931847,17.599472651842266,17.599472651838575,17.599392483929403,17.599239346496905,17.599026998201268,17.598771169942978,17.59848656112134,17.59818554756016,17.597877916264743,17.597571088627845,17.597270523637068,17.59698014722852,17.596702739592892,17.59644025596955,17.59619407720308,17.595965196451456,17.595754351668372,17.595562115569532,17.595388953088502,17.59523525590406,17.595101361123167,17.594987560338872,17.59489410271854,17.594821194854195,17.594768999771688,17.59473763523336,17.594727172430304
17.59482606198178,17.594836702698014,17.59486859697325,17.594921661423236,17.594995757988187,17.59509069521369,17.59520622993696,17.595342069081234,17.595497870560433,17.595673241655227,17.595867732277963,17.596080818832657,17.59631187264583,17.59656010536105,17.596824481713554,17.59710358873998,17.597395450239194,17.597697276211413,17.59800514151746,17.598313597284186,17.59861524002845,17.598900306612624,17.59915644907828,17.599368997633064,17.599522249555484,17.59960246873944,17.599602468740436,17.59952224955546,17.599368997637907,17.59915644908068,17.59890030661832,17.59861524001835,17.598313597280207,17.598005141507535,17.597697276194253,17.59739545023921,17.597103588744186,17.59682448171173,17.59656010534507,17.596311872643092,17.596080818838356,17.595867732283526,17.59567324164968,17.595497870586644,17.595342069096546,17.595206229925505,17.59509069521229,17.594995757978996,17.59492166141522,17.594868596968478,17.594836702705525,17.594826061999175
17.594925290522696,17.594936137942923,17.594968647796424,17.595022723228293,17.59509820339103,17.595194864494726,17.595312421461642,17.5954505299332,17.59560878803453,17.595786736568435,17.595983854812133,17.59619954781492,17.59643311877877,17.596683718515017,17.596950261663,17.597231298405045,17.597524830045106,17.59782805846494,17.59813706342664,17.598446412101996,17.59874872565718,17.599034271844374,17.599290737211213,17.599503487214925,17.599656851833444,17.599737120624173,17.59973712062479,17.599656851841036,17.599503487215586,17.5992907372196,17.599034271848243,17.59874872564748,17.598446412092226,17.598137063422428,17.597828058466014,17.597524830038953,17.597231298399137,17.59695026165862,17.59668371850484,17.59643311877185,17.596199547803405,17.59598385481401,17.595786736586767,17.595608788038202,17.59545052993347,17.595312421459912,17.59519486447246,17.595098203382996,17.59502272322559,17.59496864779418,17.594936137951066,17.594925290536956
17.595024452968545,17.59503553984133,17.59506876328845,17.59512401174853,17.595201099337068,17.595299766255696,17.595419679763882,17.59556043610383,17.595721562949365,17.595902521286018,17.5961027045383,17.596321430194447,17.596557917734977,17.59681124362099,17.597080262362542,17.597363481619624,17.597658879247508,17.597963652048957,17.598273891060998,17.598584187800512,17.598887197498712,17.599173228136536,17.599430009236816,17.599642948765325,17.599796414983185,17.599876726873738,17.599876726876914,17.59979641499182,17.59964294877443,17.599430009236205,17.599173228142618,17.598887197491702,17.598584187782794,17.59827389105882,17.59796365205422,17.597658879238868,17.597363481609737,17.59708026234473,17.59681124362678,17.596557917727555,17.596321430180232,17.596102704532868,17.595902521278322,17.595721562949517,17.59556043609987,17.59541967975167,17.595299766253703,17.59520109933672,17.595124011749597,17.595068763302802,17.595035539842204,17.595024452975135
17.59512307717909,17.595134440491012,17.59516848821352,17.595225093408327,17.59530404356836,17.595405039617194,17.59552769567112,17.595671540000144,17.59583601746425,17.596020493309133,17.59622425587533,17.59644651424361,17.596686383657637,17.596942848417733,17.597214690107542,17.597500367300658,17.597797834129185,17.59810428773593,17.598415839852812,17.59872711829461,17.59903082505434,17.59931732054738,17.59957438819837,17.59978748745676,17.599941031651415,17.60002137369917,17.600021373703974,17.59994103164939,17.59978748746044,17.599574388206307,17.599317320546003,17.599030825046306,17.598727118280404,17.598415839853274,17.598104287730774,17.5977978341249,17.59750036728232,17.59721469010566,17.59694284840127,17.596686383647448,17.596446514234977,17.596224255850906,17.59602049330932,17.595836017452918,17.595671539992182,17.595527695683852,17.595405039617468,17.59530404357475,17.5952250934184,17.595168488227188,17.595134440489492,17.595123077200473
17.595220615028843,17.595232295835928,17.595267291129996,17.595325458737072,17.595406559020425,17.595510251766846,17.595636093375052,17.59578353549213,17.595951926650883,17.596140517139556,17.59634846603173,17.59657484662543,17.596818642345674,17.59707872163281,17.597353776378053,17.59764220830762,17.597941949215354,17.59825020550911,17.598563123757877,17.598875384780925,17.599179754443988,17.599466661509496,17.599723956913017,17.599937162523556,17.60009074474347,17.600171095684807,17.600171095666244,17.600090744731396,17.599937162525613,17.59972395692033,17.59946666151378,17.599179754442883,17.5988753847712,17.598563123744007,17.59825020550608,17.597941949199473,17.59764220829389,17.597353776364315,17.59707872162958,17.596818642326497,17.596574846605385,17.596348466041512,17.59614051712957,17.595951926644386,17.59578353549216,17.595636093374587,17.595510251776762,17.59540655901137,17.595325458750146,17.595267291142232,17.595232295853638,17.59522061504185
17.59531643328793,17.595328476305323,17.595364553892303,17.595424510067083,17.595508079719924,17.59561488193934,17.59574441289082,17.595896040278024,17.596069001982052,17.596262410734877,17.59647526566199,17.596706467680146,17.59695483085211,17.597219074922194,17.59749777980764,17.5977892814803,17.598091493725235,17.598401646830307,17.598715943159775,17.599029139951494,17.599334089772483,17.599621309933248,17.599878735648357,17.6000919640111,17.600245523717472,17.600325851850528,17.60032585185444,17.600245523707272,17.600091964011288,17.59987873565991,17.599621309936147,17.599334089773837,17.59902913993823,17.59871594314133,17.598401646822126,17.59809149371684,17.597789281472608,17.59749777979772,17.597219074911678,17.59695483084446,17.59670646767789,17.59647526564911,17.59626241073663,17.596069001986937,17.595896040273516,17.59574441287522,17.595614881922444,17.595508079720304,17.595424510084776,17.595364553902943,17.595328476328355,17.595316433306255
17.595409805397917,17.595422257966575,17.595459561109724,17.595521548580223,17.59560793450436,17.59571830168917,17.595852087703523,17.59600857210327,17.596186868461427,17.59638592617873,17.596604545435515,17.5968414053701,17.59709509752665,17.597364146489628,17.597646989679678,17.59794188775804,17.5982467462228,17.59855884308468,17.598874467631614,17.5991884860973,17.59949386772004,17.599781243675945,17.600038653216846,17.600251783264103,17.60040523471003,17.600485495778223,17.600485495775096,17.600405234713804,17.600251783262344,17.600038653212923,17.59978124368181,17.599493867725226,17.59918848609742,17.598874467627937,17.598558843075313,17.598246746226774,17.597941887752533,17.597646989669084,17.597364146468983,17.597095097519286,17.596841405371443,17.596604545436247,17.596385926169415,17.59618686845766,17.59600857209424,17.595852087686346,17.595718301676243,17.595607934502407,17.595521548594082,17.595459561141915,17.595422257981618,17.595409805427394
17.595499905215902,17.595512815468577,17.595551490860604,17.59561576107515,17.595705328918932,17.59581975141703,17.59595841622808,17.59612051683182,17.596305032654147,17.596510722080094,17.596736137412393,17.59697966762514,17.59723960454601,17.59751420892565,17.597801733215977,17.598100353519673,17.598407987368308,17.598721999418792,17.59903881209442,17.599353445551795,17.599659024433137,17.599946324295786,17.600203510931586,17.60041637662093,17.600569604423693,17.600649739374493,17.600649739380295,17.600569604423878,17.600416376620483,17.600203510933216,17.599946324298386,17.59965902445642,17.59935344556684,17.599038812083766,17.59872199943069,17.598407987368052,17.59810035350558,17.597801733197247,17.59751420890919,17.597239604538572,17.59697966762438,17.59673613741718,17.596510722082577,17.59630503263898,17.596120516817912,17.595958416229823,17.595819751419793,17.59570532892137,17.595615761087043,17.595551490884596,17.595512815490036,17.595499905214446
17.595585804487428,17.59559921857618,17.595639407920586,17.59570620814488,17.595799326286787,17.59591831303975,17.596062525715396,17.59623108569091,17.596422837798748,17.596636323840734,17.59686978820105,17.597121234043414,17.59738853659175,17.597669586675387,17.59796239049621,17.598265035216418,17.59857549082291,17.59889127258122,17.59920900455928,17.599523921949938,17.59982935323982,17.60011625361485,17.60037293929686,17.600585322791368,17.600738178059736,17.60081811152729,17.600818111525392,17.60073817806812,17.600585322790497,17.60037293929832,17.600116253643883,17.599829353253295,17.59952392195997,17.599209004560716,17.598891272566405,17.598575490823325,17.598265035215274,17.59796239047604,17.59766958667025,17.597388536589566,17.597121234041673,17.596869788205936,17.59663632384844,17.596422837806433,17.596231085688014,17.596062525716196,17.59591831304415,17.595799326303478,17.59570620814995,17.595639407926676,17.595599218567955,17.595585804480407
17.595666476440083,17.59568043429309,17.595722262223752,17.59579181587636,17.595888829786045,17.59601287949635,17.596163327903287,17.596339258197993,17.596539399864128,17.596762064254758,17.597005119555895,17.597266048116722,17.597542123756472,17.597830692616952,17.598129424904762,17.598436330350296,17.598749511593603,17.599066740332376,17.599384942904134,17.59969965027497,17.60000445251669,17.600290522151525,17.600546348042226,17.600757974980304,17.600910273251387,17.60098991267987,17.600989912679964,17.600910273234835,17.60075797497607,17.60054634805479,17.600290522149933,17.600004452533724,17.59969965028671,17.599384942906635,17.599066740324876,17.598749511588164,17.598436330349433,17.598129424921467,17.597830692615496,17.597542123746212,17.597266048118804,17.597005119570323,17.596762064267487,17.59653939986854,17.596339258211007,17.596163327914365,17.596012879495,17.59588882980195,17.595791815878737,17.595722262212835,17.595680434269994,17.595666476415467
17.595740807847214,17.595755337846402,17.59579889544864,17.59587137459186,17.595972568847827,17.596102123909485,17.596259466476642,17.596443706497617,17.596653514915268,17.596886991731324,17.597141566133256,17.597414012046833,17.597700695111104,17.59799810445127,17.598303441820537,17.598614698508552,17.59893026967807,17.59924835817043,17.599566336774366,17.599880133519008,17.600183663117882,17.60046834995201,17.60072287166553,17.600933410327638,17.60108493229323,17.601164168817316,17.601164168807912,17.601084932299973,17.60093341032534,17.60072287165508,17.600468349960384,17.60018366311308,17.599880133527407,17.599566336782345,17.59924835817081,17.598930269684057,17.598614698535897,17.59830344183555,17.59799810445362,17.59770069510333,17.59741401204519,17.5971415661375,17.59688699173879,17.596653514925997,17.59644370651519,17.596259466484597,17.596102123938977,17.59597256884785,17.595871374587528,17.59579889541345,17.59575533782997,17.595740807836165
17.59580762305375,17.595822735342797,17.595868059666042,17.59594354954915,17.596049095867926,17.596184474090848,17.596349259277588,17.59654269771262,17.59676352381183,17.59700972139941,17.597278266910582,17.597564985407292,17.597864801215362,17.598172722183673,17.59848529804002,17.598800695561287,17.5991179220236,17.59943589472683,17.599752628657637,17.600064563546265,17.600365995681237,17.600648622874694,17.600901313631315,17.60111038072189,17.601260877495854,17.60133958881217,17.60133958883033,17.60126087750686,17.60111038073504,17.600901313640257,17.600648622870153,17.60036599568821,17.60006456355059,17.5997526286614,17.59943589473476,17.59911792204435,17.59880069558793,17.59848529804499,17.59817272217974,17.59786480122383,17.597564985407708,17.597278266899664,17.597009721397647,17.596763523824205,17.59654269772539,17.596349259290953,17.596184474111293,17.596049095880737,17.595943549534223,17.59586805963164,17.59582273532116,17.595807623083935
17.595865721954674,17.595881401114497,17.595928452488653,17.596006910048843,17.59611680236353,17.59625810324601,17.59643064555554,17.596633975978172,17.596867115640418,17.597128182329495,17.597413852510925,17.597718778782493,17.598035499096802,17.598356095204398,17.598676295972858,17.598995015488732,17.599312504625754,17.599628830645802,17.59994288628043,17.600251724592546,17.600550050858825,17.600829828421237,17.60108009521979,17.601287270850012,17.601436474925876,17.601514531113633,17.601514531114777,17.601436474943764,17.60128727086757,17.601080095230678,17.600829828435387,17.60055005086378,17.600251724595143,17.599942886297686,17.599628830646637,17.599312504648513,17.598995015504183,17.598676295982763,17.598356095208985,17.598035499093367,17.5977187787792,17.597413852506644,17.597128182321242,17.596867115632264,17.596633975987395,17.59643064557123,17.596258103252076,17.596116802375153,17.59600691002939,17.595928452475984,17.59588140112845,17.595865721905348
17.59591393328498,17.59593013181971,17.595978772230172,17.596059984250626,17.596173967080396,17.596320956699962,17.596501162283882,17.59671464169737,17.596961055116534,17.597239178223735,17.59754597844374,17.597875073769984,17.598215057399273,17.598551105599935,17.598878497512683,17.59919850358101,17.599513802768058,17.599826195610806,17.600135657735297,17.600439881189743,17.60073393845787,17.601009999692945,17.6012572168418,17.601462070933643,17.601609714060455,17.601686986458624,17.60168698646763,17.6016097140654,17.601462070938442,17.601257216851785,17.601009999699436,17.600733938468885,17.60043988120083,17.600135657727044,17.599826195631717,17.599513802776045,17.599198503606914,17.59887849753369,17.598551105602745,17.59821505739943,17.597875073759525,17.597545978424936,17.59723917820324,17.5969610551182,17.596714641686006,17.596501162288163,17.59632095671463,17.596173967074424,17.59605998425195,17.595978772236876,17.595930131784737,17.59591393326809
17.595951182098297,17.595967816203324,17.59601779455373,17.596101345714125,17.5962188511594,17.596370843749664,17.59655799731457,17.596781086778478,17.597040858423533,17.59733763919794,17.59767022110872,17.59803290387018,17.598408892759156,17.598763372267914,17.599095117373686,17.599412011612586,17.59972106187491,17.600026309106926,17.600328785844695,17.60062666038842,17.600915209207503,17.601186679684094,17.601430242682113,17.6016323734466,17.601778211084856,17.601854584184622,17.601854584177744,17.601778211088074,17.60163237344372,17.60143024267486,17.60118667969667,17.60091520921912,17.600626660390628,17.600328785852724,17.600026309103505,17.599721061885415,17.599412011622057,17.59909511739386,17.598763372283607,17.59840889275643,17.598032903860094,17.597670221096653,17.597337639177017,17.597040858406217,17.596781086767734,17.596557997323334,17.596370843752673,17.59621885115629,17.596101345691565,17.596017794542362,17.59596781619791,17.595951182101153
17.595976565962914,17.595993515741384,17.59604446717624,17.596129732276207,17.596249851197644,17.59640562855965,17.596598197596393,17.596829127327478,17.597100585890313,17.5974155160764,17.597777444970056,17.598187901240884,17.598631671659753,17.599003868184795,17.599330564523584,17.599635738554966,17.59993239248422,17.600226398090026,17.600519200345918,17.600808954798314,17.601090821686974,17.601356923255352,17.60159632109323,17.601795402997155,17.601939243330317,17.60201462834463,17.60201462834983,17.601939243325067,17.60179540299306,17.6015963211047,17.601356923254958,17.60109082168309,17.60080895480764,17.600519200357514,17.60022639809695,17.599932392467704,17.599635738552333,17.599330564536178,17.59900386818542,17.598631671655426,17.598187901236255,17.597777444964716,17.597415516068825,17.597100585869942,17.596829127331134,17.596598197601644,17.596405628547362,17.596249851149036,17.59612973229284,17.59604446717725,17.59599351573469,17.595976565974517
17.595989430311562,17.596006546326688,17.59605801145371,17.596144186006303,17.5962657041313,17.596423537590223,17.596619119531123,17.59685458905582,17.597133298389203,17.597460941824274,17.597848295457645,17.59831857961249,17.598929586694258,17.599291848482096,17.599588304770265,17.59986732140236,17.600143734651333,17.600422139999107,17.6007027563266,17.600982897644002,17.60125717687858,17.601517355941347,17.60175225255001,17.601948086814907,17.602089820092413,17.602164168535367,17.602164168527143,17.60208982009059,17.601948086823892,17.601752252548618,17.60151735592894,17.601257176880644,17.60098289766011,17.600702756341704,17.600422140001843,17.600143734646945,17.599867321388338,17.59958830475637,17.599291848484583,17.598929586684836,17.59831857961033,17.597848295431643,17.597460941827713,17.597133298389394,17.59685458905896,17.59661911952171,17.596423537555637,17.59626570416726,17.59614418598652,17.596058011454776,17.596006546326826,17.595989430314173
0.0,0.0,0.0,0.0,0.0,0.0,0.0,0.0,0.0,0.0,0.0,0.0,17.599472596622576,17.599644040993248,17.599861319560766,17.600098008623505,17.60034765017404,17.60060739530999,17.60087426939705,17.60114398286367,17.60141025346925,17.601664304594504,17.60189461137179,17.602087168868053,17.602226791475985,17.602300105898376,17.60230010589982,17.60222679147616,17.602087168863182,17.60189461135726,17.601664304595143,17.601410253482562,17.601143982878543,17.600874269405047,17.60060739531694,17.600347650174275,17.60009800860918,17.599861319551025,17.599644040980966,17.599472596621187,0.0,0.0,0.0,0.0,0.0,0.0,0.0,0.0,0.0,0.0,0.0,0.0
0.0,0.0,0.0,0.0,0.0,0.0,0.0,0.0,0.0,0.0,0.0,0.0,17.599845986096337,17.5999481906657,17.60011076417919,17.600309873596473,17.600533526292875,17.600774717533447,17.601027938250226,17.601287385050657,17.60154585584483,17.601793998693317,17.60201991755288,17.6022093632553,17.602346990976713,17.602419330919993,17.60241933091638,17.602346990967952,17.602209363249536,17.602019917556056,17.60179399869844,17.601545855856187,17.601287385051194,17.6010279382651,17.600774717539643,17.600533526294857,17.600309873584695,17.600110764168083,17.59994819067381,17.59984598608234,0.0,0.0,0.0,0.0,0.0,0.0,0.0,0.0,0.0,0.0,0.0,0.0
0.0,0.0,0.0,0.0,0.0,0.0,0.0,0.0,0.0,0.0,0.0,0.0,17.600114230800838,17.600187396141422,17.60031745999641,17.600489241188903,17.60069176232278,17.600916979990764,17.60115813735201,17.601408428852064,17.601659936445643,17.601902817155793,17.602124841405605,17.602311534370763,17.602447402148602,17.602518883815197,17.602518883809303,17.602447402141625,17.60231153437361,17.602124841412415,17.601902817163076,17.601659936443262,17.601408428864595,17.601158137357054,17.600916980011522,17.600691762316785,17.600489241173733,17.600317459991746,17.600187396140264,17.600114230824023,0.0,0.0,0.0,0.0,0.0,0.0,0.0,0.0,0.0,0.0,0.0,0.0
0.0,0.0,0.0,0.0,0.0,0.0,0.0,0.0,0.0,0.0,0.0,0.0,17.60030339740976,17.60036290980019,17.60047434382963,17.600628120527972,17.600815386012655,17.601028407247107,17.60126005773175,17.601503017278834,17.601748909411697,17.601987537431587,17.602206414763366,17.602390885848134,17.602525334712386,17.602596125034605,17.60259612504859,17.60252533472799,17.602390885847914,17.602206414764186,17.60198753743263,17.601748909410354,17.601503017277558,17.60126005775308,17.6010284072497,17.600815386015736,17.600628120524256,17.600474343822686,17.60036290980375,17.600303397421424,0.0,0.0,0.0,0.0,0.0,0.0,0.0,0.0,0.0,0.0,0.0,0.0
0.0,0.0,0.0,0.0,0.0,0.0,0.0,0.0,0.0,0.0,0.0,0.0,17.600425160574805,17.60047799538974,17.600579274667776,17.600722332755588,17.600899914623714,17.601104852492234,17.601330030216165,17.60156792010536,17.601809898161417,17.60204555119281,17.60226222422842,17.60244513876131,17.602578593933824,17.60264890022301,17.602648900217098,17.602578593939764,17.602445138777053,17.602262224233066,17.602045551186468,17.601809898158034,17.601567920098724,17.60133003021635,17.60110485250309,17.6008999146201,17.600722332765205,17.600579274667595,17.60047799539257,17.600425160596938,0.0,0.0,0.0,0.0,0.0,0.0,0.0,0.0,0.0,0.0,0.0,0.0
0.0,0.0,0.0,0.0,0.0,0.0,0.0,0.0,0.0,0.0,0.0,0.0,17.600484947358076,17.600534980479257,17.600631766425238,17.600769848469834,17.60094276380517,17.601143701616444,17.601365619822452,17.60160092949437,17.601840903653816,17.60207502890813,17.602290568471055,17.60247268226059,17.602605626180992,17.602675683431304,17.602675683429606,17.602605626167414,17.602472682268495,17.602290568485454,17.602075028904952,17.601840903633097,17.60160092949575,17.601365619813876,17.60114370161528,17.600942763817088,17.60076984846491,17.600631766428958,17.600534980494867,17.600484947365384,0.0,0.0,0.0,0.0,0.0,0.0,0.0,0.0,0.0,0.0,0.0,0.0
0.0,0.0,0.0,0.0,0.0,0.0,0.0,0.0,0.0,0.0,0.0,0.0,17.60048494735083,17.600534980487367,17.6006317664296,17.600769848459,17.6009427638182,17.601143701621492,17.601365619813283,17.601600929513403,17.601840903643396,17.602075028907404,17.602290568490144,17.602472682271394,17.6026056261683,17.60267568342727,17.602675683424184,17.602605626182363,17.6024726822591,17.602290568484175,17.60207502890283,17.601840903643197,17.601600929502176,17.60136561980425,17.601143701618852,17.60094276381188,17.60076984845996,17.600631766433175,17.60053498048696,17.60048494736498,0.0,0.0,0.0,0.0,0.0,0.0,0.0,0.0,0.0,0.0,0.0,0.0
0.0,0.0,0.0,0.0,0.0,0.0,0.0,0.0,0.0,0.0,0.0,0.0,17.60042516058674,17.60047799538548,17.60057927467746,17.600722332770047,17.600899914618303,17.601104852509142,17.60133003022492,17.60156792010434,17.601809898172256,17.60204555119946,17.602262224242875,17.60244513877701,17.602578593941104,17.60264890020579,17.60264890022297,17.602578593936325,17.602445138779338,17.60226222422464,17.602045551195072,17.601809898172892,17.601567920090726,17.60133003021928,17.601104852493666,17.60089991461092,17.60072233275715,17.60057927466282,17.600477995392453,17.600425160580436,0.0,0.0,0.0,0.0,0.0,0.0,0.0,0.0,0.0,0.0,0.0,0.0
0.0,0.0,0.0,0.0,0.0,0.0,0.0,0.0,0.0,0.0,0.0,0.0,17.60030339741035,17.600362909822273,17.600474343838883,17.60062812052577,17.600815386026483,17.601028407243017,17.601260057749094,17.60150301729372,17.601748909426963,17.60198753744732,17.602206414770034,17.602390885859535,17.60252533472203,17.60259612504917,17.60259612504307,17.60252533472058,17.60239088583883,17.602206414773104,17.601987537444987,17.6017489094058,17.60150301728176,17.601260057736972,17.60102840723346,17.600815386004925,17.600628120512376,17.60047434381755,17.60036290980029,17.60030339742029,0.0,0.0,0.0,0.0,0.0,0.0,0.0,0.0,0.0,0.0,0.0,0.0
0.0,0.0,0.0,0.0,0.0,0.0,0.0,0.0,0.0,0.0,0.0,0.0,17.600114230838756,17.60018739616161,17.60031745999869,17.600489241193124,17.600691762308042,17.600916980008304,17.601158137368984,17.601408428874603,17.601659936459402,17.601902817168785,17.602124841425933,17.602311534382817,17.60244740214473,17.602518883822125,17.602518883815712,17.602447402138782,17.60231153437941,17.602124841414597,17.601902817152595,17.601659936449163,17.60140842885455,17.601158137343614,17.600916979978365,17.60069176230207,17.600489241167942,17.60031745998242,17.600187396152293,17.60011423081213,0.0,0.0,0.0,0.0,0.0,0.0,0.0,0.0,0.0,0.0,0.0,0.0
0.0,0.0,0.0,0.0,0.0,0.0,0.0,0.0,0.0,0.0,0.0,0.0,17.599845986091896,17.59994819068687,17.600110764191434,17.60030987358622,17.600533526303266,17.600774717552277,17.60102793826964,17.601287385062257,17.60154585585463,17.601793998701364,17.602019917571464,17.602209363254406,17.602346990986938,17.602419330916803,17.602419330920082,17.60234699097848,17.602209363255643,17.602019917552106,17.601793998684517,17.60154585584012,17.601287385048362,17.601027938235692,17.60077471751725,17.600533526276493,17.60030987357924,17.600110764171333,17.599948190676777,17.599845986066665,0.0,0.0,0.0,0.0,0.0,0.0,0.0,0.0,0.0,0.0,0.0,0.0
0.0,0.0,0.0,0.0,0.0,0.0,0.0,0.0,0.0,0.0,0.0,0.0,17.59947259663119,17.599644040995646,17.5998613195609,17.600098008627167,17.600347650191768,17.600607395321514,17.600874269413204,17.6011439828754,17.601410253470423,17.601664304603403,17.601894611363843,17.60208716887892,17.602226791470653,17.602300105913052,17.60230010589811,17.602226791472233,17.602087168866703,17.601894611352325,17.60166430458753,17.601410253459125,17.60114398285218,17.600874269385425,17.60060739530268,17.60034765016396,17.600098008598653,17.599861319559142,17.599644040974276,17.599472596617943,0.0,0.0,0.0,0.0,0.0,0.0,0.0,0.0,0.0,0.0,0.0,0.0
17.59598943030514,17.596006546316623,17.59605801143956,17.59614418600132,17.59626570417542,17.596423537557914,17.596619119515076,17.59685458906048,17.597133298391377,17.597460941811075,17.597848295430385,17.598318579631698,17.59892958668558,17.599291848494822,17.599588304770343,17.599867321400943,17.600143734653276,17.6004221400134,17.60070275634234,17.600982897644588,17.601257176883625,17.60151735592949,17.60175225254504,17.601948086809255,17.602089820108596,17.602164168529573,17.602164168528404,17.602089820094196,17.601948086802793,17.601752252537135,17.60151735592547,17.60125717686693,17.600982897629038,17.60070275632491,17.60042213999822,17.600143734628652,17.599867321383048,17.599588304765273,17.59929184848399,17.598929586691508,17.598318579606527,17.5978482954472,17.597460941818497,17.597133298387575,17.596854589040188,17.596619119521762,17.59642353759043,17.59626570413426,17.5961441859907,17.596058011447486,17.596006546335886,17.595989430304748
17.595976565967327,17.595993515734534,17.59604446716113,17.59612973228673,17.59624985116215,17.59640562855302,17.596598197598563,17.59682912734866,17.597100585869846,17.597415516079874,17.59777744496975,17.598187901237274,17.598631671663828,17.599003868187875,17.599330564537453,17.599635738555648,17.59993239247204,17.60022639809755,17.60051920034756,17.600808954809104,17.60109082167955,17.601356923236583,17.60159632108711,17.601795403002814,17.60193924332315,17.602014628340754,17.60201462835474,17.601939243322867,17.601795402987282,17.601596321081516,17.601356923237148,17.601090821671686,17.600808954799113,17.600519200349602,17.600226398077144,17.5999323924605,17.599635738555758,17.599330564529208,17.59900386818407,17.59863167165154,17.598187901234542,17.59777744496687,17.597415516076044,17.597100585878632,17.596829127321005,17.596598197596006,17.596405628562206,17.59624985118747,17.596129732277394,17.59604446718466,17.595993515733685,17.595976565970872
17.5959511820859,17.59596781618361,17.59601779454244,17.596101345709492,17.596218851159442,17.596370843753046,17.596557997334465,17.59678108677044,17.597040858414616,17.597337639176434,17.597670221107094,17.598032903876035,17.598408892755867,17.598763372279965,17.59909511738687,17.599412011608067,17.599721061875215,17.60002630908989,17.600328785853158,17.600626660396923,17.600915209197193,17.60118667968415,17.60143024267737,17.601632373434235,17.601778211076514,17.601854584184647,17.601854584174646,17.601778211085904,17.601632373437795,17.60143024266981,17.601186679675706,17.600915209211482,17.600626660388684,17.600328785838453,17.60002630908785,17.59972106187472,17.599412011610262,17.599095117387083,17.59876337226038,17.598408892750108,17.598032903865917,17.59767022110743,17.597337639195235,17.59704085842749,17.596781086786077,17.596557997322133,17.59637084374835,17.596218851162607,17.596101345714104,17.59601779455111,17.595967816201206,17.59595118213057
17.595913933303294,17.595930131784186,17.595978772239214,17.59605998425765,17.596173967081075,17.596320956693894,17.596501162281694,17.596714641690426,17.596961055116356,17.597239178212124,17.597545978449432,17.59787507376322,17.598215057400655,17.598551105592836,17.59887849750932,17.599198503582766,17.599513802757137,17.599826195625777,17.60013565773544,17.600439881179536,17.600733938468235,17.601009999702722,17.601257216841095,17.601462070922683,17.60160971406491,17.601686986456478,17.60168698645832,17.60160971406004,17.601462070931497,17.60125721684342,17.60100999969802,17.600733938454013,17.60043988118737,17.600135657717733,17.59982619561482,17.599513802757578,17.599198503596494,17.59887849751427,17.598551105593558,17.59821505740021,17.597875073770552,17.59754597844862,17.597239178234197,17.596961055130848,17.596714641707532,17.596501162290696,17.59632095670427,17.596173967077053,17.596059984252737,17.595978772226875,17.595930131838596,17.595913933288415
17.59586572190724,17.595881401127134,17.595928452484127,17.596006910030667,17.596116802353855,17.59625810323632,17.596430645568237,17.59663397596508,17.596867115636197,17.597128182330433,17.597413852513316,17.59771877879065,17.59803549909145,17.598356095189846,17.598676295963187,17.598995015491244,17.599312504626862,17.599628830641493,17.59994288628114,17.60025172459784,17.600550050863447,17.600829828431692,17.601080095223917,17.601287270864997,17.601436474935426,17.60151453111263,17.60151453111503,17.601436474923613,17.601287270860535,17.601080095220535,17.600829828417986,17.60055005086016,17.60025172458202,17.599942886292496,17.599628830635247,17.599312504627264,17.598995015502823,17.5986762959829,17.598356095211503,17.598035499100686,17.597718778791823,17.59741385251888,17.597128182338757,17.596867115643978,17.596633975990496,17.596430645564116,17.596258103242203,17.596116802371412,17.596006910051273,17.595928452494164,17.59588140111475,17.59586572195848
17.595807623082262,17.59582273531951,17.59586805964094,17.595943549535026,17.596049095862288,17.596184474090325,17.59634925925527,17.596542697719354,17.596763523808953,17.597009721401356,17.59727826691275,17.597564985410017,17.597864801218893,17.59817272217751,17.59848529804368,17.598800695561593,17.599117922030416,17.5994358947239,17.59975262865678,17.600064563541164,17.600365995693,17.6006486228785,17.600901313633013,17.601110380739946,17.601260877506828,17.60133958882154,17.60133958881386,17.60126087750503,17.601110380718,17.600901313628462,17.60064862288206,17.600365995686474,17.600064563560185,17.59975262866037,17.599435894721257,17.599117922034218,17.598800695582536,17.59848529805089,17.598172722189474,17.597864801228713,17.59756498541129,17.597278266913367,17.597009721395946,17.59676352382537,17.59654269771819,17.5963492592733,17.596184474103573,17.59604909587691,17.59594354954677,17.595868059667094,17.59582273534155,17.595807623068364
17.59574080783292,17.595755337837332,17.595798895413225,17.59587137458534,17.5959725688194,17.5961021239098,17.59625946646859,17.59644370649694,17.59665351491743,17.596886991739765,17.597141566135747,17.597414012045824,17.597700695110348,17.597998104466264,17.59830344182283,17.598614698523253,17.59893026968564,17.599248358167078,17.59956633676793,17.599880133531265,17.600183663119715,17.600468349948464,17.600722871668825,17.600933410322504,17.601084932297358,17.60116416881524,17.601164168823615,17.601084932288053,17.600933410326565,17.600722871674254,17.60046834997034,17.600183663132107,17.599880133538196,17.599566336771108,17.59924835816852,17.59893026969242,17.598614698523843,17.59830344182626,17.597998104465336,17.597700695116192,17.597414012047118,17.597141566127583,17.596886991741936,17.596653514912884,17.596443706495386,17.596259466486103,17.596102123924034,17.595972568837706,17.595871374597028,17.595798895448187,17.595755337859842,17.59574080784452
17.595666476384974,17.595680434264825,17.59572226222728,17.59579181586391,17.595888829779895,17.59601287948666,17.596163327901643,17.596339258196895,17.596539399854947,17.596762064258133,17.59700511956748,17.597266048129175,17.597542123761738,17.597830692612696,17.598129424915474,17.59843633037134,17.598749511590622,17.59906674031413,17.59938494290706,17.599699650282087,17.600004452521926,17.600290522155753,17.600546348052767,17.60075797498858,17.600910273246335,17.600989912691425,17.600989912677374,17.60091027325604,17.600757974985097,17.600546348065926,17.600290522164112,17.60000445253706,17.599699650274154,17.59938494290293,17.599066740331523,17.598749511606346,17.598436330359096,17.59812942491609,17.59783069262397,17.59754212375445,17.597266048114076,17.59700511956247,17.596762064250257,17.596539399862994,17.59633925819961,17.596163327914947,17.596012879479357,17.59588882979669,17.595791815879878,17.59572226223324,17.59568043429579,17.59566647643053
17.595585804467742,17.595599218578833,17.595639407924214,17.595706208136228,17.595799326299215,17.59591831303485,17.596062525708792,17.59623108567176,17.596422837797213,17.596636323849246,17.596869788213503,17.597121234042156,17.59738853658996,17.597669586667823,17.597962390503596,17.59826503521708,17.598575490824395,17.59889127257409,17.599209004553416,17.599523921957136,17.599829353253554,17.600116253646725,17.600372939312113,17.600585322811817,17.600738178075908,17.60081811153111,17.60081811153597,17.600738178066095,17.60058532280989,17.600372939300893,17.60011625362615,17.599829353239237,17.599523921957623,17.599209004553845,17.598891272583337,17.59857549083811,17.598265035225158,17.59796239049767,17.597669586668694,17.597388536592867,17.597121234046046,17.596869788199328,17.596636323842926,17.596422837797117,17.596231085691354,17.59606252569898,17.595918313045953,17.595799326294074,17.595706208146137,17.595639407926157,17.595599218577114,17.59558580448841
17.59549990521652,17.595512815480827,17.595551490883505,17.595615761070643,17.595705328918974,17.59581975140904,17.59595841622833,17.596120516818118,17.596305032644125,17.59651072208351,17.596736137409067,17.596979667627615,17.59723960452996,17.59751420892585,17.597801733198036,17.598100353517346,17.59840798738414,17.598721999433007,17.599038812101185,17.599353445570085,17.59965902446526,17.59994632430983,17.600203510953254,17.60041637661863,17.60056960443186,17.600649739388263,17.600649739383638,17.60056960443392,17.600416376620085,17.600203510935543,17.599946324295054,17.599659024442293,17.599353445555487,17.599038812087407,17.598721999428747,17.59840798737569,17.598100353517594,17.597801733206353,17.59751420892679,17.597239604539325,17.596979667625337,17.596736137420034,17.596510722079962,17.596305032648424,17.596120516821568,17.595958416225336,17.595819751424234,17.595705328911418,17.59561576107807,17.595551490869777,17.59551281547292,17.595499905218404
17.595409805410455,17.595422257989693,17.595459561127758,17.595521548586568,17.595607934481027,17.59571830168474,17.595852087691693,17.59600857209617,17.596186868458954,17.59638592616616,17.59660454544298,17.596841405366114,17.597095097530197,17.597364146473954,17.597646989684158,17.59794188776437,17.59824674624142,17.598558843103493,17.598874467632452,17.59918848611773,17.599493867736097,17.59978124368985,17.600038653211183,17.600251783260077,17.60040523471861,17.6004854957822,17.600485495787602,17.600405234712408,17.600251783259203,17.600038653217997,17.599781243680624,17.59949386772878,17.599188486089737,17.598874467628296,17.59855884308826,17.598246746225616,17.597941887749418,17.597646989677436,17.59736414647366,17.597095097528054,17.59684140537554,17.59660454543788,17.596385926168637,17.59618686846006,17.596008572100924,17.595852087708202,17.595718301676687,17.59560793450171,17.595521548587808,17.595459561120077,17.595422257971805,17.595409805410053
17.5953164333115,17.595328476331044,17.59536455388508,17.59542451006295,17.595508079718297,17.595614881927258,17.59574441287283,17.595896040271924,17.596069001991385,17.596262410755475,17.596475265663642,17.596706467688783,17.59695483085958,17.597219074927537,17.597497779796196,17.59778928148837,17.59809149373524,17.59840164683043,17.598715943161206,17.599029139948495,17.599334089778647,17.59962130993659,17.599878735654517,17.60009196401235,17.60024552371455,17.600325851861097,17.600325851853018,17.60024552370257,17.60009196401555,17.59987873565098,17.599621309937902,17.599334089770586,17.599029139945387,17.598715943149617,17.598401646834496,17.598091493722848,17.59778928147662,17.597497779792104,17.597219074921846,17.596954830851008,17.596706467681305,17.596475265645136,17.59626241074405,17.59606900198063,17.59589604028061,17.595744412879483,17.595614881935536,17.59550807972577,17.595424510075215,17.595364553901565,17.595328476314883,17.595316433289298
17.595220615035476,17.595232295846607,17.59526729112971,17.59532545874202,17.59540655901382,17.59551025177216,17.595636093367187,17.59578353550541,17.59595192666977,17.596140517155863,17.59634846605072,17.596574846633604,17.59681864234037,17.59707872162034,17.59735377637595,17.597642208300318,17.597941949211837,17.598250205506847,17.598563123757224,17.598875384772448,17.599179754446727,17.599466661514032,17.59972395692388,17.599937162532253,17.600090744728046,17.600171095665143,17.600171095668674,17.600090744745813,17.599937162528033,17.599723956914925,17.599466661508867,17.5991797544436,17.59887538475958,17.598563123752857,17.59825020551408,17.597941949213773,17.597642208297064,17.597353776375645,17.59707872162947,17.596818642341717,17.59657484660868,17.59634846604246,17.596140517135098,17.5959519266489,17.595783535485836,17.595636093374686,17.595510251775647,17.59540655902073,17.595325458743336,17.59526729114318,17.59523229583617,17.595220615047612
17.59512307720222,17.595134440499116,17.59516848822842,17.595225093418236,17.59530404357582,17.595405039618043,17.595527695695925,17.595671540003046,17.59583601747516,17.596020493314484,17.596224255881616,17.59644651424188,17.59668638364406,17.59694284841446,17.597214690106274,17.59750036729738,17.597797834115624,17.59810428773996,17.59841583984763,17.59872711828794,17.599030825044284,17.59931732055628,17.599574388206296,17.599787487453373,17.599941031647415,17.600021373691707,17.600021373696844,17.599941031656925,17.599787487457736,17.599574388194725,17.599317320548913,17.599030825040963,17.598727118278248,17.598415839852315,17.598104287736444,17.597797834125473,17.597500367299222,17.59721469010451,17.596942848411086,17.59668638364618,17.59644651424814,17.59622425587098,17.59602049329755,17.595836017464663,17.595671539999508,17.595527695679976,17.59540503961663,17.595304043569378,17.59522509342331,17.595168488221635,17.595134440504946,17.595123077186585
17.595024453020535,17.595035539844545,17.59506876330708,17.595124011761595,17.595201099348202,17.595299766257927,17.59541967974889,17.59556043611039,17.59572156294867,17.595902521297884,17.59610270452934,17.59632143018501,17.596557917740903,17.59681124362805,17.597080262365875,17.597363481606244,17.59765887924052,17.597963652050094,17.59827389105889,17.59858418777879,17.59888719749812,17.599173228140025,17.599430009228854,17.59964294877077,17.59979641498429,17.599876726875955,17.599876726874495,17.599796414982833,17.59964294876135,17.599430009235032,17.59917322813625,17.59888719748362,17.598584187784123,17.598273891061528,17.597963652053938,17.597658879244197,17.597363481616636,17.5970802623539,17.596811243617353,17.596557917737304,17.596321430190773,17.596102704521265,17.595902521288455,17.595721562947382,17.595560436108237,17.59541967976752,17.595299766252065,17.595201099346088,17.595124011766643,17.595068763303622,17.59503553984857,17.59502445298634
17.59492529054186,17.59493613795268,17.59496864780537,17.59502272323846,17.595098203391153,17.59519486447025,17.595312421457706,17.595450529934887,17.595608788042945,17.595786736571362,17.59598385482103,17.596199547809753,17.596433118777316,17.596683718521977,17.596950261665135,17.597231298401546,17.597524830039383,17.5978280584613,17.598137063427686,17.598446412089288,17.598748725641546,17.599034271836345,17.59929073721237,17.599503487214317,17.599656851840148,17.599737120621523,17.599737120623782,17.59965685182937,17.599503487209233,17.599290737213966,17.599034271843284,17.598748725635375,17.598446412096298,17.598137063434926,17.59782805845866,17.597524830040133,17.59723129839462,17.596950261670457,17.59668371851363,17.59643311877592,17.59619954779984,17.59598385481418,17.595786736571007,17.595608788032138,17.595450529936546,17.595312421456693,17.5951948644948,17.595098203412117,17.59502272324277,17.594968647809516,17.59493613795646,17.594925290540367
17.5948260619771,17.594836702707106,17.59486859697586,17.594921661425076,17.594995757981817,17.595090695205744,17.595206229938807,17.595342069089472,17.595497870567844,17.595673241658538,17.595867732280553,17.59608081884018,17.596311872643906,17.596560105358165,17.5968244817086,17.597103588753427,17.597395450243635,17.597697276210514,17.598005141504355,17.598313597265186,17.59861524000969,17.598900306605653,17.599156449081242,17.599368997634,17.599522249551242,17.59960246874148,17.5996024687311,17.599522249547306,17.599368997635864,17.59915644908501,17.598900306600502,17.598615240018642,17.59831359728518,17.598005141511575,17.5976972762036,17.597395450232607,17.59710358875138,17.59682448170555,17.59656010535987,17.596311872635166,17.596080818837834,17.59586773228432,17.595673241647603,17.595497870562642,17.595342069077823,17.59520622993486,17.595090695225885,17.594995757997694,17.594921661442484,17.594868596986686,17.594836702711497,17.594826061977987
17.594727172426175,17.59473763522595,17.594768999766874,17.59482119485975,17.594894102710693,17.59498756035777,17.59510136110902,17.595235255895318,17.595388953101484,17.59556211556179,17.59575435166282,17.59596519644102,17.5961940772104,17.596440255954455,17.596702739611118,17.596980147237527,17.59727052365846,17.597571088630108,17.597877916253942,17.598185547558323,17.598486561107915,17.59877116994367,17.59902699819745,17.599239346486762,17.59939248393263,17.59947265182545,17.599472651831988,17.59939248393536,17.59923934649776,17.59902699819729,17.598771169945874,17.59848656111196,17.598185547560767,17.59787791626904,17.597571088635494,17.597270523655467,17.59698014723547,17.596702739597173,17.596440255959397,17.596194077203585,17.595965196442453,17.595754351658176,17.59556211556003,17.595388953079627,17.59523525588959,17.595101361120403,17.594987560360146,17.594894102733146,17.594821194870228,17.594768999780456,17.594737635210507,17.594727172440436
17.594628968477355,17.59463927839203,17.594670187949735,17.594721636611165,17.594793524487734,17.594885713381537,17.59499802812195,17.59513025710014,17.59528215140847,17.595453420421443,17.59564372106551,17.595852637036103,17.596079642046565,17.596324040204085,17.596584874095097,17.596860790885483,17.597149854657047,17.5974492957139,17.597755189966797,17.598062072324797,17.59836250845011,17.59864669267948,17.598902226288907,17.599114384797538,17.59926741262641,17.599347531063714,17.59934753107854,17.599267412640664,17.59911438479816,17.59890222630495,17.598646692674937,17.598362508450915,17.59806207232887,17.597755189964403,17.597449295728424,17.597149854668356,17.596860790875734,17.596584874100795,17.59632404018798,17.596079642055685,17.595852637027928,17.5956437210623,17.595453420410376,17.595282151413866,17.595130257082953,17.59499802811688,17.59488571340838,17.594793524495977,17.594721636616903,17.59467018794115,17.594639278415524,17.59462896846385
17.594531746048865,17.594541924840797,17.594572444035283,17.59462325255957,17.594694265997134,17.594785367640327,17.59489640922743,17.59502721114334,17.59517756057235,17.595347205877573,17.5955358446303,17.595743101072152,17.59596848779831,17.59621134425382,17.596470743621577,17.596745357470965,17.597033267655235,17.59733171494373,17.59763677865925,17.597942990439616,17.598242906419607,17.598526706130013,17.59878197178396,17.59899395713214,17.59914688483797,17.599226958040248,17.599226958039445,17.59914688485596,17.598993957147442,17.59878197177974,17.598526706129597,17.59824290642317,17.59794299044364,17.597636778661393,17.59733171493993,17.59703326766163,17.596745357492317,17.59647074361234,17.5962113442499,17.595968487790635,17.595743101073296,17.595535844627168,17.595347205883797,17.595177560558593,17.595027211147727,17.594896409222393,17.594785367631168,17.594694266011096,17.59462325256757,17.59457244404204,17.594541924833543,17.594531746064565
17.594435757407602,17.594445823736343,17.594476008384387,17.594526268355043,17.594596532647383,17.594686702934567,17.59479665407729,17.59492623362114,17.595075259223258,17.5952435121348,17.595430724027267,17.59563655321721,17.595860544975082,17.596102068783534,17.596360223997646,17.596633703714488,17.596920605717077,17.597218180992737,17.597522513203586,17.597828132412527,17.59812758775366,17.59841104669691,17.59866607519919,17.598877907931413,17.599030747889366,17.599110781609923,17.599110781617302,17.599030747890293,17.598877907938657,17.59866607519191,17.59841104669845,17.598127587767507,17.597828132410005,17.597522513196605,17.597218180992076,17.596920605723373,17.596633703722578,17.59636022401585,17.596102068775664,17.595860544963514,17.59563655322016,17.595430724028056,17.595243512121705,17.595075259229922,17.59492623361471,17.594796654071985,17.594686702935743,17.59459653265335,17.594526268356173,17.59447600839143,17.594445823744877,17.594435757397694
17.594341216992024,17.59435118703635,17.59438108517311,17.59443087537586,17.594500498173733,17.594589871050097,17.59469888853033,17.59482742125663,17.59497531271167,17.595142371915728,17.595328359273967,17.59553296193984,17.595755752785955,17.59599612694081,17.596253206395282,17.596525702953112,17.596811728883374,17.597108544831148,17.59741223908421,17.597717341337827,17.598016395345994,17.598299558536773,17.59855438269532,17.59876608539214,17.59891885161901,17.59899885258321,17.598998852567,17.598918851617437,17.59876608539055,17.598554382691496,17.598299558536453,17.598016395347575,17.597717341338498,17.597412239083575,17.5971085448386,17.596811728883996,17.59652570295597,17.59625320639338,17.595996126950393,17.595755752786047,17.59553296192843,17.59532835927594,17.595142371910057,17.594975312700583,17.594827421252603,17.594698888531923,17.59458987106224,17.594500498170614,17.59443087537838,17.5943810851705,17.594351187053988,17.59434121700062
17.594248306985616,17.594258194653314,17.594287847534094,17.59433723569836,17.594406309536737,17.59449499999359,17.594603218411706,17.594730855060277,17.59487777532946,17.595043811727226,17.59522874915355,17.595432298976032,17.595654057789496,17.595893442604844,17.596149594923826,17.5964212431287,17.59670651236092,17.597002672240894,17.597305815755842,17.597610472823803,17.597909182977606,17.598192094966848,17.598446747987804,17.59865834398091,17.598811051236908,17.598891026531412,17.59889102652985,17.59881105122527,17.598658343978236,17.598446747988064,17.598192094962798,17.597909182970824,17.59761047283371,17.59730581575688,17.597002672246955,17.596706512352288,17.59642124312226,17.596149594930484,17.595893442606222,17.595654057783094,17.5954322989769,17.595228749140265,17.59504381173661,17.594877775312668,17.594730855055573,17.594603218426794,17.59449499998736,17.59440630954096,17.59433723570348,17.59428784753871,17.594258194651413,17.594248307016606
17.59415718175311,17.594166998891495,17.594196442044463,17.59424548638779,17.594314090727448,17.594402197572066,17.594509732575947,17.594636602704004,17.594782691962823,17.594947852952235,17.595131891116562,17.59533453878978,17.595555412597744,17.595793948469435,17.59604930489896,17.596320224698037,17.59660484458407,17.596900442364028,17.597203115486288,17.59750739449273,17.597805815296717,17.598088519023985,17.598343033390915,17.5985545457985,17.59870720884292,17.598787165692883,17.59878716569606,17.598707208846275,17.598554545787184,17.598343033382278,17.59808851903006,17.597805815296134,17.59750739448475,17.597203115499866,17.5969004423479,17.596604844584206,17.596320224693038,17.596049304900312,17.59579394846882,17.595555412594795,17.59533453877348,17.595131891118335,17.59494785293831,17.594782691976658,17.5946366027016,17.594509732568522,17.59440219758121,17.594314090730066,17.59424548639017,17.59419644205626,17.594166998903784,17.594157181735447
17.594067971589773,17.594077728511397,17.594106992441844,17.594155742974422,17.594223946150198,17.594311554327295,17.59441850534555,17.59454472043007,17.594690099526616,17.594854512149645,17.595037781576394,17.595239657761628,17.595459774732422,17.595697584706354,17.595952260880523,17.59622255882375,17.59650662550183,17.59680174609022,17.597104022247418,17.59740798509294,17.59770616744193,17.597988703467344,17.598243110121608,17.598454561196213,17.598607194379095,17.598687139785163,17.598687139781756,17.598607194370697,17.598454561189612,17.598243110116833,17.597988703469717,17.597706167448713,17.59740798508635,17.59710402223207,17.59680174609271,17.596506625501043,17.596222558821793,17.595952260874615,17.59569758470418,17.59545977472087,17.5952396577541,17.595037781560052,17.594854512162964,17.594690099523078,17.594544720438602,17.5944185053413,17.59431155432576,17.59422394615842,17.594155742988253,17.59410699245407,17.594077728505617,17.594067971592985
17.593980786383643,17.59399049187899,17.594019602830528,17.594068102581232,17.594135963362074,17.594223145913727,17.594329598556836,17.594455254679417,17.59460002775285,17.59476380193806,17.59494641549751,17.595147633788336,17.595367105680943,17.595604297475536,17.595858395260873,17.596128165742606,17.596411764960838,17.596706484703756,17.597008430361804,17.59731213362497,17.597610124445815,17.59789253035688,17.59814685828005,17.59835826897353,17.59851088584126,17.598590826425514,17.598590826422086,17.598510885835083,17.598358268963104,17.598146858285347,17.597892530361307,17.597610124442948,17.597312133621266,17.597008430354094,17.596706484696245,17.596411764957438,17.59612816573398,17.595858395259427,17.595604297465822,17.595367105676363,17.595147633781085,17.594946415503482,17.59476380191607,17.59460002776584,17.594455254684064,17.59432959856599,17.594223145919,17.59413596336537,17.594068102590377,17.594019602834706,17.593990491880863,17.59398078638002
17.593895718233004,17.59390537990342,17.593934360439558,17.593982646431886,17.594050215377482,17.59413703525819,17.594243063262407,17.594368243261094,17.59451250031244,17.59467573097768,17.594857786666445,17.595058445736374,17.595277369983652,17.595514037953937,17.595767646912776,17.59603697335662,17.596320181344815,17.59661456848294,17.59691624346353,17.597219738400145,17.59751758035942,17.597799890662767,17.598054166506028,17.59826555617825,17.59841816927696,17.598498111224593,17.598498111241593,17.598418169276187,17.598265556173516,17.59805416651022,17.597799890660443,17.597517580362155,17.597219738396145,17.596916243456057,17.59661456847484,17.596320181335898,17.596036973351946,17.59576764689468,17.595514037952583,17.595277369988082,17.59505844573669,17.594857786654174,17.59467573099241,17.594512500295675,17.594368243275248,17.59424306327904,17.594137035255084,17.594050215382538,17.59398264644342,17.593934360444234,17.59390537990095,17.593895718232265
17.593812844041416,17.59382246840376,17.593851337962946,17.593899442078246,17.593966762779026,17.59405327416118,17.594158941183483,17.594283716541927,17.59442753526703,17.594590304729405,17.59477188741656,17.594972073091785,17.595190534668365,17.59542676132954,17.5956799601145,17.595948916088634,17.59623180035316,17.596525915619452,17.596827373422357,17.597130706013015,17.597428437672097,17.597710683558056,17.597964931539632,17.598176317803926,17.598328938589887,17.59840888755164,17.598408887548068,17.598328938595756,17.598176317804622,17.59796493153106,17.59771068356232,17.597428437667343,17.597130706016298,17.596827373416716,17.596525915616382,17.596231800342608,17.595948916081426,17.595679960102224,17.595426761332803,17.59519053466757,17.594972073087707,17.594771887425694,17.594590304720825,17.59442753528161,17.594283716539003,17.59415894118508,17.59405327417466,17.593966762780774,17.593899442091146,17.593851337974282,17.5938224684033,17.59381284403031
17.59373222757504,17.59374182024803,17.593770595584854,17.593818545299378,17.593885655264042,17.59397190498198,17.594077265857845,17.594201698319377,17.594345145994243,17.59450752542503,17.59468870881438,17.594888495687556,17.595106568646948,17.595342426126468,17.595595283664018,17.59586393389346,17.596146554021075,17.59644045120856,17.596741739351092,17.59704495065269,17.597342606424142,17.597624815846693,17.597879057691966,17.59809045637453,17.598243095143957,17.59832305613617,17.598323056130518,17.598243095133984,17.598090456364755,17.59787905770631,17.597624815844927,17.597342606410617,17.59704495064815,17.59674173935814,17.5964404512019,17.596146554021903,17.59586393389351,17.59559528367003,17.595342426110143,17.595106568645253,17.594888495689933,17.594688708813727,17.594507525436548,17.59434514599673,17.59420169832244,17.594077265853947,17.593971904986695,17.5938856552846,17.593818545303066,17.593770595594822,17.593741820253182,17.593732227568584
17.593653921289704,17.593663487148508,17.59369218269563,17.593740001663384,17.593806933336293,17.593892961668512,17.593998063804808,17.594122206749084,17.59426534149675,17.594427392614932,17.59460824060856,17.594807693514422,17.59502544234552,17.59526099356764,17.595513570221886,17.595781971461875,17.59606437984613,17.596358106379036,17.59665926688391,17.59696239317735,17.597260003573275,17.59754220135149,17.5977964563286,17.598007881444172,17.598160547285552,17.598240524785343,17.5982405247778,17.59816054726486,17.59800788145167,17.597796456324247,17.59754220134717,17.597260003573137,17.596962393167658,17.596659266879495,17.596358106390557,17.596064379849444,17.595781971467666,17.59551357022105,17.595260993569134,17.595025442336198,17.59480769351587,17.59460824060763,17.594427392620712,17.594265341506716,17.594122206754392,17.593998063811902,17.593892961675877,17.59380693333812,17.59374000167009,17.593692182695552,17.59366348716166,17.59365392129614
17.59357796796815,17.59358751117386,17.59361613936902,17.593663848036268,17.593730629302843,17.593816471113637,17.593921355412068,17.594045254955947,17.59418812711171,17.594349903323423,17.594530471343816,17.594729646591666,17.594947127379104,17.595182427226714,17.59543477565488,17.595702977542206,17.595985220103053,17.596278817592218,17.59657988733586,17.596882960526678,17.597180552398928,17.59746276030672,17.59771704529154,17.59792850911388,17.598081209957087,17.59816120787146,17.598161207859828,17.598081209957886,17.59792850910451,17.597717045283037,17.597462760295855,17.59718055240003,17.59688296052464,17.596579887341605,17.59627881759747,17.595985220113313,17.595702977542437,17.595434775665208,17.5951824272203,17.594947127383296,17.594729646584504,17.594530471338583,17.59434990332347,17.594188127127204,17.594045254973775,17.59392135542968,17.593816471115915,17.59373062930487,17.59366384803164,17.593616139366585,17.593587511182623,17.593577967984096
17.593504401938343,17.593513926123578,17.593542497676054,17.593590113645906,17.593656768643736,17.593742453946135,17.593847155781273,17.593970851771534,17.594113504838408,17.59427505239142,17.594455388466418,17.594654334896845,17.594871596382916,17.595106692547294,17.59535885861997,17.5956269044333,17.595909021227843,17.59620252599636,17.59650353717725,17.596806585130192,17.597104181851286,17.597386418794184,17.59764074843749,17.597852261528924,17.59800500422008,17.598085025892157,17.598085025887592,17.59800500422008,17.59785226152358,17.59764074841923,17.597386418787856,17.597104181837278,17.596806585142357,17.59650353718597,17.59620252599666,17.595909021239382,17.595626904445627,17.595358858619903,17.59510669256099,17.59487159637108,17.59465433488941,17.594455388456005,17.59427505239564,17.59411350485428,17.59397085179606,17.593847155796148,17.593742453952995,17.593656768642585,17.593590113641802,17.593542497675173,17.593513926132275,17.593504401946664
17.59343325039725,17.593442758615076,17.593471282801247,17.59351882127456,17.593585370766988,17.593670925529853,17.59377547538433,17.593899002259736,17.594041473834142,17.594202832723177,17.594382978424917,17.594581738357213,17.594798822770166,17.595033756668165,17.595285780196875,17.595553707523383,17.595835733347645,17.596129176927622,17.596430157496965,17.59673320431106,17.597030826025208,17.597313108299222,17.597567495094655,17.597779066470004,17.59793185679512,17.59801190502048,17.598011905019728,17.59793185678008,17.597779066466632,17.59756749508407,17.59731310829142,17.59703082603069,17.596733204305796,17.596430157491973,17.59612917694036,17.595835733355646,17.595553707532684,17.595285780208503,17.59503375666492,17.594798822769327,17.594581738350815,17.594382978420573,17.59420283272823,17.59404147384894,17.593899002276164,17.593775475391546,17.593670925540316,17.593585370766757,17.593518821275715,17.593471282810615,17.5934427586173,17.593433250386493
17.593364534241346,17.593374029215024,17.59340251400682,17.59344998806057,17.593516449994276,17.59360189656137,17.593706320768842,17.593829708220618,17.593972030777632,17.594133235558676,17.59431322680333,17.594511836824122,17.59472878072838,17.594963588157327,17.595215503587184,17.595483344943965,17.59576530986954,17.596058719479505,17.59635969347927,17.59666275982137,17.596960423779937,17.59724276518691,17.597497219685955,17.597708856874654,17.597861699586833,17.597941776705117,17.59794177670501,17.597861699578097,17.59770885686225,17.597497219685827,17.597242765184404,17.596960423783134,17.596662759811498,17.596359693481798,17.596058719478844,17.595765309872675,17.595483344954765,17.59521550358927,17.59496358815359,17.594728780730325,17.594511836828833,17.594313226805273,17.594133235559458,17.593972030789946,17.593829708230025,17.5937063207828,17.59360189656793,17.593516449998663,17.59344998805384,17.59340251400361,17.593374029221987,17.593364534256587
17.593298269176113,17.593307753197198,17.593336205456193,17.59338362637541,17.593450016172124,17.593535373823883,17.59363969505374,17.593762968703444,17.59390517023174,17.594066250689252,17.594246118472466,17.594444610151776,17.594661445040877,17.594896156885973,17.59514799390358,17.59541577728065,17.595697707128334,17.59599110609068,17.59629209405432,17.59659519749632,17.596892918244716,17.59717533033142,17.597429861268527,17.597641570394625,17.59779446938101,17.597874577256118,17.597874577243463,17.59779446937581,17.59764157039883,17.59742986126465,17.597175330323445,17.5968929182364,17.596595197508424,17.596292094045946,17.595991106095795,17.59569770711936,17.595415777274148,17.59514799390422,17.59489615689229,17.594661445041858,17.594444610154763,17.59424611847786,17.594066250693064,17.593905170239267,17.59376296871718,17.593639695063867,17.593535373833976,17.59345001616492,17.593383626371267,17.593336205449187,17.593307753208588,17.593298269177687
17.59323446629088,17.59324394135479,17.593272366967867,17.593319744455325,17.593386075408393,17.593471360717444,17.593575598493448,17.5936987803631,17.593840884949824,17.594001866723154,17.594181637697734,17.594380038169746,17.594596791136446,17.594831433908148,17.595083217984865,17.595350967305976,17.595632884121756,17.595926292268604,17.59622731154564,17.596530466854567,17.596828256470243,17.59711074872653,17.59736536314631,17.597577149116365,17.5977301074028,17.597810247437934,17.59781024744509,17.59773010740673,17.597577149109032,17.597365363142178,17.59711074871902,17.596828256466065,17.596530466851632,17.59622731155876,17.59592629225093,17.595632884118025,17.595350967289868,17.595083217979315,17.594831433913484,17.594596791143086,17.594380038165866,17.594181637710044,17.59400186673041,17.593840884953966,17.593698780372097,17.59357559850493,17.593471360714418,17.59338607541098,17.593319744445658,17.593272366971092,17.593243941346582,17.593234466301098
17.59317313284133,17.593182600617112,17.593211004692154,17.59325834706454,17.59332463058446,17.593409857785836,17.593514028851324,17.593637137864036,17.593779166185776,17.59394007124825,17.59411976829383,17.59431810079745,17.594534795028874,17.5947693914003,17.595021144207752,17.59528887982192,17.595570802287188,17.59586423628586,17.59616530140362,17.596468520769008,17.59676638909935,17.59704896914214,17.597303672593643,17.597515539143636,17.59766855894687,17.59774873223674,17.597748732249226,17.59766855894776,17.597515539129176,17.59730367259559,17.597048969135773,17.59676638909615,17.59646852076253,17.596165301388577,17.595864236286022,17.595570802275258,17.5952888798201,17.5950211441919,17.594769391389992,17.594534795026547,17.594318100800894,17.594119768309987,17.593940071266164,17.59377916618778,17.593637137872026,17.593514028850446,17.59340985778753,17.593324630578074,17.593258347060278,17.593211004684242,17.59318260062362,17.59317313283331
17.59311427276141,17.593123734746996,17.59315212159661,17.59319943600749,17.593265681857424,17.5933508631371,17.593454981855793,17.593578034204572,17.593720003911823,17.59388085110817,17.594060493720953,17.594258778101786,17.59447543333934,17.59471000252495,17.594961742439068,17.59522948152393,17.595511425256866,17.595804899006488,17.59610602188866,17.59640931518695,17.59670727011647,17.596989943843358,17.597244740497363,17.597456690284776,17.597609773190154,17.59768998039629,17.597689980392353,17.597609773185958,17.597456690284854,17.597244740484687,17.596989943844957,17.59670727010447,17.59640931517593,17.596106021876928,17.59580489899705,17.59551142524939,17.59522948150853,17.594961742429298,17.59471000250499,17.594475433328093,17.59425877811732,17.594060493734677,17.593880851125473,17.593720003922492,17.593578034196376,17.59345498186303,17.593350863144295,17.593265681846763,17.593199435999104,17.593152121592205,17.593123734732224,17.593114272758328
17.593057887282153,17.593067344690823,17.593095718046282,17.593143010581425,17.593209227112233,17.593294372899035,17.59339845150362,17.59352146096577,17.593663387178584,17.59382419247821,17.59400379726095,17.594202050334417,17.594418683263743,17.594653241490047,17.594904983942616,17.59517274080029,17.595454718755864,17.595748243610828,17.596049433878584,17.5963528089739,17.59665085652755,17.59693362832677,17.597188521073594,17.59740055586054,17.597553702736796,17.59763394423332,17.59763394423885,17.597553702744523,17.59740055584767,17.597188521061952,17.59693362831587,17.596650856517837,17.596352808963026,17.596049433873947,17.595748243588755,17.59545471874124,17.595172740780733,17.594904983925073,17.594653241481044,17.594418683259693,17.594202050339224,17.594003797270744,17.593824192494807,17.593663387185124,17.59352146097655,17.593398451504633,17.59329437288723,17.593209227111533,17.593143010575183,17.59309571803779,17.593067344678147,17.59305788726406
17.59300397525275,17.593013429162635,17.593041792178198,17.59308906803965,17.59315526236113,17.593240381490233,17.593344430368635,17.59346740870846,17.59360930416405,17.593770081134856,17.593949662081478,17.59414789802257,17.594364522649606,17.594599083476577,17.594850841269345,17.595118627685807,17.595400650407885,17.59569423548171,17.595995500735157,17.596298963587223,17.596597108195525,17.596879981065474,17.59713497167614,17.59734709231698,17.59750030351044,17.597580579380473,17.597580579382722,17.597500303513222,17.59734709231782,17.597134971647847,17.596879981051647,17.596597108186963,17.59629896358213,17.59599550071519,17.59569423546735,17.595400650383773,17.59511862766415,17.594850841252523,17.594599083471106,17.59436452264938,17.59414789802464,17.593949662094165,17.59377008114269,17.59360930417022,17.593467408715735,17.59334443037097,17.593240381481234,17.593155262346627,17.59308906804186,17.593041792176844,17.593013429146072,17.5930039752315
17.59295253366235,17.592961984966642,17.59299034033554,17.593037603919186,17.593103782027903,17.593188881985085,17.593292909957803,17.593415867042854,17.593557742524574,17.593718502525096,17.593898071397263,17.594096302028493,17.594312929997642,17.594547504626746,17.59479928823214,17.595067113749398,17.595349189654076,17.595642842077858,17.595944188041653,17.596247742986066,17.596545987629835,17.596828963276177,17.597084052520785,17.597296259151538,17.597449534438553,17.59752984448998,17.59752984448975,17.597449534437033,17.5972962591288,17.597084052524984,17.596828963259338,17.596545987612313,17.596247742970416,17.595944188028515,17.59564284205603,17.59534918963017,17.595067113734725,17.594799288216144,17.594547504622756,17.59431292999546,17.59409630203003,17.593898071409605,17.593718502532916,17.593557742529853,17.593415867042268,17.593292909958432,17.59318888198003,17.593103782022336,17.593037603912528,17.592990340329354,17.592961984952158,17.592952533638055
17.59290355791028,17.592913007388777,17.59294135735592,17.592988612352503,17.59305477932088,17.593139866410304,17.593243880849663,17.593366824968996,17.593508689454627,17.593669441999488,17.593849008536996,17.594047243621883,17.594263884503867,17.594498482018103,17.594750299859577,17.59501817205745,17.59530030764379,17.595594032770183,17.595895463541886,17.596199113442427,17.596497459729747,17.59678053881776,17.59703572656624,17.597248018558393,17.597401357279903,17.59748170108418,17.597481701077445,17.597401357271615,17.597248018563576,17.59703572654807,17.59678053881092,17.596497459715003,17.596199113413363,17.59589546352466,17.595594032751986,17.595300307631092,17.59501817203775,17.59475029985872,17.59449848199896,17.59426388450352,17.594047243634233,17.593849008538527,17.59366944200672,17.593508689471744,17.593366824963923,17.59324388084303,17.593139866405824,17.59305477931534,17.592988612351373,17.592941357344085,17.592913007360185,17.592903557901618
17.592857042181414,17.592866490439018,17.592894836894466,17.592942086422426,17.59300824646048,17.59309332593154,17.593197332979386,17.5933202710028,17.593462131966156,17.593622884863645,17.593802457050526,17.594000704556127,17.594217366042948,17.59445199369452,17.594703852414195,17.594971777055658,17.595253977179908,17.595547778751968,17.59584929700545,17.59615304332461,17.59645149179835,17.596734673956988,17.596989959228075,17.597202335369335,17.597355736432146,17.59743611334774,17.59743611335005,17.597355736436793,17.597202335369683,17.59698995921331,17.59673467393907,17.596451491787338,17.59615304330635,17.595849296976663,17.5955477787441,17.59525397715661,17.594971777052315,17.594703852397828,17.594451993699906,17.59421736604396,17.594000704561587,17.59380245705469,17.59362288487295,17.5934621319728,17.593320271013727,17.593197332967794,17.593093325924393,17.59300824645074,17.59294208640876,17.592894836881165,17.592866490422704,17.5928570421756
17.592812979618422,17.592822427192345,17.592850771725683,17.59289801831727,17.592964174928618,17.593049251120846,17.59315325581997,17.59327619341325,17.59341805693366,17.593578816527344,17.593758400814867,17.593956667087905,17.594173355256213,17.594408018700786,17.594659923265354,17.594927904618554,17.595210172595063,17.595504052999313,17.595805660018137,17.596109503158917,17.596408053257534,17.596691337221813,17.59694671831257,17.597159176855122,17.597312638765214,17.597393047986223,17.597393047985427,17.59731263876773,17.597159176853953,17.59694671831535,17.596691337200983,17.59640805324009,17.596109503140955,17.595805660006018,17.595504052977674,17.59521017258752,17.594927904603427,17.594659923269056,17.594408018698008,17.594173355270126,17.593956667094236,17.593758400825955,17.593578816526353,17.593418056944074,17.593276193419168,17.593153255807707,17.593049251103754,17.59296417492247,17.592898018305384,17.592850771701226,17.592822427195024,17.592812979626324
17.59277136266907,17.59278081002323,17.592809153877738,17.59285639964469,17.592922555688485,17.593007632120248,17.59311163858247,17.593234580318924,17.59337645127019,17.59353722261968,17.593716824089256,17.593915114079632,17.594131833590236,17.594366536983923,17.594618491020086,17.59488653190411,17.595168869758663,17.595462830087566,17.595764526097692,17.59606846533405,17.596367115586208,17.596650499293947,17.596905973895705,17.597118512540348,17.59727203351961,17.597352474014876,17.597352474018333,17.597272033508144,17.59711851255151,17.59690597389652,17.59665049928946,17.59636711556717,17.59606846532635,17.595764526077637,17.595462830074602,17.595168869754126,17.594886531900116,17.5946184910106,17.594366536994237,17.594131833598837,17.593915114095218,17.593716824101726,17.593537222628843,17.59337645126089,17.593234580313222,17.59311163857565,17.59300763210925,17.592922555678996,17.592856399630442,17.592809153864536,17.592780810020635,17.592771362693252
17.592732183292732,17.592741630724404,17.59276997494662,17.592817221588994,17.59288337935046,17.59296845884635,17.593072470359193,17.59319541983885,17.593337302036232,17.593498089078878,17.593677711632278,17.593876029032156,17.59409278326333,17.594327529548604,17.594579535355983,17.5948476374055,17.595130045996697,17.595424086262792,17.595725870400138,17.59602990412111,17.59632865221213,17.596612132939175,17.59686769812143,17.59708031417177,17.5972338920668,17.597314362724934,17.597314362715824,17.5972338920767,17.597080314167638,17.59686769812842,17.596612132943,17.596328652211817,17.596029904105947,17.595725870386072,17.59542408625408,17.5951300459924,17.59484763740429,17.594579535352022,17.594327529550686,17.59409278327245,17.59387602905496,17.59367771163997,17.59349808908708,17.593337302034385,17.59319541981889,17.593072470346055,17.5929684588386,17.592883379343025,17.592817221584674,17.592769974943952,17.592741630727026,17.59273218329185
17.59269543301624,17.592704880818538,17.592733226242743,17.5927804750823,17.592846636359,17.59293172114441,17.59303574023479,17.593158700209138,17.593300596582957,17.593461402266243,17.593641048701315,17.593839396157758,17.594056187364803,17.594290978335636,17.594543037125014,17.59481120092793,17.595093680044904,17.595387799265126,17.595689669798933,17.595993795542235,17.59629263847473,17.596576212833234,17.596831865162414,17.597044555482903,17.59719818796308,17.59727868746913,17.597278687471537,17.597198187962537,17.59704455549702,17.596831865165917,17.59657621283027,17.59629263847279,17.59599379553601,17.595689669805957,17.595387799253082,17.595093680034093,17.594811200921853,17.59454303713581,17.594290978326004,17.594056187381153,17.593839396167127,17.593641048717192,17.59346140226297,17.593300596586218,17.593158700195595,17.593035740215004,17.59293172113508,17.592846636363998,17.5927804750688,17.592733226244402,17.592704880831274,17.592695433031455
17.592661103282122,17.592670551678324,17.592698898924805,17.592746150972825,17.592812317150855,17.592897408880237,17.59300143742719,17.59312440995761,17.593266322622174,17.593427148957794,17.593606821244467,17.593805200368347,17.594022029848066,17.594256866296586,17.59450897836969,17.594777203484682,17.595059752025186,17.595353948370516,17.595655902769032,17.595960117351478,17.596259051461764,17.596542715502153,17.596798451093232,17.597011212258526,17.597164896679054,17.597245423644637,17.597245423645834,17.597164896677143,17.597011212255115,17.596798451102448,17.596542715506533,17.596259051445482,17.595960117366253,17.595655902760864,17.595353948370104,17.59505975201894,17.594777203480785,17.59450897835781,17.59425686631833,17.594022029845355,17.59380520037069,17.59360682124214,17.593427148978122,17.593266322611836,17.593124409956825,17.59300143741574,17.592897408867557,17.592812317144308,17.592746150976122,17.592698898928496,17.59267055170029,17.59266110330686
17.59262918550139,17.592638634646963,17.592666984169856,17.592714240175457,17.592780412242284,17.59286551209664,17.592969551448185,17.593092537947147,17.593234468251804,17.593395316598084,17.59357501576722,17.593773427396872,17.59399029556082,17.59422517747359,17.594477342176297,17.594745627379094,17.59502824343472,17.595322514327613,17.595624549319282,17.59592884894861,17.59622786996174,17.596511619290084,17.596767433861427,17.596980262077953,17.59713399562501,17.597214548541782,17.59721454854148,17.597133995625637,17.596980262069913,17.596767433858375,17.59651161928766,17.59622786997166,17.595928848935163,17.595624549321318,17.59532251432277,17.595028243441906,17.5947456273699,17.59447734216974,17.59422517746662,17.593990295567913,17.59377342739606,17.593575015780168,17.593395316589184,17.593234468266605,17.593092537938556,17.592969551443684,17.59286551209454,17.59278041224202,17.592714240182858,17.592666984182035,17.59263863466245,17.592629185540932
17.59259967119093,17.59260912119335,17.592637473293706,17.592684733769868,17.592750912380332,17.592836021150976,17.592940072146575,17.593063073435204,17.593205022196315,17.593365893105613,17.593545619594607,17.59374406378568,17.5939609703089,17.594195896857833,17.59444811283381,17.594716456144315,17.59499913712532,17.59529347928244,17.595595591014494,17.59589997126897,17.59619907448864,17.59648290423346,17.596738793136534,17.596951684365248,17.59710546404177,17.597186041303043,17.597186041296375,17.597105464030726,17.596951684364935,17.59673879313176,17.596482904233653,17.596199074480374,17.595899971272672,17.59559559100586,17.595293479278848,17.594999137115646,17.59471645614592,17.594448112825116,17.594195896857745,17.593960970310363,17.59374406378555,17.59354561959388,17.593365893124197,17.59320502219329,17.593063073432727,17.592940072145044,17.592836021156092,17.59275091238492,17.592684733782928,17.592637473309523,17.592609121214014,17.592599671213616
17.592572552101785,17.592582002999922,17.592610357882226,17.592657623128158,17.592723808658672,17.592808926749537,17.59291298981139,17.593036006250838,17.593177973658097,17.593338867205514,17.593518620762715,17.593717096926778,17.59393404082919,17.59416901053314,17.594421275752584,17.594689674585233,17.594972417225982,17.59526682680053,17.595569010851317,17.59587346688504,17.59617264710085,17.596456552047666,17.5967125103118,17.596925460292635,17.597079282910478,17.597159882828592,17.597159882829455,17.597079282904932,17.596925460289196,17.59671251030338,17.59645655204287,17.596172647099607,17.595873466866518,17.595569010852177,17.595266826804878,17.59497241720773,17.594689674578014,17.59442127575853,17.59416901053369,17.593934040833688,17.593717096933666,17.593518620766627,17.593338867209415,17.593177973651997,17.593036006242517,17.592912989810337,17.592808926762494,17.59272380865565,17.592657623145453,17.59261035790877,17.592582003022628,17.592572552080515
17.592547820284665,17.592557272123443,17.5925856298785,17.592632900000744,17.59269909255669,17.592784220109344,17.592888295243093,17.593011326754638,17.593153312585297,17.593314228282733,17.593494008107996,17.59369251513665,17.593909494838538,17.59414450563803,17.594396817513925,17.594665268677463,17.594948069189133,17.595242541840086,17.59554479333194,17.5958493197992,17.596148571469964,17.596432546039125,17.5966885684495,17.596901572685315,17.597055434936717,17.59713605575542,17.597136055752124,17.597055434933072,17.59690157266403,17.59668856845143,17.59643254603527,17.596148571460716,17.595849319789206,17.595544793327768,17.595242541826504,17.594948069191133,17.59466526866797,17.59439681753091,17.594144505646472,17.593909494844887,17.593692515140884,17.593494008114188,17.593314228264607,17.593153312574742,17.593011326745035,17.59288829524584,17.592784220102434,17.592699092573106,17.59263290000895,17.592585629903603,17.592557272139384,17.59254782026157
17.59252546825613,17.592534921048085,17.59256328164583,17.592610556583477,17.5926767561248,17.592761892898718,17.592865979855333,17.5929890260031,17.593131029582985,17.59329196648757,17.59347177137518,17.593670307618364,17.593887321057075,17.594122370387662,17.594374725838215,17.59464322562296,17.594926079805905,17.595220610711173,17.595522924319955,17.595827515549743,17.596126832763577,17.596410871108354,17.59666695221098,17.5968800060101,17.597033904456588,17.597114544358686,17.597114544362583,17.597033904437673,17.59688000600916,17.59666695220292,17.59641087110834,17.596126832752763,17.59582751554079,17.595522924300838,17.595220610710324,17.594926079800636,17.59464322564019,17.594374725837095,17.59412237040236,17.59388732105569,17.593670307621174,17.59347177136925,17.593291966486202,17.593131029558286,17.59298902598996,17.59286597986017,17.592761892916375,17.592676756122298,17.592610556611152,17.59256328167111,17.592534921036226,17.592525468262313
17.592505489040636,17.592514942722595,17.592543306068112,17.59259058567329,17.592656791847784,17.592741937508578,17.592846035705666,17.592969095698958,17.593111116021554,17.5932720728536,17.593451901129065,17.593650464556116,17.593867509216192,17.594102594102388,17.594354989552418,17.59462353392768,17.59490643708221,17.595201021058042,17.595503391127583,17.595808041093466,17.59610741765915,17.59639151368993,17.596647647787602,17.596860746343395,17.597014677432423,17.597095334545156,17.597095334531833,17.59701467743621,17.596860746333736,17.596647647778433,17.596391513680956,17.59610741765926,17.595808041076857,17.59550339111679,17.59520102104712,17.59490643708508,17.594623533920434,17.594354989566813,17.59410259410242,17.59386750921915,17.593650464550233,17.593451901139915,17.593272072845114,17.59311111601639,17.59296909570175,17.59284603572324,17.59274193752546,17.592656791876188,17.592590585675328,17.59254330608778,17.59251494271306,17.592505489008104
17.592487876160224,17.592497330714338,17.592525696627582,17.5925729805669,17.59263919299956,17.592724346904117,17.592828455524472,17.592951528345147,17.59309356409903,17.593254539214715,17.593434388903653,17.593632977068374,17.593850050103363,17.594085167150073,17.59433759873644,17.59460618320329,17.594889130351053,17.595183761866704,17.59548618242702,17.595790884815724,17.596090314316992,17.596374461702993,17.596630642956626,17.596843781284274,17.59699774138661,17.59707841377832,17.597078413776078,17.596997741382147,17.59684378127483,17.59663064293823,17.596374461687564,17.596090314303808,17.595790884809304,17.595486182408006,17.59518376186396,17.59488913034676,17.594606183206427,17.59433759873834,17.594085167158216,17.593850050110795,17.59363297708651,17.593434388895016,17.593254539226653,17.59309356411357,17.592951528369177,17.59282845555242,17.59272434691056,17.592639193015973,17.592572980591726,17.592525696614743,17.59249733067322,17.592487876161712
17.59247262386303,17.59248207916435,17.59251044742508,17.592557735333916,17.592623953420098,17.592709114788445,17.59281323285014,17.59293631721502,17.5930783668271,17.593239358334692,17.593419227103144,17.59361783731164,17.59383493552751,17.594070081061826,17.594322544541793,17.59459116435881,17.594874150186016,17.595168823446183,17.595471288248447,17.595776036550646,17.596075512305127,17.596359704549883,17.596615926959373,17.59682909996987,17.596983085376593,17.5970637710842,17.597063771090635,17.596983085371274,17.596829099958775,17.596615926927555,17.596359704536383,17.59607551229116,17.595776036541007,17.595471288245346,17.595168823438815,17.59487415019066,17.594591164367003,17.59432254455435,17.594070081078662,17.593834935546624,17.593617837329194,17.593419227114396,17.593239358336334,17.593078366842597,17.592936317241175,17.592813232860667,17.59270911480973,17.59262395343259,17.592557735334175,17.592510447386463,17.592482079140314,17.592472623845723
17.592459726948867,17.592469182967417,17.592497553282037,17.592544844665778,17.59261106772467,17.592696235658206,17.59280036195988,17.592923456410265,17.59306551810899,17.593226523833838,17.593406409149395,17.593605038446736,17.593822158376245,17.594057328440716,17.59430981934432,17.594578469476716,17.59486148844679,17.595156197400367,17.595458699991486,17.59576348745449,17.596063002646403,17.596347233094647,17.596603490508926,17.59681669306868,17.596970699961716,17.59705139700804,17.597051397007835,17.59697069995524,17.5968166930407,17.596603490519094,17.5963472330752,17.596063002645256,17.595763487458022,17.59545869999675,17.595156197400822,17.594861488459514,17.59457846949453,17.594309819362902,17.594057328460572,17.59382215839075,17.59360503844646,17.59340640916774,17.593226523823454,17.593065518110222,17.592923456423456,17.59280036196346,17.592696235671724,17.592611067707534,17.59254484464821,17.59249755321827,17.592469182990712,17.592459726992185
17.592449181100573,17.592458637669697,17.592487009720443,17.592534304052084,17.592600531301475,17.592685704745367,17.592789837985745,17.592912940900003,17.59305501270624,17.593216030307914,17.593395929469896,17.593594574617264,17.593811712617267,17.59404690303754,17.59429941665544,17.5945680918785,17.59485113822503,17.595145876631136,17.59544841039599,17.59575323010786,17.59605277776176,17.596337039618135,17.596593325858045,17.596806552633826,17.596960577217313,17.597041283571773,17.597041283570373,17.596960577217843,17.596806552652243,17.596593325842786,17.596337039631248,17.596052777762704,17.595753230123044,17.595448410408977,17.595145876645542,17.594851138236862,17.594568091899795,17.594299416665667,17.59404690304284,17.593811712618372,17.59359457462119,17.593395929444597,17.59321603029182,17.59305501268453,17.592912940893868,17.59278983798051,17.5926857047251,17.59260053130645,17.592534304044765,17.592487009743543,17.592458637705434,17.592449181052153
17.592440982588645,17.59245043961901,17.592478813066336,17.59252610973187,17.592592340318483,17.59267751815024,17.592781656890033,17.592904766520054,17.59304684632028,17.593207873344273,17.593387783399834,17.593586441067835,17.59380359328726,17.594038799716348,17.594291331174734,17.594560026088367,17.594843093891512,17.595137855368986,17.595440413512513,17.59574525845659,17.596044831456783,17.596329117873317,17.596585426567827,17.596798672299787,17.59695271066753,17.597033424276876,17.597033424277658,17.596952710676174,17.59679867230716,17.596585426585133,17.59632911787433,17.596044831473098,17.59574525846512,17.59544041352481,17.595137855374333,17.594843093901446,17.59456002609187,17.594291331181868,17.59403879971338,17.593803593279695,17.593586441035313,17.59338778335759,17.59320787330366,17.59304684630392,17.592904766505352,17.59278165690891,17.592677518170095,17.592592340345817,17.59252610972702,17.592478813105593,17.59245043959269,17.59244098259988
17.592435128574724,17.592444585950275,17.592472960401857,17.59252025877304,17.59258649178002,17.592671672784807,17.59277581552562,17.59289893001039,17.593041015609327,17.59320204942535,17.593381967358557,17.593580634055858,17.593797796529064,17.594033014487504,17.594285558790556,17.59455426784483,17.59483735106872,17.595132129107014,17.595434704744605,17.595739567773258,17.596039158961602,17.596323462957326,17.596579787754976,17.596793047032584,17.59694709527691,17.59702781408484,17.597027814088158,17.596947095285163,17.596793047046983,17.596579787759516,17.596323462956732,17.59603915896532,17.595739567775098,17.595434704743315,17.59513212910286,17.594837351057823,17.59455426784613,17.59428555877383,17.594033014471353,17.593797796507904,17.59358063402696,17.593381967327097,17.59320204940545,17.593041015617136,17.592898930028845,17.592775815550084,17.592671672802183,17.592586491789064,17.592520258749452,17.59247296041591,17.592444585956375,17.592435128579737
17.592431617008142,17.592441074580236,17.59246944964953,17.59251674904844,17.592582983514614,17.59266816645552,17.592772311623413,17.592895429035732,17.593037518144815,17.593198556072213,17.593378478765924,17.593577150923675,17.593794319583566,17.59402954449672,17.59428209653628,17.59455081412137,17.59483390662348,17.5951286946353,17.59543128081499,17.59573615470491,17.596035756831856,17.59632007138555,17.596576405863182,17.59678967330377,17.596943727471835,17.597024449392975,17.597024449404806,17.59694372746992,17.596789673304844,17.596576405879606,17.59632007139332,17.596035756824573,17.595736154698034,17.595431280785785,17.595128694606405,17.594833906609608,17.594550814107436,17.59428209652104,17.594029544484886,17.59379431957179,17.59357715091491,17.59337847875884,17.593198556068884,17.593037518161168,17.592895429067475,17.59277231163735,17.59266816643421,17.59258298347095,17.59251674908164,17.59246944964276,17.59244107458514,17.592431617015233
17.592430446620348,17.592439904268208,17.592468279537506,17.5925155792741,17.592581814241633,17.592666997844145,17.592771143787914,17.592894262208706,17.593036352483008,17.59319739178961,17.59337731608066,17.593575990054344,17.593793160792874,17.594028388031294,17.594280942643728,17.59454966308602,17.594832758691805,17.59512755003561,17.595430139693878,17.595735017243147,17.596034623006375,17.596318941088985,17.596575278814925,17.59678854895524,17.596942605092856,17.59702332808052,17.597023328066385,17.59694260511058,17.59678854896622,17.596575278817628,17.596318941102826,17.59603462300386,17.595735017225106,17.595430139673415,17.595127550008677,17.594832758674208,17.594549663067834,17.59428094264046,17.594028388013605,17.593793160784443,17.59357599004594,17.593377316060202,17.59319739182368,17.59303635251573,17.59289426223224,17.592771143727326,17.592666997802326,17.59258181426672,17.592515579280455,17.59246827953492,17.59243990427253,17.592430446627418
