Model: _005_20_26_CPC_metacentric_relaxed_MCF10A_chr19_PMP1_compare
Simulation: 1105102268_0
(SimID_1105102268_0 (PDE Simulation)) 
Sim time range (0.0 500.0) (saved timepoints 51) 
Number of variables 42 
Variable names ['BUB1a', 'BUB1a_pknl1', 'CPCa', 'CPCi', 'H2A', 'H3', 'H3_CPCa', 'H3_CPCi', 'H3S10rep', 'HASPINa', 'HASPINi', 'I', 'KNL1', 'NDC80', 'NDC80_TTKa', 'NDC80_TTKi', 'NDC80_pTTKa', 'NDC80_pTTKi', 'pH2A', 'pH2A_SGO1', 'pH2A_SGO1_CPCa', 'pH2A_SGO1_CPCi', 'pH3', 'pH3_CPCa', 'pH3_CPCi', 'pH3S10rep', 'pKNL1', 'pKNL1_bub1a', 'PLK1a', 'PLK1i', 'pTTKa', 'pTTKi', 'pNDC80', 'pNDC80_TTKa', 'pNDC80_TTKi', 'pNDC80_pTTKa', 'pNDC80_pTTKi', 'SGO1', 'SGO1_CPCi', 'SGO1_CPCa', 'TTKa', 'TTKi'] 
 
2D Slice for variable pH3_CPCa at time 250.0 in plane XY at Z = 0 
 
X in rows, Y in columns 
0.00015061730664338557,0.00018540500414134032,0.0003029941456885109,0.0005469107258425798,0.001003246846483865,0.0018235494589043106,0.0032621137264830834,0.0057331599337602564,0.009895160740005382,0.016771389872306846,0.027917498172206644,0.04564855941814135,0.07333966789464003,0.11581601972756679,0.17985041089650167,0.2747866612869904,0.4133003791450102,0.6122757371646896,0.8936739582655875,1.284994234184937,1.818259337331032,2.524926662732108,3.420746499728084,4.467296311461892,5.481302592794982,5.929213804004884,5.929213804222794,5.4813025931588,4.467296311684522,3.4207464997500994,2.5249266626474403,1.818259337236313,1.2849942340928127,0.893673958213665,0.6122757371416582,0.4133003791311752,0.2747866612829202,0.17985041089861248,0.11581601972849623,0.07333966789293443,0.04564855941510548,0.02791749816936749,0.016771389870697588,0.009895160739538283,0.005733159933654977,0.003262113726813966,0.0018235494590910508,0.0010032468464610087,0.0005469107258684035,0.0003029941456957628,0.00018540500413542765,0.00015061730662865985
0.00015061542567892602,0.00018540268732982222,0.00030299035488574465,0.0005469038749210833,0.0010032342643601386,0.0018235265639619258,0.0032620727286783425,0.0057330878158991455,0.009895036182404629,0.016771178671840272,0.02791714659961254,0.04564798483042492,0.07333874581115858,0.11581456650596239,0.1798481611266446,0.2747832391316242,0.4132952631942951,0.6122682193137219,0.8936630992877074,1.2849788239066673,1.8182378786615803,2.524897423146819,3.42070772488399,4.467246797354575,5.481243016585966,5.929149623325161,5.929149623486528,5.481243016929218,4.46724679756956,3.4207077249648425,2.524897423116314,1.8182378785793192,1.2849788238309687,0.8936630992264714,0.6122682192792233,0.4132952631810055,0.27478323912932245,0.17984816113023605,0.11581456650899592,0.07333874581205437,0.045647984829482686,0.02791714659789426,0.016771178670345673,0.009895036181653804,0.005733087815677324,0.0032620727287117506,0.0018235265641363063,0.0010032342644471961,0.000546903874920644,0.0003029903548976593,0.00018540268732567916,0.0001506154256664907
0.00015060978305979364,0.0001853957372463372,0.00030297898308265833,0.0005468833231267784,0.0010031965203512346,0.0018234578830196805,0.0032619497415898443,0.005732871475252027,0.009894662532657923,0.01677054511317507,0.027916091961535855,0.04564626120879666,0.07333597980363417,0.1158102072532528,0.17984141251885136,0.2747729738446439,0.4132799173058518,0.61224566896173,0.8936305275307483,1.284932601334415,1.8181735154793208,2.524809723882927,3.420591428742025,4.467098294083601,5.481064338022519,5.928957135390769,5.928957135399979,5.481064338086245,4.4670982941305315,3.4205914287324455,2.524809723842589,1.8181735154296572,1.2849326012752589,0.8936305274756182,0.6122456689268012,0.4132799172913446,0.2747729738425952,0.17984141252290867,0.1158102072580417,0.07333597980574134,0.04564626120883464,0.027916091960842732,0.01677054511234256,0.009894662531954635,0.00573287147490217,0.0032619497415160435,0.0018234578830632344,0.0010031965204131362,0.0005468833231501125,0.00030297898308884625,0.00018539573724757688,0.00015060978305832197
0.00015060037963062224,0.00018538415492103338,0.00030296003200838733,0.0005468490737781456,0.00100313362043399,0.0018233434273458075,0.0032617447867083916,0.005732510951081612,0.009894039862938044,0.016769489327142312,0.027914334490310142,0.04564338896264922,0.0733313705893584,0.11580294320983589,0.17983016718361494,0.2747558689809162,0.41325434738553607,0.6122080957930792,0.8935762586249444,1.284855591230592,1.8180662861949755,2.5246636228612127,3.4203976957623596,4.466850918933443,5.480766706936411,5.928636504230557,5.9286365041564935,5.480766706810547,4.466850918791518,3.42039769566374,2.5246636228024633,1.8180662861409098,1.2848555911787447,0.8935762585819715,0.6122080957632596,0.41325434737159444,0.27475586897762283,0.1798301671847862,0.1158029432122941,0.07333137059150495,0.045643388964005674,0.027914334490679482,0.01676948932689527,0.009894039862491258,0.0057325109507665615,0.003261744786564855,0.0018233434273115135,0.0010031336204437945,0.0005468490737773569,0.0003029600320053387,0.00018538415493559075,0.00015060037963364974
0.00015058721676969552,0.00018536794212613788,0.00030293350456037186,0.0005468011321908083,0.001003045574763631,0.0018231832161552225,0.0032614578998418392,0.005732006309626527,0.009893168294037188,0.01676801153140119,0.027911874575145924,0.04563936878014199,0.07332491936708245,0.11579277644164407,0.17981442864587127,0.2747319304796944,0.41321856330805073,0.612155515985407,0.8935003186610186,1.2847478348968964,1.8179162548179886,2.524459216820952,3.4201266670131174,4.466504867650439,5.480350374318628,5.928188004131589,5.928188004048255,5.480350374150799,4.466504867552164,3.420126666934208,2.524459216768173,1.817916254793413,1.2847478348613057,0.8935003186312128,0.6121555159646163,0.41321856329176254,0.2747319304730749,0.1798144286446282,0.11579277644200797,0.07332491936798721,0.045639368781209645,0.027911874575902593,0.016768011531605467,0.009893168293857139,0.0057320063093608455,0.003261457899714357,0.0018231832161144704,0.001003045574740265,0.0005468011321870288,0.0003029335045458574,0.0001853679421217252,0.00015058721678611837
0.00015057029649143534,0.00018534710126869985,0.0003028994048115675,0.0005467395059779936,0.001002932397664976,0.001822977276554094,0.003261089131588567,0.005731357644124672,0.009892047996274068,0.01676611203334495,0.027908712763948112,0.045634201626367984,0.07331662782180304,0.1157797098576836,0.1797942018688215,0.27470116669772365,0.4131725789509285,0.6120879522768014,0.8934027442827143,1.2846093903552722,1.8177235113452297,2.5241966415457577,3.419778540642734,4.466060415287171,5.47981569205775,5.9276120196454425,5.927612019582888,5.479815691943005,4.466060415163443,3.419778540607147,2.5241966415389423,1.8177235113251757,1.2846093903489315,0.8934027442690886,0.6120879522584446,0.4131725789357697,0.27470116668888206,0.1797942018666453,0.1157797098573116,0.07331662782204325,0.045634201626604386,0.027908712764020287,0.016766112033360234,0.009892047996156828,0.005731357643969528,0.0032610891315088017,0.0018229772765531748,0.0010029323976715823,0.0005467395059692727,0.00030289940480283814,0.0001853471012545169,0.00015057029648292167
0.00015054962129642174,0.00018532163552437345,0.000302857738098505,0.0005466642049796061,0.0010027941078603506,0.001822725643766646,0.0032606385475810427,0.005730565075649732,0.009890679190272252,0.016763791230561494,0.027904849765493674,0.04562788875308905,0.07330649813809659,0.11576374722685442,0.1797694932741798,0.27466358843886673,0.4131164122681176,0.6120054340504516,0.8932835828467207,1.2844403325809686,1.8174881718528009,2.523876072336268,3.419353572105473,4.465517916013345,5.4791631136223655,5.926909046263475,5.9269090462420175,5.479163113504952,4.465517915942437,3.419353572058518,2.52387607230772,1.8174881718376812,1.2844403325672706,0.8932835828377576,0.6120054340374553,0.4131164122572642,0.27466358843250654,0.17976949327182304,0.11576374722676679,0.0733064981380962,0.045627888752613886,0.02790484976488378,0.016763791230066605,0.009890679190012708,0.005730565075504927,0.003260638547520587,0.001822725643774744,0.0010027941078896263,0.0005466642049894968,0.00030285773809732096,0.0001853216355156829,0.0001505496212815681
0.00015052519436060672,0.0001852915488485919,0.00030280851101106176,0.0005465752414470649,0.0010026307284741686,0.001822428361275359,0.003260106228868926,0.005729628753634441,0.009889062148313341,0.0167610496138238,0.027900286455850343,0.045620431704946576,0.07329453300986556,0.11574489319348856,0.17974031077281552,0.27461920901412135,0.41305008534851945,0.611907997457755,0.8931428925647814,1.2842407536023148,1.8172103789402048,2.5234977242189998,3.4188520747485485,4.4648778044512145,5.4783931950117095,5.926079691535593,5.926079691486183,5.47839319491443,4.464877804361223,3.418852074676672,2.5234977241559142,1.8172103788957705,1.2842407535795524,0.8931428925483436,0.6119079974452372,0.41305008534303417,0.27461920901043946,0.1797403107707503,0.11574489319436418,0.07329453301044077,0.04562043170405458,0.027900286454661707,0.016761049613124884,0.009889062147920442,0.005729628753451885,0.0032601062287818693,0.0018224283612504751,0.001002630728485915,0.000546575241458414,0.0003028085110171986,0.00018529154884707884,0.00015052519435188483
0.00015049701950396407,0.00018525684598124615,0.00030275173146423416,0.0005464726300255694,0.0010024422871715232,0.0018220854811599309,0.0032594922725071454,0.005728548856848577,0.009887197196256109,0.016757887770895034,0.027895023881972843,0.045611832328298026,0.07328073565610639,0.11572315330393348,0.1797066638036157,0.2745680442886697,0.4129736245127233,0.6117956855156678,0.8929807426804925,1.2840107629260022,1.816890302033637,2.5230618526702115,3.4182744206953153,4.464140596217985,5.47750659578287,5.925124676043791,5.92512467597718,5.477506595614716,4.464140596015795,3.418274420524442,2.5230618525510873,1.8168903019620584,1.2840107628917274,0.8929807426700482,0.6117956855112939,0.41297362450571656,0.27456804428360126,0.1797066637997687,0.1157231533031515,0.07328073565653087,0.045611832327799605,0.027895023881088846,0.01675788777021397,0.009887197195976465,0.005728548856692343,0.003259492272386278,0.0018220854810863094,0.001002442287141149,0.0005464726300242461,0.00030275173146897505,0.00018525684598186834,0.00015049701950013204
0.0001504651011986612,0.00018521753247784299,0.00030268740873668246,0.0005463563878991467,0.0010022288163952912,0.0018216970644617408,0.0032587967922100454,0.0057273255948749845,0.009885084715932852,0.016754306389271188,0.027889063269289537,0.045602092781689106,0.07326510983634006,0.1156985340264854,0.17966856337113438,0.2745101127509509,0.41288706039462125,0.6116685483078671,0.8927972137366711,1.2837504877579888,1.8165281379234406,2.5225687541891646,3.4176210414751838,4.463306889110215,5.476504080280366,5.924044834854202,5.924044834780448,5.476504080022425,4.463306888833736,3.4176210412752397,2.522568754076769,1.8165281378645968,1.2837504877340362,0.8927972137252844,0.6116685482985605,0.41288706038526546,0.27451011274083104,0.17966856336480697,0.1156985340233079,0.07326510983528205,0.045602092781317764,0.027889063268754684,0.01675430638883325,0.009885084715771071,0.005727325594786106,0.0032587967921079907,0.0018216970643586711,0.0010022288163255883,0.0005463563878752457,0.00030268740873464595,0.0001852175324796611,0.00015046510119774256
0.00015042944461076554,0.00018517361476736848,0.0003026155535499745,0.0005462265348971566,0.0010019903536004338,0.001821263181635947,0.0032580199192063317,0.005725959209260107,0.009882725147013136,0.016750306260384696,0.027882406026368146,0.04559121554499576,0.07324765986498574,0.11567104278657121,0.17962602209806264,0.27444543558248385,0.41279042809708194,0.611526643126051,0.8925923978153666,1.2834600734718025,1.8161241112561122,2.522018767030753,3.416892429131321,4.462377364321723,5.4753865191028614,5.922841119229594,5.922841119172392,5.475386518975901,4.462377364179778,3.41689242904231,2.5220187669687166,1.8161241112138473,1.2834600734356503,0.8925923977902926,0.6115266431108103,0.4127904280860695,0.2744454355726359,0.17962602208935236,0.11567104278107666,0.07324765986259342,0.04559121554450285,0.027882406026079883,0.016750306260087965,0.009882725146849613,0.005725959209173971,0.003258019919093718,0.0018212631815215472,0.0010019903535125989,0.0005462265348568836,0.00030261555353704314,0.0001851736147661501,0.00015042944461422493
0.00015039005565255535,0.0001851251001850843,0.0003025361781339886,0.0005460830936447367,0.0010017269414966175,0.0018207839129803724,0.0032571618028135307,0.005724449974744483,0.009880118989195106,0.016745888283409668,0.027875053753192762,0.045579203432386306,0.07322839063764033,0.11564068799855975,0.17957905427581697,0.2743740367623568,0.4126837672924725,0.6113700347033968,0.8923663988515069,1.2831396839720621,1.8156784751720454,2.5214122720225993,3.4160891372831066,4.461352787824637,5.474154890904307,5.921514598124546,5.921514598139849,5.474154890988732,4.461352787900212,3.41608913730128,2.5214122720101635,1.8156784751359876,1.2831396839266698,0.8923663988133589,0.6113700346827315,0.4126837672822493,0.27437403675361627,0.17957905426819173,0.11564068799278766,0.07322839063405873,0.045579203431173165,0.02787505375293972,0.016745888283183515,0.009880118989018175,0.0057244499746032075,0.0032571618026803572,0.001820783912846,0.0010017269414101218,0.0005460830935979128,0.00030253617811139505,0.00018512510017811137,0.0001503900556548276
0.000150346941000947,0.00018507199702437122,0.00030244929631201273,0.0005459260896999321,0.001001438628289087,0.0018202593489757214,0.003256222611381131,0.00572279820086111,0.009877266805439046,0.016741053470310446,0.027867008248836984,0.04556605960650838,0.07320730764954216,0.11560747910547423,0.17952767593111676,0.2742959431444081,0.41256712239176635,0.6111987954087641,0.8921193329335023,1.2827895022131284,1.8151915119561557,2.5207496935518794,3.4152117822838726,4.460234011861569,5.472810283757503,5.920066459927114,5.920066459942647,5.472810283857624,4.4602340119892006,3.4152117823361814,2.520749693548071,1.8151915119319586,1.2827895021739775,0.8921193328932614,0.6111987953830852,0.41256712238142385,0.2742959431399045,0.17952767592684238,0.11560747910040865,0.0732073076457329,0.045566059604467246,0.027867008248241443,0.016741053470048096,0.00987726680516007,0.005722798200667028,0.003256222611231402,0.0018202593488696069,0.0010014386282130915,0.0005459260896536153,0.0003024492962848078,0.000185071997012484,0.0001503469409993132
0.0001503001081504085,0.00018501431459092964,0.0003023549235839527,0.0005457555516922447,0.0010011254679273595,0.001819689590964614,0.0032552025331717468,0.005721004233621223,0.009874169224286375,0.01673580295078474,0.02785827152010593,0.04555178759201072,0.07318441702495128,0.11557142661662805,0.17947190488630818,0.2742111845693739,0.4124405426777179,0.6110130054924108,0.891851328701053,1.2824097307052162,1.814663533773424,2.5200315004068226,3.414261044483901,4.459021976339273,5.471353896951717,5.918498014496234,5.918498014546734,5.471353897044335,4.459021976404041,3.4142610445130566,2.5200315003937215,1.814663533743448,1.2824097306630406,0.8918513286649002,0.6110130054731777,0.41244054266859315,0.27421118456649907,0.17947190488423273,0.11557142661243394,0.07318441702114878,0.045551787589879225,0.027858271519037733,0.016735802950380293,0.009874169223999996,0.005721004233381785,0.0032552025330318595,0.0018196895908914944,0.0010011254678827944,0.0005457555516564482,0.00030235492355892195,0.00018501431457731377,0.00015030010814387438
0.00015024956545702642,0.00018495206325814612,0.0003022530772133732,0.000545571511486933,0.0010007875204462195,0.001819074751530988,0.003254101777313451,0.005719068457099234,0.00987082694345689,0.016730137977208952,0.027848845790454827,0.04553639129375099,0.07315972553822955,0.1155325421520656,0.17941176082642166,0.27411979396065755,0.4123040824930327,0.6108127533546893,0.8915625276855771,1.2820005920348527,1.814094883389533,2.519258206897952,3.413237669610757,4.4577177106502095,5.469787043469341,5.916810695796489,5.916810695842146,5.469787043538373,4.457717710652725,3.4132376695889,2.5192582068742855,1.8140948833439419,1.2820005919980257,0.8915625276623378,0.6108127533406064,0.4123040824837551,0.2741197939556036,0.17941176082351576,0.11553254214859647,0.07315972553474416,0.04553639129132598,0.02784884578935742,0.016730137976728187,0.009870826943116561,0.0057190684568852205,0.003254101777220889,0.0018190747515013685,0.001000787520436657,0.0005455715114701255,0.0003022530771968534,0.00018495206324588894,0.00015024956544626366
0.0001501953221890667,0.00018488525452223543,0.00030214377631946265,0.0005453740043484021,0.0010004248522218447,0.0018184149551050926,0.0032529205748137325,0.005716991295347363,0.009867240732328197,0.016724059930449873,0.027838733510331882,0.045519875009449505,0.07313324064327395,0.11549083848423054,0.179347265370541,0.27402180744830973,0.41215780140376806,0.6105981357996797,0.8912530847298568,1.2815623294746519,1.8134859350434065,2.5184303740135405,3.4121424702609846,4.456322335755621,5.4681111520935035,5.915006063917862,5.915006063936775,5.468111152135502,4.456322335767934,3.4121424702175953,2.5184303739582234,1.8134859349973884,1.2815623294474277,0.8912530847218096,0.6105981357898282,0.41215780139140584,0.27402180743952764,0.17934726536430176,0.11549083847995989,0.07313324063984382,0.045519875007301765,0.027838733509347416,0.016724059929941512,0.009867240732026676,0.005716991295180844,0.003252920574774978,0.0018184149551254112,0.0010004248522381507,0.0005453740043517144,0.0003021437763140836,0.00018488525451373697,0.00015019532217463795
0.00015013738856808393,0.0001848139010655318,0.000302027041968374,0.0005451630691017716,0.0010000375362624436,0.0018177103385282089,0.00325165917948949,0.005714773213956362,0.009863411435608677,0.016717570325257485,0.027827937365730544,0.04550224344830789,0.07310497049939611,0.11544632958391879,0.17927844214614483,0.2739172644827414,0.41200176439970193,0.610369258334812,0.8909231684167898,1.281095207590177,1.8128370953276516,2.517548610581066,3.4109763275779326,4.4548370660909296,5.466327769701092,5.913085807811063,5.913085807822405,5.466327769748606,4.454837066085401,3.41097632753946,2.5175486105332907,1.8128370953018829,1.281095207584896,0.8909231684112014,0.6103692583212239,0.41200176438418573,0.2739172644695361,0.17927844213629154,0.11544632957794816,0.07310497049640385,0.045502243446584795,0.027827937364890722,0.016717570324767807,0.00986341143536554,0.005714773213915209,0.003251659179500109,0.0018177103385690725,0.0010000375363000097,0.0005451630691165589,0.00030202704197117053,0.0001848139010586559,0.00015013738855426372
0.00015007577582780288,0.00018473801680502034,0.0003019028972636513,0.0005449387482830766,0.000999625652550654,0.0018169610515193146,0.003250317868956266,0.005712414722106211,0.009859339976165329,0.016710670815922327,0.027816460288145134,0.0454835017460636,0.0730749240009176,0.11539903066805075,0.1792053168688609,0.2738062079662691,0.4118360420800502,0.6101262354623176,0.8905729615029905,1.2805995129099492,1.8121488041115532,2.516613574614765,3.409740192929373,4.453263211636986,5.464438563770291,5.911051747883394,5.911051747900745,5.464438563813292,4.4532632116431445,3.4097401929150397,2.5166135746002287,1.812148804123818,1.280599512919721,0.8905729614935857,0.6101262354444561,0.4118360420601965,0.27380620794859917,0.17920531685602667,0.11539903066098921,0.07307492399822353,0.04548350174513628,0.027816460287504022,0.01671067081548679,0.009859339976050171,0.005712414722145403,0.003250317869026963,0.001816961051565975,0.0009996256525850453,0.0005449387483026429,0.0003019028972664806,0.00018473801679746193,0.00015007577581369183
0.00015001049624724597,0.00018465761695379525,0.00030177136743347,0.000544701088316183,0.000999189288264759,0.0018161672572731059,0.003248896945705933,0.005709916373979949,0.009855027358272832,0.016703363201566932,0.027804305464581326,0.04546365548370938,0.07304311080458878,0.11534895824781302,0.1791279174214269,0.27368868437297317,0.41166071085823075,0.6098691909839775,0.8902026614013256,1.2800755546275582,1.8114215355318777,2.5156259746037306,3.4084350895871474,4.45160218013778,5.462445325086717,5.9089058389066444,5.908905838911804,5.462445325128594,4.451602180191263,3.4084350896182887,2.5156259746305496,1.811421535543742,1.2800755546382558,0.8902026614000198,0.6098691909642278,0.41166071083592576,0.27368868435277305,0.1791279174070364,0.11534895824094415,0.0730431108020552,0.045463655483063706,0.027804305464209023,0.01670336320141683,0.009855027358348025,0.005709916374098854,0.0032488969457783786,0.0018161672573129173,0.0009991892882945984,0.0005447010883249614,0.00030177136742702044,0.00018465761694242398,0.0001500104962332643
0.00014994156320014107,0.0001845727180734007,0.0003016324799157696,0.0005444501396431165,0.0009987285381250792,0.0018153291329476228,0.0032473967378418775,0.005707278770705227,0.009850474670633798,0.01669564943192679,0.027791476347002426,0.04544271070206087,0.07300954135876046,0.11529613017800641,0.17904627393132608,0.27356474388136615,0.41147585316245183,0.609598258335404,0.8898124806826394,1.2795236652755086,1.8106557989652539,2.5145865708981456,3.4070621146417754,4.449855479566912,5.460349970334384,5.90665017290485,5.9066501729339205,5.460349970387627,4.449855479630149,3.407062114700333,2.51458657093547,1.8106557989786254,1.2795236652754403,0.8898124806779172,0.6095982583215657,0.41147585314338037,0.27356474386260804,0.17904627391820968,0.11529613017156586,0.07300954135646416,0.04544271070143354,0.027791476346908803,0.01669564943217536,0.009850474670903019,0.005707278770840769,0.0032473967378924096,0.001815329132974299,0.0009987285381347062,0.0005444501396333689,0.0003016324798967213,0.00018457271805694892,0.0001499415631920353
0.0001498689912002897,0.00018448333811933845,0.00030148626444208374,0.0005441859568905484,0.0009982435045989922,0.0018144468701207345,0.0032458176000741516,0.005704502561754864,0.009845683089210678,0.016687531612134564,0.027777976661202523,0.04542067391903829,0.07297422693174445,0.1152405657016425,0.17896041885178915,0.27343444050723337,0.41128155765556146,0.6093135809142677,0.8894026475285112,1.2789442014518089,1.8098521401026295,2.513496177207176,3.4056224409146436,4.4480247203119445,5.458154545182305,5.904286982367379,5.904286982409072,5.458154545247169,4.448024720361319,3.4056224409550384,2.5134961772406204,1.8098521401151288,1.278944201448008,0.8894026475144818,0.6093135809037561,0.41128155764107205,0.2734344404934158,0.17896041884327182,0.11524056569708906,0.07297422692965455,0.04542067391823954,0.02777797666137803,0.016687531612760504,0.00984568308957751,0.0057045025618530755,0.0032458176000894966,0.0018144468701276094,0.0009982435045789717,0.000544185956856823,0.0003014862644156679,0.00018448333810647786,0.00014986899119933856
0.000149792795929077,0.00018438949649747144,0.0003013327531082197,0.000543908598968343,0.000997734298149076,0.001813520675198156,0.003244159914422802,0.0057015884464102235,0.00984065387972996,0.016679012007573442,0.027763810415181726,0.045397552144033675,0.07293717963764419,0.11518228550046944,0.17887038704413838,0.273297832232531,0.41107791944041644,0.6090153123877742,0.8889734062451594,1.2783375446096317,1.8090111420475345,2.512355662035031,3.4041173188954303,4.446111617957815,5.455861227171918,5.90181864346975,5.901818643490602,5.455861227182566,4.446111617998022,3.4041173189473093,2.51235566204889,1.8090111420529542,1.2783375446034748,0.8889734062321206,0.6090153123742361,0.4110779194289622,0.27329783222428516,0.17887038704047983,0.11518228549876118,0.07293717963641427,0.04539755214368737,0.02776381041566893,0.016679012008311626,0.009840653880070336,0.0057015884464179205,0.003244159914384718,0.0018135206751701326,0.00099773429810017,0.0005439085989259222,0.00030133275308595993,0.00018438949649385859,0.0001497927959360484
0.00014971299428181387,0.0001842912140948638,0.0003011719804290623,0.0005436181291886287,0.0009972010374096753,0.0018125507697656993,0.00324242409079329,0.0056985371748299925,0.009835388399860898,0.016670093047648694,0.02774898190687342,0.04537335289347802,0.07289841246335926,0.115121311739099,0.17877621584992906,0.2731549811329055,0.4108650402630493,0.6087036170376572,0.8885250178093762,1.2777041018153616,1.808133426368763,2.5111659502560753,3.402548078939943,4.444117995821471,5.45347232895259,5.89924767941012,5.899247679372331,5.453472328966148,4.444117995876116,3.4025480789839198,2.5111659502844224,1.8081334263760065,1.277704101802701,0.8885250177914598,0.6087036170219335,0.41086504025367787,0.27315498112977066,0.17877621584991446,0.11512131173970037,0.07289841246375968,0.045373352893982026,0.02774898190778398,0.016670093048250616,0.009835388400036135,0.00569853717476201,0.0032424240906982183,0.0018125507696861803,0.0009972010373512032,0.0005436181291557857,0.00030117198042239364,0.0001842912141004539,0.00014971299428895128
0.00014962960438551651,0.00018418851331352862,0.0003010039833880905,0.0005433146153262257,0.0009966438493019536,0.0018115373907502804,0.003240610567428017,0.005695349549021919,0.009829888101025334,0.01666077732950192,0.02773349573149549,0.04534808420224314,0.07285793929165027,0.11505766810475382,0.17867794516534508,0.2730059535040218,0.41064302872817426,0.6083786701103658,0.8880577603685721,1.2770443064958368,1.807219654319378,2.5099280247765705,3.4009161333543987,4.442045787701398,5.450990301405298,5.89657676408019,5.896576764133852,5.450990301482553,4.442045787762396,3.4009161334090043,2.5099280248191373,1.8072196543327503,1.2770443064832802,0.8880577603415915,0.6083786700920766,0.4106430287220066,0.2730059535056784,0.1786779451682747,0.11505766810700536,0.0728579392935631,0.04534808420350992,0.027733495732310976,0.016660777329695176,0.009829888100938296,0.0056953495489621446,0.003240610567361248,0.0018115373906682154,0.0009966438492495658,0.000543314615315477,0.0003010039833932233,0.00018418851331887922,0.0001496296043831053
0.00014954264561838616,0.00018408141808541902,0.00030082880145066983,0.0005429981296504887,0.0009960628690810767,0.0018104807905941702,0.0032387198112565725,0.005692026423392591,0.009824154529411197,0.01665106762069298,0.027717356785957797,0.045321754634798914,0.07281577492086952,0.1149913798464202,0.1785756175132918,0.27285081998731625,0.41041200051005383,0.6080406581338677,0.8875719297679753,1.2763586193222531,1.8062705279847415,2.508642928146043,3.399222978633375,4.439897040746596,5.44841773731532,5.89380872583671,5.893808725904976,5.448417737440104,4.439897040853723,3.3992229787132566,2.5086429281896496,1.80627052799717,1.2763586193034413,0.8875719297471234,0.608040658121113,0.410412000507646,0.2728508199918941,0.1785756175183053,0.11499137984970384,0.0728157749230488,0.045321754635993756,0.02771735678606058,0.016651067620321796,0.009824154529255454,0.00569202642344943,0.003238719811291586,0.0018104807905534163,0.00099606286905348,0.0005429981296531789,0.0003008288014557891,0.00018408141807943866,0.00014954264560725598
0.0001494521386097994,0.000183969953874198,0.0003006464765689866,0.000542668748921869,0.0009954582403389626,0.00180938123725257,0.0032367523178062994,0.005688568704744583,0.009818189326678136,0.016640966860253372,0.027700570272878262,0.04529437329362,0.07277193508227368,0.11492247381203126,0.17846927811103924,0.27268965568571096,0.41017207854857374,0.6076897792733428,0.887067840119111,1.2756475289819311,1.805286791515188,2.507311764289013,3.3974701978327277,4.4376739185632985,5.445757374802765,5.890946551075728,5.890946551141034,5.445757374896229,4.437673918695637,3.397470197928532,2.507311764334597,1.805286791510857,1.2756475289683569,0.8870678401155039,0.6076897792750052,0.41017207855318066,0.27268965569066683,0.17846927811493413,0.11492247381472623,0.07277193508336875,0.045294373293711096,0.027700570272282548,0.0166409668597277,0.009818189326709616,0.0056885687049582955,0.0032367523179182393,0.0018093812372564706,0.0009954582403300923,0.0005426687489232777,0.0003006464765645622,0.00018396995386038963,0.0001494521386004579
0.00014935810523525813,0.0001838541476638441,0.0003004570531538704,0.0005423265543289911,0.0009948301148958664,0.0018082390139718253,0.003234708610920192,0.005684977351966527,0.009811994229490896,0.01663047815912488,0.02768314170272386,0.04526594982451973,0.07272643645633431,0.11485097847934532,0.17835897492769726,0.27252254027861905,0.40992339326392313,0.6073262436728557,0.8865458243307065,1.2749115530525101,1.8042692323742653,2.505935700341991,3.395659463071343,4.435378704212191,5.443012101029765,5.887993388648575,5.8879933886478595,5.443012101108985,4.435378704310153,3.395659463147527,2.50593570038058,1.8042692323755918,1.2749115530562993,0.8865458243476732,0.6073262436897631,0.40992339327430116,0.27252254028283274,0.17835897492800942,0.11485097847862462,0.07272643645549573,0.04526594982371815,0.027683141702153108,0.016630478159058288,0.009811994229750742,0.005684977352223667,0.0032347086109955846,0.001808239013992036,0.0009948301148975543,0.000542326554326495,0.0003004570531425848,0.0001838541476548005,0.00014935810522997538
0.00014926056858687405,0.00018373402792730783,0.00030026057801354106,0.0005419716313790286,0.0009941786525813226,0.0018070544189041843,0.0032325892420801547,0.0056812533751377375,0.009805571068425641,0.01661960479938479,0.027665076893517507,0.0452364944207128,0.07267929668259478,0.11477692397984517,0.17824475874414303,0.2723495581417278,0.40966608275519983,0.6069502738001757,0.8860062346778427,1.2741512388825966,1.8032186827107262,2.5045159685693856,3.3937925380082046,4.433013803680886,5.440184956462995,5.884952554084602,5.884952554077786,5.440184956464922,4.433013803739153,3.393792538077765,2.5045159686071274,1.803218682739267,1.2741512389139338,0.8860062347088916,0.6069502738205852,0.4096660827646465,0.2723495581413469,0.17824475874108825,0.11477692397665647,0.07267929668064685,0.04523649442018213,0.027665076893617465,0.016619604799748562,0.00980557106872852,0.005681253375213138,0.003232589242098445,0.0018070544189129978,0.0009941786525958826,0.0005419716313710172,0.0003002605780042662,0.00018373402792729528,0.0001492605685850727
0.0001491595529404816,0.00018360962457316494,0.00030005710025551033,0.0005416040697100442,0.0009935040208778837,0.0018058277644724793,0.0032303947895485114,0.005677397834085962,0.009798921766069692,0.016608350231513348,0.027646381968862013,0.04520601782276498,0.07263053436654913,0.11470034212691793,0.1781266832120354,0.2721707984501878,0.40940029301024217,0.6065621048049613,0.8854494434105491,1.273367164559094,1.8021360207649362,2.5030538683642627,3.391871280792043,4.430581749483822,5.437279139115662,5.881827534620273,5.881827534644589,5.437279139164576,4.430581749588772,3.3918712808957987,2.5030538684407415,1.8021360208218746,1.2733671646037774,0.8854494434341182,0.6065621048135955,0.4094002930090573,0.2721707984456072,0.17812668320779254,0.11470034212455764,0.07263053436613677,0.045206017823411875,0.027646381969482013,0.016608350231843597,0.009798921765998923,0.005677397833955038,0.00323039478954147,0.0018058277645132985,0.0009935040208834615,0.0005416040696933721,0.0003000571002534441,0.00018360962457657438,0.00014915955294322918
0.00014905508369154964,0.000183480968861243,0.00029984667114741465,0.0005412239628335767,0.0009928063944614099,0.0018045593766781531,0.003228125857020009,0.005673411836278205,0.009792048333965249,0.016596718070732843,0.027627063354550726,0.04517453131787158,0.07258016908812512,0.11462126643665059,0.1780048049047376,0.27198635530223864,0.40912617812197627,0.6061619849212962,0.8848758434107846,1.272559939937483,1.8010221724398559,2.501550768591782,3.389897647130468,4.42808520479664,5.434298009631058,5.878621994460496,5.878621994529686,5.434298009878353,4.42808520502254,3.3898976473031768,2.501550768709103,1.8010221725119335,1.2725599399678227,0.88487584340702,0.6061619849089862,0.40912617811180335,0.27198635529709475,0.17800480490329054,0.1146212664374551,0.07258016908994715,0.045174531319320164,0.02762706335508331,0.016596718070592056,0.009792048333581794,0.005673411836093281,0.0032281258570283798,0.0018045593767075485,0.0009928063944373185,0.0005412239628224041,0.00029984667115273716,0.00018348096886540023,0.00014905508369704521
0.0001489471872666705,0.00018334809330247993,0.00029962934395235606,0.0005408314078268283,0.0009920859546705004,0.0018032495940529254,0.0032257830719422224,0.005669296534409629,0.009784952869177728,0.016584712092912502,0.027607127774425495,0.045142046738358095,0.07252822140683797,0.11453973215386769,0.17787918338382921,0.2717963278490766,0.40884390055383146,0.6057501759212858,0.8842858489504812,1.271730207856238,1.7998781131595976,2.5000081101922933,3.3878736939023852,4.425526968085267,5.431245096812865,5.875339780665797,5.8753397808228325,5.431245097159189,4.42552696840123,3.387873694107505,2.5000081103081,1.7998781132085409,1.2717302078571318,0.8842858489269588,0.6057501758996087,0.40884390054410447,0.2717963278479928,0.17787918338577569,0.11453973215679317,0.07252822140943202,0.04514204673937506,0.027607127774528024,0.016584712092430155,0.00978495286884364,0.00566929653433155,0.003225783071929186,0.0018032495939915216,0.0009920859546364107,0.0005408314078330119,0.0002996293439607793,0.0001833480933086454,0.0001489471872712977
0.00014883589103797953,0.0001832110315472449,0.0002994051737293731,0.0005404265049748834,0.0009913428888360823,0.0018018987665540645,0.0032233670838670288,0.005665053123805907,0.009777637550756604,0.01657233623043584,0.027586582247125305,0.04510857646255831,0.07247471287489185,0.11445577628938494,0.17774988128744687,0.27160082047802736,0.40855363146703216,0.6053269536875211,0.8836798966503595,1.2708786456116323,1.798704870024629,2.4984274093087735,3.385801583400394,4.42290997857047,5.4281241040226,5.871984930387407,5.871984930502394,5.428124104283304,4.422909978796841,3.385801583540071,2.4984274093649774,1.7987048700350372,1.2708786455955021,0.883679896632135,0.6053269536787597,0.4085536314655353,0.2716008204797304,0.17774988129048444,0.11445577629250651,0.07247471287596889,0.04510857646280516,0.027586582246652506,0.016572336230130175,0.00977763755073501,0.0056650531238046226,0.0032233670837464785,0.0018018987664427564,0.000991342888823186,0.0005404265049828859,0.0002994051737364316,0.00018321103155448273,0.00014883589104186371
0.0001487212232268123,0.00018306981826491568,0.0002991742171279093,0.0005400093574068476,0.000990577389655566,0.0018005072545981791,0.0032208785628564506,0.005660682840227402,0.00977010463737142,0.016559594570304877,0.02756543408730328,0.045074133425094635,0.07241966606578173,0.11436943769034096,0.1776169644694295,0.27139994307187254,0.4082555511852348,0.6048926089953974,0.883058446695839,1.2700059668412984,1.7975035246291378,2.4968102612185317,3.3836835886940504,4.420237322929431,5.424938917402281,5.868561679554445,5.868561679523998,5.424938917349148,4.420237322866751,3.3836835886453054,2.496810261192063,1.7975035246226627,1.270005966841763,0.8830584467076735,0.6048926090070382,0.40825555119096724,0.27139994307442566,0.17761696447192235,0.114369437691526,0.07241966606581593,0.04507413342394688,0.02756543408663414,0.01655959457036128,0.009770104637609531,0.005660682840189363,0.0032208785626496174,0.0018005072545203152,0.0009905773896499725,0.0005400093574051801,0.00029917421713467345,0.0001830698182707793,0.00014872122323283065
0.0001486032128335993,0.00018292448904294953,0.00029893653223433134,0.0005395800708288295,0.0009897896547846883,0.0017990754284073762,0.0032183181987183508,0.0056561869594218325,0.009762356467812719,0.016546491358409802,0.027543690918197986,0.04503873114610382,0.07236310464038091,0.11428075716458033,0.1774805022328575,0.27119381142097565,0.4079498498853143,0.6044474486216094,0.8824219845873603,1.2691129241426093,1.7962752168282559,2.4951583455963138,3.381522100499807,4.4175122441774315,5.421693616313599,5.865074474440593,5.865074474275377,5.421693615912201,4.417512243804362,3.3815221002490357,2.4951583455025164,1.7962752168217073,1.2691129241714014,0.8824219846252456,0.6044474486463746,0.4079498498961486,0.2711938114258168,0.17748050223533127,0.1142807571645882,0.07236310463888301,0.04503873114415267,0.027543690917493504,0.016546491358752323,0.009762356468011704,0.005656186959228021,0.003218318198551904,0.0017990754283703498,0.000989789654768867,0.000539580070833571,0.0002989365322393726,0.00018292448904726964,0.0001486032128351373
0.00014848188962175653,0.00018277508038145226,0.00029869217856154243,0.000539138753532224,0.0009889798869059815,0.0017976036683715708,0.0032156867021944603,0.005651566800153154,0.00975439546855412,0.01653303101584652,0.02752136070597556,0.04500238380064934,0.07230505347322572,0.114189777712536,0.17734056773134946,0.2709825478957234,0.4076367286823251,0.6039917970420693,0.8817710237016643,1.2682003128225412,1.7950211500377697,2.4934734337570257,3.3793196367864136,4.4147381537780825,5.418392487738808,5.861527987125525,5.861527986917349,5.4183924872213245,4.414738153292054,3.379319636477063,2.493473433625986,1.795021150021755,1.2682003128536006,0.8817710237387243,0.6039917970661747,0.40763672869750944,0.27098254790577725,0.17734056773444185,0.11418977771215277,0.07230505347086935,0.0450023837987559,0.027521360705693096,0.016533031016081702,0.00975439546828902,0.00565156679986525,0.0032156867021377665,0.0017976036683478522,0.0009889798869045304,0.0005391387535390718,0.0002986921785643377,0.00018277508038190899,0.00014848188962045814
0.0001483572842784505,0.00018262162988533662,0.0002984412173517912,0.000538685516959274,0.0009881482948915193,0.0017960923674674026,0.003212984809921601,0.005646823734341432,0.009746224173887324,0.01651921817858423,0.02749845183425184,0.044965106353570566,0.0722455388939039,0.11409654493984915,0.1771972386544103,0.2707662825485737,0.4073164013557152,0.6035259990565306,0.881106109169562,1.267268976475551,1.793742599031641,2.4917573991704023,3.377078856580989,4.41191864862366,5.415040046166459,5.857927136738895,5.857927136584272,5.415040045803594,4.411918648266112,3.3770788563319774,2.4917573990486375,1.7937425989935156,1.2672689764831768,0.881106109181092,0.6035259990710324,0.40731640137305974,0.27076628255871676,0.1771972386585248,0.11409654493965508,0.07224553889244667,0.04496510635312704,0.027498451834479666,0.016519218178060204,0.009746224173229059,0.005646823734140999,0.003212984809895989,0.0017960923674509202,0.000988148294899517,0.0005386855169585179,0.00029844121735320036,0.00018262162988380218,0.00014835728427511056
0.00014822942890330005,0.00018246417684494808,0.00029818371251211614,0.0005382204774076226,0.0009872950970255595,0.0017945419374546154,0.0032102132963320986,0.005641959209849851,0.009737845268982382,0.016505057776246224,0.027474973246429092,0.04492691480950532,0.07218458911251298,0.114001107763947,0.17705059837036122,0.27054515491352654,0.4069890971046633,0.6030504239054603,0.8804278238585151,1.2663198154495663,1.7924409215622306,2.4900122330020915,3.3748025797314525,4.409057535437679,5.4116410617142945,5.854277119563329,5.8542771195062695,5.41164106157536,4.4090575352840515,3.374802579599377,2.4900122329218632,1.7924409215145405,1.2663198154191195,0.8804278238416353,0.6030504239081793,0.40698909711387854,0.2705451549218922,0.17705059837478182,0.11400110776564962,0.07218458911319658,0.044926914810642246,0.027474973246220172,0.016505057775082158,0.009737845268429452,0.005641959209739756,0.0032102132962356115,0.0017945419374440516,0.0009872950970141999,0.0005382204774097211,0.0002981837125093277,0.00018246417684230468,0.00014822942889897896
0.0001480983581296689,0.00018230276359440756,0.00029791973274718227,0.0005377437597976567,0.0009864205279631047,0.0017929528217958592,0.0032073729977312782,0.005636974794899676,0.009729261670261074,0.016490555176476497,0.02745093469761023,0.044887826644010156,0.07212223494123375,0.11390351959004376,0.176900737794042,0.2703193168969949,0.4066550649101277,0.6025654716745342,0.8797367975611446,1.265353799639747,1.7911175757534015,2.488240066926088,3.3724938159545568,4.406158866048159,5.408200600754672,5.850583452620784,5.850583452621174,5.408200600742243,4.406158866025733,3.372493815937409,2.4882400668848472,1.791117575700802,1.26535379958674,0.8797367975284579,0.6025654716647724,0.4066550649113401,0.2703193169016709,0.17690073779944956,0.11390351959332923,0.07212223494369216,0.044887826645012716,0.02745093469653617,0.016490555175619065,0.009729261670014111,0.0056369747946497205,0.003207372997647653,0.001792952821758018,0.0009864205279520276,0.0005377437597888481,0.0002979197327428183,0.00018230276359077103,0.00014809835813031373
0.0001479641114679097,0.0001821374383058324,0.0002976493558905139,0.0005372555052000231,0.000985524852243717,0.0017913255202082696,0.0032044648566662416,0.005631872257549769,0.009720476666946599,0.016475716431787663,0.02742634717962681,0.044847861519234734,0.07205851097171655,0.1138038402042233,0.17674775835230971,0.27008893730900546,0.40631458028832457,0.6020715831144982,0.8790337208942671,1.264371987704137,1.7897741458830412,2.4864432067668427,3.3701558072697484,4.403226988670577,5.404724084809297,5.846852036585757,5.846852036600079,5.40472408480929,4.403226988672586,3.3701558072884628,2.4864432067378606,1.7897741458283274,1.2643719876504793,0.8790337208657396,0.60207158310253,0.4063145802849121,0.27008893731122746,0.17674775835597306,0.11380384020723636,0.07205851097402416,0.044847861518832716,0.027426347178807747,0.016475716431639455,0.009720476666622294,0.0056318722573299364,0.0032044648565864365,0.0017913255201553802,0.0009855248522166384,0.0005372555051884395,0.00029764935588370264,0.00018213743830600634,0.00014796411146741705
0.00014782673789996858,0.00018196826044652496,0.00029737267723711866,0.0005367558850100833,0.0009846083892485296,0.0017896606327764835,0.003201489999789859,0.005626653702393708,0.009711494158223602,0.016460548687110128,0.027401223608937406,0.04480704242554119,0.07199345743027909,0.113702138717978,0.17659177655364974,0.2698542087820254,0.4059679555083218,0.6015692543625057,0.8783193659736218,1.2633755553863477,1.7884123801545035,2.4846241814618164,3.367792089330043,4.400266621776288,5.401217374953794,5.843089245765632,5.843089245761681,5.4012173749063805,4.400266621727184,3.3677920893157833,2.48462418141037,1.7884123800899734,1.2633755553562258,0.8783193659609226,0.6015692543556388,0.4059679555063953,0.2698542087832924,0.17659177655430913,0.11370213871964453,0.0719934574301164,0.044807042424360864,0.027401223608931647,0.01646054868694379,0.009711494157904104,0.005626653702287308,0.0032014899996611443,0.0017896606327252188,0.0009846083892199645,0.0005367558850030068,0.00029737267723390574,0.00018196826044368516,0.00014782673789905142
0.00014768630461435575,0.0001817953110971412,0.00029708982509238894,0.0005362451269453069,0.0009836715579550246,0.001787958937369602,0.0031984498711127764,0.005621321798506184,0.009702319040313672,0.01644506082987422,0.027375579906096424,0.044765397444681415,0.07192712300631476,0.11359849801516105,0.17643293082274375,0.26961535803244957,0.4056155546306087,0.6010590584400273,0.8775946164464877,1.2623658363640566,1.7870342448948886,2.482785812918774,3.365406578555836,4.39728295848951,5.39768689055169,5.839302054365266,5.839302054307316,5.3976868904204265,4.397282958366602,3.3654065784440395,2.4827858128166813,1.7870342448405663,1.2623658363526993,0.8775946164535522,0.601059058443958,0.4056155546360053,0.2696153580339729,0.1764329308222259,0.11359849801369191,0.07192712300306203,0.044765397443814525,0.027375579906012765,0.016445060829346988,0.009702319040161063,0.005621321798275484,0.0031984498710381976,0.0017879589373256538,0.0009836715579549904,0.0005362451269420431,0.0002970898250900609,0.00018179531109463495,0.0001476863046114121
0.0001475429132579208,0.00018161871207943834,0.00029680098929768344,0.0005357235620388002,0.00098271495638193,0.0017862215238152385,0.003195346457312041,0.005615880154752929,0.00969295782693228,0.016429264508021655,0.02734943664892049,0.044722962402935364,0.0718595690464898,0.1134930212656088,0.17627139141270057,0.2693726606211413,0.4052578149831715,0.600541675795084,0.8768605098560003,1.2613443796385742,1.7856420002900457,2.480931313152937,3.3630036927371547,4.394281810420257,5.3941397721905116,5.835498209818053,5.835498209767572,5.394139772048171,4.394281810209463,3.363003692523006,2.4809313130210495,1.7856420002405156,1.2613443796456152,0.8768605098734344,0.600541675815715,0.40525781499408325,0.2693726606232132,0.17627139141106535,0.11349302125874006,0.07185956904267865,0.044722962402388294,0.027349436647805047,0.016429264507544943,0.009692957826525968,0.005615880154616508,0.0031953464572359656,0.001786221523827223,0.000982714956379471,0.0005357235620439344,0.00029680098929977367,0.0001816187120779567,0.00014754291325401204
0.00014739672962967452,0.00018143866083040187,0.000296506472959466,0.000535191709010579,0.000981739502014672,0.001784450026591283,0.0031921826687924975,0.005610333937236283,0.009683419640667918,0.016413175708958696,0.027322821569265847,0.04467978478484721,0.07179087562303092,0.11338584120363646,0.1761073743594435,0.2691264615304684,0.4048952768898444,0.60001793628457,0.8761182955777713,1.2603130276081074,1.7842383029101176,2.4790644152396784,3.360588512932264,4.391269800112058,5.3905840994552605,5.831686463968827,5.831686463917676,5.39058409933887,4.391269799916709,3.3605885126857147,2.4790644150959746,1.784238302871819,1.260313027615528,0.876118295602741,0.600017936310727,0.40489527690171484,0.26912646153256575,0.17610737435108142,0.11338584119539688,0.0717908756210823,0.04467978478268198,0.02732282156798611,0.016413175708234334,0.009683419640287476,0.005610333937079384,0.0031921826687954097,0.0017844500265715374,0.0009817395020281223,0.000535191709021857,0.0002965064729638372,0.0001814386608328128,0.00014739672963724735
0.00014724803688806243,0.00018125549295710066,0.0002962067852210154,0.0005346504249369975,0.000980746680344894,0.0017826470302668466,0.003188962990050858,0.005604690895190771,0.009673717809328226,0.01639681721893199,0.027295773313350414,0.04463592944825001,0.07172115016238713,0.11327713304131191,0.17594116057498302,0.2688772029758327,0.40452862344259566,0.5994888749130369,0.8753695112834493,1.2592740185173408,1.7828263396411654,2.4771895436352143,3.358166993340567,4.3882546096625905,5.3870291710434675,5.827876869896134,5.827876869812551,5.387029170900285,4.388254609453741,3.358166993139105,2.4771895435260505,1.7828263396020263,1.259274018516946,0.875369511310934,0.5994888749357962,0.4045286234519256,0.26887720296948575,0.17594116056208406,0.11327713303690096,0.07172115015888007,0.04463592944535272,0.027295773312203758,0.01639681721816627,0.009673717809023158,0.005604690895082009,0.003188962989977922,0.0017826470302808911,0.0009807466803584586,0.000534650424945285,0.0002962067852359156,0.00018125549297342723,0.00014724803689448527
0.00014709732879916235,0.00018106979222830893,0.00029590280532085873,0.0005341011723928456,0.000979738984348345,0.0017808167806453443,0.0031856946032444737,0.005598963094732811,0.009663872486360954,0.016380222519501046,0.027268347172595228,0.04459148699817498,0.07165053963545591,0.11316713215297236,0.1757731213546357,0.26862546085821715,0.40415873190235707,0.5989558031299015,0.8746160799168955,1.2582301155626232,1.7814099955427893,2.4753120266839224,3.3557462218663443,4.385245287997946,5.383485849968488,5.824081148067245,5.824081147969063,5.38348584976352,4.3852452877659065,3.355746221695454,2.4753120266134947,1.7814099955160831,1.2582301155672406,0.8746160799442139,0.5989558031397182,0.4041587318958984,0.268625460840463,0.1757731213456575,0.11316713214811537,0.07165053963041897,0.044591486996680266,0.027268347171254603,0.01638022251902779,0.009663872486039752,0.005598963094565997,0.0031856946032267756,0.0017808167806368808,0.0009797389843575035,0.000534101172424906,0.00029590280534794964,0.00018106979224207884,0.0001470973288042773
0.00014694546860302677,0.0001808825791421753,0.00029559606714077153,0.0005335464871540664,0.0009787206877394715,0.0017789664354153412,0.0031823893512658965,0.005593169905091362,0.009653915061485626,0.016363442138965362,0.02724062405462193,0.04454658630578095,0.0715792479398263,0.11305615820220631,0.17560375190385602,0.2683719912792503,0.40378673786884384,0.5984203963980855,0.8738604273903814,1.2571847621811458,1.7799940543075183,2.4734383487442986,3.3533347276251835,4.382252612265501,5.379966968661987,5.820313114697333,5.820313114646714,5.379966968422111,4.382252612068734,3.353334727520619,2.4734383486977105,1.779994054310409,1.2571847622117294,0.8738604273920091,0.5984203963794676,0.4037867378400077,0.26837199126022215,0.17560375189689995,0.11305615819448175,0.07157924793836333,0.044546586304026796,0.027240624054008206,0.016363442138260333,0.0096539150612744,0.005593169905026239,0.003182389351185633,0.0017789664354242367,0.0009787206878045002,0.000533546487188963,0.00029559606716164926,0.00018088257915110253,0.00014694546861474802
0.00014679395027605813,0.0001806956238330231,0.0002952892398280826,0.0005329907810775734,0.0009776991887582714,0.0017771082549145932,0.003179067185174904,0.0055873432203249265,0.009643895772929798,0.016346554356182888,0.027212725070571236,0.04450141392739689,0.07150756140605022,0.11294464854780917,0.17543371529549598,0.2681177887978863,0.4034141128294206,0.5978847972600682,0.873105618518079,1.2561422589010394,1.7785844240173094,2.4715764317745235,3.3509428223249196,4.379289486473309,5.37648777298465,5.816589150868604,5.816589150830384,5.3764877727334035,4.379289486330978,3.3509428223011173,2.4715764317955604,1.778584424065912,1.256142258912085,0.8731056184865887,0.5978847972145668,0.4034141127899305,0.26811778878194575,0.1754337152829363,0.11294464854557577,0.07150756140441662,0.044501413926914306,0.027212725069396045,0.0163465543559955,0.009643895772769221,0.0055873432201706905,0.0031790671852179107,0.0017771082550256685,0.0009776991888054108,0.0005329907811073282,0.0002952892398379958,0.00018069562384385353,0.00014679395028326946
0.00014664530931436938,0.000180511944128845,0.00029498691142006947,0.0005324416816142743,0.0009766872964294465,0.0017752633894825064,0.0031757621950343836,0.005581536651194371,0.009633897087839209,0.01632968379461585,0.0271848362512797,0.044456245702640465,0.07143588804237387,0.11283320625988293,0.17526390121608465,0.26786415913861555,0.403042755517407,0.5973517314886333,0.872355505226182,1.2551079515257488,1.7771883732473872,2.469735925946408,3.3485829482248253,4.376371343779668,5.373066367693448,5.812928671301633,5.812928671154996,5.373066367456539,4.3763713437318765,3.348582948325675,2.469735926058201,1.777188373301484,1.255107951493786,0.8723555051589769,0.5973517314259108,0.4030427554884431,0.26786415911877665,0.17526390120866733,0.11283320625846716,0.071435888041623,0.044456245701231974,0.027184836251194073,0.016329683794109474,0.009633897087599224,0.005581536651376291,0.003175762195212241,0.0017752633895503356,0.0009766872964797283,0.0005324416816306199,0.0002949869114251724,0.0001805119441327661,0.00014664530931779
0.00014650373236946304,0.00018033655673927154,0.0002946968084882588,0.0005319121809469492,0.000975706999058935,0.0017734682743974928,0.003172533007403491,0.0055758416362472335,0.009624057398089615,0.016313034400015688,0.027157251911489533,0.04441150071595413,0.07136482148723489,0.1127226732328439,0.1750955081325297,0.2676128118404797,0.40267509840067645,0.5968246335232589,0.8716148773161447,1.2540884142552235,1.775814753203795,2.467928475776495,3.346269990325536,4.373516501519236,5.369724103461123,5.809354530375559,5.809354530365131,5.369724103460747,4.3735165017591875,3.346269990565377,2.467928475931551,1.7758147532103923,1.2540884141753685,0.8716148772204015,0.5968246334711822,0.4026750983774805,0.267612811826507,0.17509550813068359,0.11272267323018606,0.07136482148586909,0.04441150071575294,0.027157251910369194,0.016313034399752284,0.009624057398445192,0.005575841636454481,0.003172533007518145,0.0017734682744868701,0.0009757069990972055,0.0005319121809452162,0.00029469680848906834,0.00018033655673859074,0.00014650373236670334
0.00014637589454446107,0.00018017753174085274,0.0002944315804452457,0.000531423906699205,0.0009747954072565792,0.0017717850509687482,0.0031694802467426546,0.005570415228302701,0.009614612780508383,0.01629694839531721,0.02713045246338942,0.044367837054141504,0.07129525101517754,0.11261424909003989,0.17493016616794083,0.2673659844833848,0.4023142336912757,0.596307777348922,0.8708896029381278,1.2530916047970666,1.7744741718579153,2.4661679162117696,3.344021494468493,4.370746397662578,5.3664858255809,5.805893279040821,5.8058932792041915,5.366485826187124,4.370746398134634,3.3440214948347062,2.4661679163395087,1.7744741717917742,1.2530916046830463,0.8708896028685716,0.5963077773182182,0.4023142336625179,0.26736598448143506,0.17493016616379578,0.11261424908888845,0.07129525101370865,0.04436783705200985,0.027130452463359166,0.016296948395977808,0.009614612780710519,0.005570415228465154,0.0031694802468760198,0.0017717850510505942,0.0009747954072495797,0.0005314239066979213,0.0002944315804405088,0.00018017753173350524,0.00014637589453327029
0.00014627198686408715,0.0001800473284141604,0.0002942111937180605,0.0005310117493604533,0.0009740135693967953,0.0017703177159487178,0.003166774723757989,0.005565526666211637,0.009605969338298586,0.016282011156460427,0.02710524524710407,0.04432632579954853,0.07122855856183438,0.11250969605415488,0.17477013461226235,0.2671266221592407,0.4019640702465442,0.595806411208768,0.8701867438221194,1.2521269630647291,1.7731790778330312,2.464470341314298,3.341857718658563,4.368085621698105,5.363379884381123,5.802575165870795,5.802575166279227,5.36337988528249,4.3680856223987625,3.341857719036542,2.464470341335888,1.7731790777245393,1.2521269629997598,0.8701867437934253,0.5958064111683327,0.40196407023935576,0.2671266221512348,0.1747701346131177,0.1125096960509659,0.071228558558485,0.0443263257996756,0.027105245247916944,0.01628201115681972,0.009605969338637953,0.0055655266663848,0.003166774723885493,0.0017703177159372882,0.0009740135693911819,0.0005310117493489053,0.00029421119370615485,0.00018004732839739824,0.00014627198686302225
0.00014620675544620105,0.00017996422426006236,0.0002940657413826575,0.0005307297373962198,0.0009734584413120289,0.001769235417568513,0.0031647004314540334,0.005561632153729136,0.009598824849970745,0.01626923468051625,0.027083018481064137,0.04428877029951624,0.07116698020538936,0.11241170633660377,0.1746186385325418,0.2668986574954126,0.401629545220659,0.5953268993835725,0.8695146300893859,1.251205421390533,1.7719437054513392,2.4628539808408014,3.339801436533159,4.365561643772376,5.3604377987186185,5.799433769469652,5.799433769933321,5.360437799720769,4.365561644569543,3.3398014367559354,2.4628539808056122,1.7719437054086005,1.2512054213728696,0.8695146300532303,0.5953268993747521,0.4016295452105077,0.2668986574975623,0.1746186385273386,0.11241170633398358,0.07116698020668542,0.04428877030044539,0.02708301848157298,0.01626923468096983,0.009598824850219272,0.0055616321539066465,0.003164700431432048,0.0017692354175301028,0.0009734584412841852,0.0005307297373761533,0.00029406574135805484,0.0001799642242553376,0.00014620675544558287
0.00014620013703784074,0.0001799533516506011,0.00029403798371820046,0.000530657215212525,0.0009732769787013179,0.0017688025745048162,0.003163714858249545,0.005559487645386106,0.009594364451292305,0.01626036961975658,0.027066193047961644,0.04425829184895263,0.07111427696178545,0.11232457575812146,0.1744804633020932,0.26668747259182113,0.401316933584076,0.5948768818299366,0.8688828799952594,1.2503392916824807,1.770783830141599,2.4613388188377177,3.337877413139694,4.363204148564539,5.357693469305492,5.796505151372498,5.796505151697735,5.357693470174679,4.363204149028729,3.337877413228598,2.4613388188773353,1.770783830192091,1.2503392916664264,0.8688828799965942,0.5948768818313485,0.40131693358869,0.26668747258594416,0.17448046330260472,0.11232457576186473,0.071114276963791,0.0442582918500533,0.027066193048376264,0.016260369619933244,0.009594364451408774,0.005559487645371327,0.003163714858125842,0.0017688025744332894,0.0009732769786483315,0.0005306572151775193,0.00029403798369917824,0.00017995335165165748,0.00014620013704457009
0.00014627675984897268,0.00018004643024964017,0.00029418413281468683,0.0005309028127542606,0.0009736784561361102,0.0017694108092030762,0.0031645227037170897,0.005560303305570944,0.009594555304526646,0.016258414203079965,0.02705900862015166,0.044240397270871125,0.07107698533428791,0.11225545153808056,0.1743630205212584,0.2665006807657477,0.401034323977274,0.5944654687017458,0.8683023483938681,1.2495419930940324,1.7697162844495367,2.4599458947411708,3.3361114849013203,4.361043898110561,5.355181860750742,5.793826445474601,5.793826445634416,5.3551818611585515,4.361043898314688,3.3361114849423488,2.459945894860098,1.7697162845144283,1.249541993137421,0.8683023484284714,0.5944654687240655,0.4010343239783593,0.26650068077379685,0.17436302052909744,0.11225545154203741,0.07107698533595258,0.04424039727097433,0.027059008620266514,0.01625841420302999,0.009594555304431263,0.005560303305264248,0.003164522703560183,0.0017694108090930052,0.0009736784560788365,0.0005309028126946222,0.00029418413282176857,0.00018004643025687703,0.00014627675985537896
0.00014646328929472074,0.0001802788358324208,0.00029457036898084346,0.0005316013450365397,0.0009749361343959766,0.0017715981437266492,0.003168143069693027,0.0055659213260928556,0.009602545376922431,0.016268393284092353,0.027068848135924216,0.04424490642319828,0.07106675778872791,0.11221665545540416,0.174278260997351,0.26634944720416276,0.40079235347403597,0.5941034833780354,0.8677849776266474,1.248827578074096,1.768758189165094,2.45869624335504,3.3345292026477176,4.359111086842389,5.352937114517076,5.791433848808959,5.791433848882015,5.352937114379534,4.359111086678422,3.334529202806749,2.4586962434702135,1.7687581892622435,1.2488275781787748,0.8677849776897638,0.5941034834006664,0.40079235349764375,0.2663494472198576,0.17427826100661525,0.11221665545863721,0.071066757788554,0.04424490642308346,0.027068848135568858,0.016268393283813302,0.009602545376254748,0.005565921325702998,0.003168143069500702,0.001771598143655322,0.0009749361342555882,0.0005316013450605543,0.00029457036899193143,0.00018027883583320253,0.00014646328926257363
0.00014678258076165446,0.00018068247547364932,0.00029526176674913294,0.0005328962112175817,0.0009773626214925315,0.001776025283517705,0.0031759186989401868,0.005578944939900698,0.009623100059718628,0.016298429326191577,0.027108362359566665,0.044289392154121345,0.07110478275684823,0.11223003357126189,0.1742460811903708,0.26625066658514407,0.40060529480122953,0.5938037356608011,0.8673434959259175,1.248210003505959,1.7679258629832701,2.4576094566118725,3.3331540405321256,4.357433203971595,5.350990124164164,5.789360047868318,5.789360047551902,5.350990123248984,4.357433203664213,3.3331540406278144,2.457609456750693,1.767925863159309,1.2482100036194765,0.8673434959880527,0.593803735716034,0.40060529483533264,0.26625066660249874,0.17424608119668913,0.11223003357301985,0.07110478275697014,0.04428939215340871,0.02710836235892053,0.016298429325054927,0.009623100058926179,0.005578944939572746,0.0031759186988557864,0.001776025283253864,0.0009773626215542823,0.0005328962112345451,0.0002952617667322996,0.00018068247543684667,0.00014678258074947732
0.00014724424140686256,0.00018127357478133253,0.00029630071542214264,0.0005348989308236097,0.0009812375603849349,0.0017833598111887817,0.003189366326152787,0.0056026401525968265,0.00966282763076214,0.0163609090495603,0.027198595171528134,0.04440522358747819,0.07123030730621202,0.11233518093237933,0.17430029453779078,0.2662303831675876,0.40049250973704154,0.5935812129263469,0.8669908500599824,1.2477020769116016,1.7672333905841398,2.456701892517965,3.3320052320787568,4.356032498831667,5.3493656871746165,5.7876312073844565,5.787631206510346,5.349365685909529,4.356032498359088,3.3320052319729188,2.4567018927740865,1.7672333907725974,1.2477020770355243,0.8669908501514921,0.5935812129899207,0.40049250977013606,0.26623038318070713,0.17430029454191687,0.11233518093269455,0.07123030730563819,0.04440522358662911,0.0271985951699908,0.016360909048114214,0.009662827630380816,0.005602640152532377,0.003189366325761906,0.0017833598112930052,0.0009812375604133223,0.0005348989307531638,0.0002963007153772315,0.00018127357476696584,0.00014724424139134662
0.00014783287297730755,0.0001820365454045556,0.0002976750891040344,0.0005376218460729358,0.0009866693337309473,0.001794009859111475,0.0032097140762083953,0.005640265781345417,0.00972956221806883,0.016472912457796557,0.02737275457404202,0.04464786893211926,0.07151776986773307,0.11260522839203126,0.17449878854078782,0.2663286889304152,0.4004799887175049,0.5934528685063496,0.8667391662630397,1.2473139979987462,1.7666908681849032,2.455984621760193,3.331095379137687,4.354923233560235,5.3480794479312435,5.786263752118928,5.78626375154564,5.348079446963848,4.354923232702143,3.331095379079532,2.4559846219025308,1.766690868407863,1.24731399818247,0.8667391663661411,0.5934528685508923,0.4004799887449337,0.266328688939447,0.17449878854236014,0.11260522839163822,0.07151776986636982,0.0446478689301427,0.027372754571862255,0.01647291245746249,0.009729562218036995,0.005640265781006311,0.003209714076349051,0.001794009859130231,0.0009866693335728537,0.0005376218460275006,0.0002976750890787201,0.0001820365453846309,0.00014783287297410913
0.00014849792148287697,0.00018290879039370756,0.00029928368158525656,0.000540894499673933,0.0009933978737403828,0.0018076813778052118,0.003236974758572338,0.005693329748302394,0.009829642544315516,0.016653532598624492,0.027678048228187698,0.04511307553939571,0.0721139271212401,0.11317761819376151,0.1749396816129441,0.26660539831774016,0.40060091878890786,0.5934363063917046,0.8665979300088191,1.2470514476645094,1.7663024298309171,2.4554613023936582,3.3304280794137604,4.354109010249336,5.347134951901175,5.785261271863324,5.785261272105323,5.347134951213192,4.354109009884047,3.3304280791142973,2.455461302468638,1.766302430047729,1.2470514478433299,0.8665979301014702,0.5934363064397934,0.40060091880980403,0.2666053983261698,0.17493968161321857,0.11317761819131726,0.07211392711835966,0.045113075536498605,0.02767804822781823,0.016653532598576562,0.009829642544281678,0.0056933297483793424,0.003236974758538555,0.0018076813775747562,0.000993397873703136,0.0005408944996309015,0.000299283681561389,0.00018290879038839857,0.0001484979214807945
0.0001491516330613911,0.00018377546905195866,0.0003009168039565335,0.0005443003939650738,0.0010006067224538277,0.0018228580052552206,0.0032686038153539976,0.0057584085719092175,0.009961253827932082,0.016912733959810328,0.02816578173374994,0.04595514653725077,0.07332865796306874,0.1143139709729533,0.17578274193446897,0.26714258742687047,0.40089254627006565,0.5935461317190647,0.8665710570960009,1.2469133154169165,1.7660643128747315,2.45512630766116,3.3299959314725682,4.353580558707004,5.346521213749949,5.784611965037362,5.784611965110557,5.346521214379905,4.35358055850287,3.3299959313515637,2.455126307599841,1.7660643129457236,1.2469133155258276,0.8665710571903545,0.593546131774032,0.40089254629663107,0.2671425874361981,0.17578274193296226,0.11431397096858197,0.07332865795983935,0.045955146536976084,0.028165781733526733,0.016912733960396515,0.009961253827661363,0.00575840857162406,0.003268603815152427,0.0018228580052577759,0.0010006067224016166,0.0005443003939487723,0.00030091680394298963,0.00018377546904625407,0.0001491516330617702
0.00014968172154753012,0.0001844845570435256,0.00030227712856141476,0.0005471979343861507,0.0010068992479284951,0.0018365472905792718,0.003298386904336369,0.005823309414235543,0.010103094366734029,0.017223208998722345,0.028840285851461565,0.047366179422805715,0.07589711645963065,0.1165075323406627,0.1772609378922581,0.2680316404656982,0.40138392483920216,0.593786449179495,0.8666528417820212,1.2468894815004234,1.765963447632717,2.4549635739203253,3.329779366102729,4.353314430218693,5.346211258333754,5.78428708408201,5.784287084378427,5.346211259163473,4.353314430853505,3.3297793660241193,2.4549635737230853,1.7659634475186134,1.246889481511234,0.8666528418590707,0.5937864492333286,0.40138392486441765,0.2680316404716233,0.17726093789305597,0.11650753234169312,0.07589711646075016,0.04736617942239774,0.028840285852987427,0.017223208997629396,0.01010309436591022,0.005823309414269875,0.0032983869043259457,0.00183654729051938,0.001006899247945867,0.0005471979343627021,0.00030227712854964195,0.0001844845570401078,0.00014968172154659667
0.0001499802839181879,0.00018488635151063559,0.0003030573884176018,0.0005488846591266745,0.0010106316110306325,0.0018448747859987884,0.0033171597452145503,0.005866392414098817,0.010204901901350287,0.01747476610426926,0.029502684702617143,0.04926227229405425,0.08188791150083412,0.12059959867193235,0.17961333480429348,0.2693168908933447,0.4020679113958098,0.5941393796326634,0.8668238469833646,1.246959608472882,1.765977271512092,2.4549467008659316,3.3297467582554687,4.353273034063034,5.346162072754598,5.78424083425138,5.784240834665062,5.346162073553692,4.353273034914753,3.3297467583773925,2.454946700590581,1.7659772712599275,1.246959608406492,0.8668238469997871,0.5941393796621202,0.4020679114083777,0.2693168909052145,0.17961333481836594,0.12059959867983293,0.0818879115017376,0.04926227229584552,0.029502684699702342,0.01747476610250587,0.010204901901979611,0.005866392414104843,0.0033171597451529507,0.001844874786064625,0.0010106316109839975,0.0005488846591050526,0.000303057388410625,0.00018488635150967257,0.00014998028391730918
0.0,0.0,0.0,0.0,0.0,0.0,0.0,0.0,0.0,0.0,0.0,0.0,0.09838743456586616,0.12732853839270303,0.18273332288968477,0.27086537010339523,0.4028620398739158,0.5945554860498559,0.8670499282611088,1.2470944076641348,1.7660754514170094,2.4550406907309306,3.3298561224748595,4.353406318931495,5.346316305832701,5.784412075332584,5.784412075327043,5.346316306298209,4.3534063191400305,3.3298561227563805,2.4550406905936084,1.7660754511927825,1.2470944074912178,0.8670499281946644,0.5945554860412519,0.4028620398914119,0.2708653701307843,0.1827333229044435,0.12732853839747257,0.09838743457111496,0.0,0.0,0.0,0.0,0.0,0.0,0.0,0.0,0.0,0.0,0.0,0.0
0.0,0.0,0.0,0.0,0.0,0.0,0.0,0.0,0.0,0.0,0.0,0.0,0.10627659917544206,0.1320853168019999,0.1853415942823621,0.2722619424305178,0.4036085559299524,0.594963021931536,0.8672891691897012,1.2472604643369016,1.7662236194685463,2.4552052517019214,3.3300583566732302,4.353655155339545,5.34660585355287,5.784728009639693,5.784728009644345,5.346605852951003,4.353655155090929,3.3300583567494018,2.455205251864329,1.7662236193098184,1.2472604640922025,0.8672891690392056,0.5949630219111807,0.4036085559635333,0.27226194244613944,0.18534159428630165,0.13208531680627625,0.10627659919593896,0.0,0.0,0.0,0.0,0.0,0.0,0.0,0.0,0.0,0.0,0.0,0.0
0.0,0.0,0.0,0.0,0.0,0.0,0.0,0.0,0.0,0.0,0.0,0.0,0.11025486625023323,0.13495454207337423,0.18713789540594758,0.2733130177916557,0.4042062995640017,0.5953076068704483,0.8675062816976523,1.2474271169307425,1.7663879991048987,2.455398946732799,3.3303016017014673,4.3539561844361305,5.346957206906221,5.78510980767487,5.785109807416137,5.346957206618947,4.353956184063911,3.3303016014315863,2.4553989467676502,1.7663879990184894,1.2474271167192017,0.8675062815659016,0.5953076068452876,0.4042062995562205,0.27331301779157835,0.18713789540770387,0.13495454209402183,0.11025486627286157,0.0,0.0,0.0,0.0,0.0,0.0,0.0,0.0,0.0,0.0,0.0,0.0
0.0,0.0,0.0,0.0,0.0,0.0,0.0,0.0,0.0,0.0,0.0,0.0,0.11229842413488034,0.1365718855363057,0.18824737124740384,0.27401213206380787,0.4046282922363628,0.5955646897375899,0.8676791732820497,1.2475705320015957,1.7665389745282483,2.4555831893786513,3.3305360913329483,4.354247666038889,5.347298194588376,5.785479817570095,5.785479817732201,5.347298194642256,4.354247665686675,3.3305360909124877,2.4555831889096633,1.7665389744975886,1.2475705319924482,0.8676791732079058,0.5955646896419522,0.404628292193802,0.27401213205605435,0.18824737126531832,0.1365718855622041,0.11229842415406786,0.0,0.0,0.0,0.0,0.0,0.0,0.0,0.0,0.0,0.0,0.0,0.0
0.0,0.0,0.0,0.0,0.0,0.0,0.0,0.0,0.0,0.0,0.0,0.0,0.11331717373459488,0.1374200642300831,0.1888650292604271,0.27442319077820143,0.4048886668321983,0.5957309848845246,0.8677972380848618,1.2476743311556218,1.7666531317348153,2.4557256414929567,3.3307189904040797,4.354475752499543,5.347565460217249,5.785769682695774,5.7857696826520595,5.347565459781097,4.354475752111483,3.3307189899064213,2.4557256412438027,1.7666531316119085,1.2476743312411878,0.8677972380057191,0.5957309847684336,0.4048886667757451,0.27442319076617083,0.18886502929077734,0.13742006425366152,0.11331717374996138,0.0,0.0,0.0,0.0,0.0,0.0,0.0,0.0,0.0,0.0,0.0,0.0
0.0,0.0,0.0,0.0,0.0,0.0,0.0,0.0,0.0,0.0,0.0,0.0,0.1137397596987202,0.13778119324357882,0.18913718485798514,0.2746105358119443,0.4050111420435157,0.5958117575924997,0.8678567066755342,1.2477285629870258,1.7667143292917469,2.4558029833613038,3.330818797032752,4.354600462594579,5.347711738579637,5.785928302725675,5.7859283020929615,5.347711737582423,4.354600462008156,3.330818797049122,2.455802983427102,1.7667143292390588,1.2477285628382446,0.8678567066526502,0.5958117575383155,0.40501114195481364,0.2746105358155952,0.18913718488157638,0.13778119326166527,0.11373975971032926,0.0,0.0,0.0,0.0,0.0,0.0,0.0,0.0,0.0,0.0,0.0,0.0
0.0,0.0,0.0,0.0,0.0,0.0,0.0,0.0,0.0,0.0,0.0,0.0,0.11373975969846198,0.13778119324811564,0.1891371848712595,0.27461053582938905,0.405011142035871,0.5958117575424302,0.8678567067424003,1.2477285629301298,1.7667143292097347,2.455802983272763,3.33081879716975,4.354600462610347,5.347711738200032,5.785928301891635,5.785928301634955,5.347711737829421,4.354600462675751,3.3308187973121277,2.4558029833014445,1.7667143291529765,1.2477285628553318,0.8678567067281076,0.595811757480627,0.40501114201238275,0.2746105358245965,0.18913718487394213,0.13778119325574717,0.11373975970638185,0.0,0.0,0.0,0.0,0.0,0.0,0.0,0.0,0.0,0.0,0.0,0.0
0.0,0.0,0.0,0.0,0.0,0.0,0.0,0.0,0.0,0.0,0.0,0.0,0.1133171737375981,0.137420064244743,0.1888650292958733,0.27442319081577277,0.40488866680717167,0.5957309848248294,0.8677972380571305,1.2476743311853034,1.7666531315543084,2.4557256414178483,3.330718990275839,4.354475752128213,5.347565459183429,5.785769681375932,5.785769682230415,5.347565460738792,4.354475752904344,3.3307189902062704,2.4557256413024917,1.7666531315640595,1.247674331295982,0.8677972379554707,0.5957309848194946,0.40488866684270564,0.27442319079727584,0.18886502927431476,0.13742006423910036,0.1133171737427194,0.0,0.0,0.0,0.0,0.0,0.0,0.0,0.0,0.0,0.0,0.0,0.0
0.0,0.0,0.0,0.0,0.0,0.0,0.0,0.0,0.0,0.0,0.0,0.0,0.11229842414590022,0.13657188556218,0.1882473712912403,0.2740121320926479,0.40462829222963564,0.5955646896671262,0.86767917315902,1.2475705319869053,1.7665389746497242,2.455583189092998,3.3305360906990638,4.354247665015495,5.347298193495854,5.785479817686155,5.785479818341266,5.347298195041435,4.354247665686728,3.3305360910714636,2.4555831892186357,1.7665389747589249,1.2475705318796504,0.867679173164567,0.5955646897308359,0.4046282922577855,0.2740121320795297,0.1882473712606322,0.13657188554598113,0.11229842414335019,0.0,0.0,0.0,0.0,0.0,0.0,0.0,0.0,0.0,0.0,0.0,0.0
0.0,0.0,0.0,0.0,0.0,0.0,0.0,0.0,0.0,0.0,0.0,0.0,0.1102548662711422,0.13495454210537605,0.18713789543895962,0.27331301781593037,0.4042062995614159,0.5953076068120521,0.8675062815812238,1.2474271168247228,1.7663879990750648,2.4553989465265547,3.3303016009122324,4.353956183522949,5.346957207037015,5.785109808251398,5.7851098077790075,5.346957206361703,4.353956184102159,3.3303016016433253,2.455398946992972,1.7663879990334659,1.2474271167401252,0.867506281651594,0.5953076068894839,0.4042062995857602,0.2733130178124003,0.1871378954187678,0.1349545420836908,0.11025486626236553,0.0,0.0,0.0,0.0,0.0,0.0,0.0,0.0,0.0,0.0,0.0,0.0
0.0,0.0,0.0,0.0,0.0,0.0,0.0,0.0,0.0,0.0,0.0,0.0,0.1062765992011045,0.13208531682890845,0.18534159430153788,0.2722619424390554,0.4036085559452648,0.5949630219337347,0.8672891690989969,1.2472604640774725,1.7662236191137852,2.4552052515410696,3.330058356600311,4.353655155520463,5.346605853586195,5.784728009325076,5.784728009140398,5.3466058531874685,4.353655155481843,3.330058356880864,2.4552052517451375,1.766223619191849,1.247260464229385,0.8672891692007942,0.5949630219690463,0.4036085559610292,0.2722619424493176,0.18534159429657987,0.13208531681521338,0.10627659918791907,0.0,0.0,0.0,0.0,0.0,0.0,0.0,0.0,0.0,0.0,0.0,0.0
0.0,0.0,0.0,0.0,0.0,0.0,0.0,0.0,0.0,0.0,0.0,0.0,0.09838743458612252,0.12732853840646152,0.1827333228952989,0.2708653701210531,0.40286203991146613,0.5945554860644711,0.867049928150544,1.2470944073501036,1.7660754510201782,2.4550406906297746,3.329856123006492,4.353406319290296,5.346316305751521,5.7844120749571095,5.784412075150197,5.346316306280992,4.353406319044085,3.3298561227067562,2.455040690381976,1.7660754512187127,1.247094407661582,0.867049928322323,0.5945554860983924,0.4028620399028001,0.2708653701241305,0.1827333229055356,0.12732853840540195,0.0983874345730478,0.0,0.0,0.0,0.0,0.0,0.0,0.0,0.0,0.0,0.0,0.0,0.0
0.00014998028395195832,0.00018488635154611927,0.0003030573884657203,0.0005488846591661497,0.0010106316111839803,0.0018448747860605457,0.0033171597444736655,0.005866392414179724,0.010204901902319784,0.017474766105362638,0.0295026847051973,0.04926227229474582,0.08188791150824139,0.120599598674022,0.17961333481310124,0.2693168909182039,0.4020679114106669,0.5941393796169973,0.8668238469071899,1.2469596083320325,1.7659772713439787,2.4549467006871533,3.3297467583263454,4.353273034599673,5.3461620734014765,5.784240834713191,5.784240834710411,5.3461620727909445,4.353273034518222,3.3297467578737128,2.454946700545774,1.7659772714807906,1.24695960856819,0.8668238470560253,0.5941393796774598,0.40206791142742493,0.2693168909138722,0.17961333481841354,0.12059959868061196,0.08188791150557606,0.049262272295532435,0.029502684702140337,0.017474766103734465,0.010204901901127451,0.0058663924139495454,0.003317159745075171,0.001844874785902652,0.0010106316109902065,0.0005488846591078514,0.00030305738840789555,0.00018488635150587133,0.00014998028391589605
0.00014968172157644262,0.00018448455706984273,0.0003022771285894286,0.000547197934454963,0.0010068992479802291,0.0018365472902363879,0.0032983869042341215,0.005823309414619471,0.010103094367260717,0.017223208999974645,0.028840285852330907,0.04736617942654762,0.07589711645934766,0.1165075323407206,0.17726093790022784,0.26803164046678973,0.40138392483060803,0.593786449180295,0.8666528418385658,1.2468894815769995,1.7659634475387123,2.4549635736330235,3.329779365899275,4.353314430880566,5.346211259348827,5.784287084585246,5.7842870842114085,5.346211258909103,4.353314429910248,3.3297793656344954,2.4549635738388496,1.7659634477669799,1.2468894816025478,0.8666528418557232,0.5937864492286065,0.4013839248657576,0.2680316404807806,0.1772609379048418,0.11650753234649361,0.07589711646136559,0.04736617942213142,0.02884028585064095,0.017223208998274665,0.010103094366431264,0.005823309413997828,0.003298386904183593,0.0018365472905082882,0.0010068992478967378,0.0005471979343704214,0.0003022771285538886,0.00018448455704044643,0.00014968172154604598
0.00014915163308055647,0.00018377546907398217,0.0003009168039761296,0.0005443003939827603,0.0010006067223476383,0.0018228580051640473,0.003268603815481173,0.005758408572095913,0.009961253828338585,0.01691273396012342,0.028165781735055028,0.04595514653751345,0.07332865796114582,0.11431397097157056,0.17578274192731372,0.2671425874161272,0.4008925462747337,0.5935461317765017,0.8665710572255126,1.246913315520928,1.766064312875568,2.4551263075617733,3.3299959313916974,4.353580558645382,5.346521214268218,5.784611965428289,5.78461196540445,5.3465212137015286,4.353580558082408,3.3299959313172334,2.4551263078068746,1.7660643130315967,1.2469133155320538,0.8665710571674894,0.59354613175199,0.4008925462854582,0.26714258744131675,0.17578274194118995,0.11431397097397236,0.07332865796203183,0.0459551465360703,0.028165781732943047,0.01691273395926997,0.00996125382756777,0.005758408571697298,0.003268603815244184,0.0018228580052080388,0.0010006067224313387,0.0005443003939530029,0.0003009168039513535,0.00018377546904971618,0.00014915163306074088
0.00014849792150634143,0.00018290879039753179,0.0002992836815933856,0.0005408944996710251,0.000993397873657532,0.0018076813777822417,0.003236974758555047,0.005693329748331009,0.009829642544449733,0.01665353259857929,0.02767804822819011,0.045113075537992195,0.07211392711857426,0.11317761818727853,0.17493968160482212,0.26660539832428737,0.4006009188197289,0.5934363064543655,0.866597930091323,1.2470514478001646,1.7663024300325807,2.4554613024763396,3.3304280791931,4.3541090097064945,5.3471349517147395,5.78526127224469,5.785261272198684,5.347134951156998,4.354109009937213,3.3304280795219317,2.4554613026243497,1.766302429999636,1.2470514477579167,0.8665979300421934,0.5934363064054383,0.4006009188021472,0.26660539832452684,0.17493968161412912,0.11317761819338769,0.0721139271200474,0.045113075538240954,0.02767804822739914,0.016653532598138728,0.009829642544035424,0.005693329748126723,0.0032369747584936005,0.0018076813777708732,0.000993397873722576,0.0005408944996647804,0.0002992836815810548,0.0001829087903920991,0.00014849792148291613
0.00014783287297868728,0.000182036545410046,0.00029767508913441,0.0005376218460227383,0.0009866693336350423,0.001794009858986711,0.0032097140760643044,0.005640265781456971,0.009729562217538559,0.016472912457559243,0.027372754572994273,0.0446478689292623,0.071517769864207,0.11260522838970344,0.17449878854853024,0.266328688949839,0.40047998874923846,0.5934528685400207,0.8667391663383535,1.2473139981694878,1.76669086840587,2.455984621930449,3.3310953789433775,4.354923233128965,5.348079446871183,5.7862637521183675,5.786263751652997,5.348079447369434,4.354923233536657,3.3310953794115132,2.4559846220076516,1.7666908682919935,1.2473139980282177,0.8667391662822111,0.5934528685170867,0.4004799887241656,0.26632868893474027,0.1744987885433198,0.11260522839140014,0.07151776986605722,0.04464786893094418,0.027372754573409947,0.016472912457415938,0.009729562217787436,0.005640265781216197,0.003209714076153112,0.001794009859082215,0.000986669333712911,0.0005376218460652876,0.00029767508910029454,0.00018203654540349987,0.00014783287297856447
0.0001472442414147803,0.00018127357481518284,0.000296300715395707,0.0005348989307288706,0.0009812375602644865,0.0017833598110287077,0.00318936632625569,0.005602640152048373,0.009662827630392272,0.016360909048815108,0.027198595169184967,0.04440522358552082,0.07123030730614172,0.1123351809390871,0.17430029454917864,0.26623038318100345,0.4004925097615852,0.5935812129718715,0.8669908501433055,1.2477020770375418,1.7672333907717552,2.4567018927026885,3.332005232282595,4.356032498261195,5.349365686496307,5.787631206415318,5.787631206766827,5.3493656868276105,4.356032499111498,3.3320052324116163,2.456701892649311,1.7672333906181767,1.247702076944789,0.8669908500688843,0.5935812129323692,0.4004925097453401,0.26623038317548375,0.1743002945384518,0.11233518092996743,0.07123030730457397,0.04440522358672072,0.027198595170976215,0.016360909049118782,0.009662827630545271,0.005602640152501674,0.0031893663261005948,0.0017833598111538164,0.0009812375603697203,0.0005348989308160307,0.0002963007154181188,0.0001812735747822403,0.00014724424141133037
0.00014678258079241818,0.00018068247546444284,0.00029526176668131365,0.0005328962111278525,0.0009773626213956253,0.0017760252835983372,0.003175918698537417,0.005578944939566647,0.009623100059277629,0.016298429324630187,0.027108362358321078,0.04428939215467084,0.07110478276085812,0.11223003357750347,0.17424608119640994,0.2662506665974463,0.40060529482456547,0.5938037357097448,0.8673434959961582,1.2482100036155523,1.767925863135425,2.457609456950384,3.333154040559926,4.3574332039796,5.35099012341308,5.789360046901711,5.789360047284378,5.350990124441191,4.357433204367752,3.33315404072066,2.4576094566732594,1.7679258630326167,1.2482100035156574,0.8673434959282154,0.5938037356740403,0.4006052948150834,0.2662506665888225,0.17424608118762328,0.11223003356908524,0.07110478275582781,0.04428939215320986,0.027108362358886053,0.016298429325799616,0.00962310005956734,0.005578944939815601,0.003175918698876947,0.0017760252834885322,0.00097736262147649,0.0005328962112085782,0.0002952617667478501,0.00018068247547783415,0.00014678258076717676
0.00014646328928459736,0.00018027883578609842,0.0002945703689255562,0.0005316013449876201,0.0009749361344336407,0.0017715981434963187,0.003168143069504164,0.005565921325852817,0.009602545376094297,0.016268393283500777,0.027068848136781377,0.0442449064250855,0.07106675779152483,0.1122166554580767,0.17427826100359403,0.26634944721289117,0.40079235349103237,0.5941034834130521,0.8677849776861455,1.2488275781778324,1.7687581893776043,2.4586962434294883,3.3345292029275893,4.359111086862511,5.3529371138248525,5.791433848235554,5.791433848947732,5.352937115016823,4.35911108713274,3.3345292028033175,2.4586962434022657,1.7687581891698587,1.2488275780719618,0.8677849776441999,0.5941034833948566,0.40079235348098635,0.2663494472019841,0.17427826099440605,0.1122166554538351,0.0710667577874552,0.04424490642227658,0.027068848135252257,0.016268393283828297,0.009602545376783712,0.005565921325990418,0.0031681430696426124,0.001771598143694181,0.0009749361343770142,0.0005316013450305495,0.000294570368983617,0.0001802788358371948,0.0001464632892980705
0.00014627675980691246,0.000180046430213049,0.00029418413279621203,0.0005309028127629558,0.0009736784560213031,0.001769410809109431,0.0031645227036140107,0.00556030330523402,0.009594555304272119,0.01625841420383474,0.027059008621396867,0.04424039727246243,0.07107698533489232,0.11225545153995692,0.17436302052392885,0.26650068076887484,0.40103432398917777,0.5944654687175697,0.8683023484433267,1.2495419931917902,1.769716284507043,2.45994589489895,3.33611148513121,4.361043898084789,5.355181860656615,5.793826445662073,5.793826445852884,5.35518186114374,4.361043898415052,3.3361114849062954,2.4599458947232606,1.7697162844420111,1.2495419931131162,0.8683023484081913,0.5944654687096868,0.401034323977408,0.2665006807626517,0.17436302051871516,0.11225545153650489,0.07107698533320707,0.0442403972698392,0.027059008619653647,0.01625841420282829,0.00959455530436146,0.005560303305483199,0.0031645227036530836,0.0017694108091689258,0.0009736784561209568,0.0005309028127520173,0.00029418413281885527,0.00018004643025255527,0.0001462767598498618
0.00014620013700999545,0.00017995335164546384,0.00029403798371127604,0.0005306572151717356,0.0009732769786632809,0.0017688025744551996,0.003163714858144996,0.005559487645313125,0.009594364451798391,0.016260369620506997,0.02706619304865805,0.04425829184901042,0.07111427696209584,0.11232457575842099,0.17448046330152783,0.26668747259322867,0.4013169335800158,0.5948768818541865,0.8688828800151613,1.2503392917010676,1.7707838302012673,2.461338819053135,3.3378774131926705,4.363204148843267,5.357693470010057,5.796505151808815,5.796505151751283,5.35769346976275,4.363204148534594,3.337877413070912,2.461338818834701,1.7707838301579943,1.2503392916872926,0.8688828800002416,0.5948768818317536,0.40131693358059395,0.2666874725873259,0.1744804632998941,0.11232457575703116,0.07111427696050984,0.044258291848065824,0.02706619304742663,0.016260369619479773,0.009594364451125437,0.005559487645273365,0.003163714858199804,0.0017688025744755972,0.0009732769786903366,0.0005306572152139793,0.0002940379837211328,0.0001799533516506806,0.00014620013703736453
0.000146206755448724,0.00017996422424956167,0.00029406574136998004,0.0005307297373844554,0.0009734584413015663,0.0017692354175517454,0.0031647004314443975,0.00556163215400755,0.009598824850438337,0.016269234680782882,0.027083018480889044,0.04428877029884001,0.07116698020509019,0.11241170633618054,0.17461863853099205,0.26689865748946673,0.4016295452343017,0.5953268993781561,0.8695146301075452,1.2512054213639299,1.7719437055492366,2.46285398085071,3.339801436713267,4.365561644288216,5.360437799627041,5.799433770307809,5.799433769907862,5.360437798696728,4.36556164363261,3.3398014365263125,2.462853980838664,1.7719437054384555,1.2512054213838188,0.8695146300907975,0.5953268993771665,0.40162954521308314,0.2668986574915475,0.1746186385307464,0.11241170633530354,0.07116698020391582,0.044288770298533224,0.027083018480599103,0.016269234680223673,0.00959882484980656,0.005561632153667627,0.0031647004314133962,0.001769235417543529,0.0009734584413069828,0.000530729737397053,0.0002940657413817757,0.00017996422425841128,0.00014620675544580006
0.00014627198685465597,0.00018004732841129983,0.0002942111937118009,0.0005310117493596015,0.0009740135694067933,0.001770317715968955,0.0031667747238691064,0.005565526666453331,0.009605969338388547,0.01628201115639444,0.027105245246494526,0.0443263257994476,0.07122855856185373,0.11250969605203323,0.17477013460941862,0.2671266221704791,0.4019640702357749,0.5958064112192725,0.8701867437760721,1.2521269630923475,1.7731790777989458,2.4644703413419955,3.3418577187937033,4.368085622277867,5.3633798856538535,5.802575166647801,5.802575165900489,5.363379884174192,4.36808562163889,3.3418577186215317,2.4644703412730777,1.7731790778120433,1.2521269630612224,0.8701867438082546,0.5958064111932836,0.4019640702381016,0.26712662215506056,0.17477013461101068,0.11250969605208294,0.07122855856029396,0.044326325798824624,0.02710524524668155,0.01628201115628657,0.009605969338239739,0.0055655266661598915,0.0031667747237101047,0.0017703177159279675,0.0009740135693925581,0.000531011749356781,0.00029421119371498254,0.00018004732841382382,0.00014627198686581206
0.00014637589454850053,0.0001801775317373911,0.00029443158044534695,0.0005314239067096663,0.000974795407272572,0.0017717850510175325,0.003169480246874143,0.005570415228264566,0.00961461278040092,0.016296948395013357,0.02713045246388972,0.04436783705492266,0.07129525101372575,0.11261424908991013,0.17493016617517157,0.2673659844776484,0.40231423369800684,0.5963077773026361,0.8708896029196365,1.2530916047629066,1.7744741718015729,2.4661679161870946,3.3440214947162286,4.37074639835129,5.3664858263910915,5.8058932793583224,5.805893278906674,5.366485825444413,4.3707463975397225,3.344021494395913,2.4661679161688963,1.7744741718379753,1.2530916047680534,0.8708896029096389,0.5963077773324967,0.4023142336838174,0.26736598448132154,0.17493016616498577,0.11261424908780328,0.07129525101415435,0.04436783705355534,0.02713045246333111,0.016296948395283613,0.009614612780455922,0.0055704152282193544,0.0031694802466944137,0.0017717850509508476,0.0009747954072502299,0.0005314239066949928,0.0002944315804450138,0.00018017753174373686,0.0001463758945496485
0.00014650373237091245,0.00018033655674114317,0.0002946968084967086,0.0005319121809567429,0.0009757069990703727,0.0017734682744579644,0.0031725330074073342,0.0055758416361986925,0.009624057398003818,0.01631303440049776,0.02715725191215736,0.04441150071563677,0.07136482148920363,0.11272267323505382,0.17509550813034308,0.2676128118442601,0.40267509837350973,0.5968246334938794,0.8716148772919768,1.2540884141729594,1.7758147531215331,2.4679284758235327,3.346269990619235,4.3735165018240725,5.369724103758915,5.80935453038734,5.809354530141646,5.36972410319302,4.373516501388936,3.346269990258518,2.467928475730893,1.7758147531575326,1.254088414212303,0.8716148772881116,0.5968246335110937,0.4026750983966235,0.26761281183596497,0.17509550812930672,0.11272267323105939,0.07136482148637883,0.04441150071611325,0.027157251911527527,0.016313034400003656,0.009624057397984052,0.0055758416361608885,0.0031725330073642736,0.0017734682743900578,0.0009757069990544882,0.0005319121809472686,0.0002946968084932901,0.00018033655674565198,0.00014650373237650892
0.0001466453093203253,0.00018051194413816785,0.000294986911428059,0.0005324416816142887,0.0009766872964520686,0.0017752633895042782,0.0031757621950179987,0.005581536651297639,0.009633897088212195,0.01632968379489992,0.02718483625129919,0.04445624570461234,0.07143588804316212,0.1128332062610842,0.1752639012148117,0.26786415912502237,0.4030427554930589,0.5973517314814215,0.8723555051441098,1.2551079514429277,1.777188373210891,2.469735926002585,3.348582948343041,4.376371343943033,5.373066367664822,5.812928670832328,5.8129286709466825,5.373066367480083,4.3763713437207095,3.3485829481536986,2.4697359258907667,1.7771883731869635,1.2551079514836687,0.8723555052074623,0.5973517314803538,0.4030427555109998,0.2678641591336543,0.17526390121287355,0.11283320625861956,0.0714358880426696,0.044456245702764546,0.02718483625134472,0.0163296837945295,0.009633897087713068,0.00558153665114344,0.003175762195027238,0.001775263389483405,0.000976687296430726,0.0005324416816226736,0.0002949869114294068,0.00018051194413731738,0.0001466453093227657
0.0001467939502885487,0.00018069562384258827,0.00029528923982975595,0.0005329907810859805,0.0009776991887871082,0.0017771082549214961,0.0031790671852950643,0.005587343220526015,0.009643895773029591,0.0163465543563577,0.0272127250717713,0.04450141392736704,0.07150756140816658,0.1129446485461046,0.1754337152916161,0.26811778877809767,0.40341411282525214,0.5978847972023384,0.873105618456355,1.2561422588423599,1.7785844239647473,2.4715764317789084,3.3509428224255506,4.379289486502001,5.376487772435247,5.816589150400818,5.816589150662909,5.376487772945569,4.379289486397893,3.350942822264196,2.4715764317087827,1.7785844239598945,1.256142258873204,0.87310561849956,0.5978847972518135,0.4034141128224695,0.26811778879296316,0.17543371529407578,0.11294464854814114,0.07150756140621704,0.044501413927442904,0.027212725070491443,0.016346554356015588,0.009643895772867686,0.005587343220341229,0.0031790671851945505,0.0017771082549227974,0.0009776991887706207,0.0005329907810917798,0.0002952892398406467,0.00018069562384314802,0.0001467939502857245
0.00014694546861330777,0.0001808825791461627,0.0002955960671458902,0.0005335464871817929,0.0009787206877760106,0.0017789664355219463,0.0031823893513404705,0.0055931699051234235,0.009653915061706103,0.016363442139496476,0.027240624054338986,0.044546586307181626,0.0715792479370843,0.11305615820103979,0.17560375189157099,0.26837199127678957,0.40378673783923785,0.598420396357202,0.873860427343887,1.2571847621084424,1.7799940542801578,2.4734383487569063,3.3533347276154233,4.382252611936098,5.379966968009742,5.82031311441434,5.820313114634464,5.379966968559978,4.3822526122172105,3.3533347275765344,2.473438348683861,1.7799940542675026,1.2571847621505723,0.8738604273777204,0.5984203963888194,0.40378673786271163,0.26837199127899775,0.17560375190427246,0.1130561582024847,0.07157924793952562,0.04454658630558957,0.027240624054334712,0.016363442138891526,0.009653915061554238,0.005593169905159272,0.0031823893512957333,0.0017789664354353675,0.000978720687760156,0.0005335464871742982,0.00029559606715594283,0.00018088257915325315,0.00014694546861137813
0.00014709732880076486,0.0001810697922306799,0.0002959028053442474,0.000534101172435295,0.0009797389844289188,0.00178081678069487,0.003185694603278056,0.00559896309489014,0.009663872486503442,0.016380222519402087,0.027268347173052113,0.04459148699582757,0.07165053963396771,0.11316713214438896,0.175773121349333,0.26862546084712446,0.4041587318792482,0.5989558031050566,0.874616079867063,1.25823011553519,1.7814099955371254,2.4753120266538065,3.3557462216529244,4.385245287536648,5.383485849479572,5.824081147815887,5.824081147960369,5.383485849947147,4.385245288007598,3.3557462218373346,2.475312026636714,1.7814099955003795,1.2582301155427829,0.8746160799036407,0.5989558031238843,0.4041587319052034,0.26862546085898636,0.17577312135519724,0.11316713215203499,0.07165053963479015,0.044591486997708395,0.027268347172499378,0.016380222519639023,0.009663872486528767,0.005598963094808366,0.003185694603274545,0.0017808167806766936,0.0009797389843787744,0.0005341011724176567,0.00029590280533694574,0.00018106979223770912,0.00014709732880467764
0.00014724803688597767,0.0001812554929699118,0.0002962067852570614,0.0005346504249872563,0.0009807466803804438,0.0017826470303101446,0.003188962990159691,0.005604690895181043,0.009673717809321254,0.01639681721889089,0.027295773312199005,0.0446359294466184,0.07172115015731755,0.11327713303414343,0.17594116056943188,0.2688772029587807,0.40452862342592444,0.5994888748911443,0.8753695112811772,1.2592740185217886,1.782826339607891,2.477189543515812,3.358166993031263,4.388254609231015,5.3870291706372315,5.827876869733694,5.827876869883387,5.3870291711742295,4.388254609707036,3.358166993298431,2.477189543580176,1.7828263396130268,1.2592740184986255,0.8753695112795165,0.5994888749212846,0.40452862344472446,0.2688772029766538,0.1759411605730488,0.11327713303976497,0.07172115016168135,0.04463592944807894,0.0272957733136121,0.016396817219258793,0.009673717809494397,0.005604690895229466,0.0031889629900902624,0.0017826470303097593,0.0009807466803831311,0.0005346504249619789,0.0002962067852351234,0.00018125549296339904,0.00014724803689001578
0.00014739672963588236,0.00018143866085273207,0.0002965064729860126,0.0005351917090349965,0.0009817395020445532,0.0017844500266433175,0.003192182668774897,0.005610333937267222,0.009683419640454988,0.0164131757085688,0.02732282156810268,0.04467978478251032,0.07179087561675683,0.11338584120060151,0.17610737434557042,0.2691264615139353,0.40489527687853255,0.6000179362870179,0.8761182955971504,1.2603130276098582,1.7842383028755449,2.4790644150520404,3.3605885125494406,4.39126979967336,5.39058409924627,5.831686463927341,5.831686464131535,5.390584099629319,4.391269800093844,3.3605885128778072,2.479064415194025,1.7842383028894033,1.2603130276116126,0.8761182955921176,0.6000179362900964,0.4048952768903513,0.26912646152707204,0.17610737435656848,0.11338584120234246,0.07179087562278244,0.04467978478523951,0.027322821569821867,0.016413175709297356,0.009683419640732873,0.005610333937270838,0.003192182668845023,0.0017844500266423731,0.0009817395020512414,0.000535191709033584,0.0002965064729690492,0.00018143866083320244,0.00014739672963023687
0.0001475429132745363,0.00018161871209069214,0.00029680098931039495,0.0005357235620518827,0.0009827149563938478,0.0017862215237961416,0.0031953464573276505,0.005615880154573438,0.009692957826834839,0.01642926450729812,0.027349436648076996,0.04472296239916183,0.07185956904524628,0.11349302125637839,0.17627139139821224,0.26937266061171256,0.4052578149779528,0.600541675803496,0.8768605098706187,1.2613443796543402,1.7856420002320579,2.4809313129385497,3.3630036923430118,4.394281810094557,5.394139772044733,5.8354982099208526,5.83549821004427,5.394139772269097,4.394281810399094,3.3630036926757523,2.4809313131328192,1.7856420003057463,1.2613443796554005,0.8768605098656439,0.600541675794809,0.4052578149781677,0.26937266061571147,0.17627139141047596,0.1134930212650387,0.07185956904695533,0.04472296240381909,0.027349436649545505,0.016429264508205935,0.009692957826950711,0.005615880154796808,0.0031953464573669437,0.001786221523864381,0.0009827149564165393,0.0005357235620552209,0.00029680098930281415,0.00018161871208101837,0.0001475429132595629
0.00014768630462107322,0.00018179531110308915,0.0002970898250948638,0.0005362451269395669,0.0009836715579354515,0.001787958937349911,0.003198449870971243,0.005621321798438538,0.009702319039883115,0.01644506082955954,0.027375579904339958,0.04476539744431593,0.07192712300241896,0.11359849800574968,0.1764329308165103,0.269615358024505,0.40561555462397486,0.6010590584435033,0.8775946164623578,1.2623658363547994,1.7870342447890586,2.4827858127027427,3.3654065783281744,4.397282958339209,5.397686890540359,5.839302054549318,5.839302054562502,5.3976868906232625,4.397282958434172,3.3654065785363376,2.4827858129426494,1.7870342449062095,1.262365836374987,0.8775946164433902,0.6010590584336123,0.4056155546219154,0.26961535802837977,0.17643293082124184,0.11359849801566667,0.07192712300762745,0.04476539744578361,0.027375579906601884,0.016445060829887982,0.009702319040315753,0.005621321798542234,0.00319844987116559,0.0017879589374148286,0.0009836715579805296,0.0005362451269554852,0.000297089825096038,0.0001817953110997131,0.00014768630461748977
0.0001478267379064901,0.00018196826044779106,0.00029737267722945937,0.0005367558849929642,0.0009846083892136738,0.001789660632680825,0.0032014899996894945,0.005626653702105351,0.009711494157943269,0.016460548686341173,0.027401223608474405,0.044807042424504284,0.07199345742597872,0.11370213871595101,0.17659177655009464,0.2698542087745994,0.40596795550444964,0.6015692543629785,0.8783193659619144,1.2633755553270158,1.7884123800230882,2.4846241813201666,3.367792089288451,4.400266621787367,5.401217375118691,5.8430892460147925,5.843089245913501,5.401217374928226,4.400266621771064,3.3677920893530393,2.484624181454403,1.7884123801608314,1.263375555374043,0.8783193659651063,0.6015692543507786,0.40596795550069054,0.2698542087793498,0.17659177655395705,0.11370213871994217,0.07199345743218435,0.0448070424266072,0.02740122360907796,0.016460548687007394,0.00971149415818184,0.005626653702420659,0.0032014899998319283,0.0017896606328081357,0.0009846083892674524,0.0005367558850184207,0.0002973726772419539,0.00018196826045142179,0.0001478267379061355
0.00014796411147096128,0.00018213743830241205,0.0002976493558796768,0.000537255505174495,0.0009855248521900611,0.0017913255201238768,0.003204464856505358,0.005631872257247133,0.009720476666516637,0.016475716430981675,0.0274263471791613,0.044847861517166354,0.07205851097103559,0.1138038402051717,0.17674775835090997,0.27008893730918554,0.40631458028993683,0.602071583103893,0.8790337208484346,1.2643719876158923,1.789774145764644,2.4864432067203026,3.3701558073085414,4.4032269887751,5.404724085040663,5.846852036770808,5.846852036620962,5.404724084850623,4.403226988682386,3.370155807229835,2.486443206752415,1.7897741458546106,1.2643719876862094,0.8790337208787887,0.6020715831043656,0.40631458028430084,0.2700889373091359,0.17674775835515558,0.11380384020727204,0.07205851097365228,0.04484786151971254,0.027426347179344057,0.01647571643154928,0.009720476666882453,0.005631872257542952,0.0032044648566974345,0.0017913255202389744,0.0009855248522621473,0.0005372555052111082,0.00029764935589911404,0.00018213743831363042,0.00014796411147340906
0.00014809835812675985,0.00018230276358940854,0.0002979197327311162,0.0005377437597732301,0.0009864205279125939,0.0017929528217263007,0.003207372997527651,0.005636974794674438,0.009729261669504764,0.01649055517591358,0.02745093469615825,0.04488782664264382,0.0721222349416988,0.11390351959163239,0.17690073779853477,0.27031931690485683,0.40665506491401576,0.6025654716541838,0.8797367975111339,1.2653537995447772,1.7911175756792408,2.4882400668867546,3.3724938159774998,4.406158866147926,5.408200600904833,5.850583452740628,5.850583452687359,5.408200600728456,4.406158865956727,3.3724938158860467,2.4882400668681557,1.7911175757130118,1.265353799620104,0.8797367975513063,0.6025654716702916,0.4066550649112144,0.2703193169004668,0.17690073779860063,0.11390351959308917,0.07212223494210016,0.04488782664352623,0.027450934697016743,0.016490555176174797,0.00972926167014523,0.005636974794915252,0.0032073729977819985,0.00179295282183106,0.000986420527985205,0.0005377437598147513,0.00029791973275857447,0.0001823027636015959,0.00014809835813440507
0.00014822942889846245,0.0001824641768346289,0.0002981837124992117,0.0005382204773801902,0.0009872950969951845,0.0017945419373469195,0.003210213296242692,0.005641959209438892,0.009737845268575521,0.016505057775211343,0.027474973244641557,0.04492691480877251,0.07218458911305342,0.11400110776610771,0.17705059837692277,0.2705451549233706,0.40698909710866615,0.6030504238962723,0.8804278238188156,1.2663198153915105,1.7924409215109827,2.4900122329401446,3.374802579656528,4.4090575353830825,5.4116410617641,5.854277119606779,5.8542771194683505,5.4116410615422526,4.409057535261873,3.3748025796127097,2.4900122329248013,1.792440921533823,1.2663198154411117,0.8804278238600294,0.6030504239089106,0.4069890971088666,0.27054515491942044,0.1770505983744439,0.11400110776517632,0.07218458911170779,0.04492691480837938,0.027474973245691658,0.016505057775950262,0.009737845268964049,0.005641959209932587,0.0032102132963965618,0.0017945419374970199,0.0009872950970570425,0.0005382204774249778,0.0002981837125239472,0.00018246417685091547,0.0001482294289039083
0.00014835728426884986,0.00018262162987638222,0.000298441217335204,0.0005386855169398217,0.000988148294838364,0.0017960923674230184,0.0032129848097554427,0.005646823734162984,0.009746224173457541,0.016519218177257693,0.027498451833153817,0.044965106353177416,0.07224553889370858,0.11409654494056821,0.17719723865838122,0.2707662825559642,0.40731640136444547,0.6035259990606683,0.881106109158263,1.2672689764722131,1.7937425990055527,2.4917573990755257,3.3770788563888585,4.411918648406096,5.4150400459453385,5.8579271364794,5.8579271365075,5.415040045815994,4.411918648405793,3.3770788564299563,2.491757399120026,1.793742599025704,1.267268976487857,0.8811061091779674,0.603525999062976,0.4073164013620645,0.27076628255343443,0.177197238656062,0.11409654493840239,0.07224553889204959,0.04496510635219228,0.027498451833632115,0.016519218178533256,0.009746224174027993,0.005646823734474468,0.0032129848100071836,0.0017960923675164463,0.0009881482949172914,0.0005386855169789578,0.00029844121735970357,0.00018262162988628893,0.00014835728427704218
0.00014848188961366496,0.00018277508037125838,0.00029869217854673087,0.0005391387535053098,0.0009889798868684219,0.0017976036682964649,0.0032156867020900386,0.005651566800053267,0.009754395467995673,0.016533031015326147,0.027521360705644822,0.04500238379969664,0.07230505347111728,0.11418977771127017,0.1773405677325373,0.2709825479006334,0.4076367286923052,0.6039917970512274,0.8817710237240451,1.2682003128580166,1.7950211500407587,2.4934734336704723,3.379319636577255,4.414738153383546,5.418392487158256,5.861527986672658,5.861527986677379,5.418392487367257,4.414738153509612,3.379319636688814,2.4934734337444735,1.7950211500605355,1.2682003128403985,0.8817710237117892,0.6039917970491729,0.407636728687431,0.27098254789748816,0.1773405677293836,0.1141897777096643,0.07230505347094551,0.045002383799616325,0.02752136070587101,0.01653303101611592,0.00975439546882954,0.005651566800313926,0.0032156867022677888,0.0017976036684066341,0.0009889798869332908,0.0005391387535413653,0.0002986921785628624,0.00018277508038018069,0.00014848188961903903
0.00014860321282696666,0.0001829244890326511,0.0002989365322221348,0.0005395800708042971,0.0009897896547510989,0.001799075428312576,0.0032183181986547163,0.005656186959172751,0.00976235646764771,0.0165464913586315,0.027543690917845677,0.04503873114420717,0.07236310463808356,0.11428075716370469,0.1774805022322178,0.2711938114224489,0.40794984988609745,0.6044474486341962,0.8824219846211417,1.2691129241918784,1.7962752168677565,2.4951583455802293,3.381522100297937,4.417512243756608,5.421693615669261,5.865074473792306,5.865074473983621,5.421693615938266,4.4175122439961525,3.381522100464008,2.495158345626012,1.7962752168543878,1.2691129241562824,0.8824219845958391,0.6044474486258705,0.40794984988637717,0.27119381141927834,0.17748050222879325,0.11428075716135745,0.07236310463908342,0.04503873114592514,0.02754369091865595,0.016546491358910058,0.009762356468095656,0.005656186959524008,0.00321831819876606,0.0017990754284337065,0.000989789654793483,0.0005395800708308918,0.00029893653223184825,0.00018292448904075345,0.00014860321283254973
0.00014872122321927785,0.00018306981826094083,0.00029917421711503627,0.0005400093573940016,0.0009905773896088546,0.0018005072545487712,0.003220878562689512,0.005660682840032762,0.009770104637481038,0.016559594570432996,0.02756543408659976,0.04507413342360161,0.07241966606553388,0.1143694376897903,0.17761696446876057,0.27139994306833415,0.4082555511827405,0.6048926090009626,0.8830584467232553,1.2700059668865926,1.797503524678954,2.496810261213375,3.383683588590994,4.420237322664309,5.424938916911662,5.868561679066523,5.868561679202615,5.424938917156759,4.42023732286547,3.3836835887129806,2.496810261244436,1.7975035246438669,1.270005966844544,0.8830584466985016,0.6048926089956442,0.4082555511838495,0.27139994306762943,0.17761696446573863,0.11436943768910975,0.07241966606572581,0.04507413342569701,0.027565434088109696,0.016559594570773304,0.009770104637505108,0.005660682840296769,0.0032208785628631506,0.001800507254600949,0.0009905773896600213,0.0005400093574024846,0.00029917421712471017,0.00018306981826476322,0.0001487212232283345
0.00014883589103441126,0.0001832110315415053,0.00029940517372502355,0.0005404265049595597,0.0009913428888193316,0.0018018987664927472,0.0032233670836933582,0.005665053123711431,0.00977763755074154,0.016572336230128076,0.02758658224656178,0.04510857646259609,0.07247471287514362,0.1144557762895429,0.17774988128766775,0.27160082047496537,0.4085536314613329,0.605326953686372,0.8836798966644283,1.2708786456305337,1.798704870039456,2.4984274093147483,3.3858015833934196,4.422909978544437,5.428124103914943,5.871984930235686,5.871984930178606,5.428124103936592,4.422909978545759,3.3858015834153212,2.4984274093125416,1.7987048700152761,1.270878645611416,0.8836798966499747,0.60532695368684,0.4085536314637277,0.2716008204747354,0.17774988128660207,0.11445577628989967,0.07247471287578412,0.04510857646369668,0.02758658224783485,0.016572336230669223,0.0097776375508378,0.005665053123760955,0.003223367083852164,0.0018018987665587855,0.000991342888832856,0.0005404265049693456,0.00029940517372863893,0.00018321103154971886,0.00014883589103876387
0.00014894718726070471,0.00018334809329782867,0.0002996293439492748,0.0005408314078215318,0.0009920859546660745,0.00180324959398295,0.003225783071865736,0.0056692965343347074,0.009784952868934094,0.016584712092431023,0.027607127774220794,0.04514204673883953,0.07252822140741039,0.11453973215532588,0.17787918338391953,0.2717963278458293,0.4088439005471742,0.605750175915199,0.8842858489453065,1.2717302078545445,1.7998781131727857,2.50000811021485,3.38787369399076,4.4255269682203675,5.431245097011314,5.87533978065495,5.8753397805508,5.431245096713894,4.425526968062401,3.3878736938816614,2.50000811017541,1.7998781131513022,1.2717302078585562,0.8842858489518602,0.6057501759172237,0.40884390055186887,0.27179632784895497,0.17787918338556435,0.11453973215559694,0.07252822140824468,0.0451420467393622,0.027607127774903515,0.016584712092961727,0.00978495286903889,0.005669296534363073,0.0032257830719376354,0.001803249594052478,0.0009920859546656694,0.0005408314078239078,0.00029962934395512386,0.00018334809330482817,0.00014894718726843621
0.0001490550836866215,0.00018348096885945767,0.000299846671143126,0.0005412239628327977,0.0009928063944388546,0.001804559376663305,0.003228125857038657,0.005673411836210656,0.009792048333637674,0.01659671807024839,0.027627063354540408,0.04517453131831714,0.07258016908915775,0.11462126643710528,0.17800480490289028,0.27198635529788956,0.40912617811669033,0.6061619849148568,0.8848758434043154,1.272559939945926,1.8010221724614943,2.50155076866041,3.3898976472430125,4.4280852049647965,5.434298009763171,5.878621994386584,5.878621994301365,5.434298009527614,4.428085204737345,3.3898976471006965,2.5015507685856515,1.8010221724501456,1.2725599399411625,0.8848758434069651,0.6061619849208233,0.4091261781227666,0.2719863553051425,0.17800480490769272,0.11462126643852454,0.07258016908936961,0.045174531318648715,0.02762706335453722,0.01659671807048952,0.009792048333868679,0.005673411836250115,0.0032281258570208437,0.0018045593766850623,0.0009928063944569462,0.0005412239628341336,0.0002998466711520741,0.00018348096886396548,0.00014905508369290505
0.00014915955293950432,0.00018360962457005187,0.0003000571002528474,0.0005416040696963092,0.000993504020857268,0.001805827764516728,0.003230394789629377,0.005677397834013808,0.00979892176573564,0.016608350231328402,0.027646381969122447,0.0452060178233305,0.07263053436623755,0.11470034212518172,0.17812668320733402,0.27217079844523456,0.40940029300718106,0.6065621048115345,0.8854494434234539,1.273367164581724,1.8021360208048385,2.5030538684316426,3.3918712808944202,4.430581749536283,5.437279139011444,5.8818275344450415,5.881827534452625,5.437279138970617,4.430581749429667,3.3918712808056,2.5030538683913175,1.8021360207789066,1.2733671645637517,0.8854494434102774,0.6065621048049451,0.40940029301233144,0.27217079845392317,0.17812668321461608,0.1147003421283288,0.07263053436753908,0.04520601782267684,0.027646381968630142,0.016608350231344153,0.009798921766008831,0.005677397834092237,0.0032303947895779652,0.001805827764474471,0.0009935040208724941,0.0005416040697166969,0.00030005710026066604,0.0001836096245753571,0.0001491595529409318
0.00014926056857987352,0.00018373402792325273,0.00030026057800655646,0.0005419716313603578,0.0009941786525901977,0.0018070544189605772,0.0032325892421279125,0.005681253375068394,0.00980557106836387,0.016619604799639625,0.027665076893942583,0.045236494420608855,0.07267929668121806,0.1147769239757162,0.17824475873805423,0.2723495581367994,0.40966608276183947,0.6069502738176247,0.8860062347044548,1.2741512389137504,1.8032186827478087,2.504515968625621,3.393792538069261,4.433013803613448,5.4401849562658,5.884952553870409,5.884952553904682,5.440184956379485,4.433013803705505,3.3937925380776397,2.504515968604833,1.803218682729495,1.2741512388823992,0.8860062346733169,0.6069502737977873,0.409666082757202,0.2723495581448587,0.17824475874643075,0.11477692398087679,0.07267929668238596,0.04523649442083409,0.027665076893312324,0.016619604799267846,0.009805571068419188,0.005681253375197335,0.0032325892420981914,0.0018070544188937391,0.0009941786525900713,0.0005419716313874213,0.00030026057801874935,0.00018373402792837517,0.00014926056858775817
0.0001493581052251394,0.00018385414765585397,0.00030045705314077895,0.0005423265543188359,0.0009948301149124623,0.0018082390140042653,0.00323470861094041,0.005684977352046675,0.009811994229712415,0.016630478159374427,0.02768314170275508,0.04526594982387782,0.07272643645440313,0.11485097847504461,0.17835897492346953,0.2725225402800478,0.4099233932743618,0.6073262436945018,0.8865458243556973,1.2749115530714505,1.8042692323916585,2.505935700387551,3.395659463072346,4.435378704162586,5.4430121009048325,5.887993388497755,5.887993388560408,5.443012101052475,4.435378704312787,3.395659463134314,2.505935700376017,1.8042692323747598,1.274911553040118,0.8865458243196845,0.607326243669674,0.4099233932676456,0.27252254028269335,0.17835897492842392,0.11485097847938568,0.07272643645720203,0.0452659498244795,0.02768314170245986,0.01663047815905849,0.009811994229548343,0.0056849773519993384,0.0032347086109169496,0.0018082390139847497,0.0009948301149094612,0.0005423265543385302,0.00030045705315892015,0.00018385414766561347,0.00014935810523354956
0.00014945213860121723,0.00018396995386159374,0.0003006464765578884,0.0005426687489213523,0.0009954582403353708,0.0018093812372532829,0.003236752317879467,0.0056885687049471265,0.009818189326871318,0.016640966860173145,0.02770057027228611,0.045294373292592935,0.07277193508050746,0.11492247381121949,0.17846927811321983,0.2726896556912515,0.41017207855973975,0.607689779285059,0.8870678401310548,1.2756475289801792,1.805286791520504,2.507311764298127,3.397470197829449,4.437673918556641,5.445757374783764,5.8909465510526635,5.890946551071451,5.445757374868127,4.437673918666432,3.397470197886768,2.5073117642884464,1.805286791495411,1.2756475289593887,0.8870678401093762,0.6076897792766172,0.41017207855373033,0.27268965568647435,0.17846927811243743,0.11492247381367503,0.07277193508260577,0.04529437329323416,0.027700570272675522,0.016640966860186936,0.009818189326710953,0.005688568704762524,0.003236752317826288,0.0018093812372769055,0.0009954582403576195,0.0005426687489350819,0.00030064647657399176,0.00018396995387289273,0.00014945213860466277
0.00014954264560890527,0.0001840814180738398,0.00030082880144782954,0.0005429981296552276,0.0009960628690693033,0.0018104807905793745,0.0032387198113066297,0.005692026423500924,0.009824154529441891,0.01665106762031181,0.027717356785231916,0.04532175463406013,0.07281577492090911,0.11499137984884142,0.17857561751910558,0.27285081999633953,0.4104120005159302,0.6080406581336395,0.887571929757489,1.2763586193087795,1.8062705279795412,2.508642928129104,3.3992229786094255,4.439897040773107,5.448417737358051,5.893808725839202,5.8938087258567675,5.448417737467988,4.439897040838964,3.3992229786442483,2.508642928121508,1.806270527950207,1.2763586193048357,0.8875719297690243,0.6080406581383637,0.41041200051191135,0.272850819991315,0.1785756175153304,0.11499137984705302,0.07281577492060579,0.04532175463444565,0.027717356785616164,0.01665106762066647,0.009824154529438538,0.005692026423422397,0.0032387198113017273,0.0018104807906332324,0.0009960628691104989,0.0005429981296608717,0.00030082880145119003,0.0001840814180788133,0.0001495426456100982
0.00014962960437717645,0.0001841885133096226,0.00030100398339373986,0.0005433146153319956,0.000996643849287375,0.001811537390701561,0.00324061056736978,0.005695349549000622,0.009829888100906346,0.01666077732930476,0.027733495731179867,0.04534808420243704,0.07285793929307291,0.11505766810777804,0.17867794517043029,0.273005953510362,0.41064302873051484,0.6083786700993948,0.888057760342297,1.277044306472841,1.807219654294529,2.5099280247479157,3.4009161333461417,4.442045787706025,5.4509903013932535,5.89657676411775,5.896576764230163,5.450990301555254,4.442045787757208,3.4009161333314957,2.509928024735639,1.8072196542941656,1.277044306493251,0.8880577603699416,0.6083786701137951,0.41064302873614034,0.27300595350605483,0.17867794516615687,0.11505766810454703,0.07285793929129121,0.0453480842014587,0.02773349573126888,0.016660777329510053,0.009829888101057303,0.005695349549115984,0.003240610567506117,0.0018115373908081326,0.0009966438493187563,0.0005433146153275562,0.0003010039833804826,0.0001841885133033613,0.00014962960437421886
0.00014971299427956526,0.0001842912140998475,0.00030117198043517807,0.0005436181291837397,0.0009972010373844725,0.0018125507696956954,0.003242424090681313,0.005698537174732646,0.009835388399905604,0.016670093047773338,0.027748981907240046,0.04537335289370476,0.07289841246423139,0.1151213117405769,0.1787762158512671,0.27315498113395537,0.41086504025761417,0.6087036170216044,0.8885250177837289,1.277704101778471,1.8081334263351827,2.5111659502396875,3.4025480789523432,4.444117995818014,5.453472328925394,5.899247679489868,5.899247679566634,5.4534723290672344,4.44411799581862,3.4025480789089833,2.5111659502319763,1.8081334263554483,1.2777041018119113,0.8885250178177315,0.6087036170486424,0.4108650402654741,0.27315498113410824,0.1787762158492447,0.11512131173828571,0.0728984124620961,0.045373352892902834,0.027748981906845868,0.016670093047684527,0.009835388400048143,0.005698537174982214,0.003242424090884159,0.0018125507697924824,0.0009972010374091126,0.0005436181291779378,0.00030117198041559943,0.0001842912140809202,0.00014971299427259528
0.00014979279593613066,0.00018438949650334522,0.00030133275310322363,0.0005439085989489893,0.0009977342981144853,0.001813520675148854,0.003244159914367389,0.00570158844638154,0.009840653879948561,0.016679012008048586,0.02776381041545966,0.0453975521439116,0.07293717963669401,0.1151822854986361,0.17887038704133346,0.27329783222632287,0.41107791942872146,0.6090153123701877,0.8889734062179881,1.2783375445806349,1.8090111420247923,2.51235566202861,3.4041173189074074,4.446111617979583,5.4558612272428055,5.901818643611403,5.901818643591856,5.455861227200952,4.446111617968498,3.404117318885949,2.5123556620014456,1.8090111420432595,1.278337544628642,0.888973406253195,0.6090153123920026,0.41107791944288663,0.2732978322312097,0.17887038704159944,0.11518228549899295,0.07293717963672924,0.04539755214392512,0.027763810415226117,0.016679012007855425,0.009840653880032283,0.0057015884465438545,0.0032441599144592183,0.0018135206751888336,0.000997734298126781,0.0005439085989455476,0.00030133275309027067,0.0001843894964861391,0.00014979279592585711
0.00014986899120890046,0.00018448333811791573,0.00030148626442854255,0.0005441859568679807,0.0009982435045706752,0.001814446870114615,0.0032458176000817298,0.00570450256184467,0.0098456830894848,0.01668753161257088,0.02777797666146381,0.04542067391837666,0.0729742269294636,0.11524056569672299,0.17896041884405792,0.27343444049363275,0.41128155764015956,0.6093135808958693,0.889402647500783,1.2789442014290946,1.8098521400967131,2.5134961772132334,3.4056224409385223,4.44802472037366,5.458154545332801,5.904286982493893,5.904286982441717,5.458154545259962,4.4480247203189,3.405622440864293,2.513496177207311,1.8098521401333545,1.278944201454342,0.8894026475337408,0.609313580919269,0.41128155765524865,0.27343444050243154,0.17896041885014433,0.11524056570068664,0.07297422693149372,0.04542067391897358,0.027777976661572223,0.016687531612657482,0.009845683089402747,0.005704502561761704,0.0032458176000312177,0.0018144468700750998,0.0009982435045566935,0.0005441859568674056,0.00030148626442712473,0.00018448333811468365,0.00014986899119651448
0.00014994156320199384,0.000184572718064275,0.00030163247990221684,0.0005444501396319384,0.0009987285381281806,0.0018153291329708221,0.003247396737907161,0.005707278770812536,0.00985047467080977,0.01669564943219583,0.02779147634708211,0.045442710701537846,0.0730095413561866,0.11529613017169574,0.17904627391899272,0.2735647438625436,0.41147585313949026,0.6095982583123751,0.8898124806625356,1.2795236652593978,1.8106557989573453,2.5145865709122432,3.407062114699611,4.449855479675709,5.460349970417349,5.906650173017113,5.906650173038589,5.460349970350788,4.449855479513222,3.4070621146512026,2.5145865709404918,1.8106557989633796,1.279523665278442,0.8898124806896197,0.6095982583397388,0.41147585315652424,0.2735647438792894,0.1790462739306886,0.11529613017777413,0.07300954135858904,0.045442710702380165,0.027791476347609596,0.01669564943212469,0.009850474670549437,0.005707278770581624,0.0032473967377645513,0.001815329132875811,0.0009987285380937102,0.00054445013962536,0.00030163247990763384,0.0001845727180683106,0.00014994156320071234
0.00015001049623810907,0.00018465761694430423,0.00030177136742668055,0.0005447010883226247,0.0009991892882942573,0.0018161672573267023,0.00324889694577338,0.005709916374094863,0.009855027358382625,0.016703363201600957,0.027804305464492904,0.04546365548300427,0.07304311080218936,0.11534895824152645,0.1791279174073776,0.27368868435117366,0.41166071082977984,0.6098691909516774,0.8902026613849071,1.2800755546234464,1.8114215355219485,2.515625974614984,3.4084350896358995,4.451602180200793,5.462445325199539,5.908905839065242,5.908905838953847,5.462445325054134,4.451602180169955,3.4084350896246614,2.515625974597754,1.8114215355315233,1.280075554632176,0.8902026614120817,0.6098691909804336,0.41166071085567374,0.27368868437263216,0.17912791742186582,0.11534895824796342,0.07304311080447826,0.04546365548403456,0.027804305464610983,0.016703363201333032,0.009855027358001324,0.005709916373831607,0.003248896945598236,0.001816167257231749,0.0009991892882451124,0.0005447010883012101,0.000301771367427438,0.00018465761695314167,0.00015001049624806297
0.0001500757758136975,0.0001847380167968224,0.0003019028972646827,0.0005449387483049381,0.0009996256525968822,0.0018169610515727632,0.003250317869053032,0.005712414722209115,0.009859339976211023,0.016710670815774212,0.027816460287580235,0.045483501745242606,0.0730749239984788,0.11539903066145578,0.1792053168556514,0.2738062079456245,0.41183604205128144,0.6101262354311102,0.890572961484765,1.2805995129000067,1.8121488041011502,2.516613574605072,3.4097401929236733,4.453263211697053,5.464438563918117,5.911051747972169,5.911051747933176,5.4644385638038315,4.453263211637426,3.4097401929357023,2.516613574603078,1.8121488041103055,1.280599512923611,0.8905729615069986,0.610126235460447,0.41183604208013525,0.2738062079677287,0.17920531687023852,0.11539903066780695,0.07307492400043282,0.0454835017454809,0.02781646028752601,0.016710670815388785,0.009859339975862682,0.005712414721965726,0.0032503178689060885,0.0018169610514952698,0.0009996256525248645,0.000544938748279223,0.0003019028972620178,0.00018473801680520877,0.00015007577582763337
0.0001501373885533527,0.00018481390105678678,0.0003020270419727131,0.0005451630691267184,0.0010000375363125001,0.0018177103385951334,0.003251659179559977,0.005714773214042697,0.009863411435583691,0.016717570324899306,0.02782793736493726,0.045502243446700126,0.07310497049651364,0.11544632957825658,0.17927844213537003,0.27391726446501513,0.4120017643755604,0.6103692583146892,0.8909231683974015,1.2810952075655353,1.8128370952948563,2.517548610550514,3.4109763275666674,4.4548370661105325,5.466327769797961,5.9130858079099635,5.913085807806931,5.466327769669102,4.454837066123767,3.4109763275506526,2.5175486105726343,1.8128370953361854,1.2810952076068696,0.8909231684193267,0.6103692583362966,0.4120017644017614,0.2739172644871014,0.17927844214677768,0.11544632958179983,0.07310497049724635,0.04550224344673255,0.02782793736479894,0.016717570324725685,0.009863411435418043,0.0057147732138833505,0.0032516591794667865,0.0018177103384864656,0.001000037536265877,0.0005451630690996909,0.0003020270419682486,0.00018481390106391696,0.0001501373885644854
0.00015019532217292616,0.0001848852545139712,0.00030214377632059765,0.0005453740043668526,0.0010004248522596654,0.001818414955165137,0.0032529205748649615,0.005716991295317367,0.009867240732158826,0.01672405992998982,0.027838733509360784,0.0455198750072605,0.07313324064009843,0.11549083847991329,0.17934726536308904,0.2740218074356936,0.4121578013877968,0.6105981357839871,0.8912530847072101,1.2815623294346212,1.813485935013319,2.518430373966049,3.412142470190822,4.456322335776393,5.468111152202644,5.915006063919671,5.915006063869652,5.468111152159852,4.456322335731736,3.412142470237144,2.5184303740119027,1.8134859350777788,1.2815623294851954,0.8912530847360499,0.6105981358039922,0.41215780141164876,0.27402180744999655,0.17934726536597886,0.11549083847931331,0.07313324063992932,0.045519875007790325,0.027838733509445417,0.01672405993015205,0.009867240732214327,0.005716991295326549,0.0032529205747577295,0.0018184149551121042,0.0010004248522191591,0.0005453740043477827,0.00030214377631585773,0.0001848852545171175,0.00015019532217921055
0.00015024956544650226,0.0001849520632494945,0.0003022530772104783,0.0005455715114895855,0.0010007875204609124,0.0018190747515523817,0.0032541017772985243,0.0057190684569873446,0.00987082694315566,0.01673013797671984,0.027848845789308473,0.045536391291420696,0.0731597255349106,0.11553254214865208,0.17941176082307886,0.274119793955166,0.4123040824822441,0.6108127533318786,0.8915625276501464,1.2820005920021964,1.814094883342334,2.519258206838488,3.413237669575497,4.457717710666918,5.469787043479258,5.916810695778889,5.916810695872464,5.469787043470649,4.457717710616269,3.4132376695993267,2.519258206950695,1.8140948834108832,1.2820005920505377,0.8915625276959499,0.610812753363812,0.41230408249486505,0.2741197939532082,0.17941176081760762,0.11553254214578422,0.0731597255350014,0.045536391292279245,0.027848845790045318,0.016730137976960806,0.00987082694338162,0.005719068457046002,0.0032541017773014096,0.0018190747515225776,0.001000787520443864,0.000545571511481173,0.0003022530772041477,0.00018495206324517136,0.00015024956543712933
0.0001503001081473323,0.00018501431458756244,0.0003023549235758847,0.0005457555516741733,0.0010011254679066566,0.0018196895909308936,0.003255202533095303,0.005721004233410013,0.009874169223989829,0.016735802950335804,0.0278582715190985,0.045551787589996,0.07318441702162859,0.11557142661335341,0.17947190488463613,0.2742111845666379,0.41244054266492625,0.6110130054646348,0.891851328663112,1.2824097306571147,1.814663533718129,2.5200315003675384,3.4142610444768398,4.45902197634149,5.4713538970147315,5.918498014602808,5.9184980145627,5.4713538969054065,4.459021976309318,3.414261044539704,2.520031500439143,1.8146635337983172,1.2824097307259725,0.8918513287119608,0.6110130054917206,0.41244054266580965,0.2742111845554042,0.17947190487599834,0.11557142661074023,0.073184417022309,0.045551787591232365,0.027858271519461443,0.016735802950492998,0.009874169224240462,0.005721004233558159,0.003255202533151675,0.0018196895909569253,0.0010011254679186258,0.0005457555516728835,0.0003023549235609752,0.00018501431456814806,0.00015030010813178076
0.00015034694100892883,0.00018507199702574208,0.0003024492963000244,0.0005459260896657018,0.00100143862822801,0.0018202593489047303,0.003256222611250366,0.0057227982006557866,0.009877266805123566,0.016741053470057325,0.027867008248351654,0.04556605960491894,0.07320730764661323,0.11560747910095044,0.1795276759276869,0.27429594313853695,0.4125671223774575,0.6111987953798151,0.8921193328859973,1.282789502157194,1.8151915119026383,2.5207496935015925,3.415211782299719,4.460234011992349,5.472810283891826,5.920066460043356,5.9200664598599895,5.472810283679432,4.460234011870742,3.415211782324642,2.520749693581611,1.8151915119928088,1.2827895022285714,0.8921193329252527,0.6111987953872388,0.4125671223713084,0.27429594312950717,0.17952767592091626,0.11560747910008778,0.07320730764734869,0.04556605960521259,0.02786700824802829,0.01674105347025471,0.009877266805318254,0.005722798200834772,0.003256222611361489,0.0018202593489597756,0.0010014386282552014,0.0005459260896587833,0.00030244929628052165,0.0001850719970065561,0.0001503469410000438
0.00015039005566683418,0.00018512510019058018,0.00030253617812070667,0.0005460830936027539,0.0010017269414237164,0.0018207839128590718,0.003257161802670535,0.005724449974573645,0.00988011898898215,0.016745888283241826,0.02787505375321585,0.04557920343184082,0.07322839063469434,0.1156406879934808,0.1795790542681421,0.2743740367525333,0.41268376727802697,0.611370034677282,0.8923663988025844,1.2831396839053646,1.8156784751032398,2.521412271981829,3.4160891372920292,4.461352787914075,5.474154891065364,5.921514598080538,5.9215145980135215,5.474154890802423,4.46135278785878,3.4160891373010984,2.521412272066163,1.8156784751852544,1.2831396839521345,0.8923663988135074,0.6113700346726665,0.4126837672711459,0.27437403674532623,0.17957905426555484,0.11564068799334304,0.07322839063533787,0.04557920343093795,0.027875053753097293,0.016745888283279598,0.009880118989189456,0.005724449974735037,0.0032571618028163106,0.0018207839129435208,0.0010017269414335512,0.0005460830935970897,0.0003025361781128498,0.00018512510018559098,0.00015039005566155024
0.00015042944462534107,0.0001851736147743077,0.00030261555354086647,0.0005462265348587788,0.001001990353519006,0.0018212631815152675,0.003258019919070622,0.005725959209119465,0.009882725146856272,0.016750306260254772,0.027882406026507437,0.04559121554498001,0.07324765986312705,0.11567104278199923,0.17962602208898076,0.2744454355687278,0.41279042808232325,0.6115266431058335,0.892592397776926,1.283460073417874,1.8161241111925868,2.522018766941204,3.4168924290195415,4.462377364217466,5.475386518951662,5.922841119038701,5.922841119028728,5.475386519086518,4.462377364288552,3.416892429138267,2.5220187670192233,1.8161241112193054,1.2834600734122612,0.8925923977654462,0.6115266430931737,0.4127904280718531,0.27444543556597323,0.17962602208829762,0.11567104278271911,0.07324765986319784,0.045591215544909205,0.027882406026451846,0.01675030626061119,0.009882725147175147,0.005725959209365559,0.003258019919190373,0.0018212631815423873,0.001001990353525329,0.0005462265348683154,0.00030261555354957966,0.00018517361477638812,0.00015042944462296496
0.00015046510120478746,0.00018521753248407276,0.00030268740873448994,0.0005463563878754605,0.001002228816323457,0.0018216970643425293,0.0032587967920634014,0.005727325594771214,0.009885084715860607,0.016754306389047645,0.027889063269050364,0.04560209278166877,0.07326510983613331,0.11569853402333194,0.17966856336236586,0.27451011273859005,0.4128870603833231,0.6116685482892501,0.8927972137165522,1.283750487722442,1.8165281378293723,2.5225687540380073,3.4176210412719485,4.463306888828464,5.476504079867436,5.924044834525578,5.924044834746665,5.476504080154338,4.4633068890150165,3.417621041389969,2.5225687541086006,1.8165281378371416,1.2837504876799155,0.8927972136843901,0.611668548275266,0.4128870603732082,0.2745101127365352,0.17966856336566678,0.11569853402484721,0.07326510983691434,0.04560209278288687,0.02788906327028509,0.016754306389881457,0.009885084716197385,0.005727325594849229,0.0032587967920657676,0.0018216970643459341,0.0010022288163477827,0.0005463563878941902,0.00030268740874598226,0.00018521753248681603,0.00015046510119439107
0.00015049701950387766,0.00018525684598274606,0.0003027517314679092,0.000546472630022479,0.0010024422871344266,0.0018220854810596873,0.0032594922723674937,0.00572854885672513,0.009887197196061069,0.016757887770361867,0.027895023881190237,0.045611832328271915,0.07328073565678805,0.1157231533018401,0.17970666379822522,0.2745680442816359,0.4129736244997569,0.611795685505606,0.8929807426634888,1.2840107628687045,1.816890301929144,2.5230618525166246,3.418274420494424,4.4641405958866605,5.477506595360636,5.925124675749798,5.92512467582077,5.477506595534521,4.464140595984117,3.4182744205264504,2.5230618525548985,1.8168903019286646,1.2840107628491122,0.8929807426426574,0.6117956854953214,0.4129736244982485,0.27456804428351517,0.1797066638035938,0.11572315330637002,0.07328073565967243,0.04561183233041324,0.02789502388309349,0.016757887771222703,0.009887197196127987,0.005728548856639749,0.0032594922723289464,0.0018220854810715376,0.0010024422871422886,0.0005464726300406913,0.00030275173147009893,0.00018525684597519334,0.00015049701949003638
0.00015052519435256013,0.00018529154884724334,0.00030280851101605787,0.0005465752414559015,0.0010026307284730796,0.001822428361234212,0.0032601062287828096,0.005729628753474537,0.009889062147961009,0.016761049613131396,0.027900286454770957,0.045620431703939895,0.07329453300966339,0.11574489319299586,0.17974031076924712,0.27461920900776665,0.41305008533840787,0.6119079974388993,0.8931428925352064,1.2842407535504474,1.8172103788481966,2.5234977241086742,3.418852074588498,4.464877804174053,5.478393194580888,5.926079691205899,5.926079691167361,5.478393194643173,4.464877804197912,3.418852074614746,2.523497724105236,1.817210378845684,1.2842407535635132,0.8931428925536467,0.6119079974549813,0.4130500853482241,0.27461920901726916,0.17974031077617297,0.11574489319912173,0.07329453301289521,0.045620431706190887,0.02790028645611844,0.01676104961357866,0.009889062148013699,0.005729628753384455,0.003260106228705156,0.0018224283612086113,0.0010026307285014384,0.0005465752414569334,0.00030280851100205014,0.0001852915488335383,0.00015052519435859106
0.0001505496212820166,0.0001853216355159953,0.00030285773809554076,0.000546664204984846,0.0010027941078780019,0.0018227256437665822,0.003260638547512127,0.005730565075492046,0.00989067918998603,0.016763791229914803,0.027904849764550214,0.045627888752142916,0.07330649813706987,0.1157637472256127,0.17976949327035452,0.27466358842780225,0.4131164122484073,0.612005434025457,0.8932835828144764,1.2844403325267415,1.8174881717984162,2.5238760722604914,3.419353571952977,4.465517915679411,5.4791631132113245,5.926909045854737,5.92690904592441,5.479163113352375,4.465517915897496,3.419353572017824,2.5238760722616536,1.8174881718257165,1.2844403325865037,0.8932835828659187,0.6120054340591352,0.41311641227223905,0.27466358843956434,0.1797694932795918,0.1157637472301528,0.07330649813918252,0.04562788875319912,0.02790484976522814,0.016763791230243217,0.009890679190007893,0.00573056507543203,0.003260638547491803,0.0018227256437937226,0.0010027941078801109,0.000546664204968073,0.0003028577380777183,0.00018532163552086584,0.00015054962130676118
0.0001505702964836014,0.00018534710125408832,0.00030289940480094876,0.0005467395059632912,0.0010029323976619177,0.0018229772765371772,0.0032610891314836413,0.00573135764392395,0.009892047995965134,0.01676611203305309,0.027908712763661202,0.045634201625813525,0.07331662782076212,0.11577970985591136,0.17979420186204775,0.27470116667994543,0.41317257892545284,0.6120879522419862,0.893402744239022,1.2846093903182993,1.817723511304999,2.5241966414996155,3.419778540478784,4.466060414969804,5.479815691636524,5.927612019331309,5.92761201948974,5.479815692025763,4.466060415294996,3.4197785406619463,2.524196641560116,1.8177235113698516,1.2846093903924047,0.8934027442989415,0.6120879522781485,0.4131725789454705,0.27470116669821704,0.17979420187134695,0.11577970985838923,0.07331662782149946,0.04563420162647427,0.027908712764006624,0.016766112033271337,0.009892047996075314,0.005731357644012583,0.0032610891315697677,0.0018229772765463357,0.0010029323976561415,0.0005467395059502682,0.0003028994048046874,0.00018534710127954848,0.00015057029649508108
0.0001505872167860623,0.0001853679421212363,0.0003029335045427068,0.0005468011321807672,0.001003045574730602,0.001823183216094216,0.0032614578996788455,0.005732006309228502,0.00989316829363312,0.0167680115313267,0.027911874575280108,0.04563936878007208,0.0733249193663898,0.11579277643786212,0.17981442863707953,0.27473193046386973,0.41321856327831524,0.612155515944702,0.8935003186136239,1.2847478348615669,1.8179162547973529,2.5244592167501336,3.420126666874932,4.466504867423155,5.480350374058534,5.928188004018096,5.928188004167592,5.480350374449042,4.466504867790406,3.4201266670840487,2.524459216853877,1.8179162548549628,1.2847478349125465,0.8935003186595433,0.6121555159713321,0.41321856329855017,0.2747319304785198,0.17981442864527564,0.11579277644190747,0.07332491936899463,0.045639368781461,0.02791187457555955,0.0167680115311847,0.009893168293858145,0.005732006309415398,0.003261457899734707,0.0018231832161488069,0.0010030455747510544,0.0005468011321806548,0.0003029335045709109,0.00018536794213209698,0.00015058721678198203
0.00015060037963358846,0.00018538415493391257,0.0003029600320022782,0.000546849073772402,0.0010031336204335654,0.0018233434272946737,0.00326174478650368,0.005732510950648771,0.009894039862297088,0.016769489326436248,0.027914334489749993,0.045643388962355036,0.07333137058818334,0.1158029432064142,0.17983016717673053,0.2747558689680415,0.41325434736335304,0.6122080957612883,0.8935762585949757,1.2848555912043396,1.818066286167912,2.5246636228067,3.420397695644017,4.466850918785388,5.480766706804433,5.92863650415896,5.928636504322755,5.480766707108381,4.466850919019055,3.4203976957963427,2.5246636228867114,1.818066286211319,1.2848555912319126,0.8935762586095193,0.6122080957716965,0.4132543473761179,0.2747558689807287,0.17983016718851452,0.1158029432160684,0.07333137059261274,0.04564338896344487,0.027914334489874765,0.016769489326566345,0.009894039862315112,0.005732510950823138,0.0032617447866916806,0.0018233434273962645,0.0010031336204339323,0.0005468490737839292,0.00030296003201429433,0.0001853841549306935,0.00015060037963208862
0.00015060978305732347,0.00018539573724586975,0.0003029789830869673,0.0005468833231471167,0.0010031965204070328,0.0018234578830487486,0.003261949741471424,0.005732871474779317,0.009894662531653277,0.016770545111643963,0.02791609195952804,0.045646261206621276,0.07333597980181947,0.11581020725219207,0.1798414125173049,0.27477297384076,0.41327991729622576,0.6122456689431952,0.8936305275059347,1.2849326013073652,1.8181735154400587,2.524809723844309,3.420591428712668,4.467098294101741,5.481064338021626,5.928957135413449,5.9289571354843655,5.481064338089005,4.467098294138061,3.4205914287810963,2.5248097239216887,1.8181735154969438,1.2849326013340396,0.8936305275046356,0.6122456689460792,0.4132799173090932,0.2747729738575344,0.17984141253010957,0.11581020725839053,0.07333597980428432,0.04564626120767596,0.027916091959979118,0.016770545111877724,0.009894662532102015,0.0057328714752425975,0.0032619497417500256,0.0018234578830626476,0.001003196520339074,0.0005468833231370387,0.0003029789830882961,0.00018539573724623944,0.00015060978305109565
0.00015061542566516058,0.0001854026873252187,0.00030299035489694007,0.0005469038749195722,0.001003234264452395,0.0018235265641301482,0.003262072728658811,0.0057330878155211215,0.00989503618121446,0.016771178669453896,0.027917146596588536,0.04564798482725906,0.07333874580837432,0.11581456650568896,0.1798481611297671,0.2747832391336902,0.4132952631945074,0.6122682193051813,0.8936630992514081,1.2849788238327493,1.818237878576108,2.5248974231041443,3.4207077249394704,4.4672467975281025,5.4812430169706134,5.929149623594566,5.929149623446525,5.481243016713077,4.467246797479066,3.4207077249898523,2.5248974231924013,1.8182378786840403,1.2849788238898556,0.8936630992622957,0.6122682193132505,0.4132952632130309,0.2747832391488733,0.17984816113517216,0.11581456650622564,0.07333874580894544,0.04564798482709094,0.027917146597006077,0.016771178670739725,0.009895036182402714,0.005733087816224886,0.0032620727287952468,0.0018235265639225358,0.0010032342643829925,0.0005469038749134977,0.0003029903548854854,0.00018540268731909884,0.0001506154256581116
0.00015061730662844545,0.00018540500413558188,0.0003029941456952763,0.0005469107258727737,0.0010032468464627165,0.0018235494590711796,0.0032621137267463155,0.005733159933421289,0.009895160739016123,0.016771389870044888,0.027917498168266715,0.045648559413073726,0.07333966789110612,0.11581601972844731,0.1798504109012057,0.2747866612927938,0.41330037915043777,0.6122757371587317,0.8936739582141946,1.284994234088063,1.8182593372297018,2.5249266626324416,3.4207464997297294,4.467296311733443,5.481302593314677,5.929213804390177,5.929213804174819,5.481302593049876,4.467296311693048,3.420746499798097,2.52492666276925,1.8182593373281235,1.2849942341421703,0.8936739582509623,0.6122757371871491,0.4133003791723994,0.2747866613025225,0.17985041089973028,0.11581601972570638,0.07333966788893512,0.04564855941335508,0.027917498169909953,0.01677138987199249,0.009895160740524657,0.005733159933910735,0.0032621137264428994,0.0018235494589722426,0.0010032468464472436,0.0005469107258316517,0.0003029941456799411,0.0001854050041220553,0.00015061730661659526
