Model: _005_20_26_CPC_metacentric_relaxed_MCF10A_chr19_PMP1_compare
Simulation: 1105102268_0
(SimID_1105102268_0 (PDE Simulation)) 
Sim time range (0.0 500.0) (saved timepoints 51) 
Number of variables 6 
Variable names ['CPC_all', 'CPCa_total', 'CPCi_total', 'bound_CPC', 'bound_active_CPC', 'pH2_all'] 
 
2D Slice for variable bound_CPC at time 480.0 in plane XY at Z = 0 
 
X in rows, Y in columns 
4.382223159850184,4.38235162596384,4.3827577034441445,4.383506699587481,4.384718825453801,4.386587859200846,4.389410841437743,4.3936331295993245,4.399915712305,4.409235561614024,4.423035763581126,4.443451219529124,4.473648972603139,4.518341011591685,4.58455155270066,4.682746620987025,4.828446419121845,5.044398250183554,5.363182425398478,5.8295044024766485,6.4998478010580705,7.433582031472272,8.662605224792214,10.116984925540951,11.490841564364311,12.170367299773753,12.170367300134282,11.490841564258156,10.116984925508783,8.662605224623602,7.43358203204558,6.499847801320009,5.829504402792909,5.36318242441561,5.044398250055595,4.828446419616029,4.682746620560233,4.584551552607758,4.518341011393422,4.473648972048884,4.443451220006491,4.423035764671345,4.409235562189301,4.399915713251389,4.393633130158776,4.3894108421848275,4.386587859470897,4.3847188247530235,4.383506699122389,4.382757702068099,4.38235162631506,4.382223159807673
4.382225681822089,4.382354145040228,4.382760213180357,4.3835091942566615,4.384721298146236,4.386590301678752,4.389413242667146,4.393635477203552,4.399917990319947,4.409237748538168,4.423037832275406,4.443453132017043,4.473650680781328,4.518342452265559,4.584552639827762,4.682747239976328,4.828446423059925,5.044397440431493,5.3631805423786805,5.829501114344681,6.499842691146176,7.433574617410263,8.662595028366427,10.116971672220405,11.490825566617186,12.170349905881153,12.170349906028076,11.4908255664469,10.116971672315326,8.662595028503667,7.433574617237204,6.499842691073802,5.82950111442021,5.363180542499968,5.04439744035264,4.828446423300629,4.682747239943879,4.584552639441379,4.518342452306287,4.473650681490033,4.443453132979495,4.423037832987852,4.40923774911464,4.399917991325213,4.393635477491733,4.389413242430452,4.3865903007389,4.384721297223052,4.383509193835967,4.3827602127847385,4.382354144910269,4.382225680942063
4.382233250372764,4.382361705560894,4.382767747405682,4.3835166837133475,4.384728720421939,4.386597631874135,4.3894204509226284,4.393642524858195,4.39992482936186,4.409244313966876,4.42304404139888,4.443458875582244,4.4736558125124715,4.518346778440511,4.584555906007763,4.682749106473529,4.82844644197969,5.044395019814209,5.363174906398267,5.829491263499956,6.499827377975022,7.433552395152341,8.662564466727002,10.116931944209849,11.490777611541388,12.170297764601235,12.170297764666001,11.490777611655075,10.116931944441388,8.662564467165248,7.433552395367468,6.499827378481416,5.829491263482023,5.363174906617694,5.044395019559242,4.828446442449168,4.682749106769984,4.584555905730578,4.518346779117861,4.473655812939853,4.443458875937034,4.423044042430511,4.409244314559948,4.39992482916794,4.393642524803967,4.389420450291097,4.386597631070302,4.38472872005246,4.3835166828235765,4.382767747086135,4.382361705194694,4.382233249908263
4.382245879860964,4.382374320638757,4.382780318197877,4.383529179010391,4.384741104995968,4.386609863783131,4.3894324792562145,4.393654286196917,4.399936241730984,4.409255272391002,4.423054407621372,4.443468464529064,4.473664382192337,4.518354009608035,4.5845613699536045,4.682752241026969,4.828446500689031,5.044391016042415,5.363165550233917,5.8294748896085,6.499801912709638,7.433515428227193,8.662513619615696,10.116865839162374,11.490697813612272,12.1702109984785,12.170210998358819,11.49069781408779,10.116865839811924,8.662513620527442,7.4335154291074215,6.499801912789985,5.829474889758967,5.363165550244454,5.044391016202649,4.828446500338497,4.682752241207519,4.584561369792744,4.518354009065414,4.473664383020506,4.44346846490027,4.423054407340233,4.409255272850038,4.399936241802775,4.393654286181809,4.389432478763573,4.386609863419929,4.3847411042341085,4.383529178507391,4.382780318059137,4.382374319587905,4.38224587872571
4.3822635892293365,4.382392009602495,4.382797946624217,4.383546701912807,4.384758472607794,4.386627018320721,4.389449348989557,4.393670782841115,4.399952251814078,4.409270647699744,4.423068953019668,4.443481925266859,4.473676419304886,4.518364172461726,4.584569064335697,4.682756678811826,4.82844663753003,5.044385475526223,5.363152528695302,5.829452061237643,6.499766378875419,7.433463823401658,8.662442619383853,10.116773520006136,11.490586362470445,12.170089810744697,12.170089810640428,11.490586362773273,10.116773520382306,8.662442619680354,7.433463823536903,6.499766378654299,5.829452061298312,5.36315252881179,5.044385475785837,4.828446636887472,4.6827566779218355,4.584569063819602,4.518364171854311,4.4736764189651845,4.443481925190516,4.423068953335535,4.409270648058427,4.399952252156744,4.393670783450753,4.389449348965313,4.38662701767553,4.384758472199625,4.383546701463444,4.382797946032313,4.382392008780794,4.382263588835528
4.382286407691647,4.382414801966196,4.3828206607352564,4.383569280915606,4.384780853039818,4.386649124862389,4.389471091215295,4.393692046842859,4.399972890316981,4.409290472001427,4.423087714264442,4.443499292986201,4.4736919599737615,4.518377308141425,4.584579032272898,4.682762467712958,4.828446908220969,5.044378463348989,5.363135919436532,5.829422873234577,6.4997208945706015,7.433397728416156,8.662351651344219,10.116655213620888,11.49044352270732,12.169934485300294,12.169934485457969,11.490443522118175,10.11665521298242,8.662351650455781,7.433397727503526,6.499720894196996,5.829422872734669,5.363135919606435,5.0443784631324755,4.828446907927826,4.682762466659372,4.58457903173827,4.518377307416473,4.473691958893775,4.4434992931095945,4.4230877143742005,4.409290472528991,4.399972891284112,4.393692046633696,4.389471091259544,4.386649124403144,4.38478085268556,4.383569280652036,4.382820660434102,4.382414801882869,4.382286407802093
4.38231437080444,4.382442734401857,4.382848497619642,4.383596953417319,4.384808283483524,4.3866762223371625,4.389497744405837,4.393718116201106,4.399998199320797,4.409314787864706,4.423110732056641,4.443520614286065,4.473711051413576,4.518393467970629,4.58459133052054,4.682769670317404,4.828447385186651,5.044370062398116,5.363115822261498,5.829387445965376,6.499665611139087,7.433317332309754,8.662240952812462,10.116511211169774,11.490269634444225,12.169745387777155,12.169745387388852,11.490269633733257,10.116511210303239,8.662240951799605,7.433317331422591,6.499665610252151,5.829387445416492,5.363115821594853,5.044370061764826,4.828447384381548,4.682769669457589,4.584591329857476,4.518393468138339,4.473711051194458,4.4435206140811685,4.423110732990857,4.409314787909294,4.399998199140175,4.393718116458191,4.389497743908702,4.386676221674428,4.3848082833128705,4.383596953663905,4.382848497352365,4.3824427347172525,4.382314371398762
4.38234752386916,4.3824758509003825,4.382881501594382,4.383629764006188,4.38484080957496,4.386708355797304,4.389529355036207,4.39374904040248,4.4000282260727515,4.409343644975185,4.423138061674402,4.443545942652292,4.473733753220478,4.518412715965682,4.584606027604992,4.682778363777887,4.828448154768772,5.04436037357376,5.363092357117294,5.829345927466038,6.499600711521254,7.433222866878314,8.66211081367551,10.116341868726238,11.490065113534495,12.169522963602686,12.169522963792517,11.490065114045692,10.116341868813524,8.662110813314186,7.433222866228789,6.499600711091037,5.8293459269340895,5.363092355644081,5.044360372338378,4.828448153330216,4.682778363071244,4.584606027171756,4.5184127164893,4.473733753607316,4.443545942844606,4.423138061897658,4.409343645073082,4.400028226110627,4.393749040031171,4.389529354605673,4.386708355836303,4.384840809422892,4.383629764154446,4.382881501308166,4.382475850912586,4.382347524027476
4.3823859180990254,4.3825142025722785,4.3829197249036875,4.383667764935578,4.384878483673529,4.386745579562869,4.389565977876164,4.393784874231368,4.4000630302692505,4.409377103620252,4.4231697642696854,4.443575344374978,4.473760134993303,4.518435126111501,4.58462320352668,4.682788637506583,4.828449317665712,5.044349515695898,5.363065665591102,5.829298492097712,6.499526413640044,7.433114604590635,8.66196157665643,10.11614760566394,11.489830450854022,12.16926773969761,12.169267740240619,11.489830451840914,10.116147606655082,8.66196157726861,7.433114604703468,6.499526413444222,5.829298491422056,5.3630656648073805,5.04434951458077,4.8284493171488725,4.682788636727816,4.584623203133877,4.518435125643155,4.4737601350575265,4.443575344110875,4.423169764223963,4.409377103628711,4.400063029826762,4.393784874337848,4.389565978466489,4.386745579582448,4.384878483526248,4.383667764603496,4.382919724276983,4.3825142025456225,4.382385918226405
4.382429612140642,4.382557848904531,4.3829632254126,4.38371101649587,4.384921366387581,4.386787954380223,4.389607676743456,4.393825683483054,4.400102675810345,4.40941523292431,4.42320591105907,4.443608893606318,4.47379027514043,4.518460781307476,4.584642950634814,4.682800592959226,4.828450991653227,5.044337625140087,5.3630359129086935,5.8292453403113385,6.4994429670810625,7.432992860351551,8.661793635829554,10.115928906489854,11.489566209960465,12.168980319190373,12.168980319243905,11.489566210238563,10.115928906756572,8.661793636399656,7.432992860996777,6.499442967382133,5.8292453403997335,5.363035913127532,5.044337625091483,4.828450991675163,4.682800592701722,4.584642950247379,4.518460780449309,4.4737902748436,4.443608893052706,4.42320590998153,4.409415232984683,4.400102676230761,4.393825683056101,4.389607676795785,4.386787954747251,4.3849213659083945,4.383711015626505,4.382963225618663,4.382557848786865,4.382429612247075
4.382478670120562,4.38260685519399,4.383012070994393,4.3837595842326476,4.384969525150489,4.386835550697537,4.3896545203280395,4.393871538012725,4.400147238244072,4.409458108705826,4.423246580469781,4.443646673261615,4.473824261704988,4.518489776977213,4.584665373263694,4.6828143469688115,4.8284533095687,5.044324856825251,5.363003283496311,5.829186699163165,6.499350654781982,7.432857990027894,8.661607436073895,10.115686314560786,11.489273025661975,12.168661383903329,12.16866138388962,11.489273025237932,10.115686314246187,8.661607435892924,7.432857990396751,6.499350655659999,5.829186700066822,5.363003284146341,5.044324857246315,4.828453309363526,4.682814347168961,4.584665373044931,4.5184897767784715,4.473824261050422,4.443646673416506,4.423246579792285,4.409458108491955,4.400147238319283,4.393871537866342,4.3896545200851325,4.38683555034977,4.384969524803952,4.383759583782755,4.383012070859355,4.382606854950459,4.382478670820656
4.382533167366178,4.382661293141364,4.38306633282379,4.383813542281155,4.385023034533917,4.386888441575346,4.389706586235929,4.393922517565566,4.400196798537499,4.409505814370738,4.423291860657447,4.4436887767795,4.4738621925936535,4.5185222199050745,4.584690586561834,4.682830028869441,4.82845641741109,5.044311382704216,5.362967983737869,5.829122820871889,6.499249791080653,7.432710387166883,8.661403471097303,10.115420436659733,11.488951606937835,12.168311694181767,12.168311693971962,11.488951606420452,10.11542043633564,8.66140347148306,7.432710387724674,6.499249791352,5.8291228211286485,5.362967983980535,5.044311383050295,4.82845641760296,4.682830029276361,4.584690586650599,4.518522219900909,4.473862192905357,4.4436887767591955,4.423291860828204,4.4095058139981145,4.400196798426829,4.393922517870191,4.389706586019204,4.386888441641263,4.385023034358972,4.383813541448257,4.383066332402059,4.382661292836586,4.382533166345631
4.382593178004752,4.38272124148383,4.383126090247883,4.383872968187189,4.3850819742935245,4.386946710310388,4.389763957516257,4.393978708302021,4.400251445109185,4.409558442209262,4.423341848605629,4.443735304607868,4.473904175505777,4.518558225032907,4.584718717358829,4.682847779588824,4.828460476891808,5.044297391883301,5.362930239546802,5.829053982182612,6.499140720637573,7.432550486416623,8.661182286080692,10.115131941211526,11.488602733826003,12.16793208677126,12.16793208656404,11.488602734069799,10.115131941711722,8.661182286838766,7.432550486646585,6.499140720124367,5.829053981553438,5.362930239166006,5.044297391885588,4.828460477320578,4.68284777981535,4.584718718095836,4.518558225471177,4.473904176136634,4.443735304333005,4.423341849054677,4.409558442084577,4.400251445109583,4.393978709213691,4.389763957930558,4.386946710338465,4.385081974471345,4.383872968036602,4.3831260891783375,4.382721240655855,4.382593177024199
4.38265878745867,4.3827867829829135,4.383191425127145,4.38393794889336,4.385146431283812,4.387010444555145,4.389826724488772,4.394040203133139,4.400311273677578,4.409616091753663,4.423396647583921,4.443786365284592,4.473950327048622,4.518597917271156,4.584749903315621,4.682867752101484,4.82846566380175,5.04428308908586,5.362890296467337,5.828980484954286,6.499023819940397,7.432378762034701,8.66094447540927,10.114821556719843,11.488227257239224,12.167523474133153,12.16752347446879,11.488227257721217,10.114821557474299,8.660944475761093,7.43237876193403,6.499023819332726,5.828980484245799,5.362890296080377,5.0442830887131604,4.828465663891031,4.682867752578628,4.584749903647053,4.518597918111959,4.473950327203759,4.443786365686579,4.423396647769853,4.4096160920131044,4.400311273742551,4.3940402040690305,4.389826725248108,4.38701044449774,4.385146431358249,4.383937948956791,4.383191425176335,4.382786782476444,4.3826587869876255
4.382730081785902,4.382858006684734,4.383262429374237,4.384008574066065,4.385216497466002,4.387079737128126,4.389894983731972,4.394107100395142,4.400376385220803,4.409678868735647,4.423456367915644,4.443842076197797,4.474000770954765,4.518641431817472,4.584784291592419,4.68289011207671,4.828472166324965,5.044268695097367,5.362848420888018,5.828902655589248,6.498899497090985,7.432195727008291,8.660690682049959,10.114490072083353,11.487826097179894,12.167086842519101,12.167086842362448,11.487826096756947,10.114490071873346,8.660690681899766,7.432195726959093,6.498899496998237,5.828902655457725,5.362848420922608,5.044268695260186,4.828472166301946,4.682890111619788,4.584784291513827,4.518641432327764,4.474000771317302,4.443842076997268,4.423456368187605,4.409678869272104,4.4003763857610325,4.394107100343266,4.389894984163132,4.387079737301117,4.385216497013864,4.38400857467638,4.383262429821393,4.382858007054409,4.382730083392279
4.382807157837704,4.3829350056673775,4.383339195523204,4.384084938663727,4.385292268298753,4.387154687087111,4.38996883577659,4.394179502886884,4.400446887848309,4.409746885523961,4.4235211266272145,4.443902561935373,4.4740556403957354,4.518688912113055,4.584822039399416,4.682915035064495,4.828480186784627,5.044254448089937,5.362804898827684,5.828820845150512,6.498768190455681,7.432001933205648,8.660421596831842,10.114138333287523,11.48740024060529,12.166623250729836,12.166623250400919,11.487400240154289,10.114138332421636,8.660421596097816,7.4320019327285465,6.4987681907528385,5.82882084587638,5.3628048995656155,5.044254448357997,4.828480186745833,4.682915034952812,4.584822039316542,4.5186889118082565,4.474055640977619,4.443902562346618,4.423521127215492,4.4097468857126465,4.400446888570004,4.394179502370687,4.389968835889103,4.3871546875052765,4.38529226827478,4.384084939685953,4.383339196077219,4.382935006427588,4.382807158215472
4.382890108648972,4.383017876578236,4.383421821107701,4.384167141328962,4.385373844003962,4.387235397115892,4.39004838551032,4.394257519765833,4.400522895216743,4.409820259502692,4.423591049157405,4.443967952951548,4.474115075580933,4.518740508707985,4.5848633138116766,4.682942709967817,4.828489941167086,5.044240602271768,5.36276003540707,5.828735429566798,6.498630368064704,7.43179796829124,8.660137956756842,10.113767243682993,11.48695074335306,12.166133831468482,12.166133831546023,11.48695074340679,10.11376724357766,8.660137955986585,7.431797967650581,6.498630368267667,5.828735429946515,5.362760035756641,5.044240603013441,4.828489941740519,4.682942710598618,4.584863314263969,4.518740508893227,4.474115075375252,4.443967952781837,4.423591048693119,4.409820259525214,4.40052289542986,4.394257520093251,4.390048385886328,4.387235398061504,4.38537384489035,4.384167141330217,4.383421821592761,4.383017877009987,4.382890108973257
4.382979035414209,4.3831067188546875,4.383510407120402,4.384255283037951,4.3854613287976925,4.387321973681817,4.390133742550888,4.394341265607924,4.400604525551711,4.4098991142964135,4.423666263828259,4.444038386814945,4.474179223130737,4.518796383149685,4.584908292622548,4.682973335959975,4.828501659208613,5.044227427501375,5.362714155251494,5.828646806224334,6.498486526483822,7.4315844576883086,8.65984054592215,10.113377765876779,11.48647872796933,12.165619788034434,12.165619788432696,11.486478728472958,10.113377766123042,8.65984054575777,7.431584457506864,6.498486526140707,5.828646806521807,5.362714155368085,5.044227427893826,4.828501660259618,4.682973337070111,4.584908293388581,4.518796383255775,4.474179222755464,4.444038386394585,4.423666263295522,4.409899114199135,4.400604524925219,4.394341266652799,4.390133743306399,4.387321974496414,4.385461329981418,4.384255282538973,4.383510407502537,4.383106719144203,4.382979035381545
4.383074039272242,4.38320163483331,4.38360505599173,4.384349468629086,4.385554830330669,4.3874145268974925,4.3902250205270565,4.394430858040308,4.4006918995701705,4.409983577885891,4.423746905954181,4.444114008124758,4.4742482393023435,4.518856704059861,4.584957163240433,4.683007124165793,4.828515583519731,5.044215207925165,5.3626676009333165,5.828555396854007,6.4983371923098705,7.431362065560459,8.659530196074591,10.112970917832193,11.485985381579102,12.16508239365195,12.165082393711142,11.48598538204151,10.112970917820089,8.659530195718558,7.431362065512213,6.498337193042944,5.828555397375233,5.362667601173325,5.044215207978383,4.82851558390046,4.683007124537949,4.584957163750068,4.518856704137439,4.474248239120184,4.444114008032655,4.4237469066268975,4.409983578016744,4.400691899476784,4.394430858155852,4.390225020798146,4.387414526993037,4.3855548309555985,4.38434946914152,4.383605056316749,4.383201635223412,4.383074039247384
4.383175223169208,4.383302728648402,4.383705872649035,4.384449805927255,4.385654458118863,4.387513168140568,4.3903223360379915,4.394526416672225,4.400785144600065,4.410073783519297,4.42383311786905,4.444194967817258,4.474322286695439,4.518921650007675,4.585010122583467,4.683044296368444,4.828531968717811,5.044204244595605,5.362620735332981,5.828461648517952,6.498182924198468,7.431131492361276,8.659207784239205,10.112547773592052,11.485471956740444,12.164522990466486,12.164522990269672,11.485471956369805,10.112547773071801,8.659207784110937,7.431131492658476,6.498182924843965,5.828461649067346,5.362620735969055,5.044204244817375,4.828531968394198,4.683044295997743,4.585010122290206,4.518921649894431,4.474322286999281,4.444194968689273,4.423833119250537,4.410073783926196,4.400785144680128,4.394526416007427,4.39032233583367,4.387513168016378,4.385654457856888,4.384449806985885,4.383705872960523,4.3833027292230335,4.38317522347317
4.383282692759913,4.383410105435998,4.3838129636432335,4.384556403351055,4.3857603222540105,4.387618012321358,4.390425808054755,4.394628066057216,4.4008843921779395,4.410169870151697,4.4239250470286375,4.4442814244570386,4.474401536531483,4.518991407896193,4.5850673773972295,4.683085086405974,4.828551085378188,5.044194857250512,5.362573944320915,5.8283660334844205,6.498024310225108,7.430893477497821,8.65887423512002,10.112109464342991,11.484939771770229,12.1639429914233,12.163942991188017,11.484939770939015,10.112109463796559,8.658874234964108,7.430893477864618,6.4980243103335,5.828366033668414,5.362573944406844,5.0441948577119655,4.828551085431135,4.683085086444829,4.585067376866088,4.518991407708224,4.474401536991533,4.444281425222995,4.423925047657451,4.410169870613063,4.400884392181893,4.394628065806131,4.390425807899749,4.387618012119018,4.385760321790427,4.384556403902765,4.383812963977548,4.383410105548262,4.383282692451526
4.383396553295406,4.383523870410211,4.383926436360431,4.384669369717468,4.385872534746932,4.387729177052187,4.39053555847183,4.394735936089341,4.400989778238996,4.41027198319363,4.424022848386607,4.444373543990506,4.474486169035259,4.519066174692554,4.585129148370983,4.683129744943834,4.828573223184019,5.044187386340993,5.362527635627857,5.828269052510861,6.497861973359569,7.430648802097938,8.658530523600081,10.111657181071777,11.484390212960882,12.16334388292725,12.163343882670587,11.48439021236539,10.111657180579959,8.65853052357063,7.430648801994427,6.497861972918228,5.828269052008747,5.362527635701297,5.044187386583317,4.8285732236809205,4.683129745634077,4.585129148671631,4.519066174964794,4.4744861691046856,4.444373543512292,4.424022847506181,4.410271983261266,4.400989778487627,4.394735936411522,4.390535558496103,4.387729177229329,4.385872535017158,4.384669369322093,4.383926436459273,4.383523869639962,4.383396553029496
4.383516910344489,4.3836441293542245,4.384046398125166,4.384788815015703,4.385991211299494,4.387846782910992,4.390651714369846,4.394850160902117,4.401101446095736,4.410380275183384,4.424126685008532,4.444471503238486,4.4745763777216325,4.519146165113681,4.58519567490689,4.683178542685472,4.828598692847001,5.044182196738584,5.362482247448509,5.828171240718269,6.497696577049366,7.430398294330228,8.65817768048804,10.11119218050612,11.483824741236571,12.162727228352454,12.162727227689848,11.483824740475102,10.111192180046006,8.658177680406546,7.430398293937791,6.497696576369582,5.828171240127856,5.362482247766475,5.044182197160259,4.82859869369029,4.68317854297582,4.5851956751946785,4.519146165257959,4.474576377694831,4.444471502694358,4.42412668378182,4.410380274454997,4.401101446088786,4.394850161131238,4.390651714431696,4.387846783063946,4.385991212057197,4.3847888147536525,4.384046398203728,4.383644129015166,4.383516909765356
4.383643868372144,4.383770989595538,4.384172958582538,4.384914852818224,4.386116471559365,4.387970954057871,4.39077440947499,4.394970882234909,4.401219547717651,4.410494909500309,4.424236735149361,4.444575498293381,4.4746723771726495,4.519231615879862,4.585267220899231,4.6832317770684035,4.828627837027425,5.0441796892859685,5.362438257799732,5.828073177570743,6.497528835351414,7.430142841169366,8.657816804259587,10.110715794997578,11.48324489999378,12.162094677897153,12.162094677701246,11.483244898842562,10.110715793960916,8.657816803679971,7.430142841069966,6.497528835054059,5.828073177855899,5.362438258066516,5.044179689750784,4.828627837240227,4.6832317767912,4.5852672204749885,4.519231615960361,4.474672377209668,4.444575498079273,4.424236734920846,4.410494908693816,4.401219547521922,4.394970881439454,4.3907744087173795,4.387970954157965,4.386116471860243,4.384914853831883,4.384172958646029,4.38377098997669,4.3836438678513945
4.383777537930755,4.383904561882897,4.38430623060811,4.385047602050003,4.386248439196773,4.388101824474788,4.39090378563179,4.395098254392161,4.40134425179707,4.41061607127479,4.424353202669735,4.444685751448636,4.474774412552068,4.519322797741385,4.585344088358405,4.683289789829947,4.828661045722663,5.044180316917492,5.362396201424891,5.827975506552045,6.497359532423787,7.429883406800729,8.657449077418159,10.110229449918975,11.482652335344888,12.161447989766446,12.161447989526383,11.482652334590002,10.110229449280581,8.657449077022115,7.429883406455052,6.497359532525611,5.82797550691267,5.362396201388131,5.044180316901108,4.828661045355973,4.683289789451353,4.5853440883459635,4.5193227978764785,4.474774412320714,4.444685751338828,4.424353202634955,4.4106160709433,4.401344251444801,4.395098253636009,4.390903784815387,4.388101823906051,4.38624843936638,4.38504760278372,4.384306230298786,4.383904561823743,4.383777538511601
4.383918034169521,4.384044962474727,4.384446334463355,4.385187189656616,4.386387249750272,4.388239540333784,4.391040004482477,4.395232456613177,4.4014757562949125,4.410743979366373,4.424476328964102,4.444802529162508,4.4748827782532254,4.519420038442821,4.585426642432074,4.683352990711456,4.8286987837810775,5.044184613784241,5.362356700695307,5.827878964278124,6.497189552593202,7.429621062629148,8.657075800684478,10.10973469978131,11.482048828264203,12.160789060812364,12.16078906087864,11.482048828779481,10.109734699764505,8.657075800800683,7.429621062471221,6.497189552693017,5.82787896366709,5.362356700053383,5.044184613261578,4.828698783664331,4.683352990754281,4.585426643085664,4.519420038299299,4.474882777931039,4.44480252888612,4.4244763282712105,4.410743979398349,4.4014757558021245,4.395232456690851,4.391040004538645,4.388239539936388,4.386387249281224,4.385187188577228,4.384446334143592,4.384044962267008,4.383918035532524
4.384065484533433,4.384192319158231,4.384593405174776,4.385333757784953,4.386533060280254,4.388384276493332,4.391183261937487,4.395373708013489,4.401614305874021,4.41087890774146,4.4246064188016065,4.444926171904031,4.47499785300668,4.519523757331388,4.585515350295475,4.683421900324323,4.828741635411236,5.044193240806547,5.362320513654134,5.827784430966918,6.497019933635877,7.429357044982398,8.656698447883251,10.109233279870052,11.481436351382532,12.160119981554958,12.160119982080976,11.481436352126522,10.109233280637733,8.65669844798533,7.429357044799351,6.497019933565687,5.827784430631757,5.3623205129437705,5.044193240251691,4.828741635019857,4.683421900616035,4.585515350717806,4.51952375719291,4.474997852554515,4.4449261711379995,4.424606418548928,4.4108789079134,4.401614305459427,4.395373708075355,4.391183262291346,4.388384276349429,4.386533059626417,4.385333757071668,4.384593404858271,4.384192318801207,4.384065484084007
4.384220037224021,4.384346784004186,4.384747602362143,4.385487482783679,4.3866860670113565,4.3885362548190665,4.391333809076404,4.395522293307025,4.401760224268758,4.411021223058649,4.424743885476557,4.445057141313627,4.475120151020212,4.519634525726268,4.58561084337739,4.683497217480429,4.82879037586941,5.04420706334331,5.362288614376826,5.827693016822602,6.496851953555344,7.42909283959206,8.656318754293771,10.108727198106118,11.480817155458917,12.15944312673226,12.159443127036736,11.480817155880402,10.10872719844173,8.656318753871028,7.429092839660502,6.496851953659138,5.827693016950436,5.362288614227029,5.0442070629834195,4.828790375293775,4.683497217606112,4.585610843137258,4.519634525434857,4.47512015059707,4.445057140911751,4.4247438856715,4.411021222843918,4.401760224260903,4.395522293171222,4.391333808815,4.388536254719486,4.3866860670113175,4.385487482899111,4.384747602020349,4.384346783533868,4.384220035259337
4.384381880896503,4.38450855232326,4.384909135076872,4.385648595662243,4.38684653082251,4.388695773287952,4.3914919896880455,4.395678609051862,4.401913967688793,4.411171444072327,4.424889315918373,4.4451960974645495,4.475250407483632,4.519753157980092,4.585714018985555,4.683579928407429,4.828846088345713,5.0442272744533945,5.362262322617353,5.827606191876263,6.49668726587074,7.428830322934939,8.655938857717842,10.108218876406411,11.48019391520638,12.158761299437895,12.158761299182876,11.48019391506831,10.10821887599319,8.655938857282166,7.428830322641898,6.496687266028552,5.8276061920177575,5.362262322905947,5.044227274180932,4.82884608828202,4.6835799282795945,4.585714018428866,4.519753157976051,4.475250407296339,4.445196097445719,4.424889316133747,4.411171443529332,4.40191396756523,4.3956786086759205,4.391491989520028,4.388695773321591,4.386846530501753,4.385648595271196,4.38490913513915,4.384508551850012,4.38438187998182
4.3845512778778435,4.384677891644545,4.385078291295394,4.38581741687331,4.3870148189125855,4.388863258606111,4.391658300800523,4.395843233007351,4.402076202452105,4.411330335162296,4.425043578717432,4.445344016538571,4.475389711165868,4.519880857378547,4.585826199065571,4.683671477494614,4.828910345912091,5.044255584590283,5.362243501757333,5.827525994121492,6.496528113223858,7.4285719781919965,8.655561520396837,10.107711375169588,11.479569955525788,12.158077957926386,12.158077958018378,11.479569955542871,10.107711375008291,8.655561520078304,7.42857197742572,6.496528112481264,5.827525993908767,5.362243501920257,5.04425558449655,4.828910346228307,4.683671477561771,4.58582619936442,4.51988085777487,4.475389711111029,4.44534401639362,4.4250435783011675,4.411330334944512,4.402076202326842,4.395843232619787,4.391658300388185,4.388863257909817,4.387014818527716,4.385817416555425,4.385078290777694,4.384677891188916,4.3845512787348095
4.384728602668597,4.384855186069665,4.385255486401158,4.385994414747048,4.387191471566852,4.389039342519161,4.39183348194145,4.396017029505233,4.402247931752505,4.411499049423545,4.4252079848524355,4.445502374083722,4.475539706812643,4.520019440326977,4.585949372707252,4.683774027356087,4.828985487130986,5.044294513962724,5.362234864260111,5.8274553450716144,6.49637765172727,7.428321230110403,8.655190468410817,10.10720873728871,11.47894959702438,12.157397563862014,12.157397564175813,11.47894959750601,10.10720873784187,8.655190468179843,7.428321229424453,6.49637765044986,5.827455344384403,5.362234863613135,5.044294514170241,4.828985487716109,4.683774027723672,4.5859493734811485,4.520019440550693,4.4755397070748675,4.445502374134826,4.425207984017735,4.411499049395922,4.40224793133503,4.396017029484592,4.391833480888266,4.389039341903693,4.387191471257637,4.385994414121087,4.385255485754179,4.384855186295771,4.384728602246221
4.3849144083542235,4.385041005998567,4.385441339464775,4.386180288828603,4.3873773004992085,4.389224975900055,4.392018653031926,4.396201310768829,4.40243068004592,4.411679340975187,4.425384531199493,4.445673419905983,4.475702900481567,4.520171670300493,4.586086558389423,4.683890848161864,4.829075031047875,5.04434782935986,5.362240427070896,5.8273985242409445,6.496240441054793,7.428082944625377,8.654830900189012,10.106716502538866,11.478338673023732,12.156726098345567,12.156726098131546,11.478338673151017,10.106716502754045,8.654830900324267,7.428082944294617,6.496240440374692,5.82739852350156,5.362240426795153,5.044347829604653,4.829075030920543,4.68389084821485,4.586086558380399,4.520171670436349,4.475702901316688,4.445673420105163,4.425384531192056,4.411679340681989,4.402430679640525,4.39620131001712,4.392018652525065,4.3892249752631205,4.387377300131041,4.386180288400584,4.385441339042844,4.3850410055102635,4.3849144080333655
4.385109526199344,4.385236207998793,4.385636782128738,4.386376094351333,4.387573530964162,4.389421600807549,4.392215512454969,4.39639806821823,4.402626765191496,4.411873880078566,4.425576259819216,4.445860579272325,4.475883105410202,4.520341746949811,4.586242336117093,4.684026889899409,4.829184284586604,5.044421184879533,5.362266184988225,5.827361864113547,6.496123160147918,7.427864160333457,8.654490229977128,10.106242457850549,11.4777452862215,12.15607182342128,12.156071823231374,11.477745286077017,10.106242457361079,8.654490230056824,7.427864160379591,6.496123160160946,5.827361864037277,5.362266185113256,5.044421184799067,4.829184284213788,4.684026889376427,4.586242335636701,4.520341747237869,4.475883105758072,4.44586057950534,4.425576260344808,4.411873879842296,4.402626765146718,4.396398067099712,4.3922155119459125,4.38942160051336,4.38757353044209,4.386376094107865,4.385636781626673,4.385236207941775,4.3851095265704085
4.385315204741353,4.385442078072839,4.3858432130442875,4.386583418168335,4.387782008075152,4.389631388535622,4.392426621488529,4.396610309787808,4.40283969042255,4.412086703005832,4.425787768768885,4.446069027990677,4.476086082173317,4.520536010728895,4.5864236112391685,4.684189602424579,4.829321218461995,5.0445230434921084,5.3623210698694646,5.82735474687776,6.4960356304028055,7.427675135497667,8.65417915173289,10.105797716245378,11.477180897076186,12.155446374898235,12.155446375100153,11.477180896824963,10.105797716152987,8.654179151860987,7.42767513567913,6.496035630268854,5.827354746721131,5.362321069827137,5.044523043538416,4.829321218606004,4.684189602427812,4.586423610957365,4.520536010176065,4.476086081768167,4.4460690285866695,4.42578776879742,4.412086702818249,4.402839689608675,4.396610309601788,4.392426621686343,4.389631388754165,4.3877820072596805,4.386583417664221,4.385843213162224,4.385442077979635,4.3853152040895145
4.385533299461643,4.385660527988633,4.386062714761885,4.38680462121456,4.388005481246485,4.389857578559203,4.3926558034541,4.3968425278658305,4.403074688222459,4.4123238408092,4.4260259292166415,4.446306502464263,4.476320437646,4.5207639292438815,4.586640688505433,4.684390089728644,4.8294976892946275,5.044665966491527,5.362418296405271,5.827390997789191,6.495992250155718,7.427530815397042,8.653913133346087,10.105398228438526,11.47666184374803,12.154866286111792,12.154866286342296,11.476661843767884,10.105398228664306,8.653913133700073,7.427530815463195,6.4959922500061715,5.82739099739858,5.36241829615025,5.044665966701873,4.829497689761299,4.6843900898296775,4.58664068816729,4.520763928745728,4.476320437574916,4.446306502240388,4.426025928820204,4.412323840368333,4.403074687697243,4.3968425284079995,4.392655804076338,4.389857578449779,4.388005481091463,4.386804620450014,4.386062714492263,4.385660527498875,4.385533300347337
4.385766531365808,4.385894362477855,4.3862983414567775,4.387043172027306,4.3882479908728635,4.390104934293331,4.392908683896254,4.397101335314402,4.40333946571405,4.412594181182389,4.426300868989232,4.44658440489611,4.476598857113074,4.521039452367451,4.586908739954572,4.68464468567128,4.829731117311592,5.044868376485923,5.362577205061951,5.827490792690453,6.496013959372049,7.427452839543204,8.65371445472575,10.105066841977273,11.476211417946741,12.1543550708713,12.15435507086471,11.476211418392232,10.105066842144742,8.653714454831057,7.427452839588257,6.4960139597074855,5.827490792856959,5.362577204781864,5.044868376042195,4.8297311169209145,4.684644685728423,4.586908740281859,4.521039452424761,4.476598856919513,4.446584404437297,4.426300868805449,4.412594180644939,4.403339465740612,4.397101335621703,4.392908683737602,4.3901049344198695,4.388247990644631,4.387043171458283,4.386298341322449,4.385894363548188,4.385766530243823
4.386018822438532,4.386147626424523,4.386554500181484,4.387304078545535,4.38851537648971,4.390380344794708,4.393193406728058,4.397396312603936,4.403645196702612,4.412910613850796,4.426627282645058,4.446919282924173,4.476939749245482,4.5213828189833905,4.587249769075474,4.68497706219458,4.830046725830913,5.045156915814136,5.362825721640063,5.8276832059622246,6.4961308545949965,7.427472212022923,8.653614921305646,10.104836046154135,11.475862628437016,12.15394599613372,12.15394599589478,11.475862628302666,10.10483604628927,8.65361492113379,7.427472212233468,6.496130855251452,5.82768320623766,5.362825721234222,5.045156915073726,4.830046725417479,4.684977062536839,4.587249769334701,4.5213828191615555,4.476939749219169,4.446919282813366,4.4266272825569954,4.412910613685474,4.403645196545877,4.397396311788897,4.393193406704679,4.3903803446833995,4.3885153761855085,4.38730407882749,4.386554500423181,4.386147626312019,4.386018822699251
4.386295721954474,4.386426041523406,4.38683743123322,4.387594438835175,4.388815923509449,4.390693598245239,4.393521554640153,4.397741099491809,4.404007802078551,4.413291519243902,4.427026134548451,4.4473347517874755,4.477369387938986,4.5218229132919525,4.587695168603855,4.685420976371389,4.830480458227148,5.045569515776236,5.363203554137087,5.828009514956985,6.496385583126768,7.427632767099703,8.653659381989108,10.104751527514834,11.475661777716274,12.153685671880453,12.153685671705224,11.475661777519178,10.104751527460506,8.653659381304317,7.4276327671179825,6.496385583264895,5.828009514973018,5.363203554254337,5.045569515753535,4.830480458414179,4.685420976532527,4.5876951685337435,4.521822913542746,4.477369387617705,4.447334751782025,4.427026134665746,4.4132915194968305,4.404007801561234,4.397741099347014,4.393521554044745,4.390693597671961,4.388815923442609,4.387594438672787,4.386837431293336,4.386426041766177,4.38629572310702
4.386604918469857,4.3867375386281795,4.387155792542499,4.387924115394088,4.3891611623438695,4.391058337792069,4.393909295856441,4.3981547617317185,4.404449562114883,4.413762642810783,4.427526809210369,4.447863927827051,4.4779246277140405,4.522400251447659,4.5882889662667194,4.686023753445658,4.831082674412551,5.046159276423241,5.3637662341736165,5.82852737343182,6.49683762530564,7.427995534981949,8.653910157026898,10.104876641271739,11.475672964137454,12.153638565936264,12.153638566062753,11.475672964606696,10.104876641039368,8.653910156315359,7.42799553444883,6.496837624858939,5.828527373563858,5.363766234767528,5.046159276505238,4.8310826746406805,4.6860237533851254,4.588288966709628,4.522400251470782,4.477924627868932,4.447863927685968,4.427526809191055,4.413762642867753,4.404449562183558,4.398154761843764,4.393909295295434,4.391058337084413,4.389161161567871,4.387924115550002,4.387155792354312,4.386737538770234,4.386604919010391
4.3869568338252325,4.387092874202393,4.387521342860213,4.388306526962121,4.389566815733969,4.391493204491761,4.394378765915958,4.3986634460664895,4.405001075699737,4.414359385334758,4.428169751230201,4.448552421599405,4.4786562487315935,4.52317066713113,4.589091826875628,4.686850576662085,4.831922697121366,5.046999236844417,5.364590074660768,5.829315925199725,6.497568530799671,7.428644072937313,8.65445244292337,10.105297864551158,11.475983564668683,12.153892498404568,12.153892498496816,11.475983564639202,10.105297864095586,8.654452443139855,7.428644072656824,6.497568530439554,5.82931592519747,5.364590074540577,5.046999237195153,4.831922697172594,4.686850576391643,4.589091827481996,4.523170668019895,4.47865624919771,4.448552421457866,4.42816975110237,4.414359384812255,4.405001076082828,4.39866344584295,4.394378765728181,4.3914932037643055,4.3895668158790135,4.388306526699665,4.387521342758152,4.387092873656715,4.386956834527163
4.387365273760203,4.387506307367029,4.38794969696919,4.388759537108115,4.390053870164036,4.392023147533712,4.394959662587614,4.399302308906705,4.405703566852137,4.4151295160297055,4.429009604291329,4.4494619147498895,4.479632960221907,4.524209722734482,4.590185840530113,4.687989617457482,4.8330942404793324,5.0481880580071286,5.365778061591144,5.830481865139539,6.498688112834609,7.429690761243833,8.655400677568254,10.106131210149773,11.47671067575936,12.154565099960227,12.154565099995951,11.476710675135523,10.106131209760546,8.655400677921081,7.42969076134795,6.498688112778443,5.830481865214491,5.365778061596007,5.048188058691881,4.833094240100626,4.687989617897304,4.590185840655876,4.524209723126798,4.479632960519512,4.449461915538464,4.429009603745847,4.415129515927982,4.405703566763085,4.399302309264718,4.3949596617041795,4.392023147329412,4.3900538702436345,4.388759537382017,4.387949696915847,4.387506307582524,4.387365273281541
4.387848087883339,4.387996289339996,4.388461105177868,4.389306385732442,4.390649720730036,4.392680845110493,4.395691009730104,4.400117680944084,4.406611497111241,4.416136277806729,4.430118830986072,4.450674298075761,4.480946048046336,4.525617836203971,4.591680089711125,4.6895579869956805,4.834721688475845,5.049856569462981,5.367466617592712,5.832166369811646,6.500341503146686,7.431283948427954,8.656905747330903,10.107529476263199,11.478008390882133,12.155811100249675,12.155811100524149,11.47800839048553,10.107529476360547,8.656905747596317,7.431283948635789,6.500341503476583,5.83216636963658,5.367466618309039,5.049856569740758,4.834721689193687,4.689557986936664,4.59168008940154,4.525617836183307,4.480946048962746,4.450674297711879,4.430118830822012,4.416136278367181,4.406611497793229,4.400117679939609,4.395691009588126,4.392680844800802,4.390649720581126,4.389306386309534,4.38846110538347,4.387996289559179,4.38784808785997
4.388427762339813,4.388586087382676,4.3890811776664895,4.389976579126321,4.391389304934271,4.393508157787098,4.396623002294014,4.401169379805506,4.407795412425952,4.4174618124961045,4.431591750568039,4.4522963247486125,4.482714625297357,4.527526082815278,4.593716934478389,4.691708430717614,4.836967120527809,5.052175051435039,5.369833074091472,5.83455270374098,6.502716851631674,7.433615709835489,8.659162787429171,10.109690066990472,11.480075630036454,12.15783016006129,12.157830159740968,11.480075630045114,10.109690067981884,8.659162788298278,7.433615710420802,6.502716851591793,5.83455270357405,5.369833074579596,5.052175051894912,4.836967121103482,4.691708430610422,4.593716934558664,4.5275260830834885,4.482714625016017,4.452296324741479,4.4315917513097505,4.417461812534076,4.407795412072067,4.401169379949055,4.396623002071939,4.393508157672118,4.391389304937813,4.389976578904318,4.389081178302061,4.388586087503121,4.388427763004761
4.389131836890591,4.389304236643744,4.389841440643067,4.39080662887011,4.39231610378468,4.394557480481783,4.397818807898266,4.402533050584055,4.409344908071419,4.419210818644039,4.433548923488747,4.454464725838813,4.485091432065441,4.53010260758454,4.596478937710113,4.6946366545656515,4.8400379278685195,5.055361043789929,5.373103591827581,5.837874195880124,6.506053319874744,7.436929836453711,8.662419149488558,10.112862938616614,11.483164066495261,12.160874788573798,12.160874788373977,11.483164067209865,10.112862939194251,8.662419150093763,7.436929837136298,6.506053320317139,5.837874196647788,5.37310359176432,5.055361044055384,4.840037927846363,4.694636655256043,4.5964789379963165,4.530102607317427,4.485091431870044,4.454464726454764,4.433548923052561,4.419210818854733,4.409344908042804,4.402533050630056,4.397818807654372,4.394557480662479,4.392316103719603,4.3908066289560646,4.389841440786644,4.389304237245193,4.38913183729381
4.389993012729586,4.3901846837281475,4.3907795830563385,4.391840481222687,4.393482847310037,4.395892833057242,4.399356160386537,4.404302390600522,4.411371599272115,4.421514359662601,4.436141840949051,4.457351768305527,4.488269193937292,4.533559655041113,4.60019640556063,4.698589200501564,4.844194861508664,5.059687434881206,5.377561197810466,5.8424221692911145,6.510648875378833,7.441529495046899,8.66698194307784,10.117358046557463,11.487585512841562,12.165257699316303,12.165257699494207,11.48758551318284,10.117358046569255,8.666981943359769,7.441529495571496,6.510648876321862,5.842422170153019,5.377561198049618,5.059687434740706,4.844194861713157,4.69858920110192,4.600196405945684,4.533559655073634,4.488269194018146,4.457351767563522,4.436141841620742,4.421514359518464,4.411371599292954,4.404302389964771,4.399356160569912,4.3958928333861,4.393482847516555,4.391840481280546,4.3907795838383965,4.390184684023987,4.389993012854011
4.391048791683336,4.391266454268088,4.391939218729839,4.393129455797259,4.394951734958909,4.397590496873263,4.401328576043793,4.4065911202614165,4.41401201763062,4.424533815029345,4.439558000884013,4.4611714240360705,4.492487752525708,4.5381614381293325,4.605155715031623,4.70387194883832,4.849760461670499,5.065490630795107,5.383553585246929,5.848553326938588,6.516867281567795,7.44778386812293,8.673224394482707,10.12355149643841,11.49371793076896,12.171357748709955,12.171357748653472,11.493717930669513,10.123551496718303,8.67322439475902,7.447783868694529,6.516867282166047,5.848553327243392,5.3835535853538445,5.0654906307805305,4.849760462101111,4.703871949676786,4.605155715490812,4.538161437768916,4.492487752112818,4.4611714249782635,4.439558000763549,4.424533815062642,4.414012016988926,4.406591120280058,4.401328575827955,4.397590496794794,4.394951735558998,4.3931294563563,4.391939218945412,4.3912664550741916,4.391048792356779
4.392340467169481,4.392592665029203,4.3933689763151484,4.394731491032341,4.39679396346193,4.39973900489087,4.403846033867894,4.409534620689713,4.417430473554511,4.4284651871487135,4.4440267600706305,4.466186709855065,4.498042643388537,4.544233553223173,4.611709076191116,4.71085973693943,4.8571281262668435,5.0731788046146455,5.391500421089211,5.856696124621321,6.525143627272366,7.45613298138734,8.681590125713159,10.131889424838565,11.502009058943939,12.179623443347001,12.179623443455075,11.502009059161892,10.131889424716142,8.681590125818927,7.456132981819958,6.525143627717697,5.856696124747685,5.391500421272863,5.073178804453561,4.857128127079834,4.710859737164497,4.611709076098218,4.544233553447254,4.498042643759563,4.466186709606785,4.444026760449982,4.428465187314093,4.417430473626006,4.409534619947514,4.403846033443164,4.399739005587875,4.396793963344531,4.394731491425076,4.393368977031717,4.392592665667404,4.3923404675887765
4.393911294697337,4.394208704054272,4.395120722527528,4.396709497395049,4.3990883630034325,4.402438309622353,4.407035026201877,4.413291297597217,4.421822185727282,4.433544376836263,4.449826944398267,4.472719524831746,4.505296715277971,4.552175634260974,4.620287318536729,4.720008405801779,4.866772734671266,5.083240699020395,5.401900207219462,5.867355798743267,6.5359877676014495,7.4670898666473535,8.692594356988794,10.14288853255709,11.512976529331691,12.190572853657777,12.190572853497272,11.512976529141937,10.142888532988076,8.692594356594833,7.467089866543379,6.5359877677391385,5.867355799060516,5.401900207288714,5.083240699962948,4.8667727344317795,4.720008405582988,4.620287318792202,4.552175634908405,4.505296715011218,4.472719524494615,4.449826944683482,4.433544376818079,4.421822185501545,4.413291297758483,4.407035026830251,4.402438309204429,4.39908836359757,4.396709497590907,4.395120722658283,4.3942087038376,4.393911295829077
4.395803691526741,4.3961594258642736,4.3972467596817255,4.399128635445282,4.401918962852655,4.405798004039006,4.411037994976345,4.418043953609349,4.427417391249794,4.440054737894062,4.457298236383076,4.481165708509246,4.514698034577383,4.562480707190602,4.631419012084363,4.7318720989099985,4.879264948807192,5.096256312895269,5.415337284751316,5.881118018689813,6.549985181110099,7.481239251562113,8.706821019149322,10.157132126256545,11.5272032493729,12.204788690116928,12.204788690231297,11.527203249745451,10.15713212582829,8.706821019217234,7.481239251473659,6.5499851809852965,5.881118018379539,5.41533728505928,5.096256313579742,4.879264948670232,4.73187209872821,4.631419012365442,4.562480706916614,4.514698034530682,4.4811657087996375,4.457298235774779,4.440054738096756,4.427417391579484,4.418043953885401,4.411037994969467,4.4057980046552245,4.401918962928513,4.399128635666099,4.39724675989373,4.396159426315861,4.3958036913547724
4.398055389554717,4.398485265816284,4.399795871101574,4.402052372681249,4.405371337730108,4.409934520512811,4.416012283003537,4.424001737026732,4.434487742443586,4.448339285818641,4.466860013979364,4.492020313066688,4.526810104226331,4.575767731976989,4.6457621636877535,4.747131172787384,4.8952932732368835,5.1129121854746575,5.432490448461859,5.898651643261217,6.567795011137594,7.499232065579091,8.724914772459007,10.17526050109629,11.545326819697781,12.222907271417004,12.222907271543216,11.545326819253548,10.175260501092643,8.724914772954829,7.499232064949408,6.567795011113811,5.898651643531557,5.432490449015148,5.1129121846983345,4.895293273234426,4.747131172488948,4.645762163462153,4.57576773200117,4.526810104415582,4.492020312582515,4.466860014598323,4.44833928620257,4.434487742398432,4.424001736841836,4.416012283537735,4.4099345204734055,4.405371337672607,4.402052373595714,4.399795871629672,4.398485265742325,4.398055388661651
4.4006945271227735,4.40121725474726,4.402808155066175,4.40553720728518,4.409527590590399,4.414967214689938,4.422128774006456,4.431403462031953,4.443356939826445,4.45882127747046,4.479043651440261,4.505921528964977,4.542364794668785,4.592838623135157,4.66415933300691,4.76663998259041,4.915700904914992,5.134025972377462,5.454145831592061,5.92071168300507,6.590145330285805,7.521775154143559,8.747566971367263,10.197954534466136,11.568021757964031,12.2456001310931,12.245600131492855,11.568021757365655,10.197954534534983,8.747566970828842,7.521775154605683,6.59014533061255,5.920711683499645,5.45414583077756,5.1340259724855395,4.915700904205383,4.766639982497459,4.664159332696093,4.592838623383262,4.542364794470997,4.505921529228526,4.479043651127228,4.4588212774458915,4.4433569403049455,4.431403462621448,4.422128774056006,4.414967214385908,4.409527591192012,4.405537208219941,4.402808155025491,4.40121725420548,4.400694524795184
4.40373379647457,4.404371023623345,4.406308665564058,4.409625950771731,4.414459741015128,4.4210130485331325,4.42957012490217,4.44052291624725,4.454417795122435,4.47203808083023,4.494547003339608,4.523726231990577,4.562354473303019,4.614777860937684,4.687733524634535,4.7915091338626725,4.941548180893561,5.1605873095442725,5.48121789187234,5.9481440527544,6.6178258072351195,7.549615607656336,8.775494601701224,10.225911358190698,11.595973368672,12.273547098472793,12.273547097748807,11.595973369225286,10.225911357300873,8.775494601747553,7.549615607958299,6.617825807539993,5.94814405304358,5.481217892141151,5.160587308646359,4.941548181019483,4.791509133365946,4.687733524695109,4.614777860699996,4.562354473284961,4.523726231914064,4.4945470031028805,4.472038080469419,4.4544177949285375,4.44052291697286,4.42957012571297,4.421013049530053,4.41445974139879,4.409625950359202,4.406308665702466,4.404371021729993,4.403733794657164
4.407163917847676,4.407940020530948,4.410299944766788,4.414339421737915,4.420221015147846,4.428178989784536,4.438527494552645,4.451675468374746,4.4681567160190765,4.488692922887398,4.514321339620488,4.546634272705079,4.588186408509689,4.643120544943351,4.7180494216680975,4.823242248243492,4.974214716977088,5.193823421931558,5.514782629971835,5.981893421637702,6.651677526146409,7.583518747764917,8.809411024655923,10.259810953345543,11.629842160854382,12.307399785697433,12.307399785534875,11.629842160948547,10.259810953660736,8.809411024288353,7.583518747733994,6.651677526518906,5.9818934221812565,5.514782630170065,5.193823422092452,4.974214716161621,4.823242248041162,4.718049421347219,4.643120544533595,4.588186408625475,4.546634272322603,4.51432133956157,4.488692922545613,4.468156716276344,4.451675469132674,4.438527495557105,4.42817898959886,4.420221015623353,4.414339421768614,4.4102999433485595,4.407940019015579,4.407163917271934
4.410946883635751,4.411888328735982,4.4147536178705264,4.419666278651402,4.426834009416587,4.43654998613457,4.449192333886708,4.4652215826667625,4.485181656044266,4.509723777642372,4.539696894784201,4.576377317412152,4.621924195950043,4.680117773170528,4.757366863321386,4.863947724419482,5.015553901783189,5.235295379110204,5.556124345233479,6.023013025943535,6.692577943009083,7.624237751533591,8.849986839155383,10.300272362805568,11.670217790188921,12.347734645477601,12.347734646338354,11.670217790475903,10.300272362733358,8.849986838956182,7.6242377525168346,6.69257794288503,6.023013025549396,5.556124345828414,5.235295379390545,5.0155539017430675,4.863947723970659,4.757366862598795,4.680117772786532,4.621924195292311,4.576377317983159,4.539696894828618,4.509723777783009,4.485181656418899,4.465221583360654,4.449192333557244,4.436549987127475,4.426834008564381,4.419666277350731,4.414753616369414,4.4118883290178985,4.410946886175686
4.415009664336229,4.41614369151094,4.419601362545211,4.425550602227116,4.434273970962859,4.446168350956865,4.461735411815986,4.481554809076533,4.506236857033665,4.536371311776356,4.5725329344790255,4.6154675972725885,4.666621797817547,4.729109258199402,4.808994189412527,4.91662712120913,5.068095410175532,5.287016996575506,5.606786935911256,6.072668393909761,6.741414758522951,7.672470621892633,8.897798187927295,10.347797985293212,11.71756172006444,12.39499507426083,12.394995074029783,11.717561719654832,10.347797985558685,8.897798188983392,7.672470621414442,6.741414758855293,6.072668394034888,5.606786936463816,5.287016996270824,5.068095410418636,4.916627121073574,4.808994188933128,4.729109257478437,4.666621798109329,4.615467597317863,4.5725329347574935,4.5363713121177565,4.506236857583087,4.481554808926085,4.461735412456219,4.446168350162045,4.434273970292809,4.425550600607759,4.419601362750535,4.416143693473559,4.415009664299312
4.419239379291093,4.420591678147203,4.424725881014526,4.431877000859835,4.442444889218556,4.45699798332176,4.476258781207914,4.501047862312313,4.532162035491318,4.570186841603581,4.615321383563203,4.66743248430505,4.72667821491488,4.794929816717432,4.877667841047601,4.98547118472375,5.135236659006881,5.351550012415161,5.668596121504996,6.132112369190093,6.799034652500028,7.728796527390594,8.95325847839742,10.402704305583196,11.772138207964565,12.449422748396604,12.449422748444553,11.772138208140076,10.402704306439599,8.953258478308904,7.728796527513336,6.79903465300038,6.132112369991568,5.668596120626632,5.3515500131289855,5.135236659290978,4.985471184244282,4.877667840682874,4.794929816832761,4.7266782144651005,4.667432484624288,4.6153213841838765,4.5701868422926095,4.532162035632891,4.50104786184523,4.476258780591885,4.456997983452384,4.442444888528107,4.431877000739061,4.424725881450888,4.420591678329659,4.419239377055996
4.423481338846995,4.425072417500071,4.4299532114960085,4.4384539157713885,4.451146802895683,4.46886590323426,4.492700307987969,4.5239123507034,4.563712845160878,4.61284461894364,4.671050555919421,4.7367922686102935,4.8079361228867326,4.884047168002599,4.969665453071739,5.07591603683179,5.221237894161988,5.431949562036433,5.74357331019974,6.2025849417508665,6.86614164136546,7.793579135200679,9.016528455301765,10.465037875392207,11.833934336907816,12.51097967172472,12.510979671552157,11.833934338175322,10.465037875641823,9.016528456445403,7.7935791356918,6.866141641410666,6.202584941763439,5.743573311134912,5.4319495618262605,5.22123789384716,5.075916036799126,4.969665452343366,4.884047167478362,4.80793612344049,4.736792269259934,4.6710505563857465,4.612844619488213,4.563712844520699,4.523912350420536,4.492700307990765,4.468865902772092,4.451146803000703,4.43845391577457,4.429953211554325,4.425072415333328,4.423481341017819
4.427541807553256,4.429381953519476,4.435048992161906,4.444998229035346,4.460036655667273,4.481378416423398,4.510672661299334,4.549917834139704,4.601117771597287,4.6655187533639335,4.742436340144758,4.8282301040421265,4.916850154760631,5.003663651539876,5.091922528859365,5.19387714147047,5.330619635401611,5.531312421391592,5.833600858739162,6.285064383286078,6.943109983650892,7.866822564283813,9.087400664513458,10.534477435011354,11.902572074967338,12.5792646206193,12.579264621294332,11.902572074774055,10.534477436309329,9.087400664855208,7.8668225650795796,6.94310998423086,6.285064383386127,5.833600858620077,5.531312422037883,5.330619635569713,5.193877140670622,5.091922528357268,5.003663651583365,4.916850155534873,4.828230104196614,4.742436340611807,4.66551875296884,4.601117771833417,4.549917834093996,4.510672660948054,4.4813784163646035,4.4600366555385556,4.444998229039867,4.4350489904769015,4.42938195491319,4.427541807801528
4.431197576126635,4.433280862590827,4.439723060927687,4.4511286858676,4.468594364117327,4.493826424486243,4.529245395418069,4.577947128053255,4.643261109226839,4.727536388960405,4.829952942755977,4.944071116346244,5.057625325947709,5.158468778923312,5.248912442539294,5.343220076011882,5.466362820357474,5.651591496905257,5.939668074662932,6.3797921564824875,7.029682034898099,7.947972923229384,9.165160795002906,10.6102281714856,11.977219348133781,12.653431226037691,12.653431225987235,11.977219348515986,10.610228171320095,9.165160795848289,7.947972923408864,7.029682034576079,6.379792156909835,5.939668075415138,5.651591497359266,5.466362820006492,5.343220076103429,5.248912443011982,5.158468779656944,5.057625325792563,4.944071116679002,4.82995294210279,4.727536389234298,4.643261109632192,4.577947128310311,4.529245394609988,4.493826423336108,4.468594363809142,4.451128686160114,4.4397230614593814,4.433280862671741,4.43119757659982
4.434214031286041,4.436512724373526,4.44364817426621,4.4563809273522725,4.476120305231827,4.5051285080916,4.546749127880044,4.605491463406872,4.6865750411046765,4.794257761432612,4.928329154220403,5.079455469981813,5.226906292582717,5.344350757190521,5.436553331085414,5.520922670862578,5.626598436599342,5.791530493447873,6.060647796904909,6.485568511184948,7.12456652345733,8.035685034264178,9.248443921182647,10.690923275969224,12.056513090715761,12.732119464167424,12.73211946335423,12.05651309050525,10.690923275960364,9.248443921567226,8.035685034098469,7.124566523763859,6.485568511035299,6.060647797205756,5.791530493665085,5.6265984372688305,5.520922671394555,5.436553331746094,5.344350756805746,5.226906293042417,5.079455469828236,4.928329154550298,4.794257761637518,4.686575041418293,4.605491462623834,4.546749126425846,4.505128507410338,4.476120306360261,4.4563809272521615,4.443648174748132,4.436512725147111,4.43421403181931
4.4363717412638275,4.4388334113610055,4.4464975953025805,4.4602588122665034,4.481802382224289,4.5139009160906065,4.560790678391607,4.628443771525414,4.72423195744301,4.854998603081794,5.022448876218514,5.216557146557404,5.410572697486591,5.543491767388557,5.636662831164846,5.712270828376241,5.801124518820809,5.944427520740371,6.191979876624301,6.599027342901251,7.22505725140292,8.12762485201195,9.335128166688216,10.77456011835904,12.138513877412114,12.81341704465018,12.813417044980463,12.138513876836246,10.774560119498833,9.335128165998267,8.127624852457519,7.225057251090818,6.599027343187312,6.191979876395246,5.944427521754648,5.80112451967451,5.712270828415385,5.636662830745198,5.543491768388157,5.41057269687224,5.216557145958827,5.022448876029873,4.854998604095662,4.72423195705094,4.6284437702232495,4.5607906780440794,4.513900917947202,4.481802381327197,4.460258813017381,4.4464975961908975,4.4388334120973445,4.436371742190214
4.437498315720104,4.440048214244613,4.448000205602681,4.462327435171713,4.48488045178611,4.518746541462235,4.568735134699016,4.641813133884749,4.746954347431639,4.893311423749058,5.085695308550386,5.320491519217766,5.599456079098846,5.734338431346572,5.823011182391634,5.893508237405854,5.97187264115049,6.097806829482757,6.325287729150072,6.714400135886501,7.3269264725038905,8.220434748833204,9.422331145217207,10.85850747832246,12.220715867992682,12.894869712060563,12.894869711813634,12.220715869130922,10.858507477617882,9.422331145904348,8.220434748767255,7.326926472456034,6.714400135987514,6.325287730209811,6.097806829237287,5.971872641561757,5.893508238253454,5.823011182377406,5.734338429844645,5.5994560782580045,5.320491518956292,5.0856953099519595,4.893311422402572,4.746954345348659,4.64181313494873,4.568735138131477,4.518746540517915,4.484880452245961,4.462327435327349,4.448000207087558,4.44004821523541,4.4374983166189566
0.0,0.0,0.0,0.0,0.0,0.0,0.0,0.0,0.0,0.0,0.0,0.0,5.855576096863376,5.91325785764363,5.9796877447500325,6.045239475967499,6.120411922010033,6.2370532331988695,6.45010063611905,6.824372854543505,7.424880287809538,8.309992351575339,9.50656955649265,10.939615109191093,12.300132271305285,12.97355699767538,12.973556998858296,12.30013227136577,10.93961510898254,9.506569556317173,8.309992351605537,7.424880288702457,6.824372854740011,6.450100636247686,6.237053233589928,6.120411922065481,6.045239475028965,5.979687743598849,5.913257857196428,5.855576097662617,0.0,0.0,0.0,0.0,0.0,0.0,0.0,0.0,0.0,0.0,0.0,0.0
0.0,0.0,0.0,0.0,0.0,0.0,0.0,0.0,0.0,0.0,0.0,0.0,6.010878001715196,6.04491779946188,6.097975212852009,6.160525809155133,6.236950140524788,6.351800699062057,6.557602758962025,6.922093724390857,7.513601719866074,8.391966274981668,9.584081514189478,11.014428206135854,12.373462049106934,13.046240950474608,13.046240950263302,12.373462048875236,11.014428206397746,9.584081513287476,8.39196627554744,7.5136017205260375,6.922093724968317,6.557602758513929,6.35180069827089,6.2369501388112605,6.160525809123929,6.097975212820168,6.0449178008550986,6.010878000686411,0.0,0.0,0.0,0.0,0.0,0.0,0.0,0.0,0.0,0.0,0.0,0.0
0.0,0.0,0.0,0.0,0.0,0.0,0.0,0.0,0.0,0.0,0.0,0.0,6.114165821334775,6.140054988176244,6.1864137867925555,6.246924313211044,6.32485414611877,6.44075035428742,6.643989608923981,7.003122465599605,7.588821696647482,8.46242414213075,9.6512096644167,11.079466287366687,12.437322852855905,13.10958181811917,13.109581817656245,12.437322853223677,11.07946628615064,9.651209664792708,8.46242414226213,7.588821696981372,7.003122465655308,6.643989608026981,6.440750352226417,6.324854145835831,6.246924313435946,6.186413789116615,6.140054986970343,6.1141658214413415,0.0,0.0,0.0,0.0,0.0,0.0,0.0,0.0,0.0,0.0,0.0,0.0
0.0,0.0,0.0,0.0,0.0,0.0,0.0,0.0,0.0,0.0,0.0,0.0,6.184462357607464,6.207186004816494,6.2502844464811025,6.309532877933864,6.388429399789297,6.505749425015358,6.708544268789765,7.065154472957669,7.647536232749329,8.51814361496653,9.704704944734376,11.131507163427482,12.488521489222405,13.160402403278724,13.160402403367799,12.488521488183451,11.131507164297012,9.704704945002014,8.518143614663675,7.647536231954196,7.065154472018932,6.708544267147703,6.505749425539622,6.388429400268091,6.309532879093621,6.250284446058826,6.207186005247402,6.184462356775395,0.0,0.0,0.0,0.0,0.0,0.0,0.0,0.0,0.0,0.0,0.0,0.0
0.0,0.0,0.0,0.0,0.0,0.0,0.0,0.0,0.0,0.0,0.0,0.0,6.229157988982025,6.250555899606995,6.292096896916388,6.350647466588849,6.430072430345188,6.548438656506576,6.751448646433403,7.107034632046639,7.687736413720981,8.556679432208885,9.741933434864492,11.16784759710138,12.524334110350159,13.19597448425837,13.195974484980677,12.524334111263602,11.167847597174534,9.74193343471278,8.556679431108622,7.68773641203497,7.107034630749824,6.751448647817791,6.548438657129739,6.430072430132028,6.3506474670260875,6.292096897957054,6.2505558999956055,6.2291579886157855,0.0,0.0,0.0,0.0,0.0,0.0,0.0,0.0,0.0,0.0,0.0,0.0
0.0,0.0,0.0,0.0,0.0,0.0,0.0,0.0,0.0,0.0,0.0,0.0,6.251046942771303,6.271940889968975,6.312848969086867,6.371094575699461,6.45075159675057,6.569643319284245,6.772877039677714,7.1281297326285005,7.708151847657654,8.576370803211393,9.761031936445855,11.186532010186959,12.54276772358413,13.214292538884608,13.214292538218977,12.542767723680955,11.186532009232604,9.76103193537399,8.576370802805924,7.708151847775638,7.128129733259987,6.77287703986702,6.569643318697628,6.450751598131027,6.371094576295565,6.312848969923162,6.271940890572835,6.251046943155751,0.0,0.0,0.0,0.0,0.0,0.0,0.0,0.0,0.0,0.0,0.0,0.0
0.0,0.0,0.0,0.0,0.0,0.0,0.0,0.0,0.0,0.0,0.0,0.0,6.251046942923015,6.271940890104756,6.312848968929002,6.371094576170019,6.450751595858136,6.569643320375922,6.772877039083732,7.128129732511081,7.708151846977869,8.57637080331695,9.761031936554131,11.186532010365395,12.542767724759816,13.21429253748865,13.214292536682876,12.542767722623868,11.186532010434414,9.761031936000467,8.576370804196133,7.708151848303127,7.128129733034586,6.772877038127902,6.569643322034708,6.450751596755621,6.37109457656455,6.312848969408764,6.271940890272576,6.251046941891125,0.0,0.0,0.0,0.0,0.0,0.0,0.0,0.0,0.0,0.0,0.0,0.0
0.0,0.0,0.0,0.0,0.0,0.0,0.0,0.0,0.0,0.0,0.0,0.0,6.229157987778652,6.250555899578651,6.292096897556291,6.350647466281017,6.430072430278238,6.548438656304514,6.751448646802759,7.107034630950292,7.68773641302544,8.556679432727822,9.741933434661222,11.16784759673837,12.524334109900416,13.19597448367261,13.195974484251803,12.524334110993603,11.167847596305936,9.741933436225102,8.556679432907185,7.687736413663213,7.107034631331269,6.751448648790364,6.548438656213757,6.430072431103785,6.350647466741746,6.292096897296488,6.250555898687211,6.229157988319612,0.0,0.0,0.0,0.0,0.0,0.0,0.0,0.0,0.0,0.0,0.0,0.0
0.0,0.0,0.0,0.0,0.0,0.0,0.0,0.0,0.0,0.0,0.0,0.0,6.184462357035697,6.207186004522255,6.2502844467050895,6.309532876953301,6.388429399979145,6.5057494246011895,6.708544268506369,7.065154472725045,7.647536232775423,8.518143613836227,9.704704944470222,11.131507163166962,12.488521488382744,13.160402403707625,13.16040240338447,12.488521488764345,11.13150716522452,9.704704944810734,8.518143614751981,7.647536232983273,7.065154474344546,6.708544268626717,6.505749425391513,6.388429399709268,6.309532878081982,6.250284446049191,6.207186004561075,6.184462356577618,0.0,0.0,0.0,0.0,0.0,0.0,0.0,0.0,0.0,0.0,0.0,0.0
0.0,0.0,0.0,0.0,0.0,0.0,0.0,0.0,0.0,0.0,0.0,0.0,6.1141658208861,6.140054987805279,6.186413786166852,6.246924313315331,6.324854145021701,6.440750353977754,6.64398960824017,7.003122466138216,7.588821696432222,8.462424141931342,9.651209663860765,11.07946628719869,12.437322853669784,13.109581817625136,13.109581818228747,12.437322854056031,11.079466286931645,9.651209664590754,8.462424142679701,7.588821697075141,7.003122465865754,6.643989608611899,6.440750354333548,6.324854145700973,6.246924313579195,6.186413786803298,6.140054986969844,6.114165820721588,0.0,0.0,0.0,0.0,0.0,0.0,0.0,0.0,0.0,0.0,0.0,0.0
0.0,0.0,0.0,0.0,0.0,0.0,0.0,0.0,0.0,0.0,0.0,0.0,6.010878001430789,6.044917798536348,6.097975212018853,6.160525808766715,6.236950140883407,6.351800698333726,6.557602758879938,6.922093724622728,7.513601719850478,8.391966275422638,9.584081514562833,11.01442820662375,12.373462048628259,13.046240950468583,13.046240950658026,12.37346204933183,11.014428206312708,9.584081514561792,8.39196627484933,7.513601720308845,6.9220937241081195,6.557602758823795,6.351800698439016,6.2369501412800785,6.160525809212148,6.097975211712981,6.044917798979243,6.01087800105192,0.0,0.0,0.0,0.0,0.0,0.0,0.0,0.0,0.0,0.0,0.0,0.0
0.0,0.0,0.0,0.0,0.0,0.0,0.0,0.0,0.0,0.0,0.0,0.0,5.855576096350338,5.9132578562759175,5.979687744462113,6.0452394768070965,6.120411921405555,6.237053233345265,6.450100636201225,6.824372854159813,7.424880289766769,8.309992352174513,9.506569555897908,10.939615108502965,12.300132271914205,12.973556998583868,12.973556998487435,12.300132270913789,10.939615109801476,9.506569555746735,8.309992352400903,7.424880287723401,6.824372853885205,6.450100635845165,6.237053233850216,6.12041192171685,6.0452394755414725,5.9796877443318746,5.913257857263564,5.855576095914477,0.0,0.0,0.0,0.0,0.0,0.0,0.0,0.0,0.0,0.0,0.0,0.0
4.437498315970627,4.440048214734629,4.448000206767139,4.46232743520606,4.4848804521484436,4.518746540755764,4.568735137960414,4.641813134363543,4.746954347449192,4.893311422984376,5.085695309907661,5.320491518858997,5.599456077971583,5.734338431015535,5.82301118225753,5.893508236887814,5.971872641283731,6.097806830169246,6.325287730080968,6.714400137006112,7.326926471902015,8.220434748322598,9.422331145805035,10.858507478630827,12.220715868631999,12.894869712096524,12.894869711418929,12.220715869138314,10.858507476847539,9.42233114678919,8.220434748278954,7.326926472005709,6.71440013581757,6.325287729630658,6.0978068285135265,5.971872641986716,5.8935082370780965,5.823011182106107,5.734338430133151,5.599456079189964,5.320491519635504,5.085695308419571,4.893311423346812,4.746954347566891,4.641813134424693,4.568735135286735,4.518746541609398,4.484880451410075,4.462327434856329,4.448000205998571,4.440048214446926,4.437498315785011
4.436371741624052,4.438833411743686,4.4464975957845025,4.460258812785785,4.481802381834735,4.513900917968158,4.560790678509733,4.628443771197514,4.724231957850236,4.854998604430524,5.02244887675293,5.216557145567208,5.410572696781714,5.543491766655668,5.636662830065005,5.71227082863578,5.801124521083047,5.944427521471511,6.191979876545727,6.599027342492699,7.225057251152012,8.127624852583697,9.335128166918494,10.774560118933932,12.138513876265728,12.813417044784595,12.81341704586619,12.138513875690387,10.77456012004984,9.335128165932712,8.127624852081484,7.22505725138419,6.599027343054337,6.19197987541848,5.944427522253015,5.801124518771347,5.712270827791723,5.636662830254432,5.543491767565574,5.41057269759335,5.216557146263322,5.022448876096985,4.854998603368704,4.724231957899169,4.628443771800614,4.5607906782220855,4.513900915674694,4.481802382039926,4.460258812487464,4.446497595607808,4.438833411339769,4.436371741329354
4.434214031115002,4.436512724797787,4.443648174726117,4.456380928067798,4.476120306493019,4.505128508267054,4.546749126577622,4.605491464119178,4.686575042115894,4.794257762435403,4.928329153214429,5.0794554691389875,5.226906291509755,5.344350757041951,5.436553331724287,5.520922672159681,5.626598436774268,5.791530493725104,6.06064779698851,6.485568510937199,7.124566524011877,8.035685034907695,9.248443920928375,10.69092327502792,12.056513091091656,12.732119463730557,12.73211946310796,12.056513091674102,10.69092327589539,9.248443921342183,8.035685034425718,7.124566523012708,6.4855685105771705,6.060647797822062,5.791530493827069,5.626598435984124,5.520922670601273,5.4365533313497165,5.344350756946211,5.226906292184453,5.079455470061163,4.928329154514429,4.794257761567275,4.68657504099244,4.6054914629586365,4.546749127633218,4.505128508123327,4.47612030532962,4.456380927568924,4.443648174260644,4.436512724284532,4.434214031198028
4.431197576823887,4.433280862951419,4.4397230616917165,4.451128686474933,4.468594364765493,4.493826423725035,4.529245395953924,4.577947128956148,4.643261109913998,4.727536387450932,4.829952941863757,4.944071115596666,5.0576253261610535,5.158468779056545,5.248912443078505,5.343220075893707,5.466362820406045,5.651591497089311,5.939668074949357,6.3797921578218535,7.029682035120148,7.947972922330931,9.165160795301347,10.610228172496944,11.977219347736165,12.653431226326811,12.653431226099425,11.97721934862333,10.610228171459967,9.165160795178855,7.947972922647879,7.029682035085603,6.379792156497659,5.939668075263521,5.651591496650799,5.4663628208000175,5.343220076040002,5.248912442090899,5.158468778435242,5.057625325915274,4.944071116340196,4.8299529424873455,4.727536388556388,4.643261108774784,4.577947128074926,4.529245395579007,4.493826424526364,4.468594364235497,4.451128686121257,4.439723060745146,4.4332808625081,4.431197576494588
4.42754180832104,4.429381954592057,4.4350489914935896,4.444998229610618,4.460036656439628,4.481378416666662,4.5106726619072655,4.549917833589091,4.601117770565013,4.665518752833201,4.7424363396048905,4.828230104782836,4.916850154788445,5.003663651088905,5.091922528402951,5.193877140963377,5.330619635186537,5.531312421991292,5.833600859986521,6.285064383014175,6.943109983271647,7.866822565259726,9.08740066592461,10.53447743523042,11.902572076185717,12.579264620535367,12.579264621269767,11.902572074884471,10.534477435245027,9.087400664277004,7.866822564852182,6.943109983319764,6.28506438353415,5.833600858946304,5.531312422306989,5.330619634584323,5.193877141010725,5.091922528365179,5.003663651314451,4.916850154579839,4.82823010380392,4.742436339726514,4.665518753221648,4.601117771610844,4.549917834185205,4.510672661292996,4.481378416659823,4.460036656017255,4.4449982290583945,4.435048992161883,4.429381953671237,4.427541807739936
4.423481341136698,4.4250724164117115,4.429953211683641,4.438453916904472,4.451146802963556,4.468865903818033,4.492700306573108,4.523912349932112,4.563712844375062,4.612844619097099,4.671050557012279,4.736792268411925,4.8079361221777415,4.8840471678882835,4.969665452341847,5.075916036776425,5.221237894441796,5.431949562721265,5.743573309973546,6.20258494200706,6.866141641722198,7.793579136228067,9.016528455880616,10.465037876939984,11.833934337130279,12.5109796722059,12.510979671783433,11.833934337619766,10.465037875170044,9.016528456058658,7.793579134797616,6.8661416410043286,6.202584942105143,5.743573311062177,5.4319495608043376,5.221237893762514,5.075916036695455,4.9696654527337625,4.884047167805775,4.807936122805725,4.736792268313585,4.671050555916752,4.612844618794034,4.563712845168679,4.523912350843347,4.4927003081475805,4.468865903457528,4.451146803281491,4.438453915811024,4.429953211312643,4.425072417576849,4.423481338643279
4.419239377630055,4.420591678872174,4.424725882337581,4.431877000849652,4.442444888542883,4.456997981832926,4.476258781444635,4.501047861791185,4.532162035856655,4.570186842068599,4.615321383150754,4.667432483340102,4.726678215381901,4.794929816302696,4.877667841017575,4.985471185145625,5.135236659677517,5.351550012096327,5.66859612193476,6.132112369902764,6.799034653179763,7.72879652735802,8.95325847930087,10.40270430545726,11.772138208419019,12.449422749167733,12.449422749035062,11.772138207543634,10.402704306317379,8.953258478030827,7.728796526748156,6.799034652607971,6.132112369616098,5.668596120718232,5.351550012087222,5.135236659267367,4.98547118437124,4.877667840674078,4.794929816539199,4.726678214675091,4.667432484229885,4.615321383558756,4.570186841728457,4.532162035651395,4.501047862247135,4.476258781439925,4.45699798367965,4.442444889236609,4.431877000494508,4.4247258808860925,4.420591678057502,4.419239379188814
4.415009665491252,4.416143693021784,4.41960136267026,4.425550599790806,4.4342739702343605,4.44616835214134,4.461735411723058,4.481554809148426,4.506236856615015,4.536371311518626,4.572532934333576,4.615467598045292,4.666621796977947,4.729109258272019,4.80899418995561,4.916627121388323,5.068095409947152,5.287016997481174,5.606786936334969,6.072668393975607,6.7414147587612465,7.672470622440747,8.897798187812413,10.347797985783446,11.717561720978416,12.394995073741054,12.3949950738478,11.717561720689277,10.34779798515102,8.897798187353477,7.6724706215175225,6.741414758518745,6.072668393834504,5.606786935580031,5.287016996856003,5.068095409867146,4.916627120630127,4.808994189103854,4.729109257992248,4.666621797655859,4.615467597341979,4.572532934519768,4.5363713117237845,4.506236857093744,4.48155480919413,4.461735411956848,4.446168350938443,4.434273970562389,4.4255506019370285,4.419601362633121,4.416143691499276,4.415009664285908
4.4109468840497765,4.411888328929921,4.414753616197916,4.419666279091398,4.426834010045153,4.436549985618928,4.449192333858938,4.465221582679344,4.485181656485804,4.509723777625019,4.539696894895902,4.576377317157277,4.621924196390356,4.680117773567769,4.757366862775965,4.8639477240323545,5.015553902146749,5.235295379807786,5.5561243453814715,6.023013025635949,6.692577943501838,7.624237751375986,8.849986839458039,10.300272363601074,11.67021778965314,12.34773464617249,12.347734646163618,11.670217789772277,10.300272362451254,8.849986838578298,7.624237751287282,6.692577943046634,6.023013025528615,5.55612434536955,5.235295378973217,5.01555390122342,4.863947723958422,4.757366863038451,4.68011777294833,4.62192419588039,4.576377317270186,4.539696894593271,4.509723777762472,4.485181655973763,4.465221582650662,4.449192333737024,4.43654998603383,4.4268340092280765,4.419666278792651,4.41475361785237,4.411888328768299,4.410946883258996
4.407163917077984,4.407940019836179,4.410299945244395,4.414339422298457,4.420221014708483,4.428178989897596,4.438527495373478,4.451675469204937,4.468156715717621,4.488692922544366,4.514321339626413,4.5466342729407225,4.588186409154539,4.6431205444921755,4.718049421760609,4.823242247880493,4.974214717145866,5.1938234211222785,5.514782630719147,5.981893421773202,6.651677526139007,7.583518748131881,8.809411024333533,10.259810952986216,11.629842161220692,12.307399785781742,12.307399784904126,11.629842160667351,10.259810953090852,8.809411023841282,7.583518747613512,6.651677525817209,5.981893421812576,5.514782630089773,5.193823421358899,4.97421471618887,4.823242247886405,4.71804942154944,4.643120544864095,4.58818640819078,4.546634272439832,4.514321339558979,4.488692922719339,4.468156715659436,4.451675468378278,4.438527494826893,4.428178989865345,4.420221015302556,4.4143394217409435,4.410299944583456,4.407940020327228,4.407163917316475
4.403733796003033,4.404371023280368,4.406308666141845,4.409625950527585,4.414459741235147,4.421013049293763,4.429570125782392,4.440522916452934,4.454417794907301,4.4720380809115765,4.494547003215047,4.523726232599211,4.562354472837242,4.614777861221732,4.6877335247320495,4.791509134225844,4.941548179673555,5.160587309779317,5.481217890903139,5.948144053646975,6.617825807330057,7.5496156076508205,8.775494601266313,10.225911358074958,11.595973368414835,12.273547097239515,12.273547098092068,11.595973369016615,10.225911356795285,8.775494601371697,7.549615607487673,6.617825807427109,5.9481440529810286,5.481217891253486,5.16058730850065,4.941548180566754,4.7915091339293,4.687733524480909,4.61477786054054,4.562354473059328,4.523726231790782,4.494547003025755,4.4720380804072075,4.454417795296725,4.440522916602407,4.429570125266385,4.421013048572433,4.414459741003819,4.409625950490655,4.406308665551389,4.40437102332801,4.403733796176595
4.400694526564328,4.401217254565398,4.402808155719891,4.405537208087236,4.409527590641068,4.41496721473599,4.422128773884151,4.431403461802358,4.443356940932459,4.458821277869445,4.479043651663001,4.505921528179191,4.542364795241549,4.592838623840723,4.664159332741789,4.766639981633408,4.915700905592583,5.134025970980766,5.454145831937761,5.92071168259199,6.590145330361381,7.521775154440775,8.747566971478296,10.197954532970352,11.568021757204404,12.245600131102819,12.24560013170504,11.568021756363839,10.197954533878368,8.747566971358724,7.521775154046899,6.590145330426046,5.920711682481969,5.454145830613395,5.134025972117147,4.915700905058868,4.766639982307174,4.664159332631402,4.592838622863926,4.542364794347023,4.505921528677176,4.479043651385127,4.458821277556044,4.443356940174849,4.431403462334562,4.42212877391248,4.414967214726586,4.40952759046692,4.405537207395885,4.402808155082087,4.401217254570719,4.40069452712231
4.398055388404792,4.398485267123639,4.399795871851533,4.402052372962594,4.405371337796399,4.40993452067895,4.416012282196491,4.424001737771684,4.4344877431630705,4.448339285813085,4.466860013481632,4.492020313725616,4.526810104702341,4.575767731587775,4.645762163702812,4.7471311732201595,4.895293272101622,5.112912185765773,5.432490447712776,5.898651643357613,6.56779501139415,7.499232064782337,8.72491477161573,10.175260500856453,11.545326819269958,12.222907271463471,12.222907270310635,11.545326819015665,10.175260500993533,8.724914772080893,7.4992320653749545,6.567795010809735,5.898651642616057,5.432490448214303,5.112912185481939,4.895293273103496,4.747131172402313,4.645762163259535,4.5757677315334355,4.526810104256025,4.492020313331289,4.466860014050083,4.448339286046214,4.434487742510544,4.424001737055615,4.416012283136834,4.409934520777728,4.4053713377206005,4.402052372902733,4.399795870925764,4.3984852657095015,4.398055389766956
4.395803693588789,4.396159426273451,4.397246759594346,4.399128635475554,4.4019189635140465,4.405798003492727,4.411037995903356,4.418043954068903,4.427417390466279,4.440054737735627,4.457298236876792,4.481165708533339,4.514698034355162,4.562480707772246,4.631419012191342,4.731872098285118,4.879264949036618,5.0962563127095155,5.4153372844758385,5.881118018869208,6.549985180368889,7.481239250594461,8.706821019049434,10.157132125924374,11.52720324870015,12.204788689880578,12.204788689532364,11.527203249125364,10.157132125806411,8.706821018620724,7.48123925131531,6.549985180818097,5.881118018366098,5.415337284672573,5.096256313050856,4.879264948410348,4.731872098289856,4.631419011750453,4.562480707416845,4.5146980349549475,4.481165708766404,4.4572982363956335,4.440054737903497,4.427417391518715,4.418043953899678,4.411037995432678,4.405798003994925,4.401918962950506,4.399128635304199,4.397246759463052,4.396159425830181,4.395803691603371
4.393911295251758,4.394208704217925,4.395120722612758,4.396709497879541,4.39908836281182,4.402438309925935,4.407035026040417,4.413291296701327,4.42182218613006,4.433544377229356,4.449826944212622,4.472719524516053,4.505296715884954,4.552175634187615,4.620287318653158,4.720008405550457,4.866772734301365,5.083240698413661,5.401900207863927,5.867355798542768,6.535987767121034,7.4670898665846615,8.69259435622981,10.142888531700159,11.512976529347412,12.190572853200887,12.190572853330641,11.512976528841167,10.142888532002946,8.69259435662237,7.467089866631053,6.535987767318607,5.867355798691024,5.401900207315721,5.083240698735197,4.866772734118906,4.720008405661194,4.6202873187603934,4.552175634784226,4.505296715584248,4.472719524757515,4.449826944445038,4.433544377208842,4.421822186151514,4.413291297956322,4.40703502629047,4.402438309483665,4.399088362987033,4.3967094971983,4.395120722358544,4.394208704160242,4.393911294683713
4.392340468467882,4.392592665456569,4.393368976643754,4.394731491318915,4.396793963496451,4.399739004334575,4.403846032792437,4.409534620956676,4.4174304732131695,4.428465187143557,4.44402676023019,4.466186710330938,4.498042642613812,4.544233553646685,4.611709076158648,4.710859736954606,4.857128125150276,5.073178804992488,5.391500420908624,5.856696124364147,6.525143627434134,7.456132981261658,8.681590124801685,10.13188942512092,11.50200905908049,12.179623443190868,12.179623442788703,11.502009058543544,10.131889424426273,8.681590125736687,7.456132981326606,6.5251436271670915,5.856696124507243,5.391500421075156,5.073178804374379,4.8571281262115145,4.710859737220693,4.611709076630132,4.54423355354717,4.49804264338016,4.466186709813028,4.4440267603797095,4.428465187601797,4.417430473751358,4.4095346208714785,4.40384603373872,4.39973900497168,4.396793963423833,4.394731490912715,4.393368976229546,4.392592665074339,4.39234046718634
4.391048791554506,4.391266454700051,4.391939219463652,4.393129455433791,4.3949517346123,4.397590496363343,4.401328576374877,4.406591119549317,4.414012017329905,4.424533814400672,4.439558001322081,4.461171423425552,4.492487753005474,4.538161437556491,4.605155714757096,4.703871948409109,4.849760462277586,5.065490630366077,5.383553585091098,5.848553326759672,6.516867281614958,7.4477838679473045,8.673224394906649,10.123551496916704,11.493717930630844,12.17135774820214,12.171357748409603,11.493717930397954,10.123551496247257,8.673224394526116,7.447783868017951,6.516867281509599,5.848553327273425,5.383553585401737,5.06549063074893,4.849760461792519,4.703871949052627,4.605155715431805,4.538161438135529,4.492487752519426,4.461171424102206,4.439558001242398,4.424533815144246,4.41401201781858,4.406591120293214,4.4013285761811956,4.397590496927493,4.394951734955613,4.393129455632087,4.391939218651636,4.391266454069182,4.391048791352043
4.389993012696147,4.390184684493502,4.390779582231054,4.39184048082771,4.393482846889485,4.395892833344554,4.399356160031791,4.404302390363888,4.411371598445736,4.421514359739626,4.436141840003399,4.457351768892876,4.488269193058099,4.533559654346162,4.60019640561792,4.69858920080972,4.844194861043928,5.059687434707443,5.377561197663401,5.842422169482828,6.510648875737379,7.441529495459075,8.666981943609544,10.117358046753214,11.48758551292674,12.165257699115893,12.165257699223437,11.487585512554435,10.11735804644298,8.666981943076266,7.4415294952884254,6.510648876113736,5.8424221697410275,5.377561197651163,5.059687434666153,4.844194861601513,4.698589200706501,4.600196405816595,4.533559655077317,4.488269193759164,4.4573517684219155,4.436141841093279,4.421514359816072,4.411371599474409,4.404302390736733,4.399356160478614,4.395892833042566,4.393482847206728,4.391840480947785,4.390779582899223,4.390184683579815,4.389993012387169
4.389131837685591,4.389304235828433,4.3898414403299775,4.390806628089718,4.392316103570307,4.394557480141455,4.397818807394164,4.402533050241972,4.409344907730785,4.419210817759359,4.433548923948501,4.454464724883837,4.485091431816651,4.530102607596754,4.5964789372128685,4.6946366544393365,4.840037928116553,5.055361043618079,5.373103591271991,5.837874195965711,6.506053320352403,7.436929837200952,8.662419150367615,10.112862938971801,11.48316406665118,12.160874788662863,12.16087478861335,11.483164066257231,10.112862938678983,8.662419150103212,7.436929837300678,6.506053320285647,5.837874195676511,5.373103591464819,5.055361043768028,4.840037927948896,4.694636655016174,4.5964789376895085,4.530102607384478,4.485091431842955,4.45446472607175,4.433548923588829,4.4192108189333075,4.409344908235115,4.402533050758554,4.397818807818229,4.39455748040714,4.392316103523319,4.390806628576639,4.389841440600308,4.389304236602877,4.3891318371531565
4.388427761947364,4.38858608663285,4.389081177650056,4.389976578740587,4.391389303979441,4.393508156873949,4.396623002299081,4.4011693789143385,4.407795411966792,4.417461812279838,4.431591749797503,4.45229632541518,4.482714625558322,4.527526081644671,4.593716934167353,4.691708431051684,4.836967120639157,5.052175051497346,5.369833073946496,5.834552703884216,6.5027168516057285,7.43361571045469,8.659162788234832,10.109690067349502,11.480075630470902,12.157830160241945,12.157830159859584,11.480075630204832,10.109690067740003,8.659162787936618,7.43361571007588,6.5027168515508,5.834552703453303,5.369833073985099,5.052175051652089,4.836967120791075,4.691708430834649,4.593716934267321,4.5275260824416925,4.482714625428109,4.45229632490962,4.431591750817622,4.417461812749949,4.407795412634736,4.401169379826839,4.3966230021875905,4.393508157635972,4.391389304493192,4.389976578927639,4.3890811779637415,4.388586087624958,4.388427762707638
4.387848086481709,4.387996289451216,4.388461104649231,4.389306385050128,4.390649719763676,4.392680845049231,4.395691008115143,4.400117680800198,4.406611496422983,4.4161362777302875,4.430118831545635,4.4506742982239595,4.4809460471412095,4.525617836536233,4.591680089833747,4.689557986582785,4.834721688418295,5.049856569885678,5.367466618288397,5.832166369869276,6.500341503157659,7.431283948816467,8.656905747333289,10.107529476563194,11.478008391176752,12.155811100603355,12.155811100423406,11.478008391277402,10.107529476398529,8.65690574756333,7.4312839485813,6.500341502965507,5.832166369715188,5.367466617756061,5.049856569560664,4.834721688750949,4.689557986805741,4.591680089392067,4.5256178360882116,4.48094604836079,4.450674298252386,4.4301188313269675,4.416136278041991,4.406611497226509,4.400117680836242,4.395691009595916,4.392680844843605,4.390649720461587,4.389306386045883,4.388461105519799,4.387996289399481,4.387848087590387
4.387365273411513,4.387506305863784,4.387949695878459,4.388759536723742,4.39005387000967,4.3920231460430035,4.394959662708821,4.399302307790115,4.405703567113315,4.415129515755315,4.429009604297624,4.449461914070911,4.479632961289143,4.524209723512226,4.590185840238475,4.68798961695585,4.833094241025309,5.048188058236925,5.365778062011613,5.830481864646955,6.498688112944826,7.429690761662419,8.655400677892574,10.106131210468474,11.47671067579394,12.154565099934086,12.154565099724286,11.476710675698042,10.106131210445172,8.655400677984131,7.429690761256726,6.49868811262762,5.830481864959183,5.365778061693385,5.048188058222355,4.833094240504697,4.68798961724412,4.590185840346363,4.524209723019923,4.479632960484388,4.449461915115474,4.429009604536493,4.415129516154214,4.4057035668019,4.399302308817713,4.3949596626921945,4.392023147475075,4.3900538702005845,4.388759537335845,4.387949696804012,4.387506306893696,4.387365272819743
4.386956831959376,4.387092873056686,4.387521342139272,4.388306525985501,4.389566814885488,4.391493204584701,4.394378764908178,4.398663446431698,4.405001075156675,4.414359385503296,4.428169750451205,4.448552422267237,4.478656249301535,4.523170667503199,4.589091827080924,4.68685057718954,4.831922696979015,5.0469992372852355,5.364590074079661,5.82931592498589,6.497568531095743,7.428644072711181,8.654452443789076,10.105297865133817,11.47598356452468,12.153892497831837,12.153892498122264,11.475983564926937,10.105297865111163,8.654452443196627,7.428644072523202,6.497568530441268,5.829315925156882,5.364590074790407,5.046999237089762,4.8319226970860365,4.686850576566032,4.589091827004104,4.523170667552502,4.478656248947018,4.448552421862937,4.428169751430021,4.414359385450187,4.4050010758613105,4.398663446337103,4.394378766062,4.391493204202549,4.389566815562304,4.388306526592848,4.387521342447996,4.387092873531768,4.386956833547995
4.386604918595056,4.386737537987636,4.387155791499847,4.387924114837509,4.389161162403993,4.391058336579448,4.393909295634964,4.3981547612228935,4.404449562427529,4.413762643134767,4.4275268096715035,4.447863927549867,4.4779246276364475,4.522400251678275,4.588288966940564,4.686023753463276,4.831082674360641,5.046159276185926,5.363766234414978,5.828527374229575,6.496837625250323,7.4279955347488915,8.653910157182287,10.104876641190852,11.4756729639981,12.153638565649919,12.153638566126913,11.475672964526622,10.10487664161377,8.653910156749658,7.427995534581842,6.4968376252293405,5.8285273735897185,5.363766234470879,5.0461592765429355,4.831082674352402,4.686023753499222,4.5882889666420965,4.522400251544763,4.477924628015461,4.447863928114138,4.427526809604092,4.41376264320333,4.404449562431164,4.398154761767688,4.393909295411752,4.391058337125173,4.389161162057952,4.387924115304442,4.387155792357847,4.386737538244106,4.386604918981104
4.3862957218313205,4.386426041041314,4.386837431177479,4.387594439207887,4.388815922744335,4.390693598043553,4.393521554135633,4.397741098866336,4.404007802490073,4.4132915194882925,4.427026134617709,4.447334751837057,4.477369388109486,4.5218229134181644,4.587695168401167,4.685420976160187,4.830480458194001,5.04556951567919,5.363203554838418,5.828009515633831,6.496385583158588,7.4276327673516835,8.653659381648518,10.104751527256932,11.47566177726034,12.153685671770916,12.15368567203143,11.475661777951617,10.104751527577884,8.653659381760558,7.42763276725444,6.496385583312295,5.828009515284756,5.363203554270712,5.04556951573039,4.830480458174971,4.6854209765538,4.58769516880207,4.521822913530248,4.477369388290582,4.447334752259764,4.427026134989534,4.413291519576176,4.40400780193402,4.397741099095547,4.393521553903876,4.3906935981811746,4.388815923584185,4.387594439084953,4.3868374309194635,4.386426041568306,4.386295722697496
4.386018822083636,4.386147627002191,4.386554500018082,4.387304078100655,4.388515376889166,4.3903803451943535,4.393193405878557,4.397396312942956,4.40364519607284,4.412910613615626,4.426627282842865,4.446919283241831,4.476939749024007,4.521382818950885,4.58724976891622,4.68497706261272,4.830046725540441,5.045156915679982,5.362825721720463,5.827683206031257,6.496130854903552,7.427472212674627,8.65361492129304,10.104836046147758,11.475862628212306,12.153945995977486,12.153945996268568,11.475862628808176,10.104836046460576,8.65361492145115,7.427472212347379,6.496130854918206,5.82768320613759,5.362825721613556,5.04515691568331,4.830046725808955,4.6849770624646965,4.587249769240805,4.521382819344627,4.476939749529982,4.446919283297912,4.4266272828646125,4.412910613806049,4.403645196436422,4.397396312289888,4.393193406692139,4.390380344841578,4.388515376809594,4.387304078362443,4.386554499970992,4.386147626823979,4.386018822226712
4.385766531422817,4.385894361967417,4.386298341190911,4.387043172246405,4.3882479912006565,4.3901049336023075,4.392908684846129,4.397101334829645,4.4033394654409745,4.41259418121116,4.426300869005992,4.446584404427535,4.476598856826847,4.521039451996817,4.586908740547833,4.684644686078875,4.8297311173146635,5.044868376096536,5.362577204575631,5.827490792589826,6.496013960137777,7.427452839961423,8.653714454767908,10.105066841965701,11.476211418322944,12.15435507098877,12.15435507148304,11.476211418660785,10.105066842162154,8.653714455116557,7.4274528397143404,6.496013959698042,5.827490792696544,5.362577205025204,5.044868376302113,4.829731117530865,4.684644685852976,4.586908740238144,4.521039452540019,4.4765988573043,4.446584405008074,4.426300869126712,4.412594181041767,4.403339465674991,4.397101335255572,4.392908683901104,4.390104934258018,4.38824799110626,4.387043171804518,4.38629834118192,4.385894362657728,4.385766531103934
4.385533297828135,4.385660528469031,4.386062714752025,4.386804620633919,4.3880054805639785,4.389857579454105,4.392655803146127,4.396842527929849,4.4030746883238665,4.41232384084863,4.426025928768133,4.446306502198007,4.476320437273006,4.52076392895672,4.586640688762037,4.68439008985162,4.82949768944233,5.044665966610046,5.36241829637048,5.827390997584591,6.495992250460291,7.4275308157003,8.653913133521328,10.105398228500395,11.476661843874627,12.154866286879315,12.154866286849433,11.47666184433336,10.105398228626658,8.653913133500387,7.427530815627678,6.495992250264745,5.827390997879972,5.362418296347929,5.044665966672454,4.829497689573523,4.68439008988979,4.586640688565499,4.520763929196747,4.476320437733169,4.4463065026731305,4.426025929149958,4.412323840759156,4.4030746880976945,4.396842527829664,4.392655803273974,4.389857579129085,4.388005481064695,4.386804620643146,4.38606271483941,4.3856605278668,4.3855332989042575
4.385315206074968,4.385442077172739,4.385843212971563,4.386583417685466,4.387782008076856,4.389631387905556,4.392426621178578,4.396610310094508,4.402839690609769,4.4120867024404395,4.425787768961614,4.4460690283374555,4.476086082033884,4.520536010542187,4.58642361078869,4.684189602070602,4.829321218850141,5.044523043999049,5.362321069808963,5.8273547470645655,6.496035630751129,7.427675135672759,8.654179151902948,10.105797716270876,11.477180897053005,12.155446375716474,12.155446375595606,11.47718089725178,10.105797716433042,8.654179151706591,7.4276751357941535,6.496035630555703,5.827354747196348,5.362321070047267,5.044523043800524,4.829321218389046,4.684189602249919,4.58642361099835,4.520536010715221,4.476086082392246,4.446069028205159,4.425787768722737,4.412086702797648,4.402839690370852,4.396610309833267,4.392426621685539,4.389631388565965,4.387782007568674,4.386583417701072,4.38584321288175,4.385442077733517,4.385315204891219
4.385109525098132,4.385236207755446,4.38563678217008,4.386376094576224,4.3875735299315695,4.389421600006441,4.392215512415739,4.396398067975922,4.402626764890881,4.411873880121346,4.425576260123822,4.445860580001927,4.475883105655404,4.520341747009489,4.586242335701775,4.6840268897334045,4.829184284696353,5.044421184846013,5.362266185193308,5.827361864444969,6.496123160479385,7.427864160651981,8.65449023031257,10.106242457497626,11.477745286399273,12.15607182367149,12.156071823773612,11.477745286312594,10.106242457938578,8.654490230311094,7.427864160735193,6.496123160621125,5.827361864149861,5.362266184965632,5.044421184566837,4.829184284231587,4.684026889582136,4.586242336022959,4.520341747330393,4.475883105938003,4.445860579395845,4.425576259722829,4.411873880013937,4.402626765238602,4.396398067855614,4.392215512492556,4.3894216004277,4.387573530275191,4.386376094083496,4.38563678217299,4.385236208036643,4.385109526118498
4.384914407949206,4.385041006392678,4.3854413388549345,4.386180288334778,4.387377299936801,4.389224975792247,4.3920186528548735,4.396201310334716,4.402430679579466,4.411679340741608,4.425384531559973,4.445673420136091,4.475702900972385,4.520171671022903,4.586086558584902,4.683890848515148,4.829075031150649,5.044347829583327,5.362240427067298,5.8273985240369,6.496240440710689,7.428082944669674,8.654830900489035,10.106716502786213,11.478338673385025,12.156726098515627,12.15672609851266,11.478338673343996,10.10671650294135,8.654830900747223,7.428082944830097,6.496240440885739,5.827398523611117,5.362240426619733,5.044347829050811,4.829075030930244,4.683890848283244,4.586086558828186,4.520171670842798,4.475702900846184,4.445673420003941,4.425384531020616,4.411679340776035,4.402430679603274,4.396201310481249,4.392018652896044,4.389224975326561,4.387377300042025,4.3861802889244235,4.385441339188664,4.385041005988471,4.384914407797065
4.384728603274925,4.384855185206466,4.385255486344129,4.385994414469135,4.387191471781382,4.389039341982419,4.391833481536728,4.396017029049304,4.402247931634874,4.411499049358618,4.4252079845619114,4.445502373906482,4.475539707706147,4.520019440797704,4.585949373305562,4.6837740281768285,4.828985487875806,5.044294514371376,5.362234864121851,5.827455344857238,6.496377650745816,7.428321229638371,8.655190468081868,10.107208737925662,11.478949597856422,12.157397564564212,12.15739756431784,11.478949597432784,10.107208737489684,8.655190468417995,7.428321229740441,6.496377650772579,5.82745534465102,5.362234864206095,5.044294514197284,4.828985487448097,4.683774027623163,4.585949373157741,4.520019440750714,4.475539706866554,4.445502373877958,4.425207984505615,4.411499049234638,4.402247931344485,4.396017029342513,4.391833481492886,4.389039342020092,4.3871914713540985,4.385994414418061,4.385255486285245,4.384855186191668,4.384728603267291
4.384551277082485,4.384677892448116,4.385078291552756,4.385817416998397,4.387014818674201,4.388863258432806,4.391658299921538,4.395843232951067,4.402076202261475,4.411330335541256,4.4250435785530495,4.445344016484392,4.475389711527417,4.519880857453042,4.585826199899934,4.683671478075709,4.828910346314365,5.04425558485365,5.3622435024342066,5.827525994259716,6.496528112799261,7.428571977380926,8.655561519893705,10.1077113752107,11.47956995595239,12.158077958478515,12.158077958077538,11.479569955414002,10.107711374959573,8.655561519976088,7.428571977627976,6.496528112903868,5.827525994334546,5.362243502129879,5.044255584823962,4.828910346010306,4.683671477781165,4.585826199361885,4.5198808573174905,4.475389711110542,4.445344016169876,4.4250435786540745,4.411330334784703,4.402076201966357,4.395843232888019,4.391658300373849,4.388863258152393,4.38701481876852,4.385817416843217,4.385078291757781,4.384677891931428,4.38455127784382
4.384381881663006,4.3845085530377785,4.384909135312527,4.385648595544049,4.386846530751567,4.388695772939829,4.391491989901263,4.395678608940703,4.401913967940819,4.411171444016988,4.42488931586144,4.445196097731694,4.475250407425332,4.519753158288875,4.585714019364584,4.683579928359052,4.828846088314711,5.044227274511085,5.362262323508844,5.827606192379171,6.496687266110934,7.428830322344943,8.655938857083395,10.108218876219249,11.480193915272107,12.158761299194701,12.158761299194891,11.480193914850645,10.108218876239304,8.655938857679633,7.428830322739895,6.496687266117282,5.827606192105362,5.362262322732119,5.044227274369064,4.828846088440826,4.683579928534841,4.585714018977898,4.519753157889727,4.475250407389217,4.445196097114851,4.4248893155114954,4.411171443678015,4.401913967800098,4.395678608716979,4.391491989283635,4.388695773361697,4.386846530817236,4.385648595902101,4.384909134836716,4.384508552191828,4.384381880379745
4.384220036856565,4.38434678350981,4.384747602339937,4.385487482914731,4.38668606687575,4.388536255109441,4.391333809391517,4.39552229334619,4.401760224584142,4.411021222865197,4.424743885693461,4.445057141358945,4.475120150805011,4.51963452643675,4.585610843444554,4.68349721729569,4.828790375437243,5.0442070634967395,5.362288614593561,5.827693017115336,6.496851953470518,7.429092839169293,8.656318753986529,10.108727198310167,11.480817155810875,12.15944312674558,12.159443126530268,11.480817155465035,10.108727198352009,8.656318754253961,7.429092839529096,6.496851953609543,5.827693016861936,5.362288614242511,5.044207063292506,4.828790375747833,4.6834972174425555,4.585610843274955,4.51963452597359,4.475120150455645,4.445057141036413,4.424743885420065,4.411021222892329,4.401760224203634,4.395522293005742,4.3913338091144904,4.388536254748338,4.386686066842396,4.385487482327966,4.384747602214968,4.384346783451561,4.384220036131308
4.384065484152759,4.384192318847421,4.3845934049916275,4.385333757486197,4.386533059991868,4.388384276837611,4.391183262202415,4.395373708370245,4.401614305868621,4.410878908037764,4.424606418904524,4.4449261715310335,4.474997853043587,4.519523757700101,4.585515350394162,4.683421900458014,4.8287416352964385,5.044193240679307,5.362320513133063,5.827784430507968,6.497019933313001,7.429357044577401,8.656698447873497,10.109233280321709,11.481436351866254,12.160119981955855,12.16011998165247,11.481436351713459,10.109233279917568,8.656698447536794,7.429357044848139,6.497019933533637,5.827784430933841,5.362320513358448,5.044193240461665,4.828741635334007,4.683421900440281,4.585515350524147,4.519523757188137,4.474997852905355,4.444926171709146,4.424606418446088,4.410878907852145,4.401614305655159,4.395373707804486,4.39118326196701,4.38838427579169,4.386533059656623,4.385333757348303,4.384593404920533,4.384192318669716,4.384065484392928
4.383918035273531,4.384044962863406,4.384446335003593,4.385187189161145,4.386387249255679,4.388239539743434,4.3910400050091285,4.39523245711612,4.401475756221452,4.410743979756068,4.424476328619635,4.444802528839809,4.474882778355818,4.519420038193501,4.585426642669785,4.6833529910053375,4.828698784166746,5.04418461355697,5.362356700039787,5.8278789634487715,6.497189552128819,7.429621062338205,8.657075800345142,10.109734699615393,11.48204882859773,12.160789061060038,12.160789061024554,11.482048828425354,10.109734699373636,8.657075800308192,7.429621062371836,6.497189552444572,5.827878963780184,5.362356700429646,5.044184613794555,4.828698784025855,4.683352990821595,4.585426642807883,4.519420038251958,4.474882777818299,4.44480252889348,4.424476329075058,4.41074397937502,4.401475755870587,4.395232456366433,4.391040003477529,4.388239539596646,4.386387249138173,4.385187189870824,4.384446334358028,4.384044962263267,4.383918034550182
4.3837775392181015,4.383904563124451,4.384306230908582,4.385047602394453,4.386248439284442,4.388101824501401,4.390903785185583,4.395098254065337,4.401344251938006,4.410616070905149,4.424353202420594,4.444685751542397,4.474774412538986,4.519322797639593,4.5853440884898236,4.683289790013839,4.828661045751349,5.0441803168900075,5.362396200850519,5.827975506258058,6.497359532059218,7.429883406233278,8.657449076803504,10.110229449180524,11.482652334747272,12.161447989653682,12.161447989885788,11.482652335009462,10.110229449451769,8.657449077041317,7.429883406364957,6.4973595320639035,5.827975506454213,5.362396201468983,5.044180317049655,4.8286610457719945,4.683289790142345,4.585344088151192,4.519322797365349,4.474774412377004,4.444685751678488,4.42435320284536,4.410616070616821,4.401344250840113,4.395098253840105,4.390903785007297,4.388101823968926,4.386248439295576,4.3850476021115155,4.384306230610858,4.383904562232668,4.3837775390790865
4.383643869671343,4.383770990130553,4.384172958520654,4.384914853788621,4.3861164724641775,4.387970954477108,4.3907744089756715,4.394970881847563,4.401219547406493,4.410494908379693,4.424236735065579,4.444575498635035,4.474672377434008,4.51923161588149,4.585267220821338,4.683231777006105,4.828627837020842,5.044179689121369,5.362438257407088,5.828073177345693,6.497528834974649,7.43014284081584,8.65781680360579,10.110715793793492,11.48324489901574,12.162094677681784,12.162094677834276,11.483244899536242,10.110715794458606,8.657816803808341,7.430142841010992,6.497528835188575,5.828073177455773,5.362438257624227,5.044179689224618,4.828627837106617,4.683231777091545,4.585267220764411,4.519231615963583,4.4746723772616335,4.444575498369709,4.42423673446845,4.410494908352482,4.401219547726369,4.394970881795852,4.39077440912159,4.38797095366685,4.386116472077872,4.3849148531556015,4.384172959205709,4.383770990237864,4.383643868926106
4.383516909773136,4.383644129384447,4.384046398245195,4.384788815065729,4.385991212165508,4.387846783279386,4.390651714730596,4.394850161242498,4.40110144587565,4.410380274534514,4.424126684422221,4.444471503166604,4.4745763774858185,4.519146165011696,4.585195675080806,4.683178542567651,4.828598693266662,5.044182196645689,5.362482247483069,5.8281712401058705,6.497696576162938,7.43039829345647,8.658177680022133,10.11119218011936,11.483824740611663,12.162727227871954,12.162727227882167,11.483824740625764,10.111192180090415,8.658177680140211,7.430398293959844,6.497696576745706,5.828171240384767,5.362482247383343,5.044182196716853,4.828598693047603,4.683178542975093,4.585195675131363,4.519146164790831,4.474576377677174,4.444471502952319,4.42412668434547,4.410380274908561,4.401101446081452,4.394850160712135,4.390651713930826,4.387846783599382,4.385991211887573,4.384788815521896,4.384046398397872,4.383644129693771,4.383516910501876
4.383396553678201,4.383523870128744,4.383926436219652,4.384669369357839,4.385872535103088,4.387729177578809,4.390535558732838,4.394735936598272,4.400989778353711,4.410271983608338,4.424022847902203,4.444373543169584,4.4744861682937085,4.519066174595324,4.585129148386026,4.6831297454497385,4.828573223459581,5.044187386403431,5.362527635690968,5.828269051727561,6.497861972251686,7.430648801536309,8.658530523362844,10.111657180971928,11.484390212583357,12.163343882374438,12.163343882252294,11.484390212203941,10.111657180374715,8.658530523114534,7.4306488018014125,6.497861973186819,5.828269052391,5.362527635532972,5.044187386741972,4.828573223788919,4.683129745057361,4.585129148119044,4.519066174523279,4.474486169105425,4.4443735438033665,4.424022847723368,4.41027198369791,4.4009897782511045,4.394735935898768,4.390535558670806,4.387729177762018,4.385872535007788,4.384669369876172,4.3839264366163615,4.383523870620639,4.383396553220847
4.383282693128133,4.383410105217337,4.3838129640408185,4.3845564037459415,4.385760322132971,4.387618012415907,4.390425808038634,4.394628065782509,4.400884392057916,4.410169870784062,4.423925047116112,4.444281424283021,4.474401536391081,4.518991407725171,4.585067376920719,4.683085086425172,4.828551085216109,5.044194857469318,5.362573944179677,5.82836603321472,6.498024309774311,7.430893477578039,8.658874235160845,10.112109463885535,11.484939770817753,12.16394299044193,12.163942990518914,11.48493977089083,10.112109463812969,8.658874234903994,7.430893477450864,6.4980243099779695,5.828366033683231,5.362573944879499,5.044194857837598,4.828551085496791,4.683085086466668,4.585067377066775,4.518991408036772,4.4744015367762495,4.444281424146388,4.4239250473771685,4.410169870272434,4.400884392183759,4.394628065827702,4.390425808485007,4.387618012340654,4.385760322231054,4.384556403517364,4.383812963860027,4.383410105531679,4.383282693449272
4.383175223386407,4.383302729200766,4.383705872799143,4.384449806987283,4.385654458196455,4.387513167787986,4.390322336050665,4.394526415721993,4.400785144394736,4.410073783482556,4.42383311838187,4.444194967998329,4.474322287203368,4.518921650125876,4.585010122265875,4.683044295750103,4.8285319678478835,5.044204244703517,5.362620735725866,5.828461648576648,6.498182924395206,7.431131492384232,8.65920778405393,10.112547773040617,11.485471955957614,12.164522989450102,12.164522989660385,11.485471956311256,10.112547773414356,8.659207784152548,7.431131492324902,6.4981829247369225,5.828461648980223,5.36262073580582,5.044204244815322,4.8285319687437545,4.683044296323238,4.585010122808517,4.51892165058865,4.47432228691885,4.444194967493115,4.423833117958068,4.4100737836426145,4.400785144315891,4.394526416344427,4.390322335799383,4.387513168001964,4.3856544582348755,4.384449806517855,4.383705872990375,4.383302729128673,4.383175223094763
4.383074039159593,4.383201635183605,4.383605055914146,4.384349469332352,4.385554830865287,4.387414526931943,4.390225020799793,4.394430857435338,4.400691899117869,4.409983577373881,4.423746906213168,4.444114008142589,4.474248239362065,4.518856704099009,4.584957163271592,4.683007123956934,4.828515583563686,5.04421520791258,5.362667600776102,5.828555396692244,6.498337192515312,7.431362065405466,8.6595301958393,10.112970917830683,11.485985381367358,12.165082393225662,12.16508239342104,11.485985381510053,10.112970917906269,8.659530196466767,7.431362065933995,6.498337192682026,5.828555397169615,5.362667601170709,5.044215208040701,4.8285155839842835,4.683007124418576,4.584957163593546,4.518856704571929,4.474248238728731,4.444114008143015,4.423746905904844,4.409983577425167,4.40069189862627,4.394430857628771,4.390225020519329,4.387414527097816,4.385554831073912,4.384349469201275,4.383605055979346,4.383201634956897,4.383074039385447
4.3829790354323235,4.383106718601237,4.383510407252212,4.384255282836424,4.385461329499081,4.387321974663083,4.39013374264191,4.39434126606184,4.400604524825931,4.40989911402477,4.423666263259961,4.4440383865631565,4.474179222617122,4.518796382510431,4.58490829279492,4.682973336457485,4.828501660307697,5.044227427593107,5.36271415478128,5.8286468059124275,6.498486526050204,7.4315844576488495,8.659840545922133,10.113377766017424,11.486478728306112,12.165619788374247,12.165619788295894,11.486478728436603,10.113377766445153,8.659840545944315,7.4315844579580235,6.498486526549236,5.828646806626057,5.362714155684632,5.044227427863947,4.828501659390085,4.682973335985872,4.584908293130987,4.5187963829287545,4.474179222882575,4.444038386221541,4.423666263198192,4.409899113392858,4.400604525133822,4.394341265735986,4.390133743064844,4.387321974189443,4.385461329587297,4.384255282723703,4.383510407512942,4.383106719057294,4.382979035446319
4.382890108382146,4.38301787634021,4.38342182163027,4.384167140942471,4.385373844650111,4.387235397934818,4.390048385340781,4.394257520213065,4.400522895440605,4.409820259358518,4.423591048649586,4.443967952450608,4.474115074714132,4.518740508167156,4.584863313842296,4.682942710456958,4.828489941759113,5.0442406027091975,5.3627600352509734,5.8287354296785105,6.498630368182512,7.431797967951589,8.660137956620312,10.113767243792612,11.486950743608364,12.166133831968558,12.166133832090118,11.486950743745084,10.11376724357547,8.660137956791836,7.431797968457159,6.498630368532291,5.8287354299619505,5.362760035368044,5.044240602535149,4.828489941286738,4.682942709991782,4.5848633139541315,4.518740507980295,4.474115074907466,4.443967952425917,4.42359104878264,4.409820259179517,4.400522895394332,4.394257520423987,4.390048385773502,4.387235397811561,4.385373844232058,4.384167141447283,4.383421821351107,4.383017876484966,4.382890109117069
4.382807157231558,4.382935005835303,4.3833391959384445,4.384084939105564,4.385292268484388,4.3871546874021154,4.389968835778369,4.394179502529126,4.400446888234416,4.409746885378204,4.423521126858587,4.443902562057388,4.474055640431393,4.518688911638338,4.584822039078542,4.682915035209873,4.8284801866625955,5.044254448068832,5.362804898935172,5.828820845784837,6.49876819124666,7.432001933691854,8.660421596778656,10.114138332836943,11.487400240459525,12.16662325083009,12.166623250757203,11.487400240484453,10.11413833322228,8.660421597202488,7.432001933384683,6.498768190704679,5.828820845094385,5.362804899099429,5.044254448277664,4.828480186372759,4.682915035214928,4.584822038688972,4.518688911838707,4.474055639961759,4.443902562082043,4.42352112644624,4.409746885774825,4.400446888305797,4.394179503049543,4.389968836196433,4.387154688011589,4.385292267999643,4.3840849386345395,4.383339195754991,4.382935005906621,4.3828071584184585
4.382730082643862,4.382858006826239,4.383262429522937,4.384008574681838,4.385216497204852,4.387079737020077,4.389894984103523,4.39410710012356,4.400376385300511,4.409678869187505,4.423456368219862,4.443842076880028,4.4740007711667955,4.5186414323141175,4.584784291584732,4.682890111758944,4.828472166098953,5.04426869477419,5.362848420975662,5.828902655840919,6.498899497843443,7.432195727976211,8.660690682434154,10.114490072064143,11.487826096697118,12.167086842101385,12.167086842438607,11.487826097058207,10.114490072248543,8.66069068226721,7.432195727215176,6.498899497215324,5.82890265560422,5.362848420943774,5.044268694883183,4.828472166150596,4.68289011200285,4.5847842914480035,4.51864143171314,4.474000771216202,4.44384207632593,4.423456368160698,4.409678868934528,4.400376385233617,4.394107100668859,4.389894984390702,4.38707973703895,4.3852164972664545,4.384008574758252,4.38326242959155,4.382858007171241,4.382730082927412
4.382658786809198,4.382786782359382,4.38319142505867,4.3839379490298,4.385146431154603,4.38701044419139,4.389826725290342,4.394040203892876,4.40031127385793,4.409616092227534,4.423396647898024,4.443786365582677,4.473950327232247,4.518597918112273,4.584749903892503,4.6828677524582725,4.828465663884951,5.044283088608241,5.3628902962779,5.828980484883581,6.499023820393488,7.432378762542633,8.660944475755269,10.11482155685719,11.488227257417721,12.167523474421449,12.167523473941175,11.488227257250882,10.114821557125437,8.660944475435157,7.432378762276058,6.4990238198790236,5.828980485037482,5.362890296499133,5.044283088622714,4.828465664309605,4.682867752176113,4.58474990379118,4.518597917418418,4.47395032747297,4.443786365164706,4.423396647517554,4.409616091753897,4.400311273772577,4.39404020309747,4.389826725107901,4.38701044469768,4.385146431782925,4.383937949348936,4.383191425455341,4.382786783136637,4.38265878672583
4.382593176610286,4.382721240545087,4.383126089220202,4.383872967942791,4.385081974381103,4.386946710502679,4.389763958194796,4.393978709266613,4.4002514453861,4.409558442298684,4.423341849062023,4.443735304314964,4.4739041762526774,4.518558225492263,4.58471871817223,4.682847779999558,4.828460477197439,5.044297391928783,5.362930239509812,5.829053982387539,6.499140720622224,7.432550486359435,8.661182286129543,10.115131941470686,11.488602734063791,12.167932086629904,12.167932086787726,11.488602733937709,10.115131941231766,8.661182286407199,7.432550486570014,6.499140720774702,5.829053982054132,5.362930239399497,5.044297392562288,4.828460477592863,4.68284778024689,4.584718717574415,4.518558225359995,4.473904174964329,4.4437353042285785,4.423341848708166,4.409558442007575,4.400251444972905,4.393978709220934,4.389763957982348,4.386946710186984,4.385081974824167,4.383872968267037,4.38312608979674,4.382721241213799,4.382593177621682
4.382533166002162,4.3826612930137605,4.383066332545785,4.383813541634816,4.385023034641528,4.386888442128805,4.389706586068938,4.3939225180063906,4.400196798751146,4.409505814110733,4.423291860915911,4.443688776644542,4.473862192706584,4.518522220039569,4.584690586823109,4.6828300293476355,4.828456417440295,5.04431138311234,5.362967984276959,5.829122821308182,6.499249791144649,7.43271038747208,8.661403471301586,10.11542043646629,11.488951606647266,12.16831169385844,12.16831169410704,11.48895160732996,10.115420436930561,8.66140347129607,7.432710387131278,6.499249791038917,5.8291228213735335,5.362967984390006,5.044311383805168,4.828456417787856,4.682830029108596,4.584690586546534,4.518522219352149,4.4738621918978545,4.443688776901285,4.423291860323449,4.409505814410495,4.400196799013847,4.3939225179871215,4.3897065860842694,4.386888441698335,4.385023034549243,4.383813541950425,4.383066333025879,4.3826612930757545,4.3825331671002745
4.38247867108677,4.382606855435669,4.383012070983628,4.38375958423085,4.384969525316554,4.386835550509997,4.389654520094239,4.393871538119067,4.400147238563882,4.409458108436632,4.42324657951246,4.4436466731782795,4.473824261070673,4.518489776885205,4.5846653730909575,4.682814347031911,4.828453309184412,5.044324856853095,5.363003284151714,5.829186700206811,6.499350655948163,7.432857990463912,8.661607436091943,10.115686314301461,11.489273025272933,12.168661384004084,12.16866138440733,11.489273025764684,10.115686314631366,8.661607435998397,7.4328579904676655,6.499350655600135,5.829186699681851,5.363003284428897,5.0443248570297765,4.828453309608023,4.682814346806093,4.584665373079788,4.518489776196925,4.473824261551102,4.443646673032233,4.423246580475219,4.409458108512687,4.400147238515504,4.39387153825604,4.389654520125117,4.3868355507948555,4.384969525305018,4.383759584566585,4.383012070919124,4.382606855202271,4.382478670410751
4.382429613111458,4.382557849064742,4.382963225880546,4.383711016005524,4.384921366197173,4.386787954640376,4.389607676781552,4.393825683236518,4.400102675983028,4.4094152329694305,4.423205909837554,4.443608892962615,4.4737902746902485,4.518460780376976,4.584642950245401,4.682800592308061,4.828450991047732,5.044337625051599,5.363035913552506,5.829245341017983,6.499442967730082,7.432992861185769,8.66179363652636,10.11592890707,11.489566210264558,12.168980319424332,12.168980319381461,11.489566210148208,10.115928906827389,8.661793636669943,7.432992861055556,6.499442967395832,5.829245340816143,5.363035913326152,5.0443376250773095,4.828450991573534,4.682800592943133,4.5846429498013554,4.518460780581714,4.473790275016457,4.4436088935891584,4.423205910391874,4.409415233079593,4.40010267611829,4.393825683463169,4.389607676851471,4.3867879549904325,4.3849213665181415,4.383711016398502,4.382963225607884,4.382557848551834,4.382429612012086
4.382385919028927,4.382514202384622,4.382919724320333,4.38366776489561,4.38487848326315,4.386745579343204,4.38956597836473,4.393784874376228,4.400063029927618,4.409377103692594,4.423169763956396,4.443575343887286,4.473760135042961,4.518435125569135,4.584623202757184,4.682788636306225,4.82844931703821,5.044349515214824,5.363065665459633,5.8292984919164255,6.499526413691272,7.433114605020392,8.661961577441792,10.116147606652174,11.48983045187853,12.16926774069302,12.169267740103553,11.489830451672416,10.116147606583773,8.661961577107375,7.433114604870142,6.499526413508579,5.829298492688614,5.363065665525343,5.044349515466013,4.828449317345151,4.682788636824664,4.584623202595317,4.518435126014849,4.47376013499877,4.443575343862302,4.4231697641478505,4.409377103938429,4.4000630304735475,4.393784874672486,4.389565978409653,4.386745579511178,4.384878483682864,4.383667764724996,4.3829197244273725,4.382514202678128,4.382385918159004
4.3823475235789555,4.382475850439428,4.382881501368131,4.38362976401471,4.384840809012066,4.386708355662851,4.389529354946072,4.3937490400976715,4.400028226325356,4.4093436448150785,4.423138061860784,4.443545942757013,4.473733753570837,4.518412716323556,4.584606026956277,4.6827783630282385,4.82844815387346,5.044360372964003,5.36309235622892,5.8293459272104435,6.499600711298814,7.4332228662194675,8.66211081355569,10.116341868900383,11.490065114517172,12.169522964263633,12.169522964381592,11.490065114248365,10.116341869105035,8.662110813903693,7.433222866270905,6.499600711825587,5.829345927441484,5.36309235669389,5.04436037311656,4.828448154806099,4.68277836336425,4.584606027313464,4.518412715766249,4.473733753273298,4.4435459422245644,4.423138061858862,4.409343645287196,4.4000282265937525,4.3937490402827075,4.389529354835213,4.386708355868442,4.384840809122448,4.383629763923539,4.382881501477892,4.382475850965908,4.382347524421954
4.382314370476708,4.382442734453203,4.382848497534348,4.383596953384914,4.384808283229786,4.386676221942332,4.389497744249291,4.393718116679084,4.399998199268122,4.409314787718653,4.42311073281428,4.443520614206414,4.4737110512279985,4.51839346822226,4.584591330005199,4.682769669653908,4.828447384947177,5.044370062249775,5.363115821854351,5.829387445596674,6.499665610292166,7.433317331513533,8.6622409519257,10.116511210620272,11.490269634364237,12.169745387811767,12.169745388094894,11.49026963471486,10.116511210972844,8.662240952334775,7.433317331917783,6.499665611470892,5.829387445652992,5.363115822063463,5.044370063059848,4.828447385234212,4.6827696696471675,4.58459133016965,4.518393468220725,4.473711050849541,4.443520613940837,4.42311073248557,4.40931478774072,4.399998198951059,4.39371811617321,4.389497744550464,4.386676222289467,4.384808283442536,4.383596953439089,4.3828484980718425,4.382442734649487,4.382314370427605
4.382286407267246,4.382414802313782,4.382820660639517,4.383569280682857,4.384780852969697,4.386649124963098,4.389471091572096,4.393692047042256,4.399972890853387,4.409290472407467,4.423087714453323,4.443499293458276,4.4736919591961355,4.518377307548701,4.58457903171461,4.682762466938629,4.828446908243913,5.04437846357718,5.363135919872877,5.829422872673757,6.499720894052228,7.433397727730097,8.662351650633774,10.116655213524737,11.490443522108365,12.169934485339628,12.16993448520302,11.490443521994855,10.11665521342139,8.662351650613035,7.4333977291078455,6.4997208946348195,5.829422873504969,5.363135919859097,5.044378463352667,4.828446907688687,4.682762467346992,4.584579032147769,4.518377307792527,4.473691959392421,4.443499293133451,4.423087713809769,4.40929047204422,4.3999728907397975,4.39369204698834,4.389471091702424,4.386649125094847,4.384780853256455,4.383569281133601,4.382820660658091,4.382414801767211,4.382286407429714
4.382263589264711,4.382392009607209,4.382797946478358,4.383546701726812,4.384758472630372,4.386627018270174,4.389449349190885,4.393670783258323,4.399952252035541,4.409270648218747,4.4230689537931,4.443481925346524,4.473676418987925,4.518364171921409,4.58456906389013,4.682756678257131,4.828446637303663,5.044385475750023,5.363152528718434,5.82945206137529,6.499766378886435,7.433463823579892,8.662442619541341,10.116773520030737,11.490586362344391,12.170089810321828,12.170089810260636,11.49058636229971,10.116773519746209,8.662442619672618,7.433463823997293,6.499766379365402,5.829452061191386,5.3631525285374115,5.044385475562816,4.828446636941137,4.682756678424735,4.58456906441749,4.518364172127368,4.473676418892299,4.44348192530453,4.423068953376411,4.409270648256053,4.3999522521456065,4.393670783370995,4.389449349445716,4.386627018046572,4.384758472458425,4.383546701926041,4.382797946351702,4.382392009526856,4.38226358898791
4.3822458800363195,4.38237432033777,4.38278031824694,4.383529178844697,4.384741104754819,4.386609863588969,4.389432479009278,4.393654286212253,4.3999362421221875,4.409255273019772,4.423054407421393,4.443468464878349,4.473664383142628,4.518354009061206,4.584561369936147,4.682752241063028,4.828446500123086,5.044391016276744,5.3631655504882945,5.82947488977493,6.499801912638935,7.433515428382655,8.662513620257343,10.116865839461308,11.49069781401546,12.170210998640531,12.170210998428626,11.49069781394057,10.116865838745566,8.662513620374082,7.433515428621589,6.499801912589388,5.82947488934948,5.3631655505517335,5.044391015414236,4.828446500371604,4.682752241260716,4.584561369940576,4.518354009003869,4.473664382592711,4.443468464717542,4.42305440772669,4.409255272906026,4.3999362417913135,4.393654286591554,4.389432478967734,4.3866098635842405,4.384741104940797,4.383529178992486,4.3827803183163585,4.382374320145378,4.382245879734957
4.382233250704428,4.382361705535039,4.382767747298068,4.3835166830703605,4.384728720451711,4.386597631564798,4.389420450617771,4.393642524841275,4.3999248290843775,4.409244314658716,4.4230440423526165,4.443458875902359,4.473655812746544,4.5183467788466105,4.5845559053857405,4.682749106766945,4.828446442492166,5.044395019590114,5.363174906404972,5.829491263231051,6.499827378103931,7.433552395478518,8.662564467216098,10.11693194460684,11.490777612262837,12.170297764915123,12.170297764914048,11.490777611113357,10.116931944415366,8.662564466854842,7.433552395002683,6.499827377825266,5.829491263616822,5.363174906237985,5.0443950196170535,4.828446442060233,4.682749106514213,4.584555905602367,4.5183467784642914,4.473655812498033,4.443458875325834,4.423044041906149,4.409244314093072,4.399924829547946,4.393642525178197,4.389420450657486,4.386597631710693,4.384728720815291,4.383516683490766,4.382767747355712,4.382361705554447,4.382233250889022
4.382225681385434,4.382354144879434,4.38276021290035,4.383509194291035,4.384721297962057,4.3865903009865175,4.389413242056236,4.3936354773026105,4.39991799128308,4.409237749103088,4.423037832728496,4.443453132648844,4.473650681228969,4.518342452283864,4.584552639488535,4.682747239933812,4.828446423132462,5.044397440082697,5.3631805423657735,5.829501114711506,6.499842691247852,7.433574617470111,8.66259502858292,10.116971672680483,11.490825566886043,12.170349906092891,12.170349905827331,11.490825566026537,10.116971672079982,8.662595028306765,7.433574617566512,6.499842690912558,5.8295011148373845,5.363180542372405,5.044397440353459,4.828446423035566,4.682747239725667,4.584552639284231,4.518342452065785,4.47365068074059,4.4434531320504105,4.423037832677389,4.409237748650916,4.399917990819483,4.393635477078021,4.389413242475965,4.386590301812067,4.384721298165319,4.38350919464231,4.382760213102729,4.382354144984586,4.382225681447633
4.3822231596673396,4.382351626117233,4.382757702663094,4.383506699706693,4.38471882484757,4.3865878588585385,4.389410841468899,4.39363312992252,4.3999157132825015,4.409235561796089,4.42303576456635,4.443451219858598,4.473648972259554,4.51834101168584,4.584551552878056,4.682746620211129,4.828446419384144,5.044398250062381,5.363182424904603,5.829504402706071,6.499847801267371,7.43358203195617,8.662605224726333,10.116984926161535,11.490841564203697,12.170367300197952,12.170367299252757,11.490841564026487,10.116984925804637,8.662605224993186,7.433582031074926,6.499847801578423,5.829504402658475,5.363182425062756,5.044398250069989,4.82844641902309,4.682746619854999,4.584551552435919,4.518341011857044,4.4736489719733985,4.44345122005263,4.423035764114499,4.409235561666734,4.399915712680555,4.393633129405411,4.3894108415424045,4.386587859572465,4.384718825621474,4.3835066995789145,4.382757702840739,4.382351626188749,4.382223159785924
