Model: 11_26_25_metacentric_relaxed_MCF10A_chr19_PMP1
Simulation: 11_26_25_metacentric_relaxed_MCF10A_chr19_PMP1_haspin_stripe
(SimID_300540363_1 (PDE Simulation)) 
Sim time range (0.0 500.0) (saved timepoints 51) 
Number of variables 46 
Variable names ['BUB1a', 'BUB1a_his', 'BUB1a_pKNL1', 'CPC_all', 'CPCa', 'CPCa_total', 'CPCi', 'CPCi_total', 'H2A', 'H3', 'H3_CPCa', 'H3_CPCi', 'HASPINa', 'HASPINi', 'KNL1', 'NDC80', 'NDC80_TTKa', 'NDC80_TTKi', 'NDC80_pTTKa', 'NDC80_pTTKi', 'PLK1a', 'PLK1i', 'SGO1', 'SGO1_CPCa', 'SGO1_CPCi', 'SGO1_ic', 'TIMEBOUNDS', 'TIMES', 'TTKa', 'TTKi', 'bound_CPC', 'bound_active_CPC', 'pH2A', 'pH2A_SGO1', 'pH2A_SGO1_CPCa', 'pH2A_SGO1_CPCi', 'pH3', 'pH3_CPCa', 'pH3_CPCi', 'pKNL1', 'pNDC80', 'pNDC80_TTKa', 'pNDC80_TTKi', 'pNDC80_pTTKa', 'pNDC80_pTTKi', 'pNDC80_total', 'pTTKa', 'pTTKi'] 
 
2D Slice for variable bound_active_CPC at time 120.0 in plane XY at Z = 0 
 
X in rows, Y in columns 
3.3099859623162273,3.3099754447521885,3.309944247202748,3.3098936269435106,3.3098265110648533,3.309749146570626,3.309674430831698,3.3096283146226924,3.309661766207825,3.3098725069681953,3.3104434636942295,3.3117090167095258,3.3142661024798294,3.3191552930774537,3.328146444828795,3.3441707513349725,3.3719338667239165,3.418688253157403,3.494946972384526,3.61438101415108,3.7908924135138267,4.0286838281676625,4.300429485430021,4.52612878911781,4.676469507080796,4.7497114467781785,4.749711448763348,4.676469513030369,4.526128798942311,4.300429498798626,4.0286838443962685,3.7908924318932775,3.6143810339351683,3.4949469930801005,3.4186882747308784,3.3719338895656015,3.3441707759208144,3.328146471194929,3.3191553204343833,3.3142661293092304,3.311709041439695,3.310443485542527,3.309872526237908,3.309661783903931,3.30962833153019,3.3096744467041006,3.309749159698074,3.3098265188585905,3.3098936284021745,3.309944242268888,3.3099754360776004,3.3099859506343057
3.309972412126805,3.309961894150839,3.3099306951035476,3.30988007401124,3.309812956819029,3.309735589763392,3.3096608700516064,3.3096147487041603,3.309648193956452,3.309858926700627,3.31042987246705,3.3116954091585,3.314252468904989,3.319141616273367,3.3281326949643066,3.34415687807808,3.371919787900776,3.418673839869102,3.494932032634754,3.6143652820994907,3.7908755616111107,4.028665535703509,4.300409607575075,4.526107588560977,4.67644741085845,4.749688907743531,4.749688909449127,4.676447415996469,4.526107597120195,4.300409619344928,4.028665550142411,3.7908755780828582,3.614365299874572,3.4949320511351627,3.418673858893059,3.371919807720535,3.3441568992709154,3.3281327179263918,3.319141640641777,3.3142524933388002,3.311695431838514,3.310429892039521,3.3098589428595715,3.309648207334726,3.309614760126604,3.3096608797948304,3.3097355968952424,3.3098129595150776,3.3098800717408907,3.3099306877882166,3.3099618827241417,3.3099723972717676
3.3099317641327093,3.3099212453838533,3.309890043364044,3.309839418193122,3.3097722952410513,3.3096949202552657,3.309620189899989,3.309574054929204,3.309607482829798,3.3098181927365125,3.3103891064629347,3.3116545948256317,3.3142115771179945,3.319100595506176,3.328091455876055,3.344115269824251,3.371877564045177,3.418630613726595,3.4948872281997074,3.6143181018506594,3.7908250229175926,4.028610676436601,4.300349993183548,4.526044006855704,4.676381142670943,4.7496213113871395,4.749621312256095,4.676381145301842,4.52604401129173,4.300349999414263,4.028610684301461,3.7908250321470436,3.6143181119993817,3.4948872387196768,3.4186306241496127,3.371877574293248,3.3441152804331304,3.3280914677947053,3.3191006093792352,3.314211592499303,3.3116546100948954,3.3103891196111475,3.3098182023363885,3.3096074885440556,3.309574057289014,3.309620189863413,3.3096949181514552,3.3097722901026247,3.309839409240737,3.309890030542384,3.3099212289184137,3.3099317431075557
3.3098640466744387,3.309853524932767,3.3098223163266383,3.3097716825693104,3.3097045483618617,3.3096271591325577,3.3095524107438608,3.3095062531602486,3.3095396523579024,3.3097503243601443,3.3103211847481266,3.311586592532332,3.3141434456299357,3.319032248876423,3.328022745156345,3.344045943590091,3.3718072115444535,3.4185585904355476,3.4948125740714744,3.6142394877138058,3.7907408111796417,4.0285192637289935,4.3002506554162,4.525938057126994,4.676270715774061,4.749508671347596,4.749508671533443,4.676270716299027,4.525938057945378,4.300250656567812,4.028519265339192,3.7907408133747844,3.614239490428616,3.4948125769431786,3.41855859285806,3.371807212986609,3.3440459440748715,3.328022745510554,3.319032250332741,3.3141434488878674,3.3115865970559555,3.3103211889109003,3.3097503263250294,3.3095396509777704,3.3095062482918753,3.309552403364492,3.309627150495964,3.3097045384711516,3.3097716698044954,3.309822299245809,3.309853503496012,3.309864018329616
3.30976929706298,3.3097587721157127,3.3097275543692977,3.3096769075399646,3.309609756149842,3.3095323454735603,3.3094575706334326,3.309411380471768,3.3094447387692454,3.309655357115946,3.310226142353156,3.3114914369613566,3.314048108906898,3.318936610688833,3.3279265969086076,3.343948933168977,3.3717087637344774,3.418457802709601,3.494708102182494,3.6141294707276375,3.7906229565503193,4.028391327053143,4.30011162343527,4.525789768484784,4.676116159400072,4.749351017139028,4.749351017271994,4.676116159691875,4.525789768725279,4.300111623535755,4.028391327129121,3.7906229568128027,3.614129471228937,3.494708102661133,3.418457802561569,3.3717087621915507,3.3439489297456624,3.3279265919156527,3.3189366053166642,3.3140481045794377,3.3114914343250494,3.310226140664699,3.3096553546810425,3.3094447339583106,3.309411372394155,3.309457559668887,3.3095323329543036,3.309609742921211,3.309676891945498,3.3097275330149496,3.309758744771093,3.3097692623048602
3.309647571443827,3.309637043375185,3.309605814693459,3.309555150675925,3.3094879763050855,3.3094105368278877,3.3093357267330723,3.3092894935278685,3.3093227981773228,3.3095333465351593,3.3101040341986843,3.3113691824164833,3.3139256206631598,3.318813734114407,3.3278030637813862,3.343824290651273,3.3715822720306403,3.418328301073277,3.4945738618648052,3.6139880987025736,3.7904715050667166,4.0282269106332915,4.299932939878338,4.5255991821699295,4.675917513647073,4.74914838807013,4.7491483884264145,4.675917514554496,4.525599183276989,4.29993294091406,4.028226911537177,3.790471505935448,3.6139880995706806,3.4945738626079885,3.418328301350423,3.371582271251333,3.34382428814019,3.32780305923788,3.318813728080415,3.3139256144760663,3.3113691773916902,3.3101040305178184,3.3095333430669633,3.3093227932828797,3.309289485856037,3.309335715897926,3.3094105234832245,3.309487961449515,3.3095551333705373,3.30960579042367,3.309637010844314,3.3096475315244427
3.309498944104801,3.30948841260731,3.3094571713992855,3.309406486398446,3.309339283439664,3.309261807847573,3.3091869535166794,3.309140666421154,3.3091739041277735,3.309384365475621,3.3099549323179347,3.3112198999780245,3.3137760509188694,3.318663688035481,3.327652213453194,3.343672082444029,3.3714278014879273,3.4181701491062064,3.4944099150359516,3.613815431678481,3.79028651475083,4.028026070547791,4.2997146592206565,4.525366351299901,4.6756748305423805,4.748900835425175,4.748900835969163,4.675674832036527,4.525366353416479,4.29971466161131,4.028026072923549,3.7902865169199056,3.6138154334736194,3.494409916394323,3.418170150082021,3.371427802059494,3.343672082294792,3.3276522120697085,3.31866368520108,3.3137760471880116,3.311219896444832,3.309954929567154,3.3093843629669575,3.3091739005770404,3.30914066046342,3.3091869443465236,3.309261795411948,3.309339268230312,3.3094064681339677,3.309457146029258,3.309488377718129,3.3094989017911467
3.309323506867779,3.3093129711372065,3.30928171543119,3.309231005542426,3.3091637682431894,3.30908624899687,3.30901134108726,3.3089649887384005,3.308998145541983,3.3092085020540902,3.3097789238778934,3.3110436757113604,3.3135994844924115,3.318486555903092,3.3274741279016933,3.343492388939067,3.3712454307887754,3.4179834236391473,3.4942163364948216,3.613611542214433,3.790068055779546,4.027788874682972,4.299456847479048,4.525091340375102,4.675388173475987,4.748608421958977,4.748608422523694,4.675388175138325,4.525091343025182,4.2994568508877515,4.027788878453253,3.7900680594521665,3.613611545346233,3.494216338904101,3.4179834255402244,3.3712454326170547,3.343492390952388,3.3274741299059536,3.3184865574192175,3.3135994852933157,3.311043676100272,3.309778924134682,3.309208501814336,3.308998143873837,3.308964984568152,3.3090113335572733,3.3090862377074566,3.3091637530816715,3.309230986370633,3.3092816895506503,3.309312936089911,3.3093234648673358
3.30912136872107,3.3091108276550405,3.309079554921129,3.3090288157886505,3.3089615379093047,3.308883966918561,3.308808995445006,3.3087625657350874,3.308795626836118,3.309005859769778,3.3095761113794313,3.3108406110094646,3.3133960215176397,3.3182824364120056,3.3272689041841192,3.3432853053349647,3.3710352530330745,3.417768215428705,3.493993214419165,3.6133765157034925,3.789816210656957,4.027515402801435,4.299159582177121,4.524774225116113,4.675057616917447,4.748271221573658,4.748271222118085,4.675057618604407,4.524774228020751,4.299159586215646,4.027515407613864,3.789816215753801,3.6133765205710717,3.4939932187397535,3.4177682192332366,3.371035256677617,3.343285309273308,3.3272689086492524,3.318282441246468,3.3133960263420645,3.3108406155523586,3.309576115401349,3.3090058626951664,3.308795627726417,3.3087625636924525,3.3088089896873853,3.3088839568527235,3.308961523026095,3.309028795673244,3.3090795281126337,3.309110792770405,3.309121327994026
3.308892655541694,3.3088821078953963,3.308850815099425,3.3088000417994423,3.3087327164353955,3.3086550848600496,3.3085800390024125,3.3085335188966862,3.308566468470683,3.308776557973334,3.30934661299466,3.3106108227965203,3.313165777567324,3.3180514436224504,3.3270366546214833,3.343050941918999,3.3707973761269234,3.4175246296326383,3.4937406508769264,3.613110450863011,3.789531074651846,4.027205746917944,4.298822952636319,4.524415092596943,4.674683246296791,4.747889318907792,4.747889319566314,4.674683248292526,4.52441509592588,4.2988229571580305,4.027205752334242,3.7895310806997524,3.613110457310971,3.49374065750448,3.4175246362094738,3.3707973824947746,3.3430509481172925,3.3270366608923183,3.3180514502279577,3.313165784548418,3.310610829941882,3.30934661990546,3.3087765639127946,3.3085664722620436,3.308533519470495,3.308580035578542,3.308655076619334,3.308732702551459,3.3088000213449846,3.308850787223789,3.3088820726748933,3.3088926156432907
3.3086375106119146,3.3086269550905283,3.3085956388129896,3.3085448258411594,3.308477445300982,3.30839974334055,3.3083246111882714,3.3082779864587812,3.3083108073875467,3.308520732215634,3.3090905628009235,3.3103544436123706,3.3129088835798015,3.3177937067708285,3.326777506569834,3.3427894238722202,3.3705319226604944,3.417252785756924,3.4934587618050577,3.61281345969795,3.7892127557248494,4.026860011219331,4.29844705994675,4.524014041296411,4.674265158082035,4.747462809316521,4.7474628102490195,4.674265160771414,4.524014045443612,4.298447065159146,4.0268600171807645,3.7892127624390093,3.6128134673377517,3.4934587704241724,3.417252795033594,3.3705319319575495,3.3427894326021392,3.3267775145785112,3.3177937144219296,3.312908891375251,3.310354451741341,3.309090571090568,3.3085207401250742,3.308310813727849,3.3082779898277574,3.3083246105536714,3.308399737587354,3.308477433225703,3.3085448059440608,3.3085956102700433,3.3086269191469446,3.3086374706185366
3.3083560948719413,3.3083455301480824,3.3083141866558985,3.308263327978501,3.3081958837889904,3.3081181006047715,3.308042868996656,3.3079961240062326,3.3080287976287024,3.308238534865478,3.308808111368369,3.310071622120896,3.312625486227296,3.3175093704555327,3.326491602431798,3.3425008911719245,3.3702390297927236,3.41695281759045,3.493147677001881,3.612485667498151,3.78886137446029,4.026478311905562,4.298032016771555,4.523571180969439,4.673803459784687,4.746991798968438,4.74699180015215,4.673803463133442,4.523571185971577,4.298032022849522,4.026478318686784,3.7888613820268797,3.612485676165564,3.4931476869662252,3.4169528286033493,3.3702390411451604,3.3425009020163103,3.326491612236269,3.3175093793234995,3.312625494716,3.3100716306779128,3.308808120090959,3.3082385435794355,3.3080288055519085,3.3079961296752116,3.30804287098632,3.308118097425268,3.308195873811973,3.3082633092671134,3.308314158164722,3.3083454937422028,3.3083560544109774
3.3080485874225225,3.308038012088748,3.3080066372958132,3.3079557263094332,3.3078882091784414,3.3078103328214477,3.307734987209531,3.3076881047149134,3.3077206105967734,3.3079301354038404,3.30849942610314,3.3097625234958428,3.312315748305393,3.31719859496692,3.3261790998668563,3.342185498662853,3.369918849226292,3.4166248731684705,3.492807540152339,3.612127212933242,3.788477064161255,4.02606077718889,4.297577947209685,4.523086632437987,4.673298269814298,4.746476404875502,4.746476406069814,4.673298273235887,4.523086637685542,4.297577953828814,4.026060784839554,3.78847707279526,3.6121272226115715,3.4928075508838314,3.416624884760866,3.3699188612519433,3.3421855105581924,3.326179111115777,3.317198605365817,3.312315758042284,3.3097625328714613,3.3084994352973527,3.307930144474298,3.3077206192772666,3.307688111854825,3.307734991119787,3.307810331621404,3.3078882008436348,3.307955708731114,3.308006609335866,3.3080379758566982,3.3080485468715968
3.3077151860882186,3.307704598600752,3.307673187978266,3.307622217403699,3.30755461713562,3.3074766344725615,3.307401158817209,3.307354119800334,3.3073864355081626,3.307595720871622,3.308164691704463,3.3094273299073786,3.3119798492459513,3.3168615567849336,3.3258401721995,3.341843416298946,3.3695715472479177,3.4162691146489164,3.4924385086363126,3.6117382478891957,3.7880599707424607,4.0256075471807,4.297084986577118,4.522560527225065,4.672749717036316,4.745916754537088,4.745916755497624,4.672749719905294,4.522560531966781,4.297084993109403,4.025607555308375,3.788059980226159,3.6117382583642867,3.492438519746125,3.416269126171429,3.3695715590946445,3.34184342839157,3.325840184313596,3.3168615685973184,3.311979860517738,3.3094273405357058,3.30816470175495,3.307595730448957,3.3073864446068466,3.307354127677818,3.307401163763065,3.3074766343293933,3.3075546095663024,3.3076222003305804,3.307673160432827,3.307704562870139,3.307715145948211
3.3073561080685097,3.307345506700795,3.3073140551623226,3.3072630168598227,3.3071953221622645,3.3071172187103177,3.307041595337752,3.3069943788494407,3.30702647975326,3.3072354962515678,3.30780411057132,3.30906624098073,3.3116179856602748,3.3164984492131087,3.3254750091018703,3.341474829785717,3.369197305227923,3.4158857186045632,3.492040753625796,3.611318937452671,3.78761025269482,4.02511877386619,4.296553281330678,4.521993007324121,4.672157940322809,4.745312985316183,4.745312985991527,4.6721579424833495,4.521993011288977,4.296553287370522,4.02511878193808,3.7876102624462207,3.6113189482365855,3.4920407648374305,3.41588572998661,3.369197316883938,3.341474841928721,3.3254750217041016,3.3164984619094287,3.311617997997501,3.3090662526076238,3.30780412144076,3.3072355064623444,3.3070264892416894,3.3069943870608545,3.3070416006660315,3.3071172189024853,3.30719531467436,3.3072629996668463,3.3073140275514894,3.307345471182384,3.3073560683229144
3.306971590685774,3.3069609735214804,3.306929475368132,3.3068783601769276,3.3068105584263394,3.306732318091092,3.306656527435112,3.306609110339478,3.306640969338604,3.3068496848411115,3.307417903108861,3.3086794740617855,3.3112303716224987,3.316109482750238,3.3250838170981885,3.3410799412030716,3.368796320283016,3.4154748766159457,3.4916144605226433,3.6108694601797766,3.7871280812441652,4.024594621233508,4.295982989202851,4.521384225299586,4.671523088527826,4.744665244215432,4.74466524475116,4.6715230903225775,4.521384228793169,4.295982994771165,4.024594628877705,3.787128090620974,3.610869470664954,3.4916144715605832,3.4154748880039527,3.3687963321308856,3.341079953675317,3.3250838301013177,3.316109495808877,3.3112303842168744,3.308679485903739,3.307417914236877,3.3068496954328834,3.306640979163948,3.306609118746978,3.3066565328702855,3.306732318318059,3.306810550798588,3.306878342636432,3.306929447303955,3.306960937585661,3.3069715507542914
3.3065618922033075,3.3065512571425373,3.306519706052199,3.306468503702329,3.306400580769355,3.3063221856048557,3.30624620593022,3.3061985626069155,3.3062301498010513,3.306438529091317,3.3070063084573995,3.3082672648074487,3.310817239127789,3.3156948854690746,3.3246668199439218,3.3406589694520377,3.3683688058056034,3.415036795833397,3.491159829466253,3.6103900084788365,3.7866136406009865,4.024035265447734,4.295374279378598,4.520734344508422,4.6708453207221785,4.743973688040542,4.743973688632359,4.670845322631213,4.520734348035819,4.295374284742128,4.024035272571859,3.786613649236153,3.610390018255696,3.4911598401106456,3.4150368072933257,3.368368818100512,3.340658982452855,3.3246668332939384,3.315694898562668,3.3108172514317014,3.3082672762223617,3.3070063192327783,3.3064385395396596,3.306230159629594,3.3061985709838035,3.3062462112874096,3.306322185751705,3.3064005730443093,3.3064684859445403,3.306519677510905,3.3065512203484473,3.3065618514375665
3.306127292890346,3.306116637632905,3.306085026621552,3.3060337256532044,3.305965665753983,3.3058870957452364,3.3058109028792777,3.3057630049276,3.3057942872951425,3.306002291701676,3.3065695855702675,3.3078298681989997,3.310378838995809,3.315254903796547,3.324224259313661,3.3402121509105753,3.367914992139696,3.4145716996795006,3.490677076010357,3.609880789178249,3.786067128358674,4.0234408950852565,4.294727332641181,4.520043539261049,4.670124806433171,4.743238483708861,4.743238484457108,4.670124808707453,4.5200435431096695,4.294727338024055,4.023440901817516,3.786067136310886,3.6098807982738474,3.490677086258668,3.414571711154442,3.3679150047756488,3.340212164283888,3.324224272773298,3.3152549166679415,3.3103788508062015,3.307829878999719,3.3065695957537056,3.3060023016179145,3.30579429668679,3.3057630128811875,3.305810907850118,3.305887095607822,3.3059656579159227,3.306033707869248,3.306084997852971,3.306116599982367,3.3061272510318553
3.3056680964406815,3.305657418456737,3.3056257398173416,3.3055743274954703,3.305506113055294,3.305427345915297,3.3053509129775818,3.3053027289015793,3.305333669960259,3.3055412569846414,3.306108014580621,3.3073675598872554,3.309915442147731,3.314789803679939,3.3237563958458627,3.3397397403885276,3.3674351275050975,3.4140798287910203,3.490166432082643,3.609342024442942,3.785488756274117,4.022811711710653,4.294042341749788,4.519311995084416,4.669361725906134,4.742459808592451,4.742459809460063,4.669361728457543,4.5193119991797275,4.294042347178889,4.022811718240062,3.7854887638675065,3.609342033194811,3.4901664421176655,3.4140798401699186,3.3674351400988396,3.339739753681886,3.323756409063528,3.314789816152708,3.309915453503362,3.3073675702350442,3.3061080243057592,3.3055412663197146,3.305333678668225,3.305302736090037,3.305350917195647,3.3054273451370944,3.3055061048504824,3.3055743096476986,3.305625711022383,3.305657380214753,3.30566805365242
3.3051846317651354,3.305173928258224,3.3051421734806814,3.305090635698782,3.305022247226417,3.3049432582243274,3.3048665553885206,3.3048180502950264,3.3048486097586665,3.305055732702149,3.3056218986480297,3.3068806380448543,3.3094273414299016,3.3142998723276684,3.3232635107527035,3.339242012591616,3.3669294793430207,3.413561442301163,3.489628147249705,3.608773953022381,3.7848787514437343,4.022147930900205,4.293319512259617,4.518539909360007,4.668556270643425,4.741637851063372,4.741637851924373,4.6685562731596555,4.518539913368306,4.293319517565145,4.022147937326219,3.784878758992831,3.6087739617735304,3.489628157249195,3.4135614534757033,3.366929491500861,3.33924202532824,3.323263523432771,3.3142998843758567,3.3094273525330826,3.3068806482436863,3.3056219081827107,3.3050557416089714,3.3048486177713747,3.3048180565768956,3.304866558599349,3.3049432564512067,3.3050222382716257,3.3050906175120627,3.3051421446221068,3.3051738896433056,3.3051845883605107
3.3046772553321118,3.3046665232013175,3.30463468288308,3.3045830040497237,3.304514420001341,3.3044351818027984,3.304358176093234,3.3043093114275384,3.304339444889004,3.304546052500557,3.305111566424848,3.306369425872531,3.308914854143592,3.313785420713836,3.3227459082329567,3.3387192643850496,3.366398336407383,3.4130168197783415,3.489062490549402,3.608176832013444,3.7842373579919486,4.021449783806949,4.292559063906878,4.517727492515161,4.667708644446034,4.740772811475351,4.740772812208153,4.667708646621852,4.517727496090005,4.292559068847714,4.021449790072585,3.784237365588187,3.60817684087157,3.4890625005226283,3.41301683064602,3.366398347942478,3.33871927635808,3.322745920288308,3.313785432435261,3.3089148652166354,3.3063694361655243,3.305111575952205,3.304546061119402,3.3043394522948617,3.304309316842402,3.304358178257024,3.3044351788968425,3.3045144100676547,3.304582985261533,3.3046346537709637,3.3046664842309497,3.304677211490089
3.304146354231017,3.3041355900509397,3.3041036538404045,3.3040518167907673,3.303983013450106,3.303903495975491,3.3038261510955196,3.3037768844164375,3.3038065430620858,3.304012579208416,3.3045773753828613,3.30583427497438,3.308378325478463,3.3132467870472855,3.32220391891792,3.338171818138161,3.36584201193895,3.4124462641959337,3.488469753266191,3.6075509394778904,3.783564839559852,4.020717519515774,4.291761232798371,4.516874970025576,4.66681906524132,4.739864903874259,4.739864904433218,4.666819066959953,4.5168749730199815,4.291761237219858,4.020717525456351,3.783564847026116,3.6075509482547785,3.488469763027405,3.4124462746426505,3.3658420228755546,3.3381718294730574,3.3222039305094073,3.3132467986027123,3.3083783366415114,3.3058342854272915,3.3045773849238596,3.3040125875784936,3.3038065499327844,3.303776889068141,3.3038261523270385,3.30390349205865,3.3039830026253787,3.3040517973906316,3.3041036243623427,3.3041355506362478,3.304146309938268
3.3035923501927775,3.3035815502165935,3.3035495068155485,3.3034974928010925,3.303428444243872,3.3033486146111195,3.3032708908619464,3.3032211757096235,3.3032503061095375,3.3034557094899615,3.304019716489928,3.3052755700608145,3.3078181332589778,3.3126843415665657,3.321637904686925,3.3376000264954286,3.365260848306142,3.4118501063649935,3.4878502531123203,3.60689657837285,3.7828614830143206,4.0199514085595585,4.290926274746512,4.515982585574715,4.665887768077801,4.738914358863529,4.738914359289807,4.665887769437039,4.5159825880766284,4.290926278638675,4.019951413997352,3.7828614900215047,3.6068965867017604,3.4878502623826737,3.411850116285883,3.365260858755438,3.3376000374539694,3.321637916071607,3.312684353099861,3.30781814452177,3.3052755806134426,3.304019725991245,3.303455717612461,3.303250312483603,3.3032211796594084,3.303270891268466,3.3033486099008162,3.30342843283107,3.3034974730472895,3.3035494770903884,3.303581510380552,3.3035923054241354
3.303015704982138,3.303004865168974,3.3029727024083564,3.302920491204555,3.302851169412208,3.302770992045856,3.302692846426442,3.3026426323833613,3.302671176465188,3.302875880468149,3.3034390209178373,3.304693735698021,3.3072346947188014,3.312098493336814,3.3210482654742632,3.3370042791522225,3.3646552236752743,3.4112287114063315,3.4872043404184634,3.606214082411841,3.782127603977486,4.0191517481501915,4.29005447024916,4.515050605833525,4.664915009746779,4.737921428112162,4.7379214284963185,4.6649150109640365,4.515050608060643,4.290054473699969,4.01915175296518,3.7821276102202295,3.6062140899381627,3.4872043489523854,3.4112287207335905,3.3646552337268893,3.3370042899085917,3.321048276794874,3.3120985048811793,3.3072347060196305,3.304693746282843,3.3034390303834194,3.3028758884114073,3.3026711824050885,3.3026426356453853,3.302692846025235,3.302770986681066,3.3028511577006086,3.30292047143247,3.3029726727264266,3.3030048251495434,3.303015659891086
3.3024169277087263,3.3024060437870713,3.3023737488116587,3.3023213190066705,3.3022516942195375,3.3021711312355846,3.302092517841756,3.3020417509141824,3.302069646262552,3.3022735791146096,3.3028357696510597,3.3040892460474387,3.3066284762979223,3.3114897000563874,3.320435449051364,3.3363850125722605,3.3640255616003434,3.410582488123781,3.4865324071892325,3.6055038247162647,3.781363555029691,4.018318869943992,4.289146131880217,4.514079327572557,4.663901075710432,4.736886391179357,4.736886391600462,4.6639010769770435,4.514079329722067,4.289146134995899,4.018318874109853,3.781363560366867,3.6055038312554863,3.486532414849765,3.4105824968041794,3.3640255712451497,3.336385023108525,3.3204354602507604,3.3114897115195614,3.3066284875605687,3.3040892566698625,3.3028357791922005,3.3022735870366122,3.302069651884273,3.3020417535113085,3.3020925166050317,3.302171125237748,3.3022516823301853,3.302321299408759,3.3023737194340415,3.3024060039414143,3.3024168826471634
3.301796584795156,3.3017856523823617,3.3017532120039887,3.3017005415677354,3.301630583016309,3.3015495950538973,3.3014704659638077,3.3014190894759037,3.3014462701580705,3.3016493555761732,3.3022105072378785,3.30346263891616,3.306000007853474,3.310858482305843,3.3197999652183783,3.335742724045395,3.3633723448728086,3.409911902558968,3.485834900260681,3.60476623047122,3.780569737785188,4.017453151515647,4.288201615216139,4.513069088167366,4.662846290342302,4.735809565639603,4.735809566118341,4.662846291713406,4.513069090306975,4.288201618058432,4.017453155091054,3.780569742274688,3.604766236060228,3.4858349070403483,3.409911910528342,3.3633723539794707,3.335742734172202,3.3197999760997066,3.310858493547018,3.3060000190443097,3.3034626496591275,3.3022105170155833,3.3016493636440627,3.3014462755884524,3.3014190914753523,3.3014704639109276,3.301549588406929,3.3016305709071405,3.3017005221091114,3.3017531830029796,3.3017856130045735,3.3017965401778713
3.301155313642711,3.3011443284558886,3.3011117297765145,3.301058797070647,3.300988474299221,3.3009070220585026,3.300827328989878,3.3007752852806638,3.3008016834866183,3.3010038421261987,3.3015638614592424,3.3028145359924492,3.305349903258108,3.310205444291102,3.319142406492999,3.3350779921567444,3.3626961356373126,3.40921749763925,3.4851123403727655,3.604001795318931,3.779746620520189,4.016555033181948,4.287221334898841,4.512020281040525,4.661751031956109,4.734691321932165,4.734691322425767,4.661751033336797,4.512020283090921,4.287221337461243,4.01655503626204,3.7797466243402633,3.604001800141704,3.4851123463647475,3.4092175048482134,3.362696144030684,3.33507800163728,3.319142416847696,3.3102054551999918,3.30534991438038,3.3028145469308265,3.301563871559754,3.3010038504067216,3.300801688804436,3.3007752867989524,3.30082732624768,3.300907014806029,3.3009884618666514,3.3010587775537297,3.3011117010174313,3.3011442896540686,3.3011552697832713
3.300493841422388,3.300482799633819,3.3004500310953566,3.3003968165776882,3.3003261017012537,3.300244148600825,3.3001638457992017,3.300111079188348,3.300136628129221,3.300337780244149,3.3008965715205405,3.302145671969198,3.304678890190482,3.309531303980767,3.3184634782628892,3.3343915066504457,3.361997604713093,3.408499921757571,3.4843653498560703,3.6032111120391734,3.778894763770333,4.015625042491471,4.286205788076539,4.510933378218601,4.660615754739028,4.7335321049938885,4.733532105431891,4.660615755964,4.510933380023485,4.286205790303621,4.015625045155096,3.7788947671010593,3.6032111162939655,3.484365355185187,3.40849992820777,3.3619976122936164,3.3343915153489814,3.318463487982962,3.309531314503975,3.304678901218716,3.3021456830538956,3.3008965818517635,3.3003377886483953,3.3001366333442,3.3001110803739,3.300163842586486,3.3002441408713223,3.300326088871472,3.300396796773467,3.3004500023446597,3.300482761340033,3.300493798461837
3.2998130109847024,3.299801909804074,3.299768962904336,3.299715451910443,3.2996443233205768,3.299561839905819,3.2994808889820972,3.299427350757645,3.299451989548347,3.2996520595203407,3.300209528646223,3.3014569365688398,3.3039878532339007,3.3088369368354553,3.317764042655292,3.3336841119535148,3.361277574338829,3.407759970389079,3.4835946928670825,3.602394909243624,3.7780148574104695,4.014663829702289,4.285155588395843,4.509808963070787,4.659441020581048,4.732332465612638,4.732332465944041,4.659441021524695,4.509808964502551,4.285155590230704,4.014663831986422,3.7780148603531947,3.6023949130465236,3.483594697626636,3.407759976135874,3.361277581136927,3.333684119896325,3.317764051758517,3.308836946948942,3.3039878640553266,3.301456947581053,3.3002095389371666,3.299652067837163,3.299451994617809,3.299427351748781,3.29948088552386,3.2995618318531843,3.299644310074319,3.2997154316630497,3.2997689339665874,3.299801871871651,3.299812968927872
3.2991138166364493,3.2991026552484346,3.29906952729653,3.2990157144879766,3.2989441627900176,3.2988611338428524,3.2987795116472447,3.2987251682430125,3.2987488499324304,3.2989477737403154,3.2995038347731884,3.3007494354115687,3.303277896381149,3.308123439311402,3.3170451823317206,3.332956870537835,3.3605370804252073,3.40699864666339,3.4828013338556225,3.601554107478722,3.777107774296925,4.013672219022958,4.284071515056475,4.508647777542236,4.658227544993219,4.731093105642114,4.73109310586068,4.658227545638068,4.5086477785853125,4.284071516500281,4.013672220940844,3.777107776862181,3.6015541108366236,3.482801338070305,3.406998651770788,3.3605370865467505,3.332956877847638,3.3170451908977396,3.3081234489815836,3.3032779068081948,3.30074944603558,3.299503844680774,3.2989477817217825,3.298748854774865,3.2987251691004267,3.2987795080653215,3.298861125558243,3.2989441491377876,3.2990156937515955,3.299069498090787,3.2991026175415823,3.299113775426096
3.2983974535692533,3.298386234623286,3.2983529331119965,3.2982988295068387,3.2982268668920116,3.298143302684581,3.2980610138491806,3.2980058599733884,3.2980285645167013,3.298226301846574,3.2987808876078377,3.300024578437301,3.302550433948155,3.3073922212798625,3.316308293353726,3.3322111551578484,3.3597774631497517,3.4062172494395098,3.4819865224483024,3.60068990049701,3.7761746477757163,4.012651282469325,4.282954583373198,4.507450789989023,4.656976262990432,4.7298149428565095,4.729814942996985,4.656976263427631,4.507450790757809,4.2829545845181265,4.012651284052357,3.776174649927719,3.6006899033376194,3.4819865260607257,3.4062172539064655,3.3597774686537507,3.3322111619198136,3.316308301432218,3.3073922304584418,3.3025504438089044,3.3000245884101345,3.2987808968575725,3.2982263092785495,3.2980285689977604,3.2980058606155698,3.2980610100919283,3.2981432941422226,3.298226852835583,3.298298808316,3.298352903656058,3.2983861970425754,3.2983974131317706
3.2976653861324454,3.29765411807883,3.297620667551587,3.29756631155225,3.297493986472536,3.2974099403893944,3.297327037023989,3.2972711163910637,3.297292871271676,3.29748942487873,3.2980425039990746,3.2992842085494534,3.301807323077936,3.306645140818776,3.3155552206100345,3.331448783270297,3.3590004988343654,3.4054175013171952,3.4811519165729115,3.5998038728459556,3.7752169835001683,4.01160244609558,4.281806145992264,4.506219292260569,4.655688423219561,4.728499203535145,4.728499203650188,4.655688423589764,4.506219292932057,4.281806146982638,4.0116024474063305,3.7752169852120234,3.5998038750786585,3.4811519194681413,3.4054175050418367,3.359000503646416,3.331448789432458,3.3155552281593836,3.3066451494586944,3.30180733230685,3.2992842177798316,3.298042512472401,3.297489431608263,3.297292875193505,3.2972711165870727,3.2973270328740165,3.2974099314398457,3.2974939719545353,3.297566289933304,3.297620637872652,3.2976540805309615,3.2976653463855587
3.2969194420579178,3.296908142766119,3.2968745954883714,3.296820070054503,3.2967474900727067,3.296663086045058,3.2965796984222946,3.2965231361417207,3.2965440487432054,3.296739495019273,3.297291098997516,3.298530788917465,3.301051057073604,3.3058847010823196,3.314788455611514,3.330672213186645,3.35820859208705,3.4046017347481397,3.4802997609962256,3.5988981698600173,3.7742368205292753,4.010527642492806,4.28062803769043,4.504955038177289,4.6543657219358705,4.727147554093664,4.727147554221737,4.6543657223404304,4.504955038876076,4.280628038629653,4.010527643585256,3.774236821794888,3.598898171420353,3.480299763057703,3.4046017375764825,3.358208596032732,3.330672218579331,3.314788462507271,3.305884709139443,3.301051065707176,3.2985307974728264,3.2972911067145354,3.2967395009544203,3.296544051886932,3.2965231355935862,3.2965796935739156,3.2966630764288287,3.2967474749060433,3.296820047905345,3.2968745655136127,3.2969081051218696,3.296919402907401
3.296161942323672,3.2961506446391517,3.2961170970368303,3.2960625562285712,3.295989923401404,3.295905398432761,3.2958217825864846,3.295764835467631,3.295785143484983,3.295979680253149,3.2965299459725372,3.297767675885372,3.300285047699232,3.3051143381023085,3.3140114256868083,3.329884830624917,3.357405056008283,3.4037731627700922,3.479433146228693,3.5979757432826,3.7732369631802043,4.009429529356313,4.279422782056545,4.503660440465855,4.653010493022805,4.725762287518898,4.725762287658648,4.653010493454396,4.503660441173787,4.279422782920455,4.009429530207694,3.7732369639762076,3.5979757441386715,3.47943314739923,3.403773164603488,3.3574050589439763,3.3298848350815704,3.314011431789265,3.3051143455164427,3.300285055772959,3.2977676838521672,3.2965299529874774,3.2959796853504497,3.2957851456958935,3.2957648339395846,3.2958217767427,3.2959053877964712,3.2959899072117387,3.296062533233014,3.2961170665289026,3.2961506067131516,3.296161903662857
3.2953958797406218,3.29538463998788,3.29535125783114,3.2952969675808497,3.2952246329470216,3.295140402745826,3.295057014057716,3.295000148486106,3.295020298093527,3.2952143188978344,3.29576355493137,3.296999517017249,3.299514037744369,3.3043388418575184,3.3132289171595097,3.329091367675187,3.356594521149791,3.402936273082354,3.478556384070032,3.597040706074649,3.7722213144213224,4.008311802288405,4.2781938859072435,4.5023388501001556,4.651625976640289,4.724346586488396,4.724346586599153,4.6516259769829915,4.50233885064976,4.278193886520595,4.008311802757993,3.772221314665677,3.5970407062104393,3.4785563843817218,3.4029362739593214,3.3565945230791527,3.3290913711487073,3.3132289223843268,3.30433884853921,3.2995140451929155,3.29699952436067,3.2957635612236276,3.2952143231325617,3.2950202993233497,3.2950001458718536,3.2950570069838765,3.2951403906782506,3.295224615205357,3.295296943242051,3.295351226417109,3.29538460154567,3.2953958414399267
3.2946251637747794,3.2946140747506862,3.2945811316283007,3.294527532105378,3.294456079211184,3.294372839059459,3.2942904456403537,3.2942344578269265,3.294255224595017,3.294449433824104,3.2949982233982973,3.296232832364247,3.298744704640247,3.303564972932132,3.3124476951153676,3.32829851583251,3.3557835327766585,3.4020974019432946,3.4776755524886065,3.596098844889949,3.771195354964377,4.0071796418857195,4.276946257871264,4.5009949515549925,4.650216697928124,4.722904893504347,4.7229048935320295,4.6502166980247255,4.500994951711787,4.276946257976144,4.007179641753954,3.771195354522949,3.59609884428162,3.477675552024665,3.402097402013677,3.355783533853765,3.328298518423516,3.312447699470711,3.3035649787887413,3.2987447112982267,3.296232838903315,3.2949982288306883,3.2944494371355684,3.2942552248338854,3.294234454084239,3.294290437147006,3.2943728251666466,3.294456059392345,3.2945275059202745,3.2945810989195907,3.2946140355349995,3.2946251256521832
3.2938549548307816,3.2938441656240633,3.2938121016073305,3.293759902358333,3.293690274883334,3.2936091541278563,3.2935290109636295,3.2934752121551982,3.293497887744191,3.293693478738139,3.2942428392982683,3.295476864252188,3.2979865446715704,3.3028023666798614,3.3116774120559223,3.3275158238091485,3.3549814237681197,3.4012655703628263,3.4767992863691664,3.5951583602022477,3.7701668313532313,4.006040352040766,4.2756868024464705,4.499635320731109,4.648788999334666,4.721443429960752,4.7214434298688985,4.648788999073177,4.499635320314525,4.2756868018277805,4.006040351111415,3.7701668300936158,3.595158358803957,3.4767992851817024,3.4012655697672565,3.3549814241826867,3.3275158256940647,3.3116774156366398,3.302802371676947,3.2979865503756023,3.2954768697538412,3.29424284365032,3.2936934809702367,3.2934978868847153,3.293475207165618,3.2935290008582516,3.293609138131097,3.2936902526733904,3.2937598740347935,3.293812067343631,3.2938441253971016,3.293854916632741
3.293092118510815,3.293081864636331,3.293051375496477,3.2930017002522014,3.2929353965616777,3.2928581946449853,3.29278231040212,3.2927328115090937,3.292759491419473,3.2929584216788244,3.2935100519266562,3.2947448207984924,3.2972531696617198,3.30206486051376,3.31093194165021,3.326757013817456,3.3542015915027785,3.400453703262238,3.4759399254634498,3.594230935173304,3.7691467437513766,4.004904270332265,4.274425261740299,4.498269210748185,4.647351786843892,4.7199709218883354,4.719970921679439,4.647351786220075,4.4982692097230395,4.274425260321738,4.004904268509558,3.769146741587603,3.5942309329212723,3.475939923524941,3.4004537020302807,3.3542015913501375,3.326757015135347,3.3109319445871113,3.302064864708332,3.2972531743510163,3.2947448250946243,3.2935100549666676,3.2929584225713673,3.292759489184043,3.292732805002035,3.292782298473204,3.2928581764443647,3.2929353719664287,3.2930016698133673,3.2930513396231973,3.293081823234873,3.293092079949001
3.2923458394631044,3.292336488490891,3.2923086609176644,3.292263267390624,3.292202636433885,3.2921321827719456,3.2920637277932268,3.2920218760480093,3.2920559025052176,3.2922613185203504,3.2928179806547946,3.294055696967135,3.2965642103572597,3.30137244444444,3.3102313386800852,3.3260419134993957,3.3534633675459524,3.3996804084258274,3.4751151817893766,3.5933332795355146,3.768150763552926,4.0037860654301305,4.273175406508391,4.496909656499555,4.645917573475587,4.718499611877506,4.71849961158715,4.645917572580674,4.496909654968358,4.273175404355995,4.0037860627302075,3.7681507604617632,3.593333276371731,3.4751151790143258,3.399680406474022,3.353463366788072,3.3260419142831683,3.3102313410652036,3.301372447934623,3.296564214069442,3.2940556999965405,3.2928179822104537,3.292261317790965,3.292055898529969,3.2920218676746726,3.29206371384809,3.2921321624220643,3.292202609698632,3.2922632350898713,3.2923086235554604,3.2923364458791338,3.29234580031291
3.2916284453969165,3.2916205657583637,3.2915970815086104,3.2915586939065693,3.291507384031753,3.291448085544665,3.2913920146918203,3.291363062639369,3.291409705554128,3.2916265981675363,3.292192709170094,3.2934369429633588,3.2959481125678676,3.3007541301873995,3.3096047221076472,3.3253992943952784,3.3527947580558397,3.398972574534374,3.4743505631762215,3.5924893604955797,3.7672012679070623,4.002706585193216,4.271956719728568,4.495575024833058,4.64450393551281,4.717046666787797,4.717046666451062,4.6445039344442245,4.4955750229297635,4.271956716975437,4.002706581716193,3.767201263935617,3.5924893564028255,3.474350559483403,3.3989725717440593,3.3527947565825262,3.3253992945801127,3.3096047239338944,3.3007541330064463,3.295948115340033,3.293436944729852,3.292192709172263,3.2916265956435167,3.2914096995766786,3.291363052143057,3.2913919986196807,3.2914480631636054,3.291507355442083,3.2915586600326163,3.2915970428507757,3.291620522043536,3.291628405592186
3.2909565044049063,3.290950968730063,3.290934411605846,3.290907221780176,3.290870859289764,3.2908295312809526,3.2907935329215294,3.2907856619683455,3.290853165057653,3.291089380057286,3.291671926393484,3.292928375439269,3.2954462470133796,3.300252174424445,3.3090945195665404,3.32487104606367,3.3522364640221474,3.3983691686305635,3.473682898470313,3.5917336282438708,3.766330260629327,4.001695489251324,4.270796775413788,4.494291188198379,4.643135542004932,4.71563613295651,4.715636132584097,4.6431355407979344,4.4942911859943235,4.2707967721729085,4.001695485126446,3.7663302558816554,3.591733623273175,3.4736828938505915,3.398369164944403,3.3522364617420406,3.3248710455322215,3.309094520706317,3.3002521764654777,3.2954462487923952,3.2929283759522523,3.291671924882028,3.2910893757595807,3.290853157055228,3.290785649311925,3.2907935147352676,3.29082950697549,3.290870829024182,3.290907186516062,3.2909343718236563,3.2909509241171477,3.290956464044176
3.290352272110319,3.2903504117356825,3.2903447271556203,3.2903351467530375,3.290322357961002,3.290309481035606,3.290305419467815,3.290331303251152,3.290432489495294,3.2907002853589593,3.291310238248194,3.2925879092833568,3.2951189507508176,3.2999282974134942,3.308762719260494,3.3245183181135927,3.351847783127736,3.3979267908161006,3.473165468929012,3.5911156827260178,3.7655835682527456,4.000795000902048,4.2697346007605725,4.493094572624024,4.641846982547818,4.714301650665079,4.7143016502392765,4.6418469811667755,4.49309457011002,4.269734597083657,4.00079499623641,3.7655835628648946,3.5911156770121777,3.473165463487404,3.397926786284298,3.351847780004004,3.3245183167228385,3.3087627194938887,3.299928298457373,3.2951189514052417,3.292587908541649,3.291310235335832,3.290700279467599,3.290432479667362,3.2903312886135954,3.290305399304461,3.2903094549043317,3.2903223261002696,3.2903351101821774,3.290344686372905,3.290350366453971,3.2903522313749742
3.2898455776518953,3.289849412385062,3.289860591802892,3.2898783756216465,3.2899023195261727,3.2899339338210587,3.2899800350322375,3.2900592219102993,3.290213953754849,3.2905324010231753,3.2911869062180346,3.292499949397891,3.2950544027234296,3.2998728368938233,3.30870007794891,3.3244305588729306,3.3517152761574933,3.3977278026291757,3.4728754817678857,3.59070703039793,3.7650268729242455,4.000065259330982,4.268825433062067,4.492036436331062,4.640686711545263,4.713090226625158,4.7130902261000625,4.640686709896693,4.492036433447783,4.268825428963793,4.000065254212834,3.765026867052396,3.590707024136453,3.4728754756867417,3.397727797366351,3.351715272186881,3.3244305564870476,3.3087000770578157,3.2998728367306467,3.2950544021333505,3.2924999474018706,3.2911869020186044,3.290532393750325,3.2902139423866923,3.2900592055844777,3.289980013121193,3.2899339060085135,3.289902286162292,3.2898783378270577,3.289860550134292,3.2898493666453206,3.289845536718667
3.2894762458461697,3.2894888233426633,3.289525916939503,3.2895858306424186,3.2896664849494566,3.28976703148458,3.289891182447933,3.2900537152069593,3.2902926562408776,3.2906913281535863,3.291417092291433,3.292787651274234,3.295381641316703,3.3002182052866638,3.3090396692395854,3.324738807015772,3.35196548670434,3.39789221881464,3.472924955601063,3.590610871043231,3.7647543934627747,3.9995919646011378,4.268147461789334,4.491188888903032,4.639722563450849,4.7120674907991225,4.71206749012798,4.639722561442784,4.491188885594118,4.268147457280382,3.9995919591056475,3.7647543872469575,3.5906108644181614,3.4729249490582745,3.397892212941364,3.3519654819164115,3.3247388035750216,3.3090396671191176,3.300218203821103,3.2953816394311315,3.2927876480212652,3.291417086861548,3.2906913196449548,3.290292643585056,3.290053697494683,3.28989115905944,3.2897670022043486,3.2896664502595576,3.289585791783957,3.289525874542752,3.2894887773454,3.2894762048563404
3.289297151190186,3.2893230440754295,3.289399647178619,3.2895239246444103,3.289691472393129,3.289898029828198,3.2901427335069715,3.290434626030825,3.2908049740799945,3.291329610170436,3.2921681301531733,3.293630768462172,3.2962895962892045,3.301158618682608,3.3099767705595853,3.325635197517283,3.3527835784095394,3.3985950821792485,3.4734765618239,3.590976269252337,3.7649013819158883,3.9994973108785277,4.267811404624247,4.490653384688614,4.6390494936994315,4.711325052139657,4.711325051322443,4.63904949133043,4.490653380950181,4.267811399711294,3.9994973050380573,3.7649013754278426,3.590976262383898,3.4734765549615054,3.398595075813049,3.352783572876031,3.3256351930599,3.309976767239391,3.3011586159465303,3.2962895931320895,3.2936307639597198,3.2921681235132483,3.291329600505659,3.2908049603101563,3.2904346071664548,3.290142708885919,3.2898979993311093,3.2896914366379426,3.2895238849761497,3.2893996042859692,3.2893229980416203,3.2892971102675372
3.2893779781330457,3.2894240047426626,3.2895604179149105,3.289782348263609,3.2900821520406476,3.290450706010644,3.290880473701678,3.2913719507856065,3.291946135318947,3.2926673010911682,3.293682918143937,3.295291482885795,3.2980547686817205,3.3029788834520866,3.3117979283612926,3.327401475414794,3.354440547639018,3.400091773810618,3.4747666232969596,3.5920186416068276,3.7656621005343647,3.9999556299351715,4.267974133489852,4.490572745790674,4.638800491013314,4.710990843426344,4.710990842513558,4.638800488385494,4.49057274169807,4.267974128214399,3.9999556237778244,3.76566209379748,3.592018634545922,3.4747666161959545,3.400091767030815,3.3544405414327936,3.3274014700303014,3.3117979239600297,3.3029788795772967,3.298054764358683,3.2952914771991955,3.2936829103451557,3.2926672903228362,3.291946120508779,3.291371930880256,3.29088044801989,3.29045067455614,3.2900821155437896,3.289782308114843,3.289560374821129,3.2894239589204566,3.2893779374080117
3.2898097067000496,3.2898859627490156,3.2901122920775765,3.290481394447186,3.29098122349363,3.2915958531063922,3.2923081376579137,3.2931059387528867,3.293994730509913,3.2950209871711222,3.2963132379646662,3.2981514694145257,3.3010811707184464,3.3060960904717285,3.314923145820972,3.3304504096170287,3.3573327210888957,3.402754684155717,3.4771383476329185,3.594049262490955,3.7673156152820675,4.001215748308571,4.268858073545473,4.491148220104106,4.639162018775546,4.711243738420848,4.7112437374785125,4.639162016042444,4.491148215820928,4.268858068048054,4.001215741940282,3.7673156083414256,3.5940492552430947,3.477138340290363,3.402754676968668,3.357332714255468,3.3304504034103872,3.31492314049545,3.306096085636957,3.301081165386899,3.2981514626716466,3.2963132291102117,3.295020975345386,3.293994714648265,3.2931059178205966,3.2923081110519408,3.2915958209835536,3.2909811866217242,3.2904813541593114,3.2901122490594834,3.2898859173634585,3.2898096662935483
3.290709732447445,3.2908310443152446,3.2911915823728135,3.291780961724085,3.2925813491704297,3.2935675206473407,3.2947087059234823,3.2959742750676715,3.297346374555794,3.2988441571292464,3.300566593693847,3.3027644397636347,3.3059573061381538,3.311119361998733,3.3199664984932413,3.335385363607474,3.3620385603502516,3.407125889608045,3.4810894739689733,3.5975174677071,3.7702625983965006,4.003632812494051,4.270778763143952,4.492663680110486,4.640395900252799,4.712334260090302,4.712334259173293,4.640395897571485,4.492663675866365,4.270778757661015,4.003632806108315,3.770262591361238,3.5975174602947777,3.481089466358792,3.4071258819918553,3.3620385529143624,3.335385356652255,3.3199664923543155,3.3111193563425365,3.305957299954307,3.3027644321372205,3.300566583933796,3.2988441443089656,3.29734635761819,3.2959742531289917,3.294708678571844,3.293567488175066,3.292581312259689,3.291780921541506,3.291191539596547,3.290830999529585,3.2907096924589974
3.2922273379638187,3.292415269167018,3.2929745656718694,3.293891176071576,3.2951400068399526,3.2966835071965637,3.298471958102957,3.300447991406249,3.3025589642748994,3.304782282606684,3.307170895414257,3.3099294072556606,3.3135362052947053,3.318934209056434,3.3278219983555135,3.3430848167108653,3.36939928415063,3.413991869185117,3.4873397750926634,3.6030703633981096,3.7750773340180896,4.007713228776208,4.274183767798776,4.495519808874259,4.642870261125295,4.71461387653334,4.7146138756656315,4.642870258597041,4.495519804876207,4.274183762582853,4.007713222606677,3.775077327069937,3.603070355917847,3.4873397672403867,3.4139918611433155,3.369399276125622,3.3430848090288476,3.3278219914462595,3.318934202666583,3.313536198408987,3.3099293989392984,3.307170884903019,3.304782268866052,3.30255894628549,3.300447968562537,3.29847193023048,3.296683474633499,3.2951399700694277,3.293891136055705,3.292974523190762,3.2924152251357395,3.2922272985254577
3.294548928950574,3.2948344809541226,3.2956855494018167,3.2970841811729645,3.2989967930610553,3.301370159250651,3.3041288483051825,3.3071774064440502,3.310411800211754,3.313746036691217,3.3171616805339075,3.320790608919013,3.3250455285874945,3.330819296674915,3.339782915809232,3.3548200727601545,3.3806312349357013,3.42448762905859,3.4969250794196776,3.611635955105246,3.78258012354208,4.014177280741032,4.279706992070639,4.500281924202568,4.647102917964351,4.718576142289938,4.718576141472132,4.647102915618392,4.500281920547631,4.2797069872906155,4.014177274993037,3.7825801169028175,3.6116359477296975,3.496925071435115,3.4244876206693053,3.3806312263803187,3.354820064388605,3.3397829081699983,3.3308192896269255,3.3250455211266776,3.320790600049509,3.3171616693579535,3.3137460221049087,3.310411781280623,3.3071773828687134,3.3041288200853347,3.301370126662624,3.2989967563799514,3.2970841412415828,3.2956855072808993,3.2948344379346173,3.2945488903003404
3.2979020042202483,3.2983291357553934,3.2996042026745585,3.301705981687598,3.3045921018437805,3.308190582776431,3.312392216042896,3.317048313323816,3.3219798284683413,3.3270052552851186,3.331996036514163,3.336969847382584,3.3422349344691,3.3486038966704594,3.3577034574368443,3.3724151872462644,3.3974787362485777,3.4402383991100347,3.511325231641611,3.624536326289799,3.7939359743851018,4.024044661012921,4.2882431039202356,4.507745765455505,4.653821278859099,4.724913622787804,4.72491362201917,4.653821276685377,4.507745762133712,4.288243099640467,4.024044655836464,3.7939359682782197,3.6245363192561437,3.5113252237428005,3.4402383905546383,3.3974787272828295,3.3724151782414395,3.357703449099066,3.348603889022792,3.3422349265283477,3.3369698380412958,3.3319960247429283,3.3270052399782957,3.3219798087759655,3.317048289140218,3.312392187446236,3.308190549983957,3.3045920650638547,3.3017059417942534,3.299604161143396,3.2983290941501733,3.2979019667109917
3.3025562379879596,3.3031862601068056,3.305070276176184,3.3081861973331455,3.3124847644938145,3.317873681416538,3.3242013046220467,3.331246306661728,3.3387217757770915,3.3463037730375125,3.353695095605524,3.3607350291604225,3.367566280958301,3.374873012797218,3.384210662138246,3.3984572916838154,3.422415467535122,3.4635464621620478,3.532632930985756,3.643637153722991,3.8107852601395216,4.03874810035026,4.3010468587253055,4.5190257409622685,4.664043064910369,4.7345948170039245,4.734594816299827,4.664043062922101,4.519025737973673,4.301046854994143,4.038748095876927,3.8107852547660745,3.6436371472861735,3.532632923433406,3.463546453637402,3.4224154582664927,3.3984572820868495,3.3842106531338088,3.3748730046413855,3.367566272675992,3.3607350194719716,3.3536950833772807,3.3463037571561096,3.338721755431826,3.331246281804755,3.324201275422985,3.317873648188979,3.312484727552116,3.3081861576448617,3.305070235613643,3.303186220301149,3.30255620194523
3.308819351931496,3.3097361075750302,3.312482806997829,3.3170421484507804,3.323364235137357,3.331338743135974,3.3407641074048,3.3513229504226203,3.3625761456292627,3.3739900639764024,3.38501163547965,3.3952034359788024,3.40444723080141,3.413222454305777,3.4229699571095646,3.4365613646746658,3.4588985859564914,3.4976272782308344,3.5637674485633037,3.671537400940692,3.8354100731596437,4.060278740088749,4.319860928538723,4.5356692224552475,4.679181428676278,4.7489646491816115,4.748964648578613,4.679181426956999,4.535669219901149,4.319860925453381,4.0602787364605195,3.835410068691869,3.671537395312304,3.5637674415706306,3.4976272698898825,3.4588985764938984,3.4365613545680005,3.422969947514846,3.4132224457561584,3.4044472223009046,3.395203426060174,3.385011622936355,3.3739900476175544,3.3625761246717314,3.351322924848346,3.3407640775660714,3.33133870957093,3.3233641982933686,3.3170421093390496,3.312482767751154,3.3097360697593556,3.308819317491964
3.317024762000049,3.318340232864318,3.3222897341417985,3.328871901483992,3.338050215541129,3.34970643887123,3.363586322412868,3.3792507663903404,3.3960509060537305,3.4131493072992654,3.4296092039722748,3.4445677270008073,3.457498167875189,3.468555544678709,3.47899746287763,3.491683588682469,3.511670608559105,3.5468907858325514,3.608730041061506,3.711796984047406,3.8709350096790267,4.091362829402986,4.347072507041063,4.559797675038034,4.701175596583873,4.769869821685602,4.769869821250651,4.701175595316261,4.559797673127347,4.3470725047325605,4.091362826708673,3.870935006198285,3.711796979318212,3.6087300347563107,3.5468907778225622,3.5116705990918327,3.4916835782567652,3.478997452831812,3.4685555358161038,3.4574981591784066,3.4445677168993236,3.429609191212803,3.4131492905878003,3.3960508846863773,3.3792507404361722,3.3635862923772426,3.349706405417418,3.3380501791699553,3.328871863287159,3.322289696389868,3.3183401971771738,3.317024729251482
3.3275075396983795,3.3293671096380444,3.334962794414259,3.3443290132655075,3.3574694511377383,3.374282175893874,3.3944685439323155,3.41744428700899,3.442280260188985,3.4677075411001805,3.4922221657608628,3.514314164007095,3.5328228730141675,3.547393192571966,3.5589921755759497,3.5704581034764655,3.5870860700578913,3.61724767677889,3.6728840264460842,3.7691886097305245,3.921551575879991,4.1356614704264985,4.385892404824377,4.594269787878654,4.732643132719473,4.799805578191952,4.799805577972199,4.732643132043227,4.594269786766714,4.385892403364542,4.135661468636791,3.921551573347125,3.7691886058602755,3.672884020867809,3.6172476692601285,3.587086060887794,3.570458093082642,3.5589921653328354,3.5473931835118098,3.5328228641807735,3.5143141538261604,3.492222152893318,3.467707524206886,3.4422802387334857,3.417444261216639,3.3944685142951436,3.3742821429523184,3.3574694154486173,3.3443289761297685,3.3349627581705112,3.3293670763136363,3.3275075088401747
3.3405654142981627,3.3431514534517768,3.35095210929495,3.364070303867374,3.3825964525134276,3.4064924175897007,3.4354447535067743,3.468711792547223,3.505004667469994,3.542456681032954,3.5787399805588267,3.6113730540922333,3.638221340171831,3.658135249708261,3.67162671953567,3.681498369512281,3.6934087637136885,3.7163928194033993,3.7632190170581814,3.849940599371723,3.9927395927225677,4.1979721855713965,4.440539530727165,4.642852434105262,4.777041510002727,4.842072457266803,4.842072457277233,4.777041509956712,4.6428524338243875,4.440539530086869,4.1979721845602125,3.9927395909869436,3.849940596247611,3.7632190121977906,3.716392812573855,3.6934087552324972,3.681498359591991,3.6716267094312673,3.6581352407650125,3.638221331613667,3.6113730442259526,3.578739967792709,3.5424566640322763,3.50500464597556,3.4687117670364556,3.435444724454189,3.4064923853534212,3.382596417813721,3.364070268020366,3.3509520747703903,3.343151422897144,3.3405653857525723
3.3564028739726264,3.3599346449975163,3.3706157499576332,3.3886680571031245,3.41434340555033,3.447750407972237,3.4886268631599315,3.5360883199158026,3.5884091824403264,3.642920353280254,3.696122746908168,3.744098680357753,3.783235112242068,3.8111590408183607,3.827681307391743,3.835551213433368,3.8409761972562846,3.853974998803515,3.888522861118862,3.9619083440427905,4.091435563066979,4.284392130587299,4.516397925395279,4.7103717397442155,4.838814461749723,4.900920034567764,4.900920034806453,4.838814462328763,4.710371740286932,4.516397925536838,4.28439213025805,4.091435562023968,3.9619083417222427,3.888522857128782,3.8539749929359286,3.840976189776863,3.8355512043319755,3.827681297833824,3.811159032616363,3.783235104733758,3.7440986714494158,3.696122734601923,3.642920336229571,3.5884091607264366,3.5360882943517993,3.488626834490794,3.447750376720558,3.414343372609964,3.38866802313832,3.3706157179418352,3.359934618072922,3.356402848603943
3.375059437990131,3.379786718214595,3.394122716665105,3.41848103273795,3.4533866419280868,3.499227604890211,3.5559155897070034,3.622489069928131,3.6967340963025843,3.7749480443359316,3.852011105500329,3.921921833289239,3.9788525603829066,4.018570345790489,4.03983027631065,4.045316774228331,4.042058766206487,4.041502359408242,4.059335674601241,4.114572835438439,4.226067030410796,4.402378098622438,4.620093242858622,4.802799185664462,4.923482987564003,4.981639876659504,4.981639877107671,4.923482988723868,4.802799187025754,4.620093243889132,4.402378099154074,4.2260670303313175,4.114572834320191,4.0593356719066485,4.04150235491247,4.042058760073131,4.0453167663663905,4.03983026773265,4.018570338781581,3.9788525543821542,3.9219218257848536,3.8520110941185206,3.7749480276915177,3.6967340747083886,3.6224890444333235,3.5559155615329594,3.4992275752078283,3.4533866115271024,3.4184810013908153,3.394122688045149,3.3797866959698433,3.375059416817477
3.396328200501693,3.4025157516645756,3.421334093004786,3.4534862623203315,3.499925621992856,3.5615154716652264,3.638543543854626,3.7301214270085468,3.833560110998791,3.943899199630103,4.053853162293549,4.154465358182007,4.236638223352546,4.293347018925413,4.321806377688813,4.3246615601548255,4.310161177094813,4.291764068993249,4.287504166510473,4.318720315984332,4.406337209232832,4.560610953482927,4.759413128445197,4.9272085222192095,5.037623716703415,5.090553680736517,5.090553681314454,5.037623718278446,4.927208524335895,4.759413130557027,4.560610955293614,4.406337210737845,4.3187203168038755,4.28750416596009,4.291764066641536,4.310161172845304,4.324661554064981,4.321806370489256,4.293347013336258,4.236638218963452,4.154465352160734,4.053853152078662,3.9438991839159803,3.8335600903216616,3.7301214024548024,3.638543516979043,3.5615154441588452,3.499925594207366,3.453486234331478,3.42133406902574,3.402515735123523,3.3963281844519613
3.4196775478943473,3.427578081420302,3.451677022029919,3.49308716514833,3.553388509609318,3.6341847695192784,3.7364412366703608,3.859616598770189,4.000685066146028,4.153280847290627,4.307360716437394,4.449897260020185,4.567032462549333,4.647584753568684,4.686621821918422,4.686897281159006,4.658459484437906,4.617500242132986,4.58511342425688,4.585623282302988,4.642616579005284,4.768549502823964,4.942976979516502,5.091522787351923,5.188662356743037,5.23482831970433,5.234828320357069,5.188662358574113,5.091522790030708,4.942976982660271,4.768549506125541,4.6426165825181975,4.585623285727626,4.5851134267481015,4.617500242956829,4.658459483059389,4.686897277927375,4.686621817046998,4.647584750048311,4.567032460089929,4.449897255396009,4.307360706991813,4.153280832220841,4.000685046736422,3.8596165761183197,3.7364412125170645,3.6341847449329094,3.55338848473203,3.4930871414265803,3.4516770044658194,3.4275780716358724,3.419677537031382
3.4441962723220128,3.454011353898987,3.484038720291869,3.53593302856587,3.6121279276047606,3.715291399965455,3.847471333654234,4.008905915326993,4.1965756649082655,4.4027648606175225,4.6141706562640925,4.812383754710225,4.976696146899527,5.089680741328319,5.143627502040487,5.141876353794976,5.097124908357537,5.029091640451513,4.9625966355193345,4.925553697609793,4.944800213143635,5.035555997016287,5.17955532352391,5.30396436174662,5.384403151752869,5.422042565633742,5.422042566333783,5.3844031537588055,5.303964364877215,5.17955532760678,5.0355560018315195,4.944800218784933,4.925553703907062,4.962596641517378,5.029091645151808,5.09712491085171,5.141876354501868,5.143627500587383,5.089680740732618,4.9766961469501005,4.812383751698342,4.61417064754,4.402764846132978,4.196575646917496,4.008905895360956,3.847471313616485,3.7152913796705764,3.6121279070769696,3.5359330107575007,3.484038709319183,3.454011349630373,3.444196264686607
3.4685875485811217,3.4804193170310844,3.5167199478674847,3.5798072523640547,3.6731892921230447,3.8009402737691547,3.9666683529107587,4.171988711750513,4.414521631722164,4.685665787120601,4.968764110399776,5.238774710850083,5.465221115180981,5.620765302693201,5.694627855500936,5.692034373295602,5.6295971082554574,5.531277561141718,5.425989379179814,5.34556761267794,5.320556274092665,5.369514960962696,5.476962275454224,5.572134970271667,5.632224357613846,5.659437256343322,5.659437257099927,5.632224359839933,5.572134973945604,5.476962280534199,5.369514967349266,5.3205562818223795,5.3455676217704475,5.425989388767384,5.531277569785333,5.629597114932523,5.692034377975948,5.694627857629826,5.620765305105256,5.465221118072354,5.238774710126076,4.968764103414568,4.685665774416621,4.414521616357742,4.1719886962525035,3.9666683379595273,3.8009402589191326,3.67318927694489,3.5798072403950894,3.516719941410803,3.4804193152778056,3.468587541856465
3.4912365963764644,3.505038061309637,3.5474933204616073,3.621658948879435,3.73227243434649,3.885092265134582,4.085745688242289,4.337923660186712,4.640853366192341,4.986204801358827,5.354939604663567,5.715075029032738,6.022514151577256,6.23171552781263,6.33020307674986,6.328336326768551,6.2485608319348245,6.119445284721017,5.973679153786277,5.846759676132405,5.773058684644627,5.774973039695424,5.840512046891306,5.901697497237715,5.937902477094082,5.952808083802397,5.95280808459955,5.937902479556502,5.901697501528796,5.840512053023863,5.774973047695374,5.773058694461413,5.846759687763018,5.973679166385859,6.119445296704402,6.248560842138236,6.328336334696341,6.3302030816489205,6.231715531848807,6.022514156303721,5.715075030466392,5.354939600721564,4.986204793312782,4.640853356873415,4.3379236518377615,4.085745679947502,3.885092254684461,3.73227242245714,3.6216589398622516,3.547493315407375,3.5050380595276383,3.491236589058872
3.510366313955858,3.525903134044284,3.573803314128838,3.657850627953168,3.7840236660893773,3.9598559622075773,4.193260911863598,4.490606394544169,4.853902306723975,5.2771636147214895,5.7421625379101835,6.213291757987283,6.629996982729813,6.903586549524211,7.028592752521707,7.028152726780892,6.933317602877559,6.776796355688651,6.59357368399899,6.421590752044798,6.298570455015387,6.251007810549926,6.271149570128876,6.294713319479559,6.30408914023528,6.305052195514506,6.305052196235755,6.304089142602241,6.294713323799859,6.271149576515896,6.251007819104307,6.2985704657960015,6.4215907650733,6.593573698523125,6.77679636996092,6.933317615390487,7.028152736944184,7.028592759087888,6.903586553756112,6.629996988814426,6.213291761565345,5.742162537751326,5.277163613444442,4.853902304939652,4.490606391437401,4.193260905863613,3.959855952795062,3.784023656061578,3.6578506206869057,3.573803309521363,3.525903131792587,3.5103663058598342
3.5242728423864516,3.541112306237841,3.59311384944688,3.68465622007683,3.8227562022971253,4.01649052722728,4.275894227201988,4.610125033887819,5.024819169501683,5.518904343319137,6.081383902520938,6.686657889729012,7.272801589939579,7.615284157878911,7.759590667637757,7.75730113168468,7.650664534903408,7.474198909275626,7.26208923409473,7.052287562583093,6.884544928830011,6.7892507057075315,6.763519494636465,6.747801112743117,6.728552179493175,6.71445630375035,6.714456304305304,6.728552181353201,6.747801116229696,6.763519499992418,6.789250712909261,6.884544938055487,7.052287573874243,7.262089246868841,7.474198921979239,7.650664545794509,7.757301140313772,7.759590673424957,7.615284160858267,7.272801596544419,6.686657892784934,6.081383901637706,5.518904344456523,5.02481917105872,4.610125033044945,4.275894222249073,4.016490519012526,3.8227561938682597,3.6846562134158813,3.5931138443565644,3.5411123025180897,3.5242728304259754
3.5316023367793434,3.5491423482627313,3.6033547169541174,3.6989564989939425,3.8435644302202143,4.047173443055364,4.321148106685269,4.676569898635298,5.122068343759721,5.662134768997968,6.299094195047521,7.047398684358885,7.985347088719931,8.359169976126745,8.49184179889381,8.475958695828943,8.360053799568052,8.17393148736915,7.946186775172962,7.711360697647119,7.509046654379581,7.372639459434702,7.304375016075327,7.250401623678676,7.202396544896552,7.172910687373597,7.172910687817403,7.202396546326088,7.2504016263970374,7.304375020334674,7.372639465024637,7.509046661393484,7.71136070619428,7.946186784884023,8.173931497171912,8.360053807479952,8.475958700913779,8.491841799998545,8.359169972893675,7.985347088704329,7.047398677147782,6.299094183078446,5.662134756867557,5.122068332261873,4.676569886740284,4.321148094131009,4.047173431524638,3.8435644221749583,3.6989564952128346,3.603354716681233,3.5491423505751003,3.531602332738359
0.0,0.0,0.0,0.0,0.0,0.0,0.0,0.0,0.0,0.0,0.0,0.0,9.028789060539902,9.140636563244996,9.190571853922254,9.143232018219496,9.020903398221218,8.836560701818135,8.608463799743829,8.364642643775044,8.142025265735466,7.975417749484204,7.871773255973379,7.7835227913892515,7.708587825863702,7.664346130798041,7.664346131269673,7.708587827378566,7.783522794218102,7.871773260242219,7.975417754992535,8.142025272312196,8.364642651701915,8.608463809146548,8.836560712322706,9.02090340769348,9.143232024847672,9.190571856660023,9.140636563189592,9.028789066784013,0.0,0.0,0.0,0.0,0.0,0.0,0.0,0.0,0.0,0.0,0.0,0.0
0.0,0.0,0.0,0.0,0.0,0.0,0.0,0.0,0.0,0.0,0.0,0.0,9.744351871635905,9.774754587303747,9.777980945261108,9.717232701991978,9.599662712295213,9.428418439395811,9.213507665703306,8.975973692372166,8.748251761963703,8.564572239968822,8.435416441215121,8.319382018364323,8.221207344776852,8.163822603275749,8.163822603983867,8.221207346911081,8.31938202200111,8.43541644649833,8.564572246838054,8.748251770072706,8.975973701894237,9.21350767753056,9.428418453714192,9.599662726882721,9.717232713585316,9.7779809524804,9.77475459223546,9.744351882749571,0.0,0.0,0.0,0.0,0.0,0.0,0.0,0.0,0.0,0.0,0.0,0.0
0.0,0.0,0.0,0.0,0.0,0.0,0.0,0.0,0.0,0.0,0.0,0.0,10.262946165599448,10.266426814683836,10.249636497627247,10.186694159173767,10.079587395303738,9.92670293398114,9.732416621824013,9.511500922728414,9.29093711980894,9.102472891134543,8.958345842849234,8.822382839054153,8.705983772951672,8.637855726947642,8.63785572787389,8.70598377565882,8.822382843484622,8.95834584913403,9.102472899361917,9.290937129730471,9.511500933982761,9.73241663579286,9.926702951023,10.079587413360375,10.186694173572898,10.249636505573825,10.26642681633756,10.262946174878982,0.0,0.0,0.0,0.0,0.0,0.0,0.0,0.0,0.0,0.0,0.0,0.0
0.0,0.0,0.0,0.0,0.0,0.0,0.0,0.0,0.0,0.0,0.0,0.0,10.636528841832453,10.630768919317719,10.606776489688475,10.54637188287899,10.450378331216235,10.315399188109511,10.142532721066598,9.941808902680918,9.735011531305117,9.550352343560597,9.400128368373224,9.251894412663454,9.122752445274237,9.046710527891587,9.046710528792515,9.122752447882192,9.251894416815308,9.400128374200776,9.550352351465627,9.735011541067104,9.9418089137298,10.142532734109434,10.315399203576012,10.450378347775873,10.546371895513872,10.606776495381139,10.630768917523895,10.636528846203738,0.0,0.0,0.0,0.0,0.0,0.0,0.0,0.0,0.0,0.0,0.0,0.0
0.0,0.0,0.0,0.0,0.0,0.0,0.0,0.0,0.0,0.0,0.0,0.0,10.8825908840988,10.873701458749402,10.847701365993561,10.790682957255552,10.703443151735998,10.582166672416204,10.426350264280956,10.243048367594627,10.050146669156462,9.872545112119832,9.721666160202354,9.567223748994024,9.430415575402009,9.34932260913742,9.349322609627611,9.430415576861664,9.567223751430774,9.721666163837071,9.872545117357303,10.05014667617213,10.243048376186527,10.426350273641486,10.582166682762233,10.70344316230664,10.790682964205137,10.847701368536221,10.873701454960237,10.882590883343692,0.0,0.0,0.0,0.0,0.0,0.0,0.0,0.0,0.0,0.0,0.0,0.0
0.0,0.0,0.0,0.0,0.0,0.0,0.0,0.0,0.0,0.0,0.0,0.0,11.005429067844089,10.995607640021205,10.969278410621648,10.914406575677232,10.83191424724111,10.717983330214695,10.571505756998752,10.398153100203693,10.213770636253638,10.041294751846472,9.891359485394725,9.734591578889242,9.594305895719307,9.510798661128169,9.510798661131314,9.594305895698493,9.734591578771457,9.891359485335258,10.041294752524223,10.213770638345192,10.39815310327785,10.571505759651938,10.717983332203238,10.831914250292767,10.91440657616091,10.969278409972967,10.995607635280829,11.00542906256642,0.0,0.0,0.0,0.0,0.0,0.0,0.0,0.0,0.0,0.0,0.0,0.0
0.0,0.0,0.0,0.0,0.0,0.0,0.0,0.0,0.0,0.0,0.0,0.0,11.005429070417907,10.99560764081738,10.96927841192366,10.914406578115916,10.831914251112682,10.717983333941973,10.571505760553991,10.39815310368227,10.213770639469566,10.0412947544037,9.891359487202589,9.734591579994932,9.59430589614112,9.510798660884234,9.510798660301312,9.594305894439673,9.734591577227002,9.891359483399203,10.041294749808426,10.213770634588602,10.398153098882748,10.571505755604793,10.717983328406843,10.831914245591314,10.914406572984474,10.969278408299862,10.995607635479864,11.00542906108228,0.0,0.0,0.0,0.0,0.0,0.0,0.0,0.0,0.0,0.0,0.0,0.0
0.0,0.0,0.0,0.0,0.0,0.0,0.0,0.0,0.0,0.0,0.0,0.0,10.882590891656115,10.87370146115851,10.847701370125257,10.790682964579371,10.70344316291309,10.58216668294361,10.42635027422985,10.243048376717702,10.050146676887206,9.872545118589343,9.721666165168564,9.567223752101615,9.430415576519737,9.349322608411974,9.349322607405696,9.430415573571885,9.567223747307544,9.721666158421536,9.872545109702598,10.050146666091422,10.2430483648971,10.426350262262153,10.582166670842874,10.703443149796348,10.790682954889558,10.847701363745792,10.873701455303298,10.882590878606983,0.0,0.0,0.0,0.0,0.0,0.0,0.0,0.0,0.0,0.0,0.0,0.0
0.0,0.0,0.0,0.0,0.0,0.0,0.0,0.0,0.0,0.0,0.0,0.0,10.6365288537382,10.630768923163926,10.606776496849804,10.546371894793442,10.450378347180083,10.315399203920375,10.142532734878975,9.941808914058697,9.735011541009808,9.550352351587074,9.400128374497564,9.251894416672956,9.122752446890438,9.046710527109909,9.046710525933095,9.122752443331388,9.251894410685276,9.400128366001052,9.550352340573495,9.735011527657479,9.941808898672843,10.142532718323288,10.315399186196606,10.450378329505869,10.546371881452451,10.606776488012066,10.630768917034016,10.636528837584283,0.0,0.0,0.0,0.0,0.0,0.0,0.0,0.0,0.0,0.0,0.0,0.0
0.0,0.0,0.0,0.0,0.0,0.0,0.0,0.0,0.0,0.0,0.0,0.0,10.262946180327683,10.266426819136214,10.249636506903288,10.18669417410375,10.079587412881652,9.92670295031547,9.732416635577778,9.51150093373588,9.290937128995498,9.102472898468475,8.958345848442645,8.822382842784885,8.705983774581293,8.637855726346391,8.637855725072408,8.705983770780492,8.822382836564366,8.958345839798774,9.102472887204568,9.290937115410273,9.51150091835665,9.732416618408298,9.92670293166893,10.07958739391051,10.186694158639305,10.249636496624317,10.266426813393755,10.262946162349582,0.0,0.0,0.0,0.0,0.0,0.0,0.0,0.0,0.0,0.0,0.0,0.0
0.0,0.0,0.0,0.0,0.0,0.0,0.0,0.0,0.0,0.0,0.0,0.0,9.744351886016485,9.774754590596709,9.777980953365942,9.717232715076445,9.59966272714787,9.428418452869971,9.213507676653146,8.975973701005634,8.748251768651901,8.564572245011338,8.435416444831363,8.319382020638404,8.221207345533113,8.163822602307341,8.163822601215848,8.221207342235148,8.31938201514388,8.43541643717657,8.564572235140327,8.74825175674893,8.975973687837392,9.213507661932441,9.428418437006043,9.599662711179835,9.717232701957426,9.777980944647787,9.774754586538329,9.74435186887452,0.0,0.0,0.0,0.0,0.0,0.0,0.0,0.0,0.0,0.0,0.0,0.0
0.0,0.0,0.0,0.0,0.0,0.0,0.0,0.0,0.0,0.0,0.0,0.0,9.028789069038417,9.140636563416065,9.190571856234186,9.1432320246774,9.02090340658428,8.836560709845848,8.608463806327265,8.364642649083104,8.142025269531278,7.975417751905795,7.87177325732368,7.78352279185634,7.708587825436712,7.664346129326173,7.664346128440505,7.7085878227693,7.783522787416615,7.871773251143541,7.975417744066607,8.142025260377238,8.36464263925729,8.60846379621493,8.836560699828707,9.020903397542856,9.143232018480358,9.190571853460696,9.14063656251774,9.028789057682443,0.0,0.0,0.0,0.0,0.0,0.0,0.0,0.0,0.0,0.0,0.0,0.0
3.531602327294387,3.5491423429927424,3.603354713055551,3.6989564916888886,3.8435644169961867,4.047173423722953,4.321148083901168,4.676569875191041,5.122068321339396,5.662134748644906,6.299094178178867,7.047398674194977,7.985347088523992,8.359169971006267,8.491841796717663,8.47595869774909,8.360053804041438,8.173931492755633,7.946186780140132,7.711360701909383,7.509046657466178,7.372639461143039,7.304375016725967,7.250401623461052,7.202396544010371,7.172910685642732,7.172910684817504,7.2023965415367925,7.25040161933421,7.304375011063731,7.372639454219038,7.509046649685563,7.711360693808992,7.946186772615557,8.17393148631626,8.360053799719617,8.475958696675,8.49184179898602,8.35916997583419,7.985347086841675,7.0473986815578105,6.299094192813427,5.662134766923286,5.122068341686369,4.676569896842926,4.321148105962775,4.047173444304501,3.843564433470743,3.6989565033541707,3.603354721894993,3.549142352826242,3.531602339105675
3.524272828508097,3.541112295576235,3.5931138401219376,3.6846562092240767,3.822756188105493,4.016490510998445,4.275894212263811,4.610125022011949,5.024819160756833,5.51890433751537,6.081383899825751,6.686657890740047,7.272801596908862,7.615284159603418,7.759590669918576,7.757301136135121,7.650664541357632,7.474198916745069,7.262089241217117,7.0522875687316455,6.884544933673527,6.789250708957926,6.763519496383046,6.74780111319798,6.728552178915424,6.714456302015413,6.714456301032519,6.7285521760397256,6.747801108504001,6.763519489988919,6.789250701353442,6.884544925241143,7.052287559958022,7.262089232813587,7.474198909241367,7.650664535796576,7.757301133009839,7.759590668337435,7.615284157735392,7.2728015887529365,6.686657887859029,6.081383901125966,5.51890434224138,5.024819168426741,4.61012503257448,4.27589422603221,4.016490527516997,3.8227562047925177,3.684656223461068,3.593113852912596,3.5411123103210946,3.5242728434478314
3.5103663040439024,3.525903125268507,3.5738033057075005,3.657850617285525,3.7840236514649788,3.959855946639647,4.193260898565636,4.490606383586017,4.853902297142668,5.2771636066206415,5.742162532841424,6.2132917588629235,6.629996988890072,6.903586553064069,7.028592756197206,7.0281527329064275,6.933317610969889,6.776796364872496,6.593573692954161,6.421590759936926,6.298570461628518,6.251007815664731,6.271149573441446,6.294713321034155,6.304089140155842,6.305052193877391,6.3050521928117105,6.304089136938115,6.294713315736629,6.271149566293341,6.251007807307025,6.298570452625877,6.421590750726588,6.593573683852141,6.776796356444589,6.933317604251677,7.028152728438897,7.028592753572221,6.90358654963233,6.629996981290582,6.213291755456792,5.742162535393937,5.277163612452521,4.853902304657355,4.490606392246036,4.193260909024857,3.959855960106796,3.784023667000976,3.657850631351135,3.5738033174219193,3.525903138336403,3.5103663144199286
3.491236586964236,3.505038052786283,3.5474933115892155,3.6216589367668712,3.7322724184311253,3.885092249297382,4.085745673867328,4.337923646066856,4.64085335173027,4.986204787698609,5.354939595070414,5.715075026680723,6.022514154930317,6.23171553032508,6.330203078465889,6.328336330458142,6.248560837695119,6.119445291974399,5.973679161362142,5.846759683141282,5.7730586908665575,5.774973044996445,5.840512050704089,5.9016974992652536,5.937902477271779,5.9528080822596445,5.952808081307421,5.93790247433551,5.901697494370698,5.840512044228531,5.774973037620193,5.773058683403015,5.846759675943551,5.973679154506612,6.119445286021473,6.248560833364038,6.3283363277796845,6.3302030774744384,6.231715527786037,6.022514150349261,5.715075026740629,5.354939602046658,4.986204798768502,4.640853364014173,4.337923658371261,4.085745685876731,3.885092262038202,3.7322724329613033,3.6216589510455717,3.5474933231279615,3.505038064946732,3.4912365952763684
3.4685875390051906,3.48041930817807,3.516719937449728,3.579807237737871,3.673189274247304,3.8009402556247105,3.9666683342438858,4.171988692028026,4.414521612489434,4.6856657704621245,4.968764098744275,5.238774706330576,5.465221115622175,5.620765302392745,5.694627853549244,5.692034373016589,5.629597110034133,5.53127756508795,5.425989384135449,5.345567617586356,5.320556278628256,5.369514965101665,5.476962278692147,5.57213497205335,5.6322243577564555,5.659437254884737,5.659437254151073,5.63222435556797,5.572134968463388,5.476962274056385,5.369514960013963,5.32055627386403,5.345567613315292,5.425989380393312,5.531277562559967,5.629597109569627,5.692034374016036,5.694627855607742,5.6207653022848865,5.465221113948899,5.238774708928173,4.968764108158252,4.685665784565362,4.414521629166957,4.171988709754495,3.9666683512230354,3.800940271433791,3.67318929015259,3.5798072540819947,3.516719951452094,3.4804193213417003,3.46858754619655
3.4441962616017783,3.4540113426887684,3.484038705390402,3.5359330087148466,3.6121279056342166,3.7152913777037284,3.8474713110053287,4.008905893067779,4.196575643866474,4.4027648433067075,4.614170644022097,4.812383748634736,4.976696144498522,5.089680737785161,5.143627496351214,5.141876349396379,5.097124905841863,5.0290916405772075,4.962596637209148,4.925553699971991,4.944800215634478,5.035555999536673,5.179555325736762,5.303964362976923,5.384403151696427,5.422042564231221,5.422042563744122,5.384403150345355,5.303964360909507,5.1795553232461655,5.035555997139905,4.944800213837848,4.925553698850211,4.962596636977413,5.029091641819336,5.097124909242665,5.141876354007045,5.143627501576193,5.089680740372303,4.976696145292002,4.812383752800003,4.614170654412881,4.402764858616289,4.196575662605698,4.008905913134914,3.84747133194495,3.715291398157084,3.6121279253893004,3.5359330292791276,3.4840387248426947,3.4540113604960347,3.4441962708388663
3.419677534491042,3.427578065523186,3.4516770011280964,3.4930871399230354,3.553388484018492,3.634184744312357,3.736441211544641,3.8596165745628666,4.000685044322257,4.153280829602697,4.307360703763283,4.449897252622674,4.567032457818953,4.647584747460881,4.686621813479102,4.686897273595485,4.658459478753805,4.617500239064424,4.585113423082835,4.585623282178288,4.642616579353031,4.768549503542307,4.942976980453447,5.091522787861564,5.188662356353654,5.2348283182668345,5.234828318023758,5.188662355760185,5.091522787175024,4.942976980007019,4.768549503757941,4.642616580322618,4.585623283848351,4.585113425807332,4.6175002432760905,4.658459484938055,4.686897280857053,4.686621820990128,4.6475847521567,4.567032460555868,4.449897257895883,4.307360714633621,4.153280845665458,4.000685064330323,3.859616596797327,3.736441234946964,3.6341847680838057,3.5533885076435032,3.4930871645490256,3.4516770260279426,3.4275780894767616,3.419677548296643
3.3963281830529137,3.402515730241321,3.4213340666318652,3.4534862332361054,3.499925593917664,3.561515444196439,3.6385435168070477,3.7301214013013615,3.833560088437895,3.9438991812937916,4.053853148766798,4.154465349234693,4.236638216569295,4.293347010969402,4.321806367627554,4.324661550729179,4.310161169556095,4.291764063705809,4.287504163161943,4.318720313870322,4.406337207783436,4.560610952583175,4.759413128114979,4.927208522003615,5.037623716014004,5.09055367931366,5.090553679269978,5.037623716003791,4.927208522371524,4.759413129294252,4.5606109548763225,4.40633721094899,4.318720317674529,4.287504167958775,4.2917640698944455,4.310161177205986,4.3246615594004885,4.321806376341057,4.293347017136226,4.236638221077511,4.154465355854355,4.053853160396921,3.9438991981747917,3.833560109604102,3.7301214254306134,3.638543542236588,3.5615154703937204,3.49992562066075,3.4534862612342923,3.4213340958983536,3.402515759504141,3.396328202051695
3.3750594159190213,3.3797866919873814,3.394122686891966,3.4184810014858895,3.453386611644152,3.499227575332334,3.5559155610310276,3.6224890432007606,3.696734072989053,3.774948025168583,3.852011090994783,3.9219218229511132,3.9788525519955735,4.018570336567054,4.039830265328416,4.045316763699929,4.042058757461235,4.041502352594093,4.05933566969056,4.114572831870988,4.226067027652743,4.4023780965267765,4.6200932414921265,4.802799184853722,4.9234829867622825,4.981639875483969,4.981639875567682,4.923482987144277,4.8027991859678885,4.620093243813471,4.402378100153544,4.226067032212244,4.1145728371528465,4.059335675937025,4.0415023600996385,4.042058766042957,4.045316773154079,4.039830274604904,4.018570343673005,3.9788525579246063,3.921921830876809,3.852011103540794,3.7749480429428366,3.6967340951976664,3.6224890687552582,3.5559155883312186,3.4992276035792114,3.453386640975264,3.41848103183364,3.394122718937222,3.3797867250662614,3.375059439804583
3.356402848371498,3.3599346151285623,3.3706157176684854,3.3886680239682176,3.414343373365021,3.4477503766330577,3.488626833406276,3.5360882926174373,3.588409158663282,3.642920333641258,3.696122731788153,3.7440986690357096,3.7832351027378244,3.811159030799537,3.8276812958938438,3.835551202128401,3.840976187484696,3.853974990770833,3.888522855003643,3.961908339362605,4.091435559408302,4.284392127688401,4.5163979232921285,4.71037173845149,4.838814460883982,4.900920033765303,4.9009200340048755,4.838814461711707,4.710371740244116,4.5163979264217335,4.2843921321104945,4.091435564828873,3.9619083457004103,3.888522862378893,3.853974999375646,3.8409761969742813,3.835551212198583,3.8276813054071037,3.8111590383542864,3.783235109559914,3.744098677903325,3.6961227449829517,3.6429203519829136,3.58840918159668,3.5360883191466326,3.4886268621983993,3.4477504067242557,3.4143434046068353,3.388668056364823,3.3706157519807327,3.3599346508027788,3.356402875725501
3.3405653860923423,3.343151420812139,3.3509520750967567,3.364070268944106,3.3825964186056496,3.406492384955597,3.4354447230320804,3.468711764881442,3.5050046434705746,3.542456661224305,3.5787399651236034,3.611373042163854,3.638221330057984,3.6581352394383266,3.671626708012626,3.6814983578518743,3.693408753205166,3.7163928104306962,3.7632190099547085,3.8499405937512736,3.992739588253104,4.1979721819267475,4.440539527921991,4.642852432280464,4.777041509012226,4.842072456847318,4.842072457289174,4.77704151041284,4.642852434881739,4.4405395319027825,4.197972187093655,3.9927395943976136,3.8499406009624777,3.7632190182606267,3.7163928199420773,3.6934087634586104,3.6814983683463693,3.6716267175371,3.658135247057793,3.638221337227883,3.6113730514732847,3.578739978609013,3.5424566797875405,3.505004666815784,3.4687117921309016,3.4354447530446346,3.406492416713103,3.3825964516174785,3.3640703031844237,3.3509521111075813,3.343151458235219,3.3405654159159703
3.327507509581064,3.3293670748617155,3.3349627585906063,3.344328976746442,3.357469415580434,3.3742821421743137,3.394468512778245,3.4174442590579654,3.44228023621252,3.467707521449634,3.492222150398434,3.5143141519806513,3.53282286286139,3.547393182462651,3.5589921642554905,3.5704580917053703,3.587086059132096,3.617247667221938,3.6728840186020952,3.769188603303646,3.9215515705525514,4.135661465958392,4.385892401241618,4.594269785420586,4.732643131462974,4.799805578018597,4.799805578710115,4.732643133575669,4.5942697890015465,4.385892406203184,4.135661471987668,3.9215515774868845,3.76918861127248,3.67288402764515,3.6172476773716467,3.5870860699009284,3.5704581024734123,3.558992173753062,3.547393190004673,3.5328228700009636,3.5143141612374755,3.4922221637300632,3.467707539848479,3.442280259611206,3.4174442867886325,3.394468543823799,3.3742821754925165,3.357469450508192,3.3443290127509187,3.3349627960498327,3.3293671134021268,3.32750754109587
3.3170247300708295,3.3183401961481,3.322289696680704,3.3288718633045065,3.338050178369138,3.349706404106722,3.363586290707617,3.3792507384551604,3.396050882512949,3.4131492882641625,3.4296091891410927,3.4445677153428282,3.4574981580022364,3.4685555348281145,3.4789974518245677,3.49168357700799,3.5116705974950433,3.54689077592665,3.6087300326180904,3.711796976906162,3.870935003557322,4.091362824155375,4.3470725027223835,4.559797671938573,4.701175594969945,4.769869821603992,4.769869822544645,4.701175597787437,4.559797676489332,4.347072508651308,4.091362831040944,3.870935011269527,3.7117969855552118,3.6087300422953215,3.5468907865497132,3.5116706085734966,3.4916835878988977,3.478997461303505,3.468555542340212,3.457498164988041,3.444567724197063,3.429609201871233,3.4131493060399065,3.3960509055363715,3.3792507662971967,3.3635863224920572,3.3497064388153084,3.338050215237865,3.328871901287781,3.322289735747886,3.3183402357774754,3.3170247632121614
3.308819318251444,3.3097360689897077,3.312482767906152,3.317042108771303,3.323364196775741,3.331338707743803,3.3407640756401547,3.3513229229610877,3.362576122856736,3.3739900458285437,3.3850116214263664,3.395203424923878,3.4044472213388564,3.4132224448020434,3.422969946453639,3.4365613532773844,3.4588985749171357,3.4976272680910085,3.563767439625599,3.6715373931971547,3.835410066403099,4.060278734223818,4.319860923677885,4.535669218893856,4.679181426779757,4.7489646491170925,4.748964650259271,4.6791814301418375,4.535669224184005,4.31986093037436,4.060278741841704,3.835410074788211,3.6715374024412744,3.5637674498483305,3.4976272791047816,3.4588985861958235,3.4365613641569013,3.422969955823174,3.4132224522605137,3.4044472281650315,3.3952034332597503,3.38501163331813,3.3739900626635335,3.362576145143942,3.35132295047154,3.3407641076564856,3.3313387433175206,3.3233642350797545,3.317042148567153,3.3124828086588076,3.3097361099316074,3.3088193532275
3.3025562025869526,3.303186219748257,3.305070235642695,3.3081861567555966,3.3124847257437526,3.3178736460949354,3.324201273332728,3.331246279952315,3.3387217538361376,3.346303755755245,3.353695082335318,3.3607350187547307,3.3675662720021324,3.374873003813854,3.38421065207447,3.398457280756913,3.4224154566836638,3.4635464519188623,3.5326329217066044,3.6436371455471797,3.8107852529554362,4.038748094100418,4.301046853566042,4.519025737194084,4.66404306289479,4.7345948169537735,4.734594818207125,4.664043066551729,4.519025742909675,4.301046860772887,4.038748102276039,3.8107852618870512,3.643637155279476,3.532632932335691,3.463546463196892,3.4224154680359975,3.3984572914795934,3.3842106611731477,3.3748730110643423,3.3675662786236495,3.360735026628087,3.353695093421173,3.3463037715966997,3.3387217751948635,3.3312463067796396,3.324201305069423,3.3178736818625056,3.3124847646724267,3.308186197682609,3.305070277780835,3.303186262008886,3.302556239599849
3.2979019672940324,3.2983290939311467,3.299604161182634,3.301705940949355,3.304592063358224,3.3081905479369937,3.3123921854050318,3.3170482873769567,3.321979807309957,3.3270052387773528,3.331996023958855,3.336969837597937,3.342234926108067,3.3486038883873737,3.3577034481548163,3.3724151769809536,3.3974787257752155,3.4402383889666317,3.5113252222643734,3.6245363179271473,3.7939359670034123,4.024044654602222,4.28824309863964,4.507745761628682,4.653821276820411,4.724913622774877,4.72491362407214,4.65382128058974,4.507745767517828,4.288243106110556,4.024044663122022,3.793935976329995,3.624536328009871,3.5113252331143325,3.440238400306336,3.3974787370125004,3.3724151873855384,3.3577034568369815,3.348603895275041,3.342234932440673,3.336969845092346,3.3319960343843995,3.3270052537011647,3.3219798276392725,3.317048313292209,3.3123922165463977,3.308190583485352,3.304592102356399,3.3017059823205916,3.299604204121577,3.2983291371009997,3.2979020061552036
3.294548890986643,3.294834438211425,3.2956855075740648,3.297084140768846,3.2989967550663883,3.3013701249309793,3.3041288183108897,3.3071773813140024,3.3104117799539323,3.3137460210040937,3.3171616686591308,3.3207905997033667,3.325045520844171,3.3308192891653996,3.339782907410276,3.354820063310039,3.3806312250598722,3.4244876192915883,3.4969250702360246,3.611635946808437,3.7825801161653354,4.014177274335088,4.279706986774932,4.500281920362921,4.647102915936376,4.7185761423403685,4.718576143652921,4.647102919737577,4.500281926278191,4.279706994290222,4.014177282951914,3.7825801256726432,3.611635957058969,3.496925081108972,3.4244876304608307,3.3806312359584085,3.3548200732335034,3.339782915585642,3.330819295639169,3.3250455268580863,3.3207906068690893,3.3171616785294,3.313746035040809,3.3104117991170883,3.3071774060705295,3.304128848583279,3.3013701600099323,3.298996793877509,3.2970841821806522,3.295685550746243,3.2948344816973494,3.294548931146184
3.2922272994880757,3.292415226044931,3.2929745239448645,3.2938911361233925,3.2951399692905246,3.296683473373806,3.29847192886583,3.300447967324592,3.3025589451595363,3.3047822678578744,3.3071708842103393,3.309929398569141,3.3135361981476747,3.318934202315276,3.327821990886039,3.3430848082101674,3.3693992750913884,3.4139918600511585,3.4873397663348027,3.603070355354834,3.7750773267974367,4.007713222485012,4.274183762570714,4.495519805063485,4.642870259141537,4.714613876676225,4.714613877998322,4.64287026294331,4.4955198109171715,4.274183769955573,4.007713230968406,3.7750773362244483,3.603070365540034,3.4873397770361274,3.413991870849948,3.3693992854513737,3.34308481750669,3.32782199849338,3.318934208381893,3.3135362038544973,3.3099294053970953,3.3071708935222763,3.304782280953907,3.3025589630182717,3.300447990692286,3.2984719579833,3.2966835077200396,3.29514000772895,3.2938911773719646,3.2929745669660284,3.2924152693564577,3.292227340395604
3.2907096937964058,3.2908310011785207,3.2911915409289163,3.2917809221726864,3.29258131203235,3.293567487426056,3.294708677661184,3.2959742522569146,3.2973463567443813,3.2988441434241973,3.3005665832332434,3.302764431679778,3.305957299622014,3.3111193560184455,3.3199664919588225,3.3353853561213955,3.362038552234021,3.4071258812491036,3.4810894657573384,3.5975174600213387,3.7702625914298613,4.003632806401948,4.270778758089577,4.492663676434554,4.6403958983848606,4.712334260363056,4.71233426168859,4.640395902151725,4.492663682146749,4.270778765221597,4.003632814593149,3.770262600553731,3.597517469907637,3.4810894761015643,3.4071258915335703,3.3620385619325677,3.3353853647070757,3.319966498962244,3.311119361670476,3.305957304993758,3.30276443807153,3.300566591854136,3.298844155446096,3.297346373200118,3.2959742741169533,3.294708705435441,3.293567520805358,3.2925813499045526,3.2917809631062984,3.2911915835545003,3.2908310439850386,3.2907097350891745
3.289809667991177,3.2898859197942056,3.290112250996142,3.290481355304737,3.2909811868990504,3.2915958207082645,3.2923081105637335,3.293105917300703,3.2939947140403465,3.2950209746153902,3.296313228424309,3.2981514621124983,3.301081164923606,3.3060960852518035,3.3149231401827106,3.330450403126445,3.3573327139376374,3.4027546766103445,3.477138340007213,3.594049255206215,3.7673156086258253,4.001215742491263,4.268858068783892,4.491148216703717,4.63916201712088,4.711243738861217,4.711243740163892,4.6391620207862365,4.491148222194678,4.268858075597922,4.001215750323217,3.767315617332557,3.5940492646332616,3.4771383498383006,3.402754686279572,3.357332722926575,3.3304504109857396,3.3149231465632107,3.3060960904295698,3.301081169849441,3.2981514678983253,3.296313236157528,3.2950209854106793,3.2939947290353526,3.2931059376242935,3.2923081369028115,3.2915958529299547,3.2909812239830236,3.2904813957333845,3.290112293035169,3.289885961895751,3.2898097095036074
3.2893779393566085,3.2894239620739287,3.2895603772998157,3.2897823096949588,3.290082116256516,3.290450674682599,3.2908804478772646,3.2913719306483555,3.2919461201359126,3.292667289758159,3.2936829097120315,3.2952914765688286,3.2980547637522015,3.302978879063515,3.3117979236211412,3.3274014698804972,3.3544405414001246,3.4000917670309674,3.4747666162360824,3.5920186347303096,3.765662094221735,3.999955624455421,4.267974129110946,4.4905727427781255,4.638800489664976,4.71099084405706,4.710990845284725,4.6388004931252445,4.4905727479760325,4.267974135591665,3.999955631928605,3.7656621024988337,3.5920186436464303,3.4747666254779155,3.400091776046125,3.35444054969348,3.3274014770361213,3.31179792934093,3.3029788836255185,3.298054768017745,3.2952914815222876,3.2936829163690433,3.2926672992391404,3.2919461336875426,3.2913719494773983,3.290880472746878,3.2904507055784973,3.290082152296906,3.2897823493651708,3.289560418562341,3.2894240033531985,3.2893779810364436
3.2892971123070724,3.2893230017586768,3.2893996071610316,3.2895238868805867,3.2896914376992554,3.28989799977129,3.290142708987958,3.290434607120457,3.2908049600967946,3.291329600081847,3.292168122964386,3.29363076332064,3.2962895924294386,3.3011586152934633,3.3099767667869515,3.3256351928966277,3.3527835729687236,3.398595076052045,3.4734765552722133,3.5909762627826356,3.7649013759765917,3.9994973057835406,4.267811400671984,4.490653382120876,4.639049492725188,4.711325052967984,4.7113250540578,4.639049495857621,4.490653386952397,4.267811406816876,3.999497312917817,3.7649013838532923,3.5909762712101507,3.4734765639370355,3.3985950844472717,3.352783580628493,3.3256351993882003,3.3099767717940916,3.3011586190650775,3.296289595785424,3.2936307672107397,3.292168128400288,3.291329608230265,3.290804972269241,3.290434624515278,3.290142732363268,3.289898029188396,3.2896914724487183,3.2895239255308524,3.289399647477909,3.289323042158145,3.289297154139514
3.2894762068308685,3.289488781414204,3.2895258776109984,3.2895857938604665,3.2896664515498513,3.289767002854008,3.289891159295096,3.2900536975114463,3.29029264341915,3.2906913192951563,3.2914170863968333,3.2927876474354636,3.2953816387197614,3.300218203087948,3.3090396665356145,3.324738803285354,3.351965481953115,3.3978922132287406,3.4729249495008916,3.5906108649722626,3.7647543879156484,3.9995919599188254,4.268147458278956,4.491188886801079,4.6397225628879175,4.71206749182397,4.712067492734654,4.639722565598922,4.491188891187851,4.268147464058043,3.9995919667194184,3.7647543954271776,3.5906108729636346,3.4729249576456445,3.3978922210628237,3.3519654890292534,3.3247388091228682,3.3090396707692857,3.300218205937614,3.29538164100567,3.2927876501398345,3.2914170905722964,3.2906913261544464,3.290292654268087,3.2900537134758876,3.289891181097864,3.289767030634022,3.289666484798719,3.2895858312804656,3.2895259168739277,3.289488820937204,3.2894762488223934
3.289845538506077,3.289849370861066,3.289860553182487,3.289878339890503,3.2899022875206225,3.2899339067387845,3.2899800133748864,3.290059205539645,3.290213942140703,3.2905323933732107,3.291186901591556,3.2924999468926446,3.295054401494376,3.299872836016859,3.308700076405237,3.324430556046436,3.351715272045401,3.39772779751759,3.4728754760760725,3.59070702471748,3.7650268677904966,4.000065255095712,4.268825430014134,4.492036434689594,4.640686711366747,4.713090227815972,4.713090228562673,4.640686713664184,4.492036438590336,4.2688254353605,4.000065261522062,3.7650268749481524,3.5907070323209425,3.472875483753646,3.397727804815807,3.3517152785193796,3.3244305611770844,3.3087000798044803,3.2998728379049287,3.2950544027082977,3.2924999484557085,3.29118690459194,3.290532399031466,3.290213951693573,3.2900592200201295,3.2899800334937206,3.2899339327493227,3.2899023191283456,3.28987837594132,3.2898605913289463,3.2898494095232294,3.2898455806499145
3.290352232880891,3.2903503706497825,3.290344689220697,3.290335112044345,3.2903223273391395,3.2903094555631043,3.2903053994584304,3.2903312883980576,3.2904324792269612,3.290700278954605,3.291310234863681,3.2925879080738016,3.295118950863352,3.299928297840448,3.308762718869687,3.3245183161948573,3.351847779668381,3.397926786196576,3.473165463668102,3.591115677467865,3.765583563572462,4.000794997154043,4.269734598193602,4.493094571407756,4.641846982670435,4.7143016519670216,4.7143016526035,4.641846984650549,4.493094574851915,4.269734603052461,4.000795003138792,3.765583570349578,3.591115684691477,3.473165470879622,3.397926792908322,3.351847785436667,3.324518320521033,3.3087627214142157,3.299928298853941,3.295118951168007,3.2925879086744354,3.291310236832678,3.2907002834789214,3.290432487463171,3.2903313013263684,3.290305417835572,3.2903094797893107,3.2903223572999383,3.2903351466815316,3.290344726202832,3.290350408407742,3.2903522750887295
3.290956465188644,3.2909509281622893,3.2909343743423225,3.290907188018142,3.290870829962093,3.2908295074072234,3.2907935146783545,3.2907856488417813,3.2908531563403693,3.2910893750269268,3.291671924279612,3.2929283754511696,3.2954462483028903,3.3002521759512664,3.3090945201731965,3.324871045011371,3.3522364612870788,3.3983691646261254,3.4736828937540563,3.591733623486273,3.7663302564441143,4.001695486008177,4.27079677332243,4.494291187362946,4.6431355423625185,4.715636134340687,4.715636134904289,4.643135544112458,4.494291190419236,4.2707967776949465,4.001695491507683,3.7663302627909796,3.591733630282257,3.4736829004329612,3.3983691706391346,3.3522364662109827,3.32487104844627,3.309094521904138,3.3002521762705497,3.295446247952468,3.292928375319328,3.2916719253500206,3.2910893784300725,3.2908531631998437,3.2907856601743193,3.2907935313588768,3.2908295299896357,3.2908708584256767,3.290907221303466,3.2909344101335285,3.2909509649174753,3.290956507285665
3.2916284063106866,3.2916205258252393,3.2915970449513257,3.2915586610573406,3.2915073559306265,3.291448063236262,3.2913919982663034,3.291363051371982,3.2914096985546415,3.2916265946536867,3.2921927083865095,3.293436944123305,3.295948114820613,3.3007541325299075,3.3096047234788637,3.3253992941222337,3.352794756110588,3.3989725712896526,3.4743505591452566,3.5924893563330698,3.7672012642625408,4.002706582471711,4.271956718110187,4.495575024357839,4.6445039360942,4.717046668275549,4.717046668775084,4.644503937651014,4.495575027081326,4.271956722025307,4.002706587467374,3.767201270116916,3.592489362609637,3.4743505651902353,3.3989725765076315,3.3527947601221313,3.325399296663434,3.309604724483153,3.3007541323195215,3.295948114010318,3.2934369434222437,3.2921927086450387,3.2916265969424487,3.291409704020596,3.291363061148004,3.2913920133949395,3.29144808440413,3.291507383110265,3.2915586930988243,3.2915970795550114,3.291620561498708,3.2916284481245817
3.292345800595373,3.292336449310867,3.2923086251748126,3.2922632355549735,3.2922026096275343,3.29213216203648,3.292063713146891,3.292021866600605,3.2920558972215943,3.2922613165630663,3.2928179812439327,3.294055699256904,3.296564213453226,3.301372447403445,3.310231340610587,3.3260419138710104,3.353463366361976,3.39968040600065,3.4751151785476098,3.5933332760718106,3.768150760524585,4.00378606327781,4.27317540539159,4.496909656402071,4.645917574307152,4.718499613513328,4.718499613954378,4.645917575687615,4.496909658815306,4.273175408862349,4.003786067750449,3.7681507658142874,3.593333281718551,3.4751151838687897,3.399680410408956,3.3534633695304854,3.326041915633174,3.3102313409896045,3.3013724467163086,3.296564212196712,3.2940556979951783,3.2928179807234974,3.2922613178070312,3.2920559014122093,3.2920218749938885,3.292063726939747,3.2921321820010028,3.292202635663198,3.2922632664060205,3.292308658603713,3.2923364839072926,3.292345842060556
3.2930920798947048,3.293081826305382,3.293051340746101,3.293001669680409,3.2929353712677427,3.292858175531724,3.2927822973964673,3.292732803652846,3.292759487649772,3.292958421169809,3.2935100538767914,3.2947448242613286,3.2972531736360606,3.3020648640653274,3.310931944040671,3.3267570146920713,3.354201590959514,3.400453701612717,3.4759399230600567,3.5942309325144457,3.7691467414413222,4.004904268816854,4.274425261171564,4.498269211070217,4.647351787960011,4.71997092369452,4.719970924088438,4.647351789181931,4.4982692131823745,4.274425264200794,4.004904272743714,3.769146746092355,3.5942309374344923,3.4759399276170093,3.400453705287094,3.354201593455814,3.3267570158446413,3.3109319438535527,3.30206486281312,3.2972531717665787,3.294744822316164,3.293510052588278,3.292958421526524,3.292759490824426,3.292732810952117,3.2927823100936897,3.292858194420573,3.2929353961633043,3.2930016992945204,3.2930513729987503,3.293081859915872,3.2930921210836863
3.293854916454248,3.2938441282083097,3.2938120680452623,3.2937598733441957,3.293690251348905,3.2936091366672686,3.2935289993964427,3.2934752055772734,3.2934978851956265,3.293693479472377,3.2942428425168733,3.295476868915367,3.297986549640772,3.3028023709524295,3.311677414959754,3.327515825136289,3.3549814237564948,3.401265569402277,3.4767992848012375,3.595158358426792,3.770166829861804,4.006040351226491,4.275686802451288,4.499635321481223,4.648789000722857,4.721443431895557,4.721443432255591,4.6487890018152,4.499635323324752,4.275686805064068,4.006040354595525,3.7701668338167047,3.595158362568257,3.476799288615104,3.4012655724590335,3.354981425740849,3.3275158257818354,3.311677414163742,3.3028023689467525,3.2979865469293252,3.2954768661548317,3.294242840504105,3.293693479151523,3.2934978876582712,3.293475212082101,3.2935290111967004,3.2936091545224144,3.2936902750223656,3.293759901630595,3.293812099120307,3.2938441609738947,3.293854957526329
3.2946251256016565,3.2946140382737963,3.294581099374688,3.2945275048171605,3.294456057548809,3.294372823208504,3.294290435330487,3.2942344523002003,3.294255223053821,3.294449435601172,3.2949982277101038,3.2962328381416617,3.298744710663128,3.303564978104037,3.3124476987288274,3.328298517733101,3.355783533316806,3.4020974016326657,3.4776755517254263,3.596098844015337,3.771195354339171,4.00717964179387,4.276946258414934,4.500994952656533,4.650216699488836,4.72290489545812,4.722904895798973,4.6502167004943535,4.500994954291942,4.276946260662081,4.007179644621056,3.771195357593948,3.5960988473966333,3.4776755548533447,3.4020974041410876,3.3557835348189986,3.3282985178148623,3.312447697174071,3.303564975156117,3.298744706974355,3.296232834548867,3.2949982250753123,3.2944494347839828,3.294255225014125,3.294234458192205,3.2942904463309097,3.29437284002162,3.2944560799373837,3.2945275317479177,3.294581129321273,3.294614070359403,3.294625166730931
3.2953958417074696,3.295384604399855,3.295351226850215,3.295296941953918,3.2952246130558844,3.2951403883885875,3.2950570049171555,3.2950001439700443,3.295020297523519,3.295214321605664,3.2957635601281283,3.2969995236960346,3.299514044738919,3.3043388480423843,3.3132289217348156,3.329091370418069,3.3565945224261666,3.4029362734893005,3.4785563840906915,3.5970407060426597,3.772221314600417,4.008311802845943,4.278193886883664,4.502338851415259,4.65162597822874,4.724346588335593,4.724346588667367,4.651625979179516,4.502338852891624,4.278193888816697,4.008311805185722,3.772221317227413,3.597040708744888,3.4785563865759364,3.402936275404932,3.356594523300665,3.3290913697286864,3.3132289192354896,3.3043388440705583,3.299514040121597,3.2969995193975934,3.2957635569914836,3.295214320362178,3.295020299009997,3.295000149253441,3.2950570151015315,3.2951404041405024,3.2952246341846783,3.2952969676253985,3.2953512558043205,3.2953846359968537,3.295395883051812
3.296161904313492,3.2961506097885063,3.2961170671331277,3.2960625320015824,3.2959899050240504,3.2959053854212743,3.295821774610411,3.2957648320547,3.295785143985592,3.29597968389715,3.2965299519161597,3.297767683238111,3.300285055483112,3.305114345284678,3.3140114313966595,3.32988483448721,3.3574050582791126,3.403773164042303,3.4794331470403264,3.5979757439865065,3.7732369640012333,4.009429530396962,4.279422783315523,4.5036604418626,4.653010494532279,4.725762289187572,4.725762289505413,4.653010495421817,4.503660443187973,4.279422784971431,4.009429532327584,3.773236966109043,3.597975746092733,3.479433148867982,3.403773165215419,3.357405058277571,3.3298848327845914,3.3140114278397075,3.305114340360938,3.300285050131467,3.297767678409793,3.296529948327271,3.2959796821514877,3.2957851448710302,3.295764836614573,3.2958217839054957,3.2959054001103305,3.295989924995157,3.2960625565967496,3.296117095292087,3.2961506411159194,3.2961619460217286
3.296919403885358,3.2969081084085876,3.2968745663857035,3.296820046912137,3.2967474729228465,3.2966630742299925,3.2965796915994066,3.296523133899537,3.2965440504170456,3.296739499696067,3.297291105715967,3.2985307968584374,3.301051065481322,3.3058847091220716,3.3147884624367823,3.3306722182838335,3.358208595531019,3.4046017370247745,3.4802997626258705,3.5988981712039996,3.7742368218166584,4.010527643829904,4.280628039087474,4.504955039575274,4.654365723346389,4.727147555603305,4.727147555888609,4.654365724135782,4.504955040727736,4.280628040488242,4.010527645414552,3.77423682347384,3.5988981727302596,3.4802997637126967,3.404601737271372,3.3582085944374613,3.3306722154346393,3.3147884578565585,3.305884703429086,3.301051059597582,3.2985307915778987,3.2972911015842614,3.296739497267053,3.2965440505360446,3.296523137633099,3.296579699965144,3.2966630878883136,3.296747491855235,3.2968200706020667,3.2968745939333894,3.296908139682601,3.296919446095527
3.2976653475710695,3.2976540839289745,3.297620638991269,3.2975662892536204,3.2974939703270083,3.297409929619222,3.29732703125162,3.297271115241062,3.297292874109844,3.2974894307002978,3.298042511674911,3.299284217190577,3.3018073320492025,3.3066451495124913,3.3155552283304486,3.331448789479892,3.3590005034507016,3.405417504655117,3.481151919050603,3.5998038747901213,3.7752169851505033,4.011602447606412,4.281806147440099,4.506219293644567,4.6556884245847625,4.728499204969178,4.728499205206981,4.655688425242519,4.506219294604226,4.281806148591582,4.01160244885904,3.7752169863433966,3.5998038756688286,3.4811519192760585,3.4054175038378633,3.3590005011847652,3.3314487855283206,3.315555222890021,3.306645143234749,3.3018073257067604,3.2992842113582634,3.298042506794424,3.297489427408637,3.297292873387518,3.2972711181593217,3.2973270387358644,3.2974099423139807,3.2974939883094234,3.2975663121301535,3.2976206660407743,3.2976541153115497,3.2976653903710718
3.298397414419736,3.298386200427777,3.298352904904151,3.298298807910685,3.2982268515929114,3.2981432927923433,3.298061008933229,3.2980058597029993,3.2980285683723554,3.2982263088328736,3.2987808964213055,3.300024587970615,3.3025504435177973,3.3073922304507906,3.3163083016698325,3.3322111622033366,3.3597774687799733,3.4062172537952895,3.4819865257829985,3.600689903048622,3.7761746497747835,4.012651284132612,4.282954584874382,4.5074507914039295,4.6569762643838954,4.7298149442828885,4.729814944473629,4.65697626491055,4.507450792168504,4.282954585765379,4.012651285018964,3.776174650431867,3.6006899031771287,3.481986525048189,3.4062172518740943,3.359777465409623,3.3322111573181785,3.3163082955511296,3.3073922236635185,3.3025504366204403,3.300024581372665,3.298780890602065,3.29822630462423,3.298028566884002,3.298005861930698,3.2980610156491377,3.2981433046091237,3.2982268686828164,3.298298830001208,3.2983529315035205,3.298386231988236,3.298397457788141
3.299113776802413,3.299102620851462,3.299069499317299,3.2990156934929087,3.2989441481911976,3.2988611246473867,3.298779507380383,3.298725168618817,3.2987488545708983,3.29894778172825,3.2995038446928473,3.3007494458994837,3.303277906590158,3.3081234488807856,3.317045191041041,3.332956878170426,3.360537086864825,3.4069986519200794,3.4828013380054137,3.601554110641575,3.7771077766767998,4.013672220895934,4.284071516689506,4.508647779066705,4.6582275464611484,4.731093107055221,4.73109310720087,4.658227546860285,4.508647779632252,4.284071517298385,4.013672221371558,3.7771077767344994,3.6015541099579202,3.482801336288629,3.406998648954418,3.3605370825349246,3.3329568725179275,3.317045184326187,3.3081234415144745,3.303277898954363,3.300749438371314,3.2995038379153847,3.298947776739336,3.2987488525088873,3.2987251703131166,3.2987795134364775,3.2988611356646813,3.2989441644399644,3.299015714820382,3.299069525493007,3.2991026525596356,3.2991138205733095
3.299812970513401,3.299801875182448,3.299768935080311,3.299715431397433,3.2996443092522485,3.299561831234741,3.2994808852241926,3.299427351627971,3.299451994716628,3.299652068150431,3.3002095393272453,3.3014569478096285,3.3039878640420133,3.3088369468304544,3.317764051745682,3.333684120078099,3.361277581436241,3.407759976397073,3.483594697729647,3.602394912982434,3.778014860203853,4.0146638318670425,4.285155590254517,4.509808964765666,4.659441022120778,4.732332466941516,4.7323324670285345,4.659441022362966,4.50980896510266,4.285155590555521,4.014663831910277,3.7780148596530663,3.6023949115078784,3.4835946951013357,3.4077599725096754,3.36127757628295,3.33368411373164,3.3177640443866387,3.308836938738244,3.3039878555406337,3.3014569393806217,3.300209531808796,3.2996520626747974,3.2994519923015297,3.2994273528946145,3.2994808906720667,3.299561841503345,3.2996443247132468,3.299715452007912,3.2997689608552445,3.299801906923292,3.2998130143933175
3.3004938004836077,3.3004827648897166,3.3004500034101336,3.300396796419879,3.3003260879959457,3.300244140323611,3.3001638424972306,3.3001110805004554,3.3001366336083984,3.3003377890576795,3.3008965824009042,3.3021456835360574,3.3046789014450306,3.309531314466806,3.3184634878538124,3.3343915153038672,3.3619976123849367,3.4084999283664286,3.4843653552959624,3.6032111162898324,3.7788947669950184,4.015625045011599,4.286205790211828,4.5109333800817355,4.660615756293357,4.733532106145086,4.733532106154576,4.660615756333772,4.51093338014132,4.286205790169076,4.015625044614843,3.7788947658715797,3.6032111141110055,3.4843653518848403,3.40849992369636,3.3619976065001462,3.33439150825666,3.318463479753377,3.3095313055532505,3.3046788921213275,3.3021456744588273,3.300896574520931,3.3003377834236347,3.300136630999923,3.3001110813669974,3.3001638473346744,3.3002441498585324,3.3003261026946027,3.3003968163398665,3.300450028765421,3.3004827964838,3.300493844116035
3.30115527244905,3.301144293762299,3.301111702286708,3.30105877719743,3.3009884608619995,3.3009070141170263,3.3008273261424366,3.30077528702818,3.300801689125766,3.301003850738931,3.301563872004552,3.3028145474125,3.305349914718503,3.310205455259205,3.3191424166706525,3.335078001377297,3.362696143817514,3.409217504719268,3.485112346275923,3.6040018000321,3.7797466241858713,4.016555036079864,4.287221337295673,4.512020283002201,4.661751033429575,4.734691322831133,4.734691322759166,4.661751033249722,4.512020282745717,4.287221336865592,4.016555035226115,3.7797466225240424,3.604001797238675,3.4851123422074473,3.409217499386282,3.3626961372671045,3.3350779936276176,3.3191424078124814,3.3102054455956833,3.3053499048128976,3.302814538065558,3.301563864131145,3.3010038451618104,3.3008016863710075,3.300775287471323,3.300827330351604,3.3009070228957365,3.3009884747477387,3.3010587963593183,3.3011117271063783,3.301144324995523,3.3011553155012296
3.301796543494733,3.301785617888664,3.301753184819128,3.3017005220120637,3.301630569882715,3.3015495874845135,3.3014704635853698,3.301419091646896,3.301446275896732,3.301649363832793,3.302210517180437,3.3034626498690325,3.3060000192480157,3.3108584935870065,3.3197999758880274,3.335742733752962,3.3633723534672537,3.4099119100226654,3.4858349065848824,3.6047662356545267,3.780569741907205,4.017453154763962,4.288201617790227,4.513069090113363,4.662846291642436,4.735809566267879,4.735809566129757,4.662846291268015,4.513069089546251,4.288201616953462,4.01745315342647,3.780569739696887,3.6047662322746006,3.4858349019265273,3.409911904108761,3.363372346324691,3.3357427253830125,3.319799966420678,3.310858483438942,3.3060000091215875,3.3034626405927354,3.302210509501736,3.301649358323858,3.3014462729300895,3.301419091631342,3.3014704671572592,3.301549595442475,3.3016305828058994,3.30170054022645,3.301753208891879,3.3017856485688544,3.3017965857408047
3.302416886301258,3.302406009519414,3.3023737220198335,3.3023212998818177,3.302251681554834,3.3021711241760894,3.302092515966737,3.3020417534873627,3.3020696521323387,3.302273587123996,3.302835779070516,3.304089256464078,3.30662848739397,3.3114897113429653,3.3204354599312156,3.3363850225686797,3.3640255705056497,3.410582495945841,3.4865324139627845,3.6055038304166565,3.78136355962131,4.018318873481353,4.289146134511868,4.514079329388598,4.663901076789455,4.736886391584293,4.736886391409768,4.663901076288262,4.514079328573914,4.289146133291871,4.0183188716328715,3.7813635568107613,3.605503826418098,3.4865324087205347,3.4105824894893737,3.3640255628519076,3.3363850137422886,3.3204354501344144,3.3114897010770066,3.306628477385493,3.3040892474249963,3.302835771531197,3.302273581507108,3.3020696488185375,3.3020417529798785,3.30209251888687,3.302171131204145,3.3022516933009345,3.30232131690311,3.3023737451311383,3.3024060395579973,3.302416927679401
3.3030156633079035,3.3030048309796554,3.302972675983126,3.3029204726148493,3.30285115743901,3.3027709857067493,3.3026928451328033,3.3026426353555203,3.3026711825532935,3.302875888494253,3.303439030127445,3.3046937457255843,3.3072347053925886,3.3120985043208795,3.3210482762462075,3.3370042892425675,3.3646552328506623,3.4112287196391646,3.487204347697372,3.60621408863792,3.7821276089984552,4.019151751903133,4.290054472859821,4.515050607478592,4.664915010627684,4.73792142836954,4.737921428190016,4.664915010076987,4.515050606497909,4.290054471299832,4.019151749537793,3.782127605561311,3.606214083997909,3.4872043418492997,3.411228712630219,3.3646552247362633,3.3370042801217354,3.3210482663924292,3.3120984942338243,3.3072346956773284,3.304693736873867,3.3034390224977703,3.302875882519506,3.3026711787556584,3.302642634318154,3.3026928473522257,3.302770991670727,3.3028511678174484,3.3029204882738217,3.302972698051734,3.303004860457574,3.3030157039263974
3.3035923080131604,3.303581515823449,3.3035494805691967,3.303497474741584,3.3034284331251795,3.3033486091955626,3.3032708902610928,3.3032211791036206,3.303250312485375,3.3034557177630632,3.3040197258192667,3.3052755799517803,3.3078181435568563,3.312684352126214,3.321637915201993,3.3376000366228,3.365260857809763,3.411850115112769,3.487850260941206,3.606896585057985,3.782861488343045,4.019951412449497,4.290926277345967,4.515982587128411,4.665887768858178,4.738914359031762,4.738914358855897,4.665887768283299,4.515982586018208,4.290926275488686,4.019951409621573,3.782861484338376,3.60689657980184,3.487850254458329,3.411850107508141,3.3652608492376825,3.3376000272831994,3.3216379054089313,3.312684342290347,3.307818134067802,3.3052755710706094,3.3040197178407174,3.3034557112517975,3.3032503081343143,3.3032211774956086,3.3032708917017604,3.3033486139969286,3.3034284420797873,3.303497489070332,3.303549501738874,3.303581544988543,3.303592348090386
3.304146311373892,3.3041355551659515,3.3041036274725215,3.3040517991032976,3.303983003184935,3.3039034915690744,3.3038261512673652,3.303776888248899,3.3038065497055555,3.30401258776649,3.304577384982941,3.3058342849664424,3.308378335638029,3.31324679737269,3.322203929330728,3.3381718284406268,3.3658420218790863,3.412446273510306,3.488469761620735,3.607550946519544,3.783564845074226,4.020717523504097,4.291761235475295,4.516874971646148,4.6668190660466715,4.739864903970358,4.739864903776791,4.666819065403939,4.516874970383436,4.291761233354514,4.020717520306116,3.7835648406040208,3.6075509407014135,3.4884697545112586,3.412446265304924,3.365842012832053,3.338171818830077,3.3222039194811326,3.3132467875787515,3.3083783260925586,3.3058342757933183,3.304577376522105,3.3040125807183145,3.3038065448388556,3.3037768860495262,3.3038261518754672,3.303903495225723,3.303983010866985,3.3040518123730718,3.3041036480894204,3.304135584344901,3.304146351133051
3.3046772118218133,3.304666487681422,3.3046346561070545,3.304582986465576,3.3045144103894155,3.304435178291977,3.304358177006444,3.3043093156698666,3.3043394516842377,3.3045460611630366,3.3051115761902077,3.3063694360833793,3.308914864508613,3.3137854312531267,3.322745918956255,3.338719275141435,3.366398346877999,3.4130168295842154,3.489062499286435,3.608176839306896,3.784237363672326,4.021449787968229,4.29255906680572,4.517727494349846,4.667708645353901,4.740772811475656,4.7407728112350345,4.667708644578988,4.51772749288454,4.292559064421444,4.021449784448186,3.784237358805322,3.608176833009946,3.489062491653923,3.4130168208564715,3.366398337334502,3.338719265099708,3.3227459087498734,3.313785421114515,3.3089148545634433,3.3063694264689847,3.305111567330228,3.3045460537616895,3.3043394464269515,3.304309312904489,3.3043581768231225,3.3044351809921375,3.3045144171454854,3.3045829991013544,3.30463467657643,3.3046665171401437,3.3046772513897467
3.30518458785618,3.305173892191422,3.305142146167478,3.3050906179621897,3.3050222379361682,3.3049432552949085,3.3048665568474793,3.3048180548429196,3.304848616557905,3.3050557412046713,3.305621908312104,3.3068806484321427,3.309427352277035,3.314299883545093,3.3232635222135456,3.3392420240348004,3.3669294903538494,3.413561452442217,3.4896281561801112,3.6087739604967024,3.7848787573807825,4.022147935410915,4.293319515538409,4.518539911485689,4.668556271652952,4.741637850940311,4.74163785064075,4.668556270713748,4.518539909774073,4.293319512848027,4.02214793154722,3.7848787521486464,3.608773953833549,3.4896281481853255,3.413561443308332,3.366929480314531,3.33924201341485,3.323263511360381,3.314299872732683,3.3094273417415425,3.3068806384434377,3.305621899308469,3.3050557337029236,3.3048486110559483,3.3048180516122847,3.3048665560687778,3.304943257395386,3.3050222442091277,3.3050906303677436,3.305142166758183,3.3051739220116927,3.3051846272114926
3.3056680525071505,3.3056573821062747,3.3056257120586534,3.3055743095078585,3.305506103786236,3.3054273431628483,3.3053509146377342,3.3053027335497536,3.3053336766401524,3.3055412651665987,3.306108023928147,3.3073675703062233,3.309915453524232,3.3147898157652618,3.323756408201208,3.3397397525026533,3.367435138894864,3.4140798390845064,3.490166441106123,3.609342032138382,3.7854887626279696,4.022811716750443,4.294042345509293,4.5193119975028235,4.6693617269874395,4.742459808385822,4.742459808036293,4.6693617258947535,4.519311995530499,4.294042342470367,4.0228117125039,3.7854887570411107,3.609342025192412,3.4901664328812947,3.4140798296852743,3.3674351284690265,3.3397397413235104,3.323756396629188,3.3147898042327517,3.309915442499081,3.3073675601910164,3.30610801504125,3.3055412577354892,3.305333671020193,3.3053027300641076,3.305350913617995,3.3054273451026743,3.3055061099606946,3.3055743219014473,3.3056257327963796,3.3056574121838316,3.305668091533282
3.3061272492078624,3.3061166012413703,3.3060849986465914,3.3060337075524266,3.3059656564406605,3.3058870929043684,3.305810904387295,3.3057630093837167,3.3057942937267777,3.306002299553803,3.3065695945780753,3.3078298785019937,3.3103788506546503,3.31525491647549,3.324224272293078,3.3402121634072994,3.367915003632195,3.414571709966169,3.490677085140879,3.609880797234982,3.7860671352897994,4.023440900741697,4.294727336878114,4.520043541940648,4.670124807621644,4.743238483592685,4.743238483208726,4.670124806408396,4.520043539734467,4.294727333500704,4.023440896111069,3.786067129357115,3.6098807900552137,3.4906770767986437,3.41457170048257,3.367914993036376,3.3402121518855576,3.3242242602583145,3.3152549045702466,3.310378839524846,3.3078298685543963,3.306569585937039,3.306002292256832,3.305794288140071,3.3057630059515213,3.305810903507218,3.305887095000785,3.3059656626711864,3.3060337199095,3.306085019400854,3.3061166314653527,3.3061272878853187
3.3065618487751203,3.3065512207254244,3.3065196780256345,3.3064684857722813,3.306400571649642,3.3063221827369804,3.306246207120555,3.306198566571453,3.306230155764865,3.306438536600015,3.307006317227683,3.3082672749247353,3.3108172506599467,3.315694898079406,3.324666832877614,3.3406589818562846,3.3683688171753685,3.4150368060975698,3.4911598388062486,3.61039001700587,3.7866136481398796,4.024035271654986,4.29537428399867,4.520734347436199,4.670845322153556,4.743973688285665,4.743973687886963,4.6708453208755385,4.520734345079331,4.29537428037673,4.024035266727142,3.7866136419408547,3.6103900096764243,3.491159830447061,3.415036796672119,3.368368806645999,3.3406589703904572,3.324666820959923,3.315694886433779,3.310817239895691,3.308267265340881,3.3070063088645654,3.3064385295468646,3.3062301504784894,3.30619856351458,3.3062462065784057,3.3063221849951927,3.3064005778048147,3.306468497931673,3.3065196987189625,3.306551251174082,3.3065618873379936
3.3069715472519894,3.3069609368064263,3.306929447182246,3.3068783425563146,3.3068105498007254,3.30673231549857,3.306656528411036,3.306609113640853,3.3066409745338454,3.3068496918005734,3.3074179116215268,3.30867948394992,3.3112303826989797,3.3161094946452554,3.325083829251377,3.3410799529969046,3.3687963313688893,3.415474886958843,3.491614470204789,3.610869469158152,3.787128089207149,4.024594627762133,4.295982994073897,4.521384228520666,4.671523090394033,4.744665245046891,4.744665244648145,4.67152308910504,4.521384226124184,4.2959829903794695,4.024594622747731,3.787128082946001,3.6108694618216735,3.491614461905355,3.4154748777023283,3.368796321192758,3.341079942106508,3.325083818095994,3.3161094838041425,3.3112303725902024,3.3086794748237285,3.307417903667001,3.306849685311044,3.3066409699214723,3.306609111162091,3.3066565281341775,3.3067323176894803,3.3068105557086893,3.3068783545254736,3.3069294680015773,3.3069609677721057,3.3069715861068154
3.3073560643157736,3.307345469302637,3.3073140264348293,3.307262999282202,3.307195313987272,3.3071172165843135,3.3070415963377275,3.306994381541065,3.30702648396149,3.3072355022794877,3.307804118479479,3.309066250400187,3.311617996047248,3.3164984600807834,3.3254750201301664,3.341474840715637,3.369197315931278,3.415885729030816,3.4920407636145496,3.6113189466852718,3.7876102607586617,4.02511878043171,4.296553286344062,4.52199301090782,4.672157942744699,4.7453129867472,4.745312986353831,4.672157941480176,4.521993008576313,4.296553282771344,4.025118775588169,3.7876102546882104,3.611318939530643,3.49204075552512,3.4158857201503086,3.3691973064255403,3.3414748307873494,3.3254750100913806,3.3164984502769395,3.3116179867368163,3.3090662419366343,3.3078041113217322,3.3072354968197972,3.3070264803097205,3.3069943796089163,3.3070415960950252,3.307117218574806,3.307195319842638,3.3072630115393196,3.307314047914121,3.30734550119683,3.3073561038818524
3.3077151419290134,3.307704560352694,3.307673158355701,3.3076221992601917,3.3075546087889642,3.3074766324938603,3.3074011598731534,3.307354122035806,3.3073864387065086,3.307595725622504,3.3081646984399655,3.3094273383449475,3.311979858657482,3.316861566556771,3.3258401821634007,3.341843426463574,3.3695715575879275,3.4162691250116737,3.4924385186309643,3.6117382570015546,3.788059978571277,4.025607553584412,4.297084991678094,4.522560531157166,4.672749719897122,4.745916756267427,4.7459167558828375,4.672749718679802,4.522560528958388,4.297084988356418,4.02560754909601,3.7880599729066224,3.6117382502564257,3.492438510990357,3.416269116736118,3.369571548929973,3.34184341761779,3.3258401733296914,3.316861557900002,3.311979850395211,3.3094273310102915,3.308164692643789,3.3075957215846667,3.307386436086461,3.3073541204909174,3.307401159577345,3.3074766345717252,3.307554615293759,3.3076222126195187,3.307673181063732,3.3077045934351736,3.3077151824536
3.3080485430541566,3.3080379731895206,3.308006606770175,3.307955706982746,3.307888199585333,3.3078103299985435,3.307734987815654,3.307688106452893,3.3077206128861794,3.307930138777579,3.3084994312483675,3.309762530444784,3.312315756465716,3.3171986036843726,3.326179108945051,3.3421855081655356,3.369918859091185,3.416624883100003,3.492807549640477,3.612127221460021,3.7884770714640603,4.026060783306847,4.297577952320505,4.523086636542257,4.67329827277326,4.7464764064587035,4.746476406075577,4.673298271588685,4.52308663447197,4.297577949277114,4.0260607792541965,3.788477066357281,3.6121272153503368,3.492807542711666,3.4166248756515647,3.3699188514098393,3.34218550045053,3.326179101336397,3.3171985962931365,3.312315749613082,3.3097625247796483,3.308499427265478,3.3079301363327005,3.307720611283297,3.3076881053695777,3.3077349879112785,3.307810333041896,3.307888207754872,3.307955722127902,3.3080066308378218,3.3080380072775926,3.308048584410039
3.308356050512525,3.3083454909400816,3.308314155603759,3.3082633072604173,3.3081958720032163,3.3081180957009026,3.3080428682276635,3.3079961249035357,3.308028799103428,3.308238537040196,3.308808114911488,3.310071627358084,3.3126254929004024,3.3175093780340967,3.326491610582482,3.3425008997875887,3.3702390386866394,3.416952826409532,3.493147685314698,3.6124856749724326,3.78886138101401,4.026478317637529,4.298032021745,4.523571184969949,4.673803462501336,4.74699180015788,4.746991799766715,4.673803461323006,4.523571182992014,4.298032018953825,4.026478314043081,3.7888613765849994,3.6124856697428003,3.4931476794308276,3.4169528201162667,3.3702390322221785,3.342500893332039,3.326491604284071,3.3175093721047637,3.31262548780461,3.3100716236674566,3.3088081128255205,3.3082385361158186,3.308028798576335,3.3079961247726466,3.308042869710242,3.308118100924322,3.308195882745723,3.3082633244412873,3.3083141807516236,3.3083455256623,3.3083560924544164
3.30863746620219,3.3086269157093096,3.308595607741294,3.3085448041135956,3.3084774311264686,3.308399735601601,3.3083246081567306,3.3082779859275937,3.3083108078761074,3.308520733278739,3.3090905648529043,3.310354447104158,3.312908888518725,3.3177937127956114,3.3267775132515967,3.3427894309230313,3.3705319298266683,3.4172527927694323,3.493458768449233,3.6128134658747184,3.7892127614475464,4.0268600164943305,4.298447064634817,4.5240140450178945,4.674265160497153,4.747462810286764,4.747462809874431,4.674265159289069,4.524014043083108,4.298447062051492,4.026860013348878,3.7892127577638606,3.6128134617042775,3.4934587638986137,3.4172527879876626,3.3705319249541716,3.34278942608621,3.326777508609935,3.31779370866544,3.3129088854188162,3.3103544454345832,3.3090905645677156,3.3085207338280656,3.308310808696029,3.308277987480238,3.3083246120378678,3.308399743814478,3.3084774446574388,3.3085448230282553,3.3085956336227302,3.30862695099256,3.3086375088623905
3.3088926107347896,3.308882068149264,3.3088507842962893,3.3088000197469123,3.3087327004569507,3.308655074343393,3.3085800332655015,3.3085335163521483,3.308566467522409,3.3087765576591517,3.309346613331552,3.310610824242548,3.313165780343353,3.3180514475151233,3.3270366591248237,3.343050946628831,3.3707973808663043,3.417524634377688,3.493740655680999,3.6131104557648928,3.7895310795972246,4.027205751721123,4.298822956998194,4.524415096109512,4.674683248692305,4.747889320116388,4.747889319668632,4.674683247416727,4.524415094167034,4.298822954566638,4.027205748970898,3.789531076631612,3.613110452703895,3.4937406526445542,3.4175246314330594,3.370797378006584,3.3430509438392875,3.327036656523498,3.318051445516531,3.313165779513762,3.3106108248090558,3.309346615023177,3.3087765599314887,3.3085664701789934,3.308533520271034,3.3085800401026257,3.3086550855562726,3.308732716201745,3.308800039738898,3.308850810726588,3.3088821042172234,3.308892654546368
3.309121323230836,3.3091107873323375,3.3090795244208207,3.30902879406294,3.308961521137102,3.308883954325133,3.3088089871118287,3.3087625608366067,3.308795623976045,3.3090058576793173,3.3095761095970664,3.3108406098215086,3.3133960213479736,3.318282437349347,3.3272689058320326,3.3432853072612847,3.3710352551345575,3.417768217885694,3.493993217464262,3.613376519386985,3.7898162147687464,4.027515406989787,4.299159586115958,4.524774228501681,4.675057619566764,4.748271223358878,4.748271222929542,4.6750576183726364,4.5247742267604965,4.2991595840557055,4.0275154048186055,3.7898162126520534,3.613376517532564,3.4939932160407468,3.4177682169032266,3.371035254451363,3.3432853067542583,3.3272689056313824,3.3182824379513534,3.31339602324324,3.3108406129473353,3.3095761134731982,3.30900586194381,3.308795628901967,3.3087625675244277,3.3088089969450736,3.308883968015162,3.3089615382434383,3.309028814635379,3.309079551556961,3.3091108244690592,3.3091213685707674
3.3093234609257576,3.309312930495156,3.3092816852286298,3.3092309845155876,3.309163751676893,3.309086235304348,3.309011330644219,3.3089649813917594,3.308998140286927,3.3092084976329765,3.3097789195302996,3.3110436714693012,3.3135994808777505,3.3184865533652825,3.3274741263464276,3.343492388031565,3.3712454304486226,3.4179834240989253,3.494216338017221,3.6136115447769,3.790068059018564,4.02778887814689,4.299456850889562,4.525091343560634,4.675388176303013,4.748608424193858,4.748608423877103,4.675388175436402,4.525091342333061,4.299456849494495,4.027788876786129,3.790068057924183,3.6136115442687258,3.494216338333095,3.4179834252140657,3.371245432130351,3.3434923901101485,3.327474128969809,3.318486556983556,3.313599485746117,3.311043677231188,3.3097789256487706,3.309208504044416,3.308998147601137,3.3089649906646676,3.309011342829585,3.309086250455105,3.3091637692047478,3.309231005463008,3.3092817133810315,3.3093129687247975,3.3093235078465018
3.3094988986263227,3.309488372609016,3.3094571416128913,3.309406465818375,3.3093392674612763,3.309261793935193,3.309186941780182,3.3091406571532778,3.3091738966949094,3.309384358707909,3.3099549253757483,3.3112198927896213,3.3137760440861648,3.318663682314922,3.3276522090980976,3.3436720792703714,3.3714277993569852,3.418170148122649,3.494409915355384,3.6138154332012826,3.790286517055762,4.0280260731665205,4.29971466192081,4.525366353990168,4.675674833127423,4.748900837660403,4.748900837556625,4.675674832841624,4.525366353577872,4.299714661454791,4.0280260728135815,3.790286517122159,3.6138154341111233,3.494409917395444,3.4181701512527565,3.371427803335279,3.3436720839679333,3.3276522146700542,3.3186636890369545,3.3137760518886097,3.311219901076061,3.309954933599609,3.3093843669876692,3.3091739058090672,3.3091406680957047,3.309186955147362,3.3092618093799206,3.3093392848207595,3.3094064873060014,3.3094571707789684,3.3094884112602934,3.309498946447421
3.309647528189543,3.309637005934733,3.309605786288971,3.3095551302357213,3.3094879605634633,3.309410523081726,3.309335714541692,3.309289483283386,3.309322789610458,3.309533338625014,3.3101040260381995,3.3113691737951116,3.3139256121404053,3.3188137265910096,3.327803057795638,3.3438242861984175,3.371582268902013,3.4183282991698403,3.494573861199696,3.6139880991836266,3.7904715063668237,4.028226912350597,4.299932941778173,4.525599184150612,4.675917515653728,4.7491483899854545,4.749148390118241,4.675917515991195,4.5255991845644346,4.299932942203617,4.028226912940564,3.790471507509263,3.6139881013584216,3.494573864679669,3.418328303901639,3.3715822747072077,3.3438242930429505,3.3278030657923305,3.318813735727471,3.313925621992552,3.3113691836184156,3.3101040353585156,3.3095333477571054,3.3093227995028625,3.309289494845778,3.3093357280675852,3.3094105382164316,3.309487977895631,3.3095551524444518,3.309605815594845,3.309637043639808,3.309647575590637
3.3097692579704456,3.309758739142087,3.3097275290542876,3.309676888025979,3.309609740705,3.309532332294223,3.309457559183607,3.309411371033041,3.3094447311820807,3.309655350445003,3.310226135625488,3.311491429767985,3.3140481015901675,3.3189366040489463,3.3279265915933745,3.343948929308332,3.371708761066355,3.418457800945582,3.4947081012287824,3.6141294706040457,3.7906229571769265,4.028391328199104,4.300111624854679,4.525789769987902,4.676116160926881,4.7493510187270935,4.749351019007424,4.676116161646214,4.525789770901723,4.30011162583773,4.0283913294226785,3.790622959054427,3.6141294735443634,3.494708105380467,3.4184578062238913,3.3717087674109525,3.34394893682778,3.327926600363817,3.318936613791447,3.3140481116383893,3.3114914393958075,3.3102261445292167,3.309655359113837,3.3094447406652607,3.3094113821723417,3.3094575721894848,3.3095323469962636,3.3096097579894663,3.309676910042496,3.309727556631402,3.3097587743348518,3.3097693032695172
3.309864013097472,3.309853496892369,3.3098222948924847,3.3097716657433445,3.3097045350902023,3.309627148411487,3.3095524023055467,3.30950624741404,3.3095396492529634,3.3097503229634326,3.310321183887801,3.3115865914211815,3.3141434441716067,3.3190322475299214,3.328022744494462,3.3440459438217296,3.3718072124035228,3.418558591502519,3.4948125751578436,3.614239488951302,3.790740812778095,4.028519265704758,4.3002506575659245,4.52593805915333,4.676270717539501,4.749508672951603,4.749508673208862,4.676270718196085,4.525938059989219,4.300250658486365,4.028519266863368,3.790740814470536,3.6142394913670968,3.4948125782685024,3.4185585952444875,3.371807216911041,3.3440459493851753,3.3280227511894513,3.3190322549122326,3.3141434515007844,3.3115865981676045,3.310321190056225,3.309750329293697,3.3095396569241466,3.3095062571915026,3.3095524142097736,3.3096271620970286,3.3097045512668823,3.309771686137831,3.3098223198555545,3.309853529051801,3.309864054435763
3.309931736706113,3.3099212216604115,3.3098900247987593,3.309839404454403,3.3097722862999106,3.3096949152676336,3.3096201878559297,3.3095740559490094,3.309607487119914,3.3098181996889244,3.310389114904132,3.311654603607184,3.3142115856216336,3.319100603757971,3.3280914643204333,3.3441152787792747,3.3718775733318207,3.418630622821054,3.494887236674243,3.6143181096541155,3.7908250302349082,4.028610683324764,4.300349999407938,4.526044011955466,4.676381146369387,4.749621313752331,4.74962131359174,4.676381145862236,4.526044011086271,4.300349998258456,4.028610682076809,3.790825029035126,3.61431810848943,3.494887235459838,3.418630621670058,3.3718775726388834,3.3441152789640514,3.3280914654002896,3.3191006051767595,3.314211586714949,3.3116546042208723,3.310389115502012,3.309818201269846,3.3096074907877324,3.309574062053745,3.3096201960154454,3.30969492523349,3.3097722993722156,3.3098394224058336,3.3098900472924866,3.3099212502332636,3.309931770771818
3.3099723886243444,3.309961874262121,3.3099306798881645,3.3098800636257946,3.3098129521838304,3.3097355907980246,3.3096608749869447,3.309614756823238,3.3096482054143546,3.309858941392109,3.31042988958262,3.3116954274516677,3.314252487303254,3.319141634303497,3.3281327128444222,3.344156896253213,3.371919806469487,3.4186738584333956,3.4949320505914057,3.614365299029579,3.7908755773716676,4.028665550200015,4.300409620542675,4.526107599396524,4.676447419087314,4.7496889132097015,4.749688912280661,4.6764474163969565,4.526107595198743,4.300409615143775,4.02866554384671,3.7908755701066514,3.614365290805683,3.4949320415006655,3.4186738489036745,3.3719197970962176,3.344156887388514,3.32813270430386,3.3191416254669552,3.3142524777673925,3.3116954176309688,3.310429880510915,3.3098589342558853,3.309648201045804,3.30961475514452,3.3096608756436443,3.3097355942278615,3.309812960156905,3.309880076932326,3.3099306976088587,3.309961897800746,3.309972412947697
3.3099859419172373,3.309975428376084,3.3099442363963143,3.3098936226030298,3.3098265133054285,3.3097491548897633,3.3096744425957825,3.309628328199679,3.3096617815473963,3.3098725245566083,3.3104434834794096,3.3117090378318355,3.3142661237723217,3.3191553136944862,3.3281464646724097,3.3441707708420143,3.3719338862804045,3.4186882726945633,3.49494699140064,3.614381032040835,3.7908924298329847,4.028683842618428,4.3004294976925275,4.526128798537055,4.676469513072069,4.74971144902015,4.749711447267357,4.676469508039988,4.52612879078363,4.300429487839756,4.028683831148722,3.7908924169010825,3.6143810177994666,3.4949469762158456,3.4186882571664996,3.3719338709138396,3.3441707556840323,3.3281464492803634,3.319155297452667,3.3142661065180583,3.311709020262442,3.3104434666759954,3.3098725092911394,3.3096617679325235,3.3096283156669912,3.309674431109886,3.3097491459438535,3.3098265097294575,3.3098936259404224,3.3099442478403027,3.3099754511724617,3.3099859658695787
