Model: 11_26_25_metacentric_relaxed_MCF10A_chr19_PMP1
Simulation: 11_26_25_metacentric_relaxed_MCF10A_chr19_PMP1_haspin_stripe
(SimID_300540363_1 (PDE Simulation)) 
Sim time range (0.0 500.0) (saved timepoints 51) 
Number of variables 46 
Variable names ['BUB1a', 'BUB1a_his', 'BUB1a_pKNL1', 'CPC_all', 'CPCa', 'CPCa_total', 'CPCi', 'CPCi_total', 'H2A', 'H3', 'H3_CPCa', 'H3_CPCi', 'HASPINa', 'HASPINi', 'KNL1', 'NDC80', 'NDC80_TTKa', 'NDC80_TTKi', 'NDC80_pTTKa', 'NDC80_pTTKi', 'PLK1a', 'PLK1i', 'SGO1', 'SGO1_CPCa', 'SGO1_CPCi', 'SGO1_ic', 'TIMEBOUNDS', 'TIMES', 'TTKa', 'TTKi', 'bound_CPC', 'bound_active_CPC', 'pH2A', 'pH2A_SGO1', 'pH2A_SGO1_CPCa', 'pH2A_SGO1_CPCi', 'pH3', 'pH3_CPCa', 'pH3_CPCi', 'pKNL1', 'pNDC80', 'pNDC80_TTKa', 'pNDC80_TTKi', 'pNDC80_pTTKa', 'pNDC80_pTTKi', 'pNDC80_total', 'pTTKa', 'pTTKi'] 
 
2D Slice for variable pH2A_SGO1_CPCi at time 170.0 in plane XY at Z = 0 
 
X in rows, Y in columns 
0.1296173048859145,0.12961703162747412,0.12961618730637212,0.12961468856088038,0.12961235953573763,0.12960885474956407,0.12960352298329567,0.12959516264050183,0.12958159636023495,0.12955894451411348,0.12952040325877012,0.12945421939813712,0.1293403860584997,0.12914535491618678,0.12881381825793742,0.1282565737804068,0.12733432854131616,0.12584074958785196,0.12349751478531354,0.11999343847365976,0.11512481043378163,0.10909056355337304,0.10287377228902217,0.09820613096844487,0.09534521009152383,0.09402260902844098,0.09402260905235782,0.09534521015459022,0.0982061310442963,0.10287377233293761,0.10909056350052741,0.1151248102163027,0.1199934380531092,0.12349751415950012,0.12584074877854412,0.1273343275792567,0.12825657269586047,0.1288138170794324,0.12914535367688734,0.1293403847975189,0.12945421814050867,0.1295204019870235,0.12955894317731653,0.1295815949259436,0.12959516110435995,0.1296035212969285,0.1296088528378369,0.12961235754187067,0.12961468694033104,0.12961618636418623,0.129617032100796,0.12961730609278577
0.12961712996988764,0.12961685668342285,0.12961601255802005,0.12961451390526796,0.12961218489452947,0.1296086801377461,0.12960334838432058,0.12959498805145697,0.12958142181267487,0.12955877007315228,0.1295202290390569,0.12945404559845425,0.12934021301282553,0.12914518317082618,0.12881364868460815,0.12825640772643668,0.12733416800134628,0.12584059734141273,0.12349737436782714,0.1199933137565021,0.11512470459777105,0.10909047757412221,0.10287370374924379,0.09820607453966786,0.09534516092783073,0.09402256323611333,0.09402256325595815,0.09534516098126768,0.09820607460735403,0.10287370379639448,0.10909047755028349,0.11512470445050016,0.11999331345482106,0.12349737390770892,0.12584059673779469,0.12733416727819635,0.12825640690808324,0.12881364779190457,0.12914518222851915,0.12934021205918914,0.12945404467091634,0.1295202281343837,0.1295587691363045,0.12958142079199397,0.1295949869428366,0.129603347176165,0.1296086787827922,0.1296121834860649,0.12961451279542624,0.12961601213419033,0.12961685782677565,0.1296171318206827
0.12961660578509088,0.129616332222074,0.1296154880438871,0.12961398933195487,0.1296116602292621,0.12960815547980373,0.12960282379152482,0.12959446358015994,0.12958089757519153,0.129558246267236,0.12951970600436502,0.12945352392165357,0.12933969368636597,0.12914466782783338,0.1288131399376804,0.12825590961716274,0.12733368651447677,0.12584014081600675,0.12349695340887837,0.11999293997471448,0.11512438753021262,0.10909022013995473,0.10287349868797806,0.0982059058586782,0.09534501407929806,0.09402242652761687,0.0940224265469762,0.09534501413558115,0.09820590594503226,0.10287349878964415,0.10909022023342596,0.11512438759152392,0.11999293998713235,0.12349695336405843,0.12584014071443314,0.12733368636710105,0.12825590944048057,0.12881313974330336,0.12914466762473584,0.12933969350266125,0.12945352381267025,0.12951970601018767,0.12955824635810512,0.12958089767640793,0.12959446366634414,0.1296028239058203,0.12960815564697997,0.12961166044528688,0.12961398969141694,0.12961548894437908,0.12961633461785224,0.12961660858144178
0.1296157326881578,0.1296154589474203,0.12961461469268765,0.12961311592203403,0.12961078660815167,0.1296072816826039,0.12960194989247234,0.12959358967640053,0.12958002385698061,0.12955737307987386,0.12951883393848215,0.1294526539792086,0.12933882754441595,0.12914380823138272,0.1288122912633391,0.12825507862130023,0.12733288318962208,0.12583937907489606,0.12349625093645465,0.11999231613011964,0.11512385821900237,0.10908979024067543,0.10287315610796438,0.0982056239390052,0.09534476856793234,0.09402219793245246,0.09402219796099928,0.09534476865486759,0.09820562408625481,0.10287315631461268,0.10908979050327242,0.115123858540959,0.11999231651749503,0.12349625139249862,0.12583937960171568,0.12733288379569205,0.12825507932181685,0.12881229206541803,0.12914380912157805,0.12933882850665873,0.12945265503132478,0.12951883512468143,0.1295573743927276,0.12958002518444275,0.12959359088921013,0.1296019509859308,0.12960728275044275,0.12961078766634887,0.1296131169443742,0.1296146161736524,0.12961546193919612,0.12961573585365685
0.12961450873194572,0.12961423492573593,0.1296133906104943,0.12961189190846475,0.1296095625097572,0.12960605748103388,0.12960072564703942,0.12959236549005537,0.1295787999548441,0.12955614990933026,0.1295176123024049,0.12945143526371752,0.12933761408613104,0.1291426038685127,0.12881110212469718,0.1282539141732997,0.1273317574357555,0.1258383115133361,0.12349526635118754,0.11999144165162039,0.11512311614339935,0.10908918742076766,0.10287267561699938,0.09820522842857844,0.09534442405910397,0.09402187711641831,0.09402187714992016,0.0953444241612847,0.09820522860279467,0.10287267586501316,0.10908918774294021,0.11512311654746435,0.11999144214832996,0.12349526694809097,0.12583831221341613,0.12733175824450962,0.12825391510699422,0.12881110320207068,0.12914260508496414,0.1293376154055921,0.12945143665974065,0.12951761380531315,0.12955615156268022,0.12957880169531372,0.12959236714325872,0.1296007271153123,0.1296060588440334,0.12960956383868524,0.12961189319684488,0.12961339240416936,0.12961423827485177,0.12961451214434933
0.12961293244756006,0.12961265858966875,0.12961181412305162,0.12961031544958154,0.12960798598216014,0.1296044808698676,0.1295991490369166,0.12959078902952859,0.12957722393359333,0.12955457489176428,0.1295160393097677,0.1294498660676368,0.12933605168013945,0.12914105317888694,0.12880957102659368,0.12825241483755628,0.1273303078727715,0.12583693680677716,0.1234939983909547,0.11999031535378059,0.11512216021243879,0.1090884106957084,0.10287205632974933,0.09820471850867794,0.09534397976854359,0.09402146330576891,0.09402146333289552,0.09534397985113263,0.09820471864931409,0.1028720565294653,0.10908841095220145,0.11512216052424738,0.11999031572286302,0.12349399882127933,0.1258369372998568,0.1273303084287038,0.12825241546818428,0.12880957176380142,0.12914105405241658,0.1293360526791332,0.12944986714718915,0.12951604046243836,0.12955457618034827,0.12957722538679223,0.12959079054181838,0.12959915048216658,0.1296044822537153,0.12960798734953258,0.12961031684224106,0.12961181605463415,0.12961266194052998,0.12961293575522442
0.129611001861205,0.12961072797858045,0.12960988332193019,0.129608384610837,0.12960605503391484,0.12960254979137226,0.1295972179297604,0.1295888580942974,0.1295752935412703,0.12955264574046832,0.12951411265380003,0.1294479440776545,0.129334138018188,0.12913915386912905,0.1288076957003941,0.1282505783818953,0.12732853231995891,0.12583525284580135,0.12349244504335308,0.11998893535169732,0.11512098869812533,0.10908745851047928,0.10287129685151139,0.0982040929004348,0.09534343448955884,0.09402095533170814,0.09402095535071292,0.09534343454650382,0.09820409299514948,0.10287129698233241,0.10908745867147637,0.11512098887868115,0.11998893554501676,0.12349244525044563,0.12583525306945892,0.12732853255642412,0.12825057862979888,0.1288076959843764,0.12913915424179323,0.1293341385175182,0.1294479446862942,0.12951411333487872,0.12955264651650786,0.12957529447261054,0.12958885916342122,0.1295972190493212,0.1296025509225657,0.12960605617198795,0.12960838585367618,0.12960988516657657,0.12961073104007872,0.12961100486531524
0.12960871450433759,0.12960844061344995,0.1296075957615244,0.12960609697070405,0.12960376725538794,0.1296002618389416,0.12959492990129903,0.12958657022434142,0.12957300627361149,0.12955035990390895,0.1295118297362566,0.1294456666537418,0.12933187042695524,0.12913690324339297,0.128805473440936,0.12824840210878463,0.1273264281096828,0.12583325702219,0.12349060379768427,0.11998729927682969,0.1151195994166828,0.10908632889009827,0.10287039540180073,0.0982033499622598,0.09534278666453128,0.0940203516774451,0.09402035169218291,0.09534278670706692,0.09820335002858047,0.10287039548618387,0.1090863289833317,0.11511959950432116,0.11998729934921795,0.1234906038565897,0.12583325707619844,0.12732642815963538,0.128248402144483,0.1288054734638794,0.12913690329295197,0.1293318705662505,0.12944566691423898,0.1295118300927741,0.12955036033087158,0.12957300679659223,0.12958657086320005,0.12959493061080066,0.12960026256601614,0.12960376798083836,0.1296060978612044,0.12960759734835745,0.12960844324085297,0.12960871716928948
0.12960606750923653,0.12960579360578273,0.12960494854407617,0.12960344962433762,0.12960111973668847,0.12959761410707613,0.1295922820485885,0.12958392251061782,0.12957035920799298,0.12954771443939628,0.12950918758838745,0.12944303079781877,0.12932924587988992,0.1291342982515493,0.12880290118390414,0.12824588295485476,0.127323992202141,0.1258309463519088,0.1234884717690985,0.11998540439624167,0.11511798983915938,0.10908501954089773,0.1028693499083263,0.09820248777873061,0.09534203447053616,0.0940196505614631,0.09401965057501024,0.09534203450843878,0.0982024878338748,0.10286934997088225,0.10908501959882899,0.1151179898787736,0.11998540440994081,0.12348847175989042,0.1258309463320274,0.12732399218161697,0.12824588292943234,0.12880290114153822,0.12913429820024894,0.12932924586605646,0.1294430308786887,0.12950918777787715,0.12954771470488888,0.1295703595335166,0.12958392291277365,0.12959228250204397,0.12959761453623297,0.12960112011511543,0.12960345017707464,0.1296049498500418,0.12960579578300807,0.12960606982720096
0.12960305759833146,0.1296027836713353,0.1296019383772244,0.129600439263886,0.12959810914760708,0.12959460324891692,0.1295892710117204,0.12958091157933938,0.12956734895616076,0.12954470594372205,0.12950618279021422,0.1294400330714374,0.12932626092067914,0.12913133542346533,0.12879997545381477,0.12824301745390151,0.12732122116334454,0.1258283174669044,0.12348604570214684,0.11998324762530263,0.11511615711092077,0.10908352787513949,0.1028681580356682,0.09820150419282368,0.09534117585499839,0.09401884997687394,0.09401884998899496,0.09534117588863954,0.09820150424004172,0.10286815808434424,0.10908352791173727,0.1151161571252746,0.11998324761508992,0.1234860456710548,0.1258283174240535,0.12732122112166094,0.12824301742157654,0.12879997542621857,0.12913133539253902,0.12932626090083132,0.12944003310810426,0.12950618292220256,0.12954470616192693,0.12956734923301347,0.12958091192036716,0.12958927140353332,0.12959460359513633,0.12959810939964359,0.12960043967054,0.12960193953377036,0.1296027855239306,0.12960305962797852
0.12959968107310493,0.12959940711067622,0.12959856155935204,0.12959706217986294,0.12959473176039146,0.12959122551700364,0.12958589302310292,0.12957753364027969,0.12956397170411868,0.12954133057989572,0.12950281148251927,0.12943666959393585,0.12932291164972795,0.12912801084631895,0.12879669233501076,0.12823980170460436,0.12731811113266805,0.12582536658526827,0.12348332194523026,0.11998082550662033,0.11511409803422379,0.1090818509964341,0.10286681717333958,0.09820039679720008,0.0953402085306069,0.09401794769041787,0.09401794769971428,0.09534020855675071,0.09820039683393117,0.10286681720913894,0.10908185101800423,0.1151140980348193,0.11998082548953534,0.12348332191603222,0.12582536654769866,0.12731811109369093,0.12823980167648766,0.12879669232644034,0.12912801085507303,0.1293229116745891,0.12943666965662334,0.1295028116202634,0.12954133080482882,0.1295639719987148,0.1295775340027128,0.12958589344726237,0.12959122590991728,0.1295947320605708,0.12959706263737406,0.12959856274477152,0.12959940885079882,0.12959968299276753
0.12959593383551396,0.12959565982322133,0.12959481398474396,0.1295933142588558,0.12959098344565448,0.12958747676337956,0.1295821439148511,0.12957378450209153,0.1295602232341566,0.12953758410324165,0.12949906939422273,0.12943293606905504,0.129319193748663,0.1291243201859968,0.12879304748899958,0.1282362313829808,0.1273146578302681,0.12582208951446902,0.12348029645139799,0.11997813420987086,0.11511180906736082,0.10907998569746538,0.10286532443132605,0.09819916292785054,0.09533912996772279,0.0940169412343524,0.09401694124085071,0.09533912998676049,0.0981991629562521,0.10286532446075121,0.10907998571659422,0.11511180907062397,0.11997813420255972,0.12348029644104493,0.12582208950257498,0.12731465781607998,0.12823623137202178,0.12879304749278522,0.12912432021311882,0.12931919380209872,0.12943293615959242,0.12949906954943605,0.1295375843458398,0.129560223562883,0.1295737849115718,0.12958214439279622,0.129587477232071,0.12959098385376602,0.12959331485593395,0.12959481529193123,0.12959566160592847,0.12959593584261536
0.12959181141706777,0.1295915373374421,0.1295906911749852,0.12958919101271987,0.1295868596974016,0.12958335246052866,0.12957801913637718,0.12956965958804292,0.12955609894038606,0.12953346187777745,0.12949495185995125,0.12942882780381054,0.12931510250065895,0.12912025870909993,0.12878903617818657,0.12823230176744513,0.12731085658238314,0.12581848167582307,0.12347696480158568,0.11997516955421039,0.11510928634657222,0.10907792848087786,0.10286367665893813,0.09819779968035026,0.09533793740788052,0.09401582791720084,0.09401582792248339,0.09533793742417523,0.09819779970731442,0.10286367669244614,0.10907792851296033,0.11510928637113224,0.11997516957385798,0.12347696482294934,0.1258184817009343,0.12731085660728111,0.12823230178880027,0.12878903619976168,0.12912025874164562,0.12931510255654385,0.12942882789688162,0.12949495201388328,0.1295334621221486,0.1295560992920779,0.12956966004543988,0.1295780196727346,0.1295833530051299,0.12958686021760968,0.1295891917533926,0.12959069259047148,0.12959153918287458,0.12959181359241279
0.12958730900928356,0.1295870348419153,0.1295861883117817,0.12958468761379952,0.12958235567053503,0.12957884774060713,0.12957351379418455,0.12956515397517498,0.12955159386655724,0.1295289589121861,0.12949045385381816,0.1294243397400047,0.12931063281986951,0.1291158213107166,0.12878465329293332,0.128228007766194,0.12730670234974403,0.1258145381339126,0.12347332223469065,0.11997192703891427,0.11510652571739662,0.10907567559127655,0.10286187047689117,0.09819630394138772,0.09533662789437841,0.09401460485311908,0.09401460485894986,0.09533662791253833,0.09819630397296521,0.10286187052121393,0.10907567564416376,0.11510652577245396,0.1199719270942496,0.12347332229303853,0.1258145381973431,0.12730670241503164,0.12822800782592755,0.12878465334207986,0.12911582135403601,0.12931063287300082,0.12942433982346574,0.12949045399280804,0.12952895914149054,0.12955159421960794,0.12956515446213443,0.12957351438152667,0.1295788483597613,0.12958235630583206,0.12958468849140756,0.12958618979557301,0.12958703669596844,0.12958731130930526
0.12958242150931504,0.12958214723044018,0.1295813002810692,0.12957979893849042,0.12957746622498043,0.129573957441569,0.1295686227007815,0.129560262446225,0.12954670276072675,0.12952406991648752,0.1294855700469382,0.12941946651134628,0.12930577930704185,0.12911100256767083,0.12877989340183232,0.1282233439646008,0.1273021897726746,0.1258102536399699,0.12346936368958195,0.11996840188420799,0.11510352277470741,0.10907322305488602,0.10285990231690424,0.09819467242857181,0.09533519831246531,0.09401326900251034,0.09401326900988158,0.09533519833494851,0.09819467246725466,0.10285990237283536,0.10907322312684911,0.11510352285709827,0.11996840197213963,0.12346936378173369,0.12581025373701143,0.12730218987241188,0.12822334405951252,0.12877989348267888,0.12911100263213846,0.12930577936709162,0.1294194665904781,0.12948557017363976,0.12952407012832948,0.12954670310105942,0.1295602629375893,0.1295686233159052,0.1295739581224797,0.12957746697703254,0.12957979996045174,0.12958130182652433,0.12958214906058674,0.12958242385973476
0.12957714358691538,0.12957686916944927,0.12957602174072733,0.12957451963452038,0.12957218599227596,0.1295686761735885,0.12956334044173085,0.12955497955824224,0.12954142014643186,0.1295187893763944,0.1294802948849605,0.1294142025236389,0.1293005363314892,0.1291057968210429,0.12877475083342652,0.12821830470488718,0.12729731324783974,0.12580562270522916,0.12346508387474099,0.11996458909705741,0.11510027292468503,0.10907056673805644,0.10285776847751468,0.09819290174473755,0.09533364544320341,0.09401181722617627,0.09401181723503194,0.09533364546984653,0.09819290178985572,0.10285776854260432,0.10907056682349066,0.11510027302621154,0.11996458920913503,0.12346508399366297,0.12580562282961025,0.12729731337500252,0.12821830482776211,0.1287747509422726,0.12910579690985446,0.12930053640653755,0.12941420260678882,0.12948029500766423,0.12951878957827379,0.12954142047392952,0.1295549800399302,0.12956334106146108,0.1295686768938048,0.129572186847573,0.12957452080085352,0.12957602336283525,0.12957687099096776,0.12957714595409628
0.12957146977841674,0.12957119519263985,0.1295703472168574,0.12956884421912482,0.1295665094752779,0.12956299842000257,0.12955766147755363,0.12954929974536422,0.12953574042670057,0.12951311165911175,0.12947462269611532,0.12940854206529817,0.12929489814406922,0.12910019829128075,0.12876921979265055,0.12821288420274599,0.12729206704374785,0.12580063971395847,0.12346047737746213,0.11996048357528244,0.11509677148290084,0.10906770243886206,0.10285546520956304,0.09819098845906883,0.09533196604220978,0.09401024636340392,0.0940102463729772,0.09533196607114253,0.09819098850829869,0.10285546528082104,0.10906770253312487,0.11509677159718806,0.11996048370489044,0.12346047751766143,0.12580063986082965,0.12729206719250485,0.1282128843457964,0.12876921992090737,0.12910019839852022,0.12929489823330295,0.12940854215504752,0.1294746228193363,0.12951311185804476,0.12953574074809499,0.12954930021818253,0.12955766209391026,0.1295629991640219,0.1295665104115891,0.12956884550860034,0.1295703489165979,0.12957119703327644,0.1295714721663765
0.12956539461922606,0.12956511983377733,0.12956427123805478,0.1295627672160677,0.12956043118879595,0.1295569186820396,0.12955158029243166,0.1295432174710324,0.12952965803923797,0.12950703117111256,0.12946854785117853,0.12940247946912603,0.1292888590404957,0.12909420124282492,0.1287632945263851,0.12820707671313689,0.127286445465872,0.12579529908664158,0.12345553882343781,0.11995608026153118,0.1150930138207792,0.10906462602475228,0.10285298884498904,0.09818892922899229,0.09533015695704146,0.09400855334722337,0.09400855335650347,0.0953301569857172,0.09818892927925098,0.10285298891946344,0.10906462612494623,0.11509301394470278,0.11995608040555243,0.12345553898213762,0.12579529925310629,0.12728644563216598,0.12820707687028984,0.1287632946657207,0.12909420135932995,0.12928885913715235,0.1294024795624435,0.12946854797415816,0.12950703136844943,0.1295296583582653,0.12954321794061335,0.12955158091062927,0.12955691945046066,0.1295604321926245,0.12956276859972582,0.12956427299425807,0.12956512170084605,0.12956539703295028
0.1295589128316951,0.12955863781510718,0.12955778852564961,0.12955628334901145,0.12955394585747815,0.12955043168255853,0.12954509160471528,0.12953672744544895,0.12952316768061395,0.12950054258842672,0.12946206499886534,0.12939600935144685,0.12928241360275053,0.1290878002264823,0.12875696956561022,0.12820087677109684,0.1272804430949683,0.1257895955146244,0.12345026310612478,0.11995137436514253,0.11508899557739935,0.10906133363234825,0.10285033598446891,0.0981867209783486,0.09532821529911695,0.09400673537308864,0.09400673538104565,0.09532821532469067,0.09818672102570147,0.10285033605820983,0.1090613337354769,0.11508899570907796,0.1199513745221849,0.12345026328181764,0.12578959569887158,0.12728044327660037,0.1282008769394945,0.12875696971187742,0.12908780034631678,0.12928241370030474,0.12939600944317384,0.12946206511736788,0.12950054277991546,0.1295231679939298,0.12953672791245338,0.12954509223171295,0.1295504324862424,0.12955394693107009,0.1295562848096305,0.1295577903133602,0.12955863969613862,0.1295589152581845
0.12955201959032364,0.1295517443138878,0.1295508942637681,0.1295493878168417,0.12954704869787256,0.12954353265631083,0.1295381906666007,0.12952982493546317,0.1295162646265361,0.12949364118702897,0.12945516940542168,0.12938912695927915,0.12927555705168123,0.12908099043491686,0.12875024008120048,0.128194279545208,0.12727405513572043,0.12578352430162873,0.12344464571887794,0.11994636168222335,0.11508471296438157,0.10905782195462056,0.1028475037669476,0.09818436115355895,0.09532613869140472,0.09400479014240994,0.094004790148051,0.09532613871088075,0.09818436119325313,0.10284750383444326,0.109057822055954,0.11508471310077636,0.11994636185047873,0.12344464591018325,0.12578352450260025,0.12727405533223504,0.1281942797248965,0.12875024023430184,0.12908099055673686,0.12927555714678945,0.12938912704481118,0.12945516951395875,0.12949364136573824,0.12951626492643237,0.12952982539461225,0.12953819130411032,0.1295435335052975,0.12954704985135349,0.12954938935283228,0.1295508960707177,0.1295517461947872,0.1295520220063867
0.1295447108952616,0.12954443533787108,0.12954358448053113,0.12954207668370152,0.12953973581983136,0.12953621776461316,0.12953087369346306,0.1295225062092156,0.12950894519187792,0.12948632331774243,0.12944785744331574,0.12938182867095863,0.1292682857567984,0.12907376821833386,0.12874310240167677,0.12818728135327379,0.12726727792586634,0.12577708186192949,0.12343868323800439,0.11994103905944119,0.11508016320620765,0.10905408865443679,0.10284449025670034,0.09818184809063757,0.09532392562292955,0.0940027162112066,0.09400271621378069,0.09532392563384365,0.09818184811827761,0.10284449031209707,0.10905408874791926,0.1150801633423196,0.11994103923537418,0.12343868344277395,0.12577708207886265,0.1272672781376995,0.12818728154537581,0.1287431025628375,0.1290737683427605,0.12926828584832653,0.12938182874689164,0.12944785753675767,0.12948632347717157,0.1295089454712217,0.12952250665436763,0.1295308743393385,0.129536218662785,0.12953973706011962,0.12954207829932954,0.12954358630739113,0.12954443721381684,0.12954471328153958
0.12953698409832753,0.1295367082541383,0.1295358565853172,0.12953434742982756,0.12953200479538643,0.12952848468560524,0.12952313847764999,0.12951476917442648,0.1295012073931189,0.12947858709146456,0.12944012729702037,0.12937411271941965,0.12926059797316922,0.12906613183026347,0.12873555476266893,0.1281798804096381,0.1272601096750358,0.12577026644378014,0.12343237402372342,0.11993540506569265,0.11507534517621093,0.10905013296033447,0.10284129499957209,0.09817918154142326,0.09532157595608796,0.09400051348850039,0.09400051348772177,0.09532157595733179,0.09817918155459722,0.10284129503891899,0.10905013304070267,0.11507534530626606,0.11993540524404288,0.12343237423808744,0.1257702666745331,0.1272601099013484,0.12817988061393182,0.12873555493198888,0.12906613195759195,0.12926059806081,0.12937411278366875,0.12944012737152336,0.12947858722685948,0.12950120764748968,0.1295147696022258,0.12952313913006247,0.12952848563238722,0.12953200612208124,0.12953434912563686,0.129535858436868,0.1295367101272986,0.12953698644372827
0.12952883864363748,0.1295285625339739,0.12952771012630868,0.12952619972955332,0.129523855464185,0.1295203334526652,0.12951498526371283,0.1295066142922178,0.1294930519004724,0.12947043336736447,0.12943197998337722,0.12936598023940335,0.12925249490894702,0.12905808250791947,0.12872759839195405,0.12817207790649607,0.12725255153330653,0.1257630791754803,0.1234257192333199,0.11992946096174464,0.11507026031304447,0.10904595652324371,0.10283791982125517,0.09817636342739584,0.09531909165228976,0.09399818394843615,0.0939981839444816,0.09531909164421475,0.09817636342616283,0.10283791984360119,0.10904595658769883,0.115070260432207,0.1199294611365468,0.12342571945147675,0.1257630794151509,0.12725255177015848,0.1281720781199323,0.12872759856755356,0.12905808263764432,0.12925249499302943,0.12936598029170146,0.1294319800371545,0.12947043347574824,0.1294930521271796,0.12950661470138658,0.12951498592236338,0.12952033444624872,0.12952385687199466,0.12952620150036245,0.1295277120051855,0.12952856440701915,0.1295288409415099
0.12952027710957345,0.12952000080138348,0.12951914785842203,0.12951763655041582,0.12951529107434862,0.1295117676454988,0.12950641799575277,0.12949804588391486,0.12948448340418722,0.12946186717559643,0.12942342082476696,0.12935743678271133,0.12924398227228692,0.12904962603874323,0.1287192390825904,0.12816387958007083,0.12724460913680286,0.1257555255762679,0.12341872428237281,0.11992321209648307,0.11506491393780731,0.10904156464523293,0.1028343699700153,0.09817339891710462,0.09531647780791426,0.09399573264636424,0.0939957326395565,0.09531647779146808,0.0981733989027859,0.10283436997626853,0.10904156469303947,0.11506491404287988,0.11992321226239154,0.12341872449776137,0.12575552581791086,0.1272446093776665,0.12816387979736166,0.12871923926108608,0.12904962616964652,0.12924398235346818,0.12935743682451575,0.12942342085853167,0.1294618672560804,0.1294844836014325,0.12949804627327077,0.12950641866027923,0.1295117686835863,0.12951529255617536,0.1295176383879858,0.12951914976452494,0.12952000267452415,0.12952027935374644
0.12951130667292973,0.12951103030731273,0.12951017724740918,0.12950866570524203,0.12950631989847516,0.12950279608292442,0.12949744609605593,0.1294890740003894,0.12947551257492437,0.1294528997643581,0.1294144615740837,0.12934849450840546,0.12923507251083896,0.12904077503068365,0.12871048947354935,0.12815529798026798,0.12723629484484217,0.12574761773938273,0.12341140095181628,0.1199166699157851,0.11505931714448168,0.1090369680387241,0.1028306557490987,0.09817029796252144,0.09531374412976365,0.09399316916524636,0.09399316915573738,0.09531374410547715,0.09817029793594544,0.10283065573980518,0.10903696806931963,0.11505931723327253,0.11991667006891366,0.12341140115904237,0.12574761797653763,0.12723629508316286,0.12815529819588825,0.12871048965098986,0.12904077516051438,0.12923507258877723,0.12934849454130637,0.12941446159033032,0.12945289981873612,0.12947551274301497,0.12948907436943993,0.1294974467655598,0.12950279716222862,0.12950632144628726,0.12950866760027632,0.12951017917899868,0.12951103217848167,0.12951130885684198
0.12950194116360492,0.12950166499976035,0.12950081258569826,0.12949930204162097,0.12949695752114396,0.12949343522802942,0.12948808700167622,0.1294797170973545,0.12946615887810342,0.1294435515466885,0.12940512348060557,0.12933917534837253,0.1292257880526856,0.1290315522003223,0.1287013723540453,0.12814635575843314,0.12722763097773176,0.1257393774867117,0.12340377042638802,0.11990985485234437,0.11505348951213462,0.1090321853434135,0.10282679484613201,0.09816707748668904,0.09531090703278657,0.09399050967053507,0.0939905096582794,0.09531090700050665,0.09816707744741346,0.10282679482020245,0.10903218535493985,0.11505348958231451,0.1199098549900519,0.12340377062230783,0.12573937771566016,0.1272276312096044,0.12814635596873203,0.1287013725269691,0.1290315523257307,0.12922578812480945,0.12933917537180922,0.1294051234812187,0.12944355157842521,0.12946615902062583,0.12947971744889886,0.12948808767724124,0.1294934363457933,0.12949695912683407,0.12949930398450474,0.12950081453933976,0.12950166686442138,0.12950194328011766
0.12949220394399244,0.12949192842675644,0.12949107796532056,0.12948957052746293,0.12948723007437854,0.12948371260364083,0.1294783697810455,0.12947000586418037,0.12945645461543204,0.1294338563443935,0.12939544171577055,0.12932951558506395,0.12921616599847321,0.12902199513606974,0.12869192545048974,0.1281370904283175,0.12721865450102818,0.125730840925816,0.12339586767487253,0.11990280048140706,0.11504746299446086,0.109027246725266,0.10282281565471695,0.0981637644958787,0.09530799261922716,0.0939877798256454,0.09398777981051187,0.09530799257837803,0.0981637644425158,0.10282281560980824,0.10902724671475378,0.11504746304308981,0.1199028006013337,0.12339586785791712,0.1257308411457762,0.12721865472610117,0.128137090632643,0.1286919256170635,0.1290219952536637,0.1292161660604678,0.1293295155953595,0.12939544169941727,0.12943385635553445,0.12945645473751005,0.12947000620500074,0.12947837046844068,0.12948371376106046,0.12948723173278315,0.1294895725103336,0.12949107993622672,0.12949193027730926,0.1294922059845268
0.12948213193778824,0.12948185780129132,0.1294810114496274,0.12947951059487925,0.12947717881051476,0.12947367164008575,0.12946834028904078,0.12945998870333775,0.12944645072941025,0.1294238675019013,0.12938547176475515,0.1293195724748515,0.12920626491853712,0.12901216320205638,0.1286822083642991,0.12812756126184516,0.1272094238022937,0.1257220650314596,0.1233877477623517,0.11989555949395635,0.11504128749436567,0.10902219901925864,0.10281876200683217,0.0981604005023764,0.0953050409047201,0.09398501892378923,0.09398501890556457,0.09530504085448732,0.09816040043326094,0.10281876194049525,0.10902219898378457,0.115041287518407,0.1198955595935347,0.12338774793129878,0.1257220652430713,0.12720942402245733,0.12812756146183113,0.12868220852454165,0.1290121633096659,0.12920626496624832,0.12931957246673373,0.12938547172680073,0.12942386749086515,0.1294464508342711,0.12945998904121891,0.1294683409976534,0.1294736728434385,0.12947718052210969,0.12947951261483723,0.1294810134342637,0.12948185962877978,0.12948213389307853
0.12947178125761089,0.12947150968394194,0.12947067091862083,0.12946918224816317,0.12946686655972642,0.12946337855242065,0.12945806851343664,0.12944973957221204,0.12943622514165434,0.12941366669683868,0.12937529866083283,0.1293094338356232,0.12919617470456127,0.1290021475505556,0.12867231263274334,0.12811785928171027,0.1272000284982214,0.12571313715224217,0.12337949494589916,0.11988821227928605,0.11503503884888465,0.10901711307217503,0.10281469990892311,0.09815704780274605,0.09530211180524707,0.09398228573532628,0.09398228571376806,0.09530211174484524,0.09815704771655785,0.10281469981945207,0.10901711300974394,0.11503503884600891,0.11988821235623014,0.1233794950995393,0.12571313735611728,0.1272000287153957,0.12811785947909204,0.12867231278704022,0.12900214764690948,0.12919617473515782,0.12930943380484183,0.12937529859639071,0.12941366666005585,0.1294362252295141,0.12944973991234257,0.12945806925171982,0.12946337980935357,0.12946686832890042,0.12946918430784737,0.12947067291743086,0.12947151148202427,0.12947178312125124
0.12946123505150617,0.12946096791301562,0.12946014224639768,0.12945867464091193,0.12945638683984906,0.1294529320903394,0.129447659041025,0.12943936920576482,0.12942589473396152,0.1294033766422976,0.12936505033409776,0.1292992319333816,0.12918603085694375,0.1289920856512096,0.12866237632712207,0.12810812174936018,0.12719060363348714,0.1257041887464442,0.12337123578263015,0.1198808792555648,0.11502883026205037,0.10901209421931947,0.1028107271208709,0.09815379837975886,0.09529929360740293,0.09397966677074233,0.0939796667457637,0.0952992935365871,0.09815379827612122,0.10281072700776002,0.10901209412918132,0.11502883023113247,0.11988087930856922,0.12337123592005496,0.12570418894245217,0.1271906038479636,0.12810812194400176,0.12866237647440995,0.12899208573454132,0.12918603086848326,0.1292992318779843,0.12936505024109549,0.129403376577862,0.12942589480422903,0.12943936955005472,0.12944765981292586,0.12945293340459776,0.12945638866961715,0.12945867674477324,0.1294601442632103,0.1294609696802978,0.1294612368230875
0.12945061442034275,0.1294503546491045,0.1294495507214484,0.12944811810380547,0.12944587669461294,0.12944247735133949,0.12943726596276514,0.1294290411763346,0.12941563256660552,0.12939317940709377,0.12935491691891884,0.12928916360946482,0.12917603522025575,0.12898218238990639,0.12865260524901273,0.1280985531835547,0.12718135024844945,0.12569541523590383,0.12336315802382039,0.11987373858504492,0.11502282867030136,0.10900729722408045,0.10280698676537489,0.09815078650972836,0.09529671493594699,0.09397728794024239,0.09397728791206905,0.09529671485536378,0.09815078638957786,0.10280698662958855,0.10900729710694214,0.11502282861164909,0.11987373861396457,0.1233631581443266,0.1256954154226986,0.12718135045828258,0.12809855337302223,0.12865260538657344,0.12898218245767806,0.12917603521107596,0.12928916352914804,0.1293549167982017,0.12939317931613076,0.12941563262014222,0.12942904152539905,0.12943726676813366,0.12944247872100534,0.12944587858288414,0.12944812025333607,0.12944955275985204,0.1294503563874925,0.12945061610463943
0.12944009357123465,0.1294398457217411,0.12943907696413728,0.12943770098495108,0.12943553476620775,0.12943222533691864,0.12942711409355057,0.12941899487441413,0.12940569262776122,0.12938334284888342,0.12934517869549852,0.12927951947318816,0.1291664861008278,0.12897274073345086,0.1286433037318503,0.12808945587604784,0.12717256519127657,0.1256871047164514,0.12335553785679204,0.11986705162689629,0.11501727816408219,0.1090029475710476,0.10280368664774837,0.098148206597332,0.09529456163955106,0.09397533098203613,0.09397533095116077,0.09529456155062005,0.09814820646277461,0.10280368649163685,0.10900294742904107,0.11501727807924617,0.11986705163231068,0.12335553795950044,0.12568710489156498,0.12717256539297672,0.12808945605676383,0.12864330385665265,0.12897274078342055,0.1291664860696873,0.12927951936810142,0.12934517854870006,0.1293833427338888,0.1294056926669382,0.12941899522947706,0.1294271149309321,0.1294322267566991,0.12943553670625224,0.12943770317671438,0.12943907902429208,0.12943984743307127,0.12944009517449095
0.1294299207925441,0.12942969189750317,0.1294289790608769,0.12942769318505695,0.12942564670285894,0.1294224806170256,0.1294175291702278,0.12940957839176367,0.12939644541628115,0.1293742587690892,0.12933624655020654,0.12927072627313818,0.12915782204685813,0.12896420633565842,0.1286349194403269,0.12808127423353127,0.12716468436277872,0.125679679501497,0.12334877919889324,0.1198611995132374,0.11501253350418746,0.10899937180212804,0.10280112666164405,0.09814633837828302,0.0952931005839454,0.09397405657529272,0.09397405654233144,0.09529310048846365,0.09814633823204984,0.10280112648834643,0.10899937163811264,0.11501253339508287,0.11986119949568305,0.12334877928279173,0.1256796796625803,0.1271646845533661,0.12808127440280995,0.12863491955050568,0.1289642063666552,0.12915782199298323,0.12927072614303514,0.12933624637814953,0.12937425863223873,0.1293964454442101,0.12940957875539,0.12941753003900566,0.12942248208117627,0.12942564868582757,0.1294276954116236,0.1294289811390102,0.12942969358188058,0.12942992231975087
0.129420447396699,0.12942024826643667,0.12941962326236078,0.12941847897948383,0.12941662082299654,0.1294136804251199,0.12940898080417934,0.12940129556843444,0.1293884291107209,0.1293664980130682,0.12932872060089834,0.12926340844336712,0.1291506855433071,0.1289572324824026,0.12862810858984847,0.12807465926950815,0.12715834550028743,0.1256737562796562,0.12334347040744788,0.11985673572588652,0.11500910808462951,0.10899704072290181,0.10279973763980528,0.09814558249868936,0.0952927131358437,0.09397383681163565,0.0939738367772192,0.09529271303564302,0.0981455823435267,0.10279973745237016,0.10899704053934613,0.11500910795239488,0.11985673568518251,0.12334347047173974,0.12567375642605244,0.12715834567959527,0.12807465942764046,0.12862810868581048,0.1289572324944196,0.12915068546595632,0.12926340828719157,0.1293287204033398,0.1293664978560759,0.12938842913118312,0.12940129594469774,0.12940898170533113,0.12941368192908315,0.12941662284011524,0.12941848123141325,0.12941962535214144,0.1294202499227566,0.12942044885131956
0.12941216751595555,0.12941201470833064,0.12941152643354015,0.12941060268286314,0.12940903808810766,0.12940644984103927,0.12940214353373303,0.129394873287627,0.12938242316001416,0.1293608900735416,0.12932347519641477,0.12925847757347306,0.129146015764578,0.12895277474152922,0.12862383098840155,0.12807056249497373,0.12715447941369865,0.12567023329959526,0.12334046618122813,0.11985446170954095,0.1150077425822406,0.10899663093106617,0.10280013640245424,0.09814651070175949,0.09529394223234286,0.09397520075640774,0.09397520072112311,0.09529394212905679,0.09814651053996967,0.10280013620316189,0.10899663072933582,0.11500774242676372,0.11985446164461283,0.12334046622537125,0.12567023343263,0.12715447958509973,0.1280705626463383,0.12862383107392447,0.12895277473637543,0.12914601566320677,0.12925847738930457,0.12932347497202057,0.1293608898976345,0.1293824231773924,0.1293948736821013,0.1294021444702641,0.1294064513827043,0.12940904013262733,0.12941060495089624,0.12941152852786092,0.12941201633527602,0.12941216890066326
0.129405772597675,0.12940569139942623,0.12940541455473673,0.1294048320081113,0.12940372198293507,0.12940167957371718,0.12939798353015544,0.12939135769467586,0.12937955411877913,0.12935863812792817,0.1293217822236725,0.12925726257027245,0.12914518376373102,0.1289522290425465,0.1286234886830771,0.1280703727533559,0.1271544427018195,0.12567041684229222,0.1233410059391928,0.11985553568297465,0.11500950325342131,0.10899911244413207,0.10280320373646336,0.09814993657691685,0.09529755848992384,0.09397889831024105,0.09397889827458825,0.09529755838486088,0.09814993641012357,0.10280320352660274,0.10899911222452124,0.11500950307372305,0.1198555355922528,0.12334100596266179,0.12567041696421383,0.1271544428709322,0.1280703729057679,0.12862348876568053,0.12895222902492062,0.12914518363910416,0.12925726235594392,0.12932178196999275,0.1293586379334078,0.12937955413751762,0.12939135811414046,0.12939798450741954,0.12940168115449385,0.1294037240518567,0.1294048342853279,0.12940541664753874,0.12940569299638666,0.1294057739150897
0.1294022256771688,0.12940225460719504,0.12940230302565836,0.12940224569637063,0.12940183599922922,0.12940063541487834,0.12939788160388463,0.12939225169177798,0.12938144782796554,0.12936148530690927,0.12932549006206753,0.1292616991400901,0.12915018967606098,0.1289576333058315,0.12862912842673999,0.12807611585631504,0.1271602110140402,0.1256762048707448,0.12334688508003858,0.1198616293457054,0.11501592276384075,0.1090058735391302,0.10281019486164052,0.09815701526903003,0.0953046530049635,0.0939859896598598,0.0939859896242327,0.09530465289908734,0.09815701509825314,0.10281019464172131,0.10900587330129138,0.11501592255876868,0.1198616292278267,0.12334688508250403,0.12567620498381515,0.12716021118671145,0.12807611601861033,0.12862912851586555,0.12895763328274984,0.12915018953088356,0.12926169889448202,0.12932548977690558,0.12936148509411777,0.12938144785283381,0.1293922521437487,0.1293978826286727,0.12940063703882548,0.12940183809305691,0.12940224797918973,0.12940230511355238,0.12940225617560622,0.12940222693124556
0.1294028620525022,0.12940305964787827,0.12940360639290338,0.12940435426227445,0.12940501923585618,0.129405111936503,0.1294038074577013,0.1293997112394219,0.12939044813727132,0.12937195498905288,0.12933728335313646,0.12927460575223668,0.1291639505722448,0.1289719621073292,0.12864373761491427,0.12809074613425406,0.12717466076982326,0.1256903539824129,0.12336070299033128,0.11987515376670503,0.11502920211169092,0.10901889871304243,0.10282289597694837,0.09816938401965568,0.09531676760960019,0.09399797054270764,0.09399797050736286,0.09531676750353946,0.0981693838455107,0.10282289574715475,0.10901889845657639,0.11502920188050517,0.11987515362112493,0.12336070297212277,0.1256903540886741,0.12717466095052016,0.12809074631322268,0.1286437377183066,0.12897196208539002,0.12916395041042447,0.12927460547669825,0.1293372830373863,0.12937195476124627,0.12939044817484022,0.12939971173158574,0.12940380853593186,0.12940511360712242,0.12940502135582418,0.1294043565494664,0.1294036084757996,0.12940306119239986,0.1294028632502562
0.12940952487123822,0.12940997988457925,0.12941128747528324,0.12941326563300873,0.12941557436421888,0.12941764774801562,0.12941856606010796,0.1294168252364561,0.12940993099009754,0.12939369791443653,0.12936106002738493,0.12930008560671277,0.1291907207790439,0.12899955753696124,0.12867167713680883,0.12811857255502068,0.12720198018021606,0.12571686780736344,0.12338622253537258,0.11989958530406959,0.11505250040876877,0.1090410225757581,0.10284384626295597,0.09818936036828932,0.09533607777134515,0.09401694771567919,0.09401694768069191,0.0953360776653555,0.09818936019121842,0.10284384602377307,0.10904102230100798,0.11505250015169227,0.11989958513117015,0.1233862224972865,0.12571686790813488,0.1272019803708597,0.12811857275328267,0.12867167725778988,0.1289995575199889,0.12919072060463385,0.12930008530567746,0.12936105968675363,0.12939369767944728,0.1294099310493486,0.12941682577600655,0.12941856719511996,0.12941764946572842,0.12941557650954588,0.12941326792371333,0.12941128955522216,0.12940998141226487,0.12940952602279698
0.12942474634626308,0.12942559301727194,0.1294280587348526,0.1294319111659161,0.12943672707304918,0.1294418259611883,0.12944614508198374,0.12944801376784135,0.12944475477648829,0.12943199306776493,0.1294024781316085,0.12934411190526815,0.12923670553823513,0.12904675923924755,0.12871931463245181,0.1281658817582646,0.1272482692184856,0.1257615624467332,0.12342889151497692,0.11993993622729905,0.11509035110825516,0.10907629240607078,0.10287665300029399,0.09822022191897012,0.09536564962765509,0.09404588494465428,0.09404588491000708,0.09536564952188666,0.09822022173968223,0.10287665275311304,0.1090762921147343,0.11509035082669251,0.1199399360278672,0.12342889145713404,0.12576156254142123,0.127248269417729,0.1281658819741528,0.12871931477013093,0.1290467592283763,0.12923670535504328,0.12934411158515996,0.12940247777488104,0.12943199283598705,0.12944475486734222,0.1294480143612636,0.12944614627532317,0.1294418277240252,0.1294367292405947,0.12943191345813632,0.1294280608135006,0.12942559453438904,0.12942474746219626
0.12945198774460615,0.12945342857381614,0.12945765209574092,0.12946435205262696,0.12947298227336498,0.12948269178041108,0.12949220312812243,0.12949959314981896,0.129501904558375,0.12949446907488413,0.12946974772267988,0.1294153789966445,0.12931095611339288,0.12912282508817755,0.12879595049684917,0.1282418487258367,0.1273224152772802,0.12583288966670245,0.12349659919846274,0.1200034345390658,0.11514926018994977,0.10913048626547767,0.10292643927001227,0.0982666016480714,0.0954098016043433,0.09408894824824214,0.09408894821418348,0.09540980149965668,0.09826660146827478,0.10292643901738212,0.10913048596037069,0.11514925988595598,0.12000343431351862,0.12349659911936145,0.12583288975207782,0.1273224154807114,0.12824184895485774,0.1287959506482524,0.12912282508332545,0.12931095592456437,0.129415378663276,0.12946974735773684,0.1294944688556142,0.12950190468993938,0.12949959380352336,0.12949220438174983,0.12948269358623518,0.1294729844586978,0.12946435434268755,0.129457654172349,0.12945343008272867,0.1294519888326336
0.12949595368459368,0.1294982932148518,0.12950517706184442,0.1295161913652517,0.12953060986382092,0.1295473296006066,0.12956475253647973,0.12958057434740214,0.1295914103713527,0.1295921400134631,0.12957477460683406,0.1295265373084025,0.12942667278557335,0.12924127418106224,0.1289151698639231,0.12835986608338182,0.12743736971448877,0.12594313420944359,0.12360077312887151,0.12010050554699549,0.11523856572140866,0.10921185354884058,0.10300048034281635,0.09833504691531923,0.0954746136820203,0.09415199098212822,0.09415199094948605,0.09547461358068084,0.09833504673817874,0.10300048008819489,0.1092118532330312,0.11523856539680273,0.12010050529498963,0.12360077302554792,0.12594313428032577,0.12743736991592922,0.12835986632002291,0.12891517002567127,0.12924127418149758,0.12942667259247478,0.1295265369645448,0.12957477423811026,0.12959213981336284,0.12959141055164372,0.12958057506818724,0.12956475385333377,0.12954733144757696,0.12953061206170602,0.1295161936482873,0.12950517913350895,0.129498294713723,0.12949595474860898
0.12956299811679117,0.12956669271244894,0.12957759046873618,0.1295951225965714,0.1296183014937538,0.12964565463392105,0.12967510809418947,0.12970378467152915,0.1297276494808101,0.12974088578596515,0.12973480530900178,0.1296959782314586,0.12960309489695354,0.12942183944944297,0.129096810507793,0.1285394789668979,0.12761200393352387,0.12611015108258625,0.12375796587955784,0.12024618660112232,0.11537167129736539,0.10933217248507983,0.1031091078685299,0.09843480995260397,0.09556864482127969,0.09424323574770563,0.09424323571771687,0.09556864472652801,0.09843480978223719,0.10310910761577088,0.10933217216139124,0.1153716709533293,0.12024618632151124,0.1237579657481768,0.12611015113311846,0.12761200412669516,0.12853947920605927,0.12909681067669343,0.12942183945340013,0.1296030946983076,0.1296959778763774,0.1297348049378739,0.12974088560979744,0.1297276497168252,0.129703785465499,0.12967510947652902,0.1296456565194983,0.12961830369872668,0.12959512486842822,0.12957759253276654,0.12956669419737396,0.1295629991583147
0.12966163972639314,0.1296673703247515,0.12968430360050795,0.12971165059494072,0.12974804869816875,0.12979148824058212,0.12983919373911268,0.12988743118187304,0.12993117973171134,0.1299635536708807,0.1299747781529359,0.12995039874032815,0.1298682272190199,0.12969329160305476,0.1293698127610983,0.12880918765974006,0.12787379558599668,0.12635987528151063,0.12399214123425659,0.12046215857327013,0.11556781022121776,0.10950825614174936,0.10326699181821118,0.09857896391202843,0.09570394247287735,0.0943742321256155,0.09437423209934936,0.09570394238760957,0.09857896375232236,0.10326699157112712,0.10950825581292105,0.11556780985847209,0.1204621582640805,0.12399214107029978,0.12635987530593723,0.12787379576561678,0.1288091878975808,0.1293698129344573,0.12969329160792534,0.12986822701169018,0.12995039837134295,0.12997477777923797,0.12996355352184177,0.12993118002834395,0.1298874320528731,0.12983919518775788,0.1297914901623398,0.12974805090678893,0.1297116528546871,0.1296843056561961,0.12966737179119073,0.12966164074577227
0.12980320185339048,0.1298119792072401,0.12983795205876397,0.129880023528143,0.12993630014488106,0.1300039999000572,0.13007932134367825,0.130157256314071,0.13023129475278641,0.13029291365905496,0.1303306536512118,0.13032845509668559,0.13026274061708382,0.13009749098118206,0.1297763150847733,0.12921047681987238,0.12826268787250844,0.12672992186085225,0.12433794589710513,0.12077964443167365,0.11585455404092831,0.10976408586769602,0.10349494960256368,0.09878597224711336,0.09589745810939297,0.0945611974643739,0.09456119744233532,0.09589745803518951,0.09878597210070154,0.10349494936440351,0.10976408553645703,0.11585455366003475,0.12077964409033996,0.12433794569561225,0.12672992185381005,0.12826268803445734,0.12921047705381059,0.12977631526069897,0.13009749098470477,0.13026274039815383,0.1303284547112442,0.13033065327405555,0.13029291353827144,0.13023129511230697,0.1301572572644844,0.13007932286031829,0.13000400185867067,0.1299363023581992,0.12988002577875324,0.12983795410622104,0.12981198064891422,0.12980320284914354
0.13000258404120962,0.13001589904266014,0.13005534798975785,0.13011941182239214,0.1302054579317335,0.13030960802610528,0.13042657448136075,0.13054946709134538,0.13066953682598295,0.1307757608555009,0.1308540739633454,0.13088590628248128,0.1308454884416803,0.1306951357375715,0.13037747468172114,0.12980354515648557,0.1288365750315778,0.12727469609103134,0.12484534405755625,0.12124350468884958,0.1162713465441067,0.11013380750107528,0.10382247882731369,0.09908187939325812,0.096173018540756,0.09482688166788952,0.09482688164994175,0.09617301847752074,0.09908187926078345,0.10382247859979404,0.11013380716944064,0.11627134614557838,0.1212435043131674,0.12484534381432948,0.1272746960481959,0.1288365751727305,0.12980354538474806,0.13037747485919224,0.13069513573874758,0.13084548820981617,0.13088590587915339,0.13085407358174123,0.1307757607632857,0.13066953725077032,0.1305494681256358,0.13042657607129318,0.13030961002622132,0.13020546015431053,0.13011941406830274,0.13005535002700336,0.13001590045002004,0.1300025850090849
0.1302791556555084,0.13029919070473292,0.13035861895553072,0.13045535689700055,0.13058576368282832,0.13074442898360877,0.13092393654390264,0.13111463829745973,0.13130443781702197,0.1314785105882634,0.13161877214362888,0.1317027364290291,0.13170118357174018,0.13157378884310744,0.1312616119550227,0.1306753288223292,0.12967898173009806,0.1280725395510775,0.12558608729129694,0.12191794249858039,0.116874415062805,0.11066588502700028,0.10429125985911701,0.09950333330262183,0.09656404078756155,0.09520313271517754,0.09520313270042643,0.09656404073309666,0.09950333318180918,0.1042912596410643,0.11066588469504332,0.11687441464689961,0.12191794208789608,0.1255860870047542,0.12807253947072345,0.12967898184925727,0.13067532904444465,0.1312616121340927,0.13157378884201174,0.13170118332663858,0.13170273600729462,0.13161877175803244,0.1314785105280008,0.13130443831416105,0.1311146394245812,0.1309239382145394,0.13074443102936678,0.13058576591777296,0.13045535914062556,0.1303586209774021,0.13029919206625737,0.13027915658989053
0.13065773231760255,0.1306876527981377,0.1307765071265969,0.13092148146414825,0.13111759473912288,0.13135733585567305,0.13163028042031552,0.13192277715019737,0.1322177588069366,0.13249464830681318,0.13272918625462002,0.1328927975642391,0.13295084853647546,0.13285884541454843,0.13255536331430748,0.13195049928840397,0.13090958918114637,0.12923551765898816,0.12666256457271652,0.12289429522940915,0.1177434666031744,0.11142875406108164,0.10495991505448606,0.10010168563240802,0.09711720991284016,0.09573436948319487,0.09573436946991618,0.09711720986265851,0.1001016855177473,0.10495991484125285,0.11142875372620559,0.1177434661695899,0.12289429478503829,0.1266625642448835,0.1292355175433587,0.13090958928070495,0.13195049950684173,0.13255536349709127,0.13285884541228174,0.1329508482781765,0.13289279712443233,0.1327291858687126,0.1324946482877085,0.13221775938922214,0.13192277838069386,0.1316302821750645,0.13135733794420804,0.13111759698379144,0.13092148370458068,0.13077650912636887,0.1306876541038474,0.13065773321476665
0.13116954822562787,0.13121389481858795,0.1313457493171396,0.1315613939788992,0.13185412460661375,0.13221361583774624,0.1326252595564462,0.1330696579337491,0.1335224220316416,0.13395432505789456,0.13433167071050414,0.13461646129373864,0.13476560833053905,0.13472806772336593,0.13443849971419983,0.1338060950756028,0.13269824452233858,0.13092244292514205,0.12821957123522165,0.1243013886351553,0.11899058021503177,0.11251832477451822,0.10591032046510179,0.10094842466585514,0.09789734823631382,0.09648217721537287,0.09648217720159011,0.09789734818518991,0.10094842455064527,0.10591032025062858,0.11251832443318961,0.11899057976381013,0.12430138816004398,0.1282195708703119,0.1309224427788949,0.13269824460757718,0.13380609529619922,0.13443849990610204,0.13472806772356868,0.1347656080606662,0.13461646083788328,0.13433167033115057,0.13395432509262456,0.13352242271207046,0.13306965927275313,0.13262526138972278,0.13221361795836026,0.13185412685429546,0.13156139621316515,0.13134575128702722,0.13121389606070497,0.13116954908463666
0.1318530674099792,0.13191826823162597,0.13211237487849647,0.13243062020902988,0.13286418104754824,0.1333990695340105,0.13401496781423672,0.1346843356713254,0.13537210385775658,0.13603614172659986,0.13662843056877544,0.13709648667544622,0.1373841045810783,0.13743002097671395,0.13716277854015438,0.1364901705031114,0.13528283662945065,0.13335550573087238,0.13045934936907097,0.12631878110107275,0.12077159376217489,0.11406760034810703,0.10725570419676522,0.10214214800977169,0.09899366382685099,0.09753120375090302,0.0975312037354496,0.09899366377179077,0.10214214789052974,0.10725570397888412,0.11406760000104364,0.12077159329690762,0.12631878059953094,0.13045934896990097,0.13335550555584078,0.13528283670357782,0.13649017073172087,0.13716277874865496,0.13743002098608303,0.13738410430391695,0.13709648620767656,0.1366284302041869,0.1360361418260977,0.13537210464239405,0.13468433711423525,0.13401496971408472,0.13339907167628326,0.13286418329447447,0.13243062243313644,0.1321123768062999,0.13191826940016255,0.1318530682289031
0.13275438312579552,0.13284939644490087,0.13313263871996533,0.1335982428806128,0.13423493838763303,0.1350241419888045,0.13593791491328638,0.13693735150600408,0.13797197956081095,0.1389806036876274,0.13989366210675952,0.14063659694288863,0.14113303838485428,0.1413059376576447,0.1410743863087692,0.1403440621924068,0.13899069828909408,0.13684024571943293,0.1336597135152944,0.12919279104586842,0.12329994642584831,0.1162584225085387,0.10915057269980796,0.10381712884508168,0.10052743557115455,0.09899641425371258,0.0989964142367467,0.10052743551312951,0.10381712872482426,0.10915057248488205,0.11625842216537832,0.12329994595632578,0.1291927905232443,0.13365971308059585,0.13684024551051363,0.13899069834821104,0.1403440624291515,0.14107438653762716,0.14130593768080194,0.14113303810360073,0.14063659646729593,0.13989366176483628,0.13898060385937924,0.13797198044892175,0.13693735304385082,0.13593791687166445,0.13502414415251354,0.13423494063712021,0.1335982450880667,0.13313264058643018,0.13284939752506436,0.13275438389846175
0.1339268422997906,0.13406392171549436,0.1344731514244367,0.13514771980093435,0.1360737903259563,0.13722727925583647,0.1385703356702313,0.14004845543736563,0.14158924289772556,0.143103664106912,0.14449012105495082,0.14564081070617904,0.14644875026572302,0.14681284108216056,0.1466378045490603,0.14582619929210935,0.14426164435431132,0.1417872291612606,0.13819392450280527,0.13325427416539448,0.12686222083922638,0.11933481378014933,0.11180209587963377,0.1061532043589345,0.10266091612533902,0.10103150846639909,0.10103150844874553,0.10266091606749837,0.10615320424461876,0.11180209567926719,0.11933481345535062,0.1268622203775098,0.13325427362633768,0.13819392402867406,0.14178722890926507,0.14426164438861733,0.14582619952908063,0.146637804792453,0.14681284111369106,0.14644874997492208,0.14564081022161005,0.14449012074170886,0.14310366435897007,0.1415892438928459,0.14004845707186783,0.13857033769328866,0.13722728145101704,0.13607379258261293,0.135147721981045,0.13447315321000322,0.1340639226963791,0.13392684302075322
0.13542941888319987,0.13562495850504683,0.13620959227354765,0.13717609138954215,0.13850836572308386,0.14017614890917593,0.1421290713639829,0.14429161193862888,0.14656063031962746,0.1488070071364426,0.15088218135962717,0.1526290399255157,0.1538948964746532,0.15454269636282317,0.1544557936537744,0.15353232520897378,0.15166792188770037,0.1487313005339044,0.14454887778933906,0.1389354349290204,0.13183333038398562,0.12361640930245878,0.11548184610349078,0.10938613599975013,0.10560674586253287,0.10383785755275637,0.10383785753445879,0.10560674580541825,0.1093861358933606,0.11548184592150869,0.12361640900047736,0.13183332993277685,0.13893543437295788,0.1445488772715959,0.14873130023156944,0.15166792188867032,0.15353232543728018,0.1544557939015488,0.15454269638927445,0.15389489615859342,0.15262903942134534,0.15088218107670667,0.14880700748269218,0.14656063144304463,0.14429161369395205,0.14212907347115214,0.14017615114501272,0.13850836798480853,0.1371760935326544,0.13620959397453367,0.13562495939557703,0.13542941955757368
0.13732328199916324,0.1375986452902725,0.13842323247363308,0.1397905205416941,0.1416832129323796,0.14406468403906794,0.14686925380933888,0.14999362034670252,0.1532922228382289,0.15657916103881803,0.15963823796738882,0.16224062404225162,0.16416689226247555,0.16522758677459354,0.16527526420054964,0.1642021737994379,0.16192186384385887,0.15834031672677074,0.15333484318193383,0.14678028185584469,0.1386872313768319,0.1295089179652027,0.12053561976715553,0.11381667865458137,0.1096364063554297,0.10767262045268884,0.1076726204317315,0.10963640629278265,0.1138166785453676,0.12053561958868998,0.12950891766883546,0.13868723092006116,0.14678028126980638,0.1533348426099564,0.1583403163655747,0.16192186380849458,0.16420217402250148,0.16527526445749435,0.16522758679480284,0.1641668919110314,0.16224062350663776,0.15963823771542204,0.15657916150073178,0.15329222412634533,0.1499936222570095,0.14686925601724357,0.14406468631859623,0.14168321519935687,0.13979052265280809,0.13842323410970434,0.1375986461188814,0.1373232826396612
0.13966601960974062,0.14004818154919874,0.14119442664425189,0.14310092021987864,0.14575130122433402,0.1491032510486277,0.15307296556116654,0.15752109256229765,0.16224453766951583,0.16697847823937634,0.1714113907277929,0.17521269702823614,0.17806826777391735,0.17971484062925616,0.17996247399995954,0.17869638468031118,0.17585616625358041,0.17140003244195076,0.16527553352243346,0.15743970624377704,0.14799620023025797,0.13750639485674201,0.12738743950760556,0.11981531956081481,0.11508517563306736,0.1128537299663501,0.11285372993963894,0.11508517555500933,0.11981531943100976,0.1273874393071771,0.1375063945360141,0.14799619973823958,0.15743970559891432,0.1652755328676518,0.171400032000172,0.17585616617914304,0.17869638491812756,0.17996247430050957,0.17971484067862487,0.17806826741074616,0.17521269647342655,0.17141139052282714,0.1669784788451844,0.162244539150771,0.1575210946392163,0.1530729678708951,0.1491032533861556,0.1457513035223578,0.1431009223207766,0.14119442823457595,0.1400481823294631,0.13966602020857627
0.14250316169745514,0.14302490695748774,0.144592358144589,0.14720746751671696,0.15085838752674885,0.1554989152863006,0.1610243915131075,0.167249416592306,0.17389422485598083,0.180586633709021,0.18688421499228772,0.1923164151767229,0.19643955119626738,0.1988909798929499,0.1994256156057937,0.19792199070651503,0.19435641842313578,0.18875688237830462,0.18116288334602249,0.17163839791150998,0.16040862092589733,0.1481776536171314,0.13653192273669687,0.12781812499612236,0.12234976651194276,0.11975827191726865,0.11975827188462766,0.1223497664169733,0.12781812484076166,0.1365319225045723,0.148177653258453,0.16040862038096995,0.17163839718119409,0.18116288257239788,0.18875688182429318,0.19435641829964795,0.19792199097884405,0.19942561599630135,0.19889098003354191,0.19643955088038964,0.19231641465232893,0.18688421488398677,0.18058663450319784,0.17389422654688427,0.16724941882432384,0.16102439392745826,0.15549891772422303,0.15085838989638667,0.14720746961031828,0.14459235966654738,0.1430249076515383,0.14250316219849685
0.1458570741703564,0.14655641391392973,0.14866077633987146,0.15218227981727037,0.15711879712097016,0.16342329742990508,0.17096751191547566,0.1795078956317941,0.18866430738296724,0.19792204634110477,0.20666439531333622,0.21423532229774872,0.22002178152797539,0.22353491715488483,0.22446423970806278,0.22268576121341593,0.21822582625076306,0.21119997970828647,0.2017598146248404,0.19009922863009718,0.1765934352375868,0.16212739198753184,0.14850763641992284,0.13830778658355092,0.13187365221408665,0.128809691796036,0.12880969176296012,0.13187365211721302,0.13830778642391872,0.14850763618183907,0.16212739162097523,0.17659343467020938,0.19009922783583033,0.20175981373941496,0.21119997903931748,0.21822582606989255,0.22268576151695885,0.22446424020020894,0.22353491741550136,0.22002178129525798,0.21423532185259414,0.20666439537795275,0.19792204740600391,0.18866430933174758,0.17950789803687525,0.17096751446236716,0.1634233000007152,0.15711879954819377,0.1521822818464535,0.14866077773160555,0.14655641445476236,0.14585707448644986
0.1497140041926692,0.1506324364106675,0.1534003458704707,0.15804563911105368,0.16458262881081417,0.17296749627411262,0.18304513385231233,0.19449910534983647,0.20682030562490472,0.21931008408355251,0.23112796454815898,0.24138281923419874,0.24925190345810885,0.2540975913571948,0.2555421307256049,0.25347091862641397,0.24797614169436286,0.23927472930451793,0.22764207811945056,0.21341555154970301,0.19714188513209413,0.1799235324892374,0.16384414592067995,0.15177369023799953,0.14411469375091912,0.1404488425710997,0.14044884254563672,0.14411469367455093,0.1517736901083898,0.16384414572479628,0.17992353218234852,0.1971418846292044,0.2134155507887452,0.22764207721307275,0.2392747285823567,0.24797614147359434,0.2534709189532294,0.25554213129926084,0.2540975917047474,0.2492519032616345,0.24138281884635895,0.23112796482959055,0.21931008550365078,0.20682030790573713,0.19449910797932587,0.18304513655205262,0.1729674989328266,0.16458263120338304,0.15804564101260035,0.1534003471037987,0.150632436751957,0.1497140042414425
0.15401099839365792,0.155190289613088,0.15874954166142696,0.1647389734928767,0.17319702505009837,0.1840874088143149,0.1972237360181424,0.2121988319665469,0.22834157739462224,0.24472369652296816,0.26022943774669616,0.27368445781306955,0.28402169751377915,0.2904434966536424,0.29251996845676914,0.29017123909845166,0.2835735511023077,0.27304954588718755,0.258992777981953,0.24187791270618297,0.22242768041903588,0.20198863600645636,0.18297913977545743,0.16864702943572135,0.15949115795427618,0.15508507132586077,0.1550850713106039,0.15949115790566581,0.16864702934894032,0.18297913964598744,0.20198863580392226,0.22242768005254304,0.2418779120768612,0.2589927771607404,0.2730495451925511,0.28357355090060854,0.29017123951656304,0.2925199691585401,0.29044349706736716,0.28402169725809834,0.27368445737348424,0.2602294381707803,0.24472369824194032,0.22834157996238247,0.21219883479832538,0.19722373883456512,0.18408741146979268,0.17319702735027487,0.16473897531557138,0.15874954276771813,0.1551902897019439,0.15401099806166862
0.15862539954827293,0.16010275691665693,0.16456757715779485,0.17209913592118953,0.18276770117559482,0.19654816108641612,0.2132166483638151,0.23225476971311712,0.25279412254344213,0.27363152860547535,0.2933291977183189,0.310390048424092,0.3234786496658785,0.33164129544046655,0.3344381117177181,0.33186995337554726,0.32421822779069576,0.31190120492339174,0.29539962312357404,0.2752898329804395,0.2524470129995648,0.22846696651899281,0.20615099056747485,0.18921305413999545,0.1783067132727578,0.1730273661325174,0.173027366120177,0.17830671322979824,0.18921305405912522,0.2061509904530915,0.22846696635826008,0.2524470127091553,0.2752898324410176,0.29539962235774353,0.31190120422954437,0.3242182276335621,0.33186995397349367,0.3344381126140042,0.33164129592202496,0.32347864929663417,0.31039004785018187,0.2933291981524983,0.2736315304205254,0.25279412519740674,0.23225477262387287,0.2132166512468221,0.19654816371924486,0.18276770342158857,0.172099137721219,0.16456757805316546,0.16010275660559756,0.1586253986904926
0.1633703227394603,0.16517217873425413,0.17062421049181045,0.17984075231415997,0.19293046317920604,0.20988169036844734,0.23042574966091922,0.2539127160412178,0.27924507393476294,0.30490835161447344,0.32911041980053335,0.35000708659344665,0.36597814030890663,0.37592356540183136,0.3794739482384999,0.3767861998451869,0.3682724690693657,0.3544204159758392,0.33573915142689004,0.3128376850689278,0.2866848098053188,0.2590978389251075,0.23328594139729616,0.2135126600902883,0.20066287958701162,0.19440245923433616,0.19440245920993796,0.2006628795045802,0.2135126599372357,0.23328594117792875,0.2590978386374293,0.28668480938898816,0.3128376844074696,0.3357391504930698,0.3544204150489433,0.3682724687414732,0.3767862003900213,0.37947394906411624,0.3759235657675161,0.36597813979551086,0.3500070859824592,0.3291104203437158,0.3049083535333864,0.2792450766016544,0.2539127189299002,0.23042575253890007,0.20988169296232617,0.19293046533936853,0.17984075389001816,0.17062421083505686,0.16517217785549645,0.16337032136050958
0.16799950935664715,0.17013463035303691,0.1766018116262567,0.18755459952737846,0.2031444249147248,0.22337418053361596,0.24792461986020103,0.2760005800158829,0.3062575025732139,0.3368555498630664,0.36564371678750573,0.39042704071882905,0.40927363611569484,0.4209065096197623,0.42516622667193993,0.42248259096390306,0.4134310641987637,0.39852895570404595,0.37823322114415514,0.35308958606326923,0.32406830515643814,0.2931413750445944,0.26391288008033026,0.24125693838972215,0.22637697727785913,0.21907539735518086,0.21907539731031553,0.22637697713045632,0.24125693811650004,0.26391287967168614,0.2931413745024348,0.3240683044596302,0.35308958510588023,0.3782332198115531,0.3985289541967788,0.4134310631893516,0.4224825908041184,0.42516622682072264,0.42090650951629865,0.4092736353625202,0.3904270401671015,0.36564371760999154,0.33685555206003287,0.3062575053414445,0.27600058281775564,0.24792462250594235,0.22337418285895208,0.20314442681235118,0.18755460065986754,0.17660181133713165,0.17013462918374359,0.16799950790686702
0.17222391441050328,0.17467707505305236,0.18211418014768865,0.19472916310787042,0.2127176004184798,0.23609783349155522,0.26450054264550105,0.2969878457150959,0.33197886386438286,0.36733542302750993,0.4005916537881917,0.4292334103875095,0.4509479390043188,0.4640603586063422,0.46888993013564806,0.4663200764030485,0.45713111416146557,0.44182170005825167,0.4207076452431443,0.39416534432643896,0.3630547339688779,0.3294009018046319,0.2971430224981361,0.27178476001778756,0.2549303689705227,0.24659471275769504,0.24659471269819677,0.2549303687784636,0.2717847596615022,0.29714302195212206,0.32940090107897957,0.3630547330870136,0.3941653431709542,0.42070764356427753,0.4418216979395607,0.45713111236160753,0.4663200754343749,0.4688899295625315,0.4640603578950722,0.4509479375616391,0.4292334092496361,0.4005916542419841,0.36733542510844325,0.3319788665719503,0.29698784835172376,0.26450054499989273,0.23609783563202616,0.21271760235422843,0.1947291642794917,0.18211418003105245,0.17467707456978454,0.17222391379047447
0.17574019771032173,0.17846807214310678,0.1867439277648273,0.200799181172525,0.2208710116329169,0.24699457311498912,0.27876099557064615,0.31511666777534736,0.3542973305445752,0.3939558788167918,0.43144188570052483,0.46405425793323657,0.48900537932172905,0.5033082934701922,0.5084379377981406,0.5060163736216154,0.49707390854682154,0.48203423114260285,0.4609882583933864,0.4340474269199493,0.4018514274594208,0.3663581361623452,0.33173809386002356,0.304087764975432,0.2854698637811648,0.2761838260980687,0.27618382603550085,0.28546986358274873,0.3040877646077534,0.331738093287878,0.36635813541281065,0.4018514266081755,0.43404742587236345,0.4609882568480356,0.4820342291262537,0.4970739068232851,0.5060163727066667,0.5084379371792631,0.5033082923962892,0.4890053769590427,0.4640542558931748,0.43144188539176526,0.3939558804890331,0.3542973331321187,0.31511667057885995,0.27876099848191604,0.24699457629580257,0.22087101482579746,0.20079918346612846,0.18674392887578106,0.17846807316036106,0.17574019855822784
0.17826822633336303,0.1811992141369581,0.19009585399371062,0.2052191438804598,0.22684003155352342,0.25501062165236205,0.28930096915799497,0.3285902900251404,0.3710229193365755,0.41419932227053696,0.45555190745762586,0.49264331309514725,0.5225931510695225,0.5375813743262976,0.5424960149950913,0.5400948374737252,0.5316625903932072,0.5174651304155752,0.49729599477560227,0.47093219633517536,0.43870587416113027,0.4023913840941863,0.36625952401033124,0.33690698871393554,0.31687147080036515,0.3067894897567278,0.30678948970921266,0.31687147065143306,0.33690698843297817,0.36625952356023633,0.40239138351254694,0.43870587355491497,0.47093219566062827,0.49729599372885663,0.5174651288955854,0.5316625889568729,0.5400948367036927,0.5424960146711946,0.537581373717684,0.5225931492969753,0.49264331275608536,0.45555190924628525,0.41419932604293797,0.37102292415249477,0.32859029526093214,0.2893009745970917,0.2550106270631111,0.22684003622979812,0.20521914700306498,0.19009585586235797,0.18119921591720525,0.17826822773683887
0.17959142729607266,0.18263061244604387,0.1918581949014723,0.2075517185530605,0.2300015923679252,0.25927173989555485,0.2949272165516682,0.3358273263843395,0.3801105119278461,0.42546937868943846,0.46974099417598714,0.5118247947198239,0.5532880205935281,0.5671324148994127,0.5707835951947317,0.5680275099016375,0.5601883928469072,0.5472025390127038,0.5285033781263297,0.5035006443149095,0.47216914242107105,0.43600885033362335,0.3992571788956589,0.3688782234033043,0.3478541766774163,0.3371795060693975,0.33717950605655644,0.3478541766378465,0.36887822331935044,0.3992571787428947,0.4360088501431484,0.47216914229593865,0.503500644288368,0.5285033779355973,0.5472025383910105,0.560188392053457,0.5680275097895402,0.5707835960400427,0.5671324156799435,0.5532880202149921,0.5118247977639948,0.4697409998839523,0.42546938563335746,0.38011051929322015,0.33582733383434044,0.2949272237894965,0.2592717464054792,0.23000159745139723,0.20755172189808352,0.19185819719683886,0.18263061473929265,0.17959142932478048
0.0,0.0,0.0,0.0,0.0,0.0,0.0,0.0,0.0,0.0,0.0,0.0,0.5898420995542778,0.5929927626652933,0.5936186752989068,0.5899712382799247,0.5827135504890384,0.5711031547816644,0.5541872472811196,0.5310309431811839,0.501251169003264,0.46602327231367735,0.4294394048170127,0.3986837517851737,0.37711277021505885,0.36606439156291226,0.366064391571444,0.3771127702480282,0.39868375185141625,0.42943940490363325,0.4660232723954616,0.5012511691262093,0.5310309434565144,0.5541872475353121,0.5711031545900559,0.5827135497073468,0.589971237954008,0.5936186760158809,0.592992762519702,0.5898420959321891,0.0,0.0,0.0,0.0,0.0,0.0,0.0,0.0,0.0,0.0,0.0,0.0
0.0,0.0,0.0,0.0,0.0,0.0,0.0,0.0,0.0,0.0,0.0,0.0,0.6099954049619966,0.6105233916835168,0.6098255751315653,0.606231741490832,0.5997971664129819,0.5895978364285996,0.5745034641133868,0.5533457004581999,0.525436869279718,0.4916230557934252,0.45577715323553364,0.42516821899555546,0.40343385683416927,0.3922110634578519,0.39221106343230877,0.40343385677751603,0.42516821894461276,0.4557771531693927,0.4916230555901825,0.5254368689004009,0.5533457000748405,0.5745034637301623,0.5895978355598838,0.599797164521429,0.606231739704911,0.6098255745600896,0.6105233903033546,0.609995399033431,0.0,0.0,0.0,0.0,0.0,0.0,0.0,0.0,0.0,0.0,0.0,0.0
0.0,0.0,0.0,0.0,0.0,0.0,0.0,0.0,0.0,0.0,0.0,0.0,0.6228368798537662,0.6226411934849783,0.6214855470478099,0.6181418413443358,0.6124500901194453,0.6034531587726177,0.5899522381760196,0.5706371335332141,0.5445841526959438,0.5123397108222393,0.47752664913748233,0.4473961860227857,0.42577118529559677,0.4145250126405109,0.414525012535169,0.42577118500553784,0.4473961855957952,0.4775266485429397,0.5123397098901256,0.5445841513150063,0.570637131889833,0.5899522365267822,0.6034531566998377,0.612450086840717,0.6181418377210934,0.6214855445349577,0.622641190871682,0.6228368735582578,0.0,0.0,0.0,0.0,0.0,0.0,0.0,0.0,0.0,0.0,0.0,0.0
0.0,0.0,0.0,0.0,0.0,0.0,0.0,0.0,0.0,0.0,0.0,0.0,0.6313819966506903,0.630968345621278,0.6296842025253743,0.6265832956540006,0.6214479863588107,0.6133458689971489,0.6010692373910167,0.5832363402373504,0.5587615588482132,0.5279501726001874,0.4941897610086765,0.46465667510299763,0.443278061891775,0.4320957330386618,0.4320957328669449,0.44327806139163983,0.4646566743088272,0.4941897599155493,0.5279501710825713,0.5587615567545077,0.5832363377159923,0.6010692349100408,0.6133458663647466,0.6214479829770665,0.6265832918948622,0.629684199587701,0.6309683425552951,0.6313819912302999,0.0,0.0,0.0,0.0,0.0,0.0,0.0,0.0,0.0,0.0,0.0,0.0
0.0,0.0,0.0,0.0,0.0,0.0,0.0,0.0,0.0,0.0,0.0,0.0,0.6367351553964449,0.6362547454596132,0.6349501677615517,0.6320257467595077,0.6272517831456731,0.6197302441534395,0.6082672166278594,0.5914533255203374,0.5681078688161705,0.5383713906834152,0.5054512335873734,0.47644008896198436,0.4553132451849214,0.4442174975498071,0.4442174973887414,0.45531324469497697,0.4764400881455537,0.5054512324742579,0.5383713892519771,0.5681078669438777,0.5914533232613127,0.6082672143754809,0.6197302419762561,0.6272517808691513,0.632025744238085,0.6349501657708758,0.6362547429305659,0.63673515167082,0.0,0.0,0.0,0.0,0.0,0.0,0.0,0.0,0.0,0.0,0.0,0.0
0.0,0.0,0.0,0.0,0.0,0.0,0.0,0.0,0.0,0.0,0.0,0.0,0.6393328981925145,0.6388340743192532,0.637533290379347,0.6346999440158579,0.6301028186359452,0.6228651383240446,0.6118053953181694,0.5955069407804706,0.572746688956813,0.5435827601266126,0.5111254223750322,0.48241446626501383,0.4614417326251043,0.4504036113031768,0.45040361124572753,0.461441732422903,0.48241446587359277,0.5111254218233937,0.5435827594876099,0.5727466881720772,0.5955069397088869,0.6118053940591862,0.6228651372499073,0.6301028179261605,0.6346999431643978,0.6375332898910534,0.6388340730587423,0.639332896833845,0.0,0.0,0.0,0.0,0.0,0.0,0.0,0.0,0.0,0.0,0.0,0.0
0.0,0.0,0.0,0.0,0.0,0.0,0.0,0.0,0.0,0.0,0.0,0.0,0.6393328966451486,0.638834073476772,0.6375332896135373,0.6346999431731271,0.6301028177437474,0.6228651373090756,0.6118053945309543,0.5955069401024566,0.5727466882824432,0.5435827595187822,0.511125421899969,0.48241446592381315,0.461441732394313,0.45040361117996214,0.4504036112526377,0.46144173257896115,0.48241446615752753,0.5111254221833843,0.5435827599298247,0.5727466887816147,0.5955069404780499,0.6118053948084514,0.6228651378676408,0.6301028185153509,0.6346999438846865,0.6375332906150855,0.6388340738095475,0.6393328979937253,0.0,0.0,0.0,0.0,0.0,0.0,0.0,0.0,0.0,0.0,0.0,0.0
0.0,0.0,0.0,0.0,0.0,0.0,0.0,0.0,0.0,0.0,0.0,0.0,0.6367351510549151,0.6362547430656897,0.6349501655142581,0.6320257442364671,0.6272517807234184,0.6197302415615822,0.6082672143905736,0.5914533235727027,0.5681078670850525,0.5383713892001684,0.5054512324086706,0.4764400880846223,0.4553132445728471,0.4442174972047667,0.4442174973629533,0.4553132450357659,0.47644008881856187,0.5054512333835877,0.5383713904286536,0.5681078685618115,0.5914533252237357,0.608267216250965,0.6197302436741344,0.6272517827517223,0.632025746410558,0.6349501677877797,0.6362547448769182,0.6367351548540197,0.0,0.0,0.0,0.0,0.0,0.0,0.0,0.0,0.0,0.0,0.0,0.0
0.0,0.0,0.0,0.0,0.0,0.0,0.0,0.0,0.0,0.0,0.0,0.0,0.6313819903494673,0.6309683421989789,0.6296841992585434,0.6265832917976758,0.6214479829781346,0.613345865926571,0.6010692345711977,0.5832363377451198,0.5587615567775159,0.5279501709051403,0.4941897596779656,0.46465667410634337,0.44327806118254515,0.4320957326090012,0.4320957327574205,0.4432780616468183,0.46465667491434093,0.49418976081594873,0.5279501723476548,0.5587615585717719,0.5832363399402115,0.601069237076634,0.6133458686612462,0.6214479859288827,0.6265832951891467,0.6296842022914028,0.6309683449277523,0.6313819957657965,0.0,0.0,0.0,0.0,0.0,0.0,0.0,0.0,0.0,0.0,0.0,0.0
0.0,0.0,0.0,0.0,0.0,0.0,0.0,0.0,0.0,0.0,0.0,0.0,0.6228368728823656,0.6226411901250392,0.6214855440587488,0.618141837553445,0.6124500869113935,0.6034531562892764,0.589952235938913,0.5706371316616797,0.5445841512812849,0.5123397097331499,0.47752664826990043,0.44739618531910585,0.4257711847348731,0.41452501222595173,0.41452501228189326,0.42577118493068994,0.44739618571226414,0.4775266488822966,0.5123397105514504,0.5445841523874587,0.5706371331992999,0.5899522378145953,0.6034531584865045,0.6124500897707807,0.6181418409306499,0.6214855466753139,0.6226411927427863,0.6228368786767396,0.0,0.0,0.0,0.0,0.0,0.0,0.0,0.0,0.0,0.0,0.0,0.0
0.0,0.0,0.0,0.0,0.0,0.0,0.0,0.0,0.0,0.0,0.0,0.0,0.6099953990999292,0.6105233898800644,0.6098255739005719,0.606231739437252,0.5997971648551899,0.5895978356168889,0.5745034633535641,0.5533456998094495,0.5254368688468966,0.4916230554749842,0.4557771529017845,0.42516821861416154,0.40343385643970453,0.39221106307028475,0.39221106304378944,0.4034338563710002,0.4251682185312639,0.45577715283335996,0.4916230554491237,0.5254368689430938,0.5533457000972185,0.574503463687499,0.5895978360609642,0.5997971660850548,0.6062317411735484,0.609825574761654,0.6105233910384219,0.6099954036511787,0.0,0.0,0.0,0.0,0.0,0.0,0.0,0.0,0.0,0.0,0.0,0.0
0.0,0.0,0.0,0.0,0.0,0.0,0.0,0.0,0.0,0.0,0.0,0.0,0.589842096688597,0.5929927634502011,0.5936186763167297,0.5899712380836538,0.5827135503292614,0.5711031551053986,0.5541872475100936,0.5310309432903046,0.5012511691088483,0.466023272379817,0.4294394047494962,0.39868375159263447,0.3771127699506276,0.366064391248498,0.3660643911967585,0.3771127697901801,0.39868375131178957,0.4294394043504407,0.46602327192009374,0.5012511686853497,0.5310309428922497,0.5541872469300241,0.5711031543961133,0.5827135501613889,0.589971238033481,0.5936186750017939,0.5929927622536685,0.5898420983700327,0.0,0.0,0.0,0.0,0.0,0.0,0.0,0.0,0.0,0.0,0.0,0.0
0.17959142831666872,0.18263061365195904,0.19185819657751293,0.20755172120247814,0.23000159678580723,0.25927174581930984,0.29492722335437804,0.33582733369302287,0.3801105195786573,0.42546938628617836,0.4697410006302461,0.5118247985001817,0.5532880211081486,0.5671324168933659,0.5707835968424331,0.5680275102491001,0.5601883929008823,0.5472025393272553,0.5285033783907378,0.5035006444256351,0.47216914245981356,0.4360088503224134,0.3992571788048817,0.3688782232490631,0.3478541764890659,0.33717950586030676,0.3371795058282829,0.3478541763872664,0.3688782230605649,0.3992571785205551,0.436008849989015,0.47216914216848266,0.5035006441566967,0.5285033779745181,0.5472025387777678,0.560188392609771,0.5680275097207717,0.5707835949584865,0.5671324147160803,0.553288019724828,0.5118247941156142,0.46974099367153355,0.42546937808394386,0.3801105113590703,0.33582732598439985,0.29492721623341434,0.25927173931480113,0.2300015912032432,0.20755171705099376,0.19185819379827987,0.1826306119522743,0.17959142686186563
0.17826822685114257,0.1811992147035349,0.19009585508902996,0.2052191461350827,0.22684003540237999,0.2550106263423946,0.28930097400088084,0.3285902948875699,0.37102292421300936,0.4141993266960071,0.45555191027178626,0.4926433132599354,0.5225931498338574,0.5375813745894188,0.5424960153620121,0.5400948370377362,0.5316625895762721,0.5174651297670886,0.49729599429923216,0.4709321958782195,0.438705873716532,0.40239138370497063,0.36625952368816717,0.33690698844708117,0.31687147057875426,0.3067894895804696,0.30678948958227154,0.31687147058645415,0.3369069884673173,0.3662595237340801,0.4023913838129855,0.4387058739374051,0.47093219621820004,0.4972959947359009,0.5174651303256416,0.5316625902500108,0.5400948372941851,0.5424960146798066,0.5375813741647244,0.5225931503767154,0.492643312533384,0.4555519070534724,0.414199321707283,0.3710229186561874,0.3285902894314661,0.289300968768469,0.25501062128203966,0.22684003069207004,0.20521914238610792,0.1900958526660827,0.18119921355548924,0.1782682257338565
0.17574019755199652,0.1784680719310392,0.18674392812325583,0.20079918263751145,0.22087101402519715,0.2469945756436323,0.27876099798270965,0.3151166702230927,0.35429733299878813,0.393955880674539,0.4314418859789104,0.4640542562739078,0.48900537728069343,0.5033082929552881,0.5084379376453652,0.5060163727957718,0.4970739070365395,0.4820342296303799,0.4609882572189005,0.43404742593161744,0.40185142656624606,0.3663581354125926,0.33173809328458015,0.30408776453740005,0.2854698634442339,0.27618382584928103,0.27618382587352175,0.2854698635245024,0.30408776469907894,0.33173809356976075,0.3663581358613835,0.4018514271807217,0.43404742671607,0.46098825829190826,0.48203423106829413,0.4970739084525186,0.5060163734708827,0.5084379374736144,0.50330829324756,0.4890053787328658,0.46405425737383466,0.43144188532791683,0.3939558783656292,0.3542973299467115,0.31511666712949443,0.2787609950468418,0.24699457280571913,0.220871011161312,0.20079918000541558,0.18674392638964868,0.17846807157859088,0.17574019710430314
0.17222391278873442,0.17467707341943428,0.1821141793567816,0.19472916354927267,0.21271760157181407,0.23609783494250325,0.26450054444479193,0.29698784791026756,0.33197886628315676,0.3673354250233952,0.40059165432991123,0.4292334093427498,0.4509479376570343,0.4640603582478115,0.468889929951478,0.46632007551107124,0.45713111243792454,0.4418216982626899,0.42070764385290094,0.39416534318876,0.36305473294817403,0.3294009009444335,0.2971430218302417,0.27178475949730285,0.2549303685548374,0.2465947124284602,0.24659471245317546,0.25493036863642005,0.27178475966369026,0.2971430221354785,0.3294009014380726,0.3630547336143441,0.3941653440152777,0.42070764501758295,0.44182169990932185,0.45713111404519713,0.46632007624778615,0.4688899298404026,0.4640603583945507,0.4509479385965145,0.4292334099842423,0.40059165353602033,0.36733542274139447,0.3319788634707246,0.296987845222796,0.264500542097843,0.23609783306284954,0.21271760002517692,0.19472916213531785,0.18211417858326517,0.17467707421239032,0.17222391372062718
0.16799950678474918,0.1701346280021539,0.17660181066250932,0.1875546000375972,0.20314442613211653,0.2233741822473779,0.24792462203469592,0.27600058243699527,0.30625750500476,0.33685555181496296,0.36564371733811213,0.3904270398534312,0.4092736350176419,0.4209065094187543,0.4251662268897365,0.4224825907224812,0.4134310631163687,0.39852895437908326,0.37823322007726207,0.3530895851929993,0.32406830437721024,0.29314137438235993,0.26391287955288667,0.24125693795965705,0.22637697691128356,0.21907539703659387,0.21907539704181395,0.22637697693221387,0.24125693801708906,0.26391287969048616,0.2931413746466982,0.32406830476503873,0.3530895856927384,0.3782332208203532,0.3985289554545231,0.4134310640231883,0.42248259078074163,0.4251662263695071,0.4209065093445615,0.40927363574052655,0.3904270403771226,0.3656437165830129,0.3368555496467069,0.30625750229856036,0.2760005797025257,0.2479246194522288,0.2233741801115519,0.2031444245768234,0.18755459880008934,0.17660180996316172,0.1701346288983959,0.16799950815833153
0.16337032020393152,0.16517217666275122,0.17062421012301104,0.1798407533285095,0.19293046472338587,0.2098816923588295,0.23042575204005253,0.2539127185865676,0.27924507632677986,0.3049083533348348,0.3291104200687027,0.3500070855867716,0.3659781392521161,0.375923565330856,0.3794739487673369,0.3767862000136736,0.36827246837949273,0.3544204149466906,0.33573915058622344,0.31283768445662324,0.28668480932307705,0.25909783853589685,0.23328594108564965,0.2135126598255835,0.2006628793426519,0.19440245899580416,0.19440245898063302,0.20066287930268928,0.21351265977776648,0.23328594105966133,0.25909783856879165,0.2866848094463277,0.3128376847207339,0.33573915110031555,0.35442041568985927,0.3682724688474979,0.3767861996574071,0.3794739479885076,0.37592356513859426,0.36597813995549633,0.35000708625612115,0.32911041956377235,0.30490835135556277,0.27924507363023326,0.25391271576924523,0.23042574935362536,0.20988168997426387,0.19293046283939583,0.17984075185659054,0.17062420912829662,0.16517217698962405,0.1633703210679371
0.15862539758526803,0.1601027554836889,0.16456757733284422,0.17209913721376735,0.18276770289061522,0.1965481631806058,0.21321665072611573,0.2322547721858562,0.25279412484837543,0.2736315301641587,0.29332919790123585,0.3103900475338216,0.32347864883328115,0.3316412954760211,0.3344381122357454,0.33186995350135756,0.3242182271142802,0.31190120389342396,0.2953996222362273,0.2752898323608466,0.25244701256967494,0.2284669661991673,0.20615099032171716,0.1892130539410134,0.1783067130932816,0.17302736595316068,0.17302736594064683,0.17830671306405046,0.18921305391614876,0.20615099032641002,0.22846696626004312,0.2524470127316895,0.275289832714929,0.295399622868349,0.3119012046830481,0.32421822756907376,0.3318699531707966,0.3344381114958301,0.33164129521682173,0.3234786493827709,0.3103900481592696,0.2933291975299447,0.27363152836158317,0.25279412219599046,0.2322547693954488,0.21321664808807006,0.19654816071690903,0.182767700747461,0.17209913551873524,0.16456757620579696,0.16010275540255423,0.1586253978770321
0.15401099702256343,0.1551902886972868,0.1587495420936492,0.16473897488227304,0.17319702689633215,0.18408741101288156,0.19722373838057533,0.21219883433909645,0.228341579529852,0.2447236978431156,0.2602294378068208,0.2736844570120709,0.28402169682899325,0.2904434966771707,0.2925199688449893,0.29017123913691273,0.2835735504398394,0.27304954482395616,0.25899277695984135,0.2418779119334615,0.22242767986513182,0.20198863558765243,0.1829791394526603,0.16864702918547966,0.15949115775107944,0.15508507114978462,0.1550850711587617,0.15949115778685824,0.16864702927002112,0.182979139607704,0.20198863583154245,0.22242768023809784,0.2418779125242413,0.2589927778069431,0.2730495457258706,0.28357355094532355,0.2901712389299412,0.2925199682710506,0.29044349645761375,0.2840216972693996,0.27368445759128945,0.26022943761477274,0.24472369636033478,0.22834157709112465,0.2121988316309516,0.19722373575953325,0.1840874085197136,0.1731970245997809,0.1647389729879179,0.1587495409015671,0.15519028844775937,0.15401099701072277
0.14971400325520376,0.1506324358430025,0.15340034647256826,0.15804564065520185,0.1645826308261379,0.17296749852586601,0.18304513616411608,0.19449910757661534,0.2068203074925062,0.21931008505786803,0.23112796438084873,0.24138281839209733,0.24925190277066842,0.25409759127519643,0.25554213098277617,0.2534709186403972,0.24797614111057495,0.23927472827591326,0.22764207703974143,0.21341555067591553,0.19714188447657288,0.17992353198046257,0.16384414552013063,0.1517736899247304,0.14411469350610448,0.1404488423811351,0.14044884240867148,0.14411469359550852,0.1517736900931667,0.16384414578440623,0.17992353235696232,0.19714188500200935,0.21341555141984314,0.22764207799149883,0.23927472918604928,0.24797614158340392,0.25347091850298265,0.2555421305898851,0.25409759120577313,0.24925190325621216,0.24138281903540307,0.23112796443325204,0.21931008398218851,0.20682030539982815,0.19449910503429696,0.18304513359633773,0.17296749606478334,0.1645826284654909,0.1580456385732422,0.153400345137277,0.1506324354270876,0.14971400304331173
0.1458570735644268,0.1465564136291534,0.14866077712973494,0.15218228153752714,0.157118799232581,0.16342329961876859,0.17096751408506006,0.17950789766776684,0.1886643089660352,0.1979220470027465,0.20666439495354152,0.21423532139650078,0.2200217807875425,0.22353491694477057,0.22446423983574845,0.22268576119569375,0.2182258257363297,0.21119997875956878,0.2017598135847146,0.19009922776136035,0.17659343458016083,0.16212739148117547,0.14850763602083153,0.13830778626883464,0.13187365197199044,0.1288096916205936,0.12880969165371584,0.13187365207548193,0.13830778645289124,0.14850763629669517,0.16212739186877365,0.1765934351237294,0.19009922851915478,0.20175981451362843,0.21119997959799425,0.218225826143325,0.22268576109768548,0.22446423959195155,0.22353491703402828,0.22002178136918868,0.21423532212817473,0.20666439520419175,0.1979220462714931,0.1886643072346319,0.17950789536686299,0.1709675116514658,0.16342329724613053,0.15711879689677613,0.15218227936936984,0.1486607756543015,0.1465564130053486,0.1458570731435585
0.14250316134860333,0.14302490690555822,0.14459235909328458,0.1472074693343333,0.1508583896325967,0.15549891737056118,0.1610243935401795,0.16724941844742927,0.1738942261895188,0.18058663413678852,0.18688421451763473,0.19231641426148152,0.196439550435778,0.1988909795965378,0.1994256156317159,0.19792199065399438,0.19435641796907582,0.188756881534461,0.18116288239569356,0.17163839710339165,0.1604086203229411,0.14817765317194384,0.13653192239814646,0.12781812473551768,0.12234976631950485,0.11975827178921739,0.1197582718184432,0.12234976641023837,0.1278181248949156,0.136531922636061,0.1481776535136128,0.16040862082031496,0.1716383978051777,0.1811628832372858,0.188756882264523,0.19435641830237163,0.1979219905736618,0.19942561547534976,0.19889097976819153,0.1964395510553596,0.19231641502978278,0.18688421488612944,0.18058663364759317,0.17389422476346963,0.16724941640153818,0.16102439127144866,0.15549891509150637,0.1508583873535774,0.14720746717679392,0.14459235756127273,0.14302490612984428,0.14250316078720027
0.13966601943103685,0.1400481816541513,0.1411944276855781,0.14310092206154978,0.14575130330054656,0.149103253073824,0.1530729674964625,0.15752109426066585,0.16224453878758807,0.166978478490304,0.17141139019101592,0.1752126961407942,0.1780682670446773,0.17971484031493887,0.17996247398723567,0.17869638463268606,0.17585616587911496,0.17140003171517176,0.165275532668287,0.15743970549827396,0.14799619968184644,0.13750639447478255,0.12738743923643472,0.11981531936508866,0.11508517550107174,0.11285372989259555,0.1128537299176101,0.11508517557842987,0.11981531950067893,0.1273874394419487,0.1375063947816249,0.14799620014410672,0.1574397061481254,0.16527553341867984,0.17140003232894407,0.1758561661259827,0.1786963845341326,0.17996247384980263,0.17971484048396488,0.17806826762688857,0.17521269688858324,0.17141139062147553,0.1669784781698727,0.1622445375958072,0.15752109243135293,0.15307296537271822,0.14910325086316095,0.14575130105900433,0.14310091994101395,0.14119442615136946,0.14004818080104584,0.13966601883934465
0.13732328192068363,0.13759864550081224,0.13842323358122668,0.13979052239469286,0.14168321500311723,0.14406468604613398,0.1468692556767371,0.14999362190424526,0.15329222378074728,0.15657916116589524,0.15963823740860822,0.1622406232104557,0.1641668915992316,0.1652275864915112,0.16527526419948765,0.1642021737918755,0.16192186356225702,0.1583403161153186,0.15333484241617037,0.146780281161347,0.13868723086443038,0.12950891762221148,0.12053561953921278,0.11381667850280157,0.10963640626584605,0.10767262041783368,0.10767262044236595,0.10963640634073558,0.11381667863231194,0.12053561973628851,0.12950891792244987,0.13868723131904434,0.14678028178194463,0.15333484309328452,0.15834031662437573,0.16192186372237705,0.16420217365539339,0.16527526404491794,0.16522758661586193,0.16416689210408425,0.16224062390124572,0.15963823786290504,0.1565791609638231,0.15329222276116586,0.14999362023804516,0.14686925366408668,0.14406468388491842,0.1416832127797643,0.1397905202964833,0.13842323203206763,0.13759864457460233,0.13732328134114416
0.1354294188728072,0.1356249588102169,0.13620959346377157,0.13717609326994415,0.13850836780436254,0.1401761509047285,0.14212907316758394,0.14429161337929913,0.14656063113650059,0.14880700718991416,0.15088218080867843,0.15262903916135864,0.15389489588606467,0.15454269612468158,0.15445579367882714,0.15353232524691118,0.15166792169151944,0.14873130002582396,0.14454887710417547,0.13893543427796426,0.13183332989239865,0.1236164089757515,0.11548184589488478,0.10938613587013499,0.10560674579581278,0.10383785753993825,0.1038378575657343,0.10560674587362476,0.1093861360030861,0.11548184609679067,0.12361640928363797,0.13183333035096106,0.138935434879085,0.14454887772172964,0.14873130044932742,0.15166792178200694,0.15353232508012035,0.15445579350913943,0.15454269620712738,0.1538948963135687,0.15262903978292372,0.15088218125984112,0.14880700706887687,0.14656063024588656,0.1442916118339347,0.14212907123424498,0.140176148778016,0.1385083655915197,0.13717609118002283,0.13620959186929696,0.1356249577795662,0.13542941828086755
0.13392684235152558,0.13406392211904433,0.13447315271116375,0.13514772171337922,0.13607379241772277,0.13722728124265962,0.13857033742581903,0.14004845679373254,0.14158924362804037,0.1431036641158432,0.14449012052319157,0.14564081000652804,0.14644874974287103,0.14681284088127639,0.14663780459277154,0.1458261993625886,0.14426164422478008,0.141787228740082,0.13819392388981105,0.13325427355253153,0.12686222036072417,0.11933481346039014,0.11180209568276969,0.10615320424571925,0.10266091607570574,0.10103150846905147,0.10103150849465131,0.10266091615277857,0.10615320437816364,0.11180209588695156,0.11933481377411427,0.12686222082016846,0.13325427413178995,0.13819392445290501,0.14178722909420083,0.14426164426669882,0.1458261991836523,0.14663780442500277,0.14681284094345762,0.14644875011517905,0.14564081056783254,0.1444901209605043,0.14310366405351,0.14158924284302948,0.14004845534557642,0.13857033554647824,0.13722727913022853,0.13607379020714958,0.13514771962948194,0.1344731510670747,0.13406392097762493,0.1339268417189378
0.13275438324242117,0.1328493969458171,0.13313264009739612,0.13359824481632168,0.13423494048933368,0.13502414398068102,0.13593791664385135,0.13693735280053418,0.1379719802200628,0.1389806036588458,0.13989366159161948,0.14063659629663086,0.1411330379130839,0.14130593748170087,0.1410743863604663,0.14034406228170074,0.13899069820887044,0.13684024536939715,0.13365971296513146,0.12919279046763613,0.12329994596052743,0.11625842219884097,0.1091505725198788,0.10381712875363952,0.10052743554221484,0.09899641427269919,0.09899641429568863,0.10052743561225927,0.1038171288774263,0.10915057271806664,0.11625842251056266,0.12329994641338027,0.12919279101985434,0.13365971347515826,0.13684024566374828,0.138990698215295,0.14034406210194517,0.14107438620612234,0.14130593754162543,0.14113303825460546,0.14063659681715707,0.1398936620191149,0.13898060364672035,0.13797197953092166,0.13693735144159724,0.1359379148060508,0.13502414186595993,0.13423493827062805,0.13359824273831805,0.13313263841801423,0.13284939571903515,0.1327543825674224
0.131853067593667,0.13191826882315413,0.13211237633344736,0.13243062216178672,0.1328641831641476,0.13339907154324884,0.13401496952964023,0.13468433690686182,0.13537210444510317,0.13603614165818614,0.13662843006448291,0.13709648607117295,0.13738410414774374,0.13743002081723316,0.13716277859442813,0.13649017060412816,0.13528283658773324,0.13335550544079613,0.13045934887580904,0.12631878055869775,0.12077159331594664,0.11406760005552694,0.10725570403960648,0.10214214794415567,0.09899366382088239,0.09753120378672796,0.09753120380604081,0.09899366388122248,0.1021421480559008,0.10725570422791796,0.1140676003603249,0.1207715937565569,0.1263187810800217,0.1304593493338489,0.1333555056808089,0.1352828365635008,0.1364901704247762,0.1371627784542567,0.13743002088146808,0.13738410447350158,0.13709648656794438,0.13662843049084752,0.1360361416944029,0.13537210384769027,0.13468433563809123,0.1340149677359501,0.13339906942467017,0.13286418093236443,0.1324306200847059,0.13211237462866657,0.1319182675422552,0.1318530668899313
0.13116954847667897,0.13121389549288798,0.13134575083983605,0.13156139595006014,0.13185412674208202,0.13221361786280025,0.13262526124836188,0.13306965910122867,0.13352242254352387,0.13395432494998422,0.13433167021443668,0.13461646072388134,0.13476560792781175,0.13472806757668748,0.13443849977030203,0.13380609518653067,0.13269824451429318,0.1309224426899754,0.12821957079861182,0.12430138813389152,0.11899057979410536,0.11251832450182529,0.10591032032944502,0.10094842462272924,0.09789734824957289,0.09648217726449701,0.09648217728055175,0.09789734830162339,0.10094842472504154,0.10591032051078561,0.11251832480074936,0.11899058022068344,0.12430138862212073,0.12821957120567898,0.1309224428794928,0.1326982444613044,0.1338060950047756,0.1344384996395848,0.13472806764371267,0.1347656082423571,0.13461646120494014,0.13433167064429072,0.13395432503211308,0.1335224220331645,0.1330696579247999,0.13262525950938403,0.13221361575258736,0.13185412450217768,0.13156139386802118,0.13134574910971544,0.13121389417842522,0.13116954775491868
0.13065773263528413,0.1306876535476103,0.1307765087096614,0.13092148345594434,0.13111759688988478,0.1313573378825861,0.13163028207291866,0.13192277824179133,0.13221775924541898,0.1324946481643927,0.13272918576758122,0.13289279702464893,0.13295084815987412,0.13285884527910743,0.13255536337283141,0.13195049940937653,0.1309095892051176,0.1292355174773711,0.12666256419475763,0.12289429477375284,0.11774346620975451,0.11142875380491976,0.10495991493251544,0.10010168560268484,0.0971172099373427,0.09573436953968593,0.09573436955351236,0.097117209984262,0.10010168570069736,0.10495991511274727,0.11142875410218826,0.11774346662342607,0.12289429522857305,0.12666256455233346,0.12923551762006832,0.1309095891258486,0.1319504992237774,0.13255536324753486,0.13285884534555664,0.13295084846231414,0.13289279749070318,0.13272918619976587,0.13249464828671018,0.1322177588142554,0.1319227771556153,0.13163028039740624,0.13135733579669512,0.13111759465354852,0.1309214813679652,0.13077650695264095,0.13068765221112408,0.13065773189820085
0.13027915603734866,0.13029919152035896,0.1303586205895058,0.1304553589075163,0.13058576583941756,0.1307444309959501,0.1309239381456488,0.13111463931299966,0.13130443818951704,0.13147851041775685,0.1316187716663505,0.1317027359161786,0.1317011832177039,0.1315737887175088,0.13126161201621572,0.1306753289532403,0.12967898178447831,0.1280725394210933,0.1255860869715627,0.12191794208879791,0.11687441469464244,0.11066588478070039,0.10429125974097497,0.09950333327597671,0.09656404081494735,0.0952031327738557,0.0952031327866131,0.09656404086004981,0.09950333337439711,0.10429125992481561,0.11066588507965668,0.11687441509707087,0.12191794251162912,0.1255860872826542,0.12807253952142,0.12967898168255196,0.13067532876464943,0.13126161189482047,0.1315737887813174,0.13170118350629753,0.13170273636526705,0.13161877209705128,0.13147851057304222,0.131304437828041,0.13111463831070572,0.13092393653606504,0.13074442894546312,0.13058576361761653,0.1304553568165313,0.1303586188078607,0.130299190171071,0.13027915528470388
0.1300025844819074,0.13001589991317974,0.13005534966282675,0.1301194138476378,0.13020546008547915,0.1303096100128881,0.13042657602828217,0.13054946803539744,0.1306695371394213,0.13077576065984908,0.13085407349362704,0.1308859057919824,0.13084548810679836,0.13069513562038687,0.13037747474521702,0.12980354529608448,0.12883657511305,0.1272746960080124,0.12484534379159774,0.12124350432102611,0.11627134619647214,0.11013380725788997,0.10382247870463837,0.09908187936141598,0.09617301856483955,0.09482688172579078,0.09482688173862279,0.09617301861114305,0.09908187946383576,0.1038224788947068,0.1101338075595628,0.11627134658821009,0.12124350471397528,0.12484534406068927,0.12727469607140907,0.12883657499253204,0.12980354510604036,0.1303774746273252,0.1306951356805496,0.13084548838051338,0.13088590622246818,0.1308540739195382,0.13077576084216846,0.13066953683969088,0.1305494671102441,0.13042657448322226,0.13030960800238292,0.13020545788339646,0.1301194117552247,0.13005534786043269,0.13001589855941548,0.13000258371449555
0.1298032023457051,0.12981198012107667,0.1298379537600822,0.12988002556607764,0.12993630229156422,0.13000400185603758,0.13007932283507834,0.13015725718975588,0.13023129500931152,0.13029291343659308,0.13033065318454903,0.13032845462375647,0.1302627402979667,0.1300974908706725,0.12977631514947544,0.12921047696587337,0.12826268797632043,0.1267299218179653,0.1243379456777661,0.12077964409979015,0.1158545537088193,0.10976408562253138,0.1034949494697104,0.09878597220472375,0.09589745812649227,0.09456119752023874,0.09456119753419069,0.09589745817662963,0.09878597231400021,0.10349494966751001,0.10976408592655697,0.11585455408923494,0.12077964446455994,0.12433794590965398,0.12672992185018153,0.12826268784101208,0.12921047677528166,0.12977631503427717,0.1300974909262808,0.13026274055645992,0.13032845503513965,0.13033065360380466,0.13029291364193155,0.13023129476593984,0.1301572563373138,0.13007932135350853,0.13000399988723155,0.12993630010950794,0.12988002347005972,0.1298379519385222,0.12981197876725475,0.12980320156379285
0.12966164026372837,0.12966737127294137,0.1296843053225766,0.12971165264562515,0.12974805083552385,0.12979149016131056,0.12983919517232087,0.12988743198838665,0.12993117993010897,0.12996355341877686,0.12997477768520146,0.12995039828048965,0.12986822691175717,0.1296932914965398,0.12936981282509283,0.12880918780935705,0.1278737957069146,0.12635987527119066,0.12399214105370812,0.12046215827141196,0.11556780990093389,0.10950825589174244,0.10326699167211693,0.09857896385611625,0.09570394248099018,0.09437423217889258,0.09437423219484539,0.09570394253715059,0.0985789639745802,0.10326699187876152,0.10950825619739986,0.11556781026877197,0.12046215860876491,0.12399214125227484,0.12635987527737605,0.12787379556020947,0.12880918761869428,0.12936981271144796,0.12969329154671116,0.1298682271551679,0.12995039867307626,0.12997477809664923,0.12996355364362816,0.12993117973845733,0.12988743120576657,0.12983919375519856,0.12979148823697972,0.1297480486733317,0.12971165054254136,0.1296843034808939,0.1296673699178144,0.12966163946371634
0.12956299869498714,0.129566693689668,0.12957759220643364,0.1295951246589414,0.12961830361716398,0.1296456565121423,0.12967510946366206,0.12970378540668714,0.12972764962093236,0.12974088550392912,0.12973480483812902,0.12969597778082814,0.12960309459718838,0.1294218393435256,0.12909681056855773,0.12853947911693717,0.1276120040661072,0.1261101510974178,0.12375796573077111,0.12024618632495374,0.11537167098727344,0.1093321722295816,0.10310910770826309,0.09843480988201704,0.09556864481958223,0.09424323579807711,0.09424323581662195,0.0955686448832232,0.09843481001120248,0.10310910792437351,0.10933217253604198,0.11537167134105598,0.12024618663476194,0.12375796589849089,0.12611015108156212,0.12761200391116936,0.12853947892729906,0.12909681045620341,0.1294218393880175,0.129603094825933,0.1296959781549311,0.1297348052402561,0.12974088574389495,0.12972764947516183,0.12970378469038765,0.12967510811269833,0.12964565463695593,0.1296183014770962,0.12959512254754113,0.12957759034393201,0.12956669232835824,0.12956299786905515
0.12949595430152488,0.12949829421801637,0.12950517880992568,0.12951619343479037,0.12953061196547408,0.1295473314274163,0.1295647538367104,0.1295805750110161,0.12959141045637793,0.12959213970435382,0.12957477413285942,0.12952653686442694,0.12942667248998474,0.12924127407286146,0.1289151699186829,0.12835986622991555,0.12743736985282375,0.12594313424243492,0.12360077300622098,0.12010050529414591,0.1152385654219649,0.10921185328924858,0.1030004801693937,0.0983350468305559,0.0954746136706882,0.09415199102932527,0.09415199105069234,0.09547461374233711,0.09833504697082342,0.10300048039458638,0.10921185359516364,0.11523856576008593,0.12010050557594877,0.12360077314465213,0.12594313420752848,0.12743736969268313,0.12835986604346256,0.12891516980887827,0.12924127411239636,0.1294266727044314,0.12952653721962615,0.1295747745231838,0.1295921399539363,0.12959141034928684,0.12958057435609283,0.12956475255264968,0.12954732960619672,0.12953060985159714,0.1295161913169815,0.1295051769284997,0.1294982928457888,0.12949595344063086
0.1294519883989002,0.12945342960043363,0.12945765384776922,0.1294643541221313,0.12947298434478105,0.1294826935484293,0.1294922043560522,0.1294995937443039,0.12950190459374883,0.12949446874342477,0.1294697472477011,0.12941537855944535,0.12931095582133284,0.12912282497636712,0.12879595054286827,0.128241848864171,0.1273224154150651,0.12583288971143705,0.12349659909760843,0.1200034343087049,0.11514925990332754,0.10913048600511398,0.10292643908628601,0.09826660155089961,0.09540980158399906,0.09408894829170238,0.09408894831591914,0.0954098016635416,0.09826660170152415,0.10292643931884544,0.10913048630811037,0.11514926022392734,0.12000343456232163,0.12349659920842841,0.12583288966022674,0.12732241525265206,0.12824184868357422,0.12879595043773054,0.12912282501215996,0.1293109560215187,0.12941537889436983,0.1294697476228034,0.12949446899660771,0.1295019045177972,0.12949959314511456,0.1294922031383022,0.12948269178462982,0.12947298226105688,0.12946435200158948,0.12945765195180858,0.12945342821476363,0.12945198749593234
0.1294247470370787,0.1294255940654146,0.12942806048420752,0.12943191322752856,0.12943672910703743,0.12944182766547102,0.12944614623653639,0.12944801429677813,0.12944475476862505,0.12943199272031314,0.12940247766048277,0.12934411147830194,0.12923670525174982,0.12904675912374505,0.1287193146670401,0.12816588188354114,0.12724826934987968,0.12576156249790893,0.12342889143277783,0.11993993601956857,0.11509035083767133,0.10907629214958134,0.10287665281031977,0.0982202218116603,0.0953656495986606,0.09404588498332081,0.09404588501039181,0.09536564968577213,0.09822022197125463,0.10287665304751292,0.10907629244643686,0.11509035113875185,0.11993993624533414,0.12342889151824689,0.12576156243333775,0.12724826918796595,0.12816588171123436,0.12871931456854016,0.1290467591568623,0.12923670543734597,0.12934411179092453,0.12940247801629468,0.12943199297085078,0.12944475471654485,0.12944801374796872,0.12944614508414604,0.1294418259616775,0.12943672705702616,0.12943191110852992,0.1294280585790261,0.12942559266539355,0.1294247460875207
0.12940952559907268,0.12940998095385053,0.12941128921647113,0.12941326767910893,0.1294155763544746,0.12941764938457292,0.1294185671406533,0.12941682570390167,0.12940993094675252,0.12939369755973998,0.12936105956775326,0.1293000851955865,0.12919072050112973,0.12899955741776625,0.12867167715739022,0.12811857266329219,0.12720198030119345,0.12571686786180117,0.12338622247027309,0.11989958511974552,0.11505250015741027,0.10904102232762333,0.10284384607067137,0.09818936025290446,0.09533607773376838,0.09401694774840164,0.09401694777824929,0.09533607782786234,0.09818936041975099,0.10284384630961071,0.1090410226153431,0.11505250043743906,0.11989958531835128,0.12338622253268591,0.12571686778654914,0.1272019801420694,0.128118572501094,0.12867167706691998,0.12899955744892536,0.1291907206716963,0.12930008548379585,0.12936105990000696,0.12939369780125035,0.12940993091148426,0.1294168252006501,0.1294185660532288,0.12941764774398373,0.12941557434268167,0.12941326556685812,0.12941128730736765,0.12940997953892314,0.12940952460003322
0.12940286281936944,0.12940306073952557,0.12940360812170515,0.1294043562854893,0.1294050211763899,0.1294051135017016,0.12940380846409713,0.12939971165042585,0.129390448067679,0.12937195463723303,0.12933728291325944,0.12927460536227176,0.12916395030526212,0.1289719619843426,0.12864373761996759,0.12809074622375183,0.1271746608790739,0.1256903540394376,0.12336070294235632,0.1198751536067735,0.11502920188166432,0.10901889847610535,0.10282289578497836,0.09816938389772756,0.0953167675636718,0.09399797056886297,0.09399797060119823,0.09531676766374884,0.09816938407000339,0.10282289602338349,0.10901889875283985,0.11502920214007123,0.11987515377910887,0.12336070298352421,0.12569035395543685,0.12717466072427583,0.12809074607266935,0.12864373753808778,0.12897196201365624,0.12916395046028142,0.12927460562441628,0.12933728321847476,0.12937195486416883,0.12939044804288585,0.12939971118840712,0.129403807441578,0.12940511192821208,0.12940501920875222,0.12940435418665083,0.12940360621429692,0.12940305930969997,0.12940286176947455
0.12940222648555172,0.1294022557229024,0.12940230473834713,0.12940224768985734,0.12940183788537202,0.12940063690691544,0.1293978825378529,0.12939225205249313,0.1293814477409408,0.12936148496612906,0.1293254896475422,0.1292616987744716,0.12915018942177497,0.12895763318029174,0.12862912841751056,0.12807611592836554,0.12716021111266862,0.12567620493100787,0.12334688504951222,0.11986162921050927,0.11501592255579872,0.10900587331441272,0.10281019467117625,0.0981570151415678,0.09530465295122215,0.0939859896794456,0.0939859897138601,0.09530465305611462,0.09815701531760114,0.10281019490742378,0.10900587357923323,0.11501592279276517,0.11986162935782999,0.12334688507127423,0.12567620483993078,0.12716021096305016,0.12807611578820793,0.1286291283432519,0.1289576332065601,0.1291501895602747,0.12926169900973983,0.12932548992427464,0.12936148517553464,0.12938144772241333,0.12939225162812848,0.12939788157955256,0.12940063540355526,0.12940183596793334,0.1294022456121265,0.12940230283921905,0.12940225428004512,0.12940222538607987
0.12940577344954063,0.12940569254010426,0.12940541624719895,0.12940483396572347,0.12940372381212098,0.12940168099362465,0.12939798439582792,0.12939135801162807,0.12937955402067852,0.12935863780199655,0.12932178183581636,0.12925726222966658,0.12914518352391371,0.12895222891798738,0.12862348866424583,0.12807037281230144,0.12715444279240654,0.1256704169061939,0.12334100592507674,0.11985553557124667,0.11500950306667518,0.10899911223170736,0.10280320354812221,0.09814993644474126,0.09529755842902167,0.09397889832344347,0.09397889835957662,0.09529755853770071,0.09814993662302872,0.1028032037806721,0.10899911248372449,0.11500950328267749,0.11985553569556798,0.12334100593020686,0.12567041681011207,0.1271544426481866,0.12807037268132074,0.12862348859478245,0.12895222893861863,0.12914518364462665,0.129257262438366,0.1293217820850877,0.12935863799403058,0.12937955400670678,0.12939135762203902,0.12939798349984288,0.12940167956160364,0.12940372195009364,0.1294048319173392,0.12940541436405634,0.12940569108834377,0.12940577230478703
0.12941216841307834,0.12941201587413131,0.1294115281009064,0.12941060459837048,0.1294090398583858,0.12940645119100316,0.12940214433634847,0.1293948735671175,0.12938242305506115,0.12936088976301344,0.12932347483346843,0.12925847725656742,0.12914601554051558,0.1289527746224017,0.12862383096637664,0.12807056254684435,0.12715447949963776,0.12567023336700275,0.12334046618080352,0.11985446161803463,0.1150077424147754,0.10899663073064679,0.10280013621711397,0.0981465105660562,0.09529394216509796,0.09397520076332679,0.09397520080079007,0.09529394227641302,0.09814651074482433,0.10280013644403947,0.10899663096875097,0.1150077426106031,0.1198544617221922,0.12334046617278527,0.12567023326793214,0.1271544793601137,0.1280705624220799,0.12862383089812424,0.12895277463491575,0.12914601564306954,0.1292584774403289,0.1293234750577069,0.1293608899390393,0.12938242304460326,0.12939487320925488,0.12940214349994636,0.12940644983091895,0.12940903805737383,0.12941060258871467,0.1294115262422839,0.12941201441859296,0.1294121672287194
0.1294204483419147,0.12942024945781821,0.1294196248995717,0.1294184808459104,0.12941662253085684,0.12941368170574477,0.12940898154805194,0.12940129581618082,0.1293884290025963,0.1293664977179688,0.1293287202604208,0.12926340814778117,0.12915068533484653,0.12895723237161763,0.12862810856980866,0.12807465931974787,0.12715834558498884,0.12567375635047776,0.12334347041743898,0.11985673565020515,0.11500910793335313,0.10899704053384664,0.10279973745870095,0.09814558236124168,0.09529271306348322,0.09397383681240651,0.0939738368505792,0.09529271317570599,0.09814558253808535,0.10279973767777448,0.10899704075713158,0.1150091081102295,0.11985673573706762,0.12334347039902667,0.1256737562492743,0.12715834544866458,0.1280746591984443,0.12862810850049622,0.1289572323755133,0.12915068542073077,0.1292634083091983,0.1293287204617451,0.1293664978781007,0.1293884289931981,0.12940129548612053,0.1294089807685477,0.12941368041930484,0.129416620798301,0.12941847888587626,0.12941962307396712,0.12942024800273982,0.12942044712267453
0.12942992179041998,0.12942969311606797,0.1294289806639345,0.1294276949956452,0.12942564834327372,0.12942248182661611,0.12941752985765906,0.12940957861212538,0.12939644530822106,0.1293742584898818,0.12933624623038742,0.1292707259964667,0.12915782185265612,0.12896420623374757,0.12863491942437646,0.1280812742847578,0.12716468444796514,0.1256796795753236,0.12334877921651595,0.11986119944948616,0.11501253336615996,0.10899937162375731,0.10280112648605089,0.09814633824107051,0.09529310050792303,0.09397405657014876,0.09397405660824415,0.09529310061891685,0.09814633841323198,0.1028011266950048,0.10899937183147664,0.11501253352504594,0.11986119952072895,0.12334877918871025,0.125679679471677,0.1271646843136985,0.12808127416600043,0.12863491935421809,0.12896420623070456,0.12915782192458777,0.12927072613809584,0.12933624640975241,0.12937425863256855,0.1293964452961359,0.12940957830553476,0.1294175291327646,0.1294224806163527,0.1294256466873254,0.1294276930960028,0.12942897887827867,0.1294296916634734,0.12942992053888425
0.12944009462755152,0.12943984697005606,0.1294390785309755,0.12943770273480532,0.12943553633456048,0.1294322264730327,0.1294271147253439,0.1294189950698343,0.12940569252150871,0.12938334258558457,0.12934517839489906,0.12927951921346753,0.12916648591925442,0.12897274063936287,0.1286433037191612,0.128089455927204,0.1271725652754643,0.12568710479132997,0.12335553787969657,0.119867051572792,0.1150172780378932,0.10900294740337182,0.10280368647887742,0.09814820646193655,0.0952945615609434,0.09397533097096396,0.0939753310083057,0.0952945616688459,0.09814820662689855,0.10280368667540785,0.10900294759419349,0.1150172781784608,0.11986705162842694,0.12335553784231204,0.125687104685023,0.1271725651435794,0.12808945581217585,0.1286433036501523,0.128972740631978,0.1291664859799651,0.1292795193373113,0.12934517855258107,0.1293833427089277,0.1294056925031408,0.12941899478265415,0.12942711405247959,0.12943222534017707,0.129435534761192,0.12943770090361237,0.1294390767891665,0.12943984551922838,0.12944009334414058
0.12945061554124357,0.12945035593000023,0.12944955225180615,0.12944811979021995,0.12944587818765818,0.12944247841216228,0.12943726653935764,0.12942904134795966,0.1294156324625307,0.12939317915898124,0.1293549166359546,0.12928916336462085,0.12917603504910435,0.1289821823012577,0.1286526052366311,0.12809855323090014,0.1271813503275579,0.12569541530829653,0.1233631580496913,0.11987373853958834,0.1150228285560026,0.10900729706788247,0.10280698660438388,0.098150786377177,0.0952967148550898,0.09397728792254874,0.09397728795865698,0.09529671495852392,0.09815078653287944,0.10280698678614643,0.10900729723966392,0.11502282867667245,0.11987373857869646,0.12336315800249374,0.12569541519985347,0.12718135019932486,0.12809855312148155,0.1286526051711434,0.12898218229227867,0.1291760351013434,0.12928916347264688,0.12935491677231153,0.12939317926145588,0.1294156324347708,0.1294290410761138,0.12943726591468357,0.12944247735523176,0.12944587669922836,0.1294481180317986,0.1294495505542716,0.12945035447723374,0.12945061422414406
0.12946123624309142,0.1294609692293417,0.1294601437415793,0.12945867626270685,0.1294563882552171,0.1294529330746573,0.12944765956291318,0.12943936935427935,0.12942589463203372,0.12940337640856714,0.129365050067046,0.12929923170053903,0.12918603069235704,0.12899208556356578,0.1286623763103399,0.12810812178812395,0.12719060370309018,0.12570418881289788,0.12337123580941804,0.11988087921800074,0.11502883015972205,0.10901209407511459,0.10281072696841029,0.09815379825042823,0.09529929352391729,0.09397966674501211,0.09397966677941716,0.09529929362164855,0.09815379839521528,0.10281072713355685,0.10901209422596275,0.11502883025889384,0.11988087923968441,0.12337123575231196,0.12570418870272962,0.12719060357917147,0.1281081216854327,0.12866237625042048,0.1289920855560674,0.1291860307394862,0.12929923179517372,0.12936505018264433,0.12940337648878392,0.1294258945918327,0.12943936909332712,0.12944765898129582,0.1294529320897815,0.12945638685101873,0.1294586745781326,0.12946014208549286,0.12946096776773952,0.1294612348879183
0.1294717825254922,0.12947151103857896,0.12947067238185864,0.1294691838058949,0.12946686789618822,0.1294633794599274,0.12945806898131662,0.1294497396977018,0.12943622504096217,0.12941366647595526,0.12937529840740083,0.1293094336111158,0.1291961745413399,0.12900214745781707,0.12867231260565556,0.12811785930710218,0.127200028554955,0.12571313721056016,0.12337949497213381,0.11988821224851967,0.11503503875767518,0.10901711293930964,0.10281469976442238,0.09815704767591035,0.09530211171794137,0.09398228569965211,0.0939822857318732,0.09530211180886455,0.09815704780871054,0.10281469991222271,0.10901711306864247,0.11503503883475857,0.11988821225229244,0.12337949490477358,0.1257131370982492,0.1272000284348797,0.12811785921125093,0.1286723125527514,0.1290021474545893,0.12919617458657698,0.12930943369481188,0.1293752985032644,0.12941366653347805,0.12943622498627963,0.12944973944354837,0.12945806843673546,0.12946337854104106,0.1294668665725174,0.1294691821929609,0.12947067076126018,0.12947150955834488,0.1294717811256895
0.12948213328579833,0.1294818591963797,0.12948101288590097,0.12947951209134095,0.1294771800693806,0.12947367247313504,0.1294683407051982,0.12945998880560752,0.12944645062707974,0.1294238672896333,0.12938547152053034,0.12931957225417412,0.12920626475159178,0.1290121630985209,0.12868220832141744,0.1281275612696282,0.1272094238434809,0.1257220650798972,0.1233877477864519,0.11989555946834261,0.11504128741267483,0.10902219889613249,0.10281876186847623,0.09816040037597595,0.09530504081142663,0.09398501887590262,0.09398501890567804,0.09530504089500084,0.09816040049645712,0.10281876199906957,0.10902219900440337,0.11504128746811776,0.11989555945445417,0.12338774770880147,0.12572206496505078,0.12720942372660016,0.12812756118011337,0.12868220827557617,0.12901216310033245,0.12920626479640154,0.12931957232907104,0.12938547159931393,0.12942386732678116,0.12944645055814474,0.12945998855465202,0.12946834018994813,0.12947367161085516,0.12947717881862686,0.12947951054433063,0.12948101129245934,0.12948185768625195,0.12948213183431673
0.12949220537271147,0.1294919298622118,0.12949107937934362,0.12948957196586305,0.12948723125886158,0.12948371336796363,0.12947837015122232,0.12947000594510402,0.12945645450840068,0.12943385613432218,0.1293954414735967,0.12932951536216858,0.12921616582304152,0.1290219950176941,0.12869192538824561,0.12813709041553087,0.12721865452418601,0.12573084096184686,0.12339586769404419,0.11990280045826573,0.1150474629200852,0.1090272466099021,0.10282281552026315,0.09816376436732831,0.09530799251734055,0.0939877797631593,0.09398777979046158,0.09530799259347199,0.09816376447537997,0.10282281563373845,0.1090272466977259,0.11504746295515847,0.11990280042835008,0.12339586760758127,0.1257308408452986,0.1272186544104132,0.12813709033126958,0.12869192534764134,0.12902199502285627,0.12921616586727358,0.12932951543070134,0.12939544153987032,0.12943385615531303,0.12945645442580134,0.12947000569208603,0.12947836965452836,0.12948371254952537,0.1294872300707817,0.12948957047776669,0.12949107780492194,0.12949192831164918,0.12949220386389157
0.12950194267027731,0.12950166647279934,0.1295008139795969,0.12949930342187396,0.12949695863246447,0.1294934359297104,0.1294880873340842,0.1294797171625665,0.12946615876705134,0.12944355133470606,0.12940512323357836,0.12933917511625256,0.12922578786337147,0.12903155206362588,0.12870137227035094,0.12814635572346125,0.12722763098074352,0.12573937750715866,0.1234037704366161,0.11990985482769312,0.11505348944180235,0.10903218523328091,0.10282679471349096,0.09816707735408257,0.09531090692045383,0.09399050959160404,0.09399050961631404,0.09531090698875933,0.09816707744914717,0.10282679480960764,0.10903218530148145,0.11505348945873739,0.11990985478488038,0.12340377034431553,0.12573937739080712,0.12722763087041766,0.1281463556431519,0.12870137223261818,0.1290315520701173,0.12922578790698697,0.12933917518094262,0.12940512329084525,0.12944355134094992,0.12946615866756464,0.12947971689880314,0.1294880868433017,0.12949343514251388,0.12949695749873694,0.12949930198863285,0.12950081241922407,0.12950166487337275,0.12950194110043836
0.12951130825284485,0.12951103181387913,0.12951017862083772,0.12950866702244326,0.1295063209327587,0.129502796724086,0.12949744639707517,0.12948907405668808,0.12947551246473962,0.1294528995522612,0.12941446132033183,0.12934849426251332,0.1292350723025176,0.12904077487173696,0.12871048936607782,0.1281552979214947,0.12723629482556092,0.12574761774096,0.12341140094886151,0.11991666988503576,0.11505931707394709,0.10903696793056548,0.10283065561637002,0.09817029782506437,0.09531374400657847,0.09399316906928042,0.09399316909105397,0.09531374406621776,0.09817029790635746,0.10283065569519145,0.10903696798069304,0.11505931707576796,0.11991666983302923,0.12341140085403068,0.12574761762701575,0.12723629471959744,0.12815529784492533,0.1287104893304595,0.12904077487904567,0.1292350723455894,0.12934849432322218,0.1294144613666454,0.12945289953893113,0.12947551234086394,0.12948907377264074,0.1294974459020521,0.12950279596026817,0.1295063198505559,0.12950866564492763,0.12951017707318085,0.12951103015900148,0.12951130661972035
0.12952027875703026,0.12952000233777858,0.12951914921071328,0.12951763779726044,0.1295152920241855,0.12951176822387436,0.12950641826719567,0.1294980459347103,0.12948448329924392,0.1294618669685232,0.12942342056840972,0.1293574365242504,0.12924398204336704,0.129049625854695,0.12871923894838347,0.12816387949446054,0.1272446090917705,0.12575552555512226,0.12341872426216297,0.11992321205539039,0.11506491386298472,0.10904156453595956,0.10283436983578431,0.0981733987748648,0.09531647767463208,0.09399573253410613,0.09399573255263946,0.09531647772496717,0.09817339884210333,0.10283436989806188,0.10904156457008653,0.11506491385277098,0.1199232119976169,0.12341872416807624,0.12575552544653645,0.12724460899269616,0.12816387942356383,0.12871923891597004,0.12904962586254543,0.1292439820833605,0.12935743657550133,0.1294234205959462,0.12946186692753603,0.12948448314425473,0.12949804562477446,0.12950641776321872,0.1295117674809952,0.12951529099494324,0.1295176364791171,0.1295191476761632,0.1295200006219873,0.12952027705956448
0.12952884035127182,0.12952856409674507,0.12952771145756942,0.12952620089928962,0.12952385632251776,0.1295203339652553,0.1295149855051907,0.12950661433724456,0.1294930518008368,0.12947043316781784,0.1294319797296471,0.12936597997391452,0.12925249466287325,0.12905808229937066,0.1287275982290835,0.1281720777901954,0.12725255145758788,0.12576307912662563,0.12342571919142474,0.11992946090647848,0.11507026023084224,0.10904595641101189,0.10283791968519203,0.09817636328120005,0.09531909151032344,0.09399818382145153,0.09399818383668451,0.09531909155129746,0.09817636333466251,0.10283791973195601,0.10904595643114286,0.11507026021145857,0.11992946084643835,0.12342571910215792,0.12576307902793235,0.12725255136984084,0.12817207772830397,0.12872759820086752,0.12905808230521518,0.12925249469325503,0.12936598000654104,0.12943197972983425,0.12947043309408754,0.12949305161288643,0.12950661400040633,0.129514984991007,0.1295203332430431,0.1295238553484569,0.1295261996442622,0.12952770993715462,0.12952856231635304,0.12952883859067155
0.12953698585594367,0.12953670983880947,0.12953585789557867,0.12953434851676224,0.129532005557001,0.1295284851309584,0.1295231386899567,0.12951476921363433,0.12950120729659445,0.12947858689721417,0.12944012704678615,0.1293741124512599,0.12926059771548878,0.12906613160120034,0.12873555457204416,0.12817988026046528,0.12726010956433312,0.12577026636206218,0.123432373955156,0.11993540499212306,0.11507534508390224,0.1090501328441086,0.10284129486210249,0.09817918139257821,0.09532157580716773,0.09400051334862723,0.09400051336065009,0.09532157583907565,0.09817918143288674,0.10284129489459298,0.10905013285246515,0.11507534505873558,0.11993540493433079,0.12343237387605203,0.12577026627876622,0.12726010949252167,0.1281798802100364,0.12873555454713345,0.12906613160026023,0.1292605977287343,0.12937411245805056,0.12944012701583485,0.129478586790708,0.129501207076624,0.129514768849611,0.12952313816457164,0.12952848442935425,0.12953200464007558,0.12953434732861976,0.12953585639197282,0.12953670799372743,0.12953698403718775
0.1295447126895904,0.12954443693830314,0.1295435857689882,0.12954207768299678,0.12953973648092293,0.129536218141395,0.12953087387709733,0.1295225062434783,0.12950894509736666,0.12948632312503464,0.1294478571928186,0.12938182839952306,0.12926828549064454,0.12907376797352657,0.12874310218718332,0.12818728117287329,0.12726727777924052,0.12577708174405147,0.12343868313791757,0.11994103896256533,0.11508016310000103,0.10905408853219718,0.10284449011735868,0.0981818479398141,0.09532392546851354,0.0940027160602917,0.09400271606930133,0.09532392549206388,0.09818184796845844,0.10284449013810143,0.10905408853256271,0.11508016307411274,0.1199410389128996,0.12343868307465079,0.1257770816804547,0.12726727772548418,0.12818728113354202,0.1287431021628782,0.12907376796163306,0.12926828548310573,0.12938182837942805,0.1294478571323008,0.1294863229876288,0.12950894484556696,0.12952250585170316,0.12953087334095356,0.129536217461803,0.12953973562325122,0.12954207656591163,0.12954358428743656,0.1295444350334203,0.12954471082233074
0.12955202140550096,0.12955174592225607,0.12955089552862523,0.12954938872537056,0.12954704925741245,0.12954353296287222,0.12953819081786094,0.12952982496136994,0.12951626453175424,0.12949364099285374,0.12945516915011593,0.1293891266805281,0.129275556776233,0.12908099017731708,0.12875023984790465,0.12819427933857053,0.12727405495610167,0.12578352414714547,0.12344464558358832,0.1199463615566296,0.11508471283892437,0.10905782182210433,0.10284750362293099,0.09818436099954497,0.09532613853186689,0.09400478998204974,0.09400478998858158,0.09532613854883068,0.09818436101979919,0.10284750363677511,0.10905782182071416,0.11508471281931994,0.11994636152168522,0.1234446455408004,0.1257835241048127,0.1272740549189717,0.1281942793072517,0.12875023982129932,0.12908099015354138,0.12927555675000668,0.12938912663774507,0.12945516906384727,0.12949364082662418,0.1295162642500598,0.1295298245460454,0.12953819027632743,0.12954353230802162,0.12954704845929318,0.12954938768255314,0.12955089407668555,0.12955174396784905,0.12955201950432713
0.12955891464990285,0.12955863942157622,0.12955778976246313,0.12955628416416223,0.12955394631893138,0.12955043192090943,0.12954509171747292,0.12953672745218597,0.12952316757654994,0.12950054238770525,0.12946206473537455,0.1293960090617456,0.12928241331503879,0.12908779995595304,0.12875696931670175,0.12820087654317655,0.12728044288660914,0.12578959532498354,0.12345026293369685,0.11995137420641958,0.11508899542710664,0.10906133348390556,0.10285033583101612,0.09818672081803648,0.09532821513339981,0.09400673520420445,0.09400673520924965,0.09532821514676072,0.0981867208348204,0.10285033584454065,0.10906133348838593,0.11508899542133272,0.11995137419217801,0.12345026291441222,0.1257895953034332,0.12728044286313672,0.12820087651677065,0.1287569692870875,0.1290877999233225,0.129282413275885,0.12939600900203582,0.12946206462800794,0.12950054219847915,0.1295231672748707,0.12953672702585226,0.12954509117918322,0.12955043129066002,0.12955394557654484,0.1295562831981236,0.12955778835053763,0.12955863743306503,0.12955891273362263
0.12956539642211465,0.1295651214270485,0.1295642724373412,0.1295627679299804,0.1295604315557453,0.1295569188603328,0.1295515803660528,0.12954321744717398,0.12952965791105348,0.1295070309531713,0.12946854757453002,0.12940247916582528,0.12928885873709933,0.12909420095572857,0.12876329426006639,0.1282070764645937,0.12728644523076424,0.12579529886341734,0.12345553861376317,0.11995608006752548,0.11509301364172231,0.10906462585543157,0.10285298867726222,0.09818892905864189,0.09533015678312581,0.09400855316982507,0.09400855317455337,0.09533015679617929,0.09818892907690098,0.10285298869654039,0.10906462587233147,0.11509301365574319,0.1199560800781848,0.12345553861967433,0.125795298862204,0.12728644522006524,0.12820707644398385,0.12876329423149477,0.12909420092089197,0.1292888586919312,0.12940247909532718,0.12946854745408543,0.1295070307541913,0.1295296576067663,0.1295432170244408,0.12955157983557244,0.12955691824970314,0.12956043086577199,0.1295627670480099,0.12956427108014143,0.12956511942341825,0.12956539451107382
0.12957147154873733,0.12957119676277706,0.12957034836646228,0.12956884481456926,0.12956650974094439,0.12956299854495282,0.1295576615195398,0.12954929968978585,0.12953574026429207,0.1295131114108837,0.12947462239644902,0.1294085417429101,0.12929489782023393,0.12910019798087302,0.12876921950129133,0.12821288392767988,0.12729206677924276,0.12580063945734482,0.12346047713171472,0.11996048334615568,0.11509677127333928,0.10906770224549313,0.10285546502404778,0.09819098827564378,0.09533196585802252,0.09401024617690625,0.09401024618223427,0.09533196587320932,0.0981909882987247,0.10285546505284701,0.10906770227856369,0.11509677131023163,0.11996048338352776,0.1234604771636602,0.12580063947794745,0.1272920667854546,0.12821288392049618,0.12876921948370723,0.1291001979536252,0.12929489777753025,0.129408541671188,0.1294746222768017,0.12951311121892928,0.12953573997116583,0.1295492992761325,0.12955766099475038,0.1295629979521643,0.12956650911182402,0.12956884403358537,0.12957034708102277,0.12957119476384812,0.12957146966219577
0.12957714530601325,0.12957687070920326,0.1295760228345183,0.12957452009284487,0.12957218613551227,0.12956867623647797,0.12956334045571827,0.1295549794793882,0.12954141995410298,0.129518789092901,0.1294802945508371,0.1294142021710235,0.12930053597875654,0.12910579647884032,0.12877475050663104,0.1282183043926665,0.1272973129463062,0.1258056224122029,0.12346508359313305,0.11996458883344932,0.1151002726839483,0.10907056651874171,0.10285776827194879,0.09819290154621978,0.09533364524734612,0.09401181703030162,0.09401181703675994,0.09533364526602431,0.09819290157581471,0.10285776831184186,0.10907056656911494,0.1151002727442344,0.1199645888977629,0.12346508365249795,0.12580562245946186,0.12729731297898908,0.12821830441186077,0.12877475051343135,0.12910579647143175,0.12930053595142119,0.12941420211409219,0.1294802944483096,0.12951878891742544,0.1295414196719634,0.1295549790709437,0.12956333993877667,0.12956867567612312,0.12957218559113118,0.12957451943156847,0.12957602163210943,0.129576868735594,0.12957714346570617
0.129582423147569,0.12958214872745935,0.1295813013225876,0.12957979925682755,0.12957746622439695,0.12957395741565095,0.12956862266962274,0.1295602623440639,0.12954670255125947,0.12952406960860358,0.12948556967673702,0.1294194661172451,0.1293057789132246,0.12911100218399615,0.12877989303033807,0.12822334360465998,0.1273021894237096,0.12581025330288495,0.12346936336791538,0.1199684015839248,0.11510352250110917,0.1090732228080476,0.10285990209000634,0.09819467221415167,0.09533519810483074,0.09401326879817519,0.09401326880612448,0.09533519812794844,0.0981946722514083,0.10285990214182561,0.10907322287601534,0.11510352258500464,0.11996840167657939,0.12346936345907289,0.12581025338531898,0.12730218949468336,0.12822334366301422,0.12877989307415835,0.12911100221072344,0.1293057789191296,0.12941946609278643,0.1294855695995904,0.12952406944490846,0.1295467022726385,0.1295602619458572,0.12956862218337342,0.12957395692020968,0.12957746578851845,0.12957979871684056,0.12958130020339703,0.12958214680780197,0.12958242138837214
0.1295873105182435,0.12958703626318474,0.1295861892978867,0.12958468780893576,0.12958235552617656,0.1295788476013599,0.12957351368298156,0.1295651538247235,0.12955159363931146,0.1295289585974552,0.12949045346327592,0.12942433930595806,0.1293106323757648,0.12911582087449172,0.12878465286766688,0.12822800735007953,0.1273067019436899,0.12581453774251591,0.12347332186413,0.11997192669587226,0.11510652540770741,0.10907567531596245,0.10286187022922692,0.09819630371248078,0.09533662767695124,0.09401460464272889,0.09401460465229722,0.0953366277049888,0.09819630375823955,0.1028618702939814,0.10907567540280759,0.11510652551763746,0.1199719268218522,0.12347332199521588,0.1258145378701366,0.12730670206271774,0.12822800745681967,0.1287846529596475,0.12911582095023633,0.12931063242970123,0.12942433931960545,0.12949045340409296,0.12952895843660867,0.12955159337283734,0.1295651534690125,0.1295735132696842,0.1295788472022083,0.12958235520123176,0.12958468736992754,0.1295861882648985,0.12958703444644668,0.1295873088936601
0.129591812744743,0.12959153862795136,0.12959069206890594,0.12958919109589104,0.1295868594304347,0.12958335220963724,0.12957801892295415,0.12956965935236073,0.12955609866663814,0.12953346155370782,0.12949495146649392,0.12942882734642847,0.1293151020094961,0.12912025821245743,0.1287890356884063,0.12823230128639354,0.1273108561120723,0.12581848122277078,0.12347696437494893,0.11997516916350015,0.11510928599965624,0.10907792817942835,0.10286367639489599,0.0981977994418687,0.09533793718509456,0.0940158277039868,0.09401582771464291,0.09533793721684876,0.09819779949507593,0.10286367647235119,0.10907792828637183,0.11510928613904113,0.11997516932897723,0.12347696455403297,0.12581848140359841,0.12731085628653432,0.1282323014501268,0.12878903583947326,0.12912025834647806,0.12931510211139258,0.12942882738677175,0.1294949514151613,0.12953346140715877,0.12955609845063779,0.12956965908583695,0.1295780186151809,0.12958335191546247,0.12958685920090918,0.1295891907437014,0.12959069115630337,0.12959153698441644,0.12959181130933067
0.12959593497774993,0.12959566094674008,0.12959481472135992,0.12959331420882286,0.12959098306748584,0.1295874764188509,0.12958214361101617,0.12957378416951154,0.12956022287668986,0.12953758373292812,0.12949906898473637,0.12943293559622343,0.1293191932215348,0.12912431963149332,0.12879304692938934,0.1282362308303933,0.12731465729224528,0.12582208899955613,0.12348029597062375,0.1199781337756174,0.1151118086898737,0.10907998537835084,0.10286532415970696,0.09819916268760695,0.09533912974539438,0.0940169410212629,0.09401694103159282,0.09533912977722712,0.09819916274378153,0.10286532424586126,0.10907998550267801,0.11511180885765009,0.11997813398139978,0.12348029620031759,0.12582208923804175,0.1273146575289649,0.128236231059663,0.12879304714557419,0.12912431982153502,0.12931919336102243,0.12943293565725977,0.1294990689581037,0.1295375836434654,0.1295602227559443,0.12957378401271294,0.12958214340784519,0.1295874762243339,0.1295909829313847,0.12959331396450804,0.12959481399221143,0.12959565953084878,0.12959593373850906
0.1295996821355536,0.12959940812358492,0.12959856211194157,0.12959706197019283,0.1295947312589926,0.12959122507609983,0.1295858926477743,0.12957753323676297,0.12956397125865818,0.1295413301230923,0.12950281101140632,0.1294366690811641,0.1293229110847057,0.12912801024224518,0.12879669171381497,0.12823980108608193,0.12731811053224004,0.12582536601610433,0.12348332142103739,0.11998082504200495,0.11511409764014464,0.10908185067233814,0.102866816904091,0.09820039656224283,0.09534020831295477,0.09401794747866864,0.09401794748717726,0.0953402083406879,0.09820039661530032,0.10286681699181567,0.10908185080640313,0.1151140978287738,0.1199808252817995,0.12348332169780145,0.12582536631223046,0.12731811083336023,0.1282398013815072,0.12879669199121932,0.12912801048263678,0.12932291126517767,0.12943666918833488,0.12950281105641892,0.12954133013356503,0.12956397124140642,0.1295775331690308,0.12958589253815223,0.12959122499515285,0.12959473123798604,0.1295970618596441,0.12959856158860455,0.1295994068987678,0.12959968099120855
0.12960305880999548,0.12960278476507653,0.12960193883912074,0.12960043894900658,0.12959810854976736,0.12959460270312928,0.12958927056073058,0.12958091113698345,0.12956734846475274,0.12954470541074042,0.12950618223267804,0.12944003248562205,0.1293262602993304,0.12913133477159117,0.12879997478620306,0.12824301678828123,0.12732122051723674,0.12582831685770873,0.12348604514814432,0.1199832471440024,0.11511615671248983,0.10908352755473934,0.1028681577731624,0.09820150396440364,0.0953411756415588,0.09401884976525729,0.09401884977166018,0.09534117566397031,0.09820150401150432,0.102868157857606,0.10908352769170164,0.11511615691406,0.11998324741009188,0.12348604546536625,0.12582831720533644,0.12732122087497486,0.12824301713984163,0.12879997511722394,0.12913133506637772,0.12932626054327256,0.12944003267452933,0.12950618237572292,0.12954470551252073,0.12956734851122062,0.12958091112928719,0.1295892705543864,0.12959460275430676,0.12959810862724017,0.12960043891644907,0.129601938418602,0.12960278355561963,0.12960305753189025
0.12960606915537093,0.12960579505944564,0.1296049491326267,0.12960344939378757,0.12960111920463777,0.12959761354777818,0.12959228155529104,0.12958392206463668,0.12957035873755343,0.12954771390588268,0.12950918699672223,0.12944303016081893,0.1293292452075345,0.12913429755820244,0.1288029004864997,0.12824588226726366,0.12732399153664622,0.1258309457246171,0.12348847120145917,0.11998540390905342,0.11511798944196783,0.10908501922480192,0.10286934964931105,0.09820248755174597,0.09534203425628021,0.09401965034664135,0.09401965035193946,0.09534203427553567,0.09820248759443567,0.10286934972997816,0.10908501936153848,0.11511798965098494,0.11998540419338562,0.12348847154772112,0.12583094610827553,0.12732399193270025,0.12824588265854514,0.12880290086274335,0.12913429790792053,0.12932924551468475,0.12944303041254318,0.12950918718643348,0.12954771402313697,0.12957035878037168,0.1295839220816824,0.12959228162178926,0.1295976136499118,0.12960111923360074,0.1296034492557626,0.12960494859233304,0.12960579360648303,0.12960606746253375
0.12960871682209768,0.1296084426843779,0.129607596722781,0.1296060970783624,0.12960376706773985,0.12960026151618953,0.12959492953885848,0.12958656988691553,0.12957300592566184,0.1295503594895672,0.12951182924204768,0.12944566608685207,0.12933186979804684,0.1291369025754506,0.12880547276482693,0.12824840144662836,0.1273264274719818,0.12583325641956938,0.12349060324905464,0.11998729880348552,0.11511959902861076,0.10908632857790247,0.10287039514142525,0.0982033497297815,0.09534278644191707,0.09402035145238961,0.09402035145706086,0.09534278645861737,0.09820334976692542,0.10287039521358284,0.10908632870445566,0.11511959922806729,0.1199872990799758,0.1234906035887272,0.1258332567971522,0.1273264278635682,0.12824840183769362,0.12880547314427143,0.12913690292240826,0.1293318700821276,0.12944566628603713,0.12951182934938132,0.12955035950137841,0.12957300585844778,0.1295865698082518,0.12959492949654763,0.12960026141829215,0.1296037667794059,0.12960609658894734,0.12960759581734418,0.12960844076624836,0.12960871450962608
0.12961100495068917,0.12961073079410093,0.12960988480353278,0.12960838521172718,0.1296060553930642,0.12960254996817888,0.12959721796552945,0.12958885809166593,0.1295752935053356,0.12955264562514837,0.12951411244957986,0.12944794379066438,0.12933413764321466,0.1291391534129203,0.12880769519466975,0.12825057786164304,0.12732853180481726,0.12583525234606202,0.12349244457354995,0.11998893493107606,0.11512098833884273,0.10908745820814175,0.10287129658750306,0.09820409265419884,0.09534343424519247,0.09402095507823183,0.094020955080123,0.09534343425226913,0.09820409267220019,0.102871296628852,0.10908745829072529,0.11512098847920034,0.11998893513118788,0.12349244481972699,0.12583525261717912,0.12732853208210113,0.1282505781292792,0.12880769542945392,0.12913915357870387,0.12933413770683816,0.12944794374379381,0.12951411229861104,0.12955264536567948,0.1295752931468957,0.12958885768995232,0.12959721753568018,0.12960254939254862,0.12960605457417115,0.12960838419885679,0.12960988335525866,0.1296107282958854,0.1296110019488726
0.12961293618145087,0.1296126620420349,0.129611816077797,0.1296103164995558,0.12960798684752758,0.1296044816068678,0.12959914963986927,0.12959078958182174,0.12957722444295058,0.12955457530546263,0.12951603961813868,0.12944986628671742,0.12933605179745003,0.12914105317150665,0.12880957090101067,0.12825241462614365,0.12733030760624153,0.12583693650363195,0.12349399806649067,0.11999031502710437,0.1151221599010574,0.10908841040589795,0.10287205605380258,0.098204718231444,0.09534397947692047,0.09402146299022376,0.09402146298495768,0.09534397946082938,0.09820471820615521,0.10287205602688738,0.10908841038967718,0.11512215990366935,0.11999031504374622,0.12349399808286662,0.12583693650429895,0.12733030757684796,0.1282524145455985,0.12880957073547927,0.12914105288715003,0.12933605138593135,0.12944986576748888,0.12951603900144176,0.12955457457284195,0.12957722359684354,0.1295907886746436,0.12959914868347472,0.12960448051377751,0.12960798555251274,0.12961031499671585,0.12961181407689332,0.129612659027459,0.1296129325722226
0.12961451269304497,0.12961423861132992,0.12961339277956424,0.12961189323077243,0.12960956366458365,0.12960605859225996,0.12960072672900125,0.1295923665903826,0.12957880104860714,0.12955615090564018,0.12951761316026875,0.12945143600346562,0.1293376147122114,0.12914260434764135,0.12881110243031565,0.12825391431468428,0.12733175744359346,0.12583831141639218,0.12349526617173165,0.11999144141252592,0.11512311586930646,0.10908918713003855,0.10287267531375685,0.09820522810288922,0.09534442370007153,0.09402187671558557,0.09402187669901353,0.09534442364883734,0.09820522801507946,0.10287267519126049,0.10908918697686769,0.11512311568027636,0.11999144117229334,0.12349526586311768,0.12583831102698448,0.12733175696064966,0.12825391371496445,0.12881110168605206,0.12914260345300843,0.12933761369697155,0.1294514349016266,0.129517611967692,0.12955614960100512,0.12957879966269048,0.12959236520310716,0.12960072537812412,0.12960605723442353,0.12960956220051423,0.12961189150278737,0.12961339051905635,0.12961423549887208,0.12961450886476308
0.12961573635894755,0.1296154623425855,0.12961461670701702,0.1296131172698487,0.1296107877556159,0.1296072827629266,0.12960195096460442,0.1295935907996128,0.1295800250236953,0.12955737418585614,0.12951883489028787,0.12945265477254686,0.12933882821121045,0.12914380876823012,0.12881229163937297,0.12825507882411044,0.12733288323917527,0.12583937900363817,0.1234962507722796,0.11999231589704921,0.11512385794156324,0.10908978993904901,0.1028731557886673,0.09820562359288994,0.09534476818382288,0.0940221975013677,0.09402219747463521,0.09534476810226786,0.09820562345429604,0.10287315559286901,0.10908978968579139,0.11512385761853956,0.11999231548448377,0.12349625025257252,0.1258393783648406,0.12733288246743496,0.12825507789907267,0.1288122905505543,0.1291438075377945,0.12933882688058365,0.12945265335415637,0.12951883336141443,0.12955737256075217,0.12958002339598465,0.1295935892657025,0.12960194954942136,0.12960728143731473,0.1296107863900593,0.12961311561606345,0.1296146146394715,0.1296154597918167,0.1296157330290272
0.1296166089363224,0.12961633495594962,0.1296154894335577,0.12961399009259492,0.1296116606554948,0.12960815573886644,0.12960282394746372,0.12959446369446995,0.12958089772513065,0.12955824643647665,0.12951970610298466,0.12945352391376816,0.12933969361486475,0.12914466773321678,0.12881313981389084,0.128255909443064,0.12733368629039415,0.12584014056168527,0.12349695314460106,0.11999293971429105,0.11512438728313767,0.10909021990879161,0.10287349846319654,0.09820590562271567,0.0953450138162802,0.09402242622676335,0.09402242620216475,0.09534501374276363,0.09820590550166919,0.10287349829819994,0.10909021970454916,0.11512438703663172,0.11999293941660576,0.12349695278592142,0.12584014013165015,0.1273336857737028,0.12825590882381585,0.12881313909361702,0.12914466693604973,0.12933969275331206,0.1294535229555888,0.12951970501708213,0.12955824527728058,0.1295808965972014,0.1295944626187799,0.1296028228798525,0.12960815469748652,0.12961165957356693,0.12961398865941984,0.12961548761871886,0.12961633303441158,0.12961660619440826
0.12961713191993404,0.12961685798293274,0.12961601250859653,0.1296145131420314,0.12961218367390828,0.12960867880543933,0.12960334703647677,0.12959498669140074,0.12958142054202326,0.12955876896398338,0.12952022803390645,0.12945404462278876,0.1293402120790231,0.12914518233533293,0.12881364797040804,0.12825640711901085,0.1273341674885309,0.1258405969317554,0.12349737407910605,0.11999331360050873,0.11512470457183671,0.1090904776552733,0.1028737038963908,0.09820607471293398,0.09534516109639048,0.09402256337994863,0.09402256336630738,0.09534516105941046,0.09820607466320669,0.10287370384958655,0.10909047763166406,0.11512470458931211,0.11999331366594201,0.12349737418778645,0.1258405970703485,0.1273341676401617,0.1282564072746048,0.1288136481374062,0.12914518252113513,0.1293402122544209,0.12945404472510927,0.12952022804554655,0.12955876896084836,0.12958142058105757,0.12959498668347372,0.12960334688288477,0.12960867858213346,0.12961218333121055,0.12961451216906422,0.12961601080281587,0.12961685628980973,0.12961712887324028
0.12961730612170286,0.12961703218820217,0.12961618675281994,0.12961468745312357,0.12961235806743807,0.1296088533365616,0.1296035216542784,0.12959516124772114,0.1295815949479112,0.12955894322178854,0.1295204020980935,0.12945421828401463,0.12934038495821418,0.12914535387550602,0.1288138173256695,0.12825657296611376,0.1273343278368137,0.12584074899671355,0.12349751432480897,0.11999343815894853,0.1151248102611282,0.10909056348948709,0.1028737722748754,0.09820613094792004,0.09534521002482943,0.09402260889184584,0.0940226088393628,0.09534520987579458,0.09820613072508257,0.10287377201174461,0.10909056323125435,0.11512481005543747,0.1199934380343925,0.12349751428729426,0.12584074903719322,0.12733432794558416,0.1282565731456124,0.1288138175847952,0.12914535419999965,0.1293403852930442,0.12945421857674874,0.12952040237572118,0.12955894357284287,0.1295815953678155,0.12959516158024856,0.12960352183599497,0.12960885358929347,0.12961235846916058,0.129614687376252,0.12961618587741516,0.12961703185746593,0.12961730444244784
