-1.000000000000000000e+00,-1.000000000000000000e+00,-1.000000000000000000e+00,-1.000000000000000000e+00,-1.000000000000000000e+00,-1.000000000000000000e+00,-1.000000000000000000e+00,-1.000000000000000000e+00,-1.000000000000000000e+00,-1.000000000000000000e+00,-1.000000000000000000e+00,-1.000000000000000000e+00,-1.000000000000000000e+00,-1.000000000000000000e+00,-1.000000000000000000e+00,-1.000000000000000000e+00,-1.000000000000000000e+00,-1.000000000000000000e+00,-1.000000000000000000e+00,-1.000000000000000000e+00,-1.000000000000000000e+00,-1.000000000000000000e+00,-1.000000000000000000e+00,-1.000000000000000000e+00,-1.000000000000000000e+00,-1.000000000000000000e+00,-1.000000000000000000e+00,-1.000000000000000000e+00,-1.000000000000000000e+00,-1.000000000000000000e+00,-1.000000000000000000e+00,-1.000000000000000000e+00,-1.000000000000000000e+00,-1.000000000000000000e+00,-1.000000000000000000e+00,-1.000000000000000000e+00,-1.000000000000000000e+00,-1.000000000000000000e+00,-1.000000000000000000e+00,-1.000000000000000000e+00,-1.000000000000000000e+00,-1.000000000000000000e+00,-1.000000000000000000e+00,-1.000000000000000000e+00,-1.000000000000000000e+00,-1.000000000000000000e+00,-1.002021178700029047e+00,-1.002025073316077597e+00,-1.002036746594563654e+00,-1.002056158417570675e+00,-1.002083207592661784e+00,-1.002117654705259042e+00,-1.002158948391000948e+00,-1.002205849277591376e+00,-1.002255645664603678e+00,-1.002302568869989141e+00,-1.002334697872270031e+00,-1.002328109348645802e+00,-1.002236183059628916e+00,-1.001970700863125563e+00,-1.001369600499514512e+00,-1.000144042554645729e+00,-9.977953703535300534e-01,-9.934923455615125576e-01,-9.859054150401351801e-01,-9.730192152331936795e-01,-9.520134510248894344e-01,-9.194701270072698218e-01,-8.725182406721142536e-01,-8.120814118558828953e-01,-7.494209701230700738e-01,-7.119832868043203256e-01,-7.119832868380746582e-01,-7.494209701767720055e-01,-8.120814118225356815e-01,-8.725182404895206467e-01,-9.194701267000964240e-01,-9.520134506415784958e-01,-9.730192147868148567e-01,-9.859054145514580814e-01,-9.934923451028907504e-01,-9.977953699279098476e-01,-1.000144042040759240e+00,-1.001369599819279088e+00,-1.001970700035555550e+00,-1.002236182078593885e+00,-1.002328108203838664e+00,-1.002334696603928599e+00,-1.002302567549402612e+00,-1.002255644429152603e+00,-1.002205848283859613e+00,-1.002158947616456519e+00,-1.002117653941426489e+00,-1.002083206660336012e+00,-1.002056157508391721e+00,-1.002036745854421040e+00,-1.002025072672812378e+00,-1.002021178042611593e+00,-1.000000000000000000e+00,-1.000000000000000000e+00,-1.000000000000000000e+00,-1.000000000000000000e+00,-1.000000000000000000e+00,-1.000000000000000000e+00,-1.000000000000000000e+00,-1.000000000000000000e+00,-1.000000000000000000e+00,-1.000000000000000000e+00,-1.000000000000000000e+00,-1.000000000000000000e+00,-1.000000000000000000e+00,-1.000000000000000000e+00,-1.000000000000000000e+00,-1.000000000000000000e+00,-1.000000000000000000e+00,-1.000000000000000000e+00,-1.000000000000000000e+00,-1.000000000000000000e+00,-1.000000000000000000e+00,-1.000000000000000000e+00,-1.000000000000000000e+00,-1.000000000000000000e+00,-1.000000000000000000e+00,-1.000000000000000000e+00,-1.000000000000000000e+00,-1.000000000000000000e+00,-1.000000000000000000e+00,-1.000000000000000000e+00,-1.000000000000000000e+00,-1.000000000000000000e+00,-1.000000000000000000e+00,-1.000000000000000000e+00,-1.000000000000000000e+00,-1.000000000000000000e+00,-1.000000000000000000e+00,-1.000000000000000000e+00,-1.000000000000000000e+00,-1.000000000000000000e+00,-1.000000000000000000e+00,-1.000000000000000000e+00,-1.000000000000000000e+00,-1.000000000000000000e+00,-1.000000000000000000e+00,-1.000000000000000000e+00
-1.000000000000000000e+00,-1.000000000000000000e+00,-1.000000000000000000e+00,-1.000000000000000000e+00,-1.000000000000000000e+00,-1.000000000000000000e+00,-1.000000000000000000e+00,-1.000000000000000000e+00,-1.000000000000000000e+00,-1.000000000000000000e+00,-1.000000000000000000e+00,-1.000000000000000000e+00,-1.000000000000000000e+00,-1.000000000000000000e+00,-1.000000000000000000e+00,-1.000000000000000000e+00,-1.000000000000000000e+00,-1.000000000000000000e+00,-1.000000000000000000e+00,-1.000000000000000000e+00,-1.000000000000000000e+00,-1.000000000000000000e+00,-1.000000000000000000e+00,-1.000000000000000000e+00,-1.000000000000000000e+00,-1.000000000000000000e+00,-1.000000000000000000e+00,-1.000000000000000000e+00,-1.000000000000000000e+00,-1.000000000000000000e+00,-1.000000000000000000e+00,-1.000000000000000000e+00,-1.000000000000000000e+00,-1.000000000000000000e+00,-1.000000000000000000e+00,-1.000000000000000000e+00,-1.000000000000000000e+00,-1.000000000000000000e+00,-1.000000000000000000e+00,-1.000000000000000000e+00,-1.000000000000000000e+00,-1.000000000000000000e+00,-1.000000000000000000e+00,-1.000000000000000000e+00,-1.000000000000000000e+00,-1.000000000000000000e+00,-1.002024813279188908e+00,-1.002028707990583856e+00,-1.002040381511766887e+00,-1.002059793775562202e+00,-1.002086843597242094e+00,-1.002121291510007728e+00,-1.002162586126500443e+00,-1.002209488075522126e+00,-1.002259285652644882e+00,-1.002306210207126957e+00,-1.002338340779133086e+00,-1.002331754151352561e+00,-1.002239830320742930e+00,-1.001974351676846231e+00,-1.001373256981004767e+00,-1.000147708638711164e+00,-9.977990531404770103e-01,-9.934960574792329746e-01,-9.859091770110903763e-01,-9.730230608305940887e-01,-9.520174309465763152e-01,-9.194743114808427986e-01,-8.725227139647758756e-01,-8.120862476111438966e-01,-7.494261727261382067e-01,-7.119887088231315886e-01,-7.119887088734204728e-01,-7.494261728381267362e-01,-8.120862476948702557e-01,-8.725227139612558025e-01,-9.194743113957333236e-01,-9.520174308006154051e-01,-9.730230606144387728e-01,-9.859091767250234284e-01,-9.934960571759215986e-01,-9.977990528295382910e-01,-1.000147708236633681e+00,-1.001373256435959203e+00,-1.001974350992657747e+00,-1.002239829454581121e+00,-1.002331753084600319e+00,-1.002338339589724736e+00,-1.002306208969716561e+00,-1.002259284439899201e+00,-1.002209487042283520e+00,-1.002162585353383983e+00,-1.002121290812268306e+00,-1.002086842715351755e+00,-1.002059792877277200e+00,-1.002040380780718998e+00,-1.002028707365911764e+00,-1.002024812665483822e+00,-1.000000000000000000e+00,-1.000000000000000000e+00,-1.000000000000000000e+00,-1.000000000000000000e+00,-1.000000000000000000e+00,-1.000000000000000000e+00,-1.000000000000000000e+00,-1.000000000000000000e+00,-1.000000000000000000e+00,-1.000000000000000000e+00,-1.000000000000000000e+00,-1.000000000000000000e+00,-1.000000000000000000e+00,-1.000000000000000000e+00,-1.000000000000000000e+00,-1.000000000000000000e+00,-1.000000000000000000e+00,-1.000000000000000000e+00,-1.000000000000000000e+00,-1.000000000000000000e+00,-1.000000000000000000e+00,-1.000000000000000000e+00,-1.000000000000000000e+00,-1.000000000000000000e+00,-1.000000000000000000e+00,-1.000000000000000000e+00,-1.000000000000000000e+00,-1.000000000000000000e+00,-1.000000000000000000e+00,-1.000000000000000000e+00,-1.000000000000000000e+00,-1.000000000000000000e+00,-1.000000000000000000e+00,-1.000000000000000000e+00,-1.000000000000000000e+00,-1.000000000000000000e+00,-1.000000000000000000e+00,-1.000000000000000000e+00,-1.000000000000000000e+00,-1.000000000000000000e+00,-1.000000000000000000e+00,-1.000000000000000000e+00,-1.000000000000000000e+00,-1.000000000000000000e+00,-1.000000000000000000e+00,-1.000000000000000000e+00
-1.000000000000000000e+00,-1.000000000000000000e+00,-1.000000000000000000e+00,-1.000000000000000000e+00,-1.000000000000000000e+00,-1.000000000000000000e+00,-1.000000000000000000e+00,-1.000000000000000000e+00,-1.000000000000000000e+00,-1.000000000000000000e+00,-1.000000000000000000e+00,-1.000000000000000000e+00,-1.000000000000000000e+00,-1.000000000000000000e+00,-1.000000000000000000e+00,-1.000000000000000000e+00,-1.000000000000000000e+00,-1.000000000000000000e+00,-1.000000000000000000e+00,-1.000000000000000000e+00,-1.000000000000000000e+00,-1.000000000000000000e+00,-1.000000000000000000e+00,-1.000000000000000000e+00,-1.000000000000000000e+00,-1.000000000000000000e+00,-1.000000000000000000e+00,-1.000000000000000000e+00,-1.000000000000000000e+00,-1.000000000000000000e+00,-1.000000000000000000e+00,-1.000000000000000000e+00,-1.000000000000000000e+00,-1.000000000000000000e+00,-1.000000000000000000e+00,-1.000000000000000000e+00,-1.000000000000000000e+00,-1.000000000000000000e+00,-1.000000000000000000e+00,-1.000000000000000000e+00,-1.000000000000000000e+00,-1.000000000000000000e+00,-1.000000000000000000e+00,-1.000000000000000000e+00,-1.000000000000000000e+00,-1.000000000000000000e+00,-1.002035716217290817e+00,-1.002039611245050033e+00,-1.002051285567066463e+00,-1.002070699135183762e+00,-1.002097750798487619e+00,-1.002132201064621420e+00,-1.002173498468902357e+00,-1.002220403625885936e+00,-1.002270204802503617e+00,-1.002317133382637282e+00,-1.002349268594298071e+00,-1.002342687616884165e+00,-1.002250771204392210e+00,-1.001985303300173102e+00,-1.001384225684235352e+00,-1.000158706238115647e+00,-9.978101009714342995e-01,-9.935071928337279035e-01,-9.859204626377046088e-01,-9.730345974365454120e-01,-9.520293706118272414e-01,-9.194868648529057609e-01,-8.725361338028007063e-01,-8.121007548191225833e-01,-7.494417804488557877e-01,-7.120049747608507840e-01,-7.120049748090440112e-01,-7.494417805548954092e-01,-8.121007549057034369e-01,-8.725361338271668821e-01,-9.194868648198890604e-01,-9.520293705335786116e-01,-9.730345973095985146e-01,-9.859204624732769151e-01,-9.935071926694793998e-01,-9.978101008096481594e-01,-1.000158706035609413e+00,-1.001384225432691011e+00,-1.001985303001636796e+00,-1.002250770771620392e+00,-1.002342686971990471e+00,-1.002349267801624588e+00,-1.002317132510140318e+00,-1.002270203822563044e+00,-1.002220402632945540e+00,-1.002173497710311834e+00,-1.002132200519583405e+00,-1.002097750127582509e+00,-1.002070698339021959e+00,-1.002051284849622359e+00,-1.002039610621095589e+00,-1.002035715635579693e+00,-1.000000000000000000e+00,-1.000000000000000000e+00,-1.000000000000000000e+00,-1.000000000000000000e+00,-1.000000000000000000e+00,-1.000000000000000000e+00,-1.000000000000000000e+00,-1.000000000000000000e+00,-1.000000000000000000e+00,-1.000000000000000000e+00,-1.000000000000000000e+00,-1.000000000000000000e+00,-1.000000000000000000e+00,-1.000000000000000000e+00,-1.000000000000000000e+00,-1.000000000000000000e+00,-1.000000000000000000e+00,-1.000000000000000000e+00,-1.000000000000000000e+00,-1.000000000000000000e+00,-1.000000000000000000e+00,-1.000000000000000000e+00,-1.000000000000000000e+00,-1.000000000000000000e+00,-1.000000000000000000e+00,-1.000000000000000000e+00,-1.000000000000000000e+00,-1.000000000000000000e+00,-1.000000000000000000e+00,-1.000000000000000000e+00,-1.000000000000000000e+00,-1.000000000000000000e+00,-1.000000000000000000e+00,-1.000000000000000000e+00,-1.000000000000000000e+00,-1.000000000000000000e+00,-1.000000000000000000e+00,-1.000000000000000000e+00,-1.000000000000000000e+00,-1.000000000000000000e+00,-1.000000000000000000e+00,-1.000000000000000000e+00,-1.000000000000000000e+00,-1.000000000000000000e+00,-1.000000000000000000e+00,-1.000000000000000000e+00
-1.000000000000000000e+00,-1.000000000000000000e+00,-1.000000000000000000e+00,-1.000000000000000000e+00,-1.000000000000000000e+00,-1.000000000000000000e+00,-1.000000000000000000e+00,-1.000000000000000000e+00,-1.000000000000000000e+00,-1.000000000000000000e+00,-1.000000000000000000e+00,-1.000000000000000000e+00,-1.000000000000000000e+00,-1.000000000000000000e+00,-1.000000000000000000e+00,-1.000000000000000000e+00,-1.000000000000000000e+00,-1.000000000000000000e+00,-1.000000000000000000e+00,-1.000000000000000000e+00,-1.000000000000000000e+00,-1.000000000000000000e+00,-1.000000000000000000e+00,-1.000000000000000000e+00,-1.000000000000000000e+00,-1.000000000000000000e+00,-1.000000000000000000e+00,-1.000000000000000000e+00,-1.000000000000000000e+00,-1.000000000000000000e+00,-1.000000000000000000e+00,-1.000000000000000000e+00,-1.000000000000000000e+00,-1.000000000000000000e+00,-1.000000000000000000e+00,-1.000000000000000000e+00,-1.000000000000000000e+00,-1.000000000000000000e+00,-1.000000000000000000e+00,-1.000000000000000000e+00,-1.000000000000000000e+00,-1.000000000000000000e+00,-1.000000000000000000e+00,-1.000000000000000000e+00,-1.000000000000000000e+00,-1.000000000000000000e+00,-1.002053884980460774e+00,-1.002057780526375730e+00,-1.002069456272676184e+00,-1.002088872149420773e+00,-1.002115926958413228e+00,-1.002150381211544428e+00,-1.002191683321042914e+00,-1.002238593869392735e+00,-1.002288401134919349e+00,-1.002335336557640399e+00,-1.002367479602618516e+00,-1.002360908084696467e+00,-1.002269004082246839e+00,-1.002003554156852827e+00,-1.001402505088661465e+00,-1.000177033870817578e+00,-9.978285124084519397e-01,-9.935257502626071435e-01,-9.859392706514702454e-01,-9.730538238798274175e-01,-9.520492689603811121e-01,-9.195077861879187298e-01,-8.725584993584933891e-01,-8.121249327095823034e-01,-7.494677925227570814e-01,-7.120320838392569796e-01,-7.120320838750680004e-01,-7.494677925871509050e-01,-8.121249327235865456e-01,-8.725584992844210852e-01,-9.195077860467217867e-01,-9.520492687862466274e-01,-9.730538236760390980e-01,-9.859392704254089645e-01,-9.935257500507403972e-01,-9.978285122225183379e-01,-1.000177033681898697e+00,-1.001402504907832114e+00,-1.002003554034180510e+00,-1.002269003969800787e+00,-1.002360907839820792e+00,-1.002367479214780310e+00,-1.002335336157776036e+00,-1.002288400690236170e+00,-1.002238593241568276e+00,-1.002191682667925798e+00,-1.002150380744423197e+00,-1.002115926487750608e+00,-1.002088871545175897e+00,-1.002069455758161087e+00,-1.002057780162580736e+00,-1.002053884685203844e+00,-1.000000000000000000e+00,-1.000000000000000000e+00,-1.000000000000000000e+00,-1.000000000000000000e+00,-1.000000000000000000e+00,-1.000000000000000000e+00,-1.000000000000000000e+00,-1.000000000000000000e+00,-1.000000000000000000e+00,-1.000000000000000000e+00,-1.000000000000000000e+00,-1.000000000000000000e+00,-1.000000000000000000e+00,-1.000000000000000000e+00,-1.000000000000000000e+00,-1.000000000000000000e+00,-1.000000000000000000e+00,-1.000000000000000000e+00,-1.000000000000000000e+00,-1.000000000000000000e+00,-1.000000000000000000e+00,-1.000000000000000000e+00,-1.000000000000000000e+00,-1.000000000000000000e+00,-1.000000000000000000e+00,-1.000000000000000000e+00,-1.000000000000000000e+00,-1.000000000000000000e+00,-1.000000000000000000e+00,-1.000000000000000000e+00,-1.000000000000000000e+00,-1.000000000000000000e+00,-1.000000000000000000e+00,-1.000000000000000000e+00,-1.000000000000000000e+00,-1.000000000000000000e+00,-1.000000000000000000e+00,-1.000000000000000000e+00,-1.000000000000000000e+00,-1.000000000000000000e+00,-1.000000000000000000e+00,-1.000000000000000000e+00,-1.000000000000000000e+00,-1.000000000000000000e+00,-1.000000000000000000e+00,-1.000000000000000000e+00
-1.000000000000000000e+00,-1.000000000000000000e+00,-1.000000000000000000e+00,-1.000000000000000000e+00,-1.000000000000000000e+00,-1.000000000000000000e+00,-1.000000000000000000e+00,-1.000000000000000000e+00,-1.000000000000000000e+00,-1.000000000000000000e+00,-1.000000000000000000e+00,-1.000000000000000000e+00,-1.000000000000000000e+00,-1.000000000000000000e+00,-1.000000000000000000e+00,-1.000000000000000000e+00,-1.000000000000000000e+00,-1.000000000000000000e+00,-1.000000000000000000e+00,-1.000000000000000000e+00,-1.000000000000000000e+00,-1.000000000000000000e+00,-1.000000000000000000e+00,-1.000000000000000000e+00,-1.000000000000000000e+00,-1.000000000000000000e+00,-1.000000000000000000e+00,-1.000000000000000000e+00,-1.000000000000000000e+00,-1.000000000000000000e+00,-1.000000000000000000e+00,-1.000000000000000000e+00,-1.000000000000000000e+00,-1.000000000000000000e+00,-1.000000000000000000e+00,-1.000000000000000000e+00,-1.000000000000000000e+00,-1.000000000000000000e+00,-1.000000000000000000e+00,-1.000000000000000000e+00,-1.000000000000000000e+00,-1.000000000000000000e+00,-1.000000000000000000e+00,-1.000000000000000000e+00,-1.000000000000000000e+00,-1.000000000000000000e+00,-1.002079315657234515e+00,-1.002083211904877924e+00,-1.002094889641002684e+00,-1.002114308782131813e+00,-1.002141368049600745e+00,-1.002175827952069387e+00,-1.002217136796624608e+00,-1.002264055062997983e+00,-1.002313871002678214e+00,-1.002360816170765556e+00,-1.002392970385235227e+00,-1.002386412312342046e+00,-1.002294525872859055e+00,-1.002029101309006576e+00,-1.001428092407322001e+00,-1.000202688906193460e+00,-9.978542849620867239e-01,-9.935517274125500453e-01,-9.859655988584709041e-01,-9.730807381523685073e-01,-9.520771241787262529e-01,-9.195370738609958128e-01,-8.725898091735367901e-01,-8.121587799421307041e-01,-7.495042076683673393e-01,-7.120700348237721800e-01,-7.120700348566930682e-01,-7.495042077354696630e-01,-8.121587799824568910e-01,-8.725898091429200587e-01,-9.195370737528925087e-01,-9.520771240192353879e-01,-9.730807379657255840e-01,-9.859655986566540076e-01,-9.935517272056719751e-01,-9.978542847553086848e-01,-1.000202688678779817e+00,-1.001428092148759053e+00,-1.002029101083641738e+00,-1.002294525726297847e+00,-1.002386412109454117e+00,-1.002392970014162943e+00,-1.002360815830672269e+00,-1.002313870844658839e+00,-1.002264054860058762e+00,-1.002217136458245950e+00,-1.002175827696127230e+00,-1.002141367809878503e+00,-1.002114308351762073e+00,-1.002094889283517087e+00,-1.002083211806240604e+00,-1.002079315759528466e+00,-1.000000000000000000e+00,-1.000000000000000000e+00,-1.000000000000000000e+00,-1.000000000000000000e+00,-1.000000000000000000e+00,-1.000000000000000000e+00,-1.000000000000000000e+00,-1.000000000000000000e+00,-1.000000000000000000e+00,-1.000000000000000000e+00,-1.000000000000000000e+00,-1.000000000000000000e+00,-1.000000000000000000e+00,-1.000000000000000000e+00,-1.000000000000000000e+00,-1.000000000000000000e+00,-1.000000000000000000e+00,-1.000000000000000000e+00,-1.000000000000000000e+00,-1.000000000000000000e+00,-1.000000000000000000e+00,-1.000000000000000000e+00,-1.000000000000000000e+00,-1.000000000000000000e+00,-1.000000000000000000e+00,-1.000000000000000000e+00,-1.000000000000000000e+00,-1.000000000000000000e+00,-1.000000000000000000e+00,-1.000000000000000000e+00,-1.000000000000000000e+00,-1.000000000000000000e+00,-1.000000000000000000e+00,-1.000000000000000000e+00,-1.000000000000000000e+00,-1.000000000000000000e+00,-1.000000000000000000e+00,-1.000000000000000000e+00,-1.000000000000000000e+00,-1.000000000000000000e+00,-1.000000000000000000e+00,-1.000000000000000000e+00,-1.000000000000000000e+00,-1.000000000000000000e+00,-1.000000000000000000e+00,-1.000000000000000000e+00
-1.000000000000000000e+00,-1.000000000000000000e+00,-1.000000000000000000e+00,-1.000000000000000000e+00,-1.000000000000000000e+00,-1.000000000000000000e+00,-1.000000000000000000e+00,-1.000000000000000000e+00,-1.000000000000000000e+00,-1.000000000000000000e+00,-1.000000000000000000e+00,-1.000000000000000000e+00,-1.000000000000000000e+00,-1.000000000000000000e+00,-1.000000000000000000e+00,-1.000000000000000000e+00,-1.000000000000000000e+00,-1.000000000000000000e+00,-1.000000000000000000e+00,-1.000000000000000000e+00,-1.000000000000000000e+00,-1.000000000000000000e+00,-1.000000000000000000e+00,-1.000000000000000000e+00,-1.000000000000000000e+00,-1.000000000000000000e+00,-1.000000000000000000e+00,-1.000000000000000000e+00,-1.000000000000000000e+00,-1.000000000000000000e+00,-1.000000000000000000e+00,-1.000000000000000000e+00,-1.000000000000000000e+00,-1.000000000000000000e+00,-1.000000000000000000e+00,-1.000000000000000000e+00,-1.000000000000000000e+00,-1.000000000000000000e+00,-1.000000000000000000e+00,-1.000000000000000000e+00,-1.000000000000000000e+00,-1.000000000000000000e+00,-1.000000000000000000e+00,-1.000000000000000000e+00,-1.000000000000000000e+00,-1.000000000000000000e+00,-1.002112002436884364e+00,-1.002115899599743898e+00,-1.002127579970783167e+00,-1.002147003423643046e+00,-1.002174068614067881e+00,-1.002208535949968615e+00,-1.002249853639533450e+00,-1.002296782073220704e+00,-1.002346609450636139e+00,-1.002393567443565114e+00,-1.002425736320336380e+00,-1.002419195837474852e+00,-1.002327332285563477e+00,-1.002061940642325677e+00,-1.001460983697913365e+00,-1.000235667580562593e+00,-9.978874150691262601e-01,-9.935851209381028060e-01,-9.859994441446087166e-01,-9.731153373996856981e-01,-9.521129337080782573e-01,-9.195747256217455812e-01,-8.726300612697255321e-01,-8.122022947138064497e-01,-7.495510241379594873e-01,-7.121188259861717107e-01,-7.121188260220110422e-01,-7.495510242090130948e-01,-8.122022947601936771e-01,-8.726300612674184887e-01,-9.195747255748589755e-01,-9.521129336323005399e-01,-9.731153373185347233e-01,-9.859994440645533098e-01,-9.935851208348601693e-01,-9.978874149381787850e-01,-1.000235667423204911e+00,-1.001460983462426402e+00,-1.002061940340006618e+00,-1.002327332045134023e+00,-1.002419195605696034e+00,-1.002425735860916767e+00,-1.002393566863196694e+00,-1.002346609109838083e+00,-1.002296781954413518e+00,-1.002249853528644374e+00,-1.002208535902250341e+00,-1.002174068615110381e+00,-1.002147003218817334e+00,-1.002127579725524020e+00,-1.002115899642449293e+00,-1.002112002842137528e+00,-1.000000000000000000e+00,-1.000000000000000000e+00,-1.000000000000000000e+00,-1.000000000000000000e+00,-1.000000000000000000e+00,-1.000000000000000000e+00,-1.000000000000000000e+00,-1.000000000000000000e+00,-1.000000000000000000e+00,-1.000000000000000000e+00,-1.000000000000000000e+00,-1.000000000000000000e+00,-1.000000000000000000e+00,-1.000000000000000000e+00,-1.000000000000000000e+00,-1.000000000000000000e+00,-1.000000000000000000e+00,-1.000000000000000000e+00,-1.000000000000000000e+00,-1.000000000000000000e+00,-1.000000000000000000e+00,-1.000000000000000000e+00,-1.000000000000000000e+00,-1.000000000000000000e+00,-1.000000000000000000e+00,-1.000000000000000000e+00,-1.000000000000000000e+00,-1.000000000000000000e+00,-1.000000000000000000e+00,-1.000000000000000000e+00,-1.000000000000000000e+00,-1.000000000000000000e+00,-1.000000000000000000e+00,-1.000000000000000000e+00,-1.000000000000000000e+00,-1.000000000000000000e+00,-1.000000000000000000e+00,-1.000000000000000000e+00,-1.000000000000000000e+00,-1.000000000000000000e+00,-1.000000000000000000e+00,-1.000000000000000000e+00,-1.000000000000000000e+00,-1.000000000000000000e+00,-1.000000000000000000e+00,-1.000000000000000000e+00
-1.000000000000000000e+00,-1.000000000000000000e+00,-1.000000000000000000e+00,-1.000000000000000000e+00,-1.000000000000000000e+00,-1.000000000000000000e+00,-1.000000000000000000e+00,-1.000000000000000000e+00,-1.000000000000000000e+00,-1.000000000000000000e+00,-1.000000000000000000e+00,-1.000000000000000000e+00,-1.000000000000000000e+00,-1.000000000000000000e+00,-1.000000000000000000e+00,-1.000000000000000000e+00,-1.000000000000000000e+00,-1.000000000000000000e+00,-1.000000000000000000e+00,-1.000000000000000000e+00,-1.000000000000000000e+00,-1.000000000000000000e+00,-1.000000000000000000e+00,-1.000000000000000000e+00,-1.000000000000000000e+00,-1.000000000000000000e+00,-1.000000000000000000e+00,-1.000000000000000000e+00,-1.000000000000000000e+00,-1.000000000000000000e+00,-1.000000000000000000e+00,-1.000000000000000000e+00,-1.000000000000000000e+00,-1.000000000000000000e+00,-1.000000000000000000e+00,-1.000000000000000000e+00,-1.000000000000000000e+00,-1.000000000000000000e+00,-1.000000000000000000e+00,-1.000000000000000000e+00,-1.000000000000000000e+00,-1.000000000000000000e+00,-1.000000000000000000e+00,-1.000000000000000000e+00,-1.000000000000000000e+00,-1.000000000000000000e+00,-1.002151938053989388e+00,-1.002155836340365980e+00,-1.002167520024867198e+00,-1.002186948862986648e+00,-1.002214021487972229e+00,-1.002248498189309389e+00,-1.002289827021419777e+00,-1.002336768234745046e+00,-1.002386609970320919e+00,-1.002433584057141225e+00,-1.002465771307402775e+00,-1.002459252791687350e+00,-1.002367417689913331e+00,-1.002102066782739831e+00,-1.001501173866188532e+00,-1.000275965088919916e+00,-9.979278982231883921e-01,-9.936259266555161895e-01,-9.860408026744384991e-01,-9.731576181475490861e-01,-9.521566944350755568e-01,-9.196207386995919331e-01,-8.726792531708623679e-01,-8.122554747529303620e-01,-7.496082397398151631e-01,-7.121784551480980774e-01,-7.121784551658428830e-01,-7.496082397786985041e-01,-8.122554747890829985e-01,-8.726792531900914307e-01,-9.196207386904192704e-01,-9.521566943986558007e-01,-9.731576181156731398e-01,-9.860408026641561685e-01,-9.936259266263852696e-01,-9.979278981610560928e-01,-1.000275965031461434e+00,-1.001501173756461416e+00,-1.002102066543551162e+00,-1.002367417447867393e+00,-1.002459252620854668e+00,-1.002465770949494850e+00,-1.002433583389208627e+00,-1.002386609312383214e+00,-1.002336767833550635e+00,-1.002289826811001427e+00,-1.002248498150042355e+00,-1.002214021626534501e+00,-1.002186948917592968e+00,-1.002167519959207054e+00,-1.002155836522585108e+00,-1.002151938654763486e+00,-1.000000000000000000e+00,-1.000000000000000000e+00,-1.000000000000000000e+00,-1.000000000000000000e+00,-1.000000000000000000e+00,-1.000000000000000000e+00,-1.000000000000000000e+00,-1.000000000000000000e+00,-1.000000000000000000e+00,-1.000000000000000000e+00,-1.000000000000000000e+00,-1.000000000000000000e+00,-1.000000000000000000e+00,-1.000000000000000000e+00,-1.000000000000000000e+00,-1.000000000000000000e+00,-1.000000000000000000e+00,-1.000000000000000000e+00,-1.000000000000000000e+00,-1.000000000000000000e+00,-1.000000000000000000e+00,-1.000000000000000000e+00,-1.000000000000000000e+00,-1.000000000000000000e+00,-1.000000000000000000e+00,-1.000000000000000000e+00,-1.000000000000000000e+00,-1.000000000000000000e+00,-1.000000000000000000e+00,-1.000000000000000000e+00,-1.000000000000000000e+00,-1.000000000000000000e+00,-1.000000000000000000e+00,-1.000000000000000000e+00,-1.000000000000000000e+00,-1.000000000000000000e+00,-1.000000000000000000e+00,-1.000000000000000000e+00,-1.000000000000000000e+00,-1.000000000000000000e+00,-1.000000000000000000e+00,-1.000000000000000000e+00,-1.000000000000000000e+00,-1.000000000000000000e+00,-1.000000000000000000e+00,-1.000000000000000000e+00
-1.000000000000000000e+00,-1.000000000000000000e+00,-1.000000000000000000e+00,-1.000000000000000000e+00,-1.000000000000000000e+00,-1.000000000000000000e+00,-1.000000000000000000e+00,-1.000000000000000000e+00,-1.000000000000000000e+00,-1.000000000000000000e+00,-1.000000000000000000e+00,-1.000000000000000000e+00,-1.000000000000000000e+00,-1.000000000000000000e+00,-1.000000000000000000e+00,-1.000000000000000000e+00,-1.000000000000000000e+00,-1.000000000000000000e+00,-1.000000000000000000e+00,-1.000000000000000000e+00,-1.000000000000000000e+00,-1.000000000000000000e+00,-1.000000000000000000e+00,-1.000000000000000000e+00,-1.000000000000000000e+00,-1.000000000000000000e+00,-1.000000000000000000e+00,-1.000000000000000000e+00,-1.000000000000000000e+00,-1.000000000000000000e+00,-1.000000000000000000e+00,-1.000000000000000000e+00,-1.000000000000000000e+00,-1.000000000000000000e+00,-1.000000000000000000e+00,-1.000000000000000000e+00,-1.000000000000000000e+00,-1.000000000000000000e+00,-1.000000000000000000e+00,-1.000000000000000000e+00,-1.000000000000000000e+00,-1.000000000000000000e+00,-1.000000000000000000e+00,-1.000000000000000000e+00,-1.000000000000000000e+00,-1.000000000000000000e+00,-1.002199113413761999e+00,-1.002203013038780233e+00,-1.002214700767524613e+00,-1.002234136218858263e+00,-1.002261217920407121e+00,-1.002295706013649923e+00,-1.002337048419505772e+00,-1.002384005230077646e+00,-1.002433864485756665e+00,-1.002480858193494306e+00,-1.002513067810206104e+00,-1.002506575955290469e+00,-1.002414775207916442e+00,-1.002149473202837093e+00,-1.001548656743839416e+00,-1.000323575633659701e+00,-9.979757290024876548e-01,-9.936741395208694705e-01,-9.860896697985023218e-01,-9.732075761754906962e-01,-9.522084025987509470e-01,-9.196751097827955412e-01,-8.727373819232048247e-01,-8.123183173011340186e-01,-7.496758517699209090e-01,-7.122489196677760370e-01,-7.122489197038027742e-01,-7.496758518550001860e-01,-8.123183173986804340e-01,-8.727373820149657568e-01,-9.196751098501454447e-01,-9.522084026277846114e-01,-9.732075761911573863e-01,-9.860896698205119382e-01,-9.936741395012486100e-01,-9.979757289148732946e-01,-1.000323575555162714e+00,-1.001548656680008476e+00,-1.002149473032452720e+00,-1.002414774968405808e+00,-1.002506575815270473e+00,-1.002513067663264978e+00,-1.002480857772478195e+00,-1.002433863836986516e+00,-1.002384004628462888e+00,-1.002337048002963860e+00,-1.002295705782647151e+00,-1.002261217881102784e+00,-1.002234136246384244e+00,-1.002214700771457689e+00,-1.002203013355593697e+00,-1.002199114220910348e+00,-1.000000000000000000e+00,-1.000000000000000000e+00,-1.000000000000000000e+00,-1.000000000000000000e+00,-1.000000000000000000e+00,-1.000000000000000000e+00,-1.000000000000000000e+00,-1.000000000000000000e+00,-1.000000000000000000e+00,-1.000000000000000000e+00,-1.000000000000000000e+00,-1.000000000000000000e+00,-1.000000000000000000e+00,-1.000000000000000000e+00,-1.000000000000000000e+00,-1.000000000000000000e+00,-1.000000000000000000e+00,-1.000000000000000000e+00,-1.000000000000000000e+00,-1.000000000000000000e+00,-1.000000000000000000e+00,-1.000000000000000000e+00,-1.000000000000000000e+00,-1.000000000000000000e+00,-1.000000000000000000e+00,-1.000000000000000000e+00,-1.000000000000000000e+00,-1.000000000000000000e+00,-1.000000000000000000e+00,-1.000000000000000000e+00,-1.000000000000000000e+00,-1.000000000000000000e+00,-1.000000000000000000e+00,-1.000000000000000000e+00,-1.000000000000000000e+00,-1.000000000000000000e+00,-1.000000000000000000e+00,-1.000000000000000000e+00,-1.000000000000000000e+00,-1.000000000000000000e+00,-1.000000000000000000e+00,-1.000000000000000000e+00,-1.000000000000000000e+00,-1.000000000000000000e+00,-1.000000000000000000e+00,-1.000000000000000000e+00
-1.000000000000000000e+00,-1.000000000000000000e+00,-1.000000000000000000e+00,-1.000000000000000000e+00,-1.000000000000000000e+00,-1.000000000000000000e+00,-1.000000000000000000e+00,-1.000000000000000000e+00,-1.000000000000000000e+00,-1.000000000000000000e+00,-1.000000000000000000e+00,-1.000000000000000000e+00,-1.000000000000000000e+00,-1.000000000000000000e+00,-1.000000000000000000e+00,-1.000000000000000000e+00,-1.000000000000000000e+00,-1.000000000000000000e+00,-1.000000000000000000e+00,-1.000000000000000000e+00,-1.000000000000000000e+00,-1.000000000000000000e+00,-1.000000000000000000e+00,-1.000000000000000000e+00,-1.000000000000000000e+00,-1.000000000000000000e+00,-1.000000000000000000e+00,-1.000000000000000000e+00,-1.000000000000000000e+00,-1.000000000000000000e+00,-1.000000000000000000e+00,-1.000000000000000000e+00,-1.000000000000000000e+00,-1.000000000000000000e+00,-1.000000000000000000e+00,-1.000000000000000000e+00,-1.000000000000000000e+00,-1.000000000000000000e+00,-1.000000000000000000e+00,-1.000000000000000000e+00,-1.000000000000000000e+00,-1.000000000000000000e+00,-1.000000000000000000e+00,-1.000000000000000000e+00,-1.000000000000000000e+00,-1.000000000000000000e+00,-1.002253517652706760e+00,-1.002257418862408267e+00,-1.002269111364163745e+00,-1.002288554700377476e+00,-1.002315647289063305e+00,-1.002350149052410488e+00,-1.002391507725895803e+00,-1.002438483238705880e+00,-1.002488363511538694e+00,-1.002535380726808478e+00,-1.002567617065217798e+00,-1.002561156924497210e+00,-1.002469396794673395e+00,-1.002204152216904953e+00,-1.001603425007674630e+00,-1.000378492270507680e+00,-9.980309008786399927e-01,-9.937297534696774015e-01,-9.861460399597201665e-01,-9.732652064652453916e-01,-9.522680537358949593e-01,-9.197378349644869111e-01,-8.728044441344126048e-01,-8.123908193331261796e-01,-7.497538573362204639e-01,-7.123302166641987121e-01,-7.123302167166342125e-01,-7.497538574651697596e-01,-8.123908194952484951e-01,-8.728044443163180954e-01,-9.197378351451674927e-01,-9.522680538741166156e-01,-9.732652065605222891e-01,-9.861460400370912760e-01,-9.937297534973961177e-01,-9.980309008119018221e-01,-1.000378492169083255e+00,-1.001603424943079412e+00,-1.002204152110478308e+00,-1.002469396568709925e+00,-1.002561156700550349e+00,-1.002567616928309091e+00,-1.002535380503510432e+00,-1.002488363061087240e+00,-1.002438482695408695e+00,-1.002391507285271377e+00,-1.002350148744235669e+00,-1.002315647086865713e+00,-1.002288554568969925e+00,-1.002269111205883467e+00,-1.002257419011063355e+00,-1.002253518379928821e+00,-1.000000000000000000e+00,-1.000000000000000000e+00,-1.000000000000000000e+00,-1.000000000000000000e+00,-1.000000000000000000e+00,-1.000000000000000000e+00,-1.000000000000000000e+00,-1.000000000000000000e+00,-1.000000000000000000e+00,-1.000000000000000000e+00,-1.000000000000000000e+00,-1.000000000000000000e+00,-1.000000000000000000e+00,-1.000000000000000000e+00,-1.000000000000000000e+00,-1.000000000000000000e+00,-1.000000000000000000e+00,-1.000000000000000000e+00,-1.000000000000000000e+00,-1.000000000000000000e+00,-1.000000000000000000e+00,-1.000000000000000000e+00,-1.000000000000000000e+00,-1.000000000000000000e+00,-1.000000000000000000e+00,-1.000000000000000000e+00,-1.000000000000000000e+00,-1.000000000000000000e+00,-1.000000000000000000e+00,-1.000000000000000000e+00,-1.000000000000000000e+00,-1.000000000000000000e+00,-1.000000000000000000e+00,-1.000000000000000000e+00,-1.000000000000000000e+00,-1.000000000000000000e+00,-1.000000000000000000e+00,-1.000000000000000000e+00,-1.000000000000000000e+00,-1.000000000000000000e+00,-1.000000000000000000e+00,-1.000000000000000000e+00,-1.000000000000000000e+00,-1.000000000000000000e+00,-1.000000000000000000e+00,-1.000000000000000000e+00
-1.000000000000000000e+00,-1.000000000000000000e+00,-1.000000000000000000e+00,-1.000000000000000000e+00,-1.000000000000000000e+00,-1.000000000000000000e+00,-1.000000000000000000e+00,-1.000000000000000000e+00,-1.000000000000000000e+00,-1.000000000000000000e+00,-1.000000000000000000e+00,-1.000000000000000000e+00,-1.000000000000000000e+00,-1.000000000000000000e+00,-1.000000000000000000e+00,-1.000000000000000000e+00,-1.000000000000000000e+00,-1.000000000000000000e+00,-1.000000000000000000e+00,-1.000000000000000000e+00,-1.000000000000000000e+00,-1.000000000000000000e+00,-1.000000000000000000e+00,-1.000000000000000000e+00,-1.000000000000000000e+00,-1.000000000000000000e+00,-1.000000000000000000e+00,-1.000000000000000000e+00,-1.000000000000000000e+00,-1.000000000000000000e+00,-1.000000000000000000e+00,-1.000000000000000000e+00,-1.000000000000000000e+00,-1.000000000000000000e+00,-1.000000000000000000e+00,-1.000000000000000000e+00,-1.000000000000000000e+00,-1.000000000000000000e+00,-1.000000000000000000e+00,-1.000000000000000000e+00,-1.000000000000000000e+00,-1.000000000000000000e+00,-1.000000000000000000e+00,-1.000000000000000000e+00,-1.000000000000000000e+00,-1.000000000000000000e+00,-1.002315137905351650e+00,-1.002319041012619039e+00,-1.002330739188079356e+00,-1.002350191863994322e+00,-1.002377297334198447e+00,-1.002411815295326303e+00,-1.002453193235867790e+00,-1.002500190879363817e+00,-1.002550096016140202e+00,-1.002597141002991021e+00,-1.002629408817185652e+00,-1.002622985865535554e+00,-1.002531273059903416e+00,-1.002266094896495208e+00,-1.001665470209928133e+00,-1.000440707047630662e+00,-9.980934064037628728e-01,-9.937927615758337385e-01,-9.862099068023117976e-01,-9.733305033078288870e-01,-9.523356428462609324e-01,-9.198089099344506359e-01,-8.728804360568785947e-01,-8.124729774594134923e-01,-7.498422531984372252e-01,-7.124223429677905006e-01,-7.124223430114728917e-01,-7.498422533099388110e-01,-8.124729776009301796e-01,-8.728804362151085794e-01,-9.198089101062671968e-01,-9.523356430076287404e-01,-9.733305034426487090e-01,-9.862099069177332478e-01,-9.937927616578997592e-01,-9.980934064037286779e-01,-1.000440706964403903e+00,-1.001665470129261104e+00,-1.002266094844753264e+00,-1.002531272927951633e+00,-1.002622985634388675e+00,-1.002629408614601036e+00,-1.002597140807784282e+00,-1.002550095680011744e+00,-1.002500190439258088e+00,-1.002453192873232979e+00,-1.002411815080448187e+00,-1.002377297221471286e+00,-1.002350191787310996e+00,-1.002330738991456416e+00,-1.002319040983863374e+00,-1.002315138387459337e+00,-1.000000000000000000e+00,-1.000000000000000000e+00,-1.000000000000000000e+00,-1.000000000000000000e+00,-1.000000000000000000e+00,-1.000000000000000000e+00,-1.000000000000000000e+00,-1.000000000000000000e+00,-1.000000000000000000e+00,-1.000000000000000000e+00,-1.000000000000000000e+00,-1.000000000000000000e+00,-1.000000000000000000e+00,-1.000000000000000000e+00,-1.000000000000000000e+00,-1.000000000000000000e+00,-1.000000000000000000e+00,-1.000000000000000000e+00,-1.000000000000000000e+00,-1.000000000000000000e+00,-1.000000000000000000e+00,-1.000000000000000000e+00,-1.000000000000000000e+00,-1.000000000000000000e+00,-1.000000000000000000e+00,-1.000000000000000000e+00,-1.000000000000000000e+00,-1.000000000000000000e+00,-1.000000000000000000e+00,-1.000000000000000000e+00,-1.000000000000000000e+00,-1.000000000000000000e+00,-1.000000000000000000e+00,-1.000000000000000000e+00,-1.000000000000000000e+00,-1.000000000000000000e+00,-1.000000000000000000e+00,-1.000000000000000000e+00,-1.000000000000000000e+00,-1.000000000000000000e+00,-1.000000000000000000e+00,-1.000000000000000000e+00,-1.000000000000000000e+00,-1.000000000000000000e+00,-1.000000000000000000e+00,-1.000000000000000000e+00
-1.000000000000000000e+00,-1.000000000000000000e+00,-1.000000000000000000e+00,-1.000000000000000000e+00,-1.000000000000000000e+00,-1.000000000000000000e+00,-1.000000000000000000e+00,-1.000000000000000000e+00,-1.000000000000000000e+00,-1.000000000000000000e+00,-1.000000000000000000e+00,-1.000000000000000000e+00,-1.000000000000000000e+00,-1.000000000000000000e+00,-1.000000000000000000e+00,-1.000000000000000000e+00,-1.000000000000000000e+00,-1.000000000000000000e+00,-1.000000000000000000e+00,-1.000000000000000000e+00,-1.000000000000000000e+00,-1.000000000000000000e+00,-1.000000000000000000e+00,-1.000000000000000000e+00,-1.000000000000000000e+00,-1.000000000000000000e+00,-1.000000000000000000e+00,-1.000000000000000000e+00,-1.000000000000000000e+00,-1.000000000000000000e+00,-1.000000000000000000e+00,-1.000000000000000000e+00,-1.000000000000000000e+00,-1.000000000000000000e+00,-1.000000000000000000e+00,-1.000000000000000000e+00,-1.000000000000000000e+00,-1.000000000000000000e+00,-1.000000000000000000e+00,-1.000000000000000000e+00,-1.000000000000000000e+00,-1.000000000000000000e+00,-1.000000000000000000e+00,-1.000000000000000000e+00,-1.000000000000000000e+00,-1.000000000000000000e+00,-1.002383959727905394e+00,-1.002387865048482096e+00,-1.002399569873430929e+00,-1.002419033511598778e+00,-1.002446154069955853e+00,-1.002480690999169921e+00,-1.002522091506202973e+00,-1.002569115061380911e+00,-1.002619049307017729e+00,-1.002666126777110200e+00,-1.002698431312877725e+00,-1.002692051550682972e+00,-1.002600393324980965e+00,-1.002335291117995686e+00,-1.001734782780913102e+00,-1.000510210966401914e+00,-9.981632371885189592e-01,-9.938631561044146689e-01,-9.862812632817904435e-01,-9.734034603666985586e-01,-9.524111643150133810e-01,-9.198883298075085646e-01,-8.729653534701841133e-01,-8.125647879199870971e-01,-7.499410357822215989e-01,-7.125252950870099022e-01,-7.125252951111926691e-01,-7.499410358428852952e-01,-8.125647879923222350e-01,-8.729653535475149218e-01,-9.198883299005206071e-01,-9.524111644183097525e-01,-9.734034604494322673e-01,-9.862812633261860418e-01,-9.938631561317833318e-01,-9.981632371972732898e-01,-1.000510210900953822e+00,-1.001734782657681233e+00,-1.002335291033366493e+00,-1.002600393256288358e+00,-1.002692051413634378e+00,-1.002698431162683645e+00,-1.002666126640501476e+00,-1.002619049068147916e+00,-1.002569114702503761e+00,-1.002522091176489605e+00,-1.002480690817422859e+00,-1.002446154058312944e+00,-1.002419033616095190e+00,-1.002399569894426801e+00,-1.002387865113075316e+00,-1.002383960080645675e+00,-1.000000000000000000e+00,-1.000000000000000000e+00,-1.000000000000000000e+00,-1.000000000000000000e+00,-1.000000000000000000e+00,-1.000000000000000000e+00,-1.000000000000000000e+00,-1.000000000000000000e+00,-1.000000000000000000e+00,-1.000000000000000000e+00,-1.000000000000000000e+00,-1.000000000000000000e+00,-1.000000000000000000e+00,-1.000000000000000000e+00,-1.000000000000000000e+00,-1.000000000000000000e+00,-1.000000000000000000e+00,-1.000000000000000000e+00,-1.000000000000000000e+00,-1.000000000000000000e+00,-1.000000000000000000e+00,-1.000000000000000000e+00,-1.000000000000000000e+00,-1.000000000000000000e+00,-1.000000000000000000e+00,-1.000000000000000000e+00,-1.000000000000000000e+00,-1.000000000000000000e+00,-1.000000000000000000e+00,-1.000000000000000000e+00,-1.000000000000000000e+00,-1.000000000000000000e+00,-1.000000000000000000e+00,-1.000000000000000000e+00,-1.000000000000000000e+00,-1.000000000000000000e+00,-1.000000000000000000e+00,-1.000000000000000000e+00,-1.000000000000000000e+00,-1.000000000000000000e+00,-1.000000000000000000e+00,-1.000000000000000000e+00,-1.000000000000000000e+00,-1.000000000000000000e+00,-1.000000000000000000e+00,-1.000000000000000000e+00
-1.000000000000000000e+00,-1.000000000000000000e+00,-1.000000000000000000e+00,-1.000000000000000000e+00,-1.000000000000000000e+00,-1.000000000000000000e+00,-1.000000000000000000e+00,-1.000000000000000000e+00,-1.000000000000000000e+00,-1.000000000000000000e+00,-1.000000000000000000e+00,-1.000000000000000000e+00,-1.000000000000000000e+00,-1.000000000000000000e+00,-1.000000000000000000e+00,-1.000000000000000000e+00,-1.000000000000000000e+00,-1.000000000000000000e+00,-1.000000000000000000e+00,-1.000000000000000000e+00,-1.000000000000000000e+00,-1.000000000000000000e+00,-1.000000000000000000e+00,-1.000000000000000000e+00,-1.000000000000000000e+00,-1.000000000000000000e+00,-1.000000000000000000e+00,-1.000000000000000000e+00,-1.000000000000000000e+00,-1.000000000000000000e+00,-1.000000000000000000e+00,-1.000000000000000000e+00,-1.000000000000000000e+00,-1.000000000000000000e+00,-1.000000000000000000e+00,-1.000000000000000000e+00,-1.000000000000000000e+00,-1.000000000000000000e+00,-1.000000000000000000e+00,-1.000000000000000000e+00,-1.000000000000000000e+00,-1.000000000000000000e+00,-1.000000000000000000e+00,-1.000000000000000000e+00,-1.000000000000000000e+00,-1.000000000000000000e+00,-1.002459966617225362e+00,-1.002463874510621578e+00,-1.002475587062509277e+00,-1.002495063448490820e+00,-1.002522201558536885e+00,-1.002556760557894888e+00,-1.002598187323018086e+00,-1.002645241027531720e+00,-1.002695209133400045e+00,-1.002742324333160351e+00,-1.002774671388858563e+00,-1.002768341387732187e+00,-1.002676745597209429e+00,-1.002411729522537875e+00,-1.001811352023817880e+00,-1.000586994006563923e+00,-9.982403838901118265e-01,-9.939409283982121313e-01,-9.863601014775942311e-01,-9.734840705463041477e-01,-9.524946119360494512e-01,-9.199760892502105714e-01,-8.730591917964296567e-01,-8.126662466739585922e-01,-7.500502013107200883e-01,-7.126390693781161634e-01,-7.126390693871216264e-01,-7.500502013363673504e-01,-8.126662467093841435e-01,-8.730591918282579744e-01,-9.199760892764237141e-01,-9.524946119706790837e-01,-9.734840705689703499e-01,-9.863601014315883653e-01,-9.939409282914464239e-01,-9.982403837885993614e-01,-1.000586993891703802e+00,-1.001811351844883013e+00,-1.002411729339443447e+00,-1.002676745464707642e+00,-1.002768341271335961e+00,-1.002774671295894260e+00,-1.002742324269413787e+00,-1.002695209015536104e+00,-1.002645240802530591e+00,-1.002598187064910329e+00,-1.002556760364009536e+00,-1.002522201525261947e+00,-1.002495063610446602e+00,-1.002475587292324555e+00,-1.002463874831582391e+00,-1.002459967087789838e+00,-1.000000000000000000e+00,-1.000000000000000000e+00,-1.000000000000000000e+00,-1.000000000000000000e+00,-1.000000000000000000e+00,-1.000000000000000000e+00,-1.000000000000000000e+00,-1.000000000000000000e+00,-1.000000000000000000e+00,-1.000000000000000000e+00,-1.000000000000000000e+00,-1.000000000000000000e+00,-1.000000000000000000e+00,-1.000000000000000000e+00,-1.000000000000000000e+00,-1.000000000000000000e+00,-1.000000000000000000e+00,-1.000000000000000000e+00,-1.000000000000000000e+00,-1.000000000000000000e+00,-1.000000000000000000e+00,-1.000000000000000000e+00,-1.000000000000000000e+00,-1.000000000000000000e+00,-1.000000000000000000e+00,-1.000000000000000000e+00,-1.000000000000000000e+00,-1.000000000000000000e+00,-1.000000000000000000e+00,-1.000000000000000000e+00,-1.000000000000000000e+00,-1.000000000000000000e+00,-1.000000000000000000e+00,-1.000000000000000000e+00,-1.000000000000000000e+00,-1.000000000000000000e+00,-1.000000000000000000e+00,-1.000000000000000000e+00,-1.000000000000000000e+00,-1.000000000000000000e+00,-1.000000000000000000e+00,-1.000000000000000000e+00,-1.000000000000000000e+00,-1.000000000000000000e+00,-1.000000000000000000e+00,-1.000000000000000000e+00
-1.000000000000000000e+00,-1.000000000000000000e+00,-1.000000000000000000e+00,-1.000000000000000000e+00,-1.000000000000000000e+00,-1.000000000000000000e+00,-1.000000000000000000e+00,-1.000000000000000000e+00,-1.000000000000000000e+00,-1.000000000000000000e+00,-1.000000000000000000e+00,-1.000000000000000000e+00,-1.000000000000000000e+00,-1.000000000000000000e+00,-1.000000000000000000e+00,-1.000000000000000000e+00,-1.000000000000000000e+00,-1.000000000000000000e+00,-1.000000000000000000e+00,-1.000000000000000000e+00,-1.000000000000000000e+00,-1.000000000000000000e+00,-1.000000000000000000e+00,-1.000000000000000000e+00,-1.000000000000000000e+00,-1.000000000000000000e+00,-1.000000000000000000e+00,-1.000000000000000000e+00,-1.000000000000000000e+00,-1.000000000000000000e+00,-1.000000000000000000e+00,-1.000000000000000000e+00,-1.000000000000000000e+00,-1.000000000000000000e+00,-1.000000000000000000e+00,-1.000000000000000000e+00,-1.000000000000000000e+00,-1.000000000000000000e+00,-1.000000000000000000e+00,-1.000000000000000000e+00,-1.000000000000000000e+00,-1.000000000000000000e+00,-1.000000000000000000e+00,-1.000000000000000000e+00,-1.000000000000000000e+00,-1.000000000000000000e+00,-1.002543139970369701e+00,-1.002547050842689247e+00,-1.002558772353755012e+00,-1.002578263504666944e+00,-1.002605421938003616e+00,-1.002640006501344994e+00,-1.002681463671606821e+00,-1.002728552266836326e+00,-1.002778559540170811e+00,-1.002825718326398663e+00,-1.002858114354550967e+00,-1.002851841371381170e+00,-1.002760316573669153e+00,-1.002495397507999320e+00,-1.001895166032642503e+00,-1.000671044981592983e+00,-9.983248361036931584e-01,-9.940260689080475665e-01,-9.864464127508880686e-01,-9.735723261619677604e-01,-9.525859790274965322e-01,-9.200721825923326991e-01,-8.731619462577051571e-01,-8.127773495555474792e-01,-7.501697458958878073e-01,-7.127636620807067391e-01,-7.127636620679160817e-01,-7.501697458756506620e-01,-8.127773495512872204e-01,-8.731619462542701271e-01,-9.200721825731436043e-01,-9.525859790165025487e-01,-9.735723261578261845e-01,-9.864464126736627314e-01,-9.940260687154996999e-01,-9.983248358790118848e-01,-1.000671044786371144e+00,-1.001895165821147238e+00,-1.002495397254767218e+00,-1.002760316314292854e+00,-1.002851841141608746e+00,-1.002858114184452809e+00,-1.002825718205042405e+00,-1.002778559427478955e+00,-1.002728552125331296e+00,-1.002681463512850479e+00,-1.002640006360040692e+00,-1.002605421900571780e+00,-1.002578263638421951e+00,-1.002558772653751040e+00,-1.002547051364276465e+00,-1.002543140632822016e+00,-1.000000000000000000e+00,-1.000000000000000000e+00,-1.000000000000000000e+00,-1.000000000000000000e+00,-1.000000000000000000e+00,-1.000000000000000000e+00,-1.000000000000000000e+00,-1.000000000000000000e+00,-1.000000000000000000e+00,-1.000000000000000000e+00,-1.000000000000000000e+00,-1.000000000000000000e+00,-1.000000000000000000e+00,-1.000000000000000000e+00,-1.000000000000000000e+00,-1.000000000000000000e+00,-1.000000000000000000e+00,-1.000000000000000000e+00,-1.000000000000000000e+00,-1.000000000000000000e+00,-1.000000000000000000e+00,-1.000000000000000000e+00,-1.000000000000000000e+00,-1.000000000000000000e+00,-1.000000000000000000e+00,-1.000000000000000000e+00,-1.000000000000000000e+00,-1.000000000000000000e+00,-1.000000000000000000e+00,-1.000000000000000000e+00,-1.000000000000000000e+00,-1.000000000000000000e+00,-1.000000000000000000e+00,-1.000000000000000000e+00,-1.000000000000000000e+00,-1.000000000000000000e+00,-1.000000000000000000e+00,-1.000000000000000000e+00,-1.000000000000000000e+00,-1.000000000000000000e+00,-1.000000000000000000e+00,-1.000000000000000000e+00,-1.000000000000000000e+00,-1.000000000000000000e+00,-1.000000000000000000e+00,-1.000000000000000000e+00
-1.000000000000000000e+00,-1.000000000000000000e+00,-1.000000000000000000e+00,-1.000000000000000000e+00,-1.000000000000000000e+00,-1.000000000000000000e+00,-1.000000000000000000e+00,-1.000000000000000000e+00,-1.000000000000000000e+00,-1.000000000000000000e+00,-1.000000000000000000e+00,-1.000000000000000000e+00,-1.000000000000000000e+00,-1.000000000000000000e+00,-1.000000000000000000e+00,-1.000000000000000000e+00,-1.000000000000000000e+00,-1.000000000000000000e+00,-1.000000000000000000e+00,-1.000000000000000000e+00,-1.000000000000000000e+00,-1.000000000000000000e+00,-1.000000000000000000e+00,-1.000000000000000000e+00,-1.000000000000000000e+00,-1.000000000000000000e+00,-1.000000000000000000e+00,-1.000000000000000000e+00,-1.000000000000000000e+00,-1.000000000000000000e+00,-1.000000000000000000e+00,-1.000000000000000000e+00,-1.000000000000000000e+00,-1.000000000000000000e+00,-1.000000000000000000e+00,-1.000000000000000000e+00,-1.000000000000000000e+00,-1.000000000000000000e+00,-1.000000000000000000e+00,-1.000000000000000000e+00,-1.000000000000000000e+00,-1.000000000000000000e+00,-1.000000000000000000e+00,-1.000000000000000000e+00,-1.000000000000000000e+00,-1.000000000000000000e+00,-1.002633459151812012e+00,-1.002637373446560565e+00,-1.002649105283192288e+00,-1.002668613455467206e+00,-1.002695795308343962e+00,-1.002730409329477546e+00,-1.002771901545243427e+00,-1.002819030354072272e+00,-1.002869082751136620e+00,-1.002916291685473249e+00,-1.002948743882215332e+00,-1.002942535940090973e+00,-1.002851091487326318e+00,-1.002586281143520663e+00,-1.001986211751819233e+00,-1.000762351729898025e+00,-9.984165825686418527e-01,-9.941185673061395667e-01,-9.865401877767606686e-01,-9.736682189678003141e-01,-9.526852584661372747e-01,-9.201766038196683706e-01,-8.732736118339827769e-01,-8.128980922645376861e-01,-7.502996655949385474e-01,-7.128990694325667565e-01,-7.128990694026041686e-01,-7.502996655383921132e-01,-8.128980922327828651e-01,-8.732736118193918928e-01,-9.201766037847177726e-01,-9.526852584142990743e-01,-9.736682189202610083e-01,-9.865401876905254275e-01,-9.941185671060140949e-01,-9.984165822693916725e-01,-1.000762351422261665e+00,-1.001986211476679767e+00,-1.002586280868128954e+00,-1.002851091181497400e+00,-1.002942535627635134e+00,-1.002948743605029058e+00,-1.002916291432382145e+00,-1.002869082512953813e+00,-1.002819030141780310e+00,-1.002771901368064933e+00,-1.002730409206860074e+00,-1.002695795290704295e+00,-1.002668613571946921e+00,-1.002649105586762568e+00,-1.002637374052059549e+00,-1.002633459908810032e+00,-1.000000000000000000e+00,-1.000000000000000000e+00,-1.000000000000000000e+00,-1.000000000000000000e+00,-1.000000000000000000e+00,-1.000000000000000000e+00,-1.000000000000000000e+00,-1.000000000000000000e+00,-1.000000000000000000e+00,-1.000000000000000000e+00,-1.000000000000000000e+00,-1.000000000000000000e+00,-1.000000000000000000e+00,-1.000000000000000000e+00,-1.000000000000000000e+00,-1.000000000000000000e+00,-1.000000000000000000e+00,-1.000000000000000000e+00,-1.000000000000000000e+00,-1.000000000000000000e+00,-1.000000000000000000e+00,-1.000000000000000000e+00,-1.000000000000000000e+00,-1.000000000000000000e+00,-1.000000000000000000e+00,-1.000000000000000000e+00,-1.000000000000000000e+00,-1.000000000000000000e+00,-1.000000000000000000e+00,-1.000000000000000000e+00,-1.000000000000000000e+00,-1.000000000000000000e+00,-1.000000000000000000e+00,-1.000000000000000000e+00,-1.000000000000000000e+00,-1.000000000000000000e+00,-1.000000000000000000e+00,-1.000000000000000000e+00,-1.000000000000000000e+00,-1.000000000000000000e+00,-1.000000000000000000e+00,-1.000000000000000000e+00,-1.000000000000000000e+00,-1.000000000000000000e+00,-1.000000000000000000e+00,-1.000000000000000000e+00
-1.000000000000000000e+00,-1.000000000000000000e+00,-1.000000000000000000e+00,-1.000000000000000000e+00,-1.000000000000000000e+00,-1.000000000000000000e+00,-1.000000000000000000e+00,-1.000000000000000000e+00,-1.000000000000000000e+00,-1.000000000000000000e+00,-1.000000000000000000e+00,-1.000000000000000000e+00,-1.000000000000000000e+00,-1.000000000000000000e+00,-1.000000000000000000e+00,-1.000000000000000000e+00,-1.000000000000000000e+00,-1.000000000000000000e+00,-1.000000000000000000e+00,-1.000000000000000000e+00,-1.000000000000000000e+00,-1.000000000000000000e+00,-1.000000000000000000e+00,-1.000000000000000000e+00,-1.000000000000000000e+00,-1.000000000000000000e+00,-1.000000000000000000e+00,-1.000000000000000000e+00,-1.000000000000000000e+00,-1.000000000000000000e+00,-1.000000000000000000e+00,-1.000000000000000000e+00,-1.000000000000000000e+00,-1.000000000000000000e+00,-1.000000000000000000e+00,-1.000000000000000000e+00,-1.000000000000000000e+00,-1.000000000000000000e+00,-1.000000000000000000e+00,-1.000000000000000000e+00,-1.000000000000000000e+00,-1.000000000000000000e+00,-1.000000000000000000e+00,-1.000000000000000000e+00,-1.000000000000000000e+00,-1.000000000000000000e+00,-1.002730901167165456e+00,-1.002734819391654986e+00,-1.002746563080271658e+00,-1.002766090798762111e+00,-1.002793299562241280e+00,-1.002827947431624178e+00,-1.002869479913412132e+00,-1.002916654914150607e+00,-1.002966759110720529e+00,-1.003014025537876996e+00,-1.003046541952467896e+00,-1.003040407989724381e+00,-1.002949054186414113e+00,-1.002684365240518849e+00,-1.002084474958856219e+00,-1.000860901014086313e+00,-9.985156110698236720e-01,-9.942184124430072378e-01,-9.866414165260556368e-01,-9.737717401335563849e-01,-9.527924426955766135e-01,-9.202893466507083842e-01,-8.733941833848398728e-01,-8.130284705013363089e-01,-7.504399565480517342e-01,-7.130452877856461313e-01,-7.130452877423500979e-01,-7.504399564581051285e-01,-8.130284704388135442e-01,-8.733941833670566535e-01,-9.202893466298435188e-01,-9.527924426323074458e-01,-9.737717400364056530e-01,-9.866414164035582912e-01,-9.942184122512857103e-01,-9.985156107592119135e-01,-1.000860900623217198e+00,-1.002084474577426887e+00,-1.002684364891358815e+00,-1.002949053842819405e+00,-1.003040407659411715e+00,-1.003046541651981594e+00,-1.003014025242827012e+00,-1.002966758792944502e+00,-1.002916654591316403e+00,-1.002869479600144054e+00,-1.002827947183386303e+00,-1.002793299453513587e+00,-1.002766090844135594e+00,-1.002746563330503049e+00,-1.002734819990920068e+00,-1.002730901936461860e+00,-1.000000000000000000e+00,-1.000000000000000000e+00,-1.000000000000000000e+00,-1.000000000000000000e+00,-1.000000000000000000e+00,-1.000000000000000000e+00,-1.000000000000000000e+00,-1.000000000000000000e+00,-1.000000000000000000e+00,-1.000000000000000000e+00,-1.000000000000000000e+00,-1.000000000000000000e+00,-1.000000000000000000e+00,-1.000000000000000000e+00,-1.000000000000000000e+00,-1.000000000000000000e+00,-1.000000000000000000e+00,-1.000000000000000000e+00,-1.000000000000000000e+00,-1.000000000000000000e+00,-1.000000000000000000e+00,-1.000000000000000000e+00,-1.000000000000000000e+00,-1.000000000000000000e+00,-1.000000000000000000e+00,-1.000000000000000000e+00,-1.000000000000000000e+00,-1.000000000000000000e+00,-1.000000000000000000e+00,-1.000000000000000000e+00,-1.000000000000000000e+00,-1.000000000000000000e+00,-1.000000000000000000e+00,-1.000000000000000000e+00,-1.000000000000000000e+00,-1.000000000000000000e+00,-1.000000000000000000e+00,-1.000000000000000000e+00,-1.000000000000000000e+00,-1.000000000000000000e+00,-1.000000000000000000e+00,-1.000000000000000000e+00,-1.000000000000000000e+00,-1.000000000000000000e+00,-1.000000000000000000e+00,-1.000000000000000000e+00
-1.000000000000000000e+00,-1.000000000000000000e+00,-1.000000000000000000e+00,-1.000000000000000000e+00,-1.000000000000000000e+00,-1.000000000000000000e+00,-1.000000000000000000e+00,-1.000000000000000000e+00,-1.000000000000000000e+00,-1.000000000000000000e+00,-1.000000000000000000e+00,-1.000000000000000000e+00,-1.000000000000000000e+00,-1.000000000000000000e+00,-1.000000000000000000e+00,-1.000000000000000000e+00,-1.000000000000000000e+00,-1.000000000000000000e+00,-1.000000000000000000e+00,-1.000000000000000000e+00,-1.000000000000000000e+00,-1.000000000000000000e+00,-1.000000000000000000e+00,-1.000000000000000000e+00,-1.000000000000000000e+00,-1.000000000000000000e+00,-1.000000000000000000e+00,-1.000000000000000000e+00,-1.000000000000000000e+00,-1.000000000000000000e+00,-1.000000000000000000e+00,-1.000000000000000000e+00,-1.000000000000000000e+00,-1.000000000000000000e+00,-1.000000000000000000e+00,-1.000000000000000000e+00,-1.000000000000000000e+00,-1.000000000000000000e+00,-1.000000000000000000e+00,-1.000000000000000000e+00,-1.000000000000000000e+00,-1.000000000000000000e+00,-1.000000000000000000e+00,-1.000000000000000000e+00,-1.000000000000000000e+00,-1.000000000000000000e+00,-1.002835440521792743e+00,-1.002839363260423111e+00,-1.002851120539424823e+00,-1.002870670660443997e+00,-1.002897910267592785e+00,-1.002932596929587472e+00,-1.002974175563593695e+00,-1.003021403504569475e+00,-1.003071567036749379e+00,-1.003118899231244310e+00,-1.003151488887131570e+00,-1.003145438842076631e+00,-1.003054187018197263e+00,-1.002789633208974296e+00,-1.002189940161471560e+00,-1.000966678461341575e+00,-9.986219083851091138e-01,-9.943255923093321513e-01,-9.867500882827253683e-01,-9.738828803157036917e-01,-9.529075238085912281e-01,-9.204104046145904494e-01,-8.735236557267562763e-01,-8.131684800330374330e-01,-7.505906150394473508e-01,-7.132023136828944399e-01,-7.132023136310146061e-01,-7.505906149259828908e-01,-8.131684799379264028e-01,-8.735236556853527290e-01,-9.204104045928527267e-01,-9.529075237435195023e-01,-9.738828801740675445e-01,-9.867500880942990937e-01,-9.943255921022200461e-01,-9.986219081061147307e-01,-1.000966678072546356e+00,-1.002189939727568202e+00,-1.002789632786073026e+00,-1.003054186610002674e+00,-1.003145438464464467e+00,-1.003151488539831382e+00,-1.003118898903340828e+00,-1.003071566694298422e+00,-1.003021403142008161e+00,-1.002974175164136561e+00,-1.002932596546795674e+00,-1.002897909999853399e+00,-1.002870670547435505e+00,-1.002851120635928517e+00,-1.002839363734536748e+00,-1.002835441198141275e+00,-1.000000000000000000e+00,-1.000000000000000000e+00,-1.000000000000000000e+00,-1.000000000000000000e+00,-1.000000000000000000e+00,-1.000000000000000000e+00,-1.000000000000000000e+00,-1.000000000000000000e+00,-1.000000000000000000e+00,-1.000000000000000000e+00,-1.000000000000000000e+00,-1.000000000000000000e+00,-1.000000000000000000e+00,-1.000000000000000000e+00,-1.000000000000000000e+00,-1.000000000000000000e+00,-1.000000000000000000e+00,-1.000000000000000000e+00,-1.000000000000000000e+00,-1.000000000000000000e+00,-1.000000000000000000e+00,-1.000000000000000000e+00,-1.000000000000000000e+00,-1.000000000000000000e+00,-1.000000000000000000e+00,-1.000000000000000000e+00,-1.000000000000000000e+00,-1.000000000000000000e+00,-1.000000000000000000e+00,-1.000000000000000000e+00,-1.000000000000000000e+00,-1.000000000000000000e+00,-1.000000000000000000e+00,-1.000000000000000000e+00,-1.000000000000000000e+00,-1.000000000000000000e+00,-1.000000000000000000e+00,-1.000000000000000000e+00,-1.000000000000000000e+00,-1.000000000000000000e+00,-1.000000000000000000e+00,-1.000000000000000000e+00,-1.000000000000000000e+00,-1.000000000000000000e+00,-1.000000000000000000e+00,-1.000000000000000000e+00
-1.000000000000000000e+00,-1.000000000000000000e+00,-1.000000000000000000e+00,-1.000000000000000000e+00,-1.000000000000000000e+00,-1.000000000000000000e+00,-1.000000000000000000e+00,-1.000000000000000000e+00,-1.000000000000000000e+00,-1.000000000000000000e+00,-1.000000000000000000e+00,-1.000000000000000000e+00,-1.000000000000000000e+00,-1.000000000000000000e+00,-1.000000000000000000e+00,-1.000000000000000000e+00,-1.000000000000000000e+00,-1.000000000000000000e+00,-1.000000000000000000e+00,-1.000000000000000000e+00,-1.000000000000000000e+00,-1.000000000000000000e+00,-1.000000000000000000e+00,-1.000000000000000000e+00,-1.000000000000000000e+00,-1.000000000000000000e+00,-1.000000000000000000e+00,-1.000000000000000000e+00,-1.000000000000000000e+00,-1.000000000000000000e+00,-1.000000000000000000e+00,-1.000000000000000000e+00,-1.000000000000000000e+00,-1.000000000000000000e+00,-1.000000000000000000e+00,-1.000000000000000000e+00,-1.000000000000000000e+00,-1.000000000000000000e+00,-1.000000000000000000e+00,-1.000000000000000000e+00,-1.000000000000000000e+00,-1.000000000000000000e+00,-1.000000000000000000e+00,-1.000000000000000000e+00,-1.000000000000000000e+00,-1.000000000000000000e+00,-1.002947049147421499e+00,-1.002950977055617754e+00,-1.002962749870305093e+00,-1.002982325610882963e+00,-1.003009600502177134e+00,-1.003044331542523260e+00,-1.003085962980389878e+00,-1.003133251480217591e+00,-1.003183482835026785e+00,-1.003230890093004257e+00,-1.003263563109237921e+00,-1.003257608080356578e+00,-1.003166470761539308e+00,-1.002902067042274581e+00,-1.002302590594997822e+00,-1.001079668583112925e+00,-9.987354603336980885e-01,-9.944400940746686013e-01,-9.868661916411446411e-01,-9.740016296300161303e-01,-9.530304935192408511e-01,-9.205397710335170292e-01,-8.736620236543379825e-01,-8.133181167749294893e-01,-7.507516376218169585e-01,-7.133701440010087325e-01,-7.133701439405614186e-01,-7.507516374871729958e-01,-8.133181166446405985e-01,-8.736620235676384461e-01,-9.205397709825351438e-01,-9.530304934516998783e-01,-9.740016294759402671e-01,-9.868661914018733716e-01,-9.944400938170211424e-01,-9.987354600554065875e-01,-1.001079668228257891e+00,-1.002302590178729691e+00,-1.002902066605758424e+00,-1.003166470316994463e+00,-1.003257607650346772e+00,-1.003263562688117227e+00,-1.003230889681034022e+00,-1.003183482414096162e+00,-1.003133251049915131e+00,-1.003085962527216823e+00,-1.003044331099860464e+00,-1.003009600147052760e+00,-1.002982325384129458e+00,-1.002962749806842524e+00,-1.002950977316557912e+00,-1.002947049587809225e+00,-1.000000000000000000e+00,-1.000000000000000000e+00,-1.000000000000000000e+00,-1.000000000000000000e+00,-1.000000000000000000e+00,-1.000000000000000000e+00,-1.000000000000000000e+00,-1.000000000000000000e+00,-1.000000000000000000e+00,-1.000000000000000000e+00,-1.000000000000000000e+00,-1.000000000000000000e+00,-1.000000000000000000e+00,-1.000000000000000000e+00,-1.000000000000000000e+00,-1.000000000000000000e+00,-1.000000000000000000e+00,-1.000000000000000000e+00,-1.000000000000000000e+00,-1.000000000000000000e+00,-1.000000000000000000e+00,-1.000000000000000000e+00,-1.000000000000000000e+00,-1.000000000000000000e+00,-1.000000000000000000e+00,-1.000000000000000000e+00,-1.000000000000000000e+00,-1.000000000000000000e+00,-1.000000000000000000e+00,-1.000000000000000000e+00,-1.000000000000000000e+00,-1.000000000000000000e+00,-1.000000000000000000e+00,-1.000000000000000000e+00,-1.000000000000000000e+00,-1.000000000000000000e+00,-1.000000000000000000e+00,-1.000000000000000000e+00,-1.000000000000000000e+00,-1.000000000000000000e+00,-1.000000000000000000e+00,-1.000000000000000000e+00,-1.000000000000000000e+00,-1.000000000000000000e+00,-1.000000000000000000e+00,-1.000000000000000000e+00
-1.000000000000000000e+00,-1.000000000000000000e+00,-1.000000000000000000e+00,-1.000000000000000000e+00,-1.000000000000000000e+00,-1.000000000000000000e+00,-1.000000000000000000e+00,-1.000000000000000000e+00,-1.000000000000000000e+00,-1.000000000000000000e+00,-1.000000000000000000e+00,-1.000000000000000000e+00,-1.000000000000000000e+00,-1.000000000000000000e+00,-1.000000000000000000e+00,-1.000000000000000000e+00,-1.000000000000000000e+00,-1.000000000000000000e+00,-1.000000000000000000e+00,-1.000000000000000000e+00,-1.000000000000000000e+00,-1.000000000000000000e+00,-1.000000000000000000e+00,-1.000000000000000000e+00,-1.000000000000000000e+00,-1.000000000000000000e+00,-1.000000000000000000e+00,-1.000000000000000000e+00,-1.000000000000000000e+00,-1.000000000000000000e+00,-1.000000000000000000e+00,-1.000000000000000000e+00,-1.000000000000000000e+00,-1.000000000000000000e+00,-1.000000000000000000e+00,-1.000000000000000000e+00,-1.000000000000000000e+00,-1.000000000000000000e+00,-1.000000000000000000e+00,-1.000000000000000000e+00,-1.000000000000000000e+00,-1.000000000000000000e+00,-1.000000000000000000e+00,-1.000000000000000000e+00,-1.000000000000000000e+00,-1.000000000000000000e+00,-1.003065696101516080e+00,-1.003069629926847339e+00,-1.003081420478402430e+00,-1.003101025471211827e+00,-1.003128340653901995e+00,-1.003163122366015791e+00,-1.003204814098345388e+00,-1.003252171743669319e+00,-1.003302480496217841e+00,-1.003349973296134401e+00,-1.003382741044892335e+00,-1.003376893443274742e+00,-1.003285884515627613e+00,-1.003021647228146573e+00,-1.002422408148306410e+00,-1.001199854687992996e+00,-9.988562516858964235e-01,-9.945619040312086989e-01,-9.869897144919411724e-01,-9.741279776672852053e-01,-9.531613432125558560e-01,-9.206774390974421518e-01,-8.738092820115276327e-01,-8.134773768543531736e-01,-7.509230211813318068e-01,-7.135487760150101000e-01,-7.135487759436450750e-01,-7.509230210248046822e-01,-8.134773766997911437e-01,-8.738092818879349410e-01,-9.206774389994303309e-01,-9.531613431177089479e-01,-9.741279775201083790e-01,-9.869897142564353354e-01,-9.945619037409033636e-01,-9.988562513740177895e-01,-1.001199854338063577e+00,-1.002422407747806332e+00,-1.003021646790129617e+00,-1.003285884060135524e+00,-1.003376892988349978e+00,-1.003382740582653421e+00,-1.003349972816030222e+00,-1.003302479979015782e+00,-1.003252171191143960e+00,-1.003204813538385531e+00,-1.003163121850033646e+00,-1.003128340250340145e+00,-1.003101025210187069e+00,-1.003081420345706798e+00,-1.003069630021712788e+00,-1.003065696290359465e+00,-1.000000000000000000e+00,-1.000000000000000000e+00,-1.000000000000000000e+00,-1.000000000000000000e+00,-1.000000000000000000e+00,-1.000000000000000000e+00,-1.000000000000000000e+00,-1.000000000000000000e+00,-1.000000000000000000e+00,-1.000000000000000000e+00,-1.000000000000000000e+00,-1.000000000000000000e+00,-1.000000000000000000e+00,-1.000000000000000000e+00,-1.000000000000000000e+00,-1.000000000000000000e+00,-1.000000000000000000e+00,-1.000000000000000000e+00,-1.000000000000000000e+00,-1.000000000000000000e+00,-1.000000000000000000e+00,-1.000000000000000000e+00,-1.000000000000000000e+00,-1.000000000000000000e+00,-1.000000000000000000e+00,-1.000000000000000000e+00,-1.000000000000000000e+00,-1.000000000000000000e+00,-1.000000000000000000e+00,-1.000000000000000000e+00,-1.000000000000000000e+00,-1.000000000000000000e+00,-1.000000000000000000e+00,-1.000000000000000000e+00,-1.000000000000000000e+00,-1.000000000000000000e+00,-1.000000000000000000e+00,-1.000000000000000000e+00,-1.000000000000000000e+00,-1.000000000000000000e+00,-1.000000000000000000e+00,-1.000000000000000000e+00,-1.000000000000000000e+00,-1.000000000000000000e+00,-1.000000000000000000e+00,-1.000000000000000000e+00
-1.000000000000000000e+00,-1.000000000000000000e+00,-1.000000000000000000e+00,-1.000000000000000000e+00,-1.000000000000000000e+00,-1.000000000000000000e+00,-1.000000000000000000e+00,-1.000000000000000000e+00,-1.000000000000000000e+00,-1.000000000000000000e+00,-1.000000000000000000e+00,-1.000000000000000000e+00,-1.000000000000000000e+00,-1.000000000000000000e+00,-1.000000000000000000e+00,-1.000000000000000000e+00,-1.000000000000000000e+00,-1.000000000000000000e+00,-1.000000000000000000e+00,-1.000000000000000000e+00,-1.000000000000000000e+00,-1.000000000000000000e+00,-1.000000000000000000e+00,-1.000000000000000000e+00,-1.000000000000000000e+00,-1.000000000000000000e+00,-1.000000000000000000e+00,-1.000000000000000000e+00,-1.000000000000000000e+00,-1.000000000000000000e+00,-1.000000000000000000e+00,-1.000000000000000000e+00,-1.000000000000000000e+00,-1.000000000000000000e+00,-1.000000000000000000e+00,-1.000000000000000000e+00,-1.000000000000000000e+00,-1.000000000000000000e+00,-1.000000000000000000e+00,-1.000000000000000000e+00,-1.000000000000000000e+00,-1.000000000000000000e+00,-1.000000000000000000e+00,-1.000000000000000000e+00,-1.000000000000000000e+00,-1.000000000000000000e+00,-1.003191347317931248e+00,-1.003195287903430044e+00,-1.003207098674855802e+00,-1.003226737014071279e+00,-1.003254098130132999e+00,-1.003288937616043208e+00,-1.003330698101869478e+00,-1.003378134584160142e+00,-1.003428531531203705e+00,-1.003476121673970267e+00,-1.003508996934523667e+00,-1.003503270640579759e+00,-1.003412405503995020e+00,-1.003148352545868205e+00,-1.002549373194637772e+00,-1.001327218769649363e+00,-9.989842660889094450e-01,-9.946910075430720477e-01,-9.871206440034598906e-01,-9.742619134944655590e-01,-9.533000639423090394e-01,-9.208234018677147192e-01,-8.739654257158975259e-01,-8.136462566576566635e-01,-7.511047630178455670e-01,-7.137382075099494294e-01,-7.137382074255960163e-01,-7.511047628372790053e-01,-8.136462564923456764e-01,-8.739654255888626988e-01,-9.208234017491409018e-01,-9.533000638116918557e-01,-9.742619133313034085e-01,-9.871206437810969847e-01,-9.946910072564408845e-01,-9.989842657533024584e-01,-1.001327218400849706e+00,-1.002549372787731707e+00,-1.003148352095143858e+00,-1.003412405032924282e+00,-1.003503270154266769e+00,-1.003508996441357493e+00,-1.003476121165881141e+00,-1.003428530970595256e+00,-1.003378133933514826e+00,-1.003330697409329897e+00,-1.003288936971983070e+00,-1.003254097632889197e+00,-1.003226736708048961e+00,-1.003207098513235751e+00,-1.003195287903563271e+00,-1.003191347331428895e+00,-1.000000000000000000e+00,-1.000000000000000000e+00,-1.000000000000000000e+00,-1.000000000000000000e+00,-1.000000000000000000e+00,-1.000000000000000000e+00,-1.000000000000000000e+00,-1.000000000000000000e+00,-1.000000000000000000e+00,-1.000000000000000000e+00,-1.000000000000000000e+00,-1.000000000000000000e+00,-1.000000000000000000e+00,-1.000000000000000000e+00,-1.000000000000000000e+00,-1.000000000000000000e+00,-1.000000000000000000e+00,-1.000000000000000000e+00,-1.000000000000000000e+00,-1.000000000000000000e+00,-1.000000000000000000e+00,-1.000000000000000000e+00,-1.000000000000000000e+00,-1.000000000000000000e+00,-1.000000000000000000e+00,-1.000000000000000000e+00,-1.000000000000000000e+00,-1.000000000000000000e+00,-1.000000000000000000e+00,-1.000000000000000000e+00,-1.000000000000000000e+00,-1.000000000000000000e+00,-1.000000000000000000e+00,-1.000000000000000000e+00,-1.000000000000000000e+00,-1.000000000000000000e+00,-1.000000000000000000e+00,-1.000000000000000000e+00,-1.000000000000000000e+00,-1.000000000000000000e+00,-1.000000000000000000e+00,-1.000000000000000000e+00,-1.000000000000000000e+00,-1.000000000000000000e+00,-1.000000000000000000e+00,-1.000000000000000000e+00
-1.000000000000000000e+00,-1.000000000000000000e+00,-1.000000000000000000e+00,-1.000000000000000000e+00,-1.000000000000000000e+00,-1.000000000000000000e+00,-1.000000000000000000e+00,-1.000000000000000000e+00,-1.000000000000000000e+00,-1.000000000000000000e+00,-1.000000000000000000e+00,-1.000000000000000000e+00,-1.000000000000000000e+00,-1.000000000000000000e+00,-1.000000000000000000e+00,-1.000000000000000000e+00,-1.000000000000000000e+00,-1.000000000000000000e+00,-1.000000000000000000e+00,-1.000000000000000000e+00,-1.000000000000000000e+00,-1.000000000000000000e+00,-1.000000000000000000e+00,-1.000000000000000000e+00,-1.000000000000000000e+00,-1.000000000000000000e+00,-1.000000000000000000e+00,-1.000000000000000000e+00,-1.000000000000000000e+00,-1.000000000000000000e+00,-1.000000000000000000e+00,-1.000000000000000000e+00,-1.000000000000000000e+00,-1.000000000000000000e+00,-1.000000000000000000e+00,-1.000000000000000000e+00,-1.000000000000000000e+00,-1.000000000000000000e+00,-1.000000000000000000e+00,-1.000000000000000000e+00,-1.000000000000000000e+00,-1.000000000000000000e+00,-1.000000000000000000e+00,-1.000000000000000000e+00,-1.000000000000000000e+00,-1.000000000000000000e+00,-1.003323965242481908e+00,-1.003327913537458649e+00,-1.003339747333754639e+00,-1.003359423645473480e+00,-1.003386837061378545e+00,-1.003421742327508692e+00,-1.003463581098419599e+00,-1.003511107339085440e+00,-1.003561604646040273e+00,-1.003609305415069208e+00,-1.003642302547906651e+00,-1.003636713108132295e+00,-1.003546008886250229e+00,-1.003282159911415894e+00,-1.002683464435325078e+00,-1.001461741350499812e+00,-9.991194859240449810e-01,-9.948273889042739127e-01,-9.872589664786567409e-01,-9.744034255451321513e-01,-9.534466463753989984e-01,-9.209776522690832357e-01,-8.741304497936286388e-01,-8.138247528890587557e-01,-7.512968608967883766e-01,-7.139384368200696329e-01,-7.139384367321248703e-01,-7.512968607079419936e-01,-8.138247527210331622e-01,-8.741304496738593333e-01,-9.209776521555199658e-01,-9.534466462303030632e-01,-9.744034253606228546e-01,-9.872589662574074998e-01,-9.948273886348296680e-01,-9.991194855891408766e-01,-1.001461740964727953e+00,-1.002683464011010050e+00,-1.003282159440588961e+00,-1.003546008387454114e+00,-1.003636712569605738e+00,-1.003642301993446839e+00,-1.003609304865130225e+00,-1.003561604071631086e+00,-1.003511106659749963e+00,-1.003463580332293104e+00,-1.003421741566474346e+00,-1.003386836435294471e+00,-1.003359423236384718e+00,-1.003339747102963919e+00,-1.003327913442979780e+00,-1.003323965127872919e+00,-1.000000000000000000e+00,-1.000000000000000000e+00,-1.000000000000000000e+00,-1.000000000000000000e+00,-1.000000000000000000e+00,-1.000000000000000000e+00,-1.000000000000000000e+00,-1.000000000000000000e+00,-1.000000000000000000e+00,-1.000000000000000000e+00,-1.000000000000000000e+00,-1.000000000000000000e+00,-1.000000000000000000e+00,-1.000000000000000000e+00,-1.000000000000000000e+00,-1.000000000000000000e+00,-1.000000000000000000e+00,-1.000000000000000000e+00,-1.000000000000000000e+00,-1.000000000000000000e+00,-1.000000000000000000e+00,-1.000000000000000000e+00,-1.000000000000000000e+00,-1.000000000000000000e+00,-1.000000000000000000e+00,-1.000000000000000000e+00,-1.000000000000000000e+00,-1.000000000000000000e+00,-1.000000000000000000e+00,-1.000000000000000000e+00,-1.000000000000000000e+00,-1.000000000000000000e+00,-1.000000000000000000e+00,-1.000000000000000000e+00,-1.000000000000000000e+00,-1.000000000000000000e+00,-1.000000000000000000e+00,-1.000000000000000000e+00,-1.000000000000000000e+00,-1.000000000000000000e+00,-1.000000000000000000e+00,-1.000000000000000000e+00,-1.000000000000000000e+00,-1.000000000000000000e+00,-1.000000000000000000e+00,-1.000000000000000000e+00
-1.000000000000000000e+00,-1.000000000000000000e+00,-1.000000000000000000e+00,-1.000000000000000000e+00,-1.000000000000000000e+00,-1.000000000000000000e+00,-1.000000000000000000e+00,-1.000000000000000000e+00,-1.000000000000000000e+00,-1.000000000000000000e+00,-1.000000000000000000e+00,-1.000000000000000000e+00,-1.000000000000000000e+00,-1.000000000000000000e+00,-1.000000000000000000e+00,-1.000000000000000000e+00,-1.000000000000000000e+00,-1.000000000000000000e+00,-1.000000000000000000e+00,-1.000000000000000000e+00,-1.000000000000000000e+00,-1.000000000000000000e+00,-1.000000000000000000e+00,-1.000000000000000000e+00,-1.000000000000000000e+00,-1.000000000000000000e+00,-1.000000000000000000e+00,-1.000000000000000000e+00,-1.000000000000000000e+00,-1.000000000000000000e+00,-1.000000000000000000e+00,-1.000000000000000000e+00,-1.000000000000000000e+00,-1.000000000000000000e+00,-1.000000000000000000e+00,-1.000000000000000000e+00,-1.000000000000000000e+00,-1.000000000000000000e+00,-1.000000000000000000e+00,-1.000000000000000000e+00,-1.000000000000000000e+00,-1.000000000000000000e+00,-1.000000000000000000e+00,-1.000000000000000000e+00,-1.000000000000000000e+00,-1.000000000000000000e+00,-1.003463508424261796e+00,-1.003467465493356858e+00,-1.003479325469910366e+00,-1.003499044959128783e+00,-1.003526517840608534e+00,-1.003561497904147837e+00,-1.003603425693709417e+00,-1.003651053991019504e+00,-1.003701665362042972e+00,-1.003749491717947251e+00,-1.003782626865417082e+00,-1.003777191687039272e+00,-1.003686667430558455e+00,-1.003423044070530734e+00,-1.002824658623869158e+00,-1.001603401222507239e+00,-9.992618920728736365e-01,-9.949710311550420405e-01,-9.874046672095203592e-01,-9.745525014860025870e-01,-9.536010806692661879e-01,-9.211401829819222398e-01,-8.743043492960245189e-01,-8.140128625369860149e-01,-7.514993130724617609e-01,-7.141494628739079031e-01,-7.141494627919606764e-01,-7.514993128911179321e-01,-8.140128623691063048e-01,-8.743043491804735057e-01,-9.211401828837459949e-01,-9.536010805344835584e-01,-9.745525012992962699e-01,-9.874046669889213756e-01,-9.949710308965638017e-01,-9.992618917522723132e-01,-1.001603400836004187e+00,-1.002824658177873252e+00,-1.003423043575246920e+00,-1.003686666903520264e+00,-1.003777191098329080e+00,-1.003782626224146490e+00,-1.003749491075801803e+00,-1.003701664736711630e+00,-1.003651053302426321e+00,-1.003603424915515907e+00,-1.003561497093760302e+00,-1.003526517129407880e+00,-1.003499044449318589e+00,-1.003479325141285683e+00,-1.003467465268716774e+00,-1.003463508165602702e+00,-1.000000000000000000e+00,-1.000000000000000000e+00,-1.000000000000000000e+00,-1.000000000000000000e+00,-1.000000000000000000e+00,-1.000000000000000000e+00,-1.000000000000000000e+00,-1.000000000000000000e+00,-1.000000000000000000e+00,-1.000000000000000000e+00,-1.000000000000000000e+00,-1.000000000000000000e+00,-1.000000000000000000e+00,-1.000000000000000000e+00,-1.000000000000000000e+00,-1.000000000000000000e+00,-1.000000000000000000e+00,-1.000000000000000000e+00,-1.000000000000000000e+00,-1.000000000000000000e+00,-1.000000000000000000e+00,-1.000000000000000000e+00,-1.000000000000000000e+00,-1.000000000000000000e+00,-1.000000000000000000e+00,-1.000000000000000000e+00,-1.000000000000000000e+00,-1.000000000000000000e+00,-1.000000000000000000e+00,-1.000000000000000000e+00,-1.000000000000000000e+00,-1.000000000000000000e+00,-1.000000000000000000e+00,-1.000000000000000000e+00,-1.000000000000000000e+00,-1.000000000000000000e+00,-1.000000000000000000e+00,-1.000000000000000000e+00,-1.000000000000000000e+00,-1.000000000000000000e+00,-1.000000000000000000e+00,-1.000000000000000000e+00,-1.000000000000000000e+00,-1.000000000000000000e+00,-1.000000000000000000e+00,-1.000000000000000000e+00
-1.000000000000000000e+00,-1.000000000000000000e+00,-1.000000000000000000e+00,-1.000000000000000000e+00,-1.000000000000000000e+00,-1.000000000000000000e+00,-1.000000000000000000e+00,-1.000000000000000000e+00,-1.000000000000000000e+00,-1.000000000000000000e+00,-1.000000000000000000e+00,-1.000000000000000000e+00,-1.000000000000000000e+00,-1.000000000000000000e+00,-1.000000000000000000e+00,-1.000000000000000000e+00,-1.000000000000000000e+00,-1.000000000000000000e+00,-1.000000000000000000e+00,-1.000000000000000000e+00,-1.000000000000000000e+00,-1.000000000000000000e+00,-1.000000000000000000e+00,-1.000000000000000000e+00,-1.000000000000000000e+00,-1.000000000000000000e+00,-1.000000000000000000e+00,-1.000000000000000000e+00,-1.000000000000000000e+00,-1.000000000000000000e+00,-1.000000000000000000e+00,-1.000000000000000000e+00,-1.000000000000000000e+00,-1.000000000000000000e+00,-1.000000000000000000e+00,-1.000000000000000000e+00,-1.000000000000000000e+00,-1.000000000000000000e+00,-1.000000000000000000e+00,-1.000000000000000000e+00,-1.000000000000000000e+00,-1.000000000000000000e+00,-1.000000000000000000e+00,-1.000000000000000000e+00,-1.000000000000000000e+00,-1.000000000000000000e+00,-1.003609930936921302e+00,-1.003613897974037661e+00,-1.003625787677290271e+00,-1.003645556193957900e+00,-1.003673096595998349e+00,-1.003708161599862203e+00,-1.003750190486534910e+00,-1.003797934675696668e+00,-1.003848675515896183e+00,-1.003896644269939298e+00,-1.003929935559586095e+00,-1.003924674138643613e+00,-1.003834351059026853e+00,-1.003570977163303457e+00,-1.002972930166843746e+00,-1.001752175096020769e+00,-9.994114635904627342e-01,-9.951219157653761194e-01,-9.875577301851199419e-01,-9.747091279560928800e-01,-9.537633562447004332e-01,-9.213109862591639665e-01,-8.744871191575386282e-01,-8.142105827600158996e-01,-7.517121181977300948e-01,-7.143712851249888196e-01,-7.143712850602770281e-01,-7.517121180442563055e-01,-8.142105825985541667e-01,-8.744871190381351411e-01,-9.213109861740349515e-01,-9.537633561385426839e-01,-9.747091277934984976e-01,-9.875577299783427909e-01,-9.951219155131680871e-01,-9.994114632794867115e-01,-1.001752174712863264e+00,-1.002972929696144710e+00,-1.003570976637516710e+00,-1.003834350499448469e+00,-1.003924673515335098e+00,-1.003929934852172856e+00,-1.003896643530585386e+00,-1.003848674797426233e+00,-1.003797933937906395e+00,-1.003750189688683569e+00,-1.003708160771430213e+00,-1.003673095851523867e+00,-1.003645555628968955e+00,-1.003625787277033332e+00,-1.003613897628427898e+00,-1.003609930535780181e+00,-1.000000000000000000e+00,-1.000000000000000000e+00,-1.000000000000000000e+00,-1.000000000000000000e+00,-1.000000000000000000e+00,-1.000000000000000000e+00,-1.000000000000000000e+00,-1.000000000000000000e+00,-1.000000000000000000e+00,-1.000000000000000000e+00,-1.000000000000000000e+00,-1.000000000000000000e+00,-1.000000000000000000e+00,-1.000000000000000000e+00,-1.000000000000000000e+00,-1.000000000000000000e+00,-1.000000000000000000e+00,-1.000000000000000000e+00,-1.000000000000000000e+00,-1.000000000000000000e+00,-1.000000000000000000e+00,-1.000000000000000000e+00,-1.000000000000000000e+00,-1.000000000000000000e+00,-1.000000000000000000e+00,-1.000000000000000000e+00,-1.000000000000000000e+00,-1.000000000000000000e+00,-1.000000000000000000e+00,-1.000000000000000000e+00,-1.000000000000000000e+00,-1.000000000000000000e+00,-1.000000000000000000e+00,-1.000000000000000000e+00,-1.000000000000000000e+00,-1.000000000000000000e+00,-1.000000000000000000e+00,-1.000000000000000000e+00,-1.000000000000000000e+00,-1.000000000000000000e+00,-1.000000000000000000e+00,-1.000000000000000000e+00,-1.000000000000000000e+00,-1.000000000000000000e+00,-1.000000000000000000e+00,-1.000000000000000000e+00
-1.000000000000000000e+00,-1.000000000000000000e+00,-1.000000000000000000e+00,-1.000000000000000000e+00,-1.000000000000000000e+00,-1.000000000000000000e+00,-1.000000000000000000e+00,-1.000000000000000000e+00,-1.000000000000000000e+00,-1.000000000000000000e+00,-1.000000000000000000e+00,-1.000000000000000000e+00,-1.000000000000000000e+00,-1.000000000000000000e+00,-1.000000000000000000e+00,-1.000000000000000000e+00,-1.000000000000000000e+00,-1.000000000000000000e+00,-1.000000000000000000e+00,-1.000000000000000000e+00,-1.000000000000000000e+00,-1.000000000000000000e+00,-1.000000000000000000e+00,-1.000000000000000000e+00,-1.000000000000000000e+00,-1.000000000000000000e+00,-1.000000000000000000e+00,-1.000000000000000000e+00,-1.000000000000000000e+00,-1.000000000000000000e+00,-1.000000000000000000e+00,-1.000000000000000000e+00,-1.000000000000000000e+00,-1.000000000000000000e+00,-1.000000000000000000e+00,-1.000000000000000000e+00,-1.000000000000000000e+00,-1.000000000000000000e+00,-1.000000000000000000e+00,-1.000000000000000000e+00,-1.000000000000000000e+00,-1.000000000000000000e+00,-1.000000000000000000e+00,-1.000000000000000000e+00,-1.000000000000000000e+00,-1.000000000000000000e+00,-1.003763181689143913e+00,-1.003767160030778260e+00,-1.003779083437343234e+00,-1.003798907541561647e+00,-1.003826524497265060e+00,-1.003861685811528126e+00,-1.003903829336149078e+00,-1.003951704942113388e+00,-1.004002592550939710e+00,-1.004050722578514687e+00,-1.004084190340526872e+00,-1.004079124494012598e+00,-1.003989026218919944e+00,-1.003725928117950916e+00,-1.003128250521851506e+00,-1.001908037010110553e+00,-9.995681771555485762e-01,-9.952800221329306529e-01,-9.877181376383606937e-01,-9.748732901664292072e-01,-9.539334614264642909e-01,-9.214900535949298588e-01,-8.746787538979370336e-01,-8.144179106369278109e-01,-7.519352751268781887e-01,-7.146039033818623043e-01,-7.146039033320783496e-01,-7.519352750022011422e-01,-8.144179104925154400e-01,-8.746787537844393778e-01,-9.214900535221952627e-01,-9.539334613501007087e-01,-9.748732900375838284e-01,-9.877181374531602831e-01,-9.952800218887493111e-01,-9.995681768504394160e-01,-1.001908036632569443e+00,-1.003128250036679825e+00,-1.003725927559651065e+00,-1.003989025612121777e+00,-1.004079123831861153e+00,-1.004084189586661457e+00,-1.004050721766692522e+00,-1.004002591743294870e+00,-1.003951704143271728e+00,-1.003903828502110684e+00,-1.003861684954691968e+00,-1.003826523721603081e+00,-1.003798906935823299e+00,-1.003779082987972249e+00,-1.003767159595126079e+00,-1.003763181178685349e+00,-1.000000000000000000e+00,-1.000000000000000000e+00,-1.000000000000000000e+00,-1.000000000000000000e+00,-1.000000000000000000e+00,-1.000000000000000000e+00,-1.000000000000000000e+00,-1.000000000000000000e+00,-1.000000000000000000e+00,-1.000000000000000000e+00,-1.000000000000000000e+00,-1.000000000000000000e+00,-1.000000000000000000e+00,-1.000000000000000000e+00,-1.000000000000000000e+00,-1.000000000000000000e+00,-1.000000000000000000e+00,-1.000000000000000000e+00,-1.000000000000000000e+00,-1.000000000000000000e+00,-1.000000000000000000e+00,-1.000000000000000000e+00,-1.000000000000000000e+00,-1.000000000000000000e+00,-1.000000000000000000e+00,-1.000000000000000000e+00,-1.000000000000000000e+00,-1.000000000000000000e+00,-1.000000000000000000e+00,-1.000000000000000000e+00,-1.000000000000000000e+00,-1.000000000000000000e+00,-1.000000000000000000e+00,-1.000000000000000000e+00,-1.000000000000000000e+00,-1.000000000000000000e+00,-1.000000000000000000e+00,-1.000000000000000000e+00,-1.000000000000000000e+00,-1.000000000000000000e+00,-1.000000000000000000e+00,-1.000000000000000000e+00,-1.000000000000000000e+00,-1.000000000000000000e+00,-1.000000000000000000e+00,-1.000000000000000000e+00
-1.000000000000000000e+00,-1.000000000000000000e+00,-1.000000000000000000e+00,-1.000000000000000000e+00,-1.000000000000000000e+00,-1.000000000000000000e+00,-1.000000000000000000e+00,-1.000000000000000000e+00,-1.000000000000000000e+00,-1.000000000000000000e+00,-1.000000000000000000e+00,-1.000000000000000000e+00,-1.000000000000000000e+00,-1.000000000000000000e+00,-1.000000000000000000e+00,-1.000000000000000000e+00,-1.000000000000000000e+00,-1.000000000000000000e+00,-1.000000000000000000e+00,-1.000000000000000000e+00,-1.000000000000000000e+00,-1.000000000000000000e+00,-1.000000000000000000e+00,-1.000000000000000000e+00,-1.000000000000000000e+00,-1.000000000000000000e+00,-1.000000000000000000e+00,-1.000000000000000000e+00,-1.000000000000000000e+00,-1.000000000000000000e+00,-1.000000000000000000e+00,-1.000000000000000000e+00,-1.000000000000000000e+00,-1.000000000000000000e+00,-1.000000000000000000e+00,-1.000000000000000000e+00,-1.000000000000000000e+00,-1.000000000000000000e+00,-1.000000000000000000e+00,-1.000000000000000000e+00,-1.000000000000000000e+00,-1.000000000000000000e+00,-1.000000000000000000e+00,-1.000000000000000000e+00,-1.000000000000000000e+00,-1.000000000000000000e+00,-1.003923203505007411e+00,-1.003927194641240916e+00,-1.003939156186702819e+00,-1.003959043194195822e+00,-1.003986746790644480e+00,-1.004022017128924915e+00,-1.004064290439270479e+00,-1.004112314828463415e+00,-1.004163368564246372e+00,-1.004211681003958079e+00,-1.004245348002780203e+00,-1.004240502113175504e+00,-1.004150654945506815e+00,-1.003887861738253839e+00,-1.003290587331865602e+00,-1.002070957507994464e+00,-9.997320062810526320e-01,-9.954453268300527125e-01,-9.878858693260087476e-01,-9.750449712220461418e-01,-9.541113828298081190e-01,-9.216773751851345953e-01,-8.748792471423344486e-01,-8.146348427211770327e-01,-7.521687824946375889e-01,-7.148473174240097539e-01,-7.148473173879028586e-01,-7.521687823975247156e-01,-8.146348425994827114e-01,-8.748792470450643677e-01,-9.216773751257860692e-01,-9.541113827742837561e-01,-9.750449711256478080e-01,-9.878858691656020596e-01,-9.954453265948581819e-01,-9.997320059781750201e-01,-1.002070957131153239e+00,-1.003290586846066423e+00,-1.003887861161301798e+00,-1.004150654294349465e+00,-1.004240501398137253e+00,-1.004245347195463989e+00,-1.004211680133127116e+00,-1.004163367691253139e+00,-1.004112313984887761e+00,-1.004064289574842173e+00,-1.004022016245936566e+00,-1.003986745985461226e+00,-1.003959042546104463e+00,-1.003939155683172268e+00,-1.003927194124508704e+00,-1.003923202910403045e+00,-1.000000000000000000e+00,-1.000000000000000000e+00,-1.000000000000000000e+00,-1.000000000000000000e+00,-1.000000000000000000e+00,-1.000000000000000000e+00,-1.000000000000000000e+00,-1.000000000000000000e+00,-1.000000000000000000e+00,-1.000000000000000000e+00,-1.000000000000000000e+00,-1.000000000000000000e+00,-1.000000000000000000e+00,-1.000000000000000000e+00,-1.000000000000000000e+00,-1.000000000000000000e+00,-1.000000000000000000e+00,-1.000000000000000000e+00,-1.000000000000000000e+00,-1.000000000000000000e+00,-1.000000000000000000e+00,-1.000000000000000000e+00,-1.000000000000000000e+00,-1.000000000000000000e+00,-1.000000000000000000e+00,-1.000000000000000000e+00,-1.000000000000000000e+00,-1.000000000000000000e+00,-1.000000000000000000e+00,-1.000000000000000000e+00,-1.000000000000000000e+00,-1.000000000000000000e+00,-1.000000000000000000e+00,-1.000000000000000000e+00,-1.000000000000000000e+00,-1.000000000000000000e+00,-1.000000000000000000e+00,-1.000000000000000000e+00,-1.000000000000000000e+00,-1.000000000000000000e+00,-1.000000000000000000e+00,-1.000000000000000000e+00,-1.000000000000000000e+00,-1.000000000000000000e+00,-1.000000000000000000e+00,-1.000000000000000000e+00
-1.000000000000000000e+00,-1.000000000000000000e+00,-1.000000000000000000e+00,-1.000000000000000000e+00,-1.000000000000000000e+00,-1.000000000000000000e+00,-1.000000000000000000e+00,-1.000000000000000000e+00,-1.000000000000000000e+00,-1.000000000000000000e+00,-1.000000000000000000e+00,-1.000000000000000000e+00,-1.000000000000000000e+00,-1.000000000000000000e+00,-1.000000000000000000e+00,-1.000000000000000000e+00,-1.000000000000000000e+00,-1.000000000000000000e+00,-1.000000000000000000e+00,-1.000000000000000000e+00,-1.000000000000000000e+00,-1.000000000000000000e+00,-1.000000000000000000e+00,-1.000000000000000000e+00,-1.000000000000000000e+00,-1.000000000000000000e+00,-1.000000000000000000e+00,-1.000000000000000000e+00,-1.000000000000000000e+00,-1.000000000000000000e+00,-1.000000000000000000e+00,-1.000000000000000000e+00,-1.000000000000000000e+00,-1.000000000000000000e+00,-1.000000000000000000e+00,-1.000000000000000000e+00,-1.000000000000000000e+00,-1.000000000000000000e+00,-1.000000000000000000e+00,-1.000000000000000000e+00,-1.000000000000000000e+00,-1.000000000000000000e+00,-1.000000000000000000e+00,-1.000000000000000000e+00,-1.000000000000000000e+00,-1.000000000000000000e+00,-1.004089931894226906e+00,-1.004093937478628851e+00,-1.004105942093763248e+00,-1.004125900136946692e+00,-1.004153701582858327e+00,-1.004189095071911897e+00,-1.004231515017325993e+00,-1.004279707531992694e+00,-1.004330948974645477e+00,-1.004379467410655202e+00,-1.004413359062050315e+00,-1.004408760338116879e+00,-1.004319193544312538e+00,-1.004056737403544508e+00,-1.003459903144747534e+00,-1.002240902390244770e+00,-9.999029201110753995e-01,-9.956178024591508802e-01,-9.880609014530015166e-01,-9.752241511072436975e-01,-9.542971043972444667e-01,-9.218729390245702371e-01,-8.750885908010581637e-01,-8.148613743123453990e-01,-7.524126380454857488e-01,-7.151015263362516805e-01,-7.151015263178812642e-01,-7.524126379801380216e-01,-8.148613742110406566e-01,-8.750885907179342116e-01,-9.218729389820301545e-01,-9.542971043600987358e-01,-9.752241510370024402e-01,-9.880609013144141528e-01,-9.956178022325764543e-01,-9.999029198102237226e-01,-1.002240902006126255e+00,-1.003459902659946446e+00,-1.004056736816279383e+00,-1.004319192860341436e+00,-1.004408759568909071e+00,-1.004413358200102691e+00,-1.004379466488763084e+00,-1.004330948056174844e+00,-1.004279706666033833e+00,-1.004231514147463367e+00,-1.004189094185796050e+00,-1.004153700761241774e+00,-1.004125899449962001e+00,-1.004105941533974367e+00,-1.004093936888375227e+00,-1.004089931233796307e+00,-1.000000000000000000e+00,-1.000000000000000000e+00,-1.000000000000000000e+00,-1.000000000000000000e+00,-1.000000000000000000e+00,-1.000000000000000000e+00,-1.000000000000000000e+00,-1.000000000000000000e+00,-1.000000000000000000e+00,-1.000000000000000000e+00,-1.000000000000000000e+00,-1.000000000000000000e+00,-1.000000000000000000e+00,-1.000000000000000000e+00,-1.000000000000000000e+00,-1.000000000000000000e+00,-1.000000000000000000e+00,-1.000000000000000000e+00,-1.000000000000000000e+00,-1.000000000000000000e+00,-1.000000000000000000e+00,-1.000000000000000000e+00,-1.000000000000000000e+00,-1.000000000000000000e+00,-1.000000000000000000e+00,-1.000000000000000000e+00,-1.000000000000000000e+00,-1.000000000000000000e+00,-1.000000000000000000e+00,-1.000000000000000000e+00,-1.000000000000000000e+00,-1.000000000000000000e+00,-1.000000000000000000e+00,-1.000000000000000000e+00,-1.000000000000000000e+00,-1.000000000000000000e+00,-1.000000000000000000e+00,-1.000000000000000000e+00,-1.000000000000000000e+00,-1.000000000000000000e+00,-1.000000000000000000e+00,-1.000000000000000000e+00,-1.000000000000000000e+00,-1.000000000000000000e+00,-1.000000000000000000e+00,-1.000000000000000000e+00
-1.000000000000000000e+00,-1.000000000000000000e+00,-1.000000000000000000e+00,-1.000000000000000000e+00,-1.000000000000000000e+00,-1.000000000000000000e+00,-1.000000000000000000e+00,-1.000000000000000000e+00,-1.000000000000000000e+00,-1.000000000000000000e+00,-1.000000000000000000e+00,-1.000000000000000000e+00,-1.000000000000000000e+00,-1.000000000000000000e+00,-1.000000000000000000e+00,-1.000000000000000000e+00,-1.000000000000000000e+00,-1.000000000000000000e+00,-1.000000000000000000e+00,-1.000000000000000000e+00,-1.000000000000000000e+00,-1.000000000000000000e+00,-1.000000000000000000e+00,-1.000000000000000000e+00,-1.000000000000000000e+00,-1.000000000000000000e+00,-1.000000000000000000e+00,-1.000000000000000000e+00,-1.000000000000000000e+00,-1.000000000000000000e+00,-1.000000000000000000e+00,-1.000000000000000000e+00,-1.000000000000000000e+00,-1.000000000000000000e+00,-1.000000000000000000e+00,-1.000000000000000000e+00,-1.000000000000000000e+00,-1.000000000000000000e+00,-1.000000000000000000e+00,-1.000000000000000000e+00,-1.000000000000000000e+00,-1.000000000000000000e+00,-1.000000000000000000e+00,-1.000000000000000000e+00,-1.000000000000000000e+00,-1.000000000000000000e+00,-1.004263293484030983e+00,-1.004267315332752597e+00,-1.004279368436047370e+00,-1.004299406462420219e+00,-1.004327318115425971e+00,-1.004362850351433689e+00,-1.004405435552230941e+00,-1.004453817595605036e+00,-1.004505270667903183e+00,-1.004554021289896237e+00,-1.004588165850480497e+00,-1.004583844554978844e+00,-1.004494590643994600e+00,-1.004232507142069686e+00,-1.003636153523255192e+00,-1.002417830876272564e+00,-1.000080881643660158e+00,-9.957974159387479318e-01,-9.882432050327530915e-01,-9.754108051373230337e-01,-9.544906059501112594e-01,-9.220767295506991923e-01,-8.753067737903524881e-01,-8.150974982523556678e-01,-7.526668375123594101e-01,-7.153665274412458475e-01,-7.153665274412207564e-01,-7.526668374812204299e-01,-8.150974981732719282e-01,-8.753067737167828932e-01,-9.220767295206258041e-01,-9.544906059314716140e-01,-9.754108050891892034e-01,-9.882432049118261563e-01,-9.957974157217991396e-01,-1.000080881346203210e+00,-1.002417830482584371e+00,-1.003636153034501266e+00,-1.004232506542784620e+00,-1.004494589936842264e+00,-1.004583843745123550e+00,-1.004588164949298035e+00,-1.004554020331072994e+00,-1.004505269723002359e+00,-1.004453816724934834e+00,-1.004405434696114874e+00,-1.004362849486807097e+00,-1.004327317306916934e+00,-1.004299405763656727e+00,-1.004279367835820391e+00,-1.004267314679356815e+00,-1.004263292762960891e+00,-1.000000000000000000e+00,-1.000000000000000000e+00,-1.000000000000000000e+00,-1.000000000000000000e+00,-1.000000000000000000e+00,-1.000000000000000000e+00,-1.000000000000000000e+00,-1.000000000000000000e+00,-1.000000000000000000e+00,-1.000000000000000000e+00,-1.000000000000000000e+00,-1.000000000000000000e+00,-1.000000000000000000e+00,-1.000000000000000000e+00,-1.000000000000000000e+00,-1.000000000000000000e+00,-1.000000000000000000e+00,-1.000000000000000000e+00,-1.000000000000000000e+00,-1.000000000000000000e+00,-1.000000000000000000e+00,-1.000000000000000000e+00,-1.000000000000000000e+00,-1.000000000000000000e+00,-1.000000000000000000e+00,-1.000000000000000000e+00,-1.000000000000000000e+00,-1.000000000000000000e+00,-1.000000000000000000e+00,-1.000000000000000000e+00,-1.000000000000000000e+00,-1.000000000000000000e+00,-1.000000000000000000e+00,-1.000000000000000000e+00,-1.000000000000000000e+00,-1.000000000000000000e+00,-1.000000000000000000e+00,-1.000000000000000000e+00,-1.000000000000000000e+00,-1.000000000000000000e+00,-1.000000000000000000e+00,-1.000000000000000000e+00,-1.000000000000000000e+00,-1.000000000000000000e+00,-1.000000000000000000e+00,-1.000000000000000000e+00
-1.000000000000000000e+00,-1.000000000000000000e+00,-1.000000000000000000e+00,-1.000000000000000000e+00,-1.000000000000000000e+00,-1.000000000000000000e+00,-1.000000000000000000e+00,-1.000000000000000000e+00,-1.000000000000000000e+00,-1.000000000000000000e+00,-1.000000000000000000e+00,-1.000000000000000000e+00,-1.000000000000000000e+00,-1.000000000000000000e+00,-1.000000000000000000e+00,-1.000000000000000000e+00,-1.000000000000000000e+00,-1.000000000000000000e+00,-1.000000000000000000e+00,-1.000000000000000000e+00,-1.000000000000000000e+00,-1.000000000000000000e+00,-1.000000000000000000e+00,-1.000000000000000000e+00,-1.000000000000000000e+00,-1.000000000000000000e+00,-1.000000000000000000e+00,-1.000000000000000000e+00,-1.000000000000000000e+00,-1.000000000000000000e+00,-1.000000000000000000e+00,-1.000000000000000000e+00,-1.000000000000000000e+00,-1.000000000000000000e+00,-1.000000000000000000e+00,-1.000000000000000000e+00,-1.000000000000000000e+00,-1.000000000000000000e+00,-1.000000000000000000e+00,-1.000000000000000000e+00,-1.000000000000000000e+00,-1.000000000000000000e+00,-1.000000000000000000e+00,-1.000000000000000000e+00,-1.000000000000000000e+00,-1.000000000000000000e+00,-1.004443203809104013e+00,-1.004447243898801689e+00,-1.004459351392540167e+00,-1.004479479148478793e+00,-1.004507514478719887e+00,-1.004543202491733345e+00,-1.004585973326199033e+00,-1.004634568372633430e+00,-1.004686259375657809e+00,-1.004735271058158075e+00,-1.004769699762679824e+00,-1.004765689409061080e+00,-1.004676784392527944e+00,-1.004415112830636891e+00,-1.003819284272176482e+00,-1.002601692881426532e+00,-1.000265845086148353e+00,-9.959841259606780906e-01,-9.884327434569540882e-01,-9.756049016417950304e-01,-9.546918609860410854e-01,-9.222887255648959393e-01,-8.755337800850033769e-01,-8.153432030913136952e-01,-7.529313728602411437e-01,-7.156423145900218108e-01,-7.156423146107304678e-01,-7.529313728669084771e-01,-8.153432030364723415e-01,-8.755337800207025900e-01,-9.222887255440518350e-01,-9.546918609875627570e-01,-9.756049016137904317e-01,-9.884327433463133694e-01,-9.959841257529743475e-01,-1.000265844794260506e+00,-1.002601692488430007e+00,-1.003819283782944272e+00,-1.004415112220574891e+00,-1.004676783668738471e+00,-1.004765688575770310e+00,-1.004769698845393355e+00,-1.004735270086301258e+00,-1.004686258425859124e+00,-1.004634567507666221e+00,-1.004585972491675250e+00,-1.004543201662648988e+00,-1.004507513705389377e+00,-1.004479478462533715e+00,-1.004459350780600113e+00,-1.004447243221348929e+00,-1.004443203060940260e+00,-1.000000000000000000e+00,-1.000000000000000000e+00,-1.000000000000000000e+00,-1.000000000000000000e+00,-1.000000000000000000e+00,-1.000000000000000000e+00,-1.000000000000000000e+00,-1.000000000000000000e+00,-1.000000000000000000e+00,-1.000000000000000000e+00,-1.000000000000000000e+00,-1.000000000000000000e+00,-1.000000000000000000e+00,-1.000000000000000000e+00,-1.000000000000000000e+00,-1.000000000000000000e+00,-1.000000000000000000e+00,-1.000000000000000000e+00,-1.000000000000000000e+00,-1.000000000000000000e+00,-1.000000000000000000e+00,-1.000000000000000000e+00,-1.000000000000000000e+00,-1.000000000000000000e+00,-1.000000000000000000e+00,-1.000000000000000000e+00,-1.000000000000000000e+00,-1.000000000000000000e+00,-1.000000000000000000e+00,-1.000000000000000000e+00,-1.000000000000000000e+00,-1.000000000000000000e+00,-1.000000000000000000e+00,-1.000000000000000000e+00,-1.000000000000000000e+00,-1.000000000000000000e+00,-1.000000000000000000e+00,-1.000000000000000000e+00,-1.000000000000000000e+00,-1.000000000000000000e+00,-1.000000000000000000e+00,-1.000000000000000000e+00,-1.000000000000000000e+00,-1.000000000000000000e+00,-1.000000000000000000e+00,-1.000000000000000000e+00
-1.000000000000000000e+00,-1.000000000000000000e+00,-1.000000000000000000e+00,-1.000000000000000000e+00,-1.000000000000000000e+00,-1.000000000000000000e+00,-1.000000000000000000e+00,-1.000000000000000000e+00,-1.000000000000000000e+00,-1.000000000000000000e+00,-1.000000000000000000e+00,-1.000000000000000000e+00,-1.000000000000000000e+00,-1.000000000000000000e+00,-1.000000000000000000e+00,-1.000000000000000000e+00,-1.000000000000000000e+00,-1.000000000000000000e+00,-1.000000000000000000e+00,-1.000000000000000000e+00,-1.000000000000000000e+00,-1.000000000000000000e+00,-1.000000000000000000e+00,-1.000000000000000000e+00,-1.000000000000000000e+00,-1.000000000000000000e+00,-1.000000000000000000e+00,-1.000000000000000000e+00,-1.000000000000000000e+00,-1.000000000000000000e+00,-1.000000000000000000e+00,-1.000000000000000000e+00,-1.000000000000000000e+00,-1.000000000000000000e+00,-1.000000000000000000e+00,-1.000000000000000000e+00,-1.000000000000000000e+00,-1.000000000000000000e+00,-1.000000000000000000e+00,-1.000000000000000000e+00,-1.000000000000000000e+00,-1.000000000000000000e+00,-1.000000000000000000e+00,-1.000000000000000000e+00,-1.000000000000000000e+00,-1.000000000000000000e+00,-1.004629564456619217e+00,-1.004633624892929511e+00,-1.004645793077573179e+00,-1.004666020990294895e+00,-1.004694194440814092e+00,-1.004730056535023008e+00,-1.004773034975984913e+00,-1.004821868433732224e+00,-1.004873825953795041e+00,-1.004923130215679361e+00,-1.004957877306130731e+00,-1.004954214774570920e+00,-1.004865698378582417e+00,-1.004604482103733876e+00,-1.004009227377920199e+00,-1.002792425023241618e+00,-1.000457751954136887e+00,-9.961778792075101086e-01,-9.886294688611453330e-01,-9.758063985067960688e-01,-9.549008334087044636e-01,-9.225088971343431421e-01,-8.757695857778934334e-01,-8.155984703017772341e-01,-7.532062296312143079e-01,-7.159288755663243409e-01,-7.159288756071203741e-01,-7.532062296751400599e-01,-8.155984702733021230e-01,-8.757695857299337971e-01,-9.225088971253808667e-01,-9.549008334281618993e-01,-9.758063984977375371e-01,-9.886294687615123644e-01,-9.961778790144727447e-01,-1.000457751670812856e+00,-1.002792424642582780e+00,-1.004009226897389695e+00,-1.004604481495295687e+00,-1.004865697648988920e+00,-1.004954213934552421e+00,-1.004957876390568883e+00,-1.004923129250829827e+00,-1.004873825016371347e+00,-1.004821867583102879e+00,-1.004773034170228785e+00,-1.004730055749565754e+00,-1.004694193713271178e+00,-1.004666020331356435e+00,-1.004645792474692767e+00,-1.004633624226224375e+00,-1.004629563712147400e+00,-1.000000000000000000e+00,-1.000000000000000000e+00,-1.000000000000000000e+00,-1.000000000000000000e+00,-1.000000000000000000e+00,-1.000000000000000000e+00,-1.000000000000000000e+00,-1.000000000000000000e+00,-1.000000000000000000e+00,-1.000000000000000000e+00,-1.000000000000000000e+00,-1.000000000000000000e+00,-1.000000000000000000e+00,-1.000000000000000000e+00,-1.000000000000000000e+00,-1.000000000000000000e+00,-1.000000000000000000e+00,-1.000000000000000000e+00,-1.000000000000000000e+00,-1.000000000000000000e+00,-1.000000000000000000e+00,-1.000000000000000000e+00,-1.000000000000000000e+00,-1.000000000000000000e+00,-1.000000000000000000e+00,-1.000000000000000000e+00,-1.000000000000000000e+00,-1.000000000000000000e+00,-1.000000000000000000e+00,-1.000000000000000000e+00,-1.000000000000000000e+00,-1.000000000000000000e+00,-1.000000000000000000e+00,-1.000000000000000000e+00,-1.000000000000000000e+00,-1.000000000000000000e+00,-1.000000000000000000e+00,-1.000000000000000000e+00,-1.000000000000000000e+00,-1.000000000000000000e+00,-1.000000000000000000e+00,-1.000000000000000000e+00,-1.000000000000000000e+00,-1.000000000000000000e+00,-1.000000000000000000e+00,-1.000000000000000000e+00
-1.000000000000000000e+00,-1.000000000000000000e+00,-1.000000000000000000e+00,-1.000000000000000000e+00,-1.000000000000000000e+00,-1.000000000000000000e+00,-1.000000000000000000e+00,-1.000000000000000000e+00,-1.000000000000000000e+00,-1.000000000000000000e+00,-1.000000000000000000e+00,-1.000000000000000000e+00,-1.000000000000000000e+00,-1.000000000000000000e+00,-1.000000000000000000e+00,-1.000000000000000000e+00,-1.000000000000000000e+00,-1.000000000000000000e+00,-1.000000000000000000e+00,-1.000000000000000000e+00,-1.000000000000000000e+00,-1.000000000000000000e+00,-1.000000000000000000e+00,-1.000000000000000000e+00,-1.000000000000000000e+00,-1.000000000000000000e+00,-1.000000000000000000e+00,-1.000000000000000000e+00,-1.000000000000000000e+00,-1.000000000000000000e+00,-1.000000000000000000e+00,-1.000000000000000000e+00,-1.000000000000000000e+00,-1.000000000000000000e+00,-1.000000000000000000e+00,-1.000000000000000000e+00,-1.000000000000000000e+00,-1.000000000000000000e+00,-1.000000000000000000e+00,-1.000000000000000000e+00,-1.000000000000000000e+00,-1.000000000000000000e+00,-1.000000000000000000e+00,-1.000000000000000000e+00,-1.000000000000000000e+00,-1.000000000000000000e+00,-1.004822259072585489e+00,-1.004826342042881571e+00,-1.004838577469210570e+00,-1.004858916400858337e+00,-1.004887243067841718e+00,-1.004923298458425984e+00,-1.004966507686750221e+00,-1.005015606515247573e+00,-1.005067861084651515e+00,-1.005117491827296483e+00,-1.005152594395383403e+00,-1.005149319905049410e+00,-1.005061235689243881e+00,-1.004800522369044158e+00,-1.004205895038005281e+00,-1.002989944731044858e+00,-1.000656525323615265e+00,-9.963786047942201352e-01,-9.888333167811249602e-01,-9.760152380613533740e-01,-9.551174726666522563e-01,-9.227372009978929146e-01,-8.760141547304306497e-01,-8.158632701263918152e-01,-7.534913829490688109e-01,-7.162261881920108930e-01,-7.162261882451073092e-01,-7.534913830238657573e-01,-8.158632701297738876e-01,-8.760141547039363985e-01,-9.227372010007970360e-01,-9.551174727008967524e-01,-9.760152380725402033e-01,-9.888333167018458214e-01,-9.963786046247350425e-01,-1.000656525055942048e+00,-1.002989944373610554e+00,-1.004205894577116398e+00,-1.004800521778712374e+00,-1.005061234965683559e+00,-1.005149319071675817e+00,-1.005152593492275814e+00,-1.005117490882039277e+00,-1.005067860169250205e+00,-1.005015605681801816e+00,-1.004966506911348922e+00,-1.004923297723128384e+00,-1.004887242395906544e+00,-1.004858915781301043e+00,-1.004838576890287660e+00,-1.004826341417399904e+00,-1.004822258364395537e+00,-1.000000000000000000e+00,-1.000000000000000000e+00,-1.000000000000000000e+00,-1.000000000000000000e+00,-1.000000000000000000e+00,-1.000000000000000000e+00,-1.000000000000000000e+00,-1.000000000000000000e+00,-1.000000000000000000e+00,-1.000000000000000000e+00,-1.000000000000000000e+00,-1.000000000000000000e+00,-1.000000000000000000e+00,-1.000000000000000000e+00,-1.000000000000000000e+00,-1.000000000000000000e+00,-1.000000000000000000e+00,-1.000000000000000000e+00,-1.000000000000000000e+00,-1.000000000000000000e+00,-1.000000000000000000e+00,-1.000000000000000000e+00,-1.000000000000000000e+00,-1.000000000000000000e+00,-1.000000000000000000e+00,-1.000000000000000000e+00,-1.000000000000000000e+00,-1.000000000000000000e+00,-1.000000000000000000e+00,-1.000000000000000000e+00,-1.000000000000000000e+00,-1.000000000000000000e+00,-1.000000000000000000e+00,-1.000000000000000000e+00,-1.000000000000000000e+00,-1.000000000000000000e+00,-1.000000000000000000e+00,-1.000000000000000000e+00,-1.000000000000000000e+00,-1.000000000000000000e+00,-1.000000000000000000e+00,-1.000000000000000000e+00,-1.000000000000000000e+00,-1.000000000000000000e+00,-1.000000000000000000e+00,-1.000000000000000000e+00
-1.000000000000000000e+00,-1.000000000000000000e+00,-1.000000000000000000e+00,-1.000000000000000000e+00,-1.000000000000000000e+00,-1.000000000000000000e+00,-1.000000000000000000e+00,-1.000000000000000000e+00,-1.000000000000000000e+00,-1.000000000000000000e+00,-1.000000000000000000e+00,-1.000000000000000000e+00,-1.000000000000000000e+00,-1.000000000000000000e+00,-1.000000000000000000e+00,-1.000000000000000000e+00,-1.000000000000000000e+00,-1.000000000000000000e+00,-1.000000000000000000e+00,-1.000000000000000000e+00,-1.000000000000000000e+00,-1.000000000000000000e+00,-1.000000000000000000e+00,-1.000000000000000000e+00,-1.000000000000000000e+00,-1.000000000000000000e+00,-1.000000000000000000e+00,-1.000000000000000000e+00,-1.000000000000000000e+00,-1.000000000000000000e+00,-1.000000000000000000e+00,-1.000000000000000000e+00,-1.000000000000000000e+00,-1.000000000000000000e+00,-1.000000000000000000e+00,-1.000000000000000000e+00,-1.000000000000000000e+00,-1.000000000000000000e+00,-1.000000000000000000e+00,-1.000000000000000000e+00,-1.000000000000000000e+00,-1.000000000000000000e+00,-1.000000000000000000e+00,-1.000000000000000000e+00,-1.000000000000000000e+00,-1.000000000000000000e+00,-1.005021147982367635e+00,-1.005025255656742056e+00,-1.005037564841322117e+00,-1.005058025635785501e+00,-1.005086520667227257e+00,-1.005122788769837738e+00,-1.005166252406471061e+00,-1.005215644340696768e+00,-1.005268227706312079e+00,-1.005318220582233080e+00,-1.005353718090098658e+00,-1.005350874915634130e+00,-1.005263270222507055e+00,-1.005003112046960467e+00,-1.004409170919391192e+00,-1.003194141608511503e+00,-1.000862061377718382e+00,-9.965862060762272767e-01,-9.890441982887643313e-01,-9.762313395766465396e-01,-9.553417066179756834e-01,-9.229735737918828287e-01,-8.762674321526889853e-01,-8.161375554676686406e-01,-7.537867916247206201e-01,-7.165342145453361677e-01,-7.165342146036784987e-01,-7.537867917217591085e-01,-8.161375555040210061e-01,-8.762674321467831540e-01,-9.229735738042234017e-01,-9.553417066647832412e-01,-9.762313396055720682e-01,-9.890441982386694031e-01,-9.965862059398369333e-01,-1.000862061138434012e+00,-1.003194141282472973e+00,-1.004409170485148772e+00,-1.005003111485133438e+00,-1.005263269515998648e+00,-1.005350874101321068e+00,-1.005353717209694908e+00,-1.005318219668391411e+00,-1.005268226819701294e+00,-1.005215643523415192e+00,-1.005166251656065324e+00,-1.005122788086614483e+00,-1.005086520055765265e+00,-1.005058025062578464e+00,-1.005037564298468133e+00,-1.005025255098239256e+00,-1.005021147339900889e+00,-1.000000000000000000e+00,-1.000000000000000000e+00,-1.000000000000000000e+00,-1.000000000000000000e+00,-1.000000000000000000e+00,-1.000000000000000000e+00,-1.000000000000000000e+00,-1.000000000000000000e+00,-1.000000000000000000e+00,-1.000000000000000000e+00,-1.000000000000000000e+00,-1.000000000000000000e+00,-1.000000000000000000e+00,-1.000000000000000000e+00,-1.000000000000000000e+00,-1.000000000000000000e+00,-1.000000000000000000e+00,-1.000000000000000000e+00,-1.000000000000000000e+00,-1.000000000000000000e+00,-1.000000000000000000e+00,-1.000000000000000000e+00,-1.000000000000000000e+00,-1.000000000000000000e+00,-1.000000000000000000e+00,-1.000000000000000000e+00,-1.000000000000000000e+00,-1.000000000000000000e+00,-1.000000000000000000e+00,-1.000000000000000000e+00,-1.000000000000000000e+00,-1.000000000000000000e+00,-1.000000000000000000e+00,-1.000000000000000000e+00,-1.000000000000000000e+00,-1.000000000000000000e+00,-1.000000000000000000e+00,-1.000000000000000000e+00,-1.000000000000000000e+00,-1.000000000000000000e+00,-1.000000000000000000e+00,-1.000000000000000000e+00,-1.000000000000000000e+00,-1.000000000000000000e+00,-1.000000000000000000e+00,-1.000000000000000000e+00
-1.000000000000000000e+00,-1.000000000000000000e+00,-1.000000000000000000e+00,-1.000000000000000000e+00,-1.000000000000000000e+00,-1.000000000000000000e+00,-1.000000000000000000e+00,-1.000000000000000000e+00,-1.000000000000000000e+00,-1.000000000000000000e+00,-1.000000000000000000e+00,-1.000000000000000000e+00,-1.000000000000000000e+00,-1.000000000000000000e+00,-1.000000000000000000e+00,-1.000000000000000000e+00,-1.000000000000000000e+00,-1.000000000000000000e+00,-1.000000000000000000e+00,-1.000000000000000000e+00,-1.000000000000000000e+00,-1.000000000000000000e+00,-1.000000000000000000e+00,-1.000000000000000000e+00,-1.000000000000000000e+00,-1.000000000000000000e+00,-1.000000000000000000e+00,-1.000000000000000000e+00,-1.000000000000000000e+00,-1.000000000000000000e+00,-1.000000000000000000e+00,-1.000000000000000000e+00,-1.000000000000000000e+00,-1.000000000000000000e+00,-1.000000000000000000e+00,-1.000000000000000000e+00,-1.000000000000000000e+00,-1.000000000000000000e+00,-1.000000000000000000e+00,-1.000000000000000000e+00,-1.000000000000000000e+00,-1.000000000000000000e+00,-1.000000000000000000e+00,-1.000000000000000000e+00,-1.000000000000000000e+00,-1.000000000000000000e+00,-1.005226060815880507e+00,-1.005230195178693053e+00,-1.005242584104178549e+00,-1.005263176787599688e+00,-1.005291854332344581e+00,-1.005328353515219764e+00,-1.005372094248960790e+00,-1.005421806389471095e+00,-1.005474750152298258e+00,-1.005525141342948903e+00,-1.005561074627027374e+00,-1.005558708399530765e+00,-1.005471634007591542e+00,-1.005212087733468485e+00,-1.004618897315919801e+00,-1.003404864737386326e+00,-1.001074216994183974e+00,-9.968005486295324902e-01,-9.892619884472295677e-01,-9.764545882616383343e-01,-9.555734310972233692e-01,-9.232179221683630699e-01,-8.765293352204486244e-01,-8.164212529423445774e-01,-7.540923895440705405e-01,-7.168528925133392793e-01,-7.168528925725889955e-01,-7.540923896535594029e-01,-8.164212530073535756e-01,-8.765293352341054778e-01,-9.232179221867992114e-01,-9.555734311524120006e-01,-9.764545883040349761e-01,-9.892619884306662614e-01,-9.968005485299671342e-01,-1.001074216794114013e+00,-1.003404864448646849e+00,-1.004618896915616011e+00,-1.005212087205329397e+00,-1.005471633326966430e+00,-1.005558707612595803e+00,-1.005561073779550174e+00,-1.005525140475803214e+00,-1.005474749305099058e+00,-1.005421805590046125e+00,-1.005372093517528542e+00,-1.005328352880267007e+00,-1.005291853779827660e+00,-1.005263176260090541e+00,-1.005242583601553719e+00,-1.005230194697194879e+00,-1.005226060251945164e+00,-1.000000000000000000e+00,-1.000000000000000000e+00,-1.000000000000000000e+00,-1.000000000000000000e+00,-1.000000000000000000e+00,-1.000000000000000000e+00,-1.000000000000000000e+00,-1.000000000000000000e+00,-1.000000000000000000e+00,-1.000000000000000000e+00,-1.000000000000000000e+00,-1.000000000000000000e+00,-1.000000000000000000e+00,-1.000000000000000000e+00,-1.000000000000000000e+00,-1.000000000000000000e+00,-1.000000000000000000e+00,-1.000000000000000000e+00,-1.000000000000000000e+00,-1.000000000000000000e+00,-1.000000000000000000e+00,-1.000000000000000000e+00,-1.000000000000000000e+00,-1.000000000000000000e+00,-1.000000000000000000e+00,-1.000000000000000000e+00,-1.000000000000000000e+00,-1.000000000000000000e+00,-1.000000000000000000e+00,-1.000000000000000000e+00,-1.000000000000000000e+00,-1.000000000000000000e+00,-1.000000000000000000e+00,-1.000000000000000000e+00,-1.000000000000000000e+00,-1.000000000000000000e+00,-1.000000000000000000e+00,-1.000000000000000000e+00,-1.000000000000000000e+00,-1.000000000000000000e+00,-1.000000000000000000e+00,-1.000000000000000000e+00,-1.000000000000000000e+00,-1.000000000000000000e+00,-1.000000000000000000e+00,-1.000000000000000000e+00
-1.000000000000000000e+00,-1.000000000000000000e+00,-1.000000000000000000e+00,-1.000000000000000000e+00,-1.000000000000000000e+00,-1.000000000000000000e+00,-1.000000000000000000e+00,-1.000000000000000000e+00,-1.000000000000000000e+00,-1.000000000000000000e+00,-1.000000000000000000e+00,-1.000000000000000000e+00,-1.000000000000000000e+00,-1.000000000000000000e+00,-1.000000000000000000e+00,-1.000000000000000000e+00,-1.000000000000000000e+00,-1.000000000000000000e+00,-1.000000000000000000e+00,-1.000000000000000000e+00,-1.000000000000000000e+00,-1.000000000000000000e+00,-1.000000000000000000e+00,-1.000000000000000000e+00,-1.000000000000000000e+00,-1.000000000000000000e+00,-1.000000000000000000e+00,-1.000000000000000000e+00,-1.000000000000000000e+00,-1.000000000000000000e+00,-1.000000000000000000e+00,-1.000000000000000000e+00,-1.000000000000000000e+00,-1.000000000000000000e+00,-1.000000000000000000e+00,-1.000000000000000000e+00,-1.000000000000000000e+00,-1.000000000000000000e+00,-1.000000000000000000e+00,-1.000000000000000000e+00,-1.000000000000000000e+00,-1.000000000000000000e+00,-1.000000000000000000e+00,-1.000000000000000000e+00,-1.000000000000000000e+00,-1.000000000000000000e+00,-1.005436786372972291e+00,-1.005440948945711455e+00,-1.005453422239245498e+00,-1.005474154691814448e+00,-1.005503026138243827e+00,-1.005539771624661016e+00,-1.005583808891949538e+00,-1.005633865295011864e+00,-1.005687198551614037e+00,-1.005738022599550030e+00,-1.005774432031955268e+00,-1.005772589356481728e+00,-1.005686098650835802e+00,-1.005427225386787304e+00,-1.004834856307611712e+00,-1.003621904034442736e+00,-1.001292791513610059e+00,-9.970214426200737501e-01,-9.894865094198411759e-01,-9.766848191902787191e-01,-9.558124946955410817e-01,-9.234701084192935561e-01,-8.767997394676896317e-01,-8.167142499077708617e-01,-7.544080731662514694e-01,-7.171821235481714574e-01,-7.171821236024539248e-01,-7.544080732798355005e-01,-8.167142499986828064e-01,-8.767997395013058526e-01,-9.234701084422540784e-01,-9.558124947561599249e-01,-9.766848192452342037e-01,-9.894865094348688217e-01,-9.970214425547171411e-01,-1.001292791359255085e+00,-1.003621903787476954e+00,-1.004834855947674299e+00,-1.005427224894706928e+00,-1.005686098005616147e+00,-1.005772588604996187e+00,-1.005774431226773791e+00,-1.005738021789254866e+00,-1.005687197750795292e+00,-1.005633864513503228e+00,-1.005583808175229299e+00,-1.005539771031277230e+00,-1.005503025638432080e+00,-1.005474154201613457e+00,-1.005453421769620270e+00,-1.005440948534683798e+00,-1.005436785881731465e+00,-1.000000000000000000e+00,-1.000000000000000000e+00,-1.000000000000000000e+00,-1.000000000000000000e+00,-1.000000000000000000e+00,-1.000000000000000000e+00,-1.000000000000000000e+00,-1.000000000000000000e+00,-1.000000000000000000e+00,-1.000000000000000000e+00,-1.000000000000000000e+00,-1.000000000000000000e+00,-1.000000000000000000e+00,-1.000000000000000000e+00,-1.000000000000000000e+00,-1.000000000000000000e+00,-1.000000000000000000e+00,-1.000000000000000000e+00,-1.000000000000000000e+00,-1.000000000000000000e+00,-1.000000000000000000e+00,-1.000000000000000000e+00,-1.000000000000000000e+00,-1.000000000000000000e+00,-1.000000000000000000e+00,-1.000000000000000000e+00,-1.000000000000000000e+00,-1.000000000000000000e+00,-1.000000000000000000e+00,-1.000000000000000000e+00,-1.000000000000000000e+00,-1.000000000000000000e+00,-1.000000000000000000e+00,-1.000000000000000000e+00,-1.000000000000000000e+00,-1.000000000000000000e+00,-1.000000000000000000e+00,-1.000000000000000000e+00,-1.000000000000000000e+00,-1.000000000000000000e+00,-1.000000000000000000e+00,-1.000000000000000000e+00,-1.000000000000000000e+00,-1.000000000000000000e+00,-1.000000000000000000e+00,-1.000000000000000000e+00
-1.000000000000000000e+00,-1.000000000000000000e+00,-1.000000000000000000e+00,-1.000000000000000000e+00,-1.000000000000000000e+00,-1.000000000000000000e+00,-1.000000000000000000e+00,-1.000000000000000000e+00,-1.000000000000000000e+00,-1.000000000000000000e+00,-1.000000000000000000e+00,-1.000000000000000000e+00,-1.000000000000000000e+00,-1.000000000000000000e+00,-1.000000000000000000e+00,-1.000000000000000000e+00,-1.000000000000000000e+00,-1.000000000000000000e+00,-1.000000000000000000e+00,-1.000000000000000000e+00,-1.000000000000000000e+00,-1.000000000000000000e+00,-1.000000000000000000e+00,-1.000000000000000000e+00,-1.000000000000000000e+00,-1.000000000000000000e+00,-1.000000000000000000e+00,-1.000000000000000000e+00,-1.000000000000000000e+00,-1.000000000000000000e+00,-1.000000000000000000e+00,-1.000000000000000000e+00,-1.000000000000000000e+00,-1.000000000000000000e+00,-1.000000000000000000e+00,-1.000000000000000000e+00,-1.000000000000000000e+00,-1.000000000000000000e+00,-1.000000000000000000e+00,-1.000000000000000000e+00,-1.000000000000000000e+00,-1.000000000000000000e+00,-1.000000000000000000e+00,-1.000000000000000000e+00,-1.000000000000000000e+00,-1.000000000000000000e+00,-1.005653058739604422e+00,-1.005657250127768965e+00,-1.005669809726027042e+00,-1.005690685530402861e+00,-1.005719756641509699e+00,-1.005756757079007135e+00,-1.005801103249283956e+00,-1.005851520936512866e+00,-1.005905266339647497e+00,-1.005956552491593214e+00,-1.005993474821751166e+00,-1.005992200811895998e+00,-1.005906348171656584e+00,-1.005648212726434121e+00,-1.005056742094914801e+00,-1.003844962886380143e+00,-1.001517500002387484e+00,-9.972486169726868521e-01,-9.897175057688335498e-01,-9.769217938738317120e-01,-9.560586766495701161e-01,-9.237299296401513260e-01,-8.770784591164696442e-01,-8.170163757618608136e-01,-7.547336835156027712e-01,-7.175217550278059075e-01,-7.175217550710353276e-01,-7.547336836293552231e-01,-8.170163758796376019e-01,-8.770784591722974310e-01,-9.237299296717751407e-01,-9.560586767142772446e-01,-9.769217939420550278e-01,-9.897175058113795165e-01,-9.972486169399455980e-01,-1.001517499893711083e+00,-1.003844962680501718e+00,-1.005056741776881868e+00,-1.005648212271923914e+00,-1.005906347570995285e+00,-1.005992200103197565e+00,-1.005993474065254523e+00,-1.005956551739219274e+00,-1.005905265585445463e+00,-1.005851520167546864e+00,-1.005801102539129355e+00,-1.005756756515381323e+00,-1.005719756180452062e+00,-1.005690685062611722e+00,-1.005669809275367088e+00,-1.005657249774016604e+00,-1.005653058306844372e+00,-1.000000000000000000e+00,-1.000000000000000000e+00,-1.000000000000000000e+00,-1.000000000000000000e+00,-1.000000000000000000e+00,-1.000000000000000000e+00,-1.000000000000000000e+00,-1.000000000000000000e+00,-1.000000000000000000e+00,-1.000000000000000000e+00,-1.000000000000000000e+00,-1.000000000000000000e+00,-1.000000000000000000e+00,-1.000000000000000000e+00,-1.000000000000000000e+00,-1.000000000000000000e+00,-1.000000000000000000e+00,-1.000000000000000000e+00,-1.000000000000000000e+00,-1.000000000000000000e+00,-1.000000000000000000e+00,-1.000000000000000000e+00,-1.000000000000000000e+00,-1.000000000000000000e+00,-1.000000000000000000e+00,-1.000000000000000000e+00,-1.000000000000000000e+00,-1.000000000000000000e+00,-1.000000000000000000e+00,-1.000000000000000000e+00,-1.000000000000000000e+00,-1.000000000000000000e+00,-1.000000000000000000e+00,-1.000000000000000000e+00,-1.000000000000000000e+00,-1.000000000000000000e+00,-1.000000000000000000e+00,-1.000000000000000000e+00,-1.000000000000000000e+00,-1.000000000000000000e+00,-1.000000000000000000e+00,-1.000000000000000000e+00,-1.000000000000000000e+00,-1.000000000000000000e+00,-1.000000000000000000e+00,-1.000000000000000000e+00
-1.000000000000000000e+00,-1.000000000000000000e+00,-1.000000000000000000e+00,-1.000000000000000000e+00,-1.000000000000000000e+00,-1.000000000000000000e+00,-1.000000000000000000e+00,-1.000000000000000000e+00,-1.000000000000000000e+00,-1.000000000000000000e+00,-1.000000000000000000e+00,-1.000000000000000000e+00,-1.000000000000000000e+00,-1.000000000000000000e+00,-1.000000000000000000e+00,-1.000000000000000000e+00,-1.000000000000000000e+00,-1.000000000000000000e+00,-1.000000000000000000e+00,-1.000000000000000000e+00,-1.000000000000000000e+00,-1.000000000000000000e+00,-1.000000000000000000e+00,-1.000000000000000000e+00,-1.000000000000000000e+00,-1.000000000000000000e+00,-1.000000000000000000e+00,-1.000000000000000000e+00,-1.000000000000000000e+00,-1.000000000000000000e+00,-1.000000000000000000e+00,-1.000000000000000000e+00,-1.000000000000000000e+00,-1.000000000000000000e+00,-1.000000000000000000e+00,-1.000000000000000000e+00,-1.000000000000000000e+00,-1.000000000000000000e+00,-1.000000000000000000e+00,-1.000000000000000000e+00,-1.000000000000000000e+00,-1.000000000000000000e+00,-1.000000000000000000e+00,-1.000000000000000000e+00,-1.000000000000000000e+00,-1.000000000000000000e+00,-1.005874538235838944e+00,-1.005878757407952406e+00,-1.005891400425646287e+00,-1.005912415428907192e+00,-1.005941681761446604e+00,-1.005978933722039725e+00,-1.006023587962337373e+00,-1.006074370475078750e+00,-1.006128537826505021e+00,-1.006180304029195893e+00,-1.006217767137038033e+00,-1.006217101240086453e+00,-1.006131939190291646e+00,-1.005874608724014907e+00,-1.005284120361501499e+00,-1.004073617954953201e+00,-1.001747934031985920e+00,-9.974816815662514990e-01,-9.899546083940583552e-01,-9.771651661556546298e-01,-9.563116547767979148e-01,-9.239970876381009557e-01,-8.773652187582168249e-01,-8.173273750956500106e-01,-7.550689803896993846e-01,-7.178715550067165108e-01,-7.178715550365806219e-01,-7.550689805013792721e-01,-8.173273752399097258e-01,-8.773652188397172980e-01,-9.239970876833425439e-01,-9.563116548424771546e-01,-9.771651662377828229e-01,-9.899546084600945317e-01,-9.974816815655077606e-01,-1.001747933962205073e+00,-1.004073617786020778e+00,-1.005284120080578658e+00,-1.005874608304098361e+00,-1.006131938635949075e+00,-1.006217100576775714e+00,-1.006217766431055427e+00,-1.006180303329297088e+00,-1.006128537111905752e+00,-1.006074369711273730e+00,-1.006023587250611806e+00,-1.005978933178270696e+00,-1.005941681324811432e+00,-1.005912414972692792e+00,-1.005891399984055301e+00,-1.005878757096964060e+00,-1.005874537844910765e+00,-1.000000000000000000e+00,-1.000000000000000000e+00,-1.000000000000000000e+00,-1.000000000000000000e+00,-1.000000000000000000e+00,-1.000000000000000000e+00,-1.000000000000000000e+00,-1.000000000000000000e+00,-1.000000000000000000e+00,-1.000000000000000000e+00,-1.000000000000000000e+00,-1.000000000000000000e+00,-1.000000000000000000e+00,-1.000000000000000000e+00,-1.000000000000000000e+00,-1.000000000000000000e+00,-1.000000000000000000e+00,-1.000000000000000000e+00,-1.000000000000000000e+00,-1.000000000000000000e+00,-1.000000000000000000e+00,-1.000000000000000000e+00,-1.000000000000000000e+00,-1.000000000000000000e+00,-1.000000000000000000e+00,-1.000000000000000000e+00,-1.000000000000000000e+00,-1.000000000000000000e+00,-1.000000000000000000e+00,-1.000000000000000000e+00,-1.000000000000000000e+00,-1.000000000000000000e+00,-1.000000000000000000e+00,-1.000000000000000000e+00,-1.000000000000000000e+00,-1.000000000000000000e+00,-1.000000000000000000e+00,-1.000000000000000000e+00,-1.000000000000000000e+00,-1.000000000000000000e+00,-1.000000000000000000e+00,-1.000000000000000000e+00,-1.000000000000000000e+00,-1.000000000000000000e+00,-1.000000000000000000e+00,-1.000000000000000000e+00
-1.000000000000000000e+00,-1.000000000000000000e+00,-1.000000000000000000e+00,-1.000000000000000000e+00,-1.000000000000000000e+00,-1.000000000000000000e+00,-1.000000000000000000e+00,-1.000000000000000000e+00,-1.000000000000000000e+00,-1.000000000000000000e+00,-1.000000000000000000e+00,-1.000000000000000000e+00,-1.000000000000000000e+00,-1.000000000000000000e+00,-1.000000000000000000e+00,-1.000000000000000000e+00,-1.000000000000000000e+00,-1.000000000000000000e+00,-1.000000000000000000e+00,-1.000000000000000000e+00,-1.000000000000000000e+00,-1.000000000000000000e+00,-1.000000000000000000e+00,-1.000000000000000000e+00,-1.000000000000000000e+00,-1.000000000000000000e+00,-1.000000000000000000e+00,-1.000000000000000000e+00,-1.000000000000000000e+00,-1.000000000000000000e+00,-1.000000000000000000e+00,-1.000000000000000000e+00,-1.000000000000000000e+00,-1.000000000000000000e+00,-1.000000000000000000e+00,-1.000000000000000000e+00,-1.000000000000000000e+00,-1.000000000000000000e+00,-1.000000000000000000e+00,-1.000000000000000000e+00,-1.000000000000000000e+00,-1.000000000000000000e+00,-1.000000000000000000e+00,-1.000000000000000000e+00,-1.000000000000000000e+00,-1.000000000000000000e+00,-1.006100785281226040e+00,-1.006105028437428661e+00,-1.006117743820665211e+00,-1.006138880724072093e+00,-1.006168320405155692e+00,-1.006205799690296665e+00,-1.006250738227464359e+00,-1.006301865353240954e+00,-1.006356441349209430e+00,-1.006408684584642055e+00,-1.006446698962987218e+00,-1.006446668093462726e+00,-1.006362242502095938e+00,-1.006105784074736498e+00,-1.005516368545154027e+00,-1.004307260132265567e+00,-1.001983504136990888e+00,-9.977200718961316550e-01,-9.901972819263282766e-01,-9.774144326488066747e-01,-9.565709590636268800e-01,-9.242711455724695879e-01,-8.776596127319213902e-01,-8.176468693121751175e-01,-7.554136055817658457e-01,-7.182311762691452328e-01,-7.182311762869187932e-01,-7.554136056862720272e-01,-8.176468694747760502e-01,-8.776596128377791572e-01,-9.242711456290191308e-01,-9.565709591248469090e-01,-9.774144327424932888e-01,-9.901972820090466643e-01,-9.977200719242308447e-01,-1.001983504096691791e+00,-1.004307259994257517e+00,-1.005516368290546803e+00,-1.006105783681899402e+00,-1.006362241988592476e+00,-1.006446667473593681e+00,-1.006446698303633980e+00,-1.006408683931155679e+00,-1.006356440667249830e+00,-1.006301864595219087e+00,-1.006250737513801674e+00,-1.006205799159919589e+00,-1.006168319978988146e+00,-1.006138880271271407e+00,-1.006117743385922081e+00,-1.006105028158779335e+00,-1.006100784919969016e+00,-1.000000000000000000e+00,-1.000000000000000000e+00,-1.000000000000000000e+00,-1.000000000000000000e+00,-1.000000000000000000e+00,-1.000000000000000000e+00,-1.000000000000000000e+00,-1.000000000000000000e+00,-1.000000000000000000e+00,-1.000000000000000000e+00,-1.000000000000000000e+00,-1.000000000000000000e+00,-1.000000000000000000e+00,-1.000000000000000000e+00,-1.000000000000000000e+00,-1.000000000000000000e+00,-1.000000000000000000e+00,-1.000000000000000000e+00,-1.000000000000000000e+00,-1.000000000000000000e+00,-1.000000000000000000e+00,-1.000000000000000000e+00,-1.000000000000000000e+00,-1.000000000000000000e+00,-1.000000000000000000e+00,-1.000000000000000000e+00,-1.000000000000000000e+00,-1.000000000000000000e+00,-1.000000000000000000e+00,-1.000000000000000000e+00,-1.000000000000000000e+00,-1.000000000000000000e+00,-1.000000000000000000e+00,-1.000000000000000000e+00,-1.000000000000000000e+00,-1.000000000000000000e+00,-1.000000000000000000e+00,-1.000000000000000000e+00,-1.000000000000000000e+00,-1.000000000000000000e+00,-1.000000000000000000e+00,-1.000000000000000000e+00,-1.000000000000000000e+00,-1.000000000000000000e+00,-1.000000000000000000e+00,-1.000000000000000000e+00
-1.000000000000000000e+00,-1.000000000000000000e+00,-1.000000000000000000e+00,-1.000000000000000000e+00,-1.000000000000000000e+00,-1.000000000000000000e+00,-1.000000000000000000e+00,-1.000000000000000000e+00,-1.000000000000000000e+00,-1.000000000000000000e+00,-1.000000000000000000e+00,-1.000000000000000000e+00,-1.000000000000000000e+00,-1.000000000000000000e+00,-1.000000000000000000e+00,-1.000000000000000000e+00,-1.000000000000000000e+00,-1.000000000000000000e+00,-1.000000000000000000e+00,-1.000000000000000000e+00,-1.000000000000000000e+00,-1.000000000000000000e+00,-1.000000000000000000e+00,-1.000000000000000000e+00,-1.000000000000000000e+00,-1.000000000000000000e+00,-1.000000000000000000e+00,-1.000000000000000000e+00,-1.000000000000000000e+00,-1.000000000000000000e+00,-1.000000000000000000e+00,-1.000000000000000000e+00,-1.000000000000000000e+00,-1.000000000000000000e+00,-1.000000000000000000e+00,-1.000000000000000000e+00,-1.000000000000000000e+00,-1.000000000000000000e+00,-1.000000000000000000e+00,-1.000000000000000000e+00,-1.000000000000000000e+00,-1.000000000000000000e+00,-1.000000000000000000e+00,-1.000000000000000000e+00,-1.000000000000000000e+00,-1.000000000000000000e+00,-1.006331224662173396e+00,-1.006335483470357506e+00,-1.006348246781109790e+00,-1.006369466698022741e+00,-1.006399029130253808e+00,-1.006436677146813174e+00,-1.006481837971197280e+00,-1.006533249545732422e+00,-1.006588181539081805e+00,-1.006640862450068008e+00,-1.006679407578968455e+00,-1.006680015046677035e+00,-1.006596357262841135e+00,-1.006340833644687072e+00,-1.005752587961092237e+00,-1.004545007744555241e+00,-1.002223355383034642e+00,-9.979629680862520669e-01,-9.904447480022441352e-01,-9.776688607728286629e-01,-9.568359046096428511e-01,-9.245514656216182736e-01,-8.779610470229726182e-01,-8.179743019774425861e-01,-7.557670306773245361e-01,-7.186001053989085063e-01,-7.186001054070864091e-01,-7.557670307677044619e-01,-8.179743021426136851e-01,-8.779610471444074804e-01,-9.245514656809572518e-01,-9.568359046605364737e-01,-9.776688608690812243e-01,-9.904447480927860425e-01,-9.979629681364753369e-01,-1.002223355362018564e+00,-1.004545007629867648e+00,-1.005752587723729219e+00,-1.006340833273536850e+00,-1.006596356780811385e+00,-1.006680014465342055e+00,-1.006679406958743694e+00,-1.006640861837789336e+00,-1.006588180885418460e+00,-1.006533248798974656e+00,-1.006481837260662093e+00,-1.006436676623042592e+00,-1.006399028700448950e+00,-1.006369466236867183e+00,-1.006348246348506503e+00,-1.006335483213326887e+00,-1.006331224319815254e+00,-1.000000000000000000e+00,-1.000000000000000000e+00,-1.000000000000000000e+00,-1.000000000000000000e+00,-1.000000000000000000e+00,-1.000000000000000000e+00,-1.000000000000000000e+00,-1.000000000000000000e+00,-1.000000000000000000e+00,-1.000000000000000000e+00,-1.000000000000000000e+00,-1.000000000000000000e+00,-1.000000000000000000e+00,-1.000000000000000000e+00,-1.000000000000000000e+00,-1.000000000000000000e+00,-1.000000000000000000e+00,-1.000000000000000000e+00,-1.000000000000000000e+00,-1.000000000000000000e+00,-1.000000000000000000e+00,-1.000000000000000000e+00,-1.000000000000000000e+00,-1.000000000000000000e+00,-1.000000000000000000e+00,-1.000000000000000000e+00,-1.000000000000000000e+00,-1.000000000000000000e+00,-1.000000000000000000e+00,-1.000000000000000000e+00,-1.000000000000000000e+00,-1.000000000000000000e+00,-1.000000000000000000e+00,-1.000000000000000000e+00,-1.000000000000000000e+00,-1.000000000000000000e+00,-1.000000000000000000e+00,-1.000000000000000000e+00,-1.000000000000000000e+00,-1.000000000000000000e+00,-1.000000000000000000e+00,-1.000000000000000000e+00,-1.000000000000000000e+00,-1.000000000000000000e+00,-1.000000000000000000e+00,-1.000000000000000000e+00
-1.000000000000000000e+00,-1.000000000000000000e+00,-1.000000000000000000e+00,-1.000000000000000000e+00,-1.000000000000000000e+00,-1.000000000000000000e+00,-1.000000000000000000e+00,-1.000000000000000000e+00,-1.000000000000000000e+00,-1.000000000000000000e+00,-1.000000000000000000e+00,-1.000000000000000000e+00,-1.000000000000000000e+00,-1.000000000000000000e+00,-1.000000000000000000e+00,-1.000000000000000000e+00,-1.000000000000000000e+00,-1.000000000000000000e+00,-1.000000000000000000e+00,-1.000000000000000000e+00,-1.000000000000000000e+00,-1.000000000000000000e+00,-1.000000000000000000e+00,-1.000000000000000000e+00,-1.000000000000000000e+00,-1.000000000000000000e+00,-1.000000000000000000e+00,-1.000000000000000000e+00,-1.000000000000000000e+00,-1.000000000000000000e+00,-1.000000000000000000e+00,-1.000000000000000000e+00,-1.000000000000000000e+00,-1.000000000000000000e+00,-1.000000000000000000e+00,-1.000000000000000000e+00,-1.000000000000000000e+00,-1.000000000000000000e+00,-1.000000000000000000e+00,-1.000000000000000000e+00,-1.000000000000000000e+00,-1.000000000000000000e+00,-1.000000000000000000e+00,-1.000000000000000000e+00,-1.000000000000000000e+00,-1.000000000000000000e+00,-1.006565096784467483e+00,-1.006569355653549547e+00,-1.006582121001064811e+00,-1.006603350382124784e+00,-1.006632938716973236e+00,-1.006670641278760270e+00,-1.006715900274080200e+00,-1.006767470827637512e+00,-1.006822641322453915e+00,-1.006875659965988490e+00,-1.006914662722548925e+00,-1.006915870585391115e+00,-1.006832984798219588e+00,-1.006578447577744395e+00,-1.005991474415012021e+00,-1.004785578865980300e+00,-1.002466243404248392e+00,-9.982091763476365065e-01,-9.906958734026136693e-01,-9.779273843336933059e-01,-9.571054948728885403e-01,-9.248371195751287077e-01,-8.782686564022664788e-01,-8.183088612880919932e-01,-7.561284832793265798e-01,-7.189775909491893380e-01,-7.189775909512030605e-01,-7.561284833513820525e-01,-8.183088614399486316e-01,-8.782686565292134873e-01,-9.248371196299778330e-01,-9.571054949105590737e-01,-9.779273844212276190e-01,-9.906958734947735046e-01,-9.982091764110280208e-01,-1.002466243394307011e+00,-1.004785578765957199e+00,-1.005991474187460932e+00,-1.006578447221988082e+00,-1.006832984335174652e+00,-1.006915870033759486e+00,-1.006914662130751870e+00,-1.006875659382869603e+00,-1.006822640690172133e+00,-1.006767470097224004e+00,-1.006715899577354856e+00,-1.006670640755565449e+00,-1.006632938269677258e+00,-1.006603349902491784e+00,-1.006582120563455973e+00,-1.006569355407799460e+00,-1.006565096455093400e+00,-1.000000000000000000e+00,-1.000000000000000000e+00,-1.000000000000000000e+00,-1.000000000000000000e+00,-1.000000000000000000e+00,-1.000000000000000000e+00,-1.000000000000000000e+00,-1.000000000000000000e+00,-1.000000000000000000e+00,-1.000000000000000000e+00,-1.000000000000000000e+00,-1.000000000000000000e+00,-1.000000000000000000e+00,-1.000000000000000000e+00,-1.000000000000000000e+00,-1.000000000000000000e+00,-1.000000000000000000e+00,-1.000000000000000000e+00,-1.000000000000000000e+00,-1.000000000000000000e+00,-1.000000000000000000e+00,-1.000000000000000000e+00,-1.000000000000000000e+00,-1.000000000000000000e+00,-1.000000000000000000e+00,-1.000000000000000000e+00,-1.000000000000000000e+00,-1.000000000000000000e+00,-1.000000000000000000e+00,-1.000000000000000000e+00,-1.000000000000000000e+00,-1.000000000000000000e+00,-1.000000000000000000e+00,-1.000000000000000000e+00,-1.000000000000000000e+00,-1.000000000000000000e+00,-1.000000000000000000e+00,-1.000000000000000000e+00,-1.000000000000000000e+00,-1.000000000000000000e+00,-1.000000000000000000e+00,-1.000000000000000000e+00,-1.000000000000000000e+00,-1.000000000000000000e+00,-1.000000000000000000e+00,-1.000000000000000000e+00
-1.000000000000000000e+00,-1.000000000000000000e+00,-1.000000000000000000e+00,-1.000000000000000000e+00,-1.000000000000000000e+00,-1.000000000000000000e+00,-1.000000000000000000e+00,-1.000000000000000000e+00,-1.000000000000000000e+00,-1.000000000000000000e+00,-1.000000000000000000e+00,-1.000000000000000000e+00,-1.000000000000000000e+00,-1.000000000000000000e+00,-1.000000000000000000e+00,-1.000000000000000000e+00,-1.000000000000000000e+00,-1.000000000000000000e+00,-1.000000000000000000e+00,-1.000000000000000000e+00,-1.000000000000000000e+00,-1.000000000000000000e+00,-1.000000000000000000e+00,-1.000000000000000000e+00,-1.000000000000000000e+00,-1.000000000000000000e+00,-1.000000000000000000e+00,-1.000000000000000000e+00,-1.000000000000000000e+00,-1.000000000000000000e+00,-1.000000000000000000e+00,-1.000000000000000000e+00,-1.000000000000000000e+00,-1.000000000000000000e+00,-1.000000000000000000e+00,-1.000000000000000000e+00,-1.000000000000000000e+00,-1.000000000000000000e+00,-1.000000000000000000e+00,-1.000000000000000000e+00,-1.000000000000000000e+00,-1.000000000000000000e+00,-1.000000000000000000e+00,-1.000000000000000000e+00,-1.000000000000000000e+00,-1.000000000000000000e+00,-1.006801391430639292e+00,-1.006805623323181464e+00,-1.006818310959941343e+00,-1.006839421456570571e+00,-1.006868865547133618e+00,-1.006906420080350362e+00,-1.006951553980500513e+00,-1.007003053257864433e+00,-1.007058240054419240e+00,-1.007111397878454051e+00,-1.007150698553773926e+00,-1.007152399717688329e+00,-1.007070242847694530e+00,-1.006816721326395880e+00,-1.006231127504845224e+00,-1.005027103338507644e+00,-1.002710352302296659e+00,-9.984569554128606139e-01,-9.909490069848294613e-01,-9.781884521064336813e-01,-9.573782822148459992e-01,-9.251267608205208104e-01,-8.785811865670091203e-01,-8.186493704393336124e-01,-7.564968431634591095e-01,-7.193625425796219552e-01,-7.193625425816212449e-01,-7.564968432194540959e-01,-8.186493705700117474e-01,-8.785811866955426375e-01,-9.251267608698170442e-01,-9.573782822398759773e-01,-9.781884521770745078e-01,-9.909490070741003853e-01,-9.984569554764599619e-01,-1.002710352293481710e+00,-1.005027103238990582e+00,-1.006231127275713844e+00,-1.006816720975364898e+00,-1.007070242392604342e+00,-1.007152399184517932e+00,-1.007150697979840359e+00,-1.007111397306961198e+00,-1.007058239432029101e+00,-1.007003052544784172e+00,-1.006951553310039937e+00,-1.006906419559892241e+00,-1.006868865078765607e+00,-1.006839420964813936e+00,-1.006818310521639059e+00,-1.006805623083185885e+00,-1.006801391115010214e+00,-1.000000000000000000e+00,-1.000000000000000000e+00,-1.000000000000000000e+00,-1.000000000000000000e+00,-1.000000000000000000e+00,-1.000000000000000000e+00,-1.000000000000000000e+00,-1.000000000000000000e+00,-1.000000000000000000e+00,-1.000000000000000000e+00,-1.000000000000000000e+00,-1.000000000000000000e+00,-1.000000000000000000e+00,-1.000000000000000000e+00,-1.000000000000000000e+00,-1.000000000000000000e+00,-1.000000000000000000e+00,-1.000000000000000000e+00,-1.000000000000000000e+00,-1.000000000000000000e+00,-1.000000000000000000e+00,-1.000000000000000000e+00,-1.000000000000000000e+00,-1.000000000000000000e+00,-1.000000000000000000e+00,-1.000000000000000000e+00,-1.000000000000000000e+00,-1.000000000000000000e+00,-1.000000000000000000e+00,-1.000000000000000000e+00,-1.000000000000000000e+00,-1.000000000000000000e+00,-1.000000000000000000e+00,-1.000000000000000000e+00,-1.000000000000000000e+00,-1.000000000000000000e+00,-1.000000000000000000e+00,-1.000000000000000000e+00,-1.000000000000000000e+00,-1.000000000000000000e+00,-1.000000000000000000e+00,-1.000000000000000000e+00,-1.000000000000000000e+00,-1.000000000000000000e+00,-1.000000000000000000e+00,-1.000000000000000000e+00
-1.000000000000000000e+00,-1.000000000000000000e+00,-1.000000000000000000e+00,-1.000000000000000000e+00,-1.000000000000000000e+00,-1.000000000000000000e+00,-1.000000000000000000e+00,-1.000000000000000000e+00,-1.000000000000000000e+00,-1.000000000000000000e+00,-1.000000000000000000e+00,-1.000000000000000000e+00,-1.000000000000000000e+00,-1.000000000000000000e+00,-1.000000000000000000e+00,-1.000000000000000000e+00,-1.000000000000000000e+00,-1.000000000000000000e+00,-1.000000000000000000e+00,-1.000000000000000000e+00,-1.000000000000000000e+00,-1.000000000000000000e+00,-1.000000000000000000e+00,-1.000000000000000000e+00,-1.000000000000000000e+00,-1.000000000000000000e+00,-1.000000000000000000e+00,-1.000000000000000000e+00,-1.000000000000000000e+00,-1.000000000000000000e+00,-1.000000000000000000e+00,-1.000000000000000000e+00,-1.000000000000000000e+00,-1.000000000000000000e+00,-1.000000000000000000e+00,-1.000000000000000000e+00,-1.000000000000000000e+00,-1.000000000000000000e+00,-1.000000000000000000e+00,-1.000000000000000000e+00,-1.000000000000000000e+00,-1.000000000000000000e+00,-1.000000000000000000e+00,-1.000000000000000000e+00,-1.000000000000000000e+00,-1.000000000000000000e+00,-1.007038758186574068e+00,-1.007042918219712035e+00,-1.007055395574233847e+00,-1.007076173193659718e+00,-1.007105188055013478e+00,-1.007142253079038818e+00,-1.007186882215865609e+00,-1.007237913942842455e+00,-1.007292728099070667e+00,-1.007345668541486994e+00,-1.007384967568038636e+00,-1.007386941905538791e+00,-1.007305391856008869e+00,-1.007052875389632174e+00,-1.006468769274013075e+00,-1.005266845772102347e+00,-1.002953026959414462e+00,-9.987037623008825360e-01,-9.912017419412461061e-01,-9.784498083481628639e-01,-9.576521670878426207e-01,-9.254184413349925142e-01,-8.788968268894651326e-01,-8.189941330909040751e-01,-7.568704966613297724e-01,-7.197533900261460227e-01,-7.197533900358202841e-01,-7.568704967077208856e-01,-8.189941331989623041e-01,-8.788968270166584995e-01,-9.254184413798094422e-01,-9.576521670984156076e-01,-9.784498083934706214e-01,-9.912017420184644489e-01,-9.987037623477043047e-01,-1.002953026934837677e+00,-1.005266845653215224e+00,-1.006468769032921484e+00,-1.007052875035574058e+00,-1.007305391405856065e+00,-1.007386941384915913e+00,-1.007384967007807441e+00,-1.007345667968302161e+00,-1.007292727474734528e+00,-1.007237913248721695e+00,-1.007186881581621840e+00,-1.007142252568571816e+00,-1.007105187569963922e+00,-1.007076172703359696e+00,-1.007055395150635357e+00,-1.007042917986733510e+00,-1.007038757887209979e+00,-1.000000000000000000e+00,-1.000000000000000000e+00,-1.000000000000000000e+00,-1.000000000000000000e+00,-1.000000000000000000e+00,-1.000000000000000000e+00,-1.000000000000000000e+00,-1.000000000000000000e+00,-1.000000000000000000e+00,-1.000000000000000000e+00,-1.000000000000000000e+00,-1.000000000000000000e+00,-1.000000000000000000e+00,-1.000000000000000000e+00,-1.000000000000000000e+00,-1.000000000000000000e+00,-1.000000000000000000e+00,-1.000000000000000000e+00,-1.000000000000000000e+00,-1.000000000000000000e+00,-1.000000000000000000e+00,-1.000000000000000000e+00,-1.000000000000000000e+00,-1.000000000000000000e+00,-1.000000000000000000e+00,-1.000000000000000000e+00,-1.000000000000000000e+00,-1.000000000000000000e+00,-1.000000000000000000e+00,-1.000000000000000000e+00,-1.000000000000000000e+00,-1.000000000000000000e+00,-1.000000000000000000e+00,-1.000000000000000000e+00,-1.000000000000000000e+00,-1.000000000000000000e+00,-1.000000000000000000e+00,-1.000000000000000000e+00,-1.000000000000000000e+00,-1.000000000000000000e+00,-1.000000000000000000e+00,-1.000000000000000000e+00,-1.000000000000000000e+00,-1.000000000000000000e+00,-1.000000000000000000e+00,-1.000000000000000000e+00
-1.000000000000000000e+00,-1.000000000000000000e+00,-1.000000000000000000e+00,-1.000000000000000000e+00,-1.000000000000000000e+00,-1.000000000000000000e+00,-1.000000000000000000e+00,-1.000000000000000000e+00,-1.000000000000000000e+00,-1.000000000000000000e+00,-1.000000000000000000e+00,-1.000000000000000000e+00,-1.000000000000000000e+00,-1.000000000000000000e+00,-1.000000000000000000e+00,-1.000000000000000000e+00,-1.000000000000000000e+00,-1.000000000000000000e+00,-1.000000000000000000e+00,-1.000000000000000000e+00,-1.000000000000000000e+00,-1.000000000000000000e+00,-1.000000000000000000e+00,-1.000000000000000000e+00,-1.000000000000000000e+00,-1.000000000000000000e+00,-1.000000000000000000e+00,-1.000000000000000000e+00,-1.000000000000000000e+00,-1.000000000000000000e+00,-1.000000000000000000e+00,-1.000000000000000000e+00,-1.000000000000000000e+00,-1.000000000000000000e+00,-1.000000000000000000e+00,-1.000000000000000000e+00,-1.000000000000000000e+00,-1.000000000000000000e+00,-1.000000000000000000e+00,-1.000000000000000000e+00,-1.000000000000000000e+00,-1.000000000000000000e+00,-1.000000000000000000e+00,-1.000000000000000000e+00,-1.000000000000000000e+00,-1.000000000000000000e+00,-1.007275386068569922e+00,-1.007279401781493888e+00,-1.007291454582021961e+00,-1.007311552644385655e+00,-1.007339674933219520e+00,-1.007375692546433665e+00,-1.007419192669610997e+00,-1.007469099865818007e+00,-1.007522889389987242e+00,-1.007575005325628270e+00,-1.007613779989065206e+00,-1.007615625524790559e+00,-1.007534431263715780e+00,-1.007282841412816543e+00,-1.006700328711673809e+00,-1.005500796980336009e+00,-1.003190379216378325e+00,-9.989458797119025180e-01,-9.914505691109321006e-01,-9.787081746988181008e-01,-9.579241090821409843e-01,-9.257093504154629837e-01,-8.792129735662763679e-01,-8.193407161653157855e-01,-7.572471331922361326e-01,-7.201478866900898890e-01,-7.201478867109852855e-01,-7.572471332317514126e-01,-8.193407162476459282e-01,-8.792129736803384610e-01,-9.257093504522539984e-01,-9.579241090716608120e-01,-9.787081747094239503e-01,-9.914505691605942639e-01,-9.989458797256990374e-01,-1.003190379159056400e+00,-1.005500796828115329e+00,-1.006700328454959159e+00,-1.007282841053778855e+00,-1.007534430820314020e+00,-1.007615625019160355e+00,-1.007613779445174496e+00,-1.007575004748424652e+00,-1.007522888758700885e+00,-1.007469099198744722e+00,-1.007419192077418924e+00,-1.007375692041534876e+00,-1.007339674426473985e+00,-1.007311552155198298e+00,-1.007291454181275414e+00,-1.007279401561657517e+00,-1.007275385795267209e+00,-1.000000000000000000e+00,-1.000000000000000000e+00,-1.000000000000000000e+00,-1.000000000000000000e+00,-1.000000000000000000e+00,-1.000000000000000000e+00,-1.000000000000000000e+00,-1.000000000000000000e+00,-1.000000000000000000e+00,-1.000000000000000000e+00,-1.000000000000000000e+00,-1.000000000000000000e+00,-1.000000000000000000e+00,-1.000000000000000000e+00,-1.000000000000000000e+00,-1.000000000000000000e+00,-1.000000000000000000e+00,-1.000000000000000000e+00,-1.000000000000000000e+00,-1.000000000000000000e+00,-1.000000000000000000e+00,-1.000000000000000000e+00,-1.000000000000000000e+00,-1.000000000000000000e+00,-1.000000000000000000e+00,-1.000000000000000000e+00,-1.000000000000000000e+00,-1.000000000000000000e+00,-1.000000000000000000e+00,-1.000000000000000000e+00,-1.000000000000000000e+00,-1.000000000000000000e+00,-1.000000000000000000e+00,-1.000000000000000000e+00,-1.000000000000000000e+00,-1.000000000000000000e+00,-1.000000000000000000e+00,-1.000000000000000000e+00,-1.000000000000000000e+00,-1.000000000000000000e+00,-1.000000000000000000e+00,-1.000000000000000000e+00,-1.000000000000000000e+00,-1.000000000000000000e+00,-1.000000000000000000e+00,-1.000000000000000000e+00
-1.000000000000000000e+00,-1.000000000000000000e+00,-1.000000000000000000e+00,-1.000000000000000000e+00,-1.000000000000000000e+00,-1.000000000000000000e+00,-1.000000000000000000e+00,-1.000000000000000000e+00,-1.000000000000000000e+00,-1.000000000000000000e+00,-1.000000000000000000e+00,-1.000000000000000000e+00,-1.000000000000000000e+00,-1.000000000000000000e+00,-1.000000000000000000e+00,-1.000000000000000000e+00,-1.000000000000000000e+00,-1.000000000000000000e+00,-1.000000000000000000e+00,-1.000000000000000000e+00,-1.000000000000000000e+00,-1.000000000000000000e+00,-1.000000000000000000e+00,-1.000000000000000000e+00,-1.000000000000000000e+00,-1.000000000000000000e+00,-1.000000000000000000e+00,-1.000000000000000000e+00,-1.000000000000000000e+00,-1.000000000000000000e+00,-1.000000000000000000e+00,-1.000000000000000000e+00,-1.000000000000000000e+00,-1.000000000000000000e+00,-1.000000000000000000e+00,-1.000000000000000000e+00,-1.000000000000000000e+00,-1.000000000000000000e+00,-1.000000000000000000e+00,-1.000000000000000000e+00,-1.000000000000000000e+00,-1.000000000000000000e+00,-1.000000000000000000e+00,-1.000000000000000000e+00,-1.000000000000000000e+00,-1.000000000000000000e+00,-1.007508842929017101e+00,-1.007512599558703981e+00,-1.007523888091200526e+00,-1.007542755805323376e+00,-1.007569247078707875e+00,-1.007603324454155125e+00,-1.007644691343181576e+00,-1.007692410290425000e+00,-1.007744110947027982e+00,-1.007794400717008765e+00,-1.007831775133157137e+00,-1.007832800300155096e+00,-1.007751503532501536e+00,-1.007500650316627944e+00,-1.006919827513470311e+00,-1.005723070803748342e+00,-1.003416708007397462e+00,-9.991778695916417874e-01,-9.916903712424249839e-01,-9.789587891714478518e-01,-9.581897113467899851e-01,-9.259954420831437716e-01,-8.795258947954150974e-01,-8.196856453231953221e-01,-7.576234618579972269e-01,-7.205428370708153452e-01,-7.205428371006966648e-01,-7.576234618889786665e-01,-8.196856453759793215e-01,-8.795258948833882817e-01,-9.259954421090793586e-01,-9.581897113090902529e-01,-9.789587891407773856e-01,-9.916903712483553512e-01,-9.991778695610946670e-01,-1.003416707907105021e+00,-1.005723070615973880e+00,-1.006919827241112175e+00,-1.007500649952407068e+00,-1.007751503092759959e+00,-1.007832799810233215e+00,-1.007831774607201414e+00,-1.007794400141024393e+00,-1.007744110311759034e+00,-1.007692409657955368e+00,-1.007644690796677178e+00,-1.007603323943318419e+00,-1.007569246538660312e+00,-1.007542755310760985e+00,-1.007523887712927113e+00,-1.007512599355581129e+00,-1.007508842697487639e+00,-1.000000000000000000e+00,-1.000000000000000000e+00,-1.000000000000000000e+00,-1.000000000000000000e+00,-1.000000000000000000e+00,-1.000000000000000000e+00,-1.000000000000000000e+00,-1.000000000000000000e+00,-1.000000000000000000e+00,-1.000000000000000000e+00,-1.000000000000000000e+00,-1.000000000000000000e+00,-1.000000000000000000e+00,-1.000000000000000000e+00,-1.000000000000000000e+00,-1.000000000000000000e+00,-1.000000000000000000e+00,-1.000000000000000000e+00,-1.000000000000000000e+00,-1.000000000000000000e+00,-1.000000000000000000e+00,-1.000000000000000000e+00,-1.000000000000000000e+00,-1.000000000000000000e+00,-1.000000000000000000e+00,-1.000000000000000000e+00,-1.000000000000000000e+00,-1.000000000000000000e+00,-1.000000000000000000e+00,-1.000000000000000000e+00,-1.000000000000000000e+00,-1.000000000000000000e+00,-1.000000000000000000e+00,-1.000000000000000000e+00,-1.000000000000000000e+00,-1.000000000000000000e+00,-1.000000000000000000e+00,-1.000000000000000000e+00,-1.000000000000000000e+00,-1.000000000000000000e+00,-1.000000000000000000e+00,-1.000000000000000000e+00,-1.000000000000000000e+00,-1.000000000000000000e+00,-1.000000000000000000e+00,-1.000000000000000000e+00
-1.000000000000000000e+00,-1.000000000000000000e+00,-1.000000000000000000e+00,-1.000000000000000000e+00,-1.000000000000000000e+00,-1.000000000000000000e+00,-1.000000000000000000e+00,-1.000000000000000000e+00,-1.000000000000000000e+00,-1.000000000000000000e+00,-1.000000000000000000e+00,-1.000000000000000000e+00,-1.000000000000000000e+00,-1.000000000000000000e+00,-1.000000000000000000e+00,-1.000000000000000000e+00,-1.000000000000000000e+00,-1.000000000000000000e+00,-1.000000000000000000e+00,-1.000000000000000000e+00,-1.000000000000000000e+00,-1.000000000000000000e+00,-1.000000000000000000e+00,-1.000000000000000000e+00,-1.000000000000000000e+00,-1.000000000000000000e+00,-1.000000000000000000e+00,-1.000000000000000000e+00,-1.000000000000000000e+00,-1.000000000000000000e+00,-1.000000000000000000e+00,-1.000000000000000000e+00,-1.000000000000000000e+00,-1.000000000000000000e+00,-1.000000000000000000e+00,-1.000000000000000000e+00,-1.000000000000000000e+00,-1.000000000000000000e+00,-1.000000000000000000e+00,-1.000000000000000000e+00,-1.000000000000000000e+00,-1.000000000000000000e+00,-1.000000000000000000e+00,-1.000000000000000000e+00,-1.000000000000000000e+00,-1.000000000000000000e+00,-1.007735863158710998e+00,-1.007739181476880796e+00,-1.007749174655580227e+00,-1.007765949185812193e+00,-1.007789649178342017e+00,-1.007820378038317921e+00,-1.007858020243012742e+00,-1.007901855796572210e+00,-1.007949760404990958e+00,-1.007996604151554010e+00,-1.008031146447300630e+00,-1.008030201480652366e+00,-1.007948013809129240e+00,-1.007697527062470177e+00,-1.007118471245928681e+00,-1.005925012837640242e+00,-1.003623644885519139e+00,-9.993917712335863568e-01,-9.919136848894027914e-01,-9.791947378936864954e-01,-9.584426229899788430e-01,-9.262709040663121840e-01,-8.798302580338377421e-01,-8.200239787959453519e-01,-7.579948176508104485e-01,-7.209337195535410192e-01,-7.209337195879046423e-01,-7.579948176745707755e-01,-8.200239788206219460e-01,-8.798302580920659421e-01,-9.262709040862318055e-01,-9.584426229265947672e-01,-9.791947378188260442e-01,-9.919136848411153062e-01,-9.993917711564015427e-01,-1.003623644740163190e+00,-1.005925012614591996e+00,-1.007118470950672640e+00,-1.007697526687080902e+00,-1.007948013365449702e+00,-1.008030201004048720e+00,-1.008031145939014772e+00,-1.007996603578421801e+00,-1.007949759770633724e+00,-1.007901855201786878e+00,-1.007858019745865974e+00,-1.007820377522617328e+00,-1.007789648603866661e+00,-1.007765948685962032e+00,-1.007749174299846784e+00,-1.007739181280193463e+00,-1.007735862962984230e+00,-1.000000000000000000e+00,-1.000000000000000000e+00,-1.000000000000000000e+00,-1.000000000000000000e+00,-1.000000000000000000e+00,-1.000000000000000000e+00,-1.000000000000000000e+00,-1.000000000000000000e+00,-1.000000000000000000e+00,-1.000000000000000000e+00,-1.000000000000000000e+00,-1.000000000000000000e+00,-1.000000000000000000e+00,-1.000000000000000000e+00,-1.000000000000000000e+00,-1.000000000000000000e+00,-1.000000000000000000e+00,-1.000000000000000000e+00,-1.000000000000000000e+00,-1.000000000000000000e+00,-1.000000000000000000e+00,-1.000000000000000000e+00,-1.000000000000000000e+00,-1.000000000000000000e+00,-1.000000000000000000e+00,-1.000000000000000000e+00,-1.000000000000000000e+00,-1.000000000000000000e+00,-1.000000000000000000e+00,-1.000000000000000000e+00,-1.000000000000000000e+00,-1.000000000000000000e+00,-1.000000000000000000e+00,-1.000000000000000000e+00,-1.000000000000000000e+00,-1.000000000000000000e+00,-1.000000000000000000e+00,-1.000000000000000000e+00,-1.000000000000000000e+00,-1.000000000000000000e+00,-1.000000000000000000e+00,-1.000000000000000000e+00,-1.000000000000000000e+00,-1.000000000000000000e+00,-1.000000000000000000e+00,-1.000000000000000000e+00
-1.000000000000000000e+00,-1.000000000000000000e+00,-1.000000000000000000e+00,-1.000000000000000000e+00,-1.000000000000000000e+00,-1.000000000000000000e+00,-1.000000000000000000e+00,-1.000000000000000000e+00,-1.000000000000000000e+00,-1.000000000000000000e+00,-1.000000000000000000e+00,-1.000000000000000000e+00,-1.000000000000000000e+00,-1.000000000000000000e+00,-1.000000000000000000e+00,-1.000000000000000000e+00,-1.000000000000000000e+00,-1.000000000000000000e+00,-1.000000000000000000e+00,-1.000000000000000000e+00,-1.000000000000000000e+00,-1.000000000000000000e+00,-1.000000000000000000e+00,-1.000000000000000000e+00,-1.000000000000000000e+00,-1.000000000000000000e+00,-1.000000000000000000e+00,-1.000000000000000000e+00,-1.000000000000000000e+00,-1.000000000000000000e+00,-1.000000000000000000e+00,-1.000000000000000000e+00,-1.000000000000000000e+00,-1.000000000000000000e+00,-1.000000000000000000e+00,-1.000000000000000000e+00,-1.000000000000000000e+00,-1.000000000000000000e+00,-1.000000000000000000e+00,-1.000000000000000000e+00,-1.000000000000000000e+00,-1.000000000000000000e+00,-1.000000000000000000e+00,-1.000000000000000000e+00,-1.000000000000000000e+00,-1.000000000000000000e+00,-1.007952070122964061e+00,-1.007954673272321466e+00,-1.007962549825244469e+00,-1.007975894029551567e+00,-1.007994999143220438e+00,-1.008020181824311301e+00,-1.008051604383431110e+00,-1.008088885087177866e+00,-1.008130287389519042e+00,-1.008171099964539685e+00,-1.008200506077609360e+00,-1.008195719161380399e+00,-1.008111329338850393e+00,-1.007860550868528771e+00,-1.007283303870919022e+00,-1.006093882597474565e+00,-1.003798894041922019e+00,-9.995759237480621451e-01,-9.921096225787939815e-01,-9.794059860075977619e-01,-9.586736795067503092e-01,-9.265274009877151329e-01,-8.801184627458328302e-01,-8.203487114357222998e-01,-7.583546149149031912e-01,-7.213141651275594146e-01,-7.213141651596717274e-01,-7.583546149367936806e-01,-8.203487114402525648e-01,-8.801184627755185286e-01,-9.265274010031440133e-01,-9.586736794246748516e-01,-9.794059858907619986e-01,-9.921096224755839854e-01,-9.995759236271355430e-01,-1.003798893852054563e+00,-1.006093882337226963e+00,-1.007283303546354425e+00,-1.007860550477152284e+00,-1.008111328889693237e+00,-1.008195718696494714e+00,-1.008200505586594131e+00,-1.008171099387769942e+00,-1.008130286753379012e+00,-1.008088884525529805e+00,-1.008051603925798068e+00,-1.008020181305676832e+00,-1.007994998542917964e+00,-1.007975893526776634e+00,-1.007962549492722459e+00,-1.007954673065881268e+00,-1.007952069933690575e+00,-1.000000000000000000e+00,-1.000000000000000000e+00,-1.000000000000000000e+00,-1.000000000000000000e+00,-1.000000000000000000e+00,-1.000000000000000000e+00,-1.000000000000000000e+00,-1.000000000000000000e+00,-1.000000000000000000e+00,-1.000000000000000000e+00,-1.000000000000000000e+00,-1.000000000000000000e+00,-1.000000000000000000e+00,-1.000000000000000000e+00,-1.000000000000000000e+00,-1.000000000000000000e+00,-1.000000000000000000e+00,-1.000000000000000000e+00,-1.000000000000000000e+00,-1.000000000000000000e+00,-1.000000000000000000e+00,-1.000000000000000000e+00,-1.000000000000000000e+00,-1.000000000000000000e+00,-1.000000000000000000e+00,-1.000000000000000000e+00,-1.000000000000000000e+00,-1.000000000000000000e+00,-1.000000000000000000e+00,-1.000000000000000000e+00,-1.000000000000000000e+00,-1.000000000000000000e+00,-1.000000000000000000e+00,-1.000000000000000000e+00,-1.000000000000000000e+00,-1.000000000000000000e+00,-1.000000000000000000e+00,-1.000000000000000000e+00,-1.000000000000000000e+00,-1.000000000000000000e+00,-1.000000000000000000e+00,-1.000000000000000000e+00,-1.000000000000000000e+00,-1.000000000000000000e+00,-1.000000000000000000e+00,-1.000000000000000000e+00
-1.000000000000000000e+00,-1.000000000000000000e+00,-1.000000000000000000e+00,-1.000000000000000000e+00,-1.000000000000000000e+00,-1.000000000000000000e+00,-1.000000000000000000e+00,-1.000000000000000000e+00,-1.000000000000000000e+00,-1.000000000000000000e+00,-1.000000000000000000e+00,-1.000000000000000000e+00,-1.000000000000000000e+00,-1.000000000000000000e+00,-1.000000000000000000e+00,-1.000000000000000000e+00,-1.000000000000000000e+00,-1.000000000000000000e+00,-1.000000000000000000e+00,-1.000000000000000000e+00,-1.000000000000000000e+00,-1.000000000000000000e+00,-1.000000000000000000e+00,-1.000000000000000000e+00,-1.000000000000000000e+00,-1.000000000000000000e+00,-1.000000000000000000e+00,-1.000000000000000000e+00,-1.000000000000000000e+00,-1.000000000000000000e+00,-1.000000000000000000e+00,-1.000000000000000000e+00,-1.000000000000000000e+00,-1.000000000000000000e+00,-1.000000000000000000e+00,-1.000000000000000000e+00,-1.000000000000000000e+00,-1.000000000000000000e+00,-1.000000000000000000e+00,-1.000000000000000000e+00,-1.000000000000000000e+00,-1.000000000000000000e+00,-1.000000000000000000e+00,-1.000000000000000000e+00,-1.000000000000000000e+00,-1.000000000000000000e+00,-1.008151618191176713e+00,-1.008153082389832145e+00,-1.008157583711465799e+00,-1.008165443667857764e+00,-1.008177174335838533e+00,-1.008193409987373057e+00,-1.008214733543294717e+00,-1.008241283730183069e+00,-1.008271929702308167e+00,-1.008302622664692727e+00,-1.008323223612866526e+00,-1.008311587890911021e+00,-1.008222859057702925e+00,-1.007970672753293551e+00,-1.007395215865468208e+00,-1.006210904623138669e+00,-1.003924373773577461e+00,-9.997132361858311889e-01,-9.922622980487305622e-01,-9.795779714076789935e-01,-9.588696654907397088e-01,-9.267529948725635736e-01,-8.803796978294688991e-01,-8.206499407142642255e-01,-7.586935883416827675e-01,-7.216752366425152054e-01,-7.216752366641376870e-01,-7.586935883642211831e-01,-8.206499407037806115e-01,-8.803796978280629126e-01,-9.267529948721426880e-01,-9.588696653916118917e-01,-9.795779712520008564e-01,-9.922622978993220766e-01,-9.997132360281869579e-01,-1.003924373544305526e+00,-1.006210904327990319e+00,-1.007395215518623655e+00,-1.007970672351223618e+00,-1.008222858607411121e+00,-1.008311587427490830e+00,-1.008323223124263368e+00,-1.008302622072288823e+00,-1.008271929055325034e+00,-1.008241283192105486e+00,-1.008214733104506822e+00,-1.008193409450309108e+00,-1.008177173703125540e+00,-1.008165443147602591e+00,-1.008157583391141587e+00,-1.008153082167453585e+00,-1.008151617999041294e+00,-1.000000000000000000e+00,-1.000000000000000000e+00,-1.000000000000000000e+00,-1.000000000000000000e+00,-1.000000000000000000e+00,-1.000000000000000000e+00,-1.000000000000000000e+00,-1.000000000000000000e+00,-1.000000000000000000e+00,-1.000000000000000000e+00,-1.000000000000000000e+00,-1.000000000000000000e+00,-1.000000000000000000e+00,-1.000000000000000000e+00,-1.000000000000000000e+00,-1.000000000000000000e+00,-1.000000000000000000e+00,-1.000000000000000000e+00,-1.000000000000000000e+00,-1.000000000000000000e+00,-1.000000000000000000e+00,-1.000000000000000000e+00,-1.000000000000000000e+00,-1.000000000000000000e+00,-1.000000000000000000e+00,-1.000000000000000000e+00,-1.000000000000000000e+00,-1.000000000000000000e+00,-1.000000000000000000e+00,-1.000000000000000000e+00,-1.000000000000000000e+00,-1.000000000000000000e+00,-1.000000000000000000e+00,-1.000000000000000000e+00,-1.000000000000000000e+00,-1.000000000000000000e+00,-1.000000000000000000e+00,-1.000000000000000000e+00,-1.000000000000000000e+00,-1.000000000000000000e+00,-1.000000000000000000e+00,-1.000000000000000000e+00,-1.000000000000000000e+00,-1.000000000000000000e+00,-1.000000000000000000e+00,-1.000000000000000000e+00
-1.000000000000000000e+00,-1.000000000000000000e+00,-1.000000000000000000e+00,-1.000000000000000000e+00,-1.000000000000000000e+00,-1.000000000000000000e+00,-1.000000000000000000e+00,-1.000000000000000000e+00,-1.000000000000000000e+00,-1.000000000000000000e+00,-1.000000000000000000e+00,-1.000000000000000000e+00,-1.000000000000000000e+00,-1.000000000000000000e+00,-1.000000000000000000e+00,-1.000000000000000000e+00,-1.000000000000000000e+00,-1.000000000000000000e+00,-1.000000000000000000e+00,-1.000000000000000000e+00,-1.000000000000000000e+00,-1.000000000000000000e+00,-1.000000000000000000e+00,-1.000000000000000000e+00,-1.000000000000000000e+00,-1.000000000000000000e+00,-1.000000000000000000e+00,-1.000000000000000000e+00,-1.000000000000000000e+00,-1.000000000000000000e+00,-1.000000000000000000e+00,-1.000000000000000000e+00,-1.000000000000000000e+00,-1.000000000000000000e+00,-1.000000000000000000e+00,-1.000000000000000000e+00,-1.000000000000000000e+00,-1.000000000000000000e+00,-1.000000000000000000e+00,-1.000000000000000000e+00,-1.000000000000000000e+00,-1.000000000000000000e+00,-1.000000000000000000e+00,-1.000000000000000000e+00,-1.000000000000000000e+00,-1.000000000000000000e+00,-1.008326738962689539e+00,-1.008326420803743684e+00,-1.008325633490605222e+00,-1.008324878710863182e+00,-1.008324983048725088e+00,-1.008327045972281732e+00,-1.008332278919617631e+00,-1.008341613548142668e+00,-1.008354858243040386e+00,-1.008369007343813850e+00,-1.008375002017620314e+00,-1.008351729101956362e+00,-1.008255222611837310e+00,-1.007999785787948133e+00,-1.007425998112463805e+00,-1.006248388180634112e+00,-1.003973476063045656e+00,-9.997786464233099357e-01,-9.923485248900505429e-01,-9.796895628462503058e-01,-9.590115317406584516e-01,-9.269306029411463754e-01,-8.805986072568183776e-01,-8.209136964932917113e-01,-7.589987357394563094e-01,-7.220044290950442534e-01,-7.220044291007792214e-01,-7.589987357581121641e-01,-8.209136964624541566e-01,-8.805986072153055844e-01,-9.269306029086586962e-01,-9.590115316229160802e-01,-9.796895626534725121e-01,-9.923485246989368624e-01,-9.997786462308565492e-01,-1.003973475807014459e+00,-1.006248387867125782e+00,-1.007425997759218150e+00,-1.007999785376448409e+00,-1.008255222148619179e+00,-1.008351728615493492e+00,-1.008375001503861501e+00,-1.008369006730710504e+00,-1.008354857588379838e+00,-1.008341613024573924e+00,-1.008332278477735766e+00,-1.008327045392679588e+00,-1.008324982358742572e+00,-1.008324878141702907e+00,-1.008325633152409528e+00,-1.008326420539418011e+00,-1.008326738748704487e+00,-1.000000000000000000e+00,-1.000000000000000000e+00,-1.000000000000000000e+00,-1.000000000000000000e+00,-1.000000000000000000e+00,-1.000000000000000000e+00,-1.000000000000000000e+00,-1.000000000000000000e+00,-1.000000000000000000e+00,-1.000000000000000000e+00,-1.000000000000000000e+00,-1.000000000000000000e+00,-1.000000000000000000e+00,-1.000000000000000000e+00,-1.000000000000000000e+00,-1.000000000000000000e+00,-1.000000000000000000e+00,-1.000000000000000000e+00,-1.000000000000000000e+00,-1.000000000000000000e+00,-1.000000000000000000e+00,-1.000000000000000000e+00,-1.000000000000000000e+00,-1.000000000000000000e+00,-1.000000000000000000e+00,-1.000000000000000000e+00,-1.000000000000000000e+00,-1.000000000000000000e+00,-1.000000000000000000e+00,-1.000000000000000000e+00,-1.000000000000000000e+00,-1.000000000000000000e+00,-1.000000000000000000e+00,-1.000000000000000000e+00,-1.000000000000000000e+00,-1.000000000000000000e+00,-1.000000000000000000e+00,-1.000000000000000000e+00,-1.000000000000000000e+00,-1.000000000000000000e+00,-1.000000000000000000e+00,-1.000000000000000000e+00,-1.000000000000000000e+00,-1.000000000000000000e+00,-1.000000000000000000e+00,-1.000000000000000000e+00
-1.000000000000000000e+00,-1.000000000000000000e+00,-1.000000000000000000e+00,-1.000000000000000000e+00,-1.000000000000000000e+00,-1.000000000000000000e+00,-1.000000000000000000e+00,-1.000000000000000000e+00,-1.000000000000000000e+00,-1.000000000000000000e+00,-1.000000000000000000e+00,-1.000000000000000000e+00,-1.000000000000000000e+00,-1.000000000000000000e+00,-1.000000000000000000e+00,-1.000000000000000000e+00,-1.000000000000000000e+00,-1.000000000000000000e+00,-1.000000000000000000e+00,-1.000000000000000000e+00,-1.000000000000000000e+00,-1.000000000000000000e+00,-1.000000000000000000e+00,-1.000000000000000000e+00,-1.000000000000000000e+00,-1.000000000000000000e+00,-1.000000000000000000e+00,-1.000000000000000000e+00,-1.000000000000000000e+00,-1.000000000000000000e+00,-1.000000000000000000e+00,-1.000000000000000000e+00,-1.000000000000000000e+00,-1.000000000000000000e+00,-1.000000000000000000e+00,-1.000000000000000000e+00,-1.000000000000000000e+00,-1.000000000000000000e+00,-1.000000000000000000e+00,-1.000000000000000000e+00,-1.000000000000000000e+00,-1.000000000000000000e+00,-1.000000000000000000e+00,-1.000000000000000000e+00,-1.000000000000000000e+00,-1.000000000000000000e+00,-1.008467178578658530e+00,-1.008464108847032081e+00,-1.008455146295683669e+00,-1.008441040469621131e+00,-1.008423059384887077e+00,-1.008402971441287654e+00,-1.008382914614497805e+00,-1.008365016986697782e+00,-1.008350533625584688e+00,-1.008338093986733686e+00,-1.008320356531026807e+00,-1.008277865013326835e+00,-1.008168090786581983e+00,-1.007906407532844328e+00,-1.007333994760299278e+00,-1.006165478815766345e+00,-1.003907032087873352e+00,-9.997353923844137791e-01,-9.923344549944846937e-01,-9.797100944153805946e-01,-9.590718232697318379e-01,-9.270357894855312253e-01,-8.807533946073751174e-01,-8.211202913474147103e-01,-7.592518369962469871e-01,-7.222842742446845543e-01,-7.222842742301178731e-01,-7.592518369973860759e-01,-8.211202912942154875e-01,-8.807533945258021468e-01,-9.270357894128146148e-01,-9.590718231298440699e-01,-9.797100941833630783e-01,-9.923344547546704142e-01,-9.997353921495960583e-01,-1.003907031812451667e+00,-1.006165478496256149e+00,-1.007333994403570410e+00,-1.007906407105602531e+00,-1.008168090294348396e+00,-1.008277864491447184e+00,-1.008320355976193294e+00,-1.008338093344400166e+00,-1.008350532957698720e+00,-1.008365016449840557e+00,-1.008382914135189434e+00,-1.008402970807393162e+00,-1.008423058633215685e+00,-1.008441039831148744e+00,-1.008455145905965633e+00,-1.008464108496131439e+00,-1.008467178290352040e+00,-1.000000000000000000e+00,-1.000000000000000000e+00,-1.000000000000000000e+00,-1.000000000000000000e+00,-1.000000000000000000e+00,-1.000000000000000000e+00,-1.000000000000000000e+00,-1.000000000000000000e+00,-1.000000000000000000e+00,-1.000000000000000000e+00,-1.000000000000000000e+00,-1.000000000000000000e+00,-1.000000000000000000e+00,-1.000000000000000000e+00,-1.000000000000000000e+00,-1.000000000000000000e+00,-1.000000000000000000e+00,-1.000000000000000000e+00,-1.000000000000000000e+00,-1.000000000000000000e+00,-1.000000000000000000e+00,-1.000000000000000000e+00,-1.000000000000000000e+00,-1.000000000000000000e+00,-1.000000000000000000e+00,-1.000000000000000000e+00,-1.000000000000000000e+00,-1.000000000000000000e+00,-1.000000000000000000e+00,-1.000000000000000000e+00,-1.000000000000000000e+00,-1.000000000000000000e+00,-1.000000000000000000e+00,-1.000000000000000000e+00,-1.000000000000000000e+00,-1.000000000000000000e+00,-1.000000000000000000e+00,-1.000000000000000000e+00,-1.000000000000000000e+00,-1.000000000000000000e+00,-1.000000000000000000e+00,-1.000000000000000000e+00,-1.000000000000000000e+00,-1.000000000000000000e+00,-1.000000000000000000e+00,-1.000000000000000000e+00
-1.000000000000000000e+00,-1.000000000000000000e+00,-1.000000000000000000e+00,-1.000000000000000000e+00,-1.000000000000000000e+00,-1.000000000000000000e+00,-1.000000000000000000e+00,-1.000000000000000000e+00,-1.000000000000000000e+00,-1.000000000000000000e+00,-1.000000000000000000e+00,-1.000000000000000000e+00,-1.000000000000000000e+00,-1.000000000000000000e+00,-1.000000000000000000e+00,-1.000000000000000000e+00,-1.000000000000000000e+00,-1.000000000000000000e+00,-1.000000000000000000e+00,-1.000000000000000000e+00,-1.000000000000000000e+00,-1.000000000000000000e+00,-1.000000000000000000e+00,-1.000000000000000000e+00,-1.000000000000000000e+00,-1.000000000000000000e+00,-1.000000000000000000e+00,-1.000000000000000000e+00,-1.000000000000000000e+00,-1.000000000000000000e+00,-1.000000000000000000e+00,-1.000000000000000000e+00,-1.000000000000000000e+00,-1.000000000000000000e+00,-1.000000000000000000e+00,-1.000000000000000000e+00,-1.000000000000000000e+00,-1.000000000000000000e+00,-1.000000000000000000e+00,-1.000000000000000000e+00,-1.000000000000000000e+00,-1.000000000000000000e+00,-1.000000000000000000e+00,-1.000000000000000000e+00,-1.000000000000000000e+00,-1.000000000000000000e+00,-1.008559519978658336e+00,-1.008552250402014128e+00,-1.008530791961306017e+00,-1.008496222767387041e+00,-1.008450412506877392e+00,-1.008396070988927251e+00,-1.008336681684986802e+00,-1.008276159672678141e+00,-1.008217973473838791e+00,-1.008163304870135057e+00,-1.008107536358504808e+00,-1.008033872068421655e+00,-1.007902108445009715e+00,-1.007629349508405214e+00,-1.007057717808629738e+00,-1.005901916886615233e+00,-1.003667392868274222e+00,-9.995295554928005366e-01,-9.921706776660874638e-01,-9.795950620717008839e-01,-9.590109668510181651e-01,-9.270335971564584998e-01,-8.808131192229611273e-01,-8.212419804857660210e-01,-7.594273626598594396e-01,-7.224903752059412820e-01,-7.224903751753315451e-01,-7.594273626353109652e-01,-8.212419804197936823e-01,-8.808131191144126237e-01,-9.270335970527576741e-01,-9.590109666952391088e-01,-9.795950618023652190e-01,-9.921706773660503575e-01,-9.995295552055137867e-01,-1.003667392568882821e+00,-1.005901916553053610e+00,-1.007057717428767152e+00,-1.007629349055680690e+00,-1.007902107920914725e+00,-1.008033871511729407e+00,-1.008107535755168982e+00,-1.008163304175407671e+00,-1.008217972758497449e+00,-1.008276159070815137e+00,-1.008336681115413525e+00,-1.008396070286567081e+00,-1.008450411717655815e+00,-1.008496222089444005e+00,-1.008530791536641491e+00,-1.008552249964859593e+00,-1.008559519586516906e+00,-1.000000000000000000e+00,-1.000000000000000000e+00,-1.000000000000000000e+00,-1.000000000000000000e+00,-1.000000000000000000e+00,-1.000000000000000000e+00,-1.000000000000000000e+00,-1.000000000000000000e+00,-1.000000000000000000e+00,-1.000000000000000000e+00,-1.000000000000000000e+00,-1.000000000000000000e+00,-1.000000000000000000e+00,-1.000000000000000000e+00,-1.000000000000000000e+00,-1.000000000000000000e+00,-1.000000000000000000e+00,-1.000000000000000000e+00,-1.000000000000000000e+00,-1.000000000000000000e+00,-1.000000000000000000e+00,-1.000000000000000000e+00,-1.000000000000000000e+00,-1.000000000000000000e+00,-1.000000000000000000e+00,-1.000000000000000000e+00,-1.000000000000000000e+00,-1.000000000000000000e+00,-1.000000000000000000e+00,-1.000000000000000000e+00,-1.000000000000000000e+00,-1.000000000000000000e+00,-1.000000000000000000e+00,-1.000000000000000000e+00,-1.000000000000000000e+00,-1.000000000000000000e+00,-1.000000000000000000e+00,-1.000000000000000000e+00,-1.000000000000000000e+00,-1.000000000000000000e+00,-1.000000000000000000e+00,-1.000000000000000000e+00,-1.000000000000000000e+00,-1.000000000000000000e+00,-1.000000000000000000e+00,-1.000000000000000000e+00
-1.000000000000000000e+00,-1.000000000000000000e+00,-1.000000000000000000e+00,-1.000000000000000000e+00,-1.000000000000000000e+00,-1.000000000000000000e+00,-1.000000000000000000e+00,-1.000000000000000000e+00,-1.000000000000000000e+00,-1.000000000000000000e+00,-1.000000000000000000e+00,-1.000000000000000000e+00,-1.000000000000000000e+00,-1.000000000000000000e+00,-1.000000000000000000e+00,-1.000000000000000000e+00,-1.000000000000000000e+00,-1.000000000000000000e+00,-1.000000000000000000e+00,-1.000000000000000000e+00,-1.000000000000000000e+00,-1.000000000000000000e+00,-1.000000000000000000e+00,-1.000000000000000000e+00,-1.000000000000000000e+00,-1.000000000000000000e+00,-1.000000000000000000e+00,-1.000000000000000000e+00,-1.000000000000000000e+00,-1.000000000000000000e+00,-1.000000000000000000e+00,-1.000000000000000000e+00,-1.000000000000000000e+00,-1.000000000000000000e+00,-1.000000000000000000e+00,-1.000000000000000000e+00,-1.000000000000000000e+00,-1.000000000000000000e+00,-1.000000000000000000e+00,-1.000000000000000000e+00,-1.000000000000000000e+00,-1.000000000000000000e+00,-1.000000000000000000e+00,-1.000000000000000000e+00,-1.000000000000000000e+00,-1.000000000000000000e+00,-1.008586398601968526e+00,-1.008572783924638117e+00,-1.008532417392471459e+00,-1.008466790785480960e+00,-1.008378562810657630e+00,-1.008271733370122325e+00,-1.008151705860661496e+00,-1.008025034383604357e+00,-1.007898549756178985e+00,-1.007777400078281982e+00,-1.007661278061413812e+00,-1.007537655734729753e+00,-1.007370094903851321e+00,-1.007078511188359560e+00,-1.006506538432781150e+00,-1.005368931249368991e+00,-1.003169798000421276e+00,-9.990821180963378456e-01,-9.917851045582637415e-01,-9.792798960200176372e-01,-9.587719177174629515e-01,-9.268739941185828446e-01,-8.807338243127622590e-01,-8.212396203157428243e-01,-7.594894937733066564e-01,-7.225886088948707542e-01,-7.225886088655522066e-01,-7.594894937331705398e-01,-8.212396202539842260e-01,-8.807338241936257806e-01,-9.268739939968987374e-01,-9.587719175604748623e-01,-9.792798957358188616e-01,-9.917851042099361525e-01,-9.990821177594437774e-01,-1.003169797663930884e+00,-1.005368930877344136e+00,-1.006506538002895246e+00,-1.007078510695214923e+00,-1.007370094344112621e+00,-1.007537655125920750e+00,-1.007661277381267428e+00,-1.007777399305085364e+00,-1.007898548967562480e+00,-1.008025033687375283e+00,-1.008151705174790580e+00,-1.008271732583988278e+00,-1.008378561983827693e+00,-1.008466790088625720e+00,-1.008532416969699863e+00,-1.008572783454825483e+00,-1.008586398148102692e+00,-1.000000000000000000e+00,-1.000000000000000000e+00,-1.000000000000000000e+00,-1.000000000000000000e+00,-1.000000000000000000e+00,-1.000000000000000000e+00,-1.000000000000000000e+00,-1.000000000000000000e+00,-1.000000000000000000e+00,-1.000000000000000000e+00,-1.000000000000000000e+00,-1.000000000000000000e+00,-1.000000000000000000e+00,-1.000000000000000000e+00,-1.000000000000000000e+00,-1.000000000000000000e+00,-1.000000000000000000e+00,-1.000000000000000000e+00,-1.000000000000000000e+00,-1.000000000000000000e+00,-1.000000000000000000e+00,-1.000000000000000000e+00,-1.000000000000000000e+00,-1.000000000000000000e+00,-1.000000000000000000e+00,-1.000000000000000000e+00,-1.000000000000000000e+00,-1.000000000000000000e+00,-1.000000000000000000e+00,-1.000000000000000000e+00,-1.000000000000000000e+00,-1.000000000000000000e+00,-1.000000000000000000e+00,-1.000000000000000000e+00,-1.000000000000000000e+00,-1.000000000000000000e+00,-1.000000000000000000e+00,-1.000000000000000000e+00,-1.000000000000000000e+00,-1.000000000000000000e+00,-1.000000000000000000e+00,-1.000000000000000000e+00,-1.000000000000000000e+00,-1.000000000000000000e+00,-1.000000000000000000e+00,-1.000000000000000000e+00
-1.000000000000000000e+00,-1.000000000000000000e+00,-1.000000000000000000e+00,-1.000000000000000000e+00,-1.000000000000000000e+00,-1.000000000000000000e+00,-1.000000000000000000e+00,-1.000000000000000000e+00,-1.000000000000000000e+00,-1.000000000000000000e+00,-1.000000000000000000e+00,-1.000000000000000000e+00,-1.000000000000000000e+00,-1.000000000000000000e+00,-1.000000000000000000e+00,-1.000000000000000000e+00,-1.000000000000000000e+00,-1.000000000000000000e+00,-1.000000000000000000e+00,-1.000000000000000000e+00,-1.000000000000000000e+00,-1.000000000000000000e+00,-1.000000000000000000e+00,-1.000000000000000000e+00,-1.000000000000000000e+00,-1.000000000000000000e+00,-1.000000000000000000e+00,-1.000000000000000000e+00,-1.000000000000000000e+00,-1.000000000000000000e+00,-1.000000000000000000e+00,-1.000000000000000000e+00,-1.000000000000000000e+00,-1.000000000000000000e+00,-1.000000000000000000e+00,-1.000000000000000000e+00,-1.000000000000000000e+00,-1.000000000000000000e+00,-1.000000000000000000e+00,-1.000000000000000000e+00,-1.000000000000000000e+00,-1.000000000000000000e+00,-1.000000000000000000e+00,-1.000000000000000000e+00,-1.000000000000000000e+00,-1.000000000000000000e+00,-1.008525646531935882e+00,-1.008502540336347897e+00,-1.008433840724957342e+00,-1.008321520536755278e+00,-1.008169218129995048e+00,-1.007982641139807845e+00,-1.007769874652686193e+00,-1.007541318878278691e+00,-1.007308869901544446e+00,-1.007083807450293245e+00,-1.006872622734878098e+00,-1.006669623562716831e+00,-1.006444469390284535e+00,-1.006121657186440421e+00,-1.005547273655808649e+00,-1.004436096807160839e+00,-1.002289915638141959e+00,-9.982775059134727513e-01,-9.910727194676377527e-01,-9.786710029437447611e-01,-9.582724703355465223e-01,-9.264853408767742549e-01,-8.804529825720731617e-01,-8.210578732375151123e-01,-7.593878419436477234e-01,-7.225311059770814781e-01,-7.225311059577916861e-01,-7.593878418891774063e-01,-8.210578731798208185e-01,-8.804529824535063387e-01,-9.264853407439737065e-01,-9.582724701825150460e-01,-9.786710026634061199e-01,-9.910727190917852925e-01,-9.982775055415453735e-01,-1.002289915267210230e+00,-1.004436096395742828e+00,-1.005547273179721257e+00,-1.006121656639321182e+00,-1.006444468764709166e+00,-1.006669622856427804e+00,-1.006872621938998957e+00,-1.007083806601047682e+00,-1.007308869074633462e+00,-1.007541318115833029e+00,-1.007769873859214016e+00,-1.007982640257999885e+00,-1.008169217231712933e+00,-1.008321519779651343e+00,-1.008433840274487903e+00,-1.008502539855618219e+00,-1.008525646078236138e+00,-1.000000000000000000e+00,-1.000000000000000000e+00,-1.000000000000000000e+00,-1.000000000000000000e+00,-1.000000000000000000e+00,-1.000000000000000000e+00,-1.000000000000000000e+00,-1.000000000000000000e+00,-1.000000000000000000e+00,-1.000000000000000000e+00,-1.000000000000000000e+00,-1.000000000000000000e+00,-1.000000000000000000e+00,-1.000000000000000000e+00,-1.000000000000000000e+00,-1.000000000000000000e+00,-1.000000000000000000e+00,-1.000000000000000000e+00,-1.000000000000000000e+00,-1.000000000000000000e+00,-1.000000000000000000e+00,-1.000000000000000000e+00,-1.000000000000000000e+00,-1.000000000000000000e+00,-1.000000000000000000e+00,-1.000000000000000000e+00,-1.000000000000000000e+00,-1.000000000000000000e+00,-1.000000000000000000e+00,-1.000000000000000000e+00,-1.000000000000000000e+00,-1.000000000000000000e+00,-1.000000000000000000e+00,-1.000000000000000000e+00,-1.000000000000000000e+00,-1.000000000000000000e+00,-1.000000000000000000e+00,-1.000000000000000000e+00,-1.000000000000000000e+00,-1.000000000000000000e+00,-1.000000000000000000e+00,-1.000000000000000000e+00,-1.000000000000000000e+00,-1.000000000000000000e+00,-1.000000000000000000e+00,-1.000000000000000000e+00
-1.000000000000000000e+00,-1.000000000000000000e+00,-1.000000000000000000e+00,-1.000000000000000000e+00,-1.000000000000000000e+00,-1.000000000000000000e+00,-1.000000000000000000e+00,-1.000000000000000000e+00,-1.000000000000000000e+00,-1.000000000000000000e+00,-1.000000000000000000e+00,-1.000000000000000000e+00,-1.000000000000000000e+00,-1.000000000000000000e+00,-1.000000000000000000e+00,-1.000000000000000000e+00,-1.000000000000000000e+00,-1.000000000000000000e+00,-1.000000000000000000e+00,-1.000000000000000000e+00,-1.000000000000000000e+00,-1.000000000000000000e+00,-1.000000000000000000e+00,-1.000000000000000000e+00,-1.000000000000000000e+00,-1.000000000000000000e+00,-1.000000000000000000e+00,-1.000000000000000000e+00,-1.000000000000000000e+00,-1.000000000000000000e+00,-1.000000000000000000e+00,-1.000000000000000000e+00,-1.000000000000000000e+00,-1.000000000000000000e+00,-1.000000000000000000e+00,-1.000000000000000000e+00,-1.000000000000000000e+00,-1.000000000000000000e+00,-1.000000000000000000e+00,-1.000000000000000000e+00,-1.000000000000000000e+00,-1.000000000000000000e+00,-1.000000000000000000e+00,-1.000000000000000000e+00,-1.000000000000000000e+00,-1.000000000000000000e+00,-1.008349443475852647e+00,-1.008312283581670243e+00,-1.008201551841514609e+00,-1.008019705457936066e+00,-1.007771499028142115e+00,-1.007464795029879623e+00,-1.007111324387811591e+00,-1.006727003888869598e+00,-1.006331284964838479e+00,-1.005944865403961774e+00,-1.005584914095397853e+00,-1.005256657865530423e+00,-1.004939617476223956e+00,-1.004565760008616193e+00,-1.003985182435682244e+00,-1.002912669146403202e+00,-1.000846125437946821e+00,-9.969472898497904190e-01,-9.898809960918943940e-01,-9.776330189024348138e-01,-9.573943067750179114e-01,-9.257650681690375860e-01,-8.798815478431653014e-01,-8.206183206423081078e-01,-7.590512804195175267e-01,-7.222504433985370564e-01,-7.222504433855710948e-01,-7.590512803461164637e-01,-8.206183205673185377e-01,-8.798815477165806698e-01,-9.257650680128309828e-01,-9.573943066070221830e-01,-9.776330186190328453e-01,-9.898809956959525591e-01,-9.969472894527032780e-01,-1.000846125045346646e+00,-1.002912668712377942e+00,-1.003985181934753390e+00,-1.004565759412801684e+00,-1.004939616776318489e+00,-1.005256657062358006e+00,-1.005584913199321528e+00,-1.005944864500451397e+00,-1.006331284124815095e+00,-1.006727003077561022e+00,-1.007111323497572375e+00,-1.007464794068515967e+00,-1.007771498080563655e+00,-1.008019704646582415e+00,-1.008201551321642242e+00,-1.008312283040429191e+00,-1.008349442987761968e+00,-1.000000000000000000e+00,-1.000000000000000000e+00,-1.000000000000000000e+00,-1.000000000000000000e+00,-1.000000000000000000e+00,-1.000000000000000000e+00,-1.000000000000000000e+00,-1.000000000000000000e+00,-1.000000000000000000e+00,-1.000000000000000000e+00,-1.000000000000000000e+00,-1.000000000000000000e+00,-1.000000000000000000e+00,-1.000000000000000000e+00,-1.000000000000000000e+00,-1.000000000000000000e+00,-1.000000000000000000e+00,-1.000000000000000000e+00,-1.000000000000000000e+00,-1.000000000000000000e+00,-1.000000000000000000e+00,-1.000000000000000000e+00,-1.000000000000000000e+00,-1.000000000000000000e+00,-1.000000000000000000e+00,-1.000000000000000000e+00,-1.000000000000000000e+00,-1.000000000000000000e+00,-1.000000000000000000e+00,-1.000000000000000000e+00,-1.000000000000000000e+00,-1.000000000000000000e+00,-1.000000000000000000e+00,-1.000000000000000000e+00,-1.000000000000000000e+00,-1.000000000000000000e+00,-1.000000000000000000e+00,-1.000000000000000000e+00,-1.000000000000000000e+00,-1.000000000000000000e+00,-1.000000000000000000e+00,-1.000000000000000000e+00,-1.000000000000000000e+00,-1.000000000000000000e+00,-1.000000000000000000e+00,-1.000000000000000000e+00
-1.000000000000000000e+00,-1.000000000000000000e+00,-1.000000000000000000e+00,-1.000000000000000000e+00,-1.000000000000000000e+00,-1.000000000000000000e+00,-1.000000000000000000e+00,-1.000000000000000000e+00,-1.000000000000000000e+00,-1.000000000000000000e+00,-1.000000000000000000e+00,-1.000000000000000000e+00,-1.000000000000000000e+00,-1.000000000000000000e+00,-1.000000000000000000e+00,-1.000000000000000000e+00,-1.000000000000000000e+00,-1.000000000000000000e+00,-1.000000000000000000e+00,-1.000000000000000000e+00,-1.000000000000000000e+00,-1.000000000000000000e+00,-1.000000000000000000e+00,-1.000000000000000000e+00,-1.000000000000000000e+00,-1.000000000000000000e+00,-1.000000000000000000e+00,-1.000000000000000000e+00,-1.000000000000000000e+00,-1.000000000000000000e+00,-1.000000000000000000e+00,-1.000000000000000000e+00,-1.000000000000000000e+00,-1.000000000000000000e+00,-1.000000000000000000e+00,-1.000000000000000000e+00,-1.000000000000000000e+00,-1.000000000000000000e+00,-1.000000000000000000e+00,-1.000000000000000000e+00,-1.000000000000000000e+00,-1.000000000000000000e+00,-1.000000000000000000e+00,-1.000000000000000000e+00,-1.000000000000000000e+00,-1.000000000000000000e+00,-1.008023618286614909e+00,-1.007965878709981888e+00,-1.007793465641268815e+00,-1.007509172714913026e+00,-1.007118837276906653e+00,-1.006632851766171788e+00,-1.006067730294942342e+00,-1.005447147403325969e+00,-1.004801687413382938e+00,-1.004166396200947053e+00,-1.003575116353163876e+00,-1.003050443648973333e+00,-1.002587801004507950e+00,-1.002131319283361854e+00,-1.001537671634979088e+00,-1.000521671145932601e+00,-9.985748677985782917e-01,-9.948474730057809134e-01,-9.879895433719766418e-01,-9.759709770894305914e-01,-9.559676264075023244e-01,-9.245665335256966211e-01,-8.788926824408098692e-01,-8.198096309809085325e-01,-7.583790844925646368e-01,-7.216512734250468686e-01,-7.216512734052416000e-01,-7.583790843975148910e-01,-8.198096308766076312e-01,-8.788926823083358375e-01,-9.245665333402528496e-01,-9.559676261980565304e-01,-9.759709767790876178e-01,-9.879895429427915099e-01,-9.948474725636782257e-01,-9.985748673727443681e-01,-1.000521670695085907e+00,-1.001537671120865225e+00,-1.002131318662633275e+00,-1.002587800268144091e+00,-1.003050442795414998e+00,-1.003575115402530304e+00,-1.004166395259252997e+00,-1.004801686544969819e+00,-1.005447146529697688e+00,-1.006067729328265825e+00,-1.006632850780926347e+00,-1.007118836363225745e+00,-1.007509171939219295e+00,-1.007793465091577634e+00,-1.007965878096928058e+00,-1.008023617692624940e+00,-1.000000000000000000e+00,-1.000000000000000000e+00,-1.000000000000000000e+00,-1.000000000000000000e+00,-1.000000000000000000e+00,-1.000000000000000000e+00,-1.000000000000000000e+00,-1.000000000000000000e+00,-1.000000000000000000e+00,-1.000000000000000000e+00,-1.000000000000000000e+00,-1.000000000000000000e+00,-1.000000000000000000e+00,-1.000000000000000000e+00,-1.000000000000000000e+00,-1.000000000000000000e+00,-1.000000000000000000e+00,-1.000000000000000000e+00,-1.000000000000000000e+00,-1.000000000000000000e+00,-1.000000000000000000e+00,-1.000000000000000000e+00,-1.000000000000000000e+00,-1.000000000000000000e+00,-1.000000000000000000e+00,-1.000000000000000000e+00,-1.000000000000000000e+00,-1.000000000000000000e+00,-1.000000000000000000e+00,-1.000000000000000000e+00,-1.000000000000000000e+00,-1.000000000000000000e+00,-1.000000000000000000e+00,-1.000000000000000000e+00,-1.000000000000000000e+00,-1.000000000000000000e+00,-1.000000000000000000e+00,-1.000000000000000000e+00,-1.000000000000000000e+00,-1.000000000000000000e+00,-1.000000000000000000e+00,-1.000000000000000000e+00,-1.000000000000000000e+00,-1.000000000000000000e+00,-1.000000000000000000e+00,-1.000000000000000000e+00
-1.000000000000000000e+00,-1.000000000000000000e+00,-1.000000000000000000e+00,-1.000000000000000000e+00,-1.000000000000000000e+00,-1.000000000000000000e+00,-1.000000000000000000e+00,-1.000000000000000000e+00,-1.000000000000000000e+00,-1.000000000000000000e+00,-1.000000000000000000e+00,-1.000000000000000000e+00,-1.000000000000000000e+00,-1.000000000000000000e+00,-1.000000000000000000e+00,-1.000000000000000000e+00,-1.000000000000000000e+00,-1.000000000000000000e+00,-1.000000000000000000e+00,-1.000000000000000000e+00,-1.000000000000000000e+00,-1.000000000000000000e+00,-1.000000000000000000e+00,-1.000000000000000000e+00,-1.000000000000000000e+00,-1.000000000000000000e+00,-1.000000000000000000e+00,-1.000000000000000000e+00,-1.000000000000000000e+00,-1.000000000000000000e+00,-1.000000000000000000e+00,-1.000000000000000000e+00,-1.000000000000000000e+00,-1.000000000000000000e+00,-1.000000000000000000e+00,-1.000000000000000000e+00,-1.000000000000000000e+00,-1.000000000000000000e+00,-1.000000000000000000e+00,-1.000000000000000000e+00,-1.000000000000000000e+00,-1.000000000000000000e+00,-1.000000000000000000e+00,-1.000000000000000000e+00,-1.000000000000000000e+00,-1.000000000000000000e+00,-1.007507335213018829e+00,-1.007419830397126015e+00,-1.007157994969313242e+00,-1.006724508500320026e+00,-1.006125875524383595e+00,-1.005375111214862560e+00,-1.004494701643541266e+00,-1.003518960566754492e+00,-1.002494629470356502e+00,-1.001478386814461663e+00,-1.000529912967416779e+00,-9.996992703410956249e-01,-9.990074076279541471e-01,-9.984181949299318903e-01,-9.977990818351877289e-01,-9.968650302892908543e-01,-9.950973691879126948e-01,-9.916277418363309559e-01,-9.850824592677365210e-01,-9.734059850222618326e-01,-9.537500625867196824e-01,-9.226808617304815829e-01,-8.773060484005794635e-01,-8.184737348460149331e-01,-7.572283761152275305e-01,-7.205984057352634586e-01,-7.205984057085303984e-01,-7.572283760218948556e-01,-8.184737347263721929e-01,-8.773060482647807579e-01,-9.226808615103144762e-01,-9.537500623230588115e-01,-9.734059846821671025e-01,-9.850824588099289514e-01,-9.916277413432958987e-01,-9.950973687207869123e-01,-9.968650298144159372e-01,-9.977990812847910007e-01,-9.984181942677444743e-01,-9.990074068606626945e-01,-9.996992694467051743e-01,-1.000529911971922203e+00,-1.001478385852133446e+00,-1.002494628603322946e+00,-1.003518959672321076e+00,-1.004494700639135152e+00,-1.005375110216271795e+00,-1.006125874638317708e+00,-1.006724507774702682e+00,-1.007157994426631786e+00,-1.007419829783186227e+00,-1.007507334554067491e+00,-1.000000000000000000e+00,-1.000000000000000000e+00,-1.000000000000000000e+00,-1.000000000000000000e+00,-1.000000000000000000e+00,-1.000000000000000000e+00,-1.000000000000000000e+00,-1.000000000000000000e+00,-1.000000000000000000e+00,-1.000000000000000000e+00,-1.000000000000000000e+00,-1.000000000000000000e+00,-1.000000000000000000e+00,-1.000000000000000000e+00,-1.000000000000000000e+00,-1.000000000000000000e+00,-1.000000000000000000e+00,-1.000000000000000000e+00,-1.000000000000000000e+00,-1.000000000000000000e+00,-1.000000000000000000e+00,-1.000000000000000000e+00,-1.000000000000000000e+00,-1.000000000000000000e+00,-1.000000000000000000e+00,-1.000000000000000000e+00,-1.000000000000000000e+00,-1.000000000000000000e+00,-1.000000000000000000e+00,-1.000000000000000000e+00,-1.000000000000000000e+00,-1.000000000000000000e+00,-1.000000000000000000e+00,-1.000000000000000000e+00,-1.000000000000000000e+00,-1.000000000000000000e+00,-1.000000000000000000e+00,-1.000000000000000000e+00,-1.000000000000000000e+00,-1.000000000000000000e+00,-1.000000000000000000e+00,-1.000000000000000000e+00,-1.000000000000000000e+00,-1.000000000000000000e+00,-1.000000000000000000e+00,-1.000000000000000000e+00
-1.000000000000000000e+00,-1.000000000000000000e+00,-1.000000000000000000e+00,-1.000000000000000000e+00,-1.000000000000000000e+00,-1.000000000000000000e+00,-1.000000000000000000e+00,-1.000000000000000000e+00,-1.000000000000000000e+00,-1.000000000000000000e+00,-1.000000000000000000e+00,-1.000000000000000000e+00,-1.000000000000000000e+00,-1.000000000000000000e+00,-1.000000000000000000e+00,-1.000000000000000000e+00,-1.000000000000000000e+00,-1.000000000000000000e+00,-1.000000000000000000e+00,-1.000000000000000000e+00,-1.000000000000000000e+00,-1.000000000000000000e+00,-1.000000000000000000e+00,-1.000000000000000000e+00,-1.000000000000000000e+00,-1.000000000000000000e+00,-1.000000000000000000e+00,-1.000000000000000000e+00,-1.000000000000000000e+00,-1.000000000000000000e+00,-1.000000000000000000e+00,-1.000000000000000000e+00,-1.000000000000000000e+00,-1.000000000000000000e+00,-1.000000000000000000e+00,-1.000000000000000000e+00,-1.000000000000000000e+00,-1.000000000000000000e+00,-1.000000000000000000e+00,-1.000000000000000000e+00,-1.000000000000000000e+00,-1.000000000000000000e+00,-1.000000000000000000e+00,-1.000000000000000000e+00,-1.000000000000000000e+00,-1.000000000000000000e+00,-1.006753511912788834e+00,-1.006623560796751082e+00,-1.006233875625232699e+00,-1.005586023197702739e+00,-1.004686019216439963e+00,-1.003548924356737704e+00,-1.002204144029442912e+00,-1.000700112666631503e+00,-9.991065770847331606e-01,-9.975124046789409782e-01,-9.960169191539777200e-01,-9.947132781328362761e-01,-9.936631404145067625e-01,-9.928622341952323405e-01,-9.921955977657904713e-01,-9.913786666359263311e-01,-9.898765711825879832e-01,-9.867914833700581756e-01,-9.807121938681065965e-01,-9.695432223807990413e-01,-9.503987129716175986e-01,-9.198126140627597147e-01,-8.748665269878901363e-01,-8.163868898528441331e-01,-7.553967700203303437e-01,-7.189002478435422283e-01,-7.189002478076189639e-01,-7.553967699283532511e-01,-8.163868897123047752e-01,-8.748665268287610930e-01,-9.198126138043165589e-01,-9.503987126617897685e-01,-9.695432220269517565e-01,-9.807121934042010158e-01,-9.867914828560173657e-01,-9.898765706946495158e-01,-9.913786661340407980e-01,-9.921955971634325300e-01,-9.928622334731213028e-01,-9.936631395867441263e-01,-9.947132771643055760e-01,-9.960169180948643675e-01,-9.975124036987657039e-01,-9.991065762416536655e-01,-1.000700111784329494e+00,-1.002204142993048830e+00,-1.003548923289272921e+00,-1.004686018267036518e+00,-1.005586022436629756e+00,-1.006233875018700985e+00,-1.006623560176628907e+00,-1.006753511227931330e+00,-1.000000000000000000e+00,-1.000000000000000000e+00,-1.000000000000000000e+00,-1.000000000000000000e+00,-1.000000000000000000e+00,-1.000000000000000000e+00,-1.000000000000000000e+00,-1.000000000000000000e+00,-1.000000000000000000e+00,-1.000000000000000000e+00,-1.000000000000000000e+00,-1.000000000000000000e+00,-1.000000000000000000e+00,-1.000000000000000000e+00,-1.000000000000000000e+00,-1.000000000000000000e+00,-1.000000000000000000e+00,-1.000000000000000000e+00,-1.000000000000000000e+00,-1.000000000000000000e+00,-1.000000000000000000e+00,-1.000000000000000000e+00,-1.000000000000000000e+00,-1.000000000000000000e+00,-1.000000000000000000e+00,-1.000000000000000000e+00,-1.000000000000000000e+00,-1.000000000000000000e+00,-1.000000000000000000e+00,-1.000000000000000000e+00,-1.000000000000000000e+00,-1.000000000000000000e+00,-1.000000000000000000e+00,-1.000000000000000000e+00,-1.000000000000000000e+00,-1.000000000000000000e+00,-1.000000000000000000e+00,-1.000000000000000000e+00,-1.000000000000000000e+00,-1.000000000000000000e+00,-1.000000000000000000e+00,-1.000000000000000000e+00,-1.000000000000000000e+00,-1.000000000000000000e+00,-1.000000000000000000e+00,-1.000000000000000000e+00
-1.000000000000000000e+00,-1.000000000000000000e+00,-1.000000000000000000e+00,-1.000000000000000000e+00,-1.000000000000000000e+00,-1.000000000000000000e+00,-1.000000000000000000e+00,-1.000000000000000000e+00,-1.000000000000000000e+00,-1.000000000000000000e+00,-1.000000000000000000e+00,-1.000000000000000000e+00,-1.000000000000000000e+00,-1.000000000000000000e+00,-1.000000000000000000e+00,-1.000000000000000000e+00,-1.000000000000000000e+00,-1.000000000000000000e+00,-1.000000000000000000e+00,-1.000000000000000000e+00,-1.000000000000000000e+00,-1.000000000000000000e+00,-1.000000000000000000e+00,-1.000000000000000000e+00,-1.000000000000000000e+00,-1.000000000000000000e+00,-1.000000000000000000e+00,-1.000000000000000000e+00,-1.000000000000000000e+00,-1.000000000000000000e+00,-1.000000000000000000e+00,-1.000000000000000000e+00,-1.000000000000000000e+00,-1.000000000000000000e+00,-1.000000000000000000e+00,-1.000000000000000000e+00,-1.000000000000000000e+00,-1.000000000000000000e+00,-1.000000000000000000e+00,-1.000000000000000000e+00,-1.000000000000000000e+00,-1.000000000000000000e+00,-1.000000000000000000e+00,-1.000000000000000000e+00,-1.000000000000000000e+00,-1.000000000000000000e+00,-1.005710436386346274e+00,-1.005520935573107622e+00,-1.004951376704567023e+00,-1.004000293332570237e+00,-1.002670750398034549e+00,-1.000977951137822286e+00,-9.989583454562880327e-01,-9.966782935354268069e-01,-9.942395131102743644e-01,-9.917779822145564861e-01,-9.894530931163526555e-01,-9.874249486497707062e-01,-9.858195955854148762e-01,-9.846837955745988413e-01,-9.839310886332212069e-01,-9.832780859974330490e-01,-9.821645910643794775e-01,-9.796466729631039261e-01,-9.742548013897472936e-01,-9.638319224088128800e-01,-9.454347534541354126e-01,-9.155485991567262616e-01,-8.712165627641108578e-01,-8.132347534321759941e-01,-7.525992933146347097e-01,-7.162866549778785785e-01,-7.162866549333937183e-01,-7.525992932164053961e-01,-8.132347532634705001e-01,-8.712165625561604232e-01,-9.155485988525330354e-01,-9.454347530922575515e-01,-9.638319220345824556e-01,-9.742548009184762714e-01,-9.796466724358421363e-01,-9.821645905556892764e-01,-9.832780854634251000e-01,-9.839310880096239220e-01,-9.846837948513894601e-01,-9.858195947343664223e-01,-9.874249476236034440e-01,-9.894530920001179952e-01,-9.917779811818688840e-01,-9.942395121939933134e-01,-9.966782925521265879e-01,-9.989583443127714180e-01,-1.000977949980119019e+00,-1.002670749411804785e+00,-1.004000292555418561e+00,-1.004951375969221239e+00,-1.005520934831531488e+00,-1.005710435574088457e+00,-1.000000000000000000e+00,-1.000000000000000000e+00,-1.000000000000000000e+00,-1.000000000000000000e+00,-1.000000000000000000e+00,-1.000000000000000000e+00,-1.000000000000000000e+00,-1.000000000000000000e+00,-1.000000000000000000e+00,-1.000000000000000000e+00,-1.000000000000000000e+00,-1.000000000000000000e+00,-1.000000000000000000e+00,-1.000000000000000000e+00,-1.000000000000000000e+00,-1.000000000000000000e+00,-1.000000000000000000e+00,-1.000000000000000000e+00,-1.000000000000000000e+00,-1.000000000000000000e+00,-1.000000000000000000e+00,-1.000000000000000000e+00,-1.000000000000000000e+00,-1.000000000000000000e+00,-1.000000000000000000e+00,-1.000000000000000000e+00,-1.000000000000000000e+00,-1.000000000000000000e+00,-1.000000000000000000e+00,-1.000000000000000000e+00,-1.000000000000000000e+00,-1.000000000000000000e+00,-1.000000000000000000e+00,-1.000000000000000000e+00,-1.000000000000000000e+00,-1.000000000000000000e+00,-1.000000000000000000e+00,-1.000000000000000000e+00,-1.000000000000000000e+00,-1.000000000000000000e+00,-1.000000000000000000e+00,-1.000000000000000000e+00,-1.000000000000000000e+00,-1.000000000000000000e+00,-1.000000000000000000e+00,-1.000000000000000000e+00
-1.000000000000000000e+00,-1.000000000000000000e+00,-1.000000000000000000e+00,-1.000000000000000000e+00,-1.000000000000000000e+00,-1.000000000000000000e+00,-1.000000000000000000e+00,-1.000000000000000000e+00,-1.000000000000000000e+00,-1.000000000000000000e+00,-1.000000000000000000e+00,-1.000000000000000000e+00,-1.000000000000000000e+00,-1.000000000000000000e+00,-1.000000000000000000e+00,-1.000000000000000000e+00,-1.000000000000000000e+00,-1.000000000000000000e+00,-1.000000000000000000e+00,-1.000000000000000000e+00,-1.000000000000000000e+00,-1.000000000000000000e+00,-1.000000000000000000e+00,-1.000000000000000000e+00,-1.000000000000000000e+00,-1.000000000000000000e+00,-1.000000000000000000e+00,-1.000000000000000000e+00,-1.000000000000000000e+00,-1.000000000000000000e+00,-1.000000000000000000e+00,-1.000000000000000000e+00,-1.000000000000000000e+00,-1.000000000000000000e+00,-1.000000000000000000e+00,-1.000000000000000000e+00,-1.000000000000000000e+00,-1.000000000000000000e+00,-1.000000000000000000e+00,-1.000000000000000000e+00,-1.000000000000000000e+00,-1.000000000000000000e+00,-1.000000000000000000e+00,-1.000000000000000000e+00,-1.000000000000000000e+00,-1.000000000000000000e+00,-1.004325142767569901e+00,-1.004053665584401456e+00,-1.003235729303464163e+00,-1.001863463029046608e+00,-9.999323815480412048e-01,-9.974535735922747115e-01,-9.944688096238988306e-01,-9.910657912620188803e-01,-9.873892978189561243e-01,-9.836428426602401576e-01,-9.800754343978556049e-01,-9.769499043674916283e-01,-9.744931031323109671e-01,-9.728327737573870815e-01,-9.719281651555344848e-01,-9.714983805427926944e-01,-9.709441332513130130e-01,-9.692504707222822091e-01,-9.648587800629568889e-01,-9.555189004605553205e-01,-9.382016258242458218e-01,-9.093203423965133814e-01,-8.658622903978170360e-01,-8.085813729349302648e-01,-7.484393349650910743e-01,-7.123808737904007149e-01,-7.123808737403092284e-01,-7.484393348555384851e-01,-8.085813727473695200e-01,-8.658622901517447623e-01,-9.093203420773280365e-01,-9.382016254206599903e-01,-9.555189000415821310e-01,-9.648587795428410496e-01,-9.692504701257957933e-01,-9.709441326652088478e-01,-9.714983799484867566e-01,-9.719281645251367507e-01,-9.728327730685100150e-01,-9.744931022983857050e-01,-9.769499033376913832e-01,-9.800754332722165785e-01,-9.836428415676234938e-01,-9.873892967541972876e-01,-9.910657900932933195e-01,-9.944688083372056342e-01,-9.974535723731995374e-01,-9.999323806048820984e-01,-1.001863462315619069e+00,-1.003235728465535104e+00,-1.004053664658814959e+00,-1.004325141716722491e+00,-1.000000000000000000e+00,-1.000000000000000000e+00,-1.000000000000000000e+00,-1.000000000000000000e+00,-1.000000000000000000e+00,-1.000000000000000000e+00,-1.000000000000000000e+00,-1.000000000000000000e+00,-1.000000000000000000e+00,-1.000000000000000000e+00,-1.000000000000000000e+00,-1.000000000000000000e+00,-1.000000000000000000e+00,-1.000000000000000000e+00,-1.000000000000000000e+00,-1.000000000000000000e+00,-1.000000000000000000e+00,-1.000000000000000000e+00,-1.000000000000000000e+00,-1.000000000000000000e+00,-1.000000000000000000e+00,-1.000000000000000000e+00,-1.000000000000000000e+00,-1.000000000000000000e+00,-1.000000000000000000e+00,-1.000000000000000000e+00,-1.000000000000000000e+00,-1.000000000000000000e+00,-1.000000000000000000e+00,-1.000000000000000000e+00,-1.000000000000000000e+00,-1.000000000000000000e+00,-1.000000000000000000e+00,-1.000000000000000000e+00,-1.000000000000000000e+00,-1.000000000000000000e+00,-1.000000000000000000e+00,-1.000000000000000000e+00,-1.000000000000000000e+00,-1.000000000000000000e+00,-1.000000000000000000e+00,-1.000000000000000000e+00,-1.000000000000000000e+00,-1.000000000000000000e+00,-1.000000000000000000e+00,-1.000000000000000000e+00
-1.000000000000000000e+00,-1.000000000000000000e+00,-1.000000000000000000e+00,-1.000000000000000000e+00,-1.000000000000000000e+00,-1.000000000000000000e+00,-1.000000000000000000e+00,-1.000000000000000000e+00,-1.000000000000000000e+00,-1.000000000000000000e+00,-1.000000000000000000e+00,-1.000000000000000000e+00,-1.000000000000000000e+00,-1.000000000000000000e+00,-1.000000000000000000e+00,-1.000000000000000000e+00,-1.000000000000000000e+00,-1.000000000000000000e+00,-1.000000000000000000e+00,-1.000000000000000000e+00,-1.000000000000000000e+00,-1.000000000000000000e+00,-1.000000000000000000e+00,-1.000000000000000000e+00,-1.000000000000000000e+00,-1.000000000000000000e+00,-1.000000000000000000e+00,-1.000000000000000000e+00,-1.000000000000000000e+00,-1.000000000000000000e+00,-1.000000000000000000e+00,-1.000000000000000000e+00,-1.000000000000000000e+00,-1.000000000000000000e+00,-1.000000000000000000e+00,-1.000000000000000000e+00,-1.000000000000000000e+00,-1.000000000000000000e+00,-1.000000000000000000e+00,-1.000000000000000000e+00,-1.000000000000000000e+00,-1.000000000000000000e+00,-1.000000000000000000e+00,-1.000000000000000000e+00,-1.000000000000000000e+00,-1.000000000000000000e+00,-1.002549110608016880e+00,-1.002167244081600739e+00,-1.001013728795772550e+00,-9.990687807684287547e-01,-9.963125000252628372e-01,-9.927437573002716453e-01,-9.884044135930332153e-01,-9.834051014036265803e-01,-9.779462459008712027e-01,-9.723256878384768376e-01,-9.669236167593870945e-01,-9.621582081470099190e-01,-9.584122513176712710e-01,-9.559405529792043277e-01,-9.547746608977217830e-01,-9.546383208696812561e-01,-9.548726612873582598e-01,-9.543551638499059298e-01,-9.513938047013912325e-01,-9.436006051015781715e-01,-9.278205810282730281e-01,-9.003630153691861704e-01,-8.581355029683120916e-01,-8.018336345843855018e-01,-7.423748465992381362e-01,-7.066666497730988983e-01,-7.066666497263254243e-01,-7.423748464889916576e-01,-8.018336344101785196e-01,-8.581355027218143805e-01,-9.003630150677398580e-01,-9.278205806009354184e-01,-9.436006046282551241e-01,-9.513938041361831299e-01,-9.543551631837861038e-01,-9.548726605965661696e-01,-9.546383201676141850e-01,-9.547746601836953895e-01,-9.559405522081088069e-01,-9.584122503902305912e-01,-9.621582070691814259e-01,-9.669236156515264025e-01,-9.723256867579069818e-01,-9.779462447999892616e-01,-9.834051001931661817e-01,-9.884044122682573708e-01,-9.927437560214517065e-01,-9.963124990300619155e-01,-9.990687799943313019e-01,-1.001013727842686496e+00,-1.002167243036782285e+00,-1.002549109393121585e+00,-1.000000000000000000e+00,-1.000000000000000000e+00,-1.000000000000000000e+00,-1.000000000000000000e+00,-1.000000000000000000e+00,-1.000000000000000000e+00,-1.000000000000000000e+00,-1.000000000000000000e+00,-1.000000000000000000e+00,-1.000000000000000000e+00,-1.000000000000000000e+00,-1.000000000000000000e+00,-1.000000000000000000e+00,-1.000000000000000000e+00,-1.000000000000000000e+00,-1.000000000000000000e+00,-1.000000000000000000e+00,-1.000000000000000000e+00,-1.000000000000000000e+00,-1.000000000000000000e+00,-1.000000000000000000e+00,-1.000000000000000000e+00,-1.000000000000000000e+00,-1.000000000000000000e+00,-1.000000000000000000e+00,-1.000000000000000000e+00,-1.000000000000000000e+00,-1.000000000000000000e+00,-1.000000000000000000e+00,-1.000000000000000000e+00,-1.000000000000000000e+00,-1.000000000000000000e+00,-1.000000000000000000e+00,-1.000000000000000000e+00,-1.000000000000000000e+00,-1.000000000000000000e+00,-1.000000000000000000e+00,-1.000000000000000000e+00,-1.000000000000000000e+00,-1.000000000000000000e+00,-1.000000000000000000e+00,-1.000000000000000000e+00,-1.000000000000000000e+00,-1.000000000000000000e+00,-1.000000000000000000e+00,-1.000000000000000000e+00
-1.000000000000000000e+00,-1.000000000000000000e+00,-1.000000000000000000e+00,-1.000000000000000000e+00,-1.000000000000000000e+00,-1.000000000000000000e+00,-1.000000000000000000e+00,-1.000000000000000000e+00,-1.000000000000000000e+00,-1.000000000000000000e+00,-1.000000000000000000e+00,-1.000000000000000000e+00,-1.000000000000000000e+00,-1.000000000000000000e+00,-1.000000000000000000e+00,-1.000000000000000000e+00,-1.000000000000000000e+00,-1.000000000000000000e+00,-1.000000000000000000e+00,-1.000000000000000000e+00,-1.000000000000000000e+00,-1.000000000000000000e+00,-1.000000000000000000e+00,-1.000000000000000000e+00,-1.000000000000000000e+00,-1.000000000000000000e+00,-1.000000000000000000e+00,-1.000000000000000000e+00,-1.000000000000000000e+00,-1.000000000000000000e+00,-1.000000000000000000e+00,-1.000000000000000000e+00,-1.000000000000000000e+00,-1.000000000000000000e+00,-1.000000000000000000e+00,-1.000000000000000000e+00,-1.000000000000000000e+00,-1.000000000000000000e+00,-1.000000000000000000e+00,-1.000000000000000000e+00,-1.000000000000000000e+00,-1.000000000000000000e+00,-1.000000000000000000e+00,-1.000000000000000000e+00,-1.000000000000000000e+00,-1.000000000000000000e+00,-1.000346681469533650e+00,-9.998199281504823732e-01,-9.982243841243421123e-01,-9.955199154875457035e-01,-9.916587018378535401e-01,-9.866134714196100886e-01,-9.804149940084079251e-01,-9.731940781047822009e-01,-9.652190504407835991e-01,-9.569152058463741284e-01,-9.488503368206351318e-01,-9.416735011410076739e-01,-9.360054805078903417e-01,-9.322979155041043464e-01,-9.306946902147157363e-01,-9.309270812283270136e-01,-9.322464458103186802e-01,-9.333704949684458185e-01,-9.324119951970026854e-01,-9.267839563652848778e-01,-9.131517306096267328e-01,-8.876772607951486371e-01,-8.471566042232209215e-01,-7.922054148965653741e-01,-7.336834808177321587e-01,-6.984539197904887642e-01,-6.984539197455279513e-01,-7.336834806894978467e-01,-7.922054147183631434e-01,-8.471566039679667703e-01,-8.876772604897846808e-01,-9.131517301767009265e-01,-9.267839558697860136e-01,-9.324119946450135643e-01,-9.333704942922702585e-01,-9.322464450391423352e-01,-9.309270803987186316e-01,-9.306946893493742712e-01,-9.322979145397566336e-01,-9.360054793696823694e-01,-9.416734999239230186e-01,-9.488503356713878789e-01,-9.569152047646499737e-01,-9.652190493596819465e-01,-9.731940769491809196e-01,-9.804149927101549755e-01,-9.866134700723223627e-01,-9.916587007168908841e-01,-9.955199145491165913e-01,-9.982243830564255793e-01,-9.998199270738581390e-01,-1.000346680220739248e+00,-1.000000000000000000e+00,-1.000000000000000000e+00,-1.000000000000000000e+00,-1.000000000000000000e+00,-1.000000000000000000e+00,-1.000000000000000000e+00,-1.000000000000000000e+00,-1.000000000000000000e+00,-1.000000000000000000e+00,-1.000000000000000000e+00,-1.000000000000000000e+00,-1.000000000000000000e+00,-1.000000000000000000e+00,-1.000000000000000000e+00,-1.000000000000000000e+00,-1.000000000000000000e+00,-1.000000000000000000e+00,-1.000000000000000000e+00,-1.000000000000000000e+00,-1.000000000000000000e+00,-1.000000000000000000e+00,-1.000000000000000000e+00,-1.000000000000000000e+00,-1.000000000000000000e+00,-1.000000000000000000e+00,-1.000000000000000000e+00,-1.000000000000000000e+00,-1.000000000000000000e+00,-1.000000000000000000e+00,-1.000000000000000000e+00,-1.000000000000000000e+00,-1.000000000000000000e+00,-1.000000000000000000e+00,-1.000000000000000000e+00,-1.000000000000000000e+00,-1.000000000000000000e+00,-1.000000000000000000e+00,-1.000000000000000000e+00,-1.000000000000000000e+00,-1.000000000000000000e+00,-1.000000000000000000e+00,-1.000000000000000000e+00,-1.000000000000000000e+00,-1.000000000000000000e+00,-1.000000000000000000e+00,-1.000000000000000000e+00
-1.000000000000000000e+00,-1.000000000000000000e+00,-1.000000000000000000e+00,-1.000000000000000000e+00,-1.000000000000000000e+00,-1.000000000000000000e+00,-1.000000000000000000e+00,-1.000000000000000000e+00,-1.000000000000000000e+00,-1.000000000000000000e+00,-1.000000000000000000e+00,-1.000000000000000000e+00,-1.000000000000000000e+00,-1.000000000000000000e+00,-1.000000000000000000e+00,-1.000000000000000000e+00,-1.000000000000000000e+00,-1.000000000000000000e+00,-1.000000000000000000e+00,-1.000000000000000000e+00,-1.000000000000000000e+00,-1.000000000000000000e+00,-1.000000000000000000e+00,-1.000000000000000000e+00,-1.000000000000000000e+00,-1.000000000000000000e+00,-1.000000000000000000e+00,-1.000000000000000000e+00,-1.000000000000000000e+00,-1.000000000000000000e+00,-1.000000000000000000e+00,-1.000000000000000000e+00,-1.000000000000000000e+00,-1.000000000000000000e+00,-1.000000000000000000e+00,-1.000000000000000000e+00,-1.000000000000000000e+00,-1.000000000000000000e+00,-1.000000000000000000e+00,-1.000000000000000000e+00,-1.000000000000000000e+00,-1.000000000000000000e+00,-1.000000000000000000e+00,-1.000000000000000000e+00,-1.000000000000000000e+00,-1.000000000000000000e+00,-9.977061410628373928e-01,-9.969948214230249794e-01,-9.948340313212794550e-01,-9.911511797217747999e-01,-9.858519557981412218e-01,-9.788609006394360934e-01,-9.701773058955203144e-01,-9.599411117801657234e-01,-9.484966971712612827e-01,-9.364342538284790018e-01,-9.245822169640686150e-01,-9.139258945180522842e-01,-9.054440065746961475e-01,-8.998889855934505411e-01,-8.975752950416101550e-01,-8.982440967562461687e-01,-9.010128779057431370e-01,-9.043674490680577716e-01,-9.061429296262932809e-01,-9.034733834227708371e-01,-8.927746939482302801e-01,-8.700053287688553905e-01,-8.318079631474307734e-01,-7.786894676817293082e-01,-7.214338402710644971e-01,-6.868498536953645539e-01,-6.868498536475363681e-01,-7.214338401103274068e-01,-7.786894674603414002e-01,-8.318079628499993605e-01,-8.700053284038109513e-01,-8.927746934859306371e-01,-9.034733828932008937e-01,-9.061429290699518635e-01,-9.043674483677486275e-01,-9.010128770586848246e-01,-8.982440958247295271e-01,-8.975752940613433983e-01,-8.998889844854716102e-01,-9.054440052840544428e-01,-9.139258931750829928e-01,-9.245822156959426774e-01,-9.364342526074755924e-01,-9.484966959627481042e-01,-9.599411105449915382e-01,-9.701773045685289087e-01,-9.788608993095015975e-01,-9.858519547176112230e-01,-9.911511787658382477e-01,-9.948340302186223782e-01,-9.969948203377297924e-01,-9.977061398375373091e-01,-1.000000000000000000e+00,-1.000000000000000000e+00,-1.000000000000000000e+00,-1.000000000000000000e+00,-1.000000000000000000e+00,-1.000000000000000000e+00,-1.000000000000000000e+00,-1.000000000000000000e+00,-1.000000000000000000e+00,-1.000000000000000000e+00,-1.000000000000000000e+00,-1.000000000000000000e+00,-1.000000000000000000e+00,-1.000000000000000000e+00,-1.000000000000000000e+00,-1.000000000000000000e+00,-1.000000000000000000e+00,-1.000000000000000000e+00,-1.000000000000000000e+00,-1.000000000000000000e+00,-1.000000000000000000e+00,-1.000000000000000000e+00,-1.000000000000000000e+00,-1.000000000000000000e+00,-1.000000000000000000e+00,-1.000000000000000000e+00,-1.000000000000000000e+00,-1.000000000000000000e+00,-1.000000000000000000e+00,-1.000000000000000000e+00,-1.000000000000000000e+00,-1.000000000000000000e+00,-1.000000000000000000e+00,-1.000000000000000000e+00,-1.000000000000000000e+00,-1.000000000000000000e+00,-1.000000000000000000e+00,-1.000000000000000000e+00,-1.000000000000000000e+00,-1.000000000000000000e+00,-1.000000000000000000e+00,-1.000000000000000000e+00,-1.000000000000000000e+00,-1.000000000000000000e+00,-1.000000000000000000e+00,-1.000000000000000000e+00
-1.000000000000000000e+00,-1.000000000000000000e+00,-1.000000000000000000e+00,-1.000000000000000000e+00,-1.000000000000000000e+00,-1.000000000000000000e+00,-1.000000000000000000e+00,-1.000000000000000000e+00,-1.000000000000000000e+00,-1.000000000000000000e+00,-1.000000000000000000e+00,-1.000000000000000000e+00,-1.000000000000000000e+00,-1.000000000000000000e+00,-1.000000000000000000e+00,-1.000000000000000000e+00,-1.000000000000000000e+00,-1.000000000000000000e+00,-1.000000000000000000e+00,-1.000000000000000000e+00,-1.000000000000000000e+00,-1.000000000000000000e+00,-1.000000000000000000e+00,-1.000000000000000000e+00,-1.000000000000000000e+00,-1.000000000000000000e+00,-1.000000000000000000e+00,-1.000000000000000000e+00,-1.000000000000000000e+00,-1.000000000000000000e+00,-1.000000000000000000e+00,-1.000000000000000000e+00,-1.000000000000000000e+00,-1.000000000000000000e+00,-1.000000000000000000e+00,-1.000000000000000000e+00,-1.000000000000000000e+00,-1.000000000000000000e+00,-1.000000000000000000e+00,-1.000000000000000000e+00,-1.000000000000000000e+00,-1.000000000000000000e+00,-1.000000000000000000e+00,-1.000000000000000000e+00,-1.000000000000000000e+00,-1.000000000000000000e+00,-9.946526234842758551e-01,-9.937142669558839403e-01,-9.908553246395659375e-01,-9.859545746341457084e-01,-9.788455560316633441e-01,-9.693723192185941251e-01,-9.574693478466681507e-01,-9.432608736193193177e-01,-9.271647443803967548e-01,-9.099720613442506822e-01,-8.928601558540211203e-01,-8.772923216335227758e-01,-8.647776097288090158e-01,-8.565223721025515546e-01,-8.530923492986768331e-01,-8.542357871493636567e-01,-8.588720938048055586e-01,-8.651598662505197712e-01,-8.705532622860311376e-01,-8.718095628167289446e-01,-8.650097067904638504e-01,-8.458386986083026304e-01,-8.107320970292769546e-01,-7.600495658655701536e-01,-7.044741688259301693e-01,-6.707460086547802902e-01,-6.707460085949648043e-01,-7.044741686316964291e-01,-7.600495655742378620e-01,-8.107320966602287182e-01,-8.458386981504196767e-01,-8.650097062611566967e-01,-8.718095622022237201e-01,-8.705532616404898505e-01,-8.651598654420940004e-01,-8.588720928358170026e-01,-8.542357861248767170e-01,-8.530923482578489647e-01,-8.565223709423774867e-01,-8.647776083860380103e-01,-8.772923202295949130e-01,-8.928601545001622064e-01,-9.099720600208058841e-01,-9.271647430649255783e-01,-9.432608722704424187e-01,-9.574693464647645591e-01,-9.693723179682072200e-01,-9.788455550850402309e-01,-9.859545737678747646e-01,-9.908553235215257216e-01,-9.937142657387691980e-01,-9.946526221366905895e-01,-1.000000000000000000e+00,-1.000000000000000000e+00,-1.000000000000000000e+00,-1.000000000000000000e+00,-1.000000000000000000e+00,-1.000000000000000000e+00,-1.000000000000000000e+00,-1.000000000000000000e+00,-1.000000000000000000e+00,-1.000000000000000000e+00,-1.000000000000000000e+00,-1.000000000000000000e+00,-1.000000000000000000e+00,-1.000000000000000000e+00,-1.000000000000000000e+00,-1.000000000000000000e+00,-1.000000000000000000e+00,-1.000000000000000000e+00,-1.000000000000000000e+00,-1.000000000000000000e+00,-1.000000000000000000e+00,-1.000000000000000000e+00,-1.000000000000000000e+00,-1.000000000000000000e+00,-1.000000000000000000e+00,-1.000000000000000000e+00,-1.000000000000000000e+00,-1.000000000000000000e+00,-1.000000000000000000e+00,-1.000000000000000000e+00,-1.000000000000000000e+00,-1.000000000000000000e+00,-1.000000000000000000e+00,-1.000000000000000000e+00,-1.000000000000000000e+00,-1.000000000000000000e+00,-1.000000000000000000e+00,-1.000000000000000000e+00,-1.000000000000000000e+00,-1.000000000000000000e+00,-1.000000000000000000e+00,-1.000000000000000000e+00,-1.000000000000000000e+00,-1.000000000000000000e+00,-1.000000000000000000e+00,-1.000000000000000000e+00
-1.000000000000000000e+00,-1.000000000000000000e+00,-1.000000000000000000e+00,-1.000000000000000000e+00,-1.000000000000000000e+00,-1.000000000000000000e+00,-1.000000000000000000e+00,-1.000000000000000000e+00,-1.000000000000000000e+00,-1.000000000000000000e+00,-1.000000000000000000e+00,-1.000000000000000000e+00,-1.000000000000000000e+00,-1.000000000000000000e+00,-1.000000000000000000e+00,-1.000000000000000000e+00,-1.000000000000000000e+00,-1.000000000000000000e+00,-1.000000000000000000e+00,-1.000000000000000000e+00,-1.000000000000000000e+00,-1.000000000000000000e+00,-1.000000000000000000e+00,-1.000000000000000000e+00,-1.000000000000000000e+00,-1.000000000000000000e+00,-1.000000000000000000e+00,-1.000000000000000000e+00,-1.000000000000000000e+00,-1.000000000000000000e+00,-1.000000000000000000e+00,-1.000000000000000000e+00,-1.000000000000000000e+00,-1.000000000000000000e+00,-1.000000000000000000e+00,-1.000000000000000000e+00,-1.000000000000000000e+00,-1.000000000000000000e+00,-1.000000000000000000e+00,-1.000000000000000000e+00,-1.000000000000000000e+00,-1.000000000000000000e+00,-1.000000000000000000e+00,-1.000000000000000000e+00,-1.000000000000000000e+00,-1.000000000000000000e+00,-9.912608779546738802e-01,-9.900545120419407263e-01,-9.863678819562289313e-01,-9.800113096705018734e-01,-9.707135741084575997e-01,-9.581946825735913054e-01,-9.422747850198275321e-01,-9.230171628273929896e-01,-9.008895745538977318e-01,-8.769065441665970795e-01,-8.526891382516005313e-01,-8.303598527170150678e-01,-8.122027164027652013e-01,-8.001046086144293357e-01,-7.949860544439417698e-01,-7.965812624321124691e-01,-8.035176662220847588e-01,-8.135084001405027410e-01,-8.235090858588030027e-01,-8.297917656671532916e-01,-8.280057090682277909e-01,-8.134793957071179138e-01,-7.823736580153055620e-01,-7.348496034948475142e-01,-6.814537602305206221e-01,-6.488361824724042659e-01,-6.488361823830423036e-01,-6.814537599812631186e-01,-7.348496031034197351e-01,-7.823736575383117842e-01,-8.134793951505145948e-01,-8.280057084713581261e-01,-8.297917649753350222e-01,-8.235090851216272378e-01,-8.135083992566904953e-01,-8.035176651876401177e-01,-7.965812613644263074e-01,-7.949860533638235527e-01,-8.001046074029203314e-01,-8.122027149927332212e-01,-8.303598512490868444e-01,-8.526891368823688033e-01,-8.769065428910644000e-01,-9.008895732873888340e-01,-9.230171614694068216e-01,-9.422747836194994564e-01,-9.581946813351177594e-01,-9.707135730863258871e-01,-9.800113086925075212e-01,-9.863678807607895171e-01,-9.900545106760523240e-01,-9.912608764503260117e-01,-1.000000000000000000e+00,-1.000000000000000000e+00,-1.000000000000000000e+00,-1.000000000000000000e+00,-1.000000000000000000e+00,-1.000000000000000000e+00,-1.000000000000000000e+00,-1.000000000000000000e+00,-1.000000000000000000e+00,-1.000000000000000000e+00,-1.000000000000000000e+00,-1.000000000000000000e+00,-1.000000000000000000e+00,-1.000000000000000000e+00,-1.000000000000000000e+00,-1.000000000000000000e+00,-1.000000000000000000e+00,-1.000000000000000000e+00,-1.000000000000000000e+00,-1.000000000000000000e+00,-1.000000000000000000e+00,-1.000000000000000000e+00,-1.000000000000000000e+00,-1.000000000000000000e+00,-1.000000000000000000e+00,-1.000000000000000000e+00,-1.000000000000000000e+00,-1.000000000000000000e+00,-1.000000000000000000e+00,-1.000000000000000000e+00,-1.000000000000000000e+00,-1.000000000000000000e+00,-1.000000000000000000e+00,-1.000000000000000000e+00,-1.000000000000000000e+00,-1.000000000000000000e+00,-1.000000000000000000e+00,-1.000000000000000000e+00,-1.000000000000000000e+00,-1.000000000000000000e+00,-1.000000000000000000e+00,-1.000000000000000000e+00,-1.000000000000000000e+00,-1.000000000000000000e+00,-1.000000000000000000e+00,-1.000000000000000000e+00
-1.000000000000000000e+00,-1.000000000000000000e+00,-1.000000000000000000e+00,-1.000000000000000000e+00,-1.000000000000000000e+00,-1.000000000000000000e+00,-1.000000000000000000e+00,-1.000000000000000000e+00,-1.000000000000000000e+00,-1.000000000000000000e+00,-1.000000000000000000e+00,-1.000000000000000000e+00,-1.000000000000000000e+00,-1.000000000000000000e+00,-1.000000000000000000e+00,-1.000000000000000000e+00,-1.000000000000000000e+00,-1.000000000000000000e+00,-1.000000000000000000e+00,-1.000000000000000000e+00,-1.000000000000000000e+00,-1.000000000000000000e+00,-1.000000000000000000e+00,-1.000000000000000000e+00,-1.000000000000000000e+00,-1.000000000000000000e+00,-1.000000000000000000e+00,-1.000000000000000000e+00,-1.000000000000000000e+00,-1.000000000000000000e+00,-1.000000000000000000e+00,-1.000000000000000000e+00,-1.000000000000000000e+00,-1.000000000000000000e+00,-1.000000000000000000e+00,-1.000000000000000000e+00,-1.000000000000000000e+00,-1.000000000000000000e+00,-1.000000000000000000e+00,-1.000000000000000000e+00,-1.000000000000000000e+00,-1.000000000000000000e+00,-1.000000000000000000e+00,-1.000000000000000000e+00,-1.000000000000000000e+00,-1.000000000000000000e+00,-9.876646922607948964e-01,-9.861571443568354356e-01,-9.815362278938485341e-01,-9.735221426798039701e-01,-9.617017232027965656e-01,-9.456178996645363544e-01,-9.249099787829822006e-01,-8.995086477083936716e-01,-8.698732346694907358e-01,-8.372287731252248122e-01,-8.037176836750109521e-01,-7.723339446677502940e-01,-7.464821745772254324e-01,-7.290817044818537207e-01,-7.215214786549326575e-01,-7.234484779313812286e-01,-7.330587294634428597e-01,-7.474866372398510928e-01,-7.630767699909500879e-01,-7.755151492883183284e-01,-7.799226578061986270e-01,-7.711787529776750194e-01,-7.450861821460741385e-01,-7.015385543815604308e-01,-6.508946289203798585e-01,-6.196818427087741332e-01,-6.196818426117235434e-01,-6.508946286484018628e-01,-7.015385539415479599e-01,-7.450861816149019212e-01,-7.711787523884142681e-01,-7.799226571913251416e-01,-7.755151485685329860e-01,-7.630767691848719947e-01,-7.474866363166059458e-01,-7.330587284049644436e-01,-7.234484768462474680e-01,-7.215214775477267750e-01,-7.290817032399996567e-01,-7.464821731144721806e-01,-7.723339431383169362e-01,-8.037176822827512002e-01,-8.372287718499579201e-01,-8.698732333502298131e-01,-8.995086462347789968e-01,-9.249099773092962495e-01,-9.456178984083386529e-01,-9.617017220761100438e-01,-9.735221415965030767e-01,-9.815362267043860056e-01,-9.861571429599622629e-01,-9.876646907279117427e-01,-1.000000000000000000e+00,-1.000000000000000000e+00,-1.000000000000000000e+00,-1.000000000000000000e+00,-1.000000000000000000e+00,-1.000000000000000000e+00,-1.000000000000000000e+00,-1.000000000000000000e+00,-1.000000000000000000e+00,-1.000000000000000000e+00,-1.000000000000000000e+00,-1.000000000000000000e+00,-1.000000000000000000e+00,-1.000000000000000000e+00,-1.000000000000000000e+00,-1.000000000000000000e+00,-1.000000000000000000e+00,-1.000000000000000000e+00,-1.000000000000000000e+00,-1.000000000000000000e+00,-1.000000000000000000e+00,-1.000000000000000000e+00,-1.000000000000000000e+00,-1.000000000000000000e+00,-1.000000000000000000e+00,-1.000000000000000000e+00,-1.000000000000000000e+00,-1.000000000000000000e+00,-1.000000000000000000e+00,-1.000000000000000000e+00,-1.000000000000000000e+00,-1.000000000000000000e+00,-1.000000000000000000e+00,-1.000000000000000000e+00,-1.000000000000000000e+00,-1.000000000000000000e+00,-1.000000000000000000e+00,-1.000000000000000000e+00,-1.000000000000000000e+00,-1.000000000000000000e+00,-1.000000000000000000e+00,-1.000000000000000000e+00,-1.000000000000000000e+00,-1.000000000000000000e+00,-1.000000000000000000e+00,-1.000000000000000000e+00
-1.000000000000000000e+00,-1.000000000000000000e+00,-1.000000000000000000e+00,-1.000000000000000000e+00,-1.000000000000000000e+00,-1.000000000000000000e+00,-1.000000000000000000e+00,-1.000000000000000000e+00,-1.000000000000000000e+00,-1.000000000000000000e+00,-1.000000000000000000e+00,-1.000000000000000000e+00,-1.000000000000000000e+00,-1.000000000000000000e+00,-1.000000000000000000e+00,-1.000000000000000000e+00,-1.000000000000000000e+00,-1.000000000000000000e+00,-1.000000000000000000e+00,-1.000000000000000000e+00,-1.000000000000000000e+00,-1.000000000000000000e+00,-1.000000000000000000e+00,-1.000000000000000000e+00,-1.000000000000000000e+00,-1.000000000000000000e+00,-1.000000000000000000e+00,-1.000000000000000000e+00,-1.000000000000000000e+00,-1.000000000000000000e+00,-1.000000000000000000e+00,-1.000000000000000000e+00,-1.000000000000000000e+00,-1.000000000000000000e+00,-1.000000000000000000e+00,-1.000000000000000000e+00,-1.000000000000000000e+00,-1.000000000000000000e+00,-1.000000000000000000e+00,-1.000000000000000000e+00,-1.000000000000000000e+00,-1.000000000000000000e+00,-1.000000000000000000e+00,-1.000000000000000000e+00,-1.000000000000000000e+00,-1.000000000000000000e+00,-9.840588220439950851e-01,-9.822325781391765265e-01,-9.766185632999256905e-01,-9.668270737240639567e-01,-9.522669974858986031e-01,-9.322483017446864251e-01,-9.061508938771221100e-01,-8.736733418713649169e-01,-8.351584757751464583e-01,-7.919579657091492253e-01,-7.467414014177187198e-01,-7.035740213937966558e-01,-6.674685897525192146e-01,-6.430039503730344830e-01,-6.321064363046144940e-01,-6.341283837869181594e-01,-6.466218418648801425e-01,-6.660155076848295330e-01,-6.879741032037047788e-01,-7.075384764392672610e-01,-7.192253675592896744e-01,-7.173713868299981256e-01,-6.973210593802634527e-01,-6.586081390321090190e-01,-6.113297273946279864e-01,-5.818410868610491837e-01,-5.818410867812063847e-01,-6.113297271228620433e-01,-6.586081385743646210e-01,-6.973210588269584953e-01,-7.173713862252333318e-01,-7.192253669081393186e-01,-7.075384756785290108e-01,-6.879741023179806181e-01,-6.660155066973874050e-01,-6.466218407350396991e-01,-6.341283826288273140e-01,-6.321064351423273386e-01,-6.430039491115391304e-01,-6.674685882419435501e-01,-7.035740198008088031e-01,-7.467413999824503712e-01,-7.919579643629344190e-01,-8.351584743393853927e-01,-8.736733402902765455e-01,-9.061508924106077556e-01,-9.322483005409676338e-01,-9.522669963794500037e-01,-9.668270726795731296e-01,-9.766185621857430554e-01,-9.822325766640083167e-01,-9.840588203937565837e-01,-1.000000000000000000e+00,-1.000000000000000000e+00,-1.000000000000000000e+00,-1.000000000000000000e+00,-1.000000000000000000e+00,-1.000000000000000000e+00,-1.000000000000000000e+00,-1.000000000000000000e+00,-1.000000000000000000e+00,-1.000000000000000000e+00,-1.000000000000000000e+00,-1.000000000000000000e+00,-1.000000000000000000e+00,-1.000000000000000000e+00,-1.000000000000000000e+00,-1.000000000000000000e+00,-1.000000000000000000e+00,-1.000000000000000000e+00,-1.000000000000000000e+00,-1.000000000000000000e+00,-1.000000000000000000e+00,-1.000000000000000000e+00,-1.000000000000000000e+00,-1.000000000000000000e+00,-1.000000000000000000e+00,-1.000000000000000000e+00,-1.000000000000000000e+00,-1.000000000000000000e+00,-1.000000000000000000e+00,-1.000000000000000000e+00,-1.000000000000000000e+00,-1.000000000000000000e+00,-1.000000000000000000e+00,-1.000000000000000000e+00,-1.000000000000000000e+00,-1.000000000000000000e+00,-1.000000000000000000e+00,-1.000000000000000000e+00,-1.000000000000000000e+00,-1.000000000000000000e+00,-1.000000000000000000e+00,-1.000000000000000000e+00,-1.000000000000000000e+00,-1.000000000000000000e+00,-1.000000000000000000e+00,-1.000000000000000000e+00
-1.000000000000000000e+00,-1.000000000000000000e+00,-1.000000000000000000e+00,-1.000000000000000000e+00,-1.000000000000000000e+00,-1.000000000000000000e+00,-1.000000000000000000e+00,-1.000000000000000000e+00,-1.000000000000000000e+00,-1.000000000000000000e+00,-1.000000000000000000e+00,-1.000000000000000000e+00,-1.000000000000000000e+00,-1.000000000000000000e+00,-1.000000000000000000e+00,-1.000000000000000000e+00,-1.000000000000000000e+00,-1.000000000000000000e+00,-1.000000000000000000e+00,-1.000000000000000000e+00,-1.000000000000000000e+00,-1.000000000000000000e+00,-1.000000000000000000e+00,-1.000000000000000000e+00,-1.000000000000000000e+00,-1.000000000000000000e+00,-1.000000000000000000e+00,-1.000000000000000000e+00,-1.000000000000000000e+00,-1.000000000000000000e+00,-1.000000000000000000e+00,-1.000000000000000000e+00,-1.000000000000000000e+00,-1.000000000000000000e+00,-1.000000000000000000e+00,-1.000000000000000000e+00,-1.000000000000000000e+00,-1.000000000000000000e+00,-1.000000000000000000e+00,-1.000000000000000000e+00,-1.000000000000000000e+00,-1.000000000000000000e+00,-1.000000000000000000e+00,-1.000000000000000000e+00,-1.000000000000000000e+00,-1.000000000000000000e+00,-9.806892810339913336e-01,-9.785506318382584112e-01,-9.719587968240994691e-01,-9.604019821365546994e-01,-9.430860436795193147e-01,-9.190426604331283222e-01,-8.873167080589113853e-01,-8.472576217790923625e-01,-7.989263898552146914e-01,-7.435981953457108107e-01,-6.842911760782686148e-01,-6.261786182686172042e-01,-5.765305906644548894e-01,-5.430140527563622754e-01,-5.279011842111508424e-01,-5.297138579069338160e-01,-5.450294798948500663e-01,-5.694927711108432877e-01,-5.981256604262509269e-01,-6.253576932870092975e-01,-6.450793632268536637e-01,-6.510043688063241740e-01,-6.379041849602958836e-01,-6.048315634937269092e-01,-5.615174639424449499e-01,-5.340714267452078001e-01,-5.340714266667707655e-01,-5.615174636582108691e-01,-6.048315630088498818e-01,-6.379041843469308581e-01,-6.510043681370814017e-01,-6.450793624892581235e-01,-6.253576924400995329e-01,-5.981256594297332807e-01,-5.694927699981418012e-01,-5.450294786140179593e-01,-5.297138565950765265e-01,-5.279011829297031166e-01,-5.430140514180192834e-01,-5.765305890326246629e-01,-6.261786166072911275e-01,-6.842911747116320331e-01,-7.435981940898953590e-01,-7.989263884976993690e-01,-8.472576203169595033e-01,-8.873167067345277825e-01,-9.190426593025490254e-01,-9.430860425501530475e-01,-9.604019809961511500e-01,-9.719587956303770149e-01,-9.785506302979173343e-01,-9.806892793867707514e-01,-1.000000000000000000e+00,-1.000000000000000000e+00,-1.000000000000000000e+00,-1.000000000000000000e+00,-1.000000000000000000e+00,-1.000000000000000000e+00,-1.000000000000000000e+00,-1.000000000000000000e+00,-1.000000000000000000e+00,-1.000000000000000000e+00,-1.000000000000000000e+00,-1.000000000000000000e+00,-1.000000000000000000e+00,-1.000000000000000000e+00,-1.000000000000000000e+00,-1.000000000000000000e+00,-1.000000000000000000e+00,-1.000000000000000000e+00,-1.000000000000000000e+00,-1.000000000000000000e+00,-1.000000000000000000e+00,-1.000000000000000000e+00,-1.000000000000000000e+00,-1.000000000000000000e+00,-1.000000000000000000e+00,-1.000000000000000000e+00,-1.000000000000000000e+00,-1.000000000000000000e+00,-1.000000000000000000e+00,-1.000000000000000000e+00,-1.000000000000000000e+00,-1.000000000000000000e+00,-1.000000000000000000e+00,-1.000000000000000000e+00,-1.000000000000000000e+00,-1.000000000000000000e+00,-1.000000000000000000e+00,-1.000000000000000000e+00,-1.000000000000000000e+00,-1.000000000000000000e+00,-1.000000000000000000e+00,-1.000000000000000000e+00,-1.000000000000000000e+00,-1.000000000000000000e+00,-1.000000000000000000e+00,-1.000000000000000000e+00
-1.000000000000000000e+00,-1.000000000000000000e+00,-1.000000000000000000e+00,-1.000000000000000000e+00,-1.000000000000000000e+00,-1.000000000000000000e+00,-1.000000000000000000e+00,-1.000000000000000000e+00,-1.000000000000000000e+00,-1.000000000000000000e+00,-1.000000000000000000e+00,-1.000000000000000000e+00,-1.000000000000000000e+00,-1.000000000000000000e+00,-1.000000000000000000e+00,-1.000000000000000000e+00,-1.000000000000000000e+00,-1.000000000000000000e+00,-1.000000000000000000e+00,-1.000000000000000000e+00,-1.000000000000000000e+00,-1.000000000000000000e+00,-1.000000000000000000e+00,-1.000000000000000000e+00,-1.000000000000000000e+00,-1.000000000000000000e+00,-1.000000000000000000e+00,-1.000000000000000000e+00,-1.000000000000000000e+00,-1.000000000000000000e+00,-1.000000000000000000e+00,-1.000000000000000000e+00,-1.000000000000000000e+00,-1.000000000000000000e+00,-1.000000000000000000e+00,-1.000000000000000000e+00,-1.000000000000000000e+00,-1.000000000000000000e+00,-1.000000000000000000e+00,-1.000000000000000000e+00,-1.000000000000000000e+00,-1.000000000000000000e+00,-1.000000000000000000e+00,-1.000000000000000000e+00,-1.000000000000000000e+00,-1.000000000000000000e+00,-9.778294897912620520e-01,-9.754148438257660425e-01,-9.679556039213734753e-01,-9.548200581963612876e-01,-9.350095271176319667e-01,-9.072628718372350853e-01,-8.702458400140706818e-01,-8.228576804765875830e-01,-7.646768766878799806e-01,-6.965435740815467680e-01,-6.212672117013001705e-01,-5.445451031662669195e-01,-4.763812202006274532e-01,-4.318196790287943676e-01,-4.120683087496785912e-01,-4.135247912189378150e-01,-4.313055871390435447e-01,-4.603241685576164866e-01,-4.951849251538712471e-01,-5.298951254009709455e-01,-5.577936153674611930e-01,-5.719302177059734094e-01,-5.663838619773579053e-01,-5.395757051665279747e-01,-5.007296477293123882e-01,-4.756055746465168710e-01,-4.756055745430535220e-01,-5.007296474274253173e-01,-5.395757046744957819e-01,-5.663838613050959925e-01,-5.719302169508064804e-01,-5.577936145440967053e-01,-5.298951244969820618e-01,-4.951849241228085674e-01,-4.603241674168960795e-01,-4.313055858658386699e-01,-4.135247899349226985e-01,-4.120683074968846116e-01,-4.318196777013303400e-01,-4.763812184823136286e-01,-5.445451014932027878e-01,-6.212672105020973223e-01,-6.965435729620603755e-01,-7.646768753360564386e-01,-8.228576789611363740e-01,-8.702458386319389394e-01,-9.072628707083869593e-01,-9.350095260968289690e-01,-9.548200571552651894e-01,-9.679556027772419080e-01,-9.754148423231807641e-01,-9.778294882195252002e-01,-1.000000000000000000e+00,-1.000000000000000000e+00,-1.000000000000000000e+00,-1.000000000000000000e+00,-1.000000000000000000e+00,-1.000000000000000000e+00,-1.000000000000000000e+00,-1.000000000000000000e+00,-1.000000000000000000e+00,-1.000000000000000000e+00,-1.000000000000000000e+00,-1.000000000000000000e+00,-1.000000000000000000e+00,-1.000000000000000000e+00,-1.000000000000000000e+00,-1.000000000000000000e+00,-1.000000000000000000e+00,-1.000000000000000000e+00,-1.000000000000000000e+00,-1.000000000000000000e+00,-1.000000000000000000e+00,-1.000000000000000000e+00,-1.000000000000000000e+00,-1.000000000000000000e+00,-1.000000000000000000e+00,-1.000000000000000000e+00,-1.000000000000000000e+00,-1.000000000000000000e+00,-1.000000000000000000e+00,-1.000000000000000000e+00,-1.000000000000000000e+00,-1.000000000000000000e+00,-1.000000000000000000e+00,-1.000000000000000000e+00,-1.000000000000000000e+00,-1.000000000000000000e+00,-1.000000000000000000e+00,-1.000000000000000000e+00,-1.000000000000000000e+00,-1.000000000000000000e+00,-1.000000000000000000e+00,-1.000000000000000000e+00,-1.000000000000000000e+00,-1.000000000000000000e+00,-1.000000000000000000e+00,-1.000000000000000000e+00
-1.000000000000000000e+00,-1.000000000000000000e+00,-1.000000000000000000e+00,-1.000000000000000000e+00,-1.000000000000000000e+00,-1.000000000000000000e+00,-1.000000000000000000e+00,-1.000000000000000000e+00,-1.000000000000000000e+00,-1.000000000000000000e+00,-1.000000000000000000e+00,-1.000000000000000000e+00,-1.000000000000000000e+00,-1.000000000000000000e+00,-1.000000000000000000e+00,-1.000000000000000000e+00,-1.000000000000000000e+00,-1.000000000000000000e+00,-1.000000000000000000e+00,-1.000000000000000000e+00,-1.000000000000000000e+00,-1.000000000000000000e+00,-1.000000000000000000e+00,-1.000000000000000000e+00,-1.000000000000000000e+00,-1.000000000000000000e+00,-1.000000000000000000e+00,-1.000000000000000000e+00,-1.000000000000000000e+00,-1.000000000000000000e+00,-1.000000000000000000e+00,-1.000000000000000000e+00,-1.000000000000000000e+00,-1.000000000000000000e+00,-1.000000000000000000e+00,-1.000000000000000000e+00,-1.000000000000000000e+00,-1.000000000000000000e+00,-1.000000000000000000e+00,-1.000000000000000000e+00,-1.000000000000000000e+00,-1.000000000000000000e+00,-1.000000000000000000e+00,-1.000000000000000000e+00,-1.000000000000000000e+00,-1.000000000000000000e+00,-9.757433898510519121e-01,-9.731211701680768655e-01,-9.650073404806877031e-01,-9.506722297987457715e-01,-9.289463081687260315e-01,-8.983141106084941985e-01,-8.570895808242116054e-01,-8.037027670600275231e-01,-7.371073112594790366e-01,-6.572715897536480778e-01,-5.656964493491951629e-01,-4.662596660269582305e-01,-3.691045223497816385e-01,-3.125257170375678184e-01,-2.892742522828186669e-01,-2.909233068291817714e-01,-3.106694733911958828e-01,-3.430655976771415094e-01,-3.827978680737889050e-01,-4.238429802788472589e-01,-4.592011830827986696e-01,-4.812928341614759464e-01,-4.834045493444237840e-01,-4.631571475095006551e-01,-4.290921657848651982e-01,-4.064834922604230183e-01,-4.064834921473585716e-01,-4.290921654884538583e-01,-4.631571470340767327e-01,-4.834045486671461056e-01,-4.812928333674691972e-01,-4.592011822334214344e-01,-4.238429793975443394e-01,-3.827978671188665416e-01,-3.430655966330077300e-01,-3.106694722529200758e-01,-2.909233056418074614e-01,-2.892742510662621447e-01,-3.125257157301609690e-01,-3.691045206158758418e-01,-4.662596644201967289e-01,-5.656964483923530018e-01,-6.572715888900497738e-01,-7.371073101280730677e-01,-8.037027657549695725e-01,-8.570895796160911129e-01,-8.983141095930219366e-01,-9.289463071901472579e-01,-9.506722287141050609e-01,-9.650073393105195185e-01,-9.731211687466549964e-01,-9.757433883519397444e-01,-1.000000000000000000e+00,-1.000000000000000000e+00,-1.000000000000000000e+00,-1.000000000000000000e+00,-1.000000000000000000e+00,-1.000000000000000000e+00,-1.000000000000000000e+00,-1.000000000000000000e+00,-1.000000000000000000e+00,-1.000000000000000000e+00,-1.000000000000000000e+00,-1.000000000000000000e+00,-1.000000000000000000e+00,-1.000000000000000000e+00,-1.000000000000000000e+00,-1.000000000000000000e+00,-1.000000000000000000e+00,-1.000000000000000000e+00,-1.000000000000000000e+00,-1.000000000000000000e+00,-1.000000000000000000e+00,-1.000000000000000000e+00,-1.000000000000000000e+00,-1.000000000000000000e+00,-1.000000000000000000e+00,-1.000000000000000000e+00,-1.000000000000000000e+00,-1.000000000000000000e+00,-1.000000000000000000e+00,-1.000000000000000000e+00,-1.000000000000000000e+00,-1.000000000000000000e+00,-1.000000000000000000e+00,-1.000000000000000000e+00,-1.000000000000000000e+00,-1.000000000000000000e+00,-1.000000000000000000e+00,-1.000000000000000000e+00,-1.000000000000000000e+00,-1.000000000000000000e+00,-1.000000000000000000e+00,-1.000000000000000000e+00,-1.000000000000000000e+00,-1.000000000000000000e+00,-1.000000000000000000e+00,-1.000000000000000000e+00
-1.000000000000000000e+00,-1.000000000000000000e+00,-1.000000000000000000e+00,-1.000000000000000000e+00,-1.000000000000000000e+00,-1.000000000000000000e+00,-1.000000000000000000e+00,-1.000000000000000000e+00,-1.000000000000000000e+00,-1.000000000000000000e+00,-1.000000000000000000e+00,-1.000000000000000000e+00,-1.000000000000000000e+00,-1.000000000000000000e+00,-1.000000000000000000e+00,-1.000000000000000000e+00,-1.000000000000000000e+00,-1.000000000000000000e+00,-1.000000000000000000e+00,-1.000000000000000000e+00,-1.000000000000000000e+00,-1.000000000000000000e+00,-1.000000000000000000e+00,-1.000000000000000000e+00,-1.000000000000000000e+00,-1.000000000000000000e+00,-1.000000000000000000e+00,-1.000000000000000000e+00,-1.000000000000000000e+00,-1.000000000000000000e+00,-1.000000000000000000e+00,-1.000000000000000000e+00,-1.000000000000000000e+00,-1.000000000000000000e+00,-1.000000000000000000e+00,-1.000000000000000000e+00,-1.000000000000000000e+00,-1.000000000000000000e+00,-1.000000000000000000e+00,-1.000000000000000000e+00,-1.000000000000000000e+00,-1.000000000000000000e+00,-1.000000000000000000e+00,-1.000000000000000000e+00,-1.000000000000000000e+00,-1.000000000000000000e+00,-9.746416462779591283e-01,-9.719076704521415477e-01,-9.634406016588356048e-01,-9.484551232093627604e-01,-9.256830603360877152e-01,-8.934577103029446299e-01,-8.498725789600933833e-01,-7.930342884901602218e-01,-7.213830613054226237e-01,-6.339171752104542090e-01,-5.298097245395894106e-01,-4.059978047858490147e-01,-2.485408730109501807e-01,-1.861629439109139250e-01,-1.646556451028983181e-01,-1.685056838446803429e-01,-1.898372559978794838e-01,-2.239402982209121040e-01,-2.663824255544648967e-01,-3.116747043252683369e-01,-3.528364129540045857e-01,-3.818043973052341888e-01,-3.910340095887095968e-01,-3.771894117977078187e-01,-3.479374624862118237e-01,-3.279051353052822027e-01,-3.279051352101619576e-01,-3.479374622240158921e-01,-3.771894113484841604e-01,-3.910340089206693071e-01,-3.818043964941026935e-01,-3.528364121110710849e-01,-3.116747034665504623e-01,-2.663824246381009120e-01,-2.239402972441021378e-01,-1.898372549568448919e-01,-1.685056826811396347e-01,-1.646556438424541247e-01,-1.861629426002096022e-01,-2.485408713226513466e-01,-4.059978031162584378e-01,-5.298097234535721345e-01,-6.339171743001441595e-01,-7.213830602693978022e-01,-7.930342874295938094e-01,-8.498725781135962887e-01,-8.934577097171010340e-01,-9.256830597692379259e-01,-9.484551223973590739e-01,-9.634406006190415761e-01,-9.719076691975832016e-01,-9.746416449286777750e-01,-1.000000000000000000e+00,-1.000000000000000000e+00,-1.000000000000000000e+00,-1.000000000000000000e+00,-1.000000000000000000e+00,-1.000000000000000000e+00,-1.000000000000000000e+00,-1.000000000000000000e+00,-1.000000000000000000e+00,-1.000000000000000000e+00,-1.000000000000000000e+00,-1.000000000000000000e+00,-1.000000000000000000e+00,-1.000000000000000000e+00,-1.000000000000000000e+00,-1.000000000000000000e+00,-1.000000000000000000e+00,-1.000000000000000000e+00,-1.000000000000000000e+00,-1.000000000000000000e+00,-1.000000000000000000e+00,-1.000000000000000000e+00,-1.000000000000000000e+00,-1.000000000000000000e+00,-1.000000000000000000e+00,-1.000000000000000000e+00,-1.000000000000000000e+00,-1.000000000000000000e+00,-1.000000000000000000e+00,-1.000000000000000000e+00,-1.000000000000000000e+00,-1.000000000000000000e+00,-1.000000000000000000e+00,-1.000000000000000000e+00,-1.000000000000000000e+00,-1.000000000000000000e+00,-1.000000000000000000e+00,-1.000000000000000000e+00,-1.000000000000000000e+00,-1.000000000000000000e+00,-1.000000000000000000e+00,-1.000000000000000000e+00,-1.000000000000000000e+00,-1.000000000000000000e+00,-1.000000000000000000e+00,-1.000000000000000000e+00
-1.000000000000000000e+00,-1.000000000000000000e+00,-1.000000000000000000e+00,-1.000000000000000000e+00,-1.000000000000000000e+00,-1.000000000000000000e+00,-1.000000000000000000e+00,-1.000000000000000000e+00,-1.000000000000000000e+00,-1.000000000000000000e+00,-1.000000000000000000e+00,-1.000000000000000000e+00,-1.000000000000000000e+00,-1.000000000000000000e+00,-1.000000000000000000e+00,-1.000000000000000000e+00,-1.000000000000000000e+00,-1.000000000000000000e+00,-1.000000000000000000e+00,-1.000000000000000000e+00,-1.000000000000000000e+00,-1.000000000000000000e+00,-1.000000000000000000e+00,-1.000000000000000000e+00,-1.000000000000000000e+00,-1.000000000000000000e+00,-1.000000000000000000e+00,-1.000000000000000000e+00,-1.000000000000000000e+00,-1.000000000000000000e+00,-1.000000000000000000e+00,-1.000000000000000000e+00,-1.000000000000000000e+00,-1.000000000000000000e+00,-1.000000000000000000e+00,-1.000000000000000000e+00,-1.000000000000000000e+00,-1.000000000000000000e+00,-1.000000000000000000e+00,-1.000000000000000000e+00,-1.000000000000000000e+00,-1.000000000000000000e+00,-1.000000000000000000e+00,-1.000000000000000000e+00,-1.000000000000000000e+00,-1.000000000000000000e+00,-1.000000000000000000e+00,-1.000000000000000000e+00,-1.000000000000000000e+00,-1.000000000000000000e+00,-1.000000000000000000e+00,-1.000000000000000000e+00,-1.000000000000000000e+00,-1.000000000000000000e+00,-1.000000000000000000e+00,-1.000000000000000000e+00,-1.000000000000000000e+00,-1.000000000000000000e+00,-7.028694029112314556e-02,-5.187802206672276206e-02,-4.429791147636275017e-02,-5.340672542365487718e-02,-7.587295500707447182e-02,-1.097730549235556019e-01,-1.523652590630828474e-01,-1.992209535300409895e-01,-2.437974790521890700e-01,-2.778127631483550131e-01,-2.929595060544785134e-01,-2.848512842178356763e-01,-2.601084290963572299e-01,-2.425482595808127195e-01,-2.425482594814246662e-01,-2.601084288200338213e-01,-2.848512837451303570e-01,-2.929595053411337968e-01,-2.778127622685987452e-01,-2.437974781289954374e-01,-1.992209525624547561e-01,-1.523652580481880126e-01,-1.097730538997339078e-01,-7.587295391033810343e-02,-5.340672407784519127e-02,-4.429790990121684757e-02,-5.187802050643020024e-02,-7.028693858817169904e-02,-1.000000000000000000e+00,-1.000000000000000000e+00,-1.000000000000000000e+00,-1.000000000000000000e+00,-1.000000000000000000e+00,-1.000000000000000000e+00,-1.000000000000000000e+00,-1.000000000000000000e+00,-1.000000000000000000e+00,-1.000000000000000000e+00,-1.000000000000000000e+00,-1.000000000000000000e+00,-1.000000000000000000e+00,-1.000000000000000000e+00,-1.000000000000000000e+00,-1.000000000000000000e+00,-1.000000000000000000e+00,-1.000000000000000000e+00,-1.000000000000000000e+00,-1.000000000000000000e+00,-1.000000000000000000e+00,-1.000000000000000000e+00,-1.000000000000000000e+00,-1.000000000000000000e+00,-1.000000000000000000e+00,-1.000000000000000000e+00,-1.000000000000000000e+00,-1.000000000000000000e+00,-1.000000000000000000e+00,-1.000000000000000000e+00,-1.000000000000000000e+00,-1.000000000000000000e+00,-1.000000000000000000e+00,-1.000000000000000000e+00,-1.000000000000000000e+00,-1.000000000000000000e+00,-1.000000000000000000e+00,-1.000000000000000000e+00,-1.000000000000000000e+00,-1.000000000000000000e+00,-1.000000000000000000e+00,-1.000000000000000000e+00,-1.000000000000000000e+00,-1.000000000000000000e+00,-1.000000000000000000e+00,-1.000000000000000000e+00,-1.000000000000000000e+00,-1.000000000000000000e+00,-1.000000000000000000e+00,-1.000000000000000000e+00,-1.000000000000000000e+00,-1.000000000000000000e+00,-1.000000000000000000e+00,-1.000000000000000000e+00,-1.000000000000000000e+00,-1.000000000000000000e+00,-1.000000000000000000e+00,-1.000000000000000000e+00
-1.000000000000000000e+00,-1.000000000000000000e+00,-1.000000000000000000e+00,-1.000000000000000000e+00,-1.000000000000000000e+00,-1.000000000000000000e+00,-1.000000000000000000e+00,-1.000000000000000000e+00,-1.000000000000000000e+00,-1.000000000000000000e+00,-1.000000000000000000e+00,-1.000000000000000000e+00,-1.000000000000000000e+00,-1.000000000000000000e+00,-1.000000000000000000e+00,-1.000000000000000000e+00,-1.000000000000000000e+00,-1.000000000000000000e+00,-1.000000000000000000e+00,-1.000000000000000000e+00,-1.000000000000000000e+00,-1.000000000000000000e+00,-1.000000000000000000e+00,-1.000000000000000000e+00,-1.000000000000000000e+00,-1.000000000000000000e+00,-1.000000000000000000e+00,-1.000000000000000000e+00,-1.000000000000000000e+00,-1.000000000000000000e+00,-1.000000000000000000e+00,-1.000000000000000000e+00,-1.000000000000000000e+00,-1.000000000000000000e+00,-1.000000000000000000e+00,-1.000000000000000000e+00,-1.000000000000000000e+00,-1.000000000000000000e+00,-1.000000000000000000e+00,-1.000000000000000000e+00,-1.000000000000000000e+00,-1.000000000000000000e+00,-1.000000000000000000e+00,-1.000000000000000000e+00,-1.000000000000000000e+00,-1.000000000000000000e+00,-1.000000000000000000e+00,-1.000000000000000000e+00,-1.000000000000000000e+00,-1.000000000000000000e+00,-1.000000000000000000e+00,-1.000000000000000000e+00,-1.000000000000000000e+00,-1.000000000000000000e+00,-1.000000000000000000e+00,-1.000000000000000000e+00,-1.000000000000000000e+00,-1.000000000000000000e+00,5.403807315630593244e-02,5.868277576228186909e-02,5.830593335630029905e-02,4.682996473289513517e-02,2.506928034065536437e-02,-6.701296125562694606e-03,-4.711620634641244809e-02,-9.290927849832575358e-02,-1.382939369365575599e-01,-1.751069257559311199e-01,-1.944797744544012330e-01,-1.909974503319615824e-01,-1.701348858313893597e-01,-1.547732819153981865e-01,-1.547732818052807158e-01,-1.701348855069261257e-01,-1.909974497773720969e-01,-1.944797736633155916e-01,-1.751069247975419740e-01,-1.382939358694230680e-01,-9.290927733803511224e-02,-4.711620516160264227e-02,-6.701294975134719500e-03,2.506928156715382272e-02,4.682996627492008734e-02,5.830593527252192487e-02,5.868277774582386641e-02,5.403807527906656638e-02,-1.000000000000000000e+00,-1.000000000000000000e+00,-1.000000000000000000e+00,-1.000000000000000000e+00,-1.000000000000000000e+00,-1.000000000000000000e+00,-1.000000000000000000e+00,-1.000000000000000000e+00,-1.000000000000000000e+00,-1.000000000000000000e+00,-1.000000000000000000e+00,-1.000000000000000000e+00,-1.000000000000000000e+00,-1.000000000000000000e+00,-1.000000000000000000e+00,-1.000000000000000000e+00,-1.000000000000000000e+00,-1.000000000000000000e+00,-1.000000000000000000e+00,-1.000000000000000000e+00,-1.000000000000000000e+00,-1.000000000000000000e+00,-1.000000000000000000e+00,-1.000000000000000000e+00,-1.000000000000000000e+00,-1.000000000000000000e+00,-1.000000000000000000e+00,-1.000000000000000000e+00,-1.000000000000000000e+00,-1.000000000000000000e+00,-1.000000000000000000e+00,-1.000000000000000000e+00,-1.000000000000000000e+00,-1.000000000000000000e+00,-1.000000000000000000e+00,-1.000000000000000000e+00,-1.000000000000000000e+00,-1.000000000000000000e+00,-1.000000000000000000e+00,-1.000000000000000000e+00,-1.000000000000000000e+00,-1.000000000000000000e+00,-1.000000000000000000e+00,-1.000000000000000000e+00,-1.000000000000000000e+00,-1.000000000000000000e+00,-1.000000000000000000e+00,-1.000000000000000000e+00,-1.000000000000000000e+00,-1.000000000000000000e+00,-1.000000000000000000e+00,-1.000000000000000000e+00,-1.000000000000000000e+00,-1.000000000000000000e+00,-1.000000000000000000e+00,-1.000000000000000000e+00,-1.000000000000000000e+00,-1.000000000000000000e+00
-1.000000000000000000e+00,-1.000000000000000000e+00,-1.000000000000000000e+00,-1.000000000000000000e+00,-1.000000000000000000e+00,-1.000000000000000000e+00,-1.000000000000000000e+00,-1.000000000000000000e+00,-1.000000000000000000e+00,-1.000000000000000000e+00,-1.000000000000000000e+00,-1.000000000000000000e+00,-1.000000000000000000e+00,-1.000000000000000000e+00,-1.000000000000000000e+00,-1.000000000000000000e+00,-1.000000000000000000e+00,-1.000000000000000000e+00,-1.000000000000000000e+00,-1.000000000000000000e+00,-1.000000000000000000e+00,-1.000000000000000000e+00,-1.000000000000000000e+00,-1.000000000000000000e+00,-1.000000000000000000e+00,-1.000000000000000000e+00,-1.000000000000000000e+00,-1.000000000000000000e+00,-1.000000000000000000e+00,-1.000000000000000000e+00,-1.000000000000000000e+00,-1.000000000000000000e+00,-1.000000000000000000e+00,-1.000000000000000000e+00,-1.000000000000000000e+00,-1.000000000000000000e+00,-1.000000000000000000e+00,-1.000000000000000000e+00,-1.000000000000000000e+00,-1.000000000000000000e+00,-1.000000000000000000e+00,-1.000000000000000000e+00,-1.000000000000000000e+00,-1.000000000000000000e+00,-1.000000000000000000e+00,-1.000000000000000000e+00,-1.000000000000000000e+00,-1.000000000000000000e+00,-1.000000000000000000e+00,-1.000000000000000000e+00,-1.000000000000000000e+00,-1.000000000000000000e+00,-1.000000000000000000e+00,-1.000000000000000000e+00,-1.000000000000000000e+00,-1.000000000000000000e+00,-1.000000000000000000e+00,-1.000000000000000000e+00,1.452480104524158655e-01,1.453084139330691471e-01,1.414867933544292633e-01,1.295512674954193422e-01,1.094966874816429847e-01,8.080817522034178246e-02,4.391050498673521041e-02,1.016728193410809666e-03,-4.301727909861507992e-02,-8.047878441272204864e-02,-1.022427604645624877e-01,-1.020266280007690041e-01,-8.418171072223523677e-02,-7.060807202520591463e-02,-7.060807191415408024e-02,-8.418171038209898427e-02,-1.020266274382021221e-01,-1.022427596987830478e-01,-8.047878342729031242e-02,-4.301727791358489483e-02,1.016729438358954241e-03,4.391050617345970686e-02,8.080817632780745718e-02,1.094966885897687980e-01,1.295512688518078992e-01,1.414867950685316789e-01,1.453084157345734262e-01,1.452480125666495425e-01,-1.000000000000000000e+00,-1.000000000000000000e+00,-1.000000000000000000e+00,-1.000000000000000000e+00,-1.000000000000000000e+00,-1.000000000000000000e+00,-1.000000000000000000e+00,-1.000000000000000000e+00,-1.000000000000000000e+00,-1.000000000000000000e+00,-1.000000000000000000e+00,-1.000000000000000000e+00,-1.000000000000000000e+00,-1.000000000000000000e+00,-1.000000000000000000e+00,-1.000000000000000000e+00,-1.000000000000000000e+00,-1.000000000000000000e+00,-1.000000000000000000e+00,-1.000000000000000000e+00,-1.000000000000000000e+00,-1.000000000000000000e+00,-1.000000000000000000e+00,-1.000000000000000000e+00,-1.000000000000000000e+00,-1.000000000000000000e+00,-1.000000000000000000e+00,-1.000000000000000000e+00,-1.000000000000000000e+00,-1.000000000000000000e+00,-1.000000000000000000e+00,-1.000000000000000000e+00,-1.000000000000000000e+00,-1.000000000000000000e+00,-1.000000000000000000e+00,-1.000000000000000000e+00,-1.000000000000000000e+00,-1.000000000000000000e+00,-1.000000000000000000e+00,-1.000000000000000000e+00,-1.000000000000000000e+00,-1.000000000000000000e+00,-1.000000000000000000e+00,-1.000000000000000000e+00,-1.000000000000000000e+00,-1.000000000000000000e+00,-1.000000000000000000e+00,-1.000000000000000000e+00,-1.000000000000000000e+00,-1.000000000000000000e+00,-1.000000000000000000e+00,-1.000000000000000000e+00,-1.000000000000000000e+00,-1.000000000000000000e+00,-1.000000000000000000e+00,-1.000000000000000000e+00,-1.000000000000000000e+00,-1.000000000000000000e+00
-1.000000000000000000e+00,-1.000000000000000000e+00,-1.000000000000000000e+00,-1.000000000000000000e+00,-1.000000000000000000e+00,-1.000000000000000000e+00,-1.000000000000000000e+00,-1.000000000000000000e+00,-1.000000000000000000e+00,-1.000000000000000000e+00,-1.000000000000000000e+00,-1.000000000000000000e+00,-1.000000000000000000e+00,-1.000000000000000000e+00,-1.000000000000000000e+00,-1.000000000000000000e+00,-1.000000000000000000e+00,-1.000000000000000000e+00,-1.000000000000000000e+00,-1.000000000000000000e+00,-1.000000000000000000e+00,-1.000000000000000000e+00,-1.000000000000000000e+00,-1.000000000000000000e+00,-1.000000000000000000e+00,-1.000000000000000000e+00,-1.000000000000000000e+00,-1.000000000000000000e+00,-1.000000000000000000e+00,-1.000000000000000000e+00,-1.000000000000000000e+00,-1.000000000000000000e+00,-1.000000000000000000e+00,-1.000000000000000000e+00,-1.000000000000000000e+00,-1.000000000000000000e+00,-1.000000000000000000e+00,-1.000000000000000000e+00,-1.000000000000000000e+00,-1.000000000000000000e+00,-1.000000000000000000e+00,-1.000000000000000000e+00,-1.000000000000000000e+00,-1.000000000000000000e+00,-1.000000000000000000e+00,-1.000000000000000000e+00,-1.000000000000000000e+00,-1.000000000000000000e+00,-1.000000000000000000e+00,-1.000000000000000000e+00,-1.000000000000000000e+00,-1.000000000000000000e+00,-1.000000000000000000e+00,-1.000000000000000000e+00,-1.000000000000000000e+00,-1.000000000000000000e+00,-1.000000000000000000e+00,-1.000000000000000000e+00,2.114062135390830655e-01,2.098864541427507557e-01,2.048190540725445263e-01,1.932756466668605899e-01,1.750917365364261791e-01,1.494694363710351581e-01,1.162937351994843826e-01,7.698202859402969445e-02,3.549647119757093350e-02,-1.088942069399245760e-03,-2.368813958856297308e-02,-2.540977752515938271e-02,-9.639973629529730026e-03,2.629397506459296707e-03,2.629397607530226111e-03,-9.639973334609752698e-03,-2.540977709739722368e-02,-2.368813904373245904e-02,-1.088941278683974723e-03,3.549647220181784135e-02,7.698202953679800231e-02,1.162937360267830567e-01,1.494694371629992080e-01,1.750917372670592886e-01,1.932756475783807826e-01,2.048190553089519472e-01,2.098864554578383501e-01,2.114062152560638452e-01,-1.000000000000000000e+00,-1.000000000000000000e+00,-1.000000000000000000e+00,-1.000000000000000000e+00,-1.000000000000000000e+00,-1.000000000000000000e+00,-1.000000000000000000e+00,-1.000000000000000000e+00,-1.000000000000000000e+00,-1.000000000000000000e+00,-1.000000000000000000e+00,-1.000000000000000000e+00,-1.000000000000000000e+00,-1.000000000000000000e+00,-1.000000000000000000e+00,-1.000000000000000000e+00,-1.000000000000000000e+00,-1.000000000000000000e+00,-1.000000000000000000e+00,-1.000000000000000000e+00,-1.000000000000000000e+00,-1.000000000000000000e+00,-1.000000000000000000e+00,-1.000000000000000000e+00,-1.000000000000000000e+00,-1.000000000000000000e+00,-1.000000000000000000e+00,-1.000000000000000000e+00,-1.000000000000000000e+00,-1.000000000000000000e+00,-1.000000000000000000e+00,-1.000000000000000000e+00,-1.000000000000000000e+00,-1.000000000000000000e+00,-1.000000000000000000e+00,-1.000000000000000000e+00,-1.000000000000000000e+00,-1.000000000000000000e+00,-1.000000000000000000e+00,-1.000000000000000000e+00,-1.000000000000000000e+00,-1.000000000000000000e+00,-1.000000000000000000e+00,-1.000000000000000000e+00,-1.000000000000000000e+00,-1.000000000000000000e+00,-1.000000000000000000e+00,-1.000000000000000000e+00,-1.000000000000000000e+00,-1.000000000000000000e+00,-1.000000000000000000e+00,-1.000000000000000000e+00,-1.000000000000000000e+00,-1.000000000000000000e+00,-1.000000000000000000e+00,-1.000000000000000000e+00,-1.000000000000000000e+00,-1.000000000000000000e+00
-1.000000000000000000e+00,-1.000000000000000000e+00,-1.000000000000000000e+00,-1.000000000000000000e+00,-1.000000000000000000e+00,-1.000000000000000000e+00,-1.000000000000000000e+00,-1.000000000000000000e+00,-1.000000000000000000e+00,-1.000000000000000000e+00,-1.000000000000000000e+00,-1.000000000000000000e+00,-1.000000000000000000e+00,-1.000000000000000000e+00,-1.000000000000000000e+00,-1.000000000000000000e+00,-1.000000000000000000e+00,-1.000000000000000000e+00,-1.000000000000000000e+00,-1.000000000000000000e+00,-1.000000000000000000e+00,-1.000000000000000000e+00,-1.000000000000000000e+00,-1.000000000000000000e+00,-1.000000000000000000e+00,-1.000000000000000000e+00,-1.000000000000000000e+00,-1.000000000000000000e+00,-1.000000000000000000e+00,-1.000000000000000000e+00,-1.000000000000000000e+00,-1.000000000000000000e+00,-1.000000000000000000e+00,-1.000000000000000000e+00,-1.000000000000000000e+00,-1.000000000000000000e+00,-1.000000000000000000e+00,-1.000000000000000000e+00,-1.000000000000000000e+00,-1.000000000000000000e+00,-1.000000000000000000e+00,-1.000000000000000000e+00,-1.000000000000000000e+00,-1.000000000000000000e+00,-1.000000000000000000e+00,-1.000000000000000000e+00,-1.000000000000000000e+00,-1.000000000000000000e+00,-1.000000000000000000e+00,-1.000000000000000000e+00,-1.000000000000000000e+00,-1.000000000000000000e+00,-1.000000000000000000e+00,-1.000000000000000000e+00,-1.000000000000000000e+00,-1.000000000000000000e+00,-1.000000000000000000e+00,-1.000000000000000000e+00,2.551234586214441435e-01,2.530701983232332974e-01,2.476585861807152344e-01,2.366850403597275943e-01,2.200028654610253209e-01,1.967595753729478592e-01,1.665846073660415261e-01,1.304008509436151986e-01,9.149885947743152670e-02,5.635207659199403807e-02,3.384821477155641745e-02,3.121887744276241605e-02,4.577247636807735276e-02,5.722093024049090815e-02,5.722093027998442771e-02,4.577247648911719757e-02,3.121887758183783390e-02,3.384821491709222308e-02,5.635207694778565646e-02,9.149886005402207978e-02,1.304008514106649308e-01,1.665846077137762560e-01,1.967595757230005127e-01,2.200028656542876160e-01,2.366850407247118593e-01,2.476585868031850879e-01,2.530701990208759078e-01,2.551234595932350135e-01,-1.000000000000000000e+00,-1.000000000000000000e+00,-1.000000000000000000e+00,-1.000000000000000000e+00,-1.000000000000000000e+00,-1.000000000000000000e+00,-1.000000000000000000e+00,-1.000000000000000000e+00,-1.000000000000000000e+00,-1.000000000000000000e+00,-1.000000000000000000e+00,-1.000000000000000000e+00,-1.000000000000000000e+00,-1.000000000000000000e+00,-1.000000000000000000e+00,-1.000000000000000000e+00,-1.000000000000000000e+00,-1.000000000000000000e+00,-1.000000000000000000e+00,-1.000000000000000000e+00,-1.000000000000000000e+00,-1.000000000000000000e+00,-1.000000000000000000e+00,-1.000000000000000000e+00,-1.000000000000000000e+00,-1.000000000000000000e+00,-1.000000000000000000e+00,-1.000000000000000000e+00,-1.000000000000000000e+00,-1.000000000000000000e+00,-1.000000000000000000e+00,-1.000000000000000000e+00,-1.000000000000000000e+00,-1.000000000000000000e+00,-1.000000000000000000e+00,-1.000000000000000000e+00,-1.000000000000000000e+00,-1.000000000000000000e+00,-1.000000000000000000e+00,-1.000000000000000000e+00,-1.000000000000000000e+00,-1.000000000000000000e+00,-1.000000000000000000e+00,-1.000000000000000000e+00,-1.000000000000000000e+00,-1.000000000000000000e+00,-1.000000000000000000e+00,-1.000000000000000000e+00,-1.000000000000000000e+00,-1.000000000000000000e+00,-1.000000000000000000e+00,-1.000000000000000000e+00,-1.000000000000000000e+00,-1.000000000000000000e+00,-1.000000000000000000e+00,-1.000000000000000000e+00,-1.000000000000000000e+00,-1.000000000000000000e+00
-1.000000000000000000e+00,-1.000000000000000000e+00,-1.000000000000000000e+00,-1.000000000000000000e+00,-1.000000000000000000e+00,-1.000000000000000000e+00,-1.000000000000000000e+00,-1.000000000000000000e+00,-1.000000000000000000e+00,-1.000000000000000000e+00,-1.000000000000000000e+00,-1.000000000000000000e+00,-1.000000000000000000e+00,-1.000000000000000000e+00,-1.000000000000000000e+00,-1.000000000000000000e+00,-1.000000000000000000e+00,-1.000000000000000000e+00,-1.000000000000000000e+00,-1.000000000000000000e+00,-1.000000000000000000e+00,-1.000000000000000000e+00,-1.000000000000000000e+00,-1.000000000000000000e+00,-1.000000000000000000e+00,-1.000000000000000000e+00,-1.000000000000000000e+00,-1.000000000000000000e+00,-1.000000000000000000e+00,-1.000000000000000000e+00,-1.000000000000000000e+00,-1.000000000000000000e+00,-1.000000000000000000e+00,-1.000000000000000000e+00,-1.000000000000000000e+00,-1.000000000000000000e+00,-1.000000000000000000e+00,-1.000000000000000000e+00,-1.000000000000000000e+00,-1.000000000000000000e+00,-1.000000000000000000e+00,-1.000000000000000000e+00,-1.000000000000000000e+00,-1.000000000000000000e+00,-1.000000000000000000e+00,-1.000000000000000000e+00,-1.000000000000000000e+00,-1.000000000000000000e+00,-1.000000000000000000e+00,-1.000000000000000000e+00,-1.000000000000000000e+00,-1.000000000000000000e+00,-1.000000000000000000e+00,-1.000000000000000000e+00,-1.000000000000000000e+00,-1.000000000000000000e+00,-1.000000000000000000e+00,-1.000000000000000000e+00,2.769758044656815965e-01,2.747654270477406513e-01,2.693006867016431993e-01,2.586963813433511561e-01,2.428372904469366933e-01,2.208797726594808886e-01,1.923609104469194975e-01,1.579766542996852152e-01,1.206665921541232311e-01,8.654697860010474031e-02,6.433871386625233946e-02,6.140971998879285465e-02,7.542738199980458802e-02,8.648887825316942113e-02,8.648887824692352844e-02,7.542738200442822283e-02,6.140971996185573545e-02,6.433871376345257076e-02,8.654697859073912092e-02,1.206665923208261049e-01,1.579766544246195004e-01,1.923609104314571994e-01,2.208797725267455103e-01,2.428372900810329416e-01,2.586963811221025811e-01,2.693006866429448198e-01,2.747654270517756459e-01,2.769758044714325518e-01,-1.000000000000000000e+00,-1.000000000000000000e+00,-1.000000000000000000e+00,-1.000000000000000000e+00,-1.000000000000000000e+00,-1.000000000000000000e+00,-1.000000000000000000e+00,-1.000000000000000000e+00,-1.000000000000000000e+00,-1.000000000000000000e+00,-1.000000000000000000e+00,-1.000000000000000000e+00,-1.000000000000000000e+00,-1.000000000000000000e+00,-1.000000000000000000e+00,-1.000000000000000000e+00,-1.000000000000000000e+00,-1.000000000000000000e+00,-1.000000000000000000e+00,-1.000000000000000000e+00,-1.000000000000000000e+00,-1.000000000000000000e+00,-1.000000000000000000e+00,-1.000000000000000000e+00,-1.000000000000000000e+00,-1.000000000000000000e+00,-1.000000000000000000e+00,-1.000000000000000000e+00,-1.000000000000000000e+00,-1.000000000000000000e+00,-1.000000000000000000e+00,-1.000000000000000000e+00,-1.000000000000000000e+00,-1.000000000000000000e+00,-1.000000000000000000e+00,-1.000000000000000000e+00,-1.000000000000000000e+00,-1.000000000000000000e+00,-1.000000000000000000e+00,-1.000000000000000000e+00,-1.000000000000000000e+00,-1.000000000000000000e+00,-1.000000000000000000e+00,-1.000000000000000000e+00,-1.000000000000000000e+00,-1.000000000000000000e+00,-1.000000000000000000e+00,-1.000000000000000000e+00,-1.000000000000000000e+00,-1.000000000000000000e+00,-1.000000000000000000e+00,-1.000000000000000000e+00,-1.000000000000000000e+00,-1.000000000000000000e+00,-1.000000000000000000e+00,-1.000000000000000000e+00,-1.000000000000000000e+00,-1.000000000000000000e+00
-1.000000000000000000e+00,-1.000000000000000000e+00,-1.000000000000000000e+00,-1.000000000000000000e+00,-1.000000000000000000e+00,-1.000000000000000000e+00,-1.000000000000000000e+00,-1.000000000000000000e+00,-1.000000000000000000e+00,-1.000000000000000000e+00,-1.000000000000000000e+00,-1.000000000000000000e+00,-1.000000000000000000e+00,-1.000000000000000000e+00,-1.000000000000000000e+00,-1.000000000000000000e+00,-1.000000000000000000e+00,-1.000000000000000000e+00,-1.000000000000000000e+00,-1.000000000000000000e+00,-1.000000000000000000e+00,-1.000000000000000000e+00,-1.000000000000000000e+00,-1.000000000000000000e+00,-1.000000000000000000e+00,-1.000000000000000000e+00,-1.000000000000000000e+00,-1.000000000000000000e+00,-1.000000000000000000e+00,-1.000000000000000000e+00,-1.000000000000000000e+00,-1.000000000000000000e+00,-1.000000000000000000e+00,-1.000000000000000000e+00,-1.000000000000000000e+00,-1.000000000000000000e+00,-1.000000000000000000e+00,-1.000000000000000000e+00,-1.000000000000000000e+00,-1.000000000000000000e+00,-1.000000000000000000e+00,-1.000000000000000000e+00,-1.000000000000000000e+00,-1.000000000000000000e+00,-1.000000000000000000e+00,-1.000000000000000000e+00,-1.000000000000000000e+00,-1.000000000000000000e+00,-1.000000000000000000e+00,-1.000000000000000000e+00,-1.000000000000000000e+00,-1.000000000000000000e+00,-1.000000000000000000e+00,-1.000000000000000000e+00,-1.000000000000000000e+00,-1.000000000000000000e+00,-1.000000000000000000e+00,-1.000000000000000000e+00,2.769758049741475325e-01,2.747654274395445739e-01,2.693006870726126767e-01,2.586963815393852339e-01,2.428372907196163499e-01,2.208797728699509744e-01,1.923609104414385484e-01,1.579766543423932745e-01,1.206665922385312673e-01,8.654697862182736401e-02,6.433871383451594816e-02,6.140971994882860052e-02,7.542738195499354426e-02,8.648887819498551899e-02,8.648887815888128827e-02,7.542738189835418439e-02,6.140971988307897256e-02,6.433871367649235395e-02,8.654697840511671458e-02,1.206665920702170158e-01,1.579766541808054203e-01,1.923609101602836713e-01,2.208797722858608648e-01,2.428372898772703792e-01,2.586963808966482592e-01,2.693006864005502710e-01,2.747654267982091447e-01,2.769758040778247388e-01,-1.000000000000000000e+00,-1.000000000000000000e+00,-1.000000000000000000e+00,-1.000000000000000000e+00,-1.000000000000000000e+00,-1.000000000000000000e+00,-1.000000000000000000e+00,-1.000000000000000000e+00,-1.000000000000000000e+00,-1.000000000000000000e+00,-1.000000000000000000e+00,-1.000000000000000000e+00,-1.000000000000000000e+00,-1.000000000000000000e+00,-1.000000000000000000e+00,-1.000000000000000000e+00,-1.000000000000000000e+00,-1.000000000000000000e+00,-1.000000000000000000e+00,-1.000000000000000000e+00,-1.000000000000000000e+00,-1.000000000000000000e+00,-1.000000000000000000e+00,-1.000000000000000000e+00,-1.000000000000000000e+00,-1.000000000000000000e+00,-1.000000000000000000e+00,-1.000000000000000000e+00,-1.000000000000000000e+00,-1.000000000000000000e+00,-1.000000000000000000e+00,-1.000000000000000000e+00,-1.000000000000000000e+00,-1.000000000000000000e+00,-1.000000000000000000e+00,-1.000000000000000000e+00,-1.000000000000000000e+00,-1.000000000000000000e+00,-1.000000000000000000e+00,-1.000000000000000000e+00,-1.000000000000000000e+00,-1.000000000000000000e+00,-1.000000000000000000e+00,-1.000000000000000000e+00,-1.000000000000000000e+00,-1.000000000000000000e+00,-1.000000000000000000e+00,-1.000000000000000000e+00,-1.000000000000000000e+00,-1.000000000000000000e+00,-1.000000000000000000e+00,-1.000000000000000000e+00,-1.000000000000000000e+00,-1.000000000000000000e+00,-1.000000000000000000e+00,-1.000000000000000000e+00,-1.000000000000000000e+00,-1.000000000000000000e+00
-1.000000000000000000e+00,-1.000000000000000000e+00,-1.000000000000000000e+00,-1.000000000000000000e+00,-1.000000000000000000e+00,-1.000000000000000000e+00,-1.000000000000000000e+00,-1.000000000000000000e+00,-1.000000000000000000e+00,-1.000000000000000000e+00,-1.000000000000000000e+00,-1.000000000000000000e+00,-1.000000000000000000e+00,-1.000000000000000000e+00,-1.000000000000000000e+00,-1.000000000000000000e+00,-1.000000000000000000e+00,-1.000000000000000000e+00,-1.000000000000000000e+00,-1.000000000000000000e+00,-1.000000000000000000e+00,-1.000000000000000000e+00,-1.000000000000000000e+00,-1.000000000000000000e+00,-1.000000000000000000e+00,-1.000000000000000000e+00,-1.000000000000000000e+00,-1.000000000000000000e+00,-1.000000000000000000e+00,-1.000000000000000000e+00,-1.000000000000000000e+00,-1.000000000000000000e+00,-1.000000000000000000e+00,-1.000000000000000000e+00,-1.000000000000000000e+00,-1.000000000000000000e+00,-1.000000000000000000e+00,-1.000000000000000000e+00,-1.000000000000000000e+00,-1.000000000000000000e+00,-1.000000000000000000e+00,-1.000000000000000000e+00,-1.000000000000000000e+00,-1.000000000000000000e+00,-1.000000000000000000e+00,-1.000000000000000000e+00,-1.000000000000000000e+00,-1.000000000000000000e+00,-1.000000000000000000e+00,-1.000000000000000000e+00,-1.000000000000000000e+00,-1.000000000000000000e+00,-1.000000000000000000e+00,-1.000000000000000000e+00,-1.000000000000000000e+00,-1.000000000000000000e+00,-1.000000000000000000e+00,-1.000000000000000000e+00,2.551234599537706149e-01,2.530701993491832891e-01,2.476585872228340701e-01,2.366850409267193811e-01,2.200028660667658897e-01,1.967595758822564544e-01,1.665846075847920993e-01,1.304008511777265955e-01,9.149885979916971834e-02,5.635207679099418776e-02,3.384821485474853731e-02,3.121887747346296926e-02,4.577247632795500287e-02,5.722093012302220671e-02,5.722093006036632623e-02,4.577247619505331322e-02,3.121887733065564774e-02,3.384821463342224668e-02,5.635207640425621278e-02,9.149885933874446486e-02,1.304008507379783577e-01,1.665846069801275586e-01,1.967595749536574790e-01,2.200028650038781119e-01,2.366850399842050923e-01,2.476585860337994216e-01,2.530701981994845085e-01,2.551234584033814645e-01,-1.000000000000000000e+00,-1.000000000000000000e+00,-1.000000000000000000e+00,-1.000000000000000000e+00,-1.000000000000000000e+00,-1.000000000000000000e+00,-1.000000000000000000e+00,-1.000000000000000000e+00,-1.000000000000000000e+00,-1.000000000000000000e+00,-1.000000000000000000e+00,-1.000000000000000000e+00,-1.000000000000000000e+00,-1.000000000000000000e+00,-1.000000000000000000e+00,-1.000000000000000000e+00,-1.000000000000000000e+00,-1.000000000000000000e+00,-1.000000000000000000e+00,-1.000000000000000000e+00,-1.000000000000000000e+00,-1.000000000000000000e+00,-1.000000000000000000e+00,-1.000000000000000000e+00,-1.000000000000000000e+00,-1.000000000000000000e+00,-1.000000000000000000e+00,-1.000000000000000000e+00,-1.000000000000000000e+00,-1.000000000000000000e+00,-1.000000000000000000e+00,-1.000000000000000000e+00,-1.000000000000000000e+00,-1.000000000000000000e+00,-1.000000000000000000e+00,-1.000000000000000000e+00,-1.000000000000000000e+00,-1.000000000000000000e+00,-1.000000000000000000e+00,-1.000000000000000000e+00,-1.000000000000000000e+00,-1.000000000000000000e+00,-1.000000000000000000e+00,-1.000000000000000000e+00,-1.000000000000000000e+00,-1.000000000000000000e+00,-1.000000000000000000e+00,-1.000000000000000000e+00,-1.000000000000000000e+00,-1.000000000000000000e+00,-1.000000000000000000e+00,-1.000000000000000000e+00,-1.000000000000000000e+00,-1.000000000000000000e+00,-1.000000000000000000e+00,-1.000000000000000000e+00,-1.000000000000000000e+00,-1.000000000000000000e+00
-1.000000000000000000e+00,-1.000000000000000000e+00,-1.000000000000000000e+00,-1.000000000000000000e+00,-1.000000000000000000e+00,-1.000000000000000000e+00,-1.000000000000000000e+00,-1.000000000000000000e+00,-1.000000000000000000e+00,-1.000000000000000000e+00,-1.000000000000000000e+00,-1.000000000000000000e+00,-1.000000000000000000e+00,-1.000000000000000000e+00,-1.000000000000000000e+00,-1.000000000000000000e+00,-1.000000000000000000e+00,-1.000000000000000000e+00,-1.000000000000000000e+00,-1.000000000000000000e+00,-1.000000000000000000e+00,-1.000000000000000000e+00,-1.000000000000000000e+00,-1.000000000000000000e+00,-1.000000000000000000e+00,-1.000000000000000000e+00,-1.000000000000000000e+00,-1.000000000000000000e+00,-1.000000000000000000e+00,-1.000000000000000000e+00,-1.000000000000000000e+00,-1.000000000000000000e+00,-1.000000000000000000e+00,-1.000000000000000000e+00,-1.000000000000000000e+00,-1.000000000000000000e+00,-1.000000000000000000e+00,-1.000000000000000000e+00,-1.000000000000000000e+00,-1.000000000000000000e+00,-1.000000000000000000e+00,-1.000000000000000000e+00,-1.000000000000000000e+00,-1.000000000000000000e+00,-1.000000000000000000e+00,-1.000000000000000000e+00,-1.000000000000000000e+00,-1.000000000000000000e+00,-1.000000000000000000e+00,-1.000000000000000000e+00,-1.000000000000000000e+00,-1.000000000000000000e+00,-1.000000000000000000e+00,-1.000000000000000000e+00,-1.000000000000000000e+00,-1.000000000000000000e+00,-1.000000000000000000e+00,-1.000000000000000000e+00,2.114062153415472434e-01,2.098864555206552129e-01,2.048190555803510726e-01,1.932756476434991377e-01,1.750917372319598098e-01,1.494694371085916185e-01,1.162937357890723167e-01,7.698202918808783046e-02,3.549647179309967093e-02,-1.088941623778594270e-03,-2.368813923916790465e-02,-2.540977724465554033e-02,-9.639973481643471231e-03,2.629397522716958591e-03,2.629397458552507061e-03,-9.639973662008860522e-03,-2.540977748034201067e-02,-2.368813953165149755e-02,-1.088942137231541096e-03,3.549647104897668548e-02,7.698202841947265895e-02,1.162937348821124761e-01,1.494694359554451513e-01,1.750917361458499411e-01,1.932756463355711496e-01,2.048190540010408345e-01,2.098864540216283103e-01,2.114062133481344752e-01,-1.000000000000000000e+00,-1.000000000000000000e+00,-1.000000000000000000e+00,-1.000000000000000000e+00,-1.000000000000000000e+00,-1.000000000000000000e+00,-1.000000000000000000e+00,-1.000000000000000000e+00,-1.000000000000000000e+00,-1.000000000000000000e+00,-1.000000000000000000e+00,-1.000000000000000000e+00,-1.000000000000000000e+00,-1.000000000000000000e+00,-1.000000000000000000e+00,-1.000000000000000000e+00,-1.000000000000000000e+00,-1.000000000000000000e+00,-1.000000000000000000e+00,-1.000000000000000000e+00,-1.000000000000000000e+00,-1.000000000000000000e+00,-1.000000000000000000e+00,-1.000000000000000000e+00,-1.000000000000000000e+00,-1.000000000000000000e+00,-1.000000000000000000e+00,-1.000000000000000000e+00,-1.000000000000000000e+00,-1.000000000000000000e+00,-1.000000000000000000e+00,-1.000000000000000000e+00,-1.000000000000000000e+00,-1.000000000000000000e+00,-1.000000000000000000e+00,-1.000000000000000000e+00,-1.000000000000000000e+00,-1.000000000000000000e+00,-1.000000000000000000e+00,-1.000000000000000000e+00,-1.000000000000000000e+00,-1.000000000000000000e+00,-1.000000000000000000e+00,-1.000000000000000000e+00,-1.000000000000000000e+00,-1.000000000000000000e+00,-1.000000000000000000e+00,-1.000000000000000000e+00,-1.000000000000000000e+00,-1.000000000000000000e+00,-1.000000000000000000e+00,-1.000000000000000000e+00,-1.000000000000000000e+00,-1.000000000000000000e+00,-1.000000000000000000e+00,-1.000000000000000000e+00,-1.000000000000000000e+00,-1.000000000000000000e+00
-1.000000000000000000e+00,-1.000000000000000000e+00,-1.000000000000000000e+00,-1.000000000000000000e+00,-1.000000000000000000e+00,-1.000000000000000000e+00,-1.000000000000000000e+00,-1.000000000000000000e+00,-1.000000000000000000e+00,-1.000000000000000000e+00,-1.000000000000000000e+00,-1.000000000000000000e+00,-1.000000000000000000e+00,-1.000000000000000000e+00,-1.000000000000000000e+00,-1.000000000000000000e+00,-1.000000000000000000e+00,-1.000000000000000000e+00,-1.000000000000000000e+00,-1.000000000000000000e+00,-1.000000000000000000e+00,-1.000000000000000000e+00,-1.000000000000000000e+00,-1.000000000000000000e+00,-1.000000000000000000e+00,-1.000000000000000000e+00,-1.000000000000000000e+00,-1.000000000000000000e+00,-1.000000000000000000e+00,-1.000000000000000000e+00,-1.000000000000000000e+00,-1.000000000000000000e+00,-1.000000000000000000e+00,-1.000000000000000000e+00,-1.000000000000000000e+00,-1.000000000000000000e+00,-1.000000000000000000e+00,-1.000000000000000000e+00,-1.000000000000000000e+00,-1.000000000000000000e+00,-1.000000000000000000e+00,-1.000000000000000000e+00,-1.000000000000000000e+00,-1.000000000000000000e+00,-1.000000000000000000e+00,-1.000000000000000000e+00,-1.000000000000000000e+00,-1.000000000000000000e+00,-1.000000000000000000e+00,-1.000000000000000000e+00,-1.000000000000000000e+00,-1.000000000000000000e+00,-1.000000000000000000e+00,-1.000000000000000000e+00,-1.000000000000000000e+00,-1.000000000000000000e+00,-1.000000000000000000e+00,-1.000000000000000000e+00,1.452480125222415097e-01,1.453084155098183228e-01,1.414867949894862420e-01,1.295512687274829045e-01,1.094966884278210095e-01,8.080817612011093054e-02,4.391050582511657474e-02,1.016729018548101493e-03,-4.301727837170143953e-02,-8.047878383185669282e-02,-1.022427599187744063e-01,-1.020266275365812048e-01,-8.418171045787981033e-02,-7.060807192852214254e-02,-7.060807198189267275e-02,-8.418171067983970524e-02,-1.020266279154068423e-01,-1.022427603384913342e-01,-8.047878439644040593e-02,-4.301727922563680639e-02,1.016728023441659801e-03,4.391050473042534819e-02,8.080817485680680257e-02,1.094966871708957790e-01,1.295512672523779774e-01,1.414867933614909479e-01,1.453084138343836429e-01,1.452480102349062996e-01,-1.000000000000000000e+00,-1.000000000000000000e+00,-1.000000000000000000e+00,-1.000000000000000000e+00,-1.000000000000000000e+00,-1.000000000000000000e+00,-1.000000000000000000e+00,-1.000000000000000000e+00,-1.000000000000000000e+00,-1.000000000000000000e+00,-1.000000000000000000e+00,-1.000000000000000000e+00,-1.000000000000000000e+00,-1.000000000000000000e+00,-1.000000000000000000e+00,-1.000000000000000000e+00,-1.000000000000000000e+00,-1.000000000000000000e+00,-1.000000000000000000e+00,-1.000000000000000000e+00,-1.000000000000000000e+00,-1.000000000000000000e+00,-1.000000000000000000e+00,-1.000000000000000000e+00,-1.000000000000000000e+00,-1.000000000000000000e+00,-1.000000000000000000e+00,-1.000000000000000000e+00,-1.000000000000000000e+00,-1.000000000000000000e+00,-1.000000000000000000e+00,-1.000000000000000000e+00,-1.000000000000000000e+00,-1.000000000000000000e+00,-1.000000000000000000e+00,-1.000000000000000000e+00,-1.000000000000000000e+00,-1.000000000000000000e+00,-1.000000000000000000e+00,-1.000000000000000000e+00,-1.000000000000000000e+00,-1.000000000000000000e+00,-1.000000000000000000e+00,-1.000000000000000000e+00,-1.000000000000000000e+00,-1.000000000000000000e+00,-1.000000000000000000e+00,-1.000000000000000000e+00,-1.000000000000000000e+00,-1.000000000000000000e+00,-1.000000000000000000e+00,-1.000000000000000000e+00,-1.000000000000000000e+00,-1.000000000000000000e+00,-1.000000000000000000e+00,-1.000000000000000000e+00,-1.000000000000000000e+00,-1.000000000000000000e+00
-1.000000000000000000e+00,-1.000000000000000000e+00,-1.000000000000000000e+00,-1.000000000000000000e+00,-1.000000000000000000e+00,-1.000000000000000000e+00,-1.000000000000000000e+00,-1.000000000000000000e+00,-1.000000000000000000e+00,-1.000000000000000000e+00,-1.000000000000000000e+00,-1.000000000000000000e+00,-1.000000000000000000e+00,-1.000000000000000000e+00,-1.000000000000000000e+00,-1.000000000000000000e+00,-1.000000000000000000e+00,-1.000000000000000000e+00,-1.000000000000000000e+00,-1.000000000000000000e+00,-1.000000000000000000e+00,-1.000000000000000000e+00,-1.000000000000000000e+00,-1.000000000000000000e+00,-1.000000000000000000e+00,-1.000000000000000000e+00,-1.000000000000000000e+00,-1.000000000000000000e+00,-1.000000000000000000e+00,-1.000000000000000000e+00,-1.000000000000000000e+00,-1.000000000000000000e+00,-1.000000000000000000e+00,-1.000000000000000000e+00,-1.000000000000000000e+00,-1.000000000000000000e+00,-1.000000000000000000e+00,-1.000000000000000000e+00,-1.000000000000000000e+00,-1.000000000000000000e+00,-1.000000000000000000e+00,-1.000000000000000000e+00,-1.000000000000000000e+00,-1.000000000000000000e+00,-1.000000000000000000e+00,-1.000000000000000000e+00,-1.000000000000000000e+00,-1.000000000000000000e+00,-1.000000000000000000e+00,-1.000000000000000000e+00,-1.000000000000000000e+00,-1.000000000000000000e+00,-1.000000000000000000e+00,-1.000000000000000000e+00,-1.000000000000000000e+00,-1.000000000000000000e+00,-1.000000000000000000e+00,-1.000000000000000000e+00,5.403807537570903818e-02,5.868277752817641080e-02,5.830593489169921817e-02,4.682996596359711994e-02,2.506928128238450348e-02,-6.701295213646041304e-03,-4.711620543029237940e-02,-9.290927762709211279e-02,-1.382939362184132381e-01,-1.751069251904794344e-01,-1.944797739530637060e-01,-1.909974499520999958e-01,-1.701348856642500573e-01,-1.547732819179770125e-01,-1.547732819481560940e-01,-1.701348858706315248e-01,-1.909974504014947394e-01,-1.944797744931735517e-01,-1.751069258224258185e-01,-1.382939371161138187e-01,-9.290927874524990138e-02,-4.711620663157645161e-02,-6.701296448809457296e-03,2.506928010275277785e-02,4.682996463075328464e-02,5.830593348473112059e-02,5.868277579761116414e-02,5.403807299442386913e-02,-1.000000000000000000e+00,-1.000000000000000000e+00,-1.000000000000000000e+00,-1.000000000000000000e+00,-1.000000000000000000e+00,-1.000000000000000000e+00,-1.000000000000000000e+00,-1.000000000000000000e+00,-1.000000000000000000e+00,-1.000000000000000000e+00,-1.000000000000000000e+00,-1.000000000000000000e+00,-1.000000000000000000e+00,-1.000000000000000000e+00,-1.000000000000000000e+00,-1.000000000000000000e+00,-1.000000000000000000e+00,-1.000000000000000000e+00,-1.000000000000000000e+00,-1.000000000000000000e+00,-1.000000000000000000e+00,-1.000000000000000000e+00,-1.000000000000000000e+00,-1.000000000000000000e+00,-1.000000000000000000e+00,-1.000000000000000000e+00,-1.000000000000000000e+00,-1.000000000000000000e+00,-1.000000000000000000e+00,-1.000000000000000000e+00,-1.000000000000000000e+00,-1.000000000000000000e+00,-1.000000000000000000e+00,-1.000000000000000000e+00,-1.000000000000000000e+00,-1.000000000000000000e+00,-1.000000000000000000e+00,-1.000000000000000000e+00,-1.000000000000000000e+00,-1.000000000000000000e+00,-1.000000000000000000e+00,-1.000000000000000000e+00,-1.000000000000000000e+00,-1.000000000000000000e+00,-1.000000000000000000e+00,-1.000000000000000000e+00,-1.000000000000000000e+00,-1.000000000000000000e+00,-1.000000000000000000e+00,-1.000000000000000000e+00,-1.000000000000000000e+00,-1.000000000000000000e+00,-1.000000000000000000e+00,-1.000000000000000000e+00,-1.000000000000000000e+00,-1.000000000000000000e+00,-1.000000000000000000e+00,-1.000000000000000000e+00
-1.000000000000000000e+00,-1.000000000000000000e+00,-1.000000000000000000e+00,-1.000000000000000000e+00,-1.000000000000000000e+00,-1.000000000000000000e+00,-1.000000000000000000e+00,-1.000000000000000000e+00,-1.000000000000000000e+00,-1.000000000000000000e+00,-1.000000000000000000e+00,-1.000000000000000000e+00,-1.000000000000000000e+00,-1.000000000000000000e+00,-1.000000000000000000e+00,-1.000000000000000000e+00,-1.000000000000000000e+00,-1.000000000000000000e+00,-1.000000000000000000e+00,-1.000000000000000000e+00,-1.000000000000000000e+00,-1.000000000000000000e+00,-1.000000000000000000e+00,-1.000000000000000000e+00,-1.000000000000000000e+00,-1.000000000000000000e+00,-1.000000000000000000e+00,-1.000000000000000000e+00,-1.000000000000000000e+00,-1.000000000000000000e+00,-1.000000000000000000e+00,-1.000000000000000000e+00,-1.000000000000000000e+00,-1.000000000000000000e+00,-1.000000000000000000e+00,-1.000000000000000000e+00,-1.000000000000000000e+00,-1.000000000000000000e+00,-1.000000000000000000e+00,-1.000000000000000000e+00,-1.000000000000000000e+00,-1.000000000000000000e+00,-1.000000000000000000e+00,-1.000000000000000000e+00,-1.000000000000000000e+00,-1.000000000000000000e+00,-1.000000000000000000e+00,-1.000000000000000000e+00,-1.000000000000000000e+00,-1.000000000000000000e+00,-1.000000000000000000e+00,-1.000000000000000000e+00,-1.000000000000000000e+00,-1.000000000000000000e+00,-1.000000000000000000e+00,-1.000000000000000000e+00,-1.000000000000000000e+00,-1.000000000000000000e+00,-7.028693815873143791e-02,-5.187802033896227183e-02,-4.429790989838311432e-02,-5.340672413864866463e-02,-7.587295406639504858e-02,-1.097730540951564748e-01,-1.523652583000582039e-01,-1.992209528531988516e-01,-2.437974785063141692e-01,-2.778127627596197469e-01,-2.929595057966820626e-01,-2.848512840795670575e-01,-2.601084291260198356e-01,-2.425482597851869038e-01,-2.425482598165955572e-01,-2.601084293075801579e-01,-2.848512844804208521e-01,-2.929595063193806137e-01,-2.778127633838585187e-01,-2.437974793486535896e-01,-1.992209539026330578e-01,-1.523652594500419788e-01,-1.097730552578795038e-01,-7.587295523796278029e-02,-5.340672546238312002e-02,-4.429791130541194111e-02,-5.187802190168244731e-02,-7.028694034865534679e-02,-1.000000000000000000e+00,-1.000000000000000000e+00,-1.000000000000000000e+00,-1.000000000000000000e+00,-1.000000000000000000e+00,-1.000000000000000000e+00,-1.000000000000000000e+00,-1.000000000000000000e+00,-1.000000000000000000e+00,-1.000000000000000000e+00,-1.000000000000000000e+00,-1.000000000000000000e+00,-1.000000000000000000e+00,-1.000000000000000000e+00,-1.000000000000000000e+00,-1.000000000000000000e+00,-1.000000000000000000e+00,-1.000000000000000000e+00,-1.000000000000000000e+00,-1.000000000000000000e+00,-1.000000000000000000e+00,-1.000000000000000000e+00,-1.000000000000000000e+00,-1.000000000000000000e+00,-1.000000000000000000e+00,-1.000000000000000000e+00,-1.000000000000000000e+00,-1.000000000000000000e+00,-1.000000000000000000e+00,-1.000000000000000000e+00,-1.000000000000000000e+00,-1.000000000000000000e+00,-1.000000000000000000e+00,-1.000000000000000000e+00,-1.000000000000000000e+00,-1.000000000000000000e+00,-1.000000000000000000e+00,-1.000000000000000000e+00,-1.000000000000000000e+00,-1.000000000000000000e+00,-1.000000000000000000e+00,-1.000000000000000000e+00,-1.000000000000000000e+00,-1.000000000000000000e+00,-1.000000000000000000e+00,-1.000000000000000000e+00,-1.000000000000000000e+00,-1.000000000000000000e+00,-1.000000000000000000e+00,-1.000000000000000000e+00,-1.000000000000000000e+00,-1.000000000000000000e+00,-1.000000000000000000e+00,-1.000000000000000000e+00,-1.000000000000000000e+00,-1.000000000000000000e+00,-1.000000000000000000e+00,-1.000000000000000000e+00
-1.000000000000000000e+00,-1.000000000000000000e+00,-1.000000000000000000e+00,-1.000000000000000000e+00,-1.000000000000000000e+00,-1.000000000000000000e+00,-1.000000000000000000e+00,-1.000000000000000000e+00,-1.000000000000000000e+00,-1.000000000000000000e+00,-1.000000000000000000e+00,-1.000000000000000000e+00,-1.000000000000000000e+00,-1.000000000000000000e+00,-1.000000000000000000e+00,-1.000000000000000000e+00,-1.000000000000000000e+00,-1.000000000000000000e+00,-1.000000000000000000e+00,-1.000000000000000000e+00,-1.000000000000000000e+00,-1.000000000000000000e+00,-1.000000000000000000e+00,-1.000000000000000000e+00,-1.000000000000000000e+00,-1.000000000000000000e+00,-1.000000000000000000e+00,-1.000000000000000000e+00,-1.000000000000000000e+00,-1.000000000000000000e+00,-1.000000000000000000e+00,-1.000000000000000000e+00,-1.000000000000000000e+00,-1.000000000000000000e+00,-1.000000000000000000e+00,-1.000000000000000000e+00,-1.000000000000000000e+00,-1.000000000000000000e+00,-1.000000000000000000e+00,-1.000000000000000000e+00,-1.000000000000000000e+00,-1.000000000000000000e+00,-1.000000000000000000e+00,-1.000000000000000000e+00,-1.000000000000000000e+00,-1.000000000000000000e+00,-9.746416443824927889e-01,-9.719076685555991801e-01,-9.634406001250205298e-01,-9.484551219961968593e-01,-9.256830596146081724e-01,-8.934577096508745653e-01,-8.498725781404683488e-01,-7.930342875672443670e-01,-7.213830602784079282e-01,-6.339171740785315423e-01,-5.298097232289142866e-01,-4.059978031638564744e-01,-2.485408711116912084e-01,-1.861629423889933355e-01,-1.646556437796509176e-01,-1.685056827853018691e-01,-1.898372552577188843e-01,-2.239402976351954067e-01,-2.663824250684784234e-01,-3.116747038882679011e-01,-3.528364125629726011e-01,-3.818043970645038643e-01,-3.910340095226800816e-01,-3.771894118444333310e-01,-3.479374626503998202e-01,-3.279051356369468984e-01,-3.279051356881900192e-01,-3.479374628113042212e-01,-3.771894121296861524e-01,-3.910340099352953569e-01,-3.818043976314512422e-01,-3.528364133199056729e-01,-3.116747047820345173e-01,-2.663824260356900675e-01,-2.239402985956517877e-01,-1.898372562364092353e-01,-1.685056838982863514e-01,-1.646556450147175221e-01,-1.861629437459062508e-01,-2.485408730015538081e-01,-4.059978047468078000e-01,-5.298097244255859373e-01,-6.339171751168981572e-01,-7.213830613005766113e-01,-7.930342884183030350e-01,-8.498725786801728521e-01,-8.934577099765175223e-01,-9.256830601328160935e-01,-9.484551229976795339e-01,-9.634406013240101041e-01,-9.719076701207645108e-01,-9.746416459870989035e-01,-1.000000000000000000e+00,-1.000000000000000000e+00,-1.000000000000000000e+00,-1.000000000000000000e+00,-1.000000000000000000e+00,-1.000000000000000000e+00,-1.000000000000000000e+00,-1.000000000000000000e+00,-1.000000000000000000e+00,-1.000000000000000000e+00,-1.000000000000000000e+00,-1.000000000000000000e+00,-1.000000000000000000e+00,-1.000000000000000000e+00,-1.000000000000000000e+00,-1.000000000000000000e+00,-1.000000000000000000e+00,-1.000000000000000000e+00,-1.000000000000000000e+00,-1.000000000000000000e+00,-1.000000000000000000e+00,-1.000000000000000000e+00,-1.000000000000000000e+00,-1.000000000000000000e+00,-1.000000000000000000e+00,-1.000000000000000000e+00,-1.000000000000000000e+00,-1.000000000000000000e+00,-1.000000000000000000e+00,-1.000000000000000000e+00,-1.000000000000000000e+00,-1.000000000000000000e+00,-1.000000000000000000e+00,-1.000000000000000000e+00,-1.000000000000000000e+00,-1.000000000000000000e+00,-1.000000000000000000e+00,-1.000000000000000000e+00,-1.000000000000000000e+00,-1.000000000000000000e+00,-1.000000000000000000e+00,-1.000000000000000000e+00,-1.000000000000000000e+00,-1.000000000000000000e+00,-1.000000000000000000e+00,-1.000000000000000000e+00
-1.000000000000000000e+00,-1.000000000000000000e+00,-1.000000000000000000e+00,-1.000000000000000000e+00,-1.000000000000000000e+00,-1.000000000000000000e+00,-1.000000000000000000e+00,-1.000000000000000000e+00,-1.000000000000000000e+00,-1.000000000000000000e+00,-1.000000000000000000e+00,-1.000000000000000000e+00,-1.000000000000000000e+00,-1.000000000000000000e+00,-1.000000000000000000e+00,-1.000000000000000000e+00,-1.000000000000000000e+00,-1.000000000000000000e+00,-1.000000000000000000e+00,-1.000000000000000000e+00,-1.000000000000000000e+00,-1.000000000000000000e+00,-1.000000000000000000e+00,-1.000000000000000000e+00,-1.000000000000000000e+00,-1.000000000000000000e+00,-1.000000000000000000e+00,-1.000000000000000000e+00,-1.000000000000000000e+00,-1.000000000000000000e+00,-1.000000000000000000e+00,-1.000000000000000000e+00,-1.000000000000000000e+00,-1.000000000000000000e+00,-1.000000000000000000e+00,-1.000000000000000000e+00,-1.000000000000000000e+00,-1.000000000000000000e+00,-1.000000000000000000e+00,-1.000000000000000000e+00,-1.000000000000000000e+00,-1.000000000000000000e+00,-1.000000000000000000e+00,-1.000000000000000000e+00,-1.000000000000000000e+00,-1.000000000000000000e+00,-9.757433881049445423e-01,-9.731211683319250794e-01,-9.650073390307323251e-01,-9.506722283987837363e-01,-9.289463070213842544e-01,-8.983141094789293124e-01,-8.570895795330419897e-01,-8.037027657107090883e-01,-7.371073099100167170e-01,-6.572715883611699450e-01,-5.656964477898700494e-01,-4.662596641407887876e-01,-3.691045203019076570e-01,-3.125257153979185132e-01,-2.892742508550867342e-01,-2.909233056281868013e-01,-3.106694724719326617e-01,-3.430655969728352295e-01,-3.827978675137724274e-01,-4.238429797873245475e-01,-4.592011826154936971e-01,-4.812928338392676864e-01,-4.834045492135033983e-01,-4.631571475157743034e-01,-4.290921658830035845e-01,-4.064834925340761185e-01,-4.064834926276625904e-01,-4.290921660912271340e-01,-4.631571477807647774e-01,-4.834045496066891046e-01,-4.812928344255917867e-01,-4.592011833848288482e-01,-4.238429806823306167e-01,-3.827978685129170833e-01,-3.430655980216600343e-01,-3.106694735413105812e-01,-2.909233068138633582e-01,-2.892742522380985504e-01,-3.125257169512047906e-01,-3.691045223930303765e-01,-4.662596660844396945e-01,-5.656964492691971547e-01,-6.572715895948619824e-01,-7.371073112711179487e-01,-8.037027671825817121e-01,-8.570895806990825871e-01,-8.983141102553443558e-01,-9.289463079528267331e-01,-9.506722297081593442e-01,-9.650073402511555321e-01,-9.731211699092002787e-01,-9.757433896791783967e-01,-1.000000000000000000e+00,-1.000000000000000000e+00,-1.000000000000000000e+00,-1.000000000000000000e+00,-1.000000000000000000e+00,-1.000000000000000000e+00,-1.000000000000000000e+00,-1.000000000000000000e+00,-1.000000000000000000e+00,-1.000000000000000000e+00,-1.000000000000000000e+00,-1.000000000000000000e+00,-1.000000000000000000e+00,-1.000000000000000000e+00,-1.000000000000000000e+00,-1.000000000000000000e+00,-1.000000000000000000e+00,-1.000000000000000000e+00,-1.000000000000000000e+00,-1.000000000000000000e+00,-1.000000000000000000e+00,-1.000000000000000000e+00,-1.000000000000000000e+00,-1.000000000000000000e+00,-1.000000000000000000e+00,-1.000000000000000000e+00,-1.000000000000000000e+00,-1.000000000000000000e+00,-1.000000000000000000e+00,-1.000000000000000000e+00,-1.000000000000000000e+00,-1.000000000000000000e+00,-1.000000000000000000e+00,-1.000000000000000000e+00,-1.000000000000000000e+00,-1.000000000000000000e+00,-1.000000000000000000e+00,-1.000000000000000000e+00,-1.000000000000000000e+00,-1.000000000000000000e+00,-1.000000000000000000e+00,-1.000000000000000000e+00,-1.000000000000000000e+00,-1.000000000000000000e+00,-1.000000000000000000e+00,-1.000000000000000000e+00
-1.000000000000000000e+00,-1.000000000000000000e+00,-1.000000000000000000e+00,-1.000000000000000000e+00,-1.000000000000000000e+00,-1.000000000000000000e+00,-1.000000000000000000e+00,-1.000000000000000000e+00,-1.000000000000000000e+00,-1.000000000000000000e+00,-1.000000000000000000e+00,-1.000000000000000000e+00,-1.000000000000000000e+00,-1.000000000000000000e+00,-1.000000000000000000e+00,-1.000000000000000000e+00,-1.000000000000000000e+00,-1.000000000000000000e+00,-1.000000000000000000e+00,-1.000000000000000000e+00,-1.000000000000000000e+00,-1.000000000000000000e+00,-1.000000000000000000e+00,-1.000000000000000000e+00,-1.000000000000000000e+00,-1.000000000000000000e+00,-1.000000000000000000e+00,-1.000000000000000000e+00,-1.000000000000000000e+00,-1.000000000000000000e+00,-1.000000000000000000e+00,-1.000000000000000000e+00,-1.000000000000000000e+00,-1.000000000000000000e+00,-1.000000000000000000e+00,-1.000000000000000000e+00,-1.000000000000000000e+00,-1.000000000000000000e+00,-1.000000000000000000e+00,-1.000000000000000000e+00,-1.000000000000000000e+00,-1.000000000000000000e+00,-1.000000000000000000e+00,-1.000000000000000000e+00,-1.000000000000000000e+00,-1.000000000000000000e+00,-9.778294881093179125e-01,-9.754148420100242634e-01,-9.679556025583400114e-01,-9.548200569786389202e-01,-9.350095260704651690e-01,-9.072628708120947794e-01,-8.702458388628189212e-01,-8.228576792317443545e-01,-7.646768753889833237e-01,-6.965435725606881068e-01,-6.212672098003291232e-01,-5.445451010517503576e-01,-4.763812180244101357e-01,-4.318196772113982451e-01,-4.120683071111652662e-01,-4.135247897566032282e-01,-4.313055859204002473e-01,-4.603241675872767891e-01,-4.951849243413741775e-01,-5.298951247031068457e-01,-5.577936146972404252e-01,-5.719302171445882488e-01,-5.663838616071836807e-01,-5.395757049842160313e-01,-5.007296476626021953e-01,-4.756055747592454752e-01,-4.756055748648903014e-01,-5.007296478989804456e-01,-5.395757052944117893e-01,-5.663838620829648729e-01,-5.719302178173990558e-01,-5.577936155111324901e-01,-5.298951256449648817e-01,-4.951849254289926172e-01,-4.603241687991966868e-01,-4.313055871718535217e-01,-4.135247910913644187e-01,-4.120683086359149261e-01,-4.318196789257020551e-01,-4.763812202616329872e-01,-5.445451033816905984e-01,-6.212672118378490538e-01,-6.965435739740863941e-01,-7.646768766050837662e-01,-8.228576806629487317e-01,-8.702458401473261995e-01,-9.072628716307616914e-01,-9.350095268781002389e-01,-9.548200581247728858e-01,-9.679556037270236057e-01,-9.754148435628129388e-01,-9.778294896986673423e-01,-1.000000000000000000e+00,-1.000000000000000000e+00,-1.000000000000000000e+00,-1.000000000000000000e+00,-1.000000000000000000e+00,-1.000000000000000000e+00,-1.000000000000000000e+00,-1.000000000000000000e+00,-1.000000000000000000e+00,-1.000000000000000000e+00,-1.000000000000000000e+00,-1.000000000000000000e+00,-1.000000000000000000e+00,-1.000000000000000000e+00,-1.000000000000000000e+00,-1.000000000000000000e+00,-1.000000000000000000e+00,-1.000000000000000000e+00,-1.000000000000000000e+00,-1.000000000000000000e+00,-1.000000000000000000e+00,-1.000000000000000000e+00,-1.000000000000000000e+00,-1.000000000000000000e+00,-1.000000000000000000e+00,-1.000000000000000000e+00,-1.000000000000000000e+00,-1.000000000000000000e+00,-1.000000000000000000e+00,-1.000000000000000000e+00,-1.000000000000000000e+00,-1.000000000000000000e+00,-1.000000000000000000e+00,-1.000000000000000000e+00,-1.000000000000000000e+00,-1.000000000000000000e+00,-1.000000000000000000e+00,-1.000000000000000000e+00,-1.000000000000000000e+00,-1.000000000000000000e+00,-1.000000000000000000e+00,-1.000000000000000000e+00,-1.000000000000000000e+00,-1.000000000000000000e+00,-1.000000000000000000e+00,-1.000000000000000000e+00
-1.000000000000000000e+00,-1.000000000000000000e+00,-1.000000000000000000e+00,-1.000000000000000000e+00,-1.000000000000000000e+00,-1.000000000000000000e+00,-1.000000000000000000e+00,-1.000000000000000000e+00,-1.000000000000000000e+00,-1.000000000000000000e+00,-1.000000000000000000e+00,-1.000000000000000000e+00,-1.000000000000000000e+00,-1.000000000000000000e+00,-1.000000000000000000e+00,-1.000000000000000000e+00,-1.000000000000000000e+00,-1.000000000000000000e+00,-1.000000000000000000e+00,-1.000000000000000000e+00,-1.000000000000000000e+00,-1.000000000000000000e+00,-1.000000000000000000e+00,-1.000000000000000000e+00,-1.000000000000000000e+00,-1.000000000000000000e+00,-1.000000000000000000e+00,-1.000000000000000000e+00,-1.000000000000000000e+00,-1.000000000000000000e+00,-1.000000000000000000e+00,-1.000000000000000000e+00,-1.000000000000000000e+00,-1.000000000000000000e+00,-1.000000000000000000e+00,-1.000000000000000000e+00,-1.000000000000000000e+00,-1.000000000000000000e+00,-1.000000000000000000e+00,-1.000000000000000000e+00,-1.000000000000000000e+00,-1.000000000000000000e+00,-1.000000000000000000e+00,-1.000000000000000000e+00,-1.000000000000000000e+00,-1.000000000000000000e+00,-9.806892794391200985e-01,-9.785506302049210570e-01,-9.719587955244147759e-01,-9.604019809659470885e-01,-9.430860425860955187e-01,-9.190426593426457291e-01,-8.873167068205010111e-01,-8.472576203924695459e-01,-7.989263884607622490e-01,-7.435981937957383270e-01,-6.842911742216548632e-01,-6.261786162923856924e-01,-5.765305886740084151e-01,-5.430140510026905121e-01,-5.279011825953505710e-01,-5.297138564498813373e-01,-5.450294786566955985e-01,-5.694927701038643431e-01,-5.981256595521754482e-01,-6.253576925513506524e-01,-6.450793625209663151e-01,-6.510043681343710142e-01,-6.379041844224329072e-01,-6.048315631453677899e-01,-5.615174637583277839e-01,-5.340714267216614131e-01,-5.340714267877110233e-01,-5.615174639347997321e-01,-6.048315634348429004e-01,-6.379041848957469618e-01,-6.510043687665338918e-01,-6.450793632199305350e-01,-6.253576933527991155e-01,-5.981256604986726622e-01,-5.694927711788853042e-01,-5.450294797992383256e-01,-5.297138576964725010e-01,-5.279011839981535559e-01,-5.430140525003487317e-01,-5.765305904902772172e-01,-6.261786183548037066e-01,-6.842911763367190980e-01,-7.435981954168442432e-01,-7.989263897063781927e-01,-8.472576217824265843e-01,-8.873167082157578101e-01,-9.190426603758826696e-01,-9.430860434788027602e-01,-9.604019820915107308e-01,-9.719587966839350335e-01,-9.785506315414789213e-01,-9.806892809101989128e-01,-1.000000000000000000e+00,-1.000000000000000000e+00,-1.000000000000000000e+00,-1.000000000000000000e+00,-1.000000000000000000e+00,-1.000000000000000000e+00,-1.000000000000000000e+00,-1.000000000000000000e+00,-1.000000000000000000e+00,-1.000000000000000000e+00,-1.000000000000000000e+00,-1.000000000000000000e+00,-1.000000000000000000e+00,-1.000000000000000000e+00,-1.000000000000000000e+00,-1.000000000000000000e+00,-1.000000000000000000e+00,-1.000000000000000000e+00,-1.000000000000000000e+00,-1.000000000000000000e+00,-1.000000000000000000e+00,-1.000000000000000000e+00,-1.000000000000000000e+00,-1.000000000000000000e+00,-1.000000000000000000e+00,-1.000000000000000000e+00,-1.000000000000000000e+00,-1.000000000000000000e+00,-1.000000000000000000e+00,-1.000000000000000000e+00,-1.000000000000000000e+00,-1.000000000000000000e+00,-1.000000000000000000e+00,-1.000000000000000000e+00,-1.000000000000000000e+00,-1.000000000000000000e+00,-1.000000000000000000e+00,-1.000000000000000000e+00,-1.000000000000000000e+00,-1.000000000000000000e+00,-1.000000000000000000e+00,-1.000000000000000000e+00,-1.000000000000000000e+00,-1.000000000000000000e+00,-1.000000000000000000e+00,-1.000000000000000000e+00
-1.000000000000000000e+00,-1.000000000000000000e+00,-1.000000000000000000e+00,-1.000000000000000000e+00,-1.000000000000000000e+00,-1.000000000000000000e+00,-1.000000000000000000e+00,-1.000000000000000000e+00,-1.000000000000000000e+00,-1.000000000000000000e+00,-1.000000000000000000e+00,-1.000000000000000000e+00,-1.000000000000000000e+00,-1.000000000000000000e+00,-1.000000000000000000e+00,-1.000000000000000000e+00,-1.000000000000000000e+00,-1.000000000000000000e+00,-1.000000000000000000e+00,-1.000000000000000000e+00,-1.000000000000000000e+00,-1.000000000000000000e+00,-1.000000000000000000e+00,-1.000000000000000000e+00,-1.000000000000000000e+00,-1.000000000000000000e+00,-1.000000000000000000e+00,-1.000000000000000000e+00,-1.000000000000000000e+00,-1.000000000000000000e+00,-1.000000000000000000e+00,-1.000000000000000000e+00,-1.000000000000000000e+00,-1.000000000000000000e+00,-1.000000000000000000e+00,-1.000000000000000000e+00,-1.000000000000000000e+00,-1.000000000000000000e+00,-1.000000000000000000e+00,-1.000000000000000000e+00,-1.000000000000000000e+00,-1.000000000000000000e+00,-1.000000000000000000e+00,-1.000000000000000000e+00,-1.000000000000000000e+00,-1.000000000000000000e+00,-9.840588204557002561e-01,-9.822325767024379095e-01,-9.766185620879330731e-01,-9.668270726353089817e-01,-9.522669963800227677e-01,-9.322483005682915547e-01,-9.061508924874742688e-01,-8.736733402669427662e-01,-8.351584740635314974e-01,-7.919579639298791607e-01,-7.467413994688045786e-01,-7.035740194150352789e-01,-6.674685877882977625e-01,-6.430039485949430311e-01,-6.321064347120518567e-01,-6.341283824085145460e-01,-6.466218407191023365e-01,-6.660155067549483610e-01,-6.879741024000793903e-01,-7.075384757761014054e-01,-7.192253669480216383e-01,-7.173713862016606324e-01,-6.973210588278508926e-01,-6.586081386276673166e-01,-6.113297271739559502e-01,-5.818410867857999325e-01,-5.818410868186856266e-01,-6.113297272844935293e-01,-6.586081388339251053e-01,-6.973210591674496861e-01,-7.173713866620126112e-01,-7.192253674464375024e-01,-7.075384763470302651e-01,-6.879741030837629445e-01,-6.660155075144231773e-01,-6.466218415841512579e-01,-6.341283835100302024e-01,-6.321064361017363353e-01,-6.430039501189368512e-01,-6.674685894022718280e-01,-7.035740211502181651e-01,-7.467414014927610255e-01,-7.919579658959091661e-01,-8.351584757410589477e-01,-8.736733417354743958e-01,-9.061508938364476462e-01,-9.322483016146366763e-01,-9.522669972085345824e-01,-9.668270736174249258e-01,-9.766185632151375140e-01,-9.822325778711014088e-01,-9.840588218667613019e-01,-1.000000000000000000e+00,-1.000000000000000000e+00,-1.000000000000000000e+00,-1.000000000000000000e+00,-1.000000000000000000e+00,-1.000000000000000000e+00,-1.000000000000000000e+00,-1.000000000000000000e+00,-1.000000000000000000e+00,-1.000000000000000000e+00,-1.000000000000000000e+00,-1.000000000000000000e+00,-1.000000000000000000e+00,-1.000000000000000000e+00,-1.000000000000000000e+00,-1.000000000000000000e+00,-1.000000000000000000e+00,-1.000000000000000000e+00,-1.000000000000000000e+00,-1.000000000000000000e+00,-1.000000000000000000e+00,-1.000000000000000000e+00,-1.000000000000000000e+00,-1.000000000000000000e+00,-1.000000000000000000e+00,-1.000000000000000000e+00,-1.000000000000000000e+00,-1.000000000000000000e+00,-1.000000000000000000e+00,-1.000000000000000000e+00,-1.000000000000000000e+00,-1.000000000000000000e+00,-1.000000000000000000e+00,-1.000000000000000000e+00,-1.000000000000000000e+00,-1.000000000000000000e+00,-1.000000000000000000e+00,-1.000000000000000000e+00,-1.000000000000000000e+00,-1.000000000000000000e+00,-1.000000000000000000e+00,-1.000000000000000000e+00,-1.000000000000000000e+00,-1.000000000000000000e+00,-1.000000000000000000e+00,-1.000000000000000000e+00
-1.000000000000000000e+00,-1.000000000000000000e+00,-1.000000000000000000e+00,-1.000000000000000000e+00,-1.000000000000000000e+00,-1.000000000000000000e+00,-1.000000000000000000e+00,-1.000000000000000000e+00,-1.000000000000000000e+00,-1.000000000000000000e+00,-1.000000000000000000e+00,-1.000000000000000000e+00,-1.000000000000000000e+00,-1.000000000000000000e+00,-1.000000000000000000e+00,-1.000000000000000000e+00,-1.000000000000000000e+00,-1.000000000000000000e+00,-1.000000000000000000e+00,-1.000000000000000000e+00,-1.000000000000000000e+00,-1.000000000000000000e+00,-1.000000000000000000e+00,-1.000000000000000000e+00,-1.000000000000000000e+00,-1.000000000000000000e+00,-1.000000000000000000e+00,-1.000000000000000000e+00,-1.000000000000000000e+00,-1.000000000000000000e+00,-1.000000000000000000e+00,-1.000000000000000000e+00,-1.000000000000000000e+00,-1.000000000000000000e+00,-1.000000000000000000e+00,-1.000000000000000000e+00,-1.000000000000000000e+00,-1.000000000000000000e+00,-1.000000000000000000e+00,-1.000000000000000000e+00,-1.000000000000000000e+00,-1.000000000000000000e+00,-1.000000000000000000e+00,-1.000000000000000000e+00,-1.000000000000000000e+00,-1.000000000000000000e+00,-9.876646906311667973e-01,-9.861571430006004224e-01,-9.815362266074584285e-01,-9.735221415824740765e-01,-9.617017220372356956e-01,-9.456178983606199351e-01,-9.249099772919783247e-01,-8.995086461000094680e-01,-8.698732330064982143e-01,-8.372287713234848328e-01,-8.037176817271936002e-01,-7.723339426524108431e-01,-7.464821725285055720e-01,-7.290817025826985542e-01,-7.215214769736897349e-01,-7.234484764759729902e-01,-7.330587282338439925e-01,-7.474866362337699854e-01,-7.630767691575136569e-01,-7.755151486037298314e-01,-7.799226572153795667e-01,-7.711787523644084708e-01,-7.450861816012765981e-01,-7.015385539624970912e-01,-6.508946286723429342e-01,-6.196818426147954195e-01,-6.196818426633905474e-01,-6.508946287976609124e-01,-7.015385541450989138e-01,-7.450861818565044370e-01,-7.711787527231672712e-01,-7.799226576454696414e-01,-7.755151491246239370e-01,-7.630767697931006843e-01,-7.474866369069075311e-01,-7.330587290000030176e-01,-7.234484775124867539e-01,-7.215214783845320667e-01,-7.290817042777905099e-01,-7.464821742514635705e-01,-7.723339441871772681e-01,-8.037176833337171811e-01,-8.372287730956131657e-01,-8.698732347122988262e-01,-8.995086476624918337e-01,-9.249099787193397759e-01,-9.456178995018533762e-01,-9.617017228366320225e-01,-9.735221424037762139e-01,-9.815362277512414968e-01,-9.861571440942978883e-01,-9.876646919943301572e-01,-1.000000000000000000e+00,-1.000000000000000000e+00,-1.000000000000000000e+00,-1.000000000000000000e+00,-1.000000000000000000e+00,-1.000000000000000000e+00,-1.000000000000000000e+00,-1.000000000000000000e+00,-1.000000000000000000e+00,-1.000000000000000000e+00,-1.000000000000000000e+00,-1.000000000000000000e+00,-1.000000000000000000e+00,-1.000000000000000000e+00,-1.000000000000000000e+00,-1.000000000000000000e+00,-1.000000000000000000e+00,-1.000000000000000000e+00,-1.000000000000000000e+00,-1.000000000000000000e+00,-1.000000000000000000e+00,-1.000000000000000000e+00,-1.000000000000000000e+00,-1.000000000000000000e+00,-1.000000000000000000e+00,-1.000000000000000000e+00,-1.000000000000000000e+00,-1.000000000000000000e+00,-1.000000000000000000e+00,-1.000000000000000000e+00,-1.000000000000000000e+00,-1.000000000000000000e+00,-1.000000000000000000e+00,-1.000000000000000000e+00,-1.000000000000000000e+00,-1.000000000000000000e+00,-1.000000000000000000e+00,-1.000000000000000000e+00,-1.000000000000000000e+00,-1.000000000000000000e+00,-1.000000000000000000e+00,-1.000000000000000000e+00,-1.000000000000000000e+00,-1.000000000000000000e+00,-1.000000000000000000e+00,-1.000000000000000000e+00
-1.000000000000000000e+00,-1.000000000000000000e+00,-1.000000000000000000e+00,-1.000000000000000000e+00,-1.000000000000000000e+00,-1.000000000000000000e+00,-1.000000000000000000e+00,-1.000000000000000000e+00,-1.000000000000000000e+00,-1.000000000000000000e+00,-1.000000000000000000e+00,-1.000000000000000000e+00,-1.000000000000000000e+00,-1.000000000000000000e+00,-1.000000000000000000e+00,-1.000000000000000000e+00,-1.000000000000000000e+00,-1.000000000000000000e+00,-1.000000000000000000e+00,-1.000000000000000000e+00,-1.000000000000000000e+00,-1.000000000000000000e+00,-1.000000000000000000e+00,-1.000000000000000000e+00,-1.000000000000000000e+00,-1.000000000000000000e+00,-1.000000000000000000e+00,-1.000000000000000000e+00,-1.000000000000000000e+00,-1.000000000000000000e+00,-1.000000000000000000e+00,-1.000000000000000000e+00,-1.000000000000000000e+00,-1.000000000000000000e+00,-1.000000000000000000e+00,-1.000000000000000000e+00,-1.000000000000000000e+00,-1.000000000000000000e+00,-1.000000000000000000e+00,-1.000000000000000000e+00,-1.000000000000000000e+00,-1.000000000000000000e+00,-1.000000000000000000e+00,-1.000000000000000000e+00,-1.000000000000000000e+00,-1.000000000000000000e+00,-9.912608762452917999e-01,-9.900545107197677996e-01,-9.863678805762062796e-01,-9.800113085647911282e-01,-9.707135728665416963e-01,-9.581946810861895480e-01,-9.422747833594065092e-01,-9.230171611480308957e-01,-9.008895728385148960e-01,-8.769065423330907327e-01,-8.526891363614537145e-01,-8.303598507710042709e-01,-8.122027144048409308e-01,-8.001046067485467761e-01,-7.949860527876502214e-01,-7.965812609635376518e-01,-8.035176649474681243e-01,-8.135083990808651411e-01,-8.235090849890605025e-01,-8.297917649130546192e-01,-8.280057084258729549e-01,-8.134793950712616573e-01,-7.823736574638415764e-01,-7.348496030599166451e-01,-6.814537599279680835e-01,-6.488361823086120639e-01,-6.488361823778632242e-01,-6.814537600801633399e-01,-7.348496032495042130e-01,-7.823736576983848501e-01,-8.134793953971093394e-01,-8.280057088547678745e-01,-8.297917654498430107e-01,-8.235090856241757962e-01,-8.135083997382188681e-01,-8.035176656831588549e-01,-7.965812619093939340e-01,-7.949860540273310239e-01,-8.001046083613370108e-01,-8.122027162128426792e-01,-8.303598523342617943e-01,-8.526891376981921011e-01,-8.769065437445989764e-01,-9.008895743379692345e-01,-9.230171627004838397e-01,-9.422747849435693102e-01,-9.581946824668430285e-01,-9.707135738109015088e-01,-9.800113093374269724e-01,-9.863678817746026617e-01,-9.900545117978380993e-01,-9.912608776185590775e-01,-1.000000000000000000e+00,-1.000000000000000000e+00,-1.000000000000000000e+00,-1.000000000000000000e+00,-1.000000000000000000e+00,-1.000000000000000000e+00,-1.000000000000000000e+00,-1.000000000000000000e+00,-1.000000000000000000e+00,-1.000000000000000000e+00,-1.000000000000000000e+00,-1.000000000000000000e+00,-1.000000000000000000e+00,-1.000000000000000000e+00,-1.000000000000000000e+00,-1.000000000000000000e+00,-1.000000000000000000e+00,-1.000000000000000000e+00,-1.000000000000000000e+00,-1.000000000000000000e+00,-1.000000000000000000e+00,-1.000000000000000000e+00,-1.000000000000000000e+00,-1.000000000000000000e+00,-1.000000000000000000e+00,-1.000000000000000000e+00,-1.000000000000000000e+00,-1.000000000000000000e+00,-1.000000000000000000e+00,-1.000000000000000000e+00,-1.000000000000000000e+00,-1.000000000000000000e+00,-1.000000000000000000e+00,-1.000000000000000000e+00,-1.000000000000000000e+00,-1.000000000000000000e+00,-1.000000000000000000e+00,-1.000000000000000000e+00,-1.000000000000000000e+00,-1.000000000000000000e+00,-1.000000000000000000e+00,-1.000000000000000000e+00,-1.000000000000000000e+00,-1.000000000000000000e+00,-1.000000000000000000e+00,-1.000000000000000000e+00
-1.000000000000000000e+00,-1.000000000000000000e+00,-1.000000000000000000e+00,-1.000000000000000000e+00,-1.000000000000000000e+00,-1.000000000000000000e+00,-1.000000000000000000e+00,-1.000000000000000000e+00,-1.000000000000000000e+00,-1.000000000000000000e+00,-1.000000000000000000e+00,-1.000000000000000000e+00,-1.000000000000000000e+00,-1.000000000000000000e+00,-1.000000000000000000e+00,-1.000000000000000000e+00,-1.000000000000000000e+00,-1.000000000000000000e+00,-1.000000000000000000e+00,-1.000000000000000000e+00,-1.000000000000000000e+00,-1.000000000000000000e+00,-1.000000000000000000e+00,-1.000000000000000000e+00,-1.000000000000000000e+00,-1.000000000000000000e+00,-1.000000000000000000e+00,-1.000000000000000000e+00,-1.000000000000000000e+00,-1.000000000000000000e+00,-1.000000000000000000e+00,-1.000000000000000000e+00,-1.000000000000000000e+00,-1.000000000000000000e+00,-1.000000000000000000e+00,-1.000000000000000000e+00,-1.000000000000000000e+00,-1.000000000000000000e+00,-1.000000000000000000e+00,-1.000000000000000000e+00,-1.000000000000000000e+00,-1.000000000000000000e+00,-1.000000000000000000e+00,-1.000000000000000000e+00,-1.000000000000000000e+00,-1.000000000000000000e+00,-9.946526216649804741e-01,-9.937142656511780414e-01,-9.908553232083263662e-01,-9.859545735139267908e-01,-9.788455546713709099e-01,-9.693723175039865581e-01,-9.574693460158472114e-01,-9.432608717579258339e-01,-9.271647424524533943e-01,-9.099720593920930245e-01,-8.928601539757772265e-01,-8.772923197418500685e-01,-8.647776077996128796e-01,-8.565223703229221108e-01,-8.530923477394375398e-01,-8.542357857675919597e-01,-8.588720926056981897e-01,-8.651598652567321635e-01,-8.705532614843910499e-01,-8.718095621006642926e-01,-8.650097061711078394e-01,-8.458386980197653005e-01,-8.107320965109616751e-01,-7.600495654447754212e-01,-7.044741684905075907e-01,-6.707460084043934678e-01,-6.707460084454408555e-01,-7.044741685899336137e-01,-7.600495655751073887e-01,-8.107320966780465765e-01,-8.458386982577837943e-01,-8.650097065045480038e-01,-8.718095625389263859e-01,-8.705532619851832354e-01,-8.651598657861122588e-01,-8.588720932572914135e-01,-8.542357866247902720e-01,-8.530923487709570763e-01,-8.565223716622391015e-01,-8.647776095006826091e-01,-8.772923214438228534e-01,-8.928601554623241121e-01,-9.099720608355817975e-01,-9.271647439251972100e-01,-9.432608732496801096e-01,-9.574693475590542180e-01,-9.693723189833163278e-01,-9.788455557224858827e-01,-9.859545742669632018e-01,-9.908553244423521367e-01,-9.937142667577952837e-01,-9.946526231592849321e-01,-1.000000000000000000e+00,-1.000000000000000000e+00,-1.000000000000000000e+00,-1.000000000000000000e+00,-1.000000000000000000e+00,-1.000000000000000000e+00,-1.000000000000000000e+00,-1.000000000000000000e+00,-1.000000000000000000e+00,-1.000000000000000000e+00,-1.000000000000000000e+00,-1.000000000000000000e+00,-1.000000000000000000e+00,-1.000000000000000000e+00,-1.000000000000000000e+00,-1.000000000000000000e+00,-1.000000000000000000e+00,-1.000000000000000000e+00,-1.000000000000000000e+00,-1.000000000000000000e+00,-1.000000000000000000e+00,-1.000000000000000000e+00,-1.000000000000000000e+00,-1.000000000000000000e+00,-1.000000000000000000e+00,-1.000000000000000000e+00,-1.000000000000000000e+00,-1.000000000000000000e+00,-1.000000000000000000e+00,-1.000000000000000000e+00,-1.000000000000000000e+00,-1.000000000000000000e+00,-1.000000000000000000e+00,-1.000000000000000000e+00,-1.000000000000000000e+00,-1.000000000000000000e+00,-1.000000000000000000e+00,-1.000000000000000000e+00,-1.000000000000000000e+00,-1.000000000000000000e+00,-1.000000000000000000e+00,-1.000000000000000000e+00,-1.000000000000000000e+00,-1.000000000000000000e+00,-1.000000000000000000e+00,-1.000000000000000000e+00
-1.000000000000000000e+00,-1.000000000000000000e+00,-1.000000000000000000e+00,-1.000000000000000000e+00,-1.000000000000000000e+00,-1.000000000000000000e+00,-1.000000000000000000e+00,-1.000000000000000000e+00,-1.000000000000000000e+00,-1.000000000000000000e+00,-1.000000000000000000e+00,-1.000000000000000000e+00,-1.000000000000000000e+00,-1.000000000000000000e+00,-1.000000000000000000e+00,-1.000000000000000000e+00,-1.000000000000000000e+00,-1.000000000000000000e+00,-1.000000000000000000e+00,-1.000000000000000000e+00,-1.000000000000000000e+00,-1.000000000000000000e+00,-1.000000000000000000e+00,-1.000000000000000000e+00,-1.000000000000000000e+00,-1.000000000000000000e+00,-1.000000000000000000e+00,-1.000000000000000000e+00,-1.000000000000000000e+00,-1.000000000000000000e+00,-1.000000000000000000e+00,-1.000000000000000000e+00,-1.000000000000000000e+00,-1.000000000000000000e+00,-1.000000000000000000e+00,-1.000000000000000000e+00,-1.000000000000000000e+00,-1.000000000000000000e+00,-1.000000000000000000e+00,-1.000000000000000000e+00,-1.000000000000000000e+00,-1.000000000000000000e+00,-1.000000000000000000e+00,-1.000000000000000000e+00,-1.000000000000000000e+00,-1.000000000000000000e+00,-9.977061391594616024e-01,-9.969948201041403113e-01,-9.948340297871796079e-01,-9.911511784578626028e-01,-9.858519542456589679e-01,-9.788608987702775988e-01,-9.701773040288185213e-01,-9.599411099020935811e-01,-9.484966952066852253e-01,-9.364342518871963117e-01,-9.245822151106695141e-01,-9.139258926143134509e-01,-9.054440046287566268e-01,-8.998889838254026108e-01,-8.975752935343073169e-01,-8.982440954700591229e-01,-9.010128768267414712e-01,-9.043674481795678233e-01,-9.061429289111678775e-01,-9.034733827924942284e-01,-8.927746934042392057e-01,-8.700053282745184857e-01,-8.318079626754713018e-01,-7.786894672778087445e-01,-7.214338399142692371e-01,-6.868498533860665223e-01,-6.868498533794666905e-01,-7.214338399310664673e-01,-7.786894673204591832e-01,-8.318079627404607601e-01,-8.700053283646187463e-01,-8.927746935597115074e-01,-9.034733830685572897e-01,-9.061429292331231178e-01,-9.043674485179102884e-01,-9.010128773389224355e-01,-8.982440962872979551e-01,-8.975752945442524444e-01,-8.998889850161948534e-01,-9.054440061075879065e-01,-9.139258942451029544e-01,-9.245822167030095518e-01,-9.364342534776632920e-01,-9.484966967826291562e-01,-9.599411113928215666e-01,-9.701773055097625553e-01,-9.788609002501227341e-01,-9.858519553671267754e-01,-9.911511792207040594e-01,-9.948340309948151550e-01,-9.969948211583472553e-01,-9.977061407085827671e-01,-1.000000000000000000e+00,-1.000000000000000000e+00,-1.000000000000000000e+00,-1.000000000000000000e+00,-1.000000000000000000e+00,-1.000000000000000000e+00,-1.000000000000000000e+00,-1.000000000000000000e+00,-1.000000000000000000e+00,-1.000000000000000000e+00,-1.000000000000000000e+00,-1.000000000000000000e+00,-1.000000000000000000e+00,-1.000000000000000000e+00,-1.000000000000000000e+00,-1.000000000000000000e+00,-1.000000000000000000e+00,-1.000000000000000000e+00,-1.000000000000000000e+00,-1.000000000000000000e+00,-1.000000000000000000e+00,-1.000000000000000000e+00,-1.000000000000000000e+00,-1.000000000000000000e+00,-1.000000000000000000e+00,-1.000000000000000000e+00,-1.000000000000000000e+00,-1.000000000000000000e+00,-1.000000000000000000e+00,-1.000000000000000000e+00,-1.000000000000000000e+00,-1.000000000000000000e+00,-1.000000000000000000e+00,-1.000000000000000000e+00,-1.000000000000000000e+00,-1.000000000000000000e+00,-1.000000000000000000e+00,-1.000000000000000000e+00,-1.000000000000000000e+00,-1.000000000000000000e+00,-1.000000000000000000e+00,-1.000000000000000000e+00,-1.000000000000000000e+00,-1.000000000000000000e+00,-1.000000000000000000e+00,-1.000000000000000000e+00
-1.000000000000000000e+00,-1.000000000000000000e+00,-1.000000000000000000e+00,-1.000000000000000000e+00,-1.000000000000000000e+00,-1.000000000000000000e+00,-1.000000000000000000e+00,-1.000000000000000000e+00,-1.000000000000000000e+00,-1.000000000000000000e+00,-1.000000000000000000e+00,-1.000000000000000000e+00,-1.000000000000000000e+00,-1.000000000000000000e+00,-1.000000000000000000e+00,-1.000000000000000000e+00,-1.000000000000000000e+00,-1.000000000000000000e+00,-1.000000000000000000e+00,-1.000000000000000000e+00,-1.000000000000000000e+00,-1.000000000000000000e+00,-1.000000000000000000e+00,-1.000000000000000000e+00,-1.000000000000000000e+00,-1.000000000000000000e+00,-1.000000000000000000e+00,-1.000000000000000000e+00,-1.000000000000000000e+00,-1.000000000000000000e+00,-1.000000000000000000e+00,-1.000000000000000000e+00,-1.000000000000000000e+00,-1.000000000000000000e+00,-1.000000000000000000e+00,-1.000000000000000000e+00,-1.000000000000000000e+00,-1.000000000000000000e+00,-1.000000000000000000e+00,-1.000000000000000000e+00,-1.000000000000000000e+00,-1.000000000000000000e+00,-1.000000000000000000e+00,-1.000000000000000000e+00,-1.000000000000000000e+00,-1.000000000000000000e+00,-1.000346679437663644e+00,-9.998199267220138076e-01,-9.982243824556041867e-01,-9.955199141008622687e-01,-9.916587002185358601e-01,-9.866134695390743614e-01,-9.804149921814986346e-01,-9.731940762794240030e-01,-9.652190485479830162e-01,-9.569152039891544170e-01,-9.488503350092322153e-01,-9.416734992580881869e-01,-9.360054786138877203e-01,-9.322979138045695002e-01,-9.306946887699191207e-01,-9.309270800007194424e-01,-9.322464447753396888e-01,-9.333704940910850789e-01,-9.324119944734434728e-01,-9.267839557515070714e-01,-9.131517300971718765e-01,-8.876772603713602994e-01,-8.471566037849691533e-01,-7.922054145017800586e-01,-7.336834804451700665e-01,-6.984539194433568854e-01,-6.984539194130621187e-01,-7.336834804064800153e-01,-7.922054144894283834e-01,-8.471566037966071772e-01,-8.876772603730014310e-01,-9.131517301518483620e-01,-9.267839559448090014e-01,-9.324119947183220347e-01,-9.333704943329388382e-01,-9.322464451666062635e-01,-9.309270807320163543e-01,-9.306946897931142049e-01,-9.322979149870527227e-01,-9.360054799146092508e-01,-9.416735006292268340e-01,-9.488503364037133014e-01,-9.569152054723668588e-01,-9.652190501133024458e-01,-9.731940778310820273e-01,-9.804149937513392254e-01,-9.866134711110142730e-01,-9.916587014537671108e-01,-9.955199149652539381e-01,-9.982243836811540705e-01,-9.998199277274445462e-01,-1.000346680980459535e+00,-1.000000000000000000e+00,-1.000000000000000000e+00,-1.000000000000000000e+00,-1.000000000000000000e+00,-1.000000000000000000e+00,-1.000000000000000000e+00,-1.000000000000000000e+00,-1.000000000000000000e+00,-1.000000000000000000e+00,-1.000000000000000000e+00,-1.000000000000000000e+00,-1.000000000000000000e+00,-1.000000000000000000e+00,-1.000000000000000000e+00,-1.000000000000000000e+00,-1.000000000000000000e+00,-1.000000000000000000e+00,-1.000000000000000000e+00,-1.000000000000000000e+00,-1.000000000000000000e+00,-1.000000000000000000e+00,-1.000000000000000000e+00,-1.000000000000000000e+00,-1.000000000000000000e+00,-1.000000000000000000e+00,-1.000000000000000000e+00,-1.000000000000000000e+00,-1.000000000000000000e+00,-1.000000000000000000e+00,-1.000000000000000000e+00,-1.000000000000000000e+00,-1.000000000000000000e+00,-1.000000000000000000e+00,-1.000000000000000000e+00,-1.000000000000000000e+00,-1.000000000000000000e+00,-1.000000000000000000e+00,-1.000000000000000000e+00,-1.000000000000000000e+00,-1.000000000000000000e+00,-1.000000000000000000e+00,-1.000000000000000000e+00,-1.000000000000000000e+00,-1.000000000000000000e+00,-1.000000000000000000e+00,-1.000000000000000000e+00
-1.000000000000000000e+00,-1.000000000000000000e+00,-1.000000000000000000e+00,-1.000000000000000000e+00,-1.000000000000000000e+00,-1.000000000000000000e+00,-1.000000000000000000e+00,-1.000000000000000000e+00,-1.000000000000000000e+00,-1.000000000000000000e+00,-1.000000000000000000e+00,-1.000000000000000000e+00,-1.000000000000000000e+00,-1.000000000000000000e+00,-1.000000000000000000e+00,-1.000000000000000000e+00,-1.000000000000000000e+00,-1.000000000000000000e+00,-1.000000000000000000e+00,-1.000000000000000000e+00,-1.000000000000000000e+00,-1.000000000000000000e+00,-1.000000000000000000e+00,-1.000000000000000000e+00,-1.000000000000000000e+00,-1.000000000000000000e+00,-1.000000000000000000e+00,-1.000000000000000000e+00,-1.000000000000000000e+00,-1.000000000000000000e+00,-1.000000000000000000e+00,-1.000000000000000000e+00,-1.000000000000000000e+00,-1.000000000000000000e+00,-1.000000000000000000e+00,-1.000000000000000000e+00,-1.000000000000000000e+00,-1.000000000000000000e+00,-1.000000000000000000e+00,-1.000000000000000000e+00,-1.000000000000000000e+00,-1.000000000000000000e+00,-1.000000000000000000e+00,-1.000000000000000000e+00,-1.000000000000000000e+00,-1.000000000000000000e+00,-1.002549108533120403e+00,-1.002167242620180643e+00,-1.001013727156206290e+00,-9.990687794268778843e-01,-9.963124984763530589e-01,-9.927437554404527909e-01,-9.884044117136252527e-01,-9.834050995138881035e-01,-9.779462440020497693e-01,-9.723256860067266416e-01,-9.669236149780154888e-01,-9.621582063477727154e-01,-9.584122495682221299e-01,-9.559405514168148876e-01,-9.547746595550159476e-01,-9.546383197152482625e-01,-9.548726602812603881e-01,-9.543551629544290149e-01,-9.513938039446393491e-01,-9.436006044712494933e-01,-9.278205804866044293e-01,-9.003630149367404245e-01,-8.581355025194952191e-01,-8.018336341591555394e-01,-7.423748461975152590e-01,-7.066666493848944297e-01,-7.066666493660556103e-01,-7.423748461604415816e-01,-8.018336341601035588e-01,-8.581355025574134432e-01,-9.003630149576806740e-01,-9.278205805519632587e-01,-9.436006046352535259e-01,-9.513938041702713067e-01,-9.543551632080712332e-01,-9.548726606213510104e-01,-9.546383202826663750e-01,-9.547746604400385584e-01,-9.559405525622185484e-01,-9.584122508214504288e-01,-9.621582075925797506e-01,-9.669236161940988339e-01,-9.723256872921973715e-01,-9.779462454280305472e-01,-9.834051010488017441e-01,-9.884044133581801894e-01,-9.927437570869586114e-01,-9.963124997949075468e-01,-9.990687804115975235e-01,-1.001013728422009086e+00,-1.002167243598363067e+00,-1.002549110025025669e+00,-1.000000000000000000e+00,-1.000000000000000000e+00,-1.000000000000000000e+00,-1.000000000000000000e+00,-1.000000000000000000e+00,-1.000000000000000000e+00,-1.000000000000000000e+00,-1.000000000000000000e+00,-1.000000000000000000e+00,-1.000000000000000000e+00,-1.000000000000000000e+00,-1.000000000000000000e+00,-1.000000000000000000e+00,-1.000000000000000000e+00,-1.000000000000000000e+00,-1.000000000000000000e+00,-1.000000000000000000e+00,-1.000000000000000000e+00,-1.000000000000000000e+00,-1.000000000000000000e+00,-1.000000000000000000e+00,-1.000000000000000000e+00,-1.000000000000000000e+00,-1.000000000000000000e+00,-1.000000000000000000e+00,-1.000000000000000000e+00,-1.000000000000000000e+00,-1.000000000000000000e+00,-1.000000000000000000e+00,-1.000000000000000000e+00,-1.000000000000000000e+00,-1.000000000000000000e+00,-1.000000000000000000e+00,-1.000000000000000000e+00,-1.000000000000000000e+00,-1.000000000000000000e+00,-1.000000000000000000e+00,-1.000000000000000000e+00,-1.000000000000000000e+00,-1.000000000000000000e+00,-1.000000000000000000e+00,-1.000000000000000000e+00,-1.000000000000000000e+00,-1.000000000000000000e+00,-1.000000000000000000e+00,-1.000000000000000000e+00
-1.000000000000000000e+00,-1.000000000000000000e+00,-1.000000000000000000e+00,-1.000000000000000000e+00,-1.000000000000000000e+00,-1.000000000000000000e+00,-1.000000000000000000e+00,-1.000000000000000000e+00,-1.000000000000000000e+00,-1.000000000000000000e+00,-1.000000000000000000e+00,-1.000000000000000000e+00,-1.000000000000000000e+00,-1.000000000000000000e+00,-1.000000000000000000e+00,-1.000000000000000000e+00,-1.000000000000000000e+00,-1.000000000000000000e+00,-1.000000000000000000e+00,-1.000000000000000000e+00,-1.000000000000000000e+00,-1.000000000000000000e+00,-1.000000000000000000e+00,-1.000000000000000000e+00,-1.000000000000000000e+00,-1.000000000000000000e+00,-1.000000000000000000e+00,-1.000000000000000000e+00,-1.000000000000000000e+00,-1.000000000000000000e+00,-1.000000000000000000e+00,-1.000000000000000000e+00,-1.000000000000000000e+00,-1.000000000000000000e+00,-1.000000000000000000e+00,-1.000000000000000000e+00,-1.000000000000000000e+00,-1.000000000000000000e+00,-1.000000000000000000e+00,-1.000000000000000000e+00,-1.000000000000000000e+00,-1.000000000000000000e+00,-1.000000000000000000e+00,-1.000000000000000000e+00,-1.000000000000000000e+00,-1.000000000000000000e+00,-1.004325140723284493e+00,-1.004053664143074176e+00,-1.003235727740567684e+00,-1.001863461684606937e+00,-9.999323800062257517e-01,-9.974535717235429866e-01,-9.944688077056892395e-01,-9.910657893726780854e-01,-9.873892959799543956e-01,-9.836428408805008017e-01,-9.800754326512682857e-01,-9.769499026411470055e-01,-9.744931014881107467e-01,-9.728327722766474395e-01,-9.719281638735270956e-01,-9.714983794474094658e-01,-9.709441322905929539e-01,-9.692504698522600437e-01,-9.648587793254492784e-01,-9.555188998539910772e-01,-9.382016252658106348e-01,-9.093203419227505746e-01,-8.658622899361265723e-01,-8.085813724703410088e-01,-7.484393345317214008e-01,-7.123808733637874147e-01,-7.123808733578553820e-01,-7.484393345132041020e-01,-8.085813725049548761e-01,-8.658622900246378817e-01,-9.093203420229799550e-01,-9.382016253899604363e-01,-9.555188999796383476e-01,-9.648587794884146973e-01,-9.692504701196134054e-01,-9.709441326721496290e-01,-9.714983799446077484e-01,-9.719281645928249391e-01,-9.728327732979284992e-01,-9.744931027104395405e-01,-9.769499039169812216e-01,-9.800754338950500300e-01,-9.836428421062920480e-01,-9.873892972674311874e-01,-9.910657907675921585e-01,-9.944688092527852463e-01,-9.974535732872428229e-01,-9.999323813079064038e-01,-1.001863462770399504e+00,-1.003235729042516233e+00,-1.004053665135981932e+00,-1.004325142200059862e+00,-1.000000000000000000e+00,-1.000000000000000000e+00,-1.000000000000000000e+00,-1.000000000000000000e+00,-1.000000000000000000e+00,-1.000000000000000000e+00,-1.000000000000000000e+00,-1.000000000000000000e+00,-1.000000000000000000e+00,-1.000000000000000000e+00,-1.000000000000000000e+00,-1.000000000000000000e+00,-1.000000000000000000e+00,-1.000000000000000000e+00,-1.000000000000000000e+00,-1.000000000000000000e+00,-1.000000000000000000e+00,-1.000000000000000000e+00,-1.000000000000000000e+00,-1.000000000000000000e+00,-1.000000000000000000e+00,-1.000000000000000000e+00,-1.000000000000000000e+00,-1.000000000000000000e+00,-1.000000000000000000e+00,-1.000000000000000000e+00,-1.000000000000000000e+00,-1.000000000000000000e+00,-1.000000000000000000e+00,-1.000000000000000000e+00,-1.000000000000000000e+00,-1.000000000000000000e+00,-1.000000000000000000e+00,-1.000000000000000000e+00,-1.000000000000000000e+00,-1.000000000000000000e+00,-1.000000000000000000e+00,-1.000000000000000000e+00,-1.000000000000000000e+00,-1.000000000000000000e+00,-1.000000000000000000e+00,-1.000000000000000000e+00,-1.000000000000000000e+00,-1.000000000000000000e+00,-1.000000000000000000e+00,-1.000000000000000000e+00
-1.000000000000000000e+00,-1.000000000000000000e+00,-1.000000000000000000e+00,-1.000000000000000000e+00,-1.000000000000000000e+00,-1.000000000000000000e+00,-1.000000000000000000e+00,-1.000000000000000000e+00,-1.000000000000000000e+00,-1.000000000000000000e+00,-1.000000000000000000e+00,-1.000000000000000000e+00,-1.000000000000000000e+00,-1.000000000000000000e+00,-1.000000000000000000e+00,-1.000000000000000000e+00,-1.000000000000000000e+00,-1.000000000000000000e+00,-1.000000000000000000e+00,-1.000000000000000000e+00,-1.000000000000000000e+00,-1.000000000000000000e+00,-1.000000000000000000e+00,-1.000000000000000000e+00,-1.000000000000000000e+00,-1.000000000000000000e+00,-1.000000000000000000e+00,-1.000000000000000000e+00,-1.000000000000000000e+00,-1.000000000000000000e+00,-1.000000000000000000e+00,-1.000000000000000000e+00,-1.000000000000000000e+00,-1.000000000000000000e+00,-1.000000000000000000e+00,-1.000000000000000000e+00,-1.000000000000000000e+00,-1.000000000000000000e+00,-1.000000000000000000e+00,-1.000000000000000000e+00,-1.000000000000000000e+00,-1.000000000000000000e+00,-1.000000000000000000e+00,-1.000000000000000000e+00,-1.000000000000000000e+00,-1.000000000000000000e+00,-1.005710434421345889e+00,-1.005520934147436041e+00,-1.004951375169178762e+00,-1.004000291883857532e+00,-1.002670748812083623e+00,-1.000977949314637794e+00,-9.989583436189085619e-01,-9.966782917729658520e-01,-9.942395114095207154e-01,-9.917779805188668973e-01,-9.894530914058552451e-01,-9.874249469563778359e-01,-9.858195939695507670e-01,-9.846837941057274834e-01,-9.839310873784433698e-01,-9.832780849493764075e-01,-9.821645901483526675e-01,-9.796466721292795832e-01,-9.742548006768608770e-01,-9.638319218312719761e-01,-9.454347529191171606e-01,-9.155485986803941767e-01,-8.712165623394099168e-01,-8.132347529786472240e-01,-7.525992928770193213e-01,-7.162866545422477138e-01,-7.162866545376361804e-01,-7.525992928675334648e-01,-8.132347530091006416e-01,-8.712165624191900992e-01,-9.155485988148316379e-01,-9.454347530872214689e-01,-9.638319219505510071e-01,-9.742548007849767266e-01,-9.796466723817059963e-01,-9.821645906086083899e-01,-9.832780855303644429e-01,-9.839310880878781029e-01,-9.846837950438077636e-01,-9.858195951041959226e-01,-9.874249481898986769e-01,-9.894530926592755016e-01,-9.917779817400250719e-01,-9.942395126394694138e-01,-9.966782930712920763e-01,-9.989583450534587072e-01,-1.000977950756770873e+00,-1.002670750062304661e+00,-1.004000293031614977e+00,-1.004951376439014110e+00,-1.005520935106237967e+00,-1.005710435822651627e+00,-1.000000000000000000e+00,-1.000000000000000000e+00,-1.000000000000000000e+00,-1.000000000000000000e+00,-1.000000000000000000e+00,-1.000000000000000000e+00,-1.000000000000000000e+00,-1.000000000000000000e+00,-1.000000000000000000e+00,-1.000000000000000000e+00,-1.000000000000000000e+00,-1.000000000000000000e+00,-1.000000000000000000e+00,-1.000000000000000000e+00,-1.000000000000000000e+00,-1.000000000000000000e+00,-1.000000000000000000e+00,-1.000000000000000000e+00,-1.000000000000000000e+00,-1.000000000000000000e+00,-1.000000000000000000e+00,-1.000000000000000000e+00,-1.000000000000000000e+00,-1.000000000000000000e+00,-1.000000000000000000e+00,-1.000000000000000000e+00,-1.000000000000000000e+00,-1.000000000000000000e+00,-1.000000000000000000e+00,-1.000000000000000000e+00,-1.000000000000000000e+00,-1.000000000000000000e+00,-1.000000000000000000e+00,-1.000000000000000000e+00,-1.000000000000000000e+00,-1.000000000000000000e+00,-1.000000000000000000e+00,-1.000000000000000000e+00,-1.000000000000000000e+00,-1.000000000000000000e+00,-1.000000000000000000e+00,-1.000000000000000000e+00,-1.000000000000000000e+00,-1.000000000000000000e+00,-1.000000000000000000e+00,-1.000000000000000000e+00
-1.000000000000000000e+00,-1.000000000000000000e+00,-1.000000000000000000e+00,-1.000000000000000000e+00,-1.000000000000000000e+00,-1.000000000000000000e+00,-1.000000000000000000e+00,-1.000000000000000000e+00,-1.000000000000000000e+00,-1.000000000000000000e+00,-1.000000000000000000e+00,-1.000000000000000000e+00,-1.000000000000000000e+00,-1.000000000000000000e+00,-1.000000000000000000e+00,-1.000000000000000000e+00,-1.000000000000000000e+00,-1.000000000000000000e+00,-1.000000000000000000e+00,-1.000000000000000000e+00,-1.000000000000000000e+00,-1.000000000000000000e+00,-1.000000000000000000e+00,-1.000000000000000000e+00,-1.000000000000000000e+00,-1.000000000000000000e+00,-1.000000000000000000e+00,-1.000000000000000000e+00,-1.000000000000000000e+00,-1.000000000000000000e+00,-1.000000000000000000e+00,-1.000000000000000000e+00,-1.000000000000000000e+00,-1.000000000000000000e+00,-1.000000000000000000e+00,-1.000000000000000000e+00,-1.000000000000000000e+00,-1.000000000000000000e+00,-1.000000000000000000e+00,-1.000000000000000000e+00,-1.000000000000000000e+00,-1.000000000000000000e+00,-1.000000000000000000e+00,-1.000000000000000000e+00,-1.000000000000000000e+00,-1.000000000000000000e+00,-1.006753510095209636e+00,-1.006623559428102777e+00,-1.006233874156680530e+00,-1.005586021713922529e+00,-1.004686017661731157e+00,-1.003548922634667662e+00,-1.002204142271879705e+00,-1.000700110971252998e+00,-9.991065754400660914e-01,-9.975124030203227354e-01,-9.960169174776564160e-01,-9.947132764887991474e-01,-9.936631388513188501e-01,-9.928622327786698065e-01,-9.921955965741418026e-01,-9.913786656410872311e-01,-9.898765702930775179e-01,-9.867914825463045547e-01,-9.807121931521539659e-01,-9.695432218114478085e-01,-9.503987124793800145e-01,-9.198126136189886948e-01,-8.748665266066394386e-01,-8.163868894304415758e-01,-7.553967695846742769e-01,-7.189002474121861663e-01,-7.189002474075636417e-01,-7.553967695926447901e-01,-8.163868894678324439e-01,-8.748665266726722844e-01,-9.198126137449820217e-01,-9.503987126625582649e-01,-9.695432219698458809e-01,-9.807121932725083591e-01,-9.867914827746381290e-01,-9.898765707534648017e-01,-9.913786662860613053e-01,-9.921955973606130241e-01,-9.928622337434649392e-01,-9.936631399454648461e-01,-9.947132776305765978e-01,-9.960169186369551841e-01,-9.975124041706865397e-01,-9.991065766329491060e-01,-1.000700112261609931e+00,-1.002204143688701032e+00,-1.003548924029150413e+00,-1.004686018891605359e+00,-1.005586022890062381e+00,-1.006233875333118144e+00,-1.006623560273303797e+00,-1.006753511299653958e+00,-1.000000000000000000e+00,-1.000000000000000000e+00,-1.000000000000000000e+00,-1.000000000000000000e+00,-1.000000000000000000e+00,-1.000000000000000000e+00,-1.000000000000000000e+00,-1.000000000000000000e+00,-1.000000000000000000e+00,-1.000000000000000000e+00,-1.000000000000000000e+00,-1.000000000000000000e+00,-1.000000000000000000e+00,-1.000000000000000000e+00,-1.000000000000000000e+00,-1.000000000000000000e+00,-1.000000000000000000e+00,-1.000000000000000000e+00,-1.000000000000000000e+00,-1.000000000000000000e+00,-1.000000000000000000e+00,-1.000000000000000000e+00,-1.000000000000000000e+00,-1.000000000000000000e+00,-1.000000000000000000e+00,-1.000000000000000000e+00,-1.000000000000000000e+00,-1.000000000000000000e+00,-1.000000000000000000e+00,-1.000000000000000000e+00,-1.000000000000000000e+00,-1.000000000000000000e+00,-1.000000000000000000e+00,-1.000000000000000000e+00,-1.000000000000000000e+00,-1.000000000000000000e+00,-1.000000000000000000e+00,-1.000000000000000000e+00,-1.000000000000000000e+00,-1.000000000000000000e+00,-1.000000000000000000e+00,-1.000000000000000000e+00,-1.000000000000000000e+00,-1.000000000000000000e+00,-1.000000000000000000e+00,-1.000000000000000000e+00
-1.000000000000000000e+00,-1.000000000000000000e+00,-1.000000000000000000e+00,-1.000000000000000000e+00,-1.000000000000000000e+00,-1.000000000000000000e+00,-1.000000000000000000e+00,-1.000000000000000000e+00,-1.000000000000000000e+00,-1.000000000000000000e+00,-1.000000000000000000e+00,-1.000000000000000000e+00,-1.000000000000000000e+00,-1.000000000000000000e+00,-1.000000000000000000e+00,-1.000000000000000000e+00,-1.000000000000000000e+00,-1.000000000000000000e+00,-1.000000000000000000e+00,-1.000000000000000000e+00,-1.000000000000000000e+00,-1.000000000000000000e+00,-1.000000000000000000e+00,-1.000000000000000000e+00,-1.000000000000000000e+00,-1.000000000000000000e+00,-1.000000000000000000e+00,-1.000000000000000000e+00,-1.000000000000000000e+00,-1.000000000000000000e+00,-1.000000000000000000e+00,-1.000000000000000000e+00,-1.000000000000000000e+00,-1.000000000000000000e+00,-1.000000000000000000e+00,-1.000000000000000000e+00,-1.000000000000000000e+00,-1.000000000000000000e+00,-1.000000000000000000e+00,-1.000000000000000000e+00,-1.000000000000000000e+00,-1.000000000000000000e+00,-1.000000000000000000e+00,-1.000000000000000000e+00,-1.000000000000000000e+00,-1.000000000000000000e+00,-1.007507333548278705e+00,-1.007419829099419628e+00,-1.007157993591386802e+00,-1.006724507042233707e+00,-1.006125874035601608e+00,-1.005375109576105652e+00,-1.004494699908037969e+00,-1.003518958867395616e+00,-1.002494627833663943e+00,-1.001478385192345444e+00,-1.000529911349965717e+00,-9.996992687738082140e-01,-9.990074061599665267e-01,-9.984181936232421339e-01,-9.977990807355170411e-01,-9.968650293489711434e-01,-9.950973683379178425e-01,-9.916277410395650804e-01,-9.850824585505526532e-01,-9.734059844502584991e-01,-9.537500621230756703e-01,-9.226808613116258551e-01,-8.773060480261153371e-01,-8.184737344336738829e-01,-7.572283756685245226e-01,-7.205984053031918579e-01,-7.205984053010201507e-01,-7.572283756999168558e-01,-8.184737345126594787e-01,-8.773060481237271446e-01,-9.226808614413062326e-01,-9.537500623056337501e-01,-9.734059846517397752e-01,-9.850824587476899596e-01,-9.916277412907948952e-01,-9.950973687393873668e-01,-9.968650299302255213e-01,-9.977990814921502416e-01,-9.984181945851809958e-01,-9.990074072768740931e-01,-9.996992699198996579e-01,-1.000529912460815130e+00,-1.001478386263013665e+00,-1.002494628959933243e+00,-1.003518960128780835e+00,-1.004494701293504821e+00,-1.005375110922587245e+00,-1.006125875251653090e+00,-1.006724508249241534e+00,-1.007157994712679194e+00,-1.007419829874932171e+00,-1.007507334589014425e+00,-1.000000000000000000e+00,-1.000000000000000000e+00,-1.000000000000000000e+00,-1.000000000000000000e+00,-1.000000000000000000e+00,-1.000000000000000000e+00,-1.000000000000000000e+00,-1.000000000000000000e+00,-1.000000000000000000e+00,-1.000000000000000000e+00,-1.000000000000000000e+00,-1.000000000000000000e+00,-1.000000000000000000e+00,-1.000000000000000000e+00,-1.000000000000000000e+00,-1.000000000000000000e+00,-1.000000000000000000e+00,-1.000000000000000000e+00,-1.000000000000000000e+00,-1.000000000000000000e+00,-1.000000000000000000e+00,-1.000000000000000000e+00,-1.000000000000000000e+00,-1.000000000000000000e+00,-1.000000000000000000e+00,-1.000000000000000000e+00,-1.000000000000000000e+00,-1.000000000000000000e+00,-1.000000000000000000e+00,-1.000000000000000000e+00,-1.000000000000000000e+00,-1.000000000000000000e+00,-1.000000000000000000e+00,-1.000000000000000000e+00,-1.000000000000000000e+00,-1.000000000000000000e+00,-1.000000000000000000e+00,-1.000000000000000000e+00,-1.000000000000000000e+00,-1.000000000000000000e+00,-1.000000000000000000e+00,-1.000000000000000000e+00,-1.000000000000000000e+00,-1.000000000000000000e+00,-1.000000000000000000e+00,-1.000000000000000000e+00
-1.000000000000000000e+00,-1.000000000000000000e+00,-1.000000000000000000e+00,-1.000000000000000000e+00,-1.000000000000000000e+00,-1.000000000000000000e+00,-1.000000000000000000e+00,-1.000000000000000000e+00,-1.000000000000000000e+00,-1.000000000000000000e+00,-1.000000000000000000e+00,-1.000000000000000000e+00,-1.000000000000000000e+00,-1.000000000000000000e+00,-1.000000000000000000e+00,-1.000000000000000000e+00,-1.000000000000000000e+00,-1.000000000000000000e+00,-1.000000000000000000e+00,-1.000000000000000000e+00,-1.000000000000000000e+00,-1.000000000000000000e+00,-1.000000000000000000e+00,-1.000000000000000000e+00,-1.000000000000000000e+00,-1.000000000000000000e+00,-1.000000000000000000e+00,-1.000000000000000000e+00,-1.000000000000000000e+00,-1.000000000000000000e+00,-1.000000000000000000e+00,-1.000000000000000000e+00,-1.000000000000000000e+00,-1.000000000000000000e+00,-1.000000000000000000e+00,-1.000000000000000000e+00,-1.000000000000000000e+00,-1.000000000000000000e+00,-1.000000000000000000e+00,-1.000000000000000000e+00,-1.000000000000000000e+00,-1.000000000000000000e+00,-1.000000000000000000e+00,-1.000000000000000000e+00,-1.000000000000000000e+00,-1.000000000000000000e+00,-1.008023616729301519e+00,-1.007965877446549863e+00,-1.007793464297424668e+00,-1.007509171224962641e+00,-1.007118835790880906e+00,-1.006632850180433358e+00,-1.006067728614197687e+00,-1.005447145765992589e+00,-1.004801685849233239e+00,-1.004166394666164530e+00,-1.003575114823482384e+00,-1.003050442167431111e+00,-1.002587799636317722e+00,-1.002131318088335332e+00,-1.001537670615428866e+00,-1.000521670254648665e+00,-9.985748670089512613e-01,-9.948474722666701409e-01,-9.879895426739998543e-01,-9.759709765269034554e-01,-9.559676259680267574e-01,-9.245665331164822920e-01,-8.788926820475009283e-01,-8.198096305582077692e-01,-7.583790840246262821e-01,-7.216512729817585736e-01,-7.216512729843347351e-01,-7.583790840721497117e-01,-8.198096306756429419e-01,-8.788926821969649250e-01,-9.245665332816203064e-01,-9.559676261360590122e-01,-9.759709767120747781e-01,-9.879895429201627222e-01,-9.948474725811000674e-01,-9.985748674154421023e-01,-1.000521670780421424e+00,-1.001537671275495089e+00,-1.002131318948226824e+00,-1.002587800712628319e+00,-1.003050443328580066e+00,-1.003575115935601669e+00,-1.004166395699078285e+00,-1.004801686907086600e+00,-1.005447146951335968e+00,-1.006067729911420683e+00,-1.006632851455455446e+00,-1.007118837005293477e+00,-1.007509172483035176e+00,-1.007793465405512956e+00,-1.007965878210725030e+00,-1.008023617699760344e+00,-1.000000000000000000e+00,-1.000000000000000000e+00,-1.000000000000000000e+00,-1.000000000000000000e+00,-1.000000000000000000e+00,-1.000000000000000000e+00,-1.000000000000000000e+00,-1.000000000000000000e+00,-1.000000000000000000e+00,-1.000000000000000000e+00,-1.000000000000000000e+00,-1.000000000000000000e+00,-1.000000000000000000e+00,-1.000000000000000000e+00,-1.000000000000000000e+00,-1.000000000000000000e+00,-1.000000000000000000e+00,-1.000000000000000000e+00,-1.000000000000000000e+00,-1.000000000000000000e+00,-1.000000000000000000e+00,-1.000000000000000000e+00,-1.000000000000000000e+00,-1.000000000000000000e+00,-1.000000000000000000e+00,-1.000000000000000000e+00,-1.000000000000000000e+00,-1.000000000000000000e+00,-1.000000000000000000e+00,-1.000000000000000000e+00,-1.000000000000000000e+00,-1.000000000000000000e+00,-1.000000000000000000e+00,-1.000000000000000000e+00,-1.000000000000000000e+00,-1.000000000000000000e+00,-1.000000000000000000e+00,-1.000000000000000000e+00,-1.000000000000000000e+00,-1.000000000000000000e+00,-1.000000000000000000e+00,-1.000000000000000000e+00,-1.000000000000000000e+00,-1.000000000000000000e+00,-1.000000000000000000e+00,-1.000000000000000000e+00
-1.000000000000000000e+00,-1.000000000000000000e+00,-1.000000000000000000e+00,-1.000000000000000000e+00,-1.000000000000000000e+00,-1.000000000000000000e+00,-1.000000000000000000e+00,-1.000000000000000000e+00,-1.000000000000000000e+00,-1.000000000000000000e+00,-1.000000000000000000e+00,-1.000000000000000000e+00,-1.000000000000000000e+00,-1.000000000000000000e+00,-1.000000000000000000e+00,-1.000000000000000000e+00,-1.000000000000000000e+00,-1.000000000000000000e+00,-1.000000000000000000e+00,-1.000000000000000000e+00,-1.000000000000000000e+00,-1.000000000000000000e+00,-1.000000000000000000e+00,-1.000000000000000000e+00,-1.000000000000000000e+00,-1.000000000000000000e+00,-1.000000000000000000e+00,-1.000000000000000000e+00,-1.000000000000000000e+00,-1.000000000000000000e+00,-1.000000000000000000e+00,-1.000000000000000000e+00,-1.000000000000000000e+00,-1.000000000000000000e+00,-1.000000000000000000e+00,-1.000000000000000000e+00,-1.000000000000000000e+00,-1.000000000000000000e+00,-1.000000000000000000e+00,-1.000000000000000000e+00,-1.000000000000000000e+00,-1.000000000000000000e+00,-1.000000000000000000e+00,-1.000000000000000000e+00,-1.000000000000000000e+00,-1.000000000000000000e+00,-1.008349442006190699e+00,-1.008312282339585142e+00,-1.008201550508590616e+00,-1.008019703920510102e+00,-1.007771497530880689e+00,-1.007464793511750889e+00,-1.007111322816690357e+00,-1.006727002367521884e+00,-1.006331283502493790e+00,-1.005944863969519654e+00,-1.005584912665852482e+00,-1.005256656484707634e+00,-1.004939616216223186e+00,-1.004565758915606732e+00,-1.003985181483153077e+00,-1.002912668302853971e+00,-1.000846124702453155e+00,-9.969472891648621937e-01,-9.898809954221837737e-01,-9.776330183512446093e-01,-9.573943063543710608e-01,-9.257650677648798787e-01,-8.798815474372111423e-01,-8.206183202199049953e-01,-7.590512799447891590e-01,-7.222504429419729366e-01,-7.222504429518650237e-01,-7.590512800008685224e-01,-8.206183203405947868e-01,-8.798815476112317180e-01,-9.257650679741979971e-01,-9.573943065236504291e-01,-9.776330184991876004e-01,-9.898809956465791648e-01,-9.969472895021104231e-01,-1.000846125154646771e+00,-1.002912668850690858e+00,-1.003985182112471675e+00,-1.004565759683029524e+00,-1.004939617189346546e+00,-1.005256657580948065e+00,-1.005584913730953822e+00,-1.005944864956520357e+00,-1.006331284502043344e+00,-1.006727003481171501e+00,-1.007111324033682864e+00,-1.007464794744174608e+00,-1.007771498775378749e+00,-1.008019705232304108e+00,-1.008201551585219180e+00,-1.008312283062909653e+00,-1.008349442894557857e+00,-1.000000000000000000e+00,-1.000000000000000000e+00,-1.000000000000000000e+00,-1.000000000000000000e+00,-1.000000000000000000e+00,-1.000000000000000000e+00,-1.000000000000000000e+00,-1.000000000000000000e+00,-1.000000000000000000e+00,-1.000000000000000000e+00,-1.000000000000000000e+00,-1.000000000000000000e+00,-1.000000000000000000e+00,-1.000000000000000000e+00,-1.000000000000000000e+00,-1.000000000000000000e+00,-1.000000000000000000e+00,-1.000000000000000000e+00,-1.000000000000000000e+00,-1.000000000000000000e+00,-1.000000000000000000e+00,-1.000000000000000000e+00,-1.000000000000000000e+00,-1.000000000000000000e+00,-1.000000000000000000e+00,-1.000000000000000000e+00,-1.000000000000000000e+00,-1.000000000000000000e+00,-1.000000000000000000e+00,-1.000000000000000000e+00,-1.000000000000000000e+00,-1.000000000000000000e+00,-1.000000000000000000e+00,-1.000000000000000000e+00,-1.000000000000000000e+00,-1.000000000000000000e+00,-1.000000000000000000e+00,-1.000000000000000000e+00,-1.000000000000000000e+00,-1.000000000000000000e+00,-1.000000000000000000e+00,-1.000000000000000000e+00,-1.000000000000000000e+00,-1.000000000000000000e+00,-1.000000000000000000e+00,-1.000000000000000000e+00
-1.000000000000000000e+00,-1.000000000000000000e+00,-1.000000000000000000e+00,-1.000000000000000000e+00,-1.000000000000000000e+00,-1.000000000000000000e+00,-1.000000000000000000e+00,-1.000000000000000000e+00,-1.000000000000000000e+00,-1.000000000000000000e+00,-1.000000000000000000e+00,-1.000000000000000000e+00,-1.000000000000000000e+00,-1.000000000000000000e+00,-1.000000000000000000e+00,-1.000000000000000000e+00,-1.000000000000000000e+00,-1.000000000000000000e+00,-1.000000000000000000e+00,-1.000000000000000000e+00,-1.000000000000000000e+00,-1.000000000000000000e+00,-1.000000000000000000e+00,-1.000000000000000000e+00,-1.000000000000000000e+00,-1.000000000000000000e+00,-1.000000000000000000e+00,-1.000000000000000000e+00,-1.000000000000000000e+00,-1.000000000000000000e+00,-1.000000000000000000e+00,-1.000000000000000000e+00,-1.000000000000000000e+00,-1.000000000000000000e+00,-1.000000000000000000e+00,-1.000000000000000000e+00,-1.000000000000000000e+00,-1.000000000000000000e+00,-1.000000000000000000e+00,-1.000000000000000000e+00,-1.000000000000000000e+00,-1.000000000000000000e+00,-1.000000000000000000e+00,-1.000000000000000000e+00,-1.000000000000000000e+00,-1.000000000000000000e+00,-1.008525645174367158e+00,-1.008502539152347000e+00,-1.008433839444930813e+00,-1.008321519019800938e+00,-1.008169216673939328e+00,-1.007982639714664064e+00,-1.007769873194674703e+00,-1.007541317446200457e+00,-1.007308868504714683e+00,-1.007083806101329193e+00,-1.006872621419975911e+00,-1.006669622302139633e+00,-1.006444468243225199e+00,-1.006121656184281399e+00,-1.005547272761521782e+00,-1.004436096009280632e+00,-1.002289914940962090e+00,-9.982775052634685897e-01,-9.910727188239759622e-01,-9.786710023900682121e-01,-9.582724699170011018e-01,-9.264853404843617080e-01,-8.804529821710933568e-01,-8.210578728283079997e-01,-7.593878414744055227e-01,-7.225311055097656254e-01,-7.225311055321623765e-01,-7.593878415442265606e-01,-8.210578729307611567e-01,-8.804529823322455595e-01,-9.264853407102318084e-01,-9.582724701143376933e-01,-9.786710025510798605e-01,-9.910727190248923568e-01,-9.982775055780148676e-01,-1.002289915393055120e+00,-1.004436096570660020e+00,-1.005547273403484487e+00,-1.006121656928420149e+00,-1.006444469150431287e+00,-1.006669623320900042e+00,-1.006872622406173701e+00,-1.007083807024136801e+00,-1.007308869449179412e+00,-1.007541318493656357e+00,-1.007769874333761306e+00,-1.007982640910144001e+00,-1.008169217949064222e+00,-1.008321520377630121e+00,-1.008433840485458477e+00,-1.008502539806226617e+00,-1.008525645926316994e+00,-1.000000000000000000e+00,-1.000000000000000000e+00,-1.000000000000000000e+00,-1.000000000000000000e+00,-1.000000000000000000e+00,-1.000000000000000000e+00,-1.000000000000000000e+00,-1.000000000000000000e+00,-1.000000000000000000e+00,-1.000000000000000000e+00,-1.000000000000000000e+00,-1.000000000000000000e+00,-1.000000000000000000e+00,-1.000000000000000000e+00,-1.000000000000000000e+00,-1.000000000000000000e+00,-1.000000000000000000e+00,-1.000000000000000000e+00,-1.000000000000000000e+00,-1.000000000000000000e+00,-1.000000000000000000e+00,-1.000000000000000000e+00,-1.000000000000000000e+00,-1.000000000000000000e+00,-1.000000000000000000e+00,-1.000000000000000000e+00,-1.000000000000000000e+00,-1.000000000000000000e+00,-1.000000000000000000e+00,-1.000000000000000000e+00,-1.000000000000000000e+00,-1.000000000000000000e+00,-1.000000000000000000e+00,-1.000000000000000000e+00,-1.000000000000000000e+00,-1.000000000000000000e+00,-1.000000000000000000e+00,-1.000000000000000000e+00,-1.000000000000000000e+00,-1.000000000000000000e+00,-1.000000000000000000e+00,-1.000000000000000000e+00,-1.000000000000000000e+00,-1.000000000000000000e+00,-1.000000000000000000e+00,-1.000000000000000000e+00
-1.000000000000000000e+00,-1.000000000000000000e+00,-1.000000000000000000e+00,-1.000000000000000000e+00,-1.000000000000000000e+00,-1.000000000000000000e+00,-1.000000000000000000e+00,-1.000000000000000000e+00,-1.000000000000000000e+00,-1.000000000000000000e+00,-1.000000000000000000e+00,-1.000000000000000000e+00,-1.000000000000000000e+00,-1.000000000000000000e+00,-1.000000000000000000e+00,-1.000000000000000000e+00,-1.000000000000000000e+00,-1.000000000000000000e+00,-1.000000000000000000e+00,-1.000000000000000000e+00,-1.000000000000000000e+00,-1.000000000000000000e+00,-1.000000000000000000e+00,-1.000000000000000000e+00,-1.000000000000000000e+00,-1.000000000000000000e+00,-1.000000000000000000e+00,-1.000000000000000000e+00,-1.000000000000000000e+00,-1.000000000000000000e+00,-1.000000000000000000e+00,-1.000000000000000000e+00,-1.000000000000000000e+00,-1.000000000000000000e+00,-1.000000000000000000e+00,-1.000000000000000000e+00,-1.000000000000000000e+00,-1.000000000000000000e+00,-1.000000000000000000e+00,-1.000000000000000000e+00,-1.000000000000000000e+00,-1.000000000000000000e+00,-1.000000000000000000e+00,-1.000000000000000000e+00,-1.000000000000000000e+00,-1.000000000000000000e+00,-1.008586397367505771e+00,-1.008572782820727154e+00,-1.008532416179309665e+00,-1.008466789324276913e+00,-1.008378561412489605e+00,-1.008271732032429480e+00,-1.008151704510588331e+00,-1.008025033040434559e+00,-1.007898548430115726e+00,-1.007777398820074000e+00,-1.007661276860213340e+00,-1.007537654574633512e+00,-1.007370093833501734e+00,-1.007078510245441594e+00,-1.006506537585349470e+00,-1.005368930492525736e+00,-1.003169797335979441e+00,-9.990821174749495714e-01,-9.917851039431758720e-01,-9.792798954681710688e-01,-9.587719172947654078e-01,-9.268739937410920282e-01,-8.807338239181558004e-01,-8.212396199201529301e-01,-7.594894933255560421e-01,-7.225886084337638238e-01,-7.225886084713903923e-01,-7.594894934176705803e-01,-8.212396200221627751e-01,-8.807338240711033439e-01,-9.268739939537837813e-01,-9.587719175085800405e-01,-9.792798956711679104e-01,-9.917851041689795810e-01,-9.990821177837057032e-01,-1.003169797757084591e+00,-1.005368931020484080e+00,-1.006506538208012502e+00,-1.007078510984568576e+00,-1.007370094730470678e+00,-1.007537655568599311e+00,-1.007661277806982225e+00,-1.007777399699520293e+00,-1.007898549317898684e+00,-1.008025033999756737e+00,-1.008151705539477971e+00,-1.008271733154340044e+00,-1.008378562679716595e+00,-1.008466790712995609e+00,-1.008532417222722577e+00,-1.008572783452804655e+00,-1.008586398014808649e+00,-1.000000000000000000e+00,-1.000000000000000000e+00,-1.000000000000000000e+00,-1.000000000000000000e+00,-1.000000000000000000e+00,-1.000000000000000000e+00,-1.000000000000000000e+00,-1.000000000000000000e+00,-1.000000000000000000e+00,-1.000000000000000000e+00,-1.000000000000000000e+00,-1.000000000000000000e+00,-1.000000000000000000e+00,-1.000000000000000000e+00,-1.000000000000000000e+00,-1.000000000000000000e+00,-1.000000000000000000e+00,-1.000000000000000000e+00,-1.000000000000000000e+00,-1.000000000000000000e+00,-1.000000000000000000e+00,-1.000000000000000000e+00,-1.000000000000000000e+00,-1.000000000000000000e+00,-1.000000000000000000e+00,-1.000000000000000000e+00,-1.000000000000000000e+00,-1.000000000000000000e+00,-1.000000000000000000e+00,-1.000000000000000000e+00,-1.000000000000000000e+00,-1.000000000000000000e+00,-1.000000000000000000e+00,-1.000000000000000000e+00,-1.000000000000000000e+00,-1.000000000000000000e+00,-1.000000000000000000e+00,-1.000000000000000000e+00,-1.000000000000000000e+00,-1.000000000000000000e+00,-1.000000000000000000e+00,-1.000000000000000000e+00,-1.000000000000000000e+00,-1.000000000000000000e+00,-1.000000000000000000e+00,-1.000000000000000000e+00
-1.000000000000000000e+00,-1.000000000000000000e+00,-1.000000000000000000e+00,-1.000000000000000000e+00,-1.000000000000000000e+00,-1.000000000000000000e+00,-1.000000000000000000e+00,-1.000000000000000000e+00,-1.000000000000000000e+00,-1.000000000000000000e+00,-1.000000000000000000e+00,-1.000000000000000000e+00,-1.000000000000000000e+00,-1.000000000000000000e+00,-1.000000000000000000e+00,-1.000000000000000000e+00,-1.000000000000000000e+00,-1.000000000000000000e+00,-1.000000000000000000e+00,-1.000000000000000000e+00,-1.000000000000000000e+00,-1.000000000000000000e+00,-1.000000000000000000e+00,-1.000000000000000000e+00,-1.000000000000000000e+00,-1.000000000000000000e+00,-1.000000000000000000e+00,-1.000000000000000000e+00,-1.000000000000000000e+00,-1.000000000000000000e+00,-1.000000000000000000e+00,-1.000000000000000000e+00,-1.000000000000000000e+00,-1.000000000000000000e+00,-1.000000000000000000e+00,-1.000000000000000000e+00,-1.000000000000000000e+00,-1.000000000000000000e+00,-1.000000000000000000e+00,-1.000000000000000000e+00,-1.000000000000000000e+00,-1.000000000000000000e+00,-1.000000000000000000e+00,-1.000000000000000000e+00,-1.000000000000000000e+00,-1.000000000000000000e+00,-1.008559518855292492e+00,-1.008552249373527276e+00,-1.008530790787708797e+00,-1.008496221344829413e+00,-1.008450411144091730e+00,-1.008396069725066679e+00,-1.008336680453599588e+00,-1.008276158444465276e+00,-1.008217972241591376e+00,-1.008163303698259794e+00,-1.008107535240912345e+00,-1.008033870974470725e+00,-1.007902107422912641e+00,-1.007629348603459318e+00,-1.007057716998400299e+00,-1.005901916158718601e+00,-1.003667392229072863e+00,-9.995295549058202944e-01,-9.921706770864314739e-01,-9.795950615326142197e-01,-9.590109664283776869e-01,-9.270335968028826645e-01,-8.808131188466195027e-01,-8.212419801090513616e-01,-7.594273622529507106e-01,-7.224903747755241357e-01,-7.224903748243914903e-01,-7.594273623630669601e-01,-8.212419802337662667e-01,-8.808131190140766620e-01,-9.270335969946594812e-01,-9.590109666314394765e-01,-9.795950617594448850e-01,-9.921706773557705805e-01,-9.995295552431969766e-01,-1.003667392651659274e+00,-1.005901916664839746e+00,-1.007057717584553869e+00,-1.007629349315313005e+00,-1.007902108301993893e+00,-1.008033871956868666e+00,-1.008107536183655562e+00,-1.008163304566299656e+00,-1.008217973086937835e+00,-1.008276159320386167e+00,-1.008336681375125110e+00,-1.008396070764340235e+00,-1.008450412372977167e+00,-1.008496222728853420e+00,-1.008530791840684282e+00,-1.008552250019492336e+00,-1.008559519460318521e+00,-1.000000000000000000e+00,-1.000000000000000000e+00,-1.000000000000000000e+00,-1.000000000000000000e+00,-1.000000000000000000e+00,-1.000000000000000000e+00,-1.000000000000000000e+00,-1.000000000000000000e+00,-1.000000000000000000e+00,-1.000000000000000000e+00,-1.000000000000000000e+00,-1.000000000000000000e+00,-1.000000000000000000e+00,-1.000000000000000000e+00,-1.000000000000000000e+00,-1.000000000000000000e+00,-1.000000000000000000e+00,-1.000000000000000000e+00,-1.000000000000000000e+00,-1.000000000000000000e+00,-1.000000000000000000e+00,-1.000000000000000000e+00,-1.000000000000000000e+00,-1.000000000000000000e+00,-1.000000000000000000e+00,-1.000000000000000000e+00,-1.000000000000000000e+00,-1.000000000000000000e+00,-1.000000000000000000e+00,-1.000000000000000000e+00,-1.000000000000000000e+00,-1.000000000000000000e+00,-1.000000000000000000e+00,-1.000000000000000000e+00,-1.000000000000000000e+00,-1.000000000000000000e+00,-1.000000000000000000e+00,-1.000000000000000000e+00,-1.000000000000000000e+00,-1.000000000000000000e+00,-1.000000000000000000e+00,-1.000000000000000000e+00,-1.000000000000000000e+00,-1.000000000000000000e+00,-1.000000000000000000e+00,-1.000000000000000000e+00
-1.000000000000000000e+00,-1.000000000000000000e+00,-1.000000000000000000e+00,-1.000000000000000000e+00,-1.000000000000000000e+00,-1.000000000000000000e+00,-1.000000000000000000e+00,-1.000000000000000000e+00,-1.000000000000000000e+00,-1.000000000000000000e+00,-1.000000000000000000e+00,-1.000000000000000000e+00,-1.000000000000000000e+00,-1.000000000000000000e+00,-1.000000000000000000e+00,-1.000000000000000000e+00,-1.000000000000000000e+00,-1.000000000000000000e+00,-1.000000000000000000e+00,-1.000000000000000000e+00,-1.000000000000000000e+00,-1.000000000000000000e+00,-1.000000000000000000e+00,-1.000000000000000000e+00,-1.000000000000000000e+00,-1.000000000000000000e+00,-1.000000000000000000e+00,-1.000000000000000000e+00,-1.000000000000000000e+00,-1.000000000000000000e+00,-1.000000000000000000e+00,-1.000000000000000000e+00,-1.000000000000000000e+00,-1.000000000000000000e+00,-1.000000000000000000e+00,-1.000000000000000000e+00,-1.000000000000000000e+00,-1.000000000000000000e+00,-1.000000000000000000e+00,-1.000000000000000000e+00,-1.000000000000000000e+00,-1.000000000000000000e+00,-1.000000000000000000e+00,-1.000000000000000000e+00,-1.000000000000000000e+00,-1.000000000000000000e+00,-1.008467177551339855e+00,-1.008464107892262707e+00,-1.008455145154205645e+00,-1.008441039088321389e+00,-1.008423058050766929e+00,-1.008402970240023455e+00,-1.008382913489555222e+00,-1.008365015857394020e+00,-1.008350532468691663e+00,-1.008338092875948666e+00,-1.008320355475120111e+00,-1.008277863984025968e+00,-1.008168089822736313e+00,-1.007906406664180077e+00,-1.007333993973552166e+00,-1.006165478100974120e+00,-1.003907031462549115e+00,-9.997353918351516988e-01,-9.923344544596267580e-01,-9.797100939011127441e-01,-9.590718228591856853e-01,-9.270357891667770911e-01,-8.807533942709192543e-01,-8.211202910034278712e-01,-7.592518366481952885e-01,-7.222842738676680252e-01,-7.222842739163262138e-01,-7.592518367536614798e-01,-8.211202911442725405e-01,-8.807533944550920424e-01,-9.270357893482767953e-01,-9.590718230459910343e-01,-9.797100941280294517e-01,-9.923344547499473034e-01,-9.997353922059056819e-01,-1.003907031924663462e+00,-1.006165478631015464e+00,-1.007333994558172963e+00,-1.007906407349488331e+00,-1.008168090655320315e+00,-1.008277864925468892e+00,-1.008320356405154161e+00,-1.008338093738037511e+00,-1.008350533286723971e+00,-1.008365016679497517e+00,-1.008382914350184345e+00,-1.008402971238265167e+00,-1.008423059247662623e+00,-1.008441040424697066e+00,-1.008455146170443850e+00,-1.008464108522679092e+00,-1.008467178123282793e+00,-1.000000000000000000e+00,-1.000000000000000000e+00,-1.000000000000000000e+00,-1.000000000000000000e+00,-1.000000000000000000e+00,-1.000000000000000000e+00,-1.000000000000000000e+00,-1.000000000000000000e+00,-1.000000000000000000e+00,-1.000000000000000000e+00,-1.000000000000000000e+00,-1.000000000000000000e+00,-1.000000000000000000e+00,-1.000000000000000000e+00,-1.000000000000000000e+00,-1.000000000000000000e+00,-1.000000000000000000e+00,-1.000000000000000000e+00,-1.000000000000000000e+00,-1.000000000000000000e+00,-1.000000000000000000e+00,-1.000000000000000000e+00,-1.000000000000000000e+00,-1.000000000000000000e+00,-1.000000000000000000e+00,-1.000000000000000000e+00,-1.000000000000000000e+00,-1.000000000000000000e+00,-1.000000000000000000e+00,-1.000000000000000000e+00,-1.000000000000000000e+00,-1.000000000000000000e+00,-1.000000000000000000e+00,-1.000000000000000000e+00,-1.000000000000000000e+00,-1.000000000000000000e+00,-1.000000000000000000e+00,-1.000000000000000000e+00,-1.000000000000000000e+00,-1.000000000000000000e+00,-1.000000000000000000e+00,-1.000000000000000000e+00,-1.000000000000000000e+00,-1.000000000000000000e+00,-1.000000000000000000e+00,-1.000000000000000000e+00
-1.000000000000000000e+00,-1.000000000000000000e+00,-1.000000000000000000e+00,-1.000000000000000000e+00,-1.000000000000000000e+00,-1.000000000000000000e+00,-1.000000000000000000e+00,-1.000000000000000000e+00,-1.000000000000000000e+00,-1.000000000000000000e+00,-1.000000000000000000e+00,-1.000000000000000000e+00,-1.000000000000000000e+00,-1.000000000000000000e+00,-1.000000000000000000e+00,-1.000000000000000000e+00,-1.000000000000000000e+00,-1.000000000000000000e+00,-1.000000000000000000e+00,-1.000000000000000000e+00,-1.000000000000000000e+00,-1.000000000000000000e+00,-1.000000000000000000e+00,-1.000000000000000000e+00,-1.000000000000000000e+00,-1.000000000000000000e+00,-1.000000000000000000e+00,-1.000000000000000000e+00,-1.000000000000000000e+00,-1.000000000000000000e+00,-1.000000000000000000e+00,-1.000000000000000000e+00,-1.000000000000000000e+00,-1.000000000000000000e+00,-1.000000000000000000e+00,-1.000000000000000000e+00,-1.000000000000000000e+00,-1.000000000000000000e+00,-1.000000000000000000e+00,-1.000000000000000000e+00,-1.000000000000000000e+00,-1.000000000000000000e+00,-1.000000000000000000e+00,-1.000000000000000000e+00,-1.000000000000000000e+00,-1.000000000000000000e+00,-1.008326738022990110e+00,-1.008326419926729445e+00,-1.008325632395553617e+00,-1.008324877398052211e+00,-1.008324981760261974e+00,-1.008327044826945240e+00,-1.008332277870797267e+00,-1.008341612482088978e+00,-1.008354857137641503e+00,-1.008369006280621427e+00,-1.008375001019925055e+00,-1.008351728141388293e+00,-1.008255221706098714e+00,-1.007999784947233080e+00,-1.007425997337070500e+00,-1.006248387480361384e+00,-1.003973475459916331e+00,-9.997786459147527394e-01,-9.923485244055952892e-01,-9.796895623657146945e-01,-9.590115313532610042e-01,-9.269306026626221717e-01,-8.805986069774713876e-01,-8.209136961911818187e-01,-7.589987354447925716e-01,-7.220044287761211432e-01,-7.220044288208004035e-01,-7.589987355376940359e-01,-8.209136963293603984e-01,-8.805986071550285788e-01,-9.269306028366495198e-01,-9.590115315372816918e-01,-9.796895625971419053e-01,-9.923485247007465260e-01,-9.997786463006783642e-01,-1.003973475951435157e+00,-1.006248388043706310e+00,-1.007425997951786112e+00,-1.007999785633464374e+00,-1.008255222504320647e+00,-1.008351729040868117e+00,-1.008375001933185855e+00,-1.008369007132395190e+00,-1.008354857924782966e+00,-1.008341613253833646e+00,-1.008332278688867101e+00,-1.008327045807322353e+00,-1.008324982937317982e+00,-1.008324878668707125e+00,-1.008325633346153660e+00,-1.008326420508399046e+00,-1.008326738538509515e+00,-1.000000000000000000e+00,-1.000000000000000000e+00,-1.000000000000000000e+00,-1.000000000000000000e+00,-1.000000000000000000e+00,-1.000000000000000000e+00,-1.000000000000000000e+00,-1.000000000000000000e+00,-1.000000000000000000e+00,-1.000000000000000000e+00,-1.000000000000000000e+00,-1.000000000000000000e+00,-1.000000000000000000e+00,-1.000000000000000000e+00,-1.000000000000000000e+00,-1.000000000000000000e+00,-1.000000000000000000e+00,-1.000000000000000000e+00,-1.000000000000000000e+00,-1.000000000000000000e+00,-1.000000000000000000e+00,-1.000000000000000000e+00,-1.000000000000000000e+00,-1.000000000000000000e+00,-1.000000000000000000e+00,-1.000000000000000000e+00,-1.000000000000000000e+00,-1.000000000000000000e+00,-1.000000000000000000e+00,-1.000000000000000000e+00,-1.000000000000000000e+00,-1.000000000000000000e+00,-1.000000000000000000e+00,-1.000000000000000000e+00,-1.000000000000000000e+00,-1.000000000000000000e+00,-1.000000000000000000e+00,-1.000000000000000000e+00,-1.000000000000000000e+00,-1.000000000000000000e+00,-1.000000000000000000e+00,-1.000000000000000000e+00,-1.000000000000000000e+00,-1.000000000000000000e+00,-1.000000000000000000e+00,-1.000000000000000000e+00
-1.000000000000000000e+00,-1.000000000000000000e+00,-1.000000000000000000e+00,-1.000000000000000000e+00,-1.000000000000000000e+00,-1.000000000000000000e+00,-1.000000000000000000e+00,-1.000000000000000000e+00,-1.000000000000000000e+00,-1.000000000000000000e+00,-1.000000000000000000e+00,-1.000000000000000000e+00,-1.000000000000000000e+00,-1.000000000000000000e+00,-1.000000000000000000e+00,-1.000000000000000000e+00,-1.000000000000000000e+00,-1.000000000000000000e+00,-1.000000000000000000e+00,-1.000000000000000000e+00,-1.000000000000000000e+00,-1.000000000000000000e+00,-1.000000000000000000e+00,-1.000000000000000000e+00,-1.000000000000000000e+00,-1.000000000000000000e+00,-1.000000000000000000e+00,-1.000000000000000000e+00,-1.000000000000000000e+00,-1.000000000000000000e+00,-1.000000000000000000e+00,-1.000000000000000000e+00,-1.000000000000000000e+00,-1.000000000000000000e+00,-1.000000000000000000e+00,-1.000000000000000000e+00,-1.000000000000000000e+00,-1.000000000000000000e+00,-1.000000000000000000e+00,-1.000000000000000000e+00,-1.000000000000000000e+00,-1.000000000000000000e+00,-1.000000000000000000e+00,-1.000000000000000000e+00,-1.000000000000000000e+00,-1.000000000000000000e+00,-1.008151617336081829e+00,-1.008153081590726474e+00,-1.008157582671467489e+00,-1.008165442434704406e+00,-1.008177173100611723e+00,-1.008193408894564547e+00,-1.008214732556869775e+00,-1.008241282720746090e+00,-1.008271928654816518e+00,-1.008302621652241715e+00,-1.008323222664188945e+00,-1.008311586981312624e+00,-1.008222858187230786e+00,-1.007970671929175221e+00,-1.007395215104969211e+00,-1.006210903949574798e+00,-1.003924373203709752e+00,-9.997132357173132977e-01,-9.922622976169442888e-01,-9.795779709700348503e-01,-9.588696651305513852e-01,-9.267529946287127451e-01,-8.803796976057660650e-01,-8.206499404530627206e-01,-7.586935880877150318e-01,-7.216752363845868601e-01,-7.216752364272965847e-01,-7.586935881792649106e-01,-8.206499405868189490e-01,-8.803796977605420349e-01,-9.267529947859739492e-01,-9.588696653173439666e-01,-9.795779712150234353e-01,-9.922622979194896109e-01,-9.997132361094003272e-01,-1.003924373700994188e+00,-1.006210904525879135e+00,-1.007395215742599826e+00,-1.007970672629350695e+00,-1.008222858977354308e+00,-1.008311587865992509e+00,-1.008323223584810302e+00,-1.008302622508128632e+00,-1.008271929410085699e+00,-1.008241283428162438e+00,-1.008214733312147393e+00,-1.008193409837508492e+00,-1.008177174250727726e+00,-1.008165443640134828e+00,-1.008157583563476845e+00,-1.008153082124420896e+00,-1.008151617783710652e+00,-1.000000000000000000e+00,-1.000000000000000000e+00,-1.000000000000000000e+00,-1.000000000000000000e+00,-1.000000000000000000e+00,-1.000000000000000000e+00,-1.000000000000000000e+00,-1.000000000000000000e+00,-1.000000000000000000e+00,-1.000000000000000000e+00,-1.000000000000000000e+00,-1.000000000000000000e+00,-1.000000000000000000e+00,-1.000000000000000000e+00,-1.000000000000000000e+00,-1.000000000000000000e+00,-1.000000000000000000e+00,-1.000000000000000000e+00,-1.000000000000000000e+00,-1.000000000000000000e+00,-1.000000000000000000e+00,-1.000000000000000000e+00,-1.000000000000000000e+00,-1.000000000000000000e+00,-1.000000000000000000e+00,-1.000000000000000000e+00,-1.000000000000000000e+00,-1.000000000000000000e+00,-1.000000000000000000e+00,-1.000000000000000000e+00,-1.000000000000000000e+00,-1.000000000000000000e+00,-1.000000000000000000e+00,-1.000000000000000000e+00,-1.000000000000000000e+00,-1.000000000000000000e+00,-1.000000000000000000e+00,-1.000000000000000000e+00,-1.000000000000000000e+00,-1.000000000000000000e+00,-1.000000000000000000e+00,-1.000000000000000000e+00,-1.000000000000000000e+00,-1.000000000000000000e+00,-1.000000000000000000e+00,-1.000000000000000000e+00
-1.000000000000000000e+00,-1.000000000000000000e+00,-1.000000000000000000e+00,-1.000000000000000000e+00,-1.000000000000000000e+00,-1.000000000000000000e+00,-1.000000000000000000e+00,-1.000000000000000000e+00,-1.000000000000000000e+00,-1.000000000000000000e+00,-1.000000000000000000e+00,-1.000000000000000000e+00,-1.000000000000000000e+00,-1.000000000000000000e+00,-1.000000000000000000e+00,-1.000000000000000000e+00,-1.000000000000000000e+00,-1.000000000000000000e+00,-1.000000000000000000e+00,-1.000000000000000000e+00,-1.000000000000000000e+00,-1.000000000000000000e+00,-1.000000000000000000e+00,-1.000000000000000000e+00,-1.000000000000000000e+00,-1.000000000000000000e+00,-1.000000000000000000e+00,-1.000000000000000000e+00,-1.000000000000000000e+00,-1.000000000000000000e+00,-1.000000000000000000e+00,-1.000000000000000000e+00,-1.000000000000000000e+00,-1.000000000000000000e+00,-1.000000000000000000e+00,-1.000000000000000000e+00,-1.000000000000000000e+00,-1.000000000000000000e+00,-1.000000000000000000e+00,-1.000000000000000000e+00,-1.000000000000000000e+00,-1.000000000000000000e+00,-1.000000000000000000e+00,-1.000000000000000000e+00,-1.000000000000000000e+00,-1.000000000000000000e+00,-1.007952069354650648e+00,-1.007954672550507080e+00,-1.007962548843823747e+00,-1.007975892871126877e+00,-1.007994997955907968e+00,-1.008020180776951991e+00,-1.008051603452411404e+00,-1.008088884140234454e+00,-1.008130286416583976e+00,-1.008171099011135885e+00,-1.008200505166141348e+00,-1.008195718282853814e+00,-1.008111328486273717e+00,-1.007860550054608062e+00,-1.007283303132441743e+00,-1.006093881957007552e+00,-1.003798893505986944e+00,-9.995759233168642899e-01,-9.921096221984008201e-01,-9.794059856196262182e-01,-9.586736791723791118e-01,-9.265274007692371194e-01,-8.801184625682461071e-01,-8.203487112161969019e-01,-7.583546146981814395e-01,-7.213141649317957871e-01,-7.213141649732972560e-01,-7.583546147998896370e-01,-8.203487113554287502e-01,-8.801184627027558438e-01,-9.265274009013098055e-01,-9.586736793536094758e-01,-9.794059858711785527e-01,-9.921096225115343392e-01,-9.995759237164408839e-01,-1.003798894001634912e+00,-1.006093882533134254e+00,-1.007283303779362260e+00,-1.007860550768823416e+00,-1.008111329275642953e+00,-1.008195719164644455e+00,-1.008200506106311956e+00,-1.008171099883415689e+00,-1.008130287153322202e+00,-1.008088884794432039e+00,-1.008051604145363767e+00,-1.008020181668984661e+00,-1.007994999062300279e+00,-1.007975894002423489e+00,-1.007962549680535336e+00,-1.007954673044582528e+00,-1.007952069734927347e+00,-1.000000000000000000e+00,-1.000000000000000000e+00,-1.000000000000000000e+00,-1.000000000000000000e+00,-1.000000000000000000e+00,-1.000000000000000000e+00,-1.000000000000000000e+00,-1.000000000000000000e+00,-1.000000000000000000e+00,-1.000000000000000000e+00,-1.000000000000000000e+00,-1.000000000000000000e+00,-1.000000000000000000e+00,-1.000000000000000000e+00,-1.000000000000000000e+00,-1.000000000000000000e+00,-1.000000000000000000e+00,-1.000000000000000000e+00,-1.000000000000000000e+00,-1.000000000000000000e+00,-1.000000000000000000e+00,-1.000000000000000000e+00,-1.000000000000000000e+00,-1.000000000000000000e+00,-1.000000000000000000e+00,-1.000000000000000000e+00,-1.000000000000000000e+00,-1.000000000000000000e+00,-1.000000000000000000e+00,-1.000000000000000000e+00,-1.000000000000000000e+00,-1.000000000000000000e+00,-1.000000000000000000e+00,-1.000000000000000000e+00,-1.000000000000000000e+00,-1.000000000000000000e+00,-1.000000000000000000e+00,-1.000000000000000000e+00,-1.000000000000000000e+00,-1.000000000000000000e+00,-1.000000000000000000e+00,-1.000000000000000000e+00,-1.000000000000000000e+00,-1.000000000000000000e+00,-1.000000000000000000e+00,-1.000000000000000000e+00
-1.000000000000000000e+00,-1.000000000000000000e+00,-1.000000000000000000e+00,-1.000000000000000000e+00,-1.000000000000000000e+00,-1.000000000000000000e+00,-1.000000000000000000e+00,-1.000000000000000000e+00,-1.000000000000000000e+00,-1.000000000000000000e+00,-1.000000000000000000e+00,-1.000000000000000000e+00,-1.000000000000000000e+00,-1.000000000000000000e+00,-1.000000000000000000e+00,-1.000000000000000000e+00,-1.000000000000000000e+00,-1.000000000000000000e+00,-1.000000000000000000e+00,-1.000000000000000000e+00,-1.000000000000000000e+00,-1.000000000000000000e+00,-1.000000000000000000e+00,-1.000000000000000000e+00,-1.000000000000000000e+00,-1.000000000000000000e+00,-1.000000000000000000e+00,-1.000000000000000000e+00,-1.000000000000000000e+00,-1.000000000000000000e+00,-1.000000000000000000e+00,-1.000000000000000000e+00,-1.000000000000000000e+00,-1.000000000000000000e+00,-1.000000000000000000e+00,-1.000000000000000000e+00,-1.000000000000000000e+00,-1.000000000000000000e+00,-1.000000000000000000e+00,-1.000000000000000000e+00,-1.000000000000000000e+00,-1.000000000000000000e+00,-1.000000000000000000e+00,-1.000000000000000000e+00,-1.000000000000000000e+00,-1.000000000000000000e+00,-1.007735862481781153e+00,-1.007739180837414317e+00,-1.007749173744216131e+00,-1.007765948100579845e+00,-1.007789648036149011e+00,-1.007820377028436631e+00,-1.007858019355139856e+00,-1.007901854906349648e+00,-1.007949759504236154e+00,-1.007996603252694801e+00,-1.008031145563679010e+00,-1.008030200625160244e+00,-1.007948012974439589e+00,-1.007697526261484677e+00,-1.007118470529600796e+00,-1.005925012226697390e+00,-1.003623644380823965e+00,-9.993917708420917423e-01,-9.919136845611288278e-01,-9.791947375608111015e-01,-9.584426226818725247e-01,-9.262709038659659999e-01,-8.798302578963017595e-01,-8.200239786248827434e-01,-7.579948174731320210e-01,-7.209337194115498226e-01,-7.209337194488520950e-01,-7.579948175819370970e-01,-8.200239787691995241e-01,-8.798302580187178368e-01,-9.262709039776253483e-01,-9.584426228493156952e-01,-9.791947378025391835e-01,-9.919136848765331971e-01,-9.993917712453729285e-01,-1.003623644876602716e+00,-1.005925012804563590e+00,-1.007118471186257969e+00,-1.007697526987582304e+00,-1.007948013757604011e+00,-1.008030201499552803e+00,-1.008031146515061538e+00,-1.007996604142108676e+00,-1.007949760239149839e+00,-1.007901855535457969e+00,-1.007858020014153366e+00,-1.007820377883728469e+00,-1.007789649093910445e+00,-1.007765949145748463e+00,-1.007749174513336010e+00,-1.007739181287587993e+00,-1.007735862794660653e+00,-1.000000000000000000e+00,-1.000000000000000000e+00,-1.000000000000000000e+00,-1.000000000000000000e+00,-1.000000000000000000e+00,-1.000000000000000000e+00,-1.000000000000000000e+00,-1.000000000000000000e+00,-1.000000000000000000e+00,-1.000000000000000000e+00,-1.000000000000000000e+00,-1.000000000000000000e+00,-1.000000000000000000e+00,-1.000000000000000000e+00,-1.000000000000000000e+00,-1.000000000000000000e+00,-1.000000000000000000e+00,-1.000000000000000000e+00,-1.000000000000000000e+00,-1.000000000000000000e+00,-1.000000000000000000e+00,-1.000000000000000000e+00,-1.000000000000000000e+00,-1.000000000000000000e+00,-1.000000000000000000e+00,-1.000000000000000000e+00,-1.000000000000000000e+00,-1.000000000000000000e+00,-1.000000000000000000e+00,-1.000000000000000000e+00,-1.000000000000000000e+00,-1.000000000000000000e+00,-1.000000000000000000e+00,-1.000000000000000000e+00,-1.000000000000000000e+00,-1.000000000000000000e+00,-1.000000000000000000e+00,-1.000000000000000000e+00,-1.000000000000000000e+00,-1.000000000000000000e+00,-1.000000000000000000e+00,-1.000000000000000000e+00,-1.000000000000000000e+00,-1.000000000000000000e+00,-1.000000000000000000e+00,-1.000000000000000000e+00
-1.000000000000000000e+00,-1.000000000000000000e+00,-1.000000000000000000e+00,-1.000000000000000000e+00,-1.000000000000000000e+00,-1.000000000000000000e+00,-1.000000000000000000e+00,-1.000000000000000000e+00,-1.000000000000000000e+00,-1.000000000000000000e+00,-1.000000000000000000e+00,-1.000000000000000000e+00,-1.000000000000000000e+00,-1.000000000000000000e+00,-1.000000000000000000e+00,-1.000000000000000000e+00,-1.000000000000000000e+00,-1.000000000000000000e+00,-1.000000000000000000e+00,-1.000000000000000000e+00,-1.000000000000000000e+00,-1.000000000000000000e+00,-1.000000000000000000e+00,-1.000000000000000000e+00,-1.000000000000000000e+00,-1.000000000000000000e+00,-1.000000000000000000e+00,-1.000000000000000000e+00,-1.000000000000000000e+00,-1.000000000000000000e+00,-1.000000000000000000e+00,-1.000000000000000000e+00,-1.000000000000000000e+00,-1.000000000000000000e+00,-1.000000000000000000e+00,-1.000000000000000000e+00,-1.000000000000000000e+00,-1.000000000000000000e+00,-1.000000000000000000e+00,-1.000000000000000000e+00,-1.000000000000000000e+00,-1.000000000000000000e+00,-1.000000000000000000e+00,-1.000000000000000000e+00,-1.000000000000000000e+00,-1.000000000000000000e+00,-1.007508842335283594e+00,-1.007512599000163656e+00,-1.007523887264692553e+00,-1.007542754802059681e+00,-1.007569245988159112e+00,-1.007603323474412393e+00,-1.007644690478061156e+00,-1.007692409437766168e+00,-1.007744110102759993e+00,-1.007794399864037960e+00,-1.007831774275955938e+00,-1.007832799466177320e+00,-1.007751502715617642e+00,-1.007500649531527737e+00,-1.006919826817585184e+00,-1.005723070221233861e+00,-1.003416707538809183e+00,-9.991778692446272592e-01,-9.916903709661281097e-01,-9.789587888946393868e-01,-9.581897110720964950e-01,-9.259954419015741234e-01,-8.795258946950635925e-01,-8.196856452029810391e-01,-7.576234617197947774e-01,-7.205428369707191916e-01,-7.205428370003968963e-01,-7.576234618254497066e-01,-8.196856453426719646e-01,-8.795258948057481652e-01,-9.259954419999477659e-01,-9.581897112230417513e-01,-9.789587891183160195e-01,-9.916903712734055354e-01,-9.991778696413925465e-01,-1.003416708028702642e+00,-1.005723070798566487e+00,-1.006919827484626717e+00,-1.007500650267995290e+00,-1.007751503493388823e+00,-1.007832800329743650e+00,-1.007831775226458948e+00,-1.007794400767294984e+00,-1.007744110848107111e+00,-1.007692410067801081e+00,-1.007644691135703763e+00,-1.007603324314842341e+00,-1.007569246998269108e+00,-1.007542755755707065e+00,-1.007523887961060183e+00,-1.007512599412031307e+00,-1.007508842595626009e+00,-1.000000000000000000e+00,-1.000000000000000000e+00,-1.000000000000000000e+00,-1.000000000000000000e+00,-1.000000000000000000e+00,-1.000000000000000000e+00,-1.000000000000000000e+00,-1.000000000000000000e+00,-1.000000000000000000e+00,-1.000000000000000000e+00,-1.000000000000000000e+00,-1.000000000000000000e+00,-1.000000000000000000e+00,-1.000000000000000000e+00,-1.000000000000000000e+00,-1.000000000000000000e+00,-1.000000000000000000e+00,-1.000000000000000000e+00,-1.000000000000000000e+00,-1.000000000000000000e+00,-1.000000000000000000e+00,-1.000000000000000000e+00,-1.000000000000000000e+00,-1.000000000000000000e+00,-1.000000000000000000e+00,-1.000000000000000000e+00,-1.000000000000000000e+00,-1.000000000000000000e+00,-1.000000000000000000e+00,-1.000000000000000000e+00,-1.000000000000000000e+00,-1.000000000000000000e+00,-1.000000000000000000e+00,-1.000000000000000000e+00,-1.000000000000000000e+00,-1.000000000000000000e+00,-1.000000000000000000e+00,-1.000000000000000000e+00,-1.000000000000000000e+00,-1.000000000000000000e+00,-1.000000000000000000e+00,-1.000000000000000000e+00,-1.000000000000000000e+00,-1.000000000000000000e+00,-1.000000000000000000e+00,-1.000000000000000000e+00
-1.000000000000000000e+00,-1.000000000000000000e+00,-1.000000000000000000e+00,-1.000000000000000000e+00,-1.000000000000000000e+00,-1.000000000000000000e+00,-1.000000000000000000e+00,-1.000000000000000000e+00,-1.000000000000000000e+00,-1.000000000000000000e+00,-1.000000000000000000e+00,-1.000000000000000000e+00,-1.000000000000000000e+00,-1.000000000000000000e+00,-1.000000000000000000e+00,-1.000000000000000000e+00,-1.000000000000000000e+00,-1.000000000000000000e+00,-1.000000000000000000e+00,-1.000000000000000000e+00,-1.000000000000000000e+00,-1.000000000000000000e+00,-1.000000000000000000e+00,-1.000000000000000000e+00,-1.000000000000000000e+00,-1.000000000000000000e+00,-1.000000000000000000e+00,-1.000000000000000000e+00,-1.000000000000000000e+00,-1.000000000000000000e+00,-1.000000000000000000e+00,-1.000000000000000000e+00,-1.000000000000000000e+00,-1.000000000000000000e+00,-1.000000000000000000e+00,-1.000000000000000000e+00,-1.000000000000000000e+00,-1.000000000000000000e+00,-1.000000000000000000e+00,-1.000000000000000000e+00,-1.000000000000000000e+00,-1.000000000000000000e+00,-1.000000000000000000e+00,-1.000000000000000000e+00,-1.000000000000000000e+00,-1.000000000000000000e+00,-1.007275385550994384e+00,-1.007279401301535593e+00,-1.007291453846828055e+00,-1.007311551719783704e+00,-1.007339673890758514e+00,-1.007375691588446198e+00,-1.007419191814262316e+00,-1.007469099040195992e+00,-1.007522888594153843e+00,-1.007575004515179451e+00,-1.007613779157634504e+00,-1.007615624708753543e+00,-1.007534430461314079e+00,-1.007282840647022226e+00,-1.006700328040570191e+00,-1.005500796430143451e+00,-1.003190378789040604e+00,-9.989458794067458403e-01,-9.914505688815932194e-01,-9.787081744729637656e-01,-9.579241088471610599e-01,-9.257093502563429332e-01,-8.792129735007158109e-01,-8.193407160946258871e-01,-7.572471330939678502e-01,-7.201478866236994403e-01,-7.201478866476006546e-01,-7.572471331909126357e-01,-8.193407162183292680e-01,-8.792129735901546006e-01,-9.257093503394400180e-01,-9.579241089794954256e-01,-9.787081746773664825e-01,-9.914505691736317239e-01,-9.989458797894464892e-01,-1.003190379263890319e+00,-1.005500796998921365e+00,-1.006700328710028014e+00,-1.007282841389049333e+00,-1.007534431238743977e+00,-1.007615625563708983e+00,-1.007613780104276380e+00,-1.007575005432862492e+00,-1.007522889357471474e+00,-1.007469099683788949e+00,-1.007419192487202686e+00,-1.007375692428625902e+00,-1.007339674860634915e+00,-1.007311552591660719e+00,-1.007291454480044646e+00,-1.007279401691078213e+00,-1.007275385783346966e+00,-1.000000000000000000e+00,-1.000000000000000000e+00,-1.000000000000000000e+00,-1.000000000000000000e+00,-1.000000000000000000e+00,-1.000000000000000000e+00,-1.000000000000000000e+00,-1.000000000000000000e+00,-1.000000000000000000e+00,-1.000000000000000000e+00,-1.000000000000000000e+00,-1.000000000000000000e+00,-1.000000000000000000e+00,-1.000000000000000000e+00,-1.000000000000000000e+00,-1.000000000000000000e+00,-1.000000000000000000e+00,-1.000000000000000000e+00,-1.000000000000000000e+00,-1.000000000000000000e+00,-1.000000000000000000e+00,-1.000000000000000000e+00,-1.000000000000000000e+00,-1.000000000000000000e+00,-1.000000000000000000e+00,-1.000000000000000000e+00,-1.000000000000000000e+00,-1.000000000000000000e+00,-1.000000000000000000e+00,-1.000000000000000000e+00,-1.000000000000000000e+00,-1.000000000000000000e+00,-1.000000000000000000e+00,-1.000000000000000000e+00,-1.000000000000000000e+00,-1.000000000000000000e+00,-1.000000000000000000e+00,-1.000000000000000000e+00,-1.000000000000000000e+00,-1.000000000000000000e+00,-1.000000000000000000e+00,-1.000000000000000000e+00,-1.000000000000000000e+00,-1.000000000000000000e+00,-1.000000000000000000e+00,-1.000000000000000000e+00
-1.000000000000000000e+00,-1.000000000000000000e+00,-1.000000000000000000e+00,-1.000000000000000000e+00,-1.000000000000000000e+00,-1.000000000000000000e+00,-1.000000000000000000e+00,-1.000000000000000000e+00,-1.000000000000000000e+00,-1.000000000000000000e+00,-1.000000000000000000e+00,-1.000000000000000000e+00,-1.000000000000000000e+00,-1.000000000000000000e+00,-1.000000000000000000e+00,-1.000000000000000000e+00,-1.000000000000000000e+00,-1.000000000000000000e+00,-1.000000000000000000e+00,-1.000000000000000000e+00,-1.000000000000000000e+00,-1.000000000000000000e+00,-1.000000000000000000e+00,-1.000000000000000000e+00,-1.000000000000000000e+00,-1.000000000000000000e+00,-1.000000000000000000e+00,-1.000000000000000000e+00,-1.000000000000000000e+00,-1.000000000000000000e+00,-1.000000000000000000e+00,-1.000000000000000000e+00,-1.000000000000000000e+00,-1.000000000000000000e+00,-1.000000000000000000e+00,-1.000000000000000000e+00,-1.000000000000000000e+00,-1.000000000000000000e+00,-1.000000000000000000e+00,-1.000000000000000000e+00,-1.000000000000000000e+00,-1.000000000000000000e+00,-1.000000000000000000e+00,-1.000000000000000000e+00,-1.000000000000000000e+00,-1.000000000000000000e+00,-1.007038757727665601e+00,-1.007042917803922633e+00,-1.007055394923976666e+00,-1.007076172336975661e+00,-1.007105187053418893e+00,-1.007142252136576044e+00,-1.007186881365907727e+00,-1.007237913142166263e+00,-1.007292727348628736e+00,-1.007345667772944653e+00,-1.007384966760855427e+00,-1.007386941102345279e+00,-1.007305391066939615e+00,-1.007052874649148277e+00,-1.006468768636979538e+00,-1.005266845258846464e+00,-1.002953026572609652e+00,-9.987037620285159623e-01,-9.912017417492037241e-01,-9.784498081662444946e-01,-9.576521668944212307e-01,-9.254184411998864768e-01,-8.788968268544878892e-01,-8.189941330693554233e-01,-7.568704966058715788e-01,-7.197533899882473385e-01,-7.197533900115165029e-01,-7.568704966914703292e-01,-8.189941331670144153e-01,-8.788968269133907718e-01,-9.254184412601367260e-01,-9.576521670028367295e-01,-9.784498083487486175e-01,-9.912017420224412678e-01,-9.987037623947525589e-01,-1.002953027027075006e+00,-1.005266845813106213e+00,-1.006468769299490251e+00,-1.007052875391518665e+00,-1.007305391848699827e+00,-1.007386941952042925e+00,-1.007384967701820067e+00,-1.007345668704483499e+00,-1.007292728138064586e+00,-1.007237913810481000e+00,-1.007186882065029154e+00,-1.007142252985148367e+00,-1.007105187988396544e+00,-1.007076173137255504e+00,-1.007055395507264972e+00,-1.007042918194477332e+00,-1.007038757967641418e+00,-1.000000000000000000e+00,-1.000000000000000000e+00,-1.000000000000000000e+00,-1.000000000000000000e+00,-1.000000000000000000e+00,-1.000000000000000000e+00,-1.000000000000000000e+00,-1.000000000000000000e+00,-1.000000000000000000e+00,-1.000000000000000000e+00,-1.000000000000000000e+00,-1.000000000000000000e+00,-1.000000000000000000e+00,-1.000000000000000000e+00,-1.000000000000000000e+00,-1.000000000000000000e+00,-1.000000000000000000e+00,-1.000000000000000000e+00,-1.000000000000000000e+00,-1.000000000000000000e+00,-1.000000000000000000e+00,-1.000000000000000000e+00,-1.000000000000000000e+00,-1.000000000000000000e+00,-1.000000000000000000e+00,-1.000000000000000000e+00,-1.000000000000000000e+00,-1.000000000000000000e+00,-1.000000000000000000e+00,-1.000000000000000000e+00,-1.000000000000000000e+00,-1.000000000000000000e+00,-1.000000000000000000e+00,-1.000000000000000000e+00,-1.000000000000000000e+00,-1.000000000000000000e+00,-1.000000000000000000e+00,-1.000000000000000000e+00,-1.000000000000000000e+00,-1.000000000000000000e+00,-1.000000000000000000e+00,-1.000000000000000000e+00,-1.000000000000000000e+00,-1.000000000000000000e+00,-1.000000000000000000e+00,-1.000000000000000000e+00
-1.000000000000000000e+00,-1.000000000000000000e+00,-1.000000000000000000e+00,-1.000000000000000000e+00,-1.000000000000000000e+00,-1.000000000000000000e+00,-1.000000000000000000e+00,-1.000000000000000000e+00,-1.000000000000000000e+00,-1.000000000000000000e+00,-1.000000000000000000e+00,-1.000000000000000000e+00,-1.000000000000000000e+00,-1.000000000000000000e+00,-1.000000000000000000e+00,-1.000000000000000000e+00,-1.000000000000000000e+00,-1.000000000000000000e+00,-1.000000000000000000e+00,-1.000000000000000000e+00,-1.000000000000000000e+00,-1.000000000000000000e+00,-1.000000000000000000e+00,-1.000000000000000000e+00,-1.000000000000000000e+00,-1.000000000000000000e+00,-1.000000000000000000e+00,-1.000000000000000000e+00,-1.000000000000000000e+00,-1.000000000000000000e+00,-1.000000000000000000e+00,-1.000000000000000000e+00,-1.000000000000000000e+00,-1.000000000000000000e+00,-1.000000000000000000e+00,-1.000000000000000000e+00,-1.000000000000000000e+00,-1.000000000000000000e+00,-1.000000000000000000e+00,-1.000000000000000000e+00,-1.000000000000000000e+00,-1.000000000000000000e+00,-1.000000000000000000e+00,-1.000000000000000000e+00,-1.000000000000000000e+00,-1.000000000000000000e+00,-1.006801391017825065e+00,-1.006805622958628854e+00,-1.006818310386127013e+00,-1.006839420657354767e+00,-1.006868864579338885e+00,-1.006906419148748233e+00,-1.006951553135083222e+00,-1.007003052479757743e+00,-1.007058239340494099e+00,-1.007111397146643439e+00,-1.007150697770499370e+00,-1.007152398924757497e+00,-1.007070242073973221e+00,-1.006816720617737637e+00,-1.006231126908395446e+00,-1.005027102863788935e+00,-1.002710351952610601e+00,-9.984569551700396284e-01,-9.909490068244992678e-01,-9.781884519647006115e-01,-9.573782820613265798e-01,-9.251267607090792877e-01,-8.785811865575267054e-01,-8.186493704657613613e-01,-7.564968431541292393e-01,-7.193625425657321770e-01,-7.193625425909790927e-01,-7.564968432253414976e-01,-8.186493705335240456e-01,-8.785811865879303850e-01,-9.251267607471096444e-01,-9.573782821459150272e-01,-9.781884521221382300e-01,-9.909490070740006873e-01,-9.984569555142038810e-01,-1.002710352382605752e+00,-1.005027103399144250e+00,-1.006231127558089078e+00,-1.006816721357736588e+00,-1.007070242864197773e+00,-1.007152399772461404e+00,-1.007150698702312441e+00,-1.007111398090253962e+00,-1.007058240164585339e+00,-1.007003053185205665e+00,-1.006951553872264427e+00,-1.006906420015122983e+00,-1.006868865485662567e+00,-1.006839421393055378e+00,-1.006818310924325610e+00,-1.006805623360545798e+00,-1.006801391286406222e+00,-1.000000000000000000e+00,-1.000000000000000000e+00,-1.000000000000000000e+00,-1.000000000000000000e+00,-1.000000000000000000e+00,-1.000000000000000000e+00,-1.000000000000000000e+00,-1.000000000000000000e+00,-1.000000000000000000e+00,-1.000000000000000000e+00,-1.000000000000000000e+00,-1.000000000000000000e+00,-1.000000000000000000e+00,-1.000000000000000000e+00,-1.000000000000000000e+00,-1.000000000000000000e+00,-1.000000000000000000e+00,-1.000000000000000000e+00,-1.000000000000000000e+00,-1.000000000000000000e+00,-1.000000000000000000e+00,-1.000000000000000000e+00,-1.000000000000000000e+00,-1.000000000000000000e+00,-1.000000000000000000e+00,-1.000000000000000000e+00,-1.000000000000000000e+00,-1.000000000000000000e+00,-1.000000000000000000e+00,-1.000000000000000000e+00,-1.000000000000000000e+00,-1.000000000000000000e+00,-1.000000000000000000e+00,-1.000000000000000000e+00,-1.000000000000000000e+00,-1.000000000000000000e+00,-1.000000000000000000e+00,-1.000000000000000000e+00,-1.000000000000000000e+00,-1.000000000000000000e+00,-1.000000000000000000e+00,-1.000000000000000000e+00,-1.000000000000000000e+00,-1.000000000000000000e+00,-1.000000000000000000e+00,-1.000000000000000000e+00
-1.000000000000000000e+00,-1.000000000000000000e+00,-1.000000000000000000e+00,-1.000000000000000000e+00,-1.000000000000000000e+00,-1.000000000000000000e+00,-1.000000000000000000e+00,-1.000000000000000000e+00,-1.000000000000000000e+00,-1.000000000000000000e+00,-1.000000000000000000e+00,-1.000000000000000000e+00,-1.000000000000000000e+00,-1.000000000000000000e+00,-1.000000000000000000e+00,-1.000000000000000000e+00,-1.000000000000000000e+00,-1.000000000000000000e+00,-1.000000000000000000e+00,-1.000000000000000000e+00,-1.000000000000000000e+00,-1.000000000000000000e+00,-1.000000000000000000e+00,-1.000000000000000000e+00,-1.000000000000000000e+00,-1.000000000000000000e+00,-1.000000000000000000e+00,-1.000000000000000000e+00,-1.000000000000000000e+00,-1.000000000000000000e+00,-1.000000000000000000e+00,-1.000000000000000000e+00,-1.000000000000000000e+00,-1.000000000000000000e+00,-1.000000000000000000e+00,-1.000000000000000000e+00,-1.000000000000000000e+00,-1.000000000000000000e+00,-1.000000000000000000e+00,-1.000000000000000000e+00,-1.000000000000000000e+00,-1.000000000000000000e+00,-1.000000000000000000e+00,-1.000000000000000000e+00,-1.000000000000000000e+00,-1.000000000000000000e+00,-1.006565096403392534e+00,-1.006569355324100856e+00,-1.006582120493590304e+00,-1.006603349634631162e+00,-1.006632937781001047e+00,-1.006670640356085888e+00,-1.006715899430886019e+00,-1.006767470065137893e+00,-1.006822640632784260e+00,-1.006875659263429368e+00,-1.006914661963701052e+00,-1.006915869803418850e+00,-1.006832984042383083e+00,-1.006578446903361401e+00,-1.005991473858148577e+00,-1.004785578429931325e+00,-1.002466243089017217e+00,-9.982091761362689164e-01,-9.906958732741197871e-01,-9.779273842327877997e-01,-9.571054947578072625e-01,-9.248371194870783629e-01,-8.782686564140498309e-01,-8.183088613592899296e-01,-7.561284833189511057e-01,-7.189775909589997127e-01,-7.189775909844915436e-01,-7.561284833723224130e-01,-8.183088613989418780e-01,-8.782686564278927577e-01,-9.248371195150053570e-01,-9.571054948266380924e-01,-9.779273843651031806e-01,-9.906958734947785006e-01,-9.982091764510878651e-01,-1.002466243490793385e+00,-1.004785578940082580e+00,-1.005991474490995241e+00,-1.006578447640159135e+00,-1.006832984844133083e+00,-1.006915870651941880e+00,-1.006914662884435874e+00,-1.006875660217720903e+00,-1.006822641496873283e+00,-1.006767470817977683e+00,-1.006715900215224835e+00,-1.006670641246580233e+00,-1.006632938664674626e+00,-1.006603350313310496e+00,-1.006582120991527329e+00,-1.006569355744435068e+00,-1.006565096712938923e+00,-1.000000000000000000e+00,-1.000000000000000000e+00,-1.000000000000000000e+00,-1.000000000000000000e+00,-1.000000000000000000e+00,-1.000000000000000000e+00,-1.000000000000000000e+00,-1.000000000000000000e+00,-1.000000000000000000e+00,-1.000000000000000000e+00,-1.000000000000000000e+00,-1.000000000000000000e+00,-1.000000000000000000e+00,-1.000000000000000000e+00,-1.000000000000000000e+00,-1.000000000000000000e+00,-1.000000000000000000e+00,-1.000000000000000000e+00,-1.000000000000000000e+00,-1.000000000000000000e+00,-1.000000000000000000e+00,-1.000000000000000000e+00,-1.000000000000000000e+00,-1.000000000000000000e+00,-1.000000000000000000e+00,-1.000000000000000000e+00,-1.000000000000000000e+00,-1.000000000000000000e+00,-1.000000000000000000e+00,-1.000000000000000000e+00,-1.000000000000000000e+00,-1.000000000000000000e+00,-1.000000000000000000e+00,-1.000000000000000000e+00,-1.000000000000000000e+00,-1.000000000000000000e+00,-1.000000000000000000e+00,-1.000000000000000000e+00,-1.000000000000000000e+00,-1.000000000000000000e+00,-1.000000000000000000e+00,-1.000000000000000000e+00,-1.000000000000000000e+00,-1.000000000000000000e+00,-1.000000000000000000e+00,-1.000000000000000000e+00
-1.000000000000000000e+00,-1.000000000000000000e+00,-1.000000000000000000e+00,-1.000000000000000000e+00,-1.000000000000000000e+00,-1.000000000000000000e+00,-1.000000000000000000e+00,-1.000000000000000000e+00,-1.000000000000000000e+00,-1.000000000000000000e+00,-1.000000000000000000e+00,-1.000000000000000000e+00,-1.000000000000000000e+00,-1.000000000000000000e+00,-1.000000000000000000e+00,-1.000000000000000000e+00,-1.000000000000000000e+00,-1.000000000000000000e+00,-1.000000000000000000e+00,-1.000000000000000000e+00,-1.000000000000000000e+00,-1.000000000000000000e+00,-1.000000000000000000e+00,-1.000000000000000000e+00,-1.000000000000000000e+00,-1.000000000000000000e+00,-1.000000000000000000e+00,-1.000000000000000000e+00,-1.000000000000000000e+00,-1.000000000000000000e+00,-1.000000000000000000e+00,-1.000000000000000000e+00,-1.000000000000000000e+00,-1.000000000000000000e+00,-1.000000000000000000e+00,-1.000000000000000000e+00,-1.000000000000000000e+00,-1.000000000000000000e+00,-1.000000000000000000e+00,-1.000000000000000000e+00,-1.000000000000000000e+00,-1.000000000000000000e+00,-1.000000000000000000e+00,-1.000000000000000000e+00,-1.000000000000000000e+00,-1.000000000000000000e+00,-1.006331224297850380e+00,-1.006335483157666300e+00,-1.006348246327414930e+00,-1.006369465995721413e+00,-1.006399028223819103e+00,-1.006436676233877447e+00,-1.006481837130976276e+00,-1.006533248793724189e+00,-1.006588180864331106e+00,-1.006640861769975137e+00,-1.006679406843382862e+00,-1.006680014277369972e+00,-1.006596356525873093e+00,-1.006340833001874380e+00,-1.005752587436530288e+00,-1.004545007343652596e+00,-1.002223355098376567e+00,-9.979629679067139048e-01,-9.904447479081551764e-01,-9.776688607159027544e-01,-9.568359045370681271e-01,-9.245514655608919607e-01,-8.779610470524307209e-01,-8.179743020864520542e-01,-7.557670307649948516e-01,-7.186001054361359497e-01,-7.186001054583261993e-01,-7.557670307983103131e-01,-8.179743021010189574e-01,-8.779610470605005990e-01,-9.245514655895360479e-01,-9.568359045964857090e-01,-9.776688608254200386e-01,-9.904447480989028163e-01,-9.979629681901435179e-01,-1.002223355472967592e+00,-1.004545007827644332e+00,-1.005752588051391561e+00,-1.006340833733796902e+00,-1.006596357338425785e+00,-1.006680015128293526e+00,-1.006679407753620303e+00,-1.006640862733432673e+00,-1.006588181770758261e+00,-1.006533249600892521e+00,-1.006481837963183246e+00,-1.006436677145812641e+00,-1.006399029088854258e+00,-1.006369466627486720e+00,-1.006348246793468126e+00,-1.006335483604112957e+00,-1.006331224654104295e+00,-1.000000000000000000e+00,-1.000000000000000000e+00,-1.000000000000000000e+00,-1.000000000000000000e+00,-1.000000000000000000e+00,-1.000000000000000000e+00,-1.000000000000000000e+00,-1.000000000000000000e+00,-1.000000000000000000e+00,-1.000000000000000000e+00,-1.000000000000000000e+00,-1.000000000000000000e+00,-1.000000000000000000e+00,-1.000000000000000000e+00,-1.000000000000000000e+00,-1.000000000000000000e+00,-1.000000000000000000e+00,-1.000000000000000000e+00,-1.000000000000000000e+00,-1.000000000000000000e+00,-1.000000000000000000e+00,-1.000000000000000000e+00,-1.000000000000000000e+00,-1.000000000000000000e+00,-1.000000000000000000e+00,-1.000000000000000000e+00,-1.000000000000000000e+00,-1.000000000000000000e+00,-1.000000000000000000e+00,-1.000000000000000000e+00,-1.000000000000000000e+00,-1.000000000000000000e+00,-1.000000000000000000e+00,-1.000000000000000000e+00,-1.000000000000000000e+00,-1.000000000000000000e+00,-1.000000000000000000e+00,-1.000000000000000000e+00,-1.000000000000000000e+00,-1.000000000000000000e+00,-1.000000000000000000e+00,-1.000000000000000000e+00,-1.000000000000000000e+00,-1.000000000000000000e+00,-1.000000000000000000e+00,-1.000000000000000000e+00
-1.000000000000000000e+00,-1.000000000000000000e+00,-1.000000000000000000e+00,-1.000000000000000000e+00,-1.000000000000000000e+00,-1.000000000000000000e+00,-1.000000000000000000e+00,-1.000000000000000000e+00,-1.000000000000000000e+00,-1.000000000000000000e+00,-1.000000000000000000e+00,-1.000000000000000000e+00,-1.000000000000000000e+00,-1.000000000000000000e+00,-1.000000000000000000e+00,-1.000000000000000000e+00,-1.000000000000000000e+00,-1.000000000000000000e+00,-1.000000000000000000e+00,-1.000000000000000000e+00,-1.000000000000000000e+00,-1.000000000000000000e+00,-1.000000000000000000e+00,-1.000000000000000000e+00,-1.000000000000000000e+00,-1.000000000000000000e+00,-1.000000000000000000e+00,-1.000000000000000000e+00,-1.000000000000000000e+00,-1.000000000000000000e+00,-1.000000000000000000e+00,-1.000000000000000000e+00,-1.000000000000000000e+00,-1.000000000000000000e+00,-1.000000000000000000e+00,-1.000000000000000000e+00,-1.000000000000000000e+00,-1.000000000000000000e+00,-1.000000000000000000e+00,-1.000000000000000000e+00,-1.000000000000000000e+00,-1.000000000000000000e+00,-1.000000000000000000e+00,-1.000000000000000000e+00,-1.000000000000000000e+00,-1.000000000000000000e+00,-1.006100784920078706e+00,-1.006105028123550404e+00,-1.006117743406471865e+00,-1.006138880058990104e+00,-1.006168319525654109e+00,-1.006205798789979289e+00,-1.006250737394163597e+00,-1.006301864608080354e+00,-1.006356440678770836e+00,-1.006408683917177527e+00,-1.006446698245307969e+00,-1.006446667336557965e+00,-1.006362241784001021e+00,-1.006105783461366032e+00,-1.005516368049591547e+00,-1.004307259761884286e+00,-1.001983503878812076e+00,-9.977200717462538782e-01,-9.901972818679086741e-01,-9.774144326370692859e-01,-9.565709590394734230e-01,-9.242711455452357061e-01,-8.776596127761105981e-01,-8.176468694482211808e-01,-7.554136057101534796e-01,-7.182311763373649960e-01,-7.182311763538429261e-01,-7.554136057244223990e-01,-8.176468694413075999e-01,-8.776596127815785575e-01,-9.242711455767902429e-01,-9.565709590922581995e-01,-9.774144327278582178e-01,-9.901972820326836455e-01,-9.977200720031212944e-01,-1.001983504231105604e+00,-1.004307260223916698e+00,-1.005516368646051317e+00,-1.006105784185735263e+00,-1.006362242603182189e+00,-1.006446668191005145e+00,-1.006446699148255020e+00,-1.006408684889700700e+00,-1.006356441629849829e+00,-1.006301865474503066e+00,-1.006250738269302447e+00,-1.006205799713570048e+00,-1.006168320370461222e+00,-1.006138880651074263e+00,-1.006117743849848756e+00,-1.006105028606429475e+00,-1.006100785329249625e+00,-1.000000000000000000e+00,-1.000000000000000000e+00,-1.000000000000000000e+00,-1.000000000000000000e+00,-1.000000000000000000e+00,-1.000000000000000000e+00,-1.000000000000000000e+00,-1.000000000000000000e+00,-1.000000000000000000e+00,-1.000000000000000000e+00,-1.000000000000000000e+00,-1.000000000000000000e+00,-1.000000000000000000e+00,-1.000000000000000000e+00,-1.000000000000000000e+00,-1.000000000000000000e+00,-1.000000000000000000e+00,-1.000000000000000000e+00,-1.000000000000000000e+00,-1.000000000000000000e+00,-1.000000000000000000e+00,-1.000000000000000000e+00,-1.000000000000000000e+00,-1.000000000000000000e+00,-1.000000000000000000e+00,-1.000000000000000000e+00,-1.000000000000000000e+00,-1.000000000000000000e+00,-1.000000000000000000e+00,-1.000000000000000000e+00,-1.000000000000000000e+00,-1.000000000000000000e+00,-1.000000000000000000e+00,-1.000000000000000000e+00,-1.000000000000000000e+00,-1.000000000000000000e+00,-1.000000000000000000e+00,-1.000000000000000000e+00,-1.000000000000000000e+00,-1.000000000000000000e+00,-1.000000000000000000e+00,-1.000000000000000000e+00,-1.000000000000000000e+00,-1.000000000000000000e+00,-1.000000000000000000e+00,-1.000000000000000000e+00
-1.000000000000000000e+00,-1.000000000000000000e+00,-1.000000000000000000e+00,-1.000000000000000000e+00,-1.000000000000000000e+00,-1.000000000000000000e+00,-1.000000000000000000e+00,-1.000000000000000000e+00,-1.000000000000000000e+00,-1.000000000000000000e+00,-1.000000000000000000e+00,-1.000000000000000000e+00,-1.000000000000000000e+00,-1.000000000000000000e+00,-1.000000000000000000e+00,-1.000000000000000000e+00,-1.000000000000000000e+00,-1.000000000000000000e+00,-1.000000000000000000e+00,-1.000000000000000000e+00,-1.000000000000000000e+00,-1.000000000000000000e+00,-1.000000000000000000e+00,-1.000000000000000000e+00,-1.000000000000000000e+00,-1.000000000000000000e+00,-1.000000000000000000e+00,-1.000000000000000000e+00,-1.000000000000000000e+00,-1.000000000000000000e+00,-1.000000000000000000e+00,-1.000000000000000000e+00,-1.000000000000000000e+00,-1.000000000000000000e+00,-1.000000000000000000e+00,-1.000000000000000000e+00,-1.000000000000000000e+00,-1.000000000000000000e+00,-1.000000000000000000e+00,-1.000000000000000000e+00,-1.000000000000000000e+00,-1.000000000000000000e+00,-1.000000000000000000e+00,-1.000000000000000000e+00,-1.000000000000000000e+00,-1.000000000000000000e+00,-1.005874537868684859e+00,-1.005878757078642272e+00,-1.005891400036199146e+00,-1.005912414792592635e+00,-1.005941680907957103e+00,-1.005978932836852247e+00,-1.006023587137187425e+00,-1.006074369731204010e+00,-1.006128537147564117e+00,-1.006180303360257877e+00,-1.006217766427587090e+00,-1.006217100495492733e+00,-1.006131938495797629e+00,-1.005874608142242499e+00,-1.005284119897804640e+00,-1.004073617613716385e+00,-1.001747933799950863e+00,-9.974816814431456402e-01,-9.899546083676514785e-01,-9.771651661845455195e-01,-9.563116547997857486e-01,-9.239970876460379401e-01,-8.773652188168273858e-01,-8.173273752489211841e-01,-7.550689805493804307e-01,-7.178715551077783363e-01,-7.178715551180524512e-01,-7.550689805472597937e-01,-8.173273752245955315e-01,-8.773652188178372446e-01,-9.239970876789557197e-01,-9.563116548514606352e-01,-9.771651662655864712e-01,-9.899546085153450026e-01,-9.974816816821961973e-01,-1.001747934135887919e+00,-1.004073618057854889e+00,-1.005284120474928100e+00,-1.005874608856997643e+00,-1.006131939314850898e+00,-1.006217101352932408e+00,-1.006217767326186507e+00,-1.006180304340928311e+00,-1.006128538143737927e+00,-1.006074370660673178e+00,-1.006023588051527140e+00,-1.005978933762142535e+00,-1.005941681727956283e+00,-1.005912415349998534e+00,-1.005891400462896268e+00,-1.005878757601999185e+00,-1.005874538330054468e+00,-1.000000000000000000e+00,-1.000000000000000000e+00,-1.000000000000000000e+00,-1.000000000000000000e+00,-1.000000000000000000e+00,-1.000000000000000000e+00,-1.000000000000000000e+00,-1.000000000000000000e+00,-1.000000000000000000e+00,-1.000000000000000000e+00,-1.000000000000000000e+00,-1.000000000000000000e+00,-1.000000000000000000e+00,-1.000000000000000000e+00,-1.000000000000000000e+00,-1.000000000000000000e+00,-1.000000000000000000e+00,-1.000000000000000000e+00,-1.000000000000000000e+00,-1.000000000000000000e+00,-1.000000000000000000e+00,-1.000000000000000000e+00,-1.000000000000000000e+00,-1.000000000000000000e+00,-1.000000000000000000e+00,-1.000000000000000000e+00,-1.000000000000000000e+00,-1.000000000000000000e+00,-1.000000000000000000e+00,-1.000000000000000000e+00,-1.000000000000000000e+00,-1.000000000000000000e+00,-1.000000000000000000e+00,-1.000000000000000000e+00,-1.000000000000000000e+00,-1.000000000000000000e+00,-1.000000000000000000e+00,-1.000000000000000000e+00,-1.000000000000000000e+00,-1.000000000000000000e+00,-1.000000000000000000e+00,-1.000000000000000000e+00,-1.000000000000000000e+00,-1.000000000000000000e+00,-1.000000000000000000e+00,-1.000000000000000000e+00
-1.000000000000000000e+00,-1.000000000000000000e+00,-1.000000000000000000e+00,-1.000000000000000000e+00,-1.000000000000000000e+00,-1.000000000000000000e+00,-1.000000000000000000e+00,-1.000000000000000000e+00,-1.000000000000000000e+00,-1.000000000000000000e+00,-1.000000000000000000e+00,-1.000000000000000000e+00,-1.000000000000000000e+00,-1.000000000000000000e+00,-1.000000000000000000e+00,-1.000000000000000000e+00,-1.000000000000000000e+00,-1.000000000000000000e+00,-1.000000000000000000e+00,-1.000000000000000000e+00,-1.000000000000000000e+00,-1.000000000000000000e+00,-1.000000000000000000e+00,-1.000000000000000000e+00,-1.000000000000000000e+00,-1.000000000000000000e+00,-1.000000000000000000e+00,-1.000000000000000000e+00,-1.000000000000000000e+00,-1.000000000000000000e+00,-1.000000000000000000e+00,-1.000000000000000000e+00,-1.000000000000000000e+00,-1.000000000000000000e+00,-1.000000000000000000e+00,-1.000000000000000000e+00,-1.000000000000000000e+00,-1.000000000000000000e+00,-1.000000000000000000e+00,-1.000000000000000000e+00,-1.000000000000000000e+00,-1.000000000000000000e+00,-1.000000000000000000e+00,-1.000000000000000000e+00,-1.000000000000000000e+00,-1.000000000000000000e+00,-1.005653058353352947e+00,-1.005657249767880179e+00,-1.005669809345469456e+00,-1.005690684910803823e+00,-1.005719755811039784e+00,-1.005756756211915626e+00,-1.005801102433605987e+00,-1.005851520189568582e+00,-1.005905265642210500e+00,-1.005956551809109589e+00,-1.005993474113391573e+00,-1.005992200082265864e+00,-1.005906347506107412e+00,-1.005648212176570855e+00,-1.005056741664116293e+00,-1.003844962572983279e+00,-1.001517499796052535e+00,-9.972486168742876744e-01,-9.897175057702704004e-01,-9.769217939358078029e-01,-9.560586767103760319e-01,-9.237299296792970127e-01,-8.770784591914515538e-01,-8.170163759270376858e-01,-7.547336837019933409e-01,-7.175217551623644940e-01,-7.175217551661899895e-01,-7.547336836843385743e-01,-8.170163758895295780e-01,-8.770784591890119497e-01,-9.237299297165337819e-01,-9.560586767697286659e-01,-9.769217940192982397e-01,-9.897175059110181472e-01,-9.972486171029883995e-01,-1.001517500123282556e+00,-1.003844963005411595e+00,-1.005056742224295085e+00,-1.005648212881821379e+00,-1.005906348321223609e+00,-1.005992200943512271e+00,-1.005993475008826188e+00,-1.005956552791731573e+00,-1.005905266676059506e+00,-1.005851521179270458e+00,-1.005801103380746353e+00,-1.005756757128031476e+00,-1.005719756601853421e+00,-1.005690685438782150e+00,-1.005669809758429345e+00,-1.005657250332661290e+00,-1.005653058865678906e+00,-1.000000000000000000e+00,-1.000000000000000000e+00,-1.000000000000000000e+00,-1.000000000000000000e+00,-1.000000000000000000e+00,-1.000000000000000000e+00,-1.000000000000000000e+00,-1.000000000000000000e+00,-1.000000000000000000e+00,-1.000000000000000000e+00,-1.000000000000000000e+00,-1.000000000000000000e+00,-1.000000000000000000e+00,-1.000000000000000000e+00,-1.000000000000000000e+00,-1.000000000000000000e+00,-1.000000000000000000e+00,-1.000000000000000000e+00,-1.000000000000000000e+00,-1.000000000000000000e+00,-1.000000000000000000e+00,-1.000000000000000000e+00,-1.000000000000000000e+00,-1.000000000000000000e+00,-1.000000000000000000e+00,-1.000000000000000000e+00,-1.000000000000000000e+00,-1.000000000000000000e+00,-1.000000000000000000e+00,-1.000000000000000000e+00,-1.000000000000000000e+00,-1.000000000000000000e+00,-1.000000000000000000e+00,-1.000000000000000000e+00,-1.000000000000000000e+00,-1.000000000000000000e+00,-1.000000000000000000e+00,-1.000000000000000000e+00,-1.000000000000000000e+00,-1.000000000000000000e+00,-1.000000000000000000e+00,-1.000000000000000000e+00,-1.000000000000000000e+00,-1.000000000000000000e+00,-1.000000000000000000e+00,-1.000000000000000000e+00
-1.000000000000000000e+00,-1.000000000000000000e+00,-1.000000000000000000e+00,-1.000000000000000000e+00,-1.000000000000000000e+00,-1.000000000000000000e+00,-1.000000000000000000e+00,-1.000000000000000000e+00,-1.000000000000000000e+00,-1.000000000000000000e+00,-1.000000000000000000e+00,-1.000000000000000000e+00,-1.000000000000000000e+00,-1.000000000000000000e+00,-1.000000000000000000e+00,-1.000000000000000000e+00,-1.000000000000000000e+00,-1.000000000000000000e+00,-1.000000000000000000e+00,-1.000000000000000000e+00,-1.000000000000000000e+00,-1.000000000000000000e+00,-1.000000000000000000e+00,-1.000000000000000000e+00,-1.000000000000000000e+00,-1.000000000000000000e+00,-1.000000000000000000e+00,-1.000000000000000000e+00,-1.000000000000000000e+00,-1.000000000000000000e+00,-1.000000000000000000e+00,-1.000000000000000000e+00,-1.000000000000000000e+00,-1.000000000000000000e+00,-1.000000000000000000e+00,-1.000000000000000000e+00,-1.000000000000000000e+00,-1.000000000000000000e+00,-1.000000000000000000e+00,-1.000000000000000000e+00,-1.000000000000000000e+00,-1.000000000000000000e+00,-1.000000000000000000e+00,-1.000000000000000000e+00,-1.000000000000000000e+00,-1.000000000000000000e+00,-1.005436785952034340e+00,-1.005440948540702095e+00,-1.005453421854046736e+00,-1.005474154079381677e+00,-1.005503025330324318e+00,-1.005539770780731645e+00,-1.005583808087105346e+00,-1.005633864542244682e+00,-1.005687197829480350e+00,-1.005738021894091005e+00,-1.005774431319097051e+00,-1.005772588643979448e+00,-1.005686098015190266e+00,-1.005427224866739522e+00,-1.004834855906137969e+00,-1.003621903743127319e+00,-1.001292791327200282e+00,-9.970214425433702177e-01,-9.894865094466926969e-01,-9.766848192794200800e-01,-9.558124947857681297e-01,-9.234701084841647756e-01,-8.767997395583584375e-01,-8.167142500821130691e-01,-7.544080733803836258e-01,-7.171821237176779773e-01,-7.171821237122772974e-01,-7.544080733457732002e-01,-8.167142500375004222e-01,-8.767997395603230881e-01,-9.234701085352553518e-01,-9.558124948590647207e-01,-9.766848193722377225e-01,-9.894865095887657169e-01,-9.970214427698121940e-01,-1.001292791655250980e+00,-1.003621904173238155e+00,-1.004834856457059944e+00,-1.005427225564008875e+00,-1.005686098826650721e+00,-1.005772589512520465e+00,-1.005774432216237191e+00,-1.005738022873563953e+00,-1.005687198887648792e+00,-1.005633865580074282e+00,-1.005583809054621636e+00,-1.005539771673703564e+00,-1.005503026086041363e+00,-1.005474154581832646e+00,-1.005453422253939300e+00,-1.005440949145937513e+00,-1.005436786513854264e+00,-1.000000000000000000e+00,-1.000000000000000000e+00,-1.000000000000000000e+00,-1.000000000000000000e+00,-1.000000000000000000e+00,-1.000000000000000000e+00,-1.000000000000000000e+00,-1.000000000000000000e+00,-1.000000000000000000e+00,-1.000000000000000000e+00,-1.000000000000000000e+00,-1.000000000000000000e+00,-1.000000000000000000e+00,-1.000000000000000000e+00,-1.000000000000000000e+00,-1.000000000000000000e+00,-1.000000000000000000e+00,-1.000000000000000000e+00,-1.000000000000000000e+00,-1.000000000000000000e+00,-1.000000000000000000e+00,-1.000000000000000000e+00,-1.000000000000000000e+00,-1.000000000000000000e+00,-1.000000000000000000e+00,-1.000000000000000000e+00,-1.000000000000000000e+00,-1.000000000000000000e+00,-1.000000000000000000e+00,-1.000000000000000000e+00,-1.000000000000000000e+00,-1.000000000000000000e+00,-1.000000000000000000e+00,-1.000000000000000000e+00,-1.000000000000000000e+00,-1.000000000000000000e+00,-1.000000000000000000e+00,-1.000000000000000000e+00,-1.000000000000000000e+00,-1.000000000000000000e+00,-1.000000000000000000e+00,-1.000000000000000000e+00,-1.000000000000000000e+00,-1.000000000000000000e+00,-1.000000000000000000e+00,-1.000000000000000000e+00
-1.000000000000000000e+00,-1.000000000000000000e+00,-1.000000000000000000e+00,-1.000000000000000000e+00,-1.000000000000000000e+00,-1.000000000000000000e+00,-1.000000000000000000e+00,-1.000000000000000000e+00,-1.000000000000000000e+00,-1.000000000000000000e+00,-1.000000000000000000e+00,-1.000000000000000000e+00,-1.000000000000000000e+00,-1.000000000000000000e+00,-1.000000000000000000e+00,-1.000000000000000000e+00,-1.000000000000000000e+00,-1.000000000000000000e+00,-1.000000000000000000e+00,-1.000000000000000000e+00,-1.000000000000000000e+00,-1.000000000000000000e+00,-1.000000000000000000e+00,-1.000000000000000000e+00,-1.000000000000000000e+00,-1.000000000000000000e+00,-1.000000000000000000e+00,-1.000000000000000000e+00,-1.000000000000000000e+00,-1.000000000000000000e+00,-1.000000000000000000e+00,-1.000000000000000000e+00,-1.000000000000000000e+00,-1.000000000000000000e+00,-1.000000000000000000e+00,-1.000000000000000000e+00,-1.000000000000000000e+00,-1.000000000000000000e+00,-1.000000000000000000e+00,-1.000000000000000000e+00,-1.000000000000000000e+00,-1.000000000000000000e+00,-1.000000000000000000e+00,-1.000000000000000000e+00,-1.000000000000000000e+00,-1.000000000000000000e+00,-1.005226060356369633e+00,-1.005230194726988602e+00,-1.005242583710327375e+00,-1.005263176179377549e+00,-1.005291853548763603e+00,-1.005328352697028693e+00,-1.005372093452441495e+00,-1.005421805627924270e+00,-1.005474749401779722e+00,-1.005525140606446488e+00,-1.005561073902278002e+00,-1.005558707703809507e+00,-1.005471633400141451e+00,-1.005212087241190710e+00,-1.004618896938517913e+00,-1.003404864461338697e+00,-1.001074216819890950e+00,-9.968005485661401988e-01,-9.892619884926793228e-01,-9.764545883751205579e-01,-9.555734312167065703e-01,-9.232179222559512288e-01,-8.765293353213164940e-01,-8.164212531205388146e-01,-7.540923897833132772e-01,-7.168528927199049328e-01,-7.168528927011112994e-01,-7.540923897318629887e-01,-8.164212530782646304e-01,-8.765293353377385799e-01,-9.232179223277084956e-01,-9.555734313046221340e-01,-9.764545884783289997e-01,-9.892619886440933152e-01,-9.968005488040663220e-01,-1.001074217160283109e+00,-1.003404864897689208e+00,-1.004618897486549534e+00,-1.005212087930477338e+00,-1.005471634210022280e+00,-1.005558708584045169e+00,-1.005561074809706801e+00,-1.005525141582324089e+00,-1.005474750472700629e+00,-1.005421806701405130e+00,-1.005372094430645458e+00,-1.005328353556014020e+00,-1.005291854263457463e+00,-1.005263176658433899e+00,-1.005242584094514502e+00,-1.005230195363977064e+00,-1.005226060958494871e+00,-1.000000000000000000e+00,-1.000000000000000000e+00,-1.000000000000000000e+00,-1.000000000000000000e+00,-1.000000000000000000e+00,-1.000000000000000000e+00,-1.000000000000000000e+00,-1.000000000000000000e+00,-1.000000000000000000e+00,-1.000000000000000000e+00,-1.000000000000000000e+00,-1.000000000000000000e+00,-1.000000000000000000e+00,-1.000000000000000000e+00,-1.000000000000000000e+00,-1.000000000000000000e+00,-1.000000000000000000e+00,-1.000000000000000000e+00,-1.000000000000000000e+00,-1.000000000000000000e+00,-1.000000000000000000e+00,-1.000000000000000000e+00,-1.000000000000000000e+00,-1.000000000000000000e+00,-1.000000000000000000e+00,-1.000000000000000000e+00,-1.000000000000000000e+00,-1.000000000000000000e+00,-1.000000000000000000e+00,-1.000000000000000000e+00,-1.000000000000000000e+00,-1.000000000000000000e+00,-1.000000000000000000e+00,-1.000000000000000000e+00,-1.000000000000000000e+00,-1.000000000000000000e+00,-1.000000000000000000e+00,-1.000000000000000000e+00,-1.000000000000000000e+00,-1.000000000000000000e+00,-1.000000000000000000e+00,-1.000000000000000000e+00,-1.000000000000000000e+00,-1.000000000000000000e+00,-1.000000000000000000e+00,-1.000000000000000000e+00
-1.000000000000000000e+00,-1.000000000000000000e+00,-1.000000000000000000e+00,-1.000000000000000000e+00,-1.000000000000000000e+00,-1.000000000000000000e+00,-1.000000000000000000e+00,-1.000000000000000000e+00,-1.000000000000000000e+00,-1.000000000000000000e+00,-1.000000000000000000e+00,-1.000000000000000000e+00,-1.000000000000000000e+00,-1.000000000000000000e+00,-1.000000000000000000e+00,-1.000000000000000000e+00,-1.000000000000000000e+00,-1.000000000000000000e+00,-1.000000000000000000e+00,-1.000000000000000000e+00,-1.000000000000000000e+00,-1.000000000000000000e+00,-1.000000000000000000e+00,-1.000000000000000000e+00,-1.000000000000000000e+00,-1.000000000000000000e+00,-1.000000000000000000e+00,-1.000000000000000000e+00,-1.000000000000000000e+00,-1.000000000000000000e+00,-1.000000000000000000e+00,-1.000000000000000000e+00,-1.000000000000000000e+00,-1.000000000000000000e+00,-1.000000000000000000e+00,-1.000000000000000000e+00,-1.000000000000000000e+00,-1.000000000000000000e+00,-1.000000000000000000e+00,-1.000000000000000000e+00,-1.000000000000000000e+00,-1.000000000000000000e+00,-1.000000000000000000e+00,-1.000000000000000000e+00,-1.000000000000000000e+00,-1.000000000000000000e+00,-1.005021147479606469e+00,-1.005025255160380659e+00,-1.005037564440548481e+00,-1.005058025033316760e+00,-1.005086519910672660e+00,-1.005122787978657284e+00,-1.005166251614624473e+00,-1.005215643568077022e+00,-1.005268226927770625e+00,-1.005318219812953995e+00,-1.005353717348820286e+00,-1.005350874232793679e+00,-1.005263269636621937e+00,-1.005003111577714936e+00,-1.004409170563838494e+00,-1.003194141347317991e+00,-1.000862061211930332e+00,-9.965862060157629765e-01,-9.890441983408065907e-01,-9.762313397088361322e-01,-9.553417067670044727e-01,-9.229735739031347252e-01,-8.762674322582305608e-01,-8.161375556390084718e-01,-7.537867918749880936e-01,-7.165342147861422095e-01,-7.165342147556021946e-01,-7.537867918138516643e-01,-8.161375556094534467e-01,-8.762674322956958139e-01,-9.229735739921560711e-01,-9.553417068685556846e-01,-9.762313398294519828e-01,-9.890441985135166592e-01,-9.965862062771526642e-01,-1.000862061571421213e+00,-1.003194141795055172e+00,-1.004409171112200960e+00,-1.005003112259631903e+00,-1.005263270449508806e+00,-1.005350875131431065e+00,-1.005353718275335373e+00,-1.005318220785805794e+00,-1.005268228001659381e+00,-1.005215644666120678e+00,-1.005166252598127752e+00,-1.005122788799003741e+00,-1.005086520582178400e+00,-1.005058025491767149e+00,-1.005037564806242401e+00,-1.005025255819334884e+00,-1.005021148113219631e+00,-1.000000000000000000e+00,-1.000000000000000000e+00,-1.000000000000000000e+00,-1.000000000000000000e+00,-1.000000000000000000e+00,-1.000000000000000000e+00,-1.000000000000000000e+00,-1.000000000000000000e+00,-1.000000000000000000e+00,-1.000000000000000000e+00,-1.000000000000000000e+00,-1.000000000000000000e+00,-1.000000000000000000e+00,-1.000000000000000000e+00,-1.000000000000000000e+00,-1.000000000000000000e+00,-1.000000000000000000e+00,-1.000000000000000000e+00,-1.000000000000000000e+00,-1.000000000000000000e+00,-1.000000000000000000e+00,-1.000000000000000000e+00,-1.000000000000000000e+00,-1.000000000000000000e+00,-1.000000000000000000e+00,-1.000000000000000000e+00,-1.000000000000000000e+00,-1.000000000000000000e+00,-1.000000000000000000e+00,-1.000000000000000000e+00,-1.000000000000000000e+00,-1.000000000000000000e+00,-1.000000000000000000e+00,-1.000000000000000000e+00,-1.000000000000000000e+00,-1.000000000000000000e+00,-1.000000000000000000e+00,-1.000000000000000000e+00,-1.000000000000000000e+00,-1.000000000000000000e+00,-1.000000000000000000e+00,-1.000000000000000000e+00,-1.000000000000000000e+00,-1.000000000000000000e+00,-1.000000000000000000e+00,-1.000000000000000000e+00
-1.000000000000000000e+00,-1.000000000000000000e+00,-1.000000000000000000e+00,-1.000000000000000000e+00,-1.000000000000000000e+00,-1.000000000000000000e+00,-1.000000000000000000e+00,-1.000000000000000000e+00,-1.000000000000000000e+00,-1.000000000000000000e+00,-1.000000000000000000e+00,-1.000000000000000000e+00,-1.000000000000000000e+00,-1.000000000000000000e+00,-1.000000000000000000e+00,-1.000000000000000000e+00,-1.000000000000000000e+00,-1.000000000000000000e+00,-1.000000000000000000e+00,-1.000000000000000000e+00,-1.000000000000000000e+00,-1.000000000000000000e+00,-1.000000000000000000e+00,-1.000000000000000000e+00,-1.000000000000000000e+00,-1.000000000000000000e+00,-1.000000000000000000e+00,-1.000000000000000000e+00,-1.000000000000000000e+00,-1.000000000000000000e+00,-1.000000000000000000e+00,-1.000000000000000000e+00,-1.000000000000000000e+00,-1.000000000000000000e+00,-1.000000000000000000e+00,-1.000000000000000000e+00,-1.000000000000000000e+00,-1.000000000000000000e+00,-1.000000000000000000e+00,-1.000000000000000000e+00,-1.000000000000000000e+00,-1.000000000000000000e+00,-1.000000000000000000e+00,-1.000000000000000000e+00,-1.000000000000000000e+00,-1.000000000000000000e+00,-1.004822258518419886e+00,-1.004826341504465148e+00,-1.004838577067917349e+00,-1.004858915810997511e+00,-1.004887242343702969e+00,-1.004923297695468953e+00,-1.004966506895050848e+00,-1.005015605729926653e+00,-1.005067860282728098e+00,-1.005117491029318577e+00,-1.005152593638514835e+00,-1.005149319231768423e+00,-1.005061235118885898e+00,-1.004800521916462408e+00,-1.004205894700584967e+00,-1.002989944485566332e+00,-1.000656525168812205e+00,-9.963786047360486675e-01,-9.888333168295877496e-01,-9.760152381972168056e-01,-9.551174728338098774e-01,-9.227372011328073276e-01,-8.760141548380622201e-01,-8.158632702799266667e-01,-7.534913831916523197e-01,-7.162261884530795042e-01,-7.162261884210396889e-01,-7.534913831354492775e-01,-8.158632702688646265e-01,-8.760141548962719904e-01,-9.227372012343035834e-01,-9.551174729547461384e-01,-9.760152383500744211e-01,-9.888333170377855419e-01,-9.963786050248979453e-01,-1.000656525546118170e+00,-1.002989944948660117e+00,-1.004205895257822112e+00,-1.004800522598584767e+00,-1.005061235938985220e+00,-1.005149320151089265e+00,-1.005152594586700143e+00,-1.005117491999763635e+00,-1.005067861352120451e+00,-1.005015606843284504e+00,-1.004966507880162174e+00,-1.004923298473309412e+00,-1.004887242968133254e+00,-1.004858916249232514e+00,-1.004838577415268386e+00,-1.004826342184452104e+00,-1.004822259186378020e+00,-1.000000000000000000e+00,-1.000000000000000000e+00,-1.000000000000000000e+00,-1.000000000000000000e+00,-1.000000000000000000e+00,-1.000000000000000000e+00,-1.000000000000000000e+00,-1.000000000000000000e+00,-1.000000000000000000e+00,-1.000000000000000000e+00,-1.000000000000000000e+00,-1.000000000000000000e+00,-1.000000000000000000e+00,-1.000000000000000000e+00,-1.000000000000000000e+00,-1.000000000000000000e+00,-1.000000000000000000e+00,-1.000000000000000000e+00,-1.000000000000000000e+00,-1.000000000000000000e+00,-1.000000000000000000e+00,-1.000000000000000000e+00,-1.000000000000000000e+00,-1.000000000000000000e+00,-1.000000000000000000e+00,-1.000000000000000000e+00,-1.000000000000000000e+00,-1.000000000000000000e+00,-1.000000000000000000e+00,-1.000000000000000000e+00,-1.000000000000000000e+00,-1.000000000000000000e+00,-1.000000000000000000e+00,-1.000000000000000000e+00,-1.000000000000000000e+00,-1.000000000000000000e+00,-1.000000000000000000e+00,-1.000000000000000000e+00,-1.000000000000000000e+00,-1.000000000000000000e+00,-1.000000000000000000e+00,-1.000000000000000000e+00,-1.000000000000000000e+00,-1.000000000000000000e+00,-1.000000000000000000e+00,-1.000000000000000000e+00
-1.000000000000000000e+00,-1.000000000000000000e+00,-1.000000000000000000e+00,-1.000000000000000000e+00,-1.000000000000000000e+00,-1.000000000000000000e+00,-1.000000000000000000e+00,-1.000000000000000000e+00,-1.000000000000000000e+00,-1.000000000000000000e+00,-1.000000000000000000e+00,-1.000000000000000000e+00,-1.000000000000000000e+00,-1.000000000000000000e+00,-1.000000000000000000e+00,-1.000000000000000000e+00,-1.000000000000000000e+00,-1.000000000000000000e+00,-1.000000000000000000e+00,-1.000000000000000000e+00,-1.000000000000000000e+00,-1.000000000000000000e+00,-1.000000000000000000e+00,-1.000000000000000000e+00,-1.000000000000000000e+00,-1.000000000000000000e+00,-1.000000000000000000e+00,-1.000000000000000000e+00,-1.000000000000000000e+00,-1.000000000000000000e+00,-1.000000000000000000e+00,-1.000000000000000000e+00,-1.000000000000000000e+00,-1.000000000000000000e+00,-1.000000000000000000e+00,-1.000000000000000000e+00,-1.000000000000000000e+00,-1.000000000000000000e+00,-1.000000000000000000e+00,-1.000000000000000000e+00,-1.000000000000000000e+00,-1.000000000000000000e+00,-1.000000000000000000e+00,-1.000000000000000000e+00,-1.000000000000000000e+00,-1.000000000000000000e+00,-1.004629563852234897e+00,-1.004633624322304852e+00,-1.004645792686307715e+00,-1.004666020426005391e+00,-1.004694193761384247e+00,-1.004730055807394162e+00,-1.004773034183895186e+00,-1.004821867633040267e+00,-1.004873825129023901e+00,-1.004923129389825309e+00,-1.004957876538040695e+00,-1.004954214113699784e+00,-1.004865697826040405e+00,-1.004604481665029692e+00,-1.004009227049960096e+00,-1.002792424786926651e+00,-1.000457751808872198e+00,-9.961778791556488155e-01,-9.886294689027989024e-01,-9.758063986318772365e-01,-9.549008335736276498e-01,-9.225088972817834243e-01,-8.757695858868024263e-01,-8.155984704361043391e-01,-7.532062298541017942e-01,-7.159288758265263120e-01,-7.159288758010998732e-01,-7.532062298148343160e-01,-8.155984704442854616e-01,-8.757695859590997056e-01,-9.225088973996136144e-01,-9.549008337294532245e-01,-9.758063988284790824e-01,-9.886294691514040389e-01,-9.961778794732542019e-01,-1.000457752210597961e+00,-1.002792425276744837e+00,-1.004009227627947975e+00,-1.004604482353597117e+00,-1.004865698651917105e+00,-1.004954215049230992e+00,-1.004957877505520125e+00,-1.004923130362081807e+00,-1.004873826191477582e+00,-1.004821868754742109e+00,-1.004773035166104389e+00,-1.004730056537235461e+00,-1.004694194332690804e+00,-1.004666020843550278e+00,-1.004645793019138145e+00,-1.004633625025734833e+00,-1.004629564560622468e+00,-1.000000000000000000e+00,-1.000000000000000000e+00,-1.000000000000000000e+00,-1.000000000000000000e+00,-1.000000000000000000e+00,-1.000000000000000000e+00,-1.000000000000000000e+00,-1.000000000000000000e+00,-1.000000000000000000e+00,-1.000000000000000000e+00,-1.000000000000000000e+00,-1.000000000000000000e+00,-1.000000000000000000e+00,-1.000000000000000000e+00,-1.000000000000000000e+00,-1.000000000000000000e+00,-1.000000000000000000e+00,-1.000000000000000000e+00,-1.000000000000000000e+00,-1.000000000000000000e+00,-1.000000000000000000e+00,-1.000000000000000000e+00,-1.000000000000000000e+00,-1.000000000000000000e+00,-1.000000000000000000e+00,-1.000000000000000000e+00,-1.000000000000000000e+00,-1.000000000000000000e+00,-1.000000000000000000e+00,-1.000000000000000000e+00,-1.000000000000000000e+00,-1.000000000000000000e+00,-1.000000000000000000e+00,-1.000000000000000000e+00,-1.000000000000000000e+00,-1.000000000000000000e+00,-1.000000000000000000e+00,-1.000000000000000000e+00,-1.000000000000000000e+00,-1.000000000000000000e+00,-1.000000000000000000e+00,-1.000000000000000000e+00,-1.000000000000000000e+00,-1.000000000000000000e+00,-1.000000000000000000e+00,-1.000000000000000000e+00
-1.000000000000000000e+00,-1.000000000000000000e+00,-1.000000000000000000e+00,-1.000000000000000000e+00,-1.000000000000000000e+00,-1.000000000000000000e+00,-1.000000000000000000e+00,-1.000000000000000000e+00,-1.000000000000000000e+00,-1.000000000000000000e+00,-1.000000000000000000e+00,-1.000000000000000000e+00,-1.000000000000000000e+00,-1.000000000000000000e+00,-1.000000000000000000e+00,-1.000000000000000000e+00,-1.000000000000000000e+00,-1.000000000000000000e+00,-1.000000000000000000e+00,-1.000000000000000000e+00,-1.000000000000000000e+00,-1.000000000000000000e+00,-1.000000000000000000e+00,-1.000000000000000000e+00,-1.000000000000000000e+00,-1.000000000000000000e+00,-1.000000000000000000e+00,-1.000000000000000000e+00,-1.000000000000000000e+00,-1.000000000000000000e+00,-1.000000000000000000e+00,-1.000000000000000000e+00,-1.000000000000000000e+00,-1.000000000000000000e+00,-1.000000000000000000e+00,-1.000000000000000000e+00,-1.000000000000000000e+00,-1.000000000000000000e+00,-1.000000000000000000e+00,-1.000000000000000000e+00,-1.000000000000000000e+00,-1.000000000000000000e+00,-1.000000000000000000e+00,-1.000000000000000000e+00,-1.000000000000000000e+00,-1.000000000000000000e+00,-1.004443203158739584e+00,-1.004447243305220727e+00,-1.004459351018066604e+00,-1.004479478622348987e+00,-1.004507513855702028e+00,-1.004543201808899111e+00,-1.004585972542802352e+00,-1.004634567562745939e+00,-1.004686258531877430e+00,-1.004735270203680031e+00,-1.004769698982031167e+00,-1.004765688759192477e+00,-1.004676783862956224e+00,-1.004415112412285316e+00,-1.003819283951868258e+00,-1.002601692643831033e+00,-1.000265844933565740e+00,-9.959841259057875540e-01,-9.884327434918066535e-01,-9.756049017518837463e-01,-9.546918611319408221e-01,-9.222887257049053877e-01,-8.755337801941704967e-01,-8.153432032126211038e-01,-7.529313730593529819e-01,-7.156423148371009457e-01,-7.156423148161057401e-01,-7.529313730355594592e-01,-8.153432032393439499e-01,-8.755337802798976998e-01,-9.222887258472897143e-01,-9.546918613297743494e-01,-9.756049019930570498e-01,-9.884327437806957883e-01,-9.959841262609200330e-01,-1.000265845378106144e+00,-1.002601693175136921e+00,-1.003819284557110780e+00,-1.004415113105413537e+00,-1.004676784689206404e+00,-1.004765689708389198e+00,-1.004769699972724917e+00,-1.004735271188484491e+00,-1.004686259586869523e+00,-1.004634568680996098e+00,-1.004585973512623243e+00,-1.004543202487193865e+00,-1.004507514370630572e+00,-1.004479479019168453e+00,-1.004459351343324647e+00,-1.004447244033411346e+00,-1.004443203909236804e+00,-1.000000000000000000e+00,-1.000000000000000000e+00,-1.000000000000000000e+00,-1.000000000000000000e+00,-1.000000000000000000e+00,-1.000000000000000000e+00,-1.000000000000000000e+00,-1.000000000000000000e+00,-1.000000000000000000e+00,-1.000000000000000000e+00,-1.000000000000000000e+00,-1.000000000000000000e+00,-1.000000000000000000e+00,-1.000000000000000000e+00,-1.000000000000000000e+00,-1.000000000000000000e+00,-1.000000000000000000e+00,-1.000000000000000000e+00,-1.000000000000000000e+00,-1.000000000000000000e+00,-1.000000000000000000e+00,-1.000000000000000000e+00,-1.000000000000000000e+00,-1.000000000000000000e+00,-1.000000000000000000e+00,-1.000000000000000000e+00,-1.000000000000000000e+00,-1.000000000000000000e+00,-1.000000000000000000e+00,-1.000000000000000000e+00,-1.000000000000000000e+00,-1.000000000000000000e+00,-1.000000000000000000e+00,-1.000000000000000000e+00,-1.000000000000000000e+00,-1.000000000000000000e+00,-1.000000000000000000e+00,-1.000000000000000000e+00,-1.000000000000000000e+00,-1.000000000000000000e+00,-1.000000000000000000e+00,-1.000000000000000000e+00,-1.000000000000000000e+00,-1.000000000000000000e+00,-1.000000000000000000e+00,-1.000000000000000000e+00
-1.000000000000000000e+00,-1.000000000000000000e+00,-1.000000000000000000e+00,-1.000000000000000000e+00,-1.000000000000000000e+00,-1.000000000000000000e+00,-1.000000000000000000e+00,-1.000000000000000000e+00,-1.000000000000000000e+00,-1.000000000000000000e+00,-1.000000000000000000e+00,-1.000000000000000000e+00,-1.000000000000000000e+00,-1.000000000000000000e+00,-1.000000000000000000e+00,-1.000000000000000000e+00,-1.000000000000000000e+00,-1.000000000000000000e+00,-1.000000000000000000e+00,-1.000000000000000000e+00,-1.000000000000000000e+00,-1.000000000000000000e+00,-1.000000000000000000e+00,-1.000000000000000000e+00,-1.000000000000000000e+00,-1.000000000000000000e+00,-1.000000000000000000e+00,-1.000000000000000000e+00,-1.000000000000000000e+00,-1.000000000000000000e+00,-1.000000000000000000e+00,-1.000000000000000000e+00,-1.000000000000000000e+00,-1.000000000000000000e+00,-1.000000000000000000e+00,-1.000000000000000000e+00,-1.000000000000000000e+00,-1.000000000000000000e+00,-1.000000000000000000e+00,-1.000000000000000000e+00,-1.000000000000000000e+00,-1.000000000000000000e+00,-1.000000000000000000e+00,-1.000000000000000000e+00,-1.000000000000000000e+00,-1.000000000000000000e+00,-1.004263292797151319e+00,-1.004267314729536453e+00,-1.004279368082668489e+00,-1.004299405978485327e+00,-1.004327317546412912e+00,-1.004362849710525696e+00,-1.004405434783851359e+00,-1.004453816788679177e+00,-1.004505269820345159e+00,-1.004554020418738647e+00,-1.004588165057272109e+00,-1.004583843907815410e+00,-1.004494590133069742e+00,-1.004232506746759457e+00,-1.003636153217381421e+00,-1.002417830639056318e+00,-1.000080881469413985e+00,-9.957974158559055322e-01,-9.882432050461946726e-01,-9.754108052278772645e-01,-9.544906060752650356e-01,-9.220767296716834149e-01,-8.753067738907993611e-01,-8.150974983607119917e-01,-7.526668376885596867e-01,-7.153665276756924207e-01,-7.153665276566349984e-01,-7.526668376731671106e-01,-8.150974984040850746e-01,-8.753067740014101039e-01,-9.220767298454065619e-01,-9.544906063027962517e-01,-9.754108055046208925e-01,-9.882432053843334119e-01,-9.957974162712071031e-01,-1.000080881968586466e+00,-1.002417831206295906e+00,-1.003636153843190160e+00,-1.004232507448359124e+00,-1.004494590969403633e+00,-1.004583844879673782e+00,-1.004588166075941702e+00,-1.004554021415504206e+00,-1.004505270856561383e+00,-1.004453817885075928e+00,-1.004405435734111007e+00,-1.004362850346733005e+00,-1.004327318015464598e+00,-1.004299406360669167e+00,-1.004279368409377371e+00,-1.004267315482025413e+00,-1.004263293589051198e+00,-1.000000000000000000e+00,-1.000000000000000000e+00,-1.000000000000000000e+00,-1.000000000000000000e+00,-1.000000000000000000e+00,-1.000000000000000000e+00,-1.000000000000000000e+00,-1.000000000000000000e+00,-1.000000000000000000e+00,-1.000000000000000000e+00,-1.000000000000000000e+00,-1.000000000000000000e+00,-1.000000000000000000e+00,-1.000000000000000000e+00,-1.000000000000000000e+00,-1.000000000000000000e+00,-1.000000000000000000e+00,-1.000000000000000000e+00,-1.000000000000000000e+00,-1.000000000000000000e+00,-1.000000000000000000e+00,-1.000000000000000000e+00,-1.000000000000000000e+00,-1.000000000000000000e+00,-1.000000000000000000e+00,-1.000000000000000000e+00,-1.000000000000000000e+00,-1.000000000000000000e+00,-1.000000000000000000e+00,-1.000000000000000000e+00,-1.000000000000000000e+00,-1.000000000000000000e+00,-1.000000000000000000e+00,-1.000000000000000000e+00,-1.000000000000000000e+00,-1.000000000000000000e+00,-1.000000000000000000e+00,-1.000000000000000000e+00,-1.000000000000000000e+00,-1.000000000000000000e+00,-1.000000000000000000e+00,-1.000000000000000000e+00,-1.000000000000000000e+00,-1.000000000000000000e+00,-1.000000000000000000e+00,-1.000000000000000000e+00
-1.000000000000000000e+00,-1.000000000000000000e+00,-1.000000000000000000e+00,-1.000000000000000000e+00,-1.000000000000000000e+00,-1.000000000000000000e+00,-1.000000000000000000e+00,-1.000000000000000000e+00,-1.000000000000000000e+00,-1.000000000000000000e+00,-1.000000000000000000e+00,-1.000000000000000000e+00,-1.000000000000000000e+00,-1.000000000000000000e+00,-1.000000000000000000e+00,-1.000000000000000000e+00,-1.000000000000000000e+00,-1.000000000000000000e+00,-1.000000000000000000e+00,-1.000000000000000000e+00,-1.000000000000000000e+00,-1.000000000000000000e+00,-1.000000000000000000e+00,-1.000000000000000000e+00,-1.000000000000000000e+00,-1.000000000000000000e+00,-1.000000000000000000e+00,-1.000000000000000000e+00,-1.000000000000000000e+00,-1.000000000000000000e+00,-1.000000000000000000e+00,-1.000000000000000000e+00,-1.000000000000000000e+00,-1.000000000000000000e+00,-1.000000000000000000e+00,-1.000000000000000000e+00,-1.000000000000000000e+00,-1.000000000000000000e+00,-1.000000000000000000e+00,-1.000000000000000000e+00,-1.000000000000000000e+00,-1.000000000000000000e+00,-1.000000000000000000e+00,-1.000000000000000000e+00,-1.000000000000000000e+00,-1.000000000000000000e+00,-1.004089931195554897e+00,-1.004093936891512051e+00,-1.004105941772289290e+00,-1.004125899703018465e+00,-1.004153701063467574e+00,-1.004189094456910292e+00,-1.004231514251424207e+00,-1.004279706728440358e+00,-1.004330948141516577e+00,-1.004379466552837386e+00,-1.004413358273248624e+00,-1.004408759689220387e+00,-1.004319193033872626e+00,-1.004056737012565481e+00,-1.003459902852202656e+00,-1.002240902168234360e+00,-9.999029199256856959e-01,-9.956178023294669499e-01,-9.880609014167602844e-01,-9.752241511647292693e-01,-9.542971045061626745e-01,-9.218729391269613327e-01,-8.750885908774977961e-01,-8.148613743972549228e-01,-7.524126381978676337e-01,-7.151015265549983679e-01,-7.151015265409550459e-01,-7.524126381958653464e-01,-8.148613744655772706e-01,-8.750885910227758080e-01,-9.218729393283323637e-01,-9.542971047538807428e-01,-9.752241514789246057e-01,-9.880609018175469105e-01,-9.956178028122244505e-01,-9.999029204632677859e-01,-1.002240902751382778e+00,-1.003459903496490169e+00,-1.004056737741975569e+00,-1.004319193898658202e+00,-1.004408760688101809e+00,-1.004413359310963205e+00,-1.004379467546888671e+00,-1.004330949146763796e+00,-1.004279707795193932e+00,-1.004231515190479929e+00,-1.004189095072675064e+00,-1.004153701502348728e+00,-1.004125900076946465e+00,-1.004105942108308058e+00,-1.004093937662200675e+00,-1.004089932020930664e+00,-1.000000000000000000e+00,-1.000000000000000000e+00,-1.000000000000000000e+00,-1.000000000000000000e+00,-1.000000000000000000e+00,-1.000000000000000000e+00,-1.000000000000000000e+00,-1.000000000000000000e+00,-1.000000000000000000e+00,-1.000000000000000000e+00,-1.000000000000000000e+00,-1.000000000000000000e+00,-1.000000000000000000e+00,-1.000000000000000000e+00,-1.000000000000000000e+00,-1.000000000000000000e+00,-1.000000000000000000e+00,-1.000000000000000000e+00,-1.000000000000000000e+00,-1.000000000000000000e+00,-1.000000000000000000e+00,-1.000000000000000000e+00,-1.000000000000000000e+00,-1.000000000000000000e+00,-1.000000000000000000e+00,-1.000000000000000000e+00,-1.000000000000000000e+00,-1.000000000000000000e+00,-1.000000000000000000e+00,-1.000000000000000000e+00,-1.000000000000000000e+00,-1.000000000000000000e+00,-1.000000000000000000e+00,-1.000000000000000000e+00,-1.000000000000000000e+00,-1.000000000000000000e+00,-1.000000000000000000e+00,-1.000000000000000000e+00,-1.000000000000000000e+00,-1.000000000000000000e+00,-1.000000000000000000e+00,-1.000000000000000000e+00,-1.000000000000000000e+00,-1.000000000000000000e+00,-1.000000000000000000e+00,-1.000000000000000000e+00
-1.000000000000000000e+00,-1.000000000000000000e+00,-1.000000000000000000e+00,-1.000000000000000000e+00,-1.000000000000000000e+00,-1.000000000000000000e+00,-1.000000000000000000e+00,-1.000000000000000000e+00,-1.000000000000000000e+00,-1.000000000000000000e+00,-1.000000000000000000e+00,-1.000000000000000000e+00,-1.000000000000000000e+00,-1.000000000000000000e+00,-1.000000000000000000e+00,-1.000000000000000000e+00,-1.000000000000000000e+00,-1.000000000000000000e+00,-1.000000000000000000e+00,-1.000000000000000000e+00,-1.000000000000000000e+00,-1.000000000000000000e+00,-1.000000000000000000e+00,-1.000000000000000000e+00,-1.000000000000000000e+00,-1.000000000000000000e+00,-1.000000000000000000e+00,-1.000000000000000000e+00,-1.000000000000000000e+00,-1.000000000000000000e+00,-1.000000000000000000e+00,-1.000000000000000000e+00,-1.000000000000000000e+00,-1.000000000000000000e+00,-1.000000000000000000e+00,-1.000000000000000000e+00,-1.000000000000000000e+00,-1.000000000000000000e+00,-1.000000000000000000e+00,-1.000000000000000000e+00,-1.000000000000000000e+00,-1.000000000000000000e+00,-1.000000000000000000e+00,-1.000000000000000000e+00,-1.000000000000000000e+00,-1.000000000000000000e+00,-1.003923202801384473e+00,-1.003927194081960073e+00,-1.003939155907579428e+00,-1.003959042830608883e+00,-1.003986746332362845e+00,-1.004022016535256023e+00,-1.004064289665033805e+00,-1.004112314015088048e+00,-1.004163367742092028e+00,-1.004211680178195731e+00,-1.004245347243101438e+00,-1.004240501476767022e+00,-1.004150654430629563e+00,-1.003887861326121955e+00,-1.003290587024218805e+00,-1.002070957293268227e+00,-9.997320061056899076e-01,-9.954453266676124290e-01,-9.878858692271424990e-01,-9.750449712258043578e-01,-9.541113829118935685e-01,-9.216773752736541203e-01,-8.748792471933708459e-01,-8.146348427690107696e-01,-7.521687826103121699e-01,-7.148473176176517452e-01,-7.148473176107728033e-01,-7.521687826345615502e-01,-8.146348428799343733e-01,-8.748792473741844322e-01,-9.216773754920581929e-01,-9.541113831839647119e-01,-9.750449715934653705e-01,-9.878858696969790021e-01,-9.954453271932776071e-01,-9.997320066469594924e-01,-1.002070957884543922e+00,-1.003290587703878911e+00,-1.003887862103318707e+00,-1.004150655323647667e+00,-1.004240502483423780e+00,-1.004245348281106232e+00,-1.004211681169391968e+00,-1.004163368734421802e+00,-1.004112315067961614e+00,-1.004064290605335641e+00,-1.004022017140085321e+00,-1.003986746734046420e+00,-1.003959043178254351e+00,-1.003939156248422115e+00,-1.003927194865646966e+00,-1.003923203659430552e+00,-1.000000000000000000e+00,-1.000000000000000000e+00,-1.000000000000000000e+00,-1.000000000000000000e+00,-1.000000000000000000e+00,-1.000000000000000000e+00,-1.000000000000000000e+00,-1.000000000000000000e+00,-1.000000000000000000e+00,-1.000000000000000000e+00,-1.000000000000000000e+00,-1.000000000000000000e+00,-1.000000000000000000e+00,-1.000000000000000000e+00,-1.000000000000000000e+00,-1.000000000000000000e+00,-1.000000000000000000e+00,-1.000000000000000000e+00,-1.000000000000000000e+00,-1.000000000000000000e+00,-1.000000000000000000e+00,-1.000000000000000000e+00,-1.000000000000000000e+00,-1.000000000000000000e+00,-1.000000000000000000e+00,-1.000000000000000000e+00,-1.000000000000000000e+00,-1.000000000000000000e+00,-1.000000000000000000e+00,-1.000000000000000000e+00,-1.000000000000000000e+00,-1.000000000000000000e+00,-1.000000000000000000e+00,-1.000000000000000000e+00,-1.000000000000000000e+00,-1.000000000000000000e+00,-1.000000000000000000e+00,-1.000000000000000000e+00,-1.000000000000000000e+00,-1.000000000000000000e+00,-1.000000000000000000e+00,-1.000000000000000000e+00,-1.000000000000000000e+00,-1.000000000000000000e+00,-1.000000000000000000e+00,-1.000000000000000000e+00
-1.000000000000000000e+00,-1.000000000000000000e+00,-1.000000000000000000e+00,-1.000000000000000000e+00,-1.000000000000000000e+00,-1.000000000000000000e+00,-1.000000000000000000e+00,-1.000000000000000000e+00,-1.000000000000000000e+00,-1.000000000000000000e+00,-1.000000000000000000e+00,-1.000000000000000000e+00,-1.000000000000000000e+00,-1.000000000000000000e+00,-1.000000000000000000e+00,-1.000000000000000000e+00,-1.000000000000000000e+00,-1.000000000000000000e+00,-1.000000000000000000e+00,-1.000000000000000000e+00,-1.000000000000000000e+00,-1.000000000000000000e+00,-1.000000000000000000e+00,-1.000000000000000000e+00,-1.000000000000000000e+00,-1.000000000000000000e+00,-1.000000000000000000e+00,-1.000000000000000000e+00,-1.000000000000000000e+00,-1.000000000000000000e+00,-1.000000000000000000e+00,-1.000000000000000000e+00,-1.000000000000000000e+00,-1.000000000000000000e+00,-1.000000000000000000e+00,-1.000000000000000000e+00,-1.000000000000000000e+00,-1.000000000000000000e+00,-1.000000000000000000e+00,-1.000000000000000000e+00,-1.000000000000000000e+00,-1.000000000000000000e+00,-1.000000000000000000e+00,-1.000000000000000000e+00,-1.000000000000000000e+00,-1.000000000000000000e+00,-1.003763180999572624e+00,-1.003767159517181318e+00,-1.003779083206379541e+00,-1.003798907258794948e+00,-1.003826524115858598e+00,-1.003861685259548775e+00,-1.003903828572063617e+00,-1.003951704113313914e+00,-1.004002591718313075e+00,-1.004050721769663257e+00,-1.004084189605121802e+00,-1.004079123878496071e+00,-1.003989025717347827e+00,-1.003725927691327291e+00,-1.003128250174253999e+00,-1.001908036764145749e+00,-9.995681769814127593e-01,-9.952800219626551925e-01,-9.877181374892183285e-01,-9.748732901042082011e-01,-9.539334614623539155e-01,-9.214900536674021092e-01,-8.746787539368543474e-01,-8.144179106513739219e-01,-7.519352751939544222e-01,-7.146039035386497762e-01,-7.146039035461638766e-01,-7.519352752532656448e-01,-8.144179107960642927e-01,-8.746787541371959795e-01,-9.214900539055170814e-01,-9.539334617761395796e-01,-9.748732905306525254e-01,-9.877181380062953764e-01,-9.952800224992023326e-01,-9.995681775285327753e-01,-1.001908037392115869e+00,-1.003128250901589302e+00,-1.003725928495935449e+00,-1.003989026606077806e+00,-1.004079124871603002e+00,-1.004084190648165231e+00,-1.004050722789258998e+00,-1.004002592736160215e+00,-1.003951705163520058e+00,-1.003903829497380551e+00,-1.003861685837591278e+00,-1.003826524465522674e+00,-1.003798907563089760e+00,-1.003779083546014084e+00,-1.003767160302155625e+00,-1.003763181882998845e+00,-1.000000000000000000e+00,-1.000000000000000000e+00,-1.000000000000000000e+00,-1.000000000000000000e+00,-1.000000000000000000e+00,-1.000000000000000000e+00,-1.000000000000000000e+00,-1.000000000000000000e+00,-1.000000000000000000e+00,-1.000000000000000000e+00,-1.000000000000000000e+00,-1.000000000000000000e+00,-1.000000000000000000e+00,-1.000000000000000000e+00,-1.000000000000000000e+00,-1.000000000000000000e+00,-1.000000000000000000e+00,-1.000000000000000000e+00,-1.000000000000000000e+00,-1.000000000000000000e+00,-1.000000000000000000e+00,-1.000000000000000000e+00,-1.000000000000000000e+00,-1.000000000000000000e+00,-1.000000000000000000e+00,-1.000000000000000000e+00,-1.000000000000000000e+00,-1.000000000000000000e+00,-1.000000000000000000e+00,-1.000000000000000000e+00,-1.000000000000000000e+00,-1.000000000000000000e+00,-1.000000000000000000e+00,-1.000000000000000000e+00,-1.000000000000000000e+00,-1.000000000000000000e+00,-1.000000000000000000e+00,-1.000000000000000000e+00,-1.000000000000000000e+00,-1.000000000000000000e+00,-1.000000000000000000e+00,-1.000000000000000000e+00,-1.000000000000000000e+00,-1.000000000000000000e+00,-1.000000000000000000e+00,-1.000000000000000000e+00
-1.000000000000000000e+00,-1.000000000000000000e+00,-1.000000000000000000e+00,-1.000000000000000000e+00,-1.000000000000000000e+00,-1.000000000000000000e+00,-1.000000000000000000e+00,-1.000000000000000000e+00,-1.000000000000000000e+00,-1.000000000000000000e+00,-1.000000000000000000e+00,-1.000000000000000000e+00,-1.000000000000000000e+00,-1.000000000000000000e+00,-1.000000000000000000e+00,-1.000000000000000000e+00,-1.000000000000000000e+00,-1.000000000000000000e+00,-1.000000000000000000e+00,-1.000000000000000000e+00,-1.000000000000000000e+00,-1.000000000000000000e+00,-1.000000000000000000e+00,-1.000000000000000000e+00,-1.000000000000000000e+00,-1.000000000000000000e+00,-1.000000000000000000e+00,-1.000000000000000000e+00,-1.000000000000000000e+00,-1.000000000000000000e+00,-1.000000000000000000e+00,-1.000000000000000000e+00,-1.000000000000000000e+00,-1.000000000000000000e+00,-1.000000000000000000e+00,-1.000000000000000000e+00,-1.000000000000000000e+00,-1.000000000000000000e+00,-1.000000000000000000e+00,-1.000000000000000000e+00,-1.000000000000000000e+00,-1.000000000000000000e+00,-1.000000000000000000e+00,-1.000000000000000000e+00,-1.000000000000000000e+00,-1.000000000000000000e+00,-1.003609930273144935e+00,-1.003613897514428199e+00,-1.003625787491162047e+00,-1.003645555990784421e+00,-1.003673096294507516e+00,-1.003708161104156060e+00,-1.003750189768281453e+00,-1.003797933860387070e+00,-1.003848674676558028e+00,-1.003896643454222026e+00,-1.003929934807758828e+00,-1.003924673511311205e+00,-1.003834350568426625e+00,-1.003570976753663357e+00,-1.002972929798730428e+00,-1.001752174790306205e+00,-9.994114633706415729e-01,-9.951219155855113296e-01,-9.875577300131536118e-01,-9.747091278363593236e-01,-9.537633562202061377e-01,-9.213109863020433332e-01,-8.744871191951133493e-01,-8.142105827677675878e-01,-7.517121182260970702e-01,-7.143712852338202079e-01,-7.143712852582265738e-01,-7.517121183122796868e-01,-8.142105829197384681e-01,-8.744871193951373467e-01,-9.213109865619082406e-01,-9.537633565838691263e-01,-9.747091283115548732e-01,-9.875577305468635769e-01,-9.951219161290639770e-01,-9.994114639623656871e-01,-1.001752175476579465e+00,-1.002972930550992237e+00,-1.003570977549970600e+00,-1.003834351444159889e+00,-1.003924674504639514e+00,-1.003929935878297819e+00,-1.003896644519330916e+00,-1.003848675720270922e+00,-1.003797934884966603e+00,-1.003750190652071383e+00,-1.003708161657535181e+00,-1.003673096605686377e+00,-1.003645556254818327e+00,-1.003625787825709548e+00,-1.003613898276356720e+00,-1.003609931153223833e+00,-1.000000000000000000e+00,-1.000000000000000000e+00,-1.000000000000000000e+00,-1.000000000000000000e+00,-1.000000000000000000e+00,-1.000000000000000000e+00,-1.000000000000000000e+00,-1.000000000000000000e+00,-1.000000000000000000e+00,-1.000000000000000000e+00,-1.000000000000000000e+00,-1.000000000000000000e+00,-1.000000000000000000e+00,-1.000000000000000000e+00,-1.000000000000000000e+00,-1.000000000000000000e+00,-1.000000000000000000e+00,-1.000000000000000000e+00,-1.000000000000000000e+00,-1.000000000000000000e+00,-1.000000000000000000e+00,-1.000000000000000000e+00,-1.000000000000000000e+00,-1.000000000000000000e+00,-1.000000000000000000e+00,-1.000000000000000000e+00,-1.000000000000000000e+00,-1.000000000000000000e+00,-1.000000000000000000e+00,-1.000000000000000000e+00,-1.000000000000000000e+00,-1.000000000000000000e+00,-1.000000000000000000e+00,-1.000000000000000000e+00,-1.000000000000000000e+00,-1.000000000000000000e+00,-1.000000000000000000e+00,-1.000000000000000000e+00,-1.000000000000000000e+00,-1.000000000000000000e+00,-1.000000000000000000e+00,-1.000000000000000000e+00,-1.000000000000000000e+00,-1.000000000000000000e+00,-1.000000000000000000e+00,-1.000000000000000000e+00
-1.000000000000000000e+00,-1.000000000000000000e+00,-1.000000000000000000e+00,-1.000000000000000000e+00,-1.000000000000000000e+00,-1.000000000000000000e+00,-1.000000000000000000e+00,-1.000000000000000000e+00,-1.000000000000000000e+00,-1.000000000000000000e+00,-1.000000000000000000e+00,-1.000000000000000000e+00,-1.000000000000000000e+00,-1.000000000000000000e+00,-1.000000000000000000e+00,-1.000000000000000000e+00,-1.000000000000000000e+00,-1.000000000000000000e+00,-1.000000000000000000e+00,-1.000000000000000000e+00,-1.000000000000000000e+00,-1.000000000000000000e+00,-1.000000000000000000e+00,-1.000000000000000000e+00,-1.000000000000000000e+00,-1.000000000000000000e+00,-1.000000000000000000e+00,-1.000000000000000000e+00,-1.000000000000000000e+00,-1.000000000000000000e+00,-1.000000000000000000e+00,-1.000000000000000000e+00,-1.000000000000000000e+00,-1.000000000000000000e+00,-1.000000000000000000e+00,-1.000000000000000000e+00,-1.000000000000000000e+00,-1.000000000000000000e+00,-1.000000000000000000e+00,-1.000000000000000000e+00,-1.000000000000000000e+00,-1.000000000000000000e+00,-1.000000000000000000e+00,-1.000000000000000000e+00,-1.000000000000000000e+00,-1.000000000000000000e+00,-1.003463507806505728e+00,-1.003467465106695711e+00,-1.003479325337170991e+00,-1.003499044828514597e+00,-1.003526517592947753e+00,-1.003561497437685857e+00,-1.003603425026635021e+00,-1.003651053217887279e+00,-1.003701664549073058e+00,-1.003749490916756359e+00,-1.003782626094124719e+00,-1.003777191006764546e+00,-1.003686666890823309e+00,-1.003423043661641589e+00,-1.002824658271657343e+00,-1.001603400879364170e+00,-9.992618917737094986e-01,-9.949710309300860978e-01,-9.874046670260804293e-01,-9.745525013332146935e-01,-9.536010805909806987e-01,-9.211401829890474291e-01,-8.743043493294406776e-01,-8.140128625481354296e-01,-7.514993130819034306e-01,-7.141494629523075233e-01,-7.141494629817677353e-01,-7.514993131722035313e-01,-8.140128626973983650e-01,-8.743043495358913120e-01,-9.211401832769054998e-01,-9.536010809902297769e-01,-9.745525018204616030e-01,-9.874046675541261475e-01,-9.949710315102393565e-01,-9.992618924398910529e-01,-1.001603401597616738e+00,-1.002824659008044961e+00,-1.003423044460763025e+00,-1.003686667807027311e+00,-1.003777192033180388e+00,-1.003782627186322607e+00,-1.003749491999343491e+00,-1.003701665581985258e+00,-1.003651054183625213e+00,-1.003603425860403631e+00,-1.003561497997667473e+00,-1.003526517899206327e+00,-1.003499045061771122e+00,-1.003479325663227284e+00,-1.003467465827745153e+00,-1.003463508660965564e+00,-1.000000000000000000e+00,-1.000000000000000000e+00,-1.000000000000000000e+00,-1.000000000000000000e+00,-1.000000000000000000e+00,-1.000000000000000000e+00,-1.000000000000000000e+00,-1.000000000000000000e+00,-1.000000000000000000e+00,-1.000000000000000000e+00,-1.000000000000000000e+00,-1.000000000000000000e+00,-1.000000000000000000e+00,-1.000000000000000000e+00,-1.000000000000000000e+00,-1.000000000000000000e+00,-1.000000000000000000e+00,-1.000000000000000000e+00,-1.000000000000000000e+00,-1.000000000000000000e+00,-1.000000000000000000e+00,-1.000000000000000000e+00,-1.000000000000000000e+00,-1.000000000000000000e+00,-1.000000000000000000e+00,-1.000000000000000000e+00,-1.000000000000000000e+00,-1.000000000000000000e+00,-1.000000000000000000e+00,-1.000000000000000000e+00,-1.000000000000000000e+00,-1.000000000000000000e+00,-1.000000000000000000e+00,-1.000000000000000000e+00,-1.000000000000000000e+00,-1.000000000000000000e+00,-1.000000000000000000e+00,-1.000000000000000000e+00,-1.000000000000000000e+00,-1.000000000000000000e+00,-1.000000000000000000e+00,-1.000000000000000000e+00,-1.000000000000000000e+00,-1.000000000000000000e+00,-1.000000000000000000e+00,-1.000000000000000000e+00
-1.000000000000000000e+00,-1.000000000000000000e+00,-1.000000000000000000e+00,-1.000000000000000000e+00,-1.000000000000000000e+00,-1.000000000000000000e+00,-1.000000000000000000e+00,-1.000000000000000000e+00,-1.000000000000000000e+00,-1.000000000000000000e+00,-1.000000000000000000e+00,-1.000000000000000000e+00,-1.000000000000000000e+00,-1.000000000000000000e+00,-1.000000000000000000e+00,-1.000000000000000000e+00,-1.000000000000000000e+00,-1.000000000000000000e+00,-1.000000000000000000e+00,-1.000000000000000000e+00,-1.000000000000000000e+00,-1.000000000000000000e+00,-1.000000000000000000e+00,-1.000000000000000000e+00,-1.000000000000000000e+00,-1.000000000000000000e+00,-1.000000000000000000e+00,-1.000000000000000000e+00,-1.000000000000000000e+00,-1.000000000000000000e+00,-1.000000000000000000e+00,-1.000000000000000000e+00,-1.000000000000000000e+00,-1.000000000000000000e+00,-1.000000000000000000e+00,-1.000000000000000000e+00,-1.000000000000000000e+00,-1.000000000000000000e+00,-1.000000000000000000e+00,-1.000000000000000000e+00,-1.000000000000000000e+00,-1.000000000000000000e+00,-1.000000000000000000e+00,-1.000000000000000000e+00,-1.000000000000000000e+00,-1.000000000000000000e+00,-1.003323964683896286e+00,-1.003327913237202385e+00,-1.003339747272152360e+00,-1.003359423608602530e+00,-1.003386836876278831e+00,-1.003421741869179540e+00,-1.003463580443657799e+00,-1.003511106574883849e+00,-1.003561603852807682e+00,-1.003609304651644329e+00,-1.003642301804150483e+00,-1.003636712399332165e+00,-1.003546008256525290e+00,-1.003282159430704423e+00,-1.002683464081817855e+00,-1.001461741010563955e+00,-9.991194855627214544e-01,-9.948273886000603694e-01,-9.872589662686195311e-01,-9.744034253904214626e-01,-9.534466462720847524e-01,-9.209776522396503351e-01,-8.741304498096481579e-01,-8.138247528984007273e-01,-7.512968608997503406e-01,-7.139384368898040734e-01,-7.139384369269332620e-01,-7.512968610013096571e-01,-8.138247530554649778e-01,-8.741304500347674145e-01,-9.209776525587906049e-01,-9.534466466846228672e-01,-9.744034258622196187e-01,-9.872589668018149078e-01,-9.948273892378334260e-01,-9.991194862693058010e-01,-1.001461741707131647e+00,-1.002683464813100001e+00,-1.003282160305841053e+00,-1.003546009259622673e+00,-1.003636713439409744e+00,-1.003642302869613090e+00,-1.003609305722496847e+00,-1.003561604875087498e+00,-1.003511107503286981e+00,-1.003463581250886749e+00,-1.003421742451883647e+00,-1.003386837174166768e+00,-1.003359423793594551e+00,-1.003339747577347119e+00,-1.003327913904490609e+00,-1.003323965499511639e+00,-1.000000000000000000e+00,-1.000000000000000000e+00,-1.000000000000000000e+00,-1.000000000000000000e+00,-1.000000000000000000e+00,-1.000000000000000000e+00,-1.000000000000000000e+00,-1.000000000000000000e+00,-1.000000000000000000e+00,-1.000000000000000000e+00,-1.000000000000000000e+00,-1.000000000000000000e+00,-1.000000000000000000e+00,-1.000000000000000000e+00,-1.000000000000000000e+00,-1.000000000000000000e+00,-1.000000000000000000e+00,-1.000000000000000000e+00,-1.000000000000000000e+00,-1.000000000000000000e+00,-1.000000000000000000e+00,-1.000000000000000000e+00,-1.000000000000000000e+00,-1.000000000000000000e+00,-1.000000000000000000e+00,-1.000000000000000000e+00,-1.000000000000000000e+00,-1.000000000000000000e+00,-1.000000000000000000e+00,-1.000000000000000000e+00,-1.000000000000000000e+00,-1.000000000000000000e+00,-1.000000000000000000e+00,-1.000000000000000000e+00,-1.000000000000000000e+00,-1.000000000000000000e+00,-1.000000000000000000e+00,-1.000000000000000000e+00,-1.000000000000000000e+00,-1.000000000000000000e+00,-1.000000000000000000e+00,-1.000000000000000000e+00,-1.000000000000000000e+00,-1.000000000000000000e+00,-1.000000000000000000e+00,-1.000000000000000000e+00
-1.000000000000000000e+00,-1.000000000000000000e+00,-1.000000000000000000e+00,-1.000000000000000000e+00,-1.000000000000000000e+00,-1.000000000000000000e+00,-1.000000000000000000e+00,-1.000000000000000000e+00,-1.000000000000000000e+00,-1.000000000000000000e+00,-1.000000000000000000e+00,-1.000000000000000000e+00,-1.000000000000000000e+00,-1.000000000000000000e+00,-1.000000000000000000e+00,-1.000000000000000000e+00,-1.000000000000000000e+00,-1.000000000000000000e+00,-1.000000000000000000e+00,-1.000000000000000000e+00,-1.000000000000000000e+00,-1.000000000000000000e+00,-1.000000000000000000e+00,-1.000000000000000000e+00,-1.000000000000000000e+00,-1.000000000000000000e+00,-1.000000000000000000e+00,-1.000000000000000000e+00,-1.000000000000000000e+00,-1.000000000000000000e+00,-1.000000000000000000e+00,-1.000000000000000000e+00,-1.000000000000000000e+00,-1.000000000000000000e+00,-1.000000000000000000e+00,-1.000000000000000000e+00,-1.000000000000000000e+00,-1.000000000000000000e+00,-1.000000000000000000e+00,-1.000000000000000000e+00,-1.000000000000000000e+00,-1.000000000000000000e+00,-1.000000000000000000e+00,-1.000000000000000000e+00,-1.000000000000000000e+00,-1.000000000000000000e+00,-1.003191346818621099e+00,-1.003195287680382020e+00,-1.003207098671530240e+00,-1.003226737072381303e+00,-1.003254098033952602e+00,-1.003288937197603481e+00,-1.003330697467855526e+00,-1.003378133807818928e+00,-1.003428530711730549e+00,-1.003476120893043166e+00,-1.003508996212983728e+00,-1.003503269959856725e+00,-1.003412404830128279e+00,-1.003148351947254158e+00,-1.002549372769761193e+00,-1.001327218440405176e+00,-9.989842657226897238e-01,-9.946910071712513624e-01,-9.871206437338300166e-01,-9.742619133354553096e-01,-9.533000638481514688e-01,-9.208234018225599504e-01,-8.739654257110678337e-01,-8.136462566637021609e-01,-7.511047630244772622e-01,-7.137382075757640054e-01,-7.137382076156509880e-01,-7.511047631349326847e-01,-8.136462568428322051e-01,-8.739654259710496476e-01,-9.208234021612791143e-01,-9.533000642449607209e-01,-9.742619137974076748e-01,-9.871206443109774575e-01,-9.946910078618544926e-01,-9.989842664165748953e-01,-1.001327219106992850e+00,-1.002549373556192114e+00,-1.003148352926844344e+00,-1.003412405858689738e+00,-1.003503270951019655e+00,-1.003508997256632673e+00,-1.003476122011542015e+00,-1.003428531784009481e+00,-1.003378134736409688e+00,-1.003330698242339780e+00,-1.003288937761292798e+00,-1.003254098279583895e+00,-1.003226737182037587e+00,-1.003207098946051534e+00,-1.003195288290479770e+00,-1.003191347600151495e+00,-1.000000000000000000e+00,-1.000000000000000000e+00,-1.000000000000000000e+00,-1.000000000000000000e+00,-1.000000000000000000e+00,-1.000000000000000000e+00,-1.000000000000000000e+00,-1.000000000000000000e+00,-1.000000000000000000e+00,-1.000000000000000000e+00,-1.000000000000000000e+00,-1.000000000000000000e+00,-1.000000000000000000e+00,-1.000000000000000000e+00,-1.000000000000000000e+00,-1.000000000000000000e+00,-1.000000000000000000e+00,-1.000000000000000000e+00,-1.000000000000000000e+00,-1.000000000000000000e+00,-1.000000000000000000e+00,-1.000000000000000000e+00,-1.000000000000000000e+00,-1.000000000000000000e+00,-1.000000000000000000e+00,-1.000000000000000000e+00,-1.000000000000000000e+00,-1.000000000000000000e+00,-1.000000000000000000e+00,-1.000000000000000000e+00,-1.000000000000000000e+00,-1.000000000000000000e+00,-1.000000000000000000e+00,-1.000000000000000000e+00,-1.000000000000000000e+00,-1.000000000000000000e+00,-1.000000000000000000e+00,-1.000000000000000000e+00,-1.000000000000000000e+00,-1.000000000000000000e+00,-1.000000000000000000e+00,-1.000000000000000000e+00,-1.000000000000000000e+00,-1.000000000000000000e+00,-1.000000000000000000e+00,-1.000000000000000000e+00
-1.000000000000000000e+00,-1.000000000000000000e+00,-1.000000000000000000e+00,-1.000000000000000000e+00,-1.000000000000000000e+00,-1.000000000000000000e+00,-1.000000000000000000e+00,-1.000000000000000000e+00,-1.000000000000000000e+00,-1.000000000000000000e+00,-1.000000000000000000e+00,-1.000000000000000000e+00,-1.000000000000000000e+00,-1.000000000000000000e+00,-1.000000000000000000e+00,-1.000000000000000000e+00,-1.000000000000000000e+00,-1.000000000000000000e+00,-1.000000000000000000e+00,-1.000000000000000000e+00,-1.000000000000000000e+00,-1.000000000000000000e+00,-1.000000000000000000e+00,-1.000000000000000000e+00,-1.000000000000000000e+00,-1.000000000000000000e+00,-1.000000000000000000e+00,-1.000000000000000000e+00,-1.000000000000000000e+00,-1.000000000000000000e+00,-1.000000000000000000e+00,-1.000000000000000000e+00,-1.000000000000000000e+00,-1.000000000000000000e+00,-1.000000000000000000e+00,-1.000000000000000000e+00,-1.000000000000000000e+00,-1.000000000000000000e+00,-1.000000000000000000e+00,-1.000000000000000000e+00,-1.000000000000000000e+00,-1.000000000000000000e+00,-1.000000000000000000e+00,-1.000000000000000000e+00,-1.000000000000000000e+00,-1.000000000000000000e+00,-1.003065695680729785e+00,-1.003069629783863714e+00,-1.003081420508280752e+00,-1.003101025575041216e+00,-1.003128340616427749e+00,-1.003163122005085617e+00,-1.003204813525275352e+00,-1.003252170995590831e+00,-1.003302479665564073e+00,-1.003349972450116701e+00,-1.003382740265283957e+00,-1.003376892765581729e+00,-1.003285883869176276e+00,-1.003021646563535096e+00,-1.002422407602948651e+00,-1.001199854316358939e+00,-9.988562513481489269e-01,-9.945619036519688372e-01,-9.869897141587122835e-01,-9.741279774670583702e-01,-9.531613431297654149e-01,-9.206774390711895961e-01,-8.738092820085913148e-01,-8.134773768627125978e-01,-7.509230211992571347e-01,-7.135487760872982754e-01,-7.135487761275047802e-01,-7.509230213140394294e-01,-8.134773770530303594e-01,-8.738092822753905642e-01,-9.206774393985274196e-01,-9.531613435229386866e-01,-9.741279779739167033e-01,-9.869897147981391283e-01,-9.945619043429909656e-01,-9.988562519986468047e-01,-1.001199855007235850e+00,-1.002422408495315276e+00,-1.003021647596546106e+00,-1.003285884851549792e+00,-1.003376893731980468e+00,-1.003382741360361541e+00,-1.003349973650842886e+00,-1.003302480765698723e+00,-1.003252171885990807e+00,-1.003204814229591069e+00,-1.003163122536466778e+00,-1.003128340848109534e+00,-1.003101025663787560e+00,-1.003081420768924925e+00,-1.003069630312727334e+00,-1.003065696394021655e+00,-1.000000000000000000e+00,-1.000000000000000000e+00,-1.000000000000000000e+00,-1.000000000000000000e+00,-1.000000000000000000e+00,-1.000000000000000000e+00,-1.000000000000000000e+00,-1.000000000000000000e+00,-1.000000000000000000e+00,-1.000000000000000000e+00,-1.000000000000000000e+00,-1.000000000000000000e+00,-1.000000000000000000e+00,-1.000000000000000000e+00,-1.000000000000000000e+00,-1.000000000000000000e+00,-1.000000000000000000e+00,-1.000000000000000000e+00,-1.000000000000000000e+00,-1.000000000000000000e+00,-1.000000000000000000e+00,-1.000000000000000000e+00,-1.000000000000000000e+00,-1.000000000000000000e+00,-1.000000000000000000e+00,-1.000000000000000000e+00,-1.000000000000000000e+00,-1.000000000000000000e+00,-1.000000000000000000e+00,-1.000000000000000000e+00,-1.000000000000000000e+00,-1.000000000000000000e+00,-1.000000000000000000e+00,-1.000000000000000000e+00,-1.000000000000000000e+00,-1.000000000000000000e+00,-1.000000000000000000e+00,-1.000000000000000000e+00,-1.000000000000000000e+00,-1.000000000000000000e+00,-1.000000000000000000e+00,-1.000000000000000000e+00,-1.000000000000000000e+00,-1.000000000000000000e+00,-1.000000000000000000e+00,-1.000000000000000000e+00
-1.000000000000000000e+00,-1.000000000000000000e+00,-1.000000000000000000e+00,-1.000000000000000000e+00,-1.000000000000000000e+00,-1.000000000000000000e+00,-1.000000000000000000e+00,-1.000000000000000000e+00,-1.000000000000000000e+00,-1.000000000000000000e+00,-1.000000000000000000e+00,-1.000000000000000000e+00,-1.000000000000000000e+00,-1.000000000000000000e+00,-1.000000000000000000e+00,-1.000000000000000000e+00,-1.000000000000000000e+00,-1.000000000000000000e+00,-1.000000000000000000e+00,-1.000000000000000000e+00,-1.000000000000000000e+00,-1.000000000000000000e+00,-1.000000000000000000e+00,-1.000000000000000000e+00,-1.000000000000000000e+00,-1.000000000000000000e+00,-1.000000000000000000e+00,-1.000000000000000000e+00,-1.000000000000000000e+00,-1.000000000000000000e+00,-1.000000000000000000e+00,-1.000000000000000000e+00,-1.000000000000000000e+00,-1.000000000000000000e+00,-1.000000000000000000e+00,-1.000000000000000000e+00,-1.000000000000000000e+00,-1.000000000000000000e+00,-1.000000000000000000e+00,-1.000000000000000000e+00,-1.000000000000000000e+00,-1.000000000000000000e+00,-1.000000000000000000e+00,-1.000000000000000000e+00,-1.000000000000000000e+00,-1.000000000000000000e+00,-1.002947048825117982e+00,-1.002950977013404854e+00,-1.002962749952009069e+00,-1.002982325736893721e+00,-1.003009600469049856e+00,-1.003044331194789418e+00,-1.003085962441576662e+00,-1.003133250775767538e+00,-1.003183482067248056e+00,-1.003230889253924563e+00,-1.003263562244417706e+00,-1.003257607306462518e+00,-1.003166470124350340e+00,-1.002902066397734826e+00,-1.002302589955197387e+00,-1.001079668107171416e+00,-9.987354600033895302e-01,-9.944400937473523161e-01,-9.868661912963317961e-01,-9.740016293778415157e-01,-9.530304934151969665e-01,-9.205397710269234146e-01,-8.736620236839267584e-01,-8.133181168092057378e-01,-7.507516376529946855e-01,-7.133701440728285048e-01,-7.133701441182208614e-01,-7.507516377776881633e-01,-8.133181169998475735e-01,-8.736620239365171514e-01,-9.205397713433565166e-01,-9.530304938320288688e-01,-9.740016299350520157e-01,-9.868661919452504927e-01,-9.944400943866676945e-01,-9.987354606488443309e-01,-1.001079668905117792e+00,-1.002302590943495719e+00,-1.002902067407088760e+00,-1.003166471083506428e+00,-1.003257608346412866e+00,-1.003263563403523850e+00,-1.003230890440651502e+00,-1.003183483107086937e+00,-1.003133251616891375e+00,-1.003085963115100121e+00,-1.003044331753364160e+00,-1.003009600758467901e+00,-1.002982325843797318e+00,-1.002962750183576501e+00,-1.002950977431819490e+00,-1.002947049437695082e+00,-1.000000000000000000e+00,-1.000000000000000000e+00,-1.000000000000000000e+00,-1.000000000000000000e+00,-1.000000000000000000e+00,-1.000000000000000000e+00,-1.000000000000000000e+00,-1.000000000000000000e+00,-1.000000000000000000e+00,-1.000000000000000000e+00,-1.000000000000000000e+00,-1.000000000000000000e+00,-1.000000000000000000e+00,-1.000000000000000000e+00,-1.000000000000000000e+00,-1.000000000000000000e+00,-1.000000000000000000e+00,-1.000000000000000000e+00,-1.000000000000000000e+00,-1.000000000000000000e+00,-1.000000000000000000e+00,-1.000000000000000000e+00,-1.000000000000000000e+00,-1.000000000000000000e+00,-1.000000000000000000e+00,-1.000000000000000000e+00,-1.000000000000000000e+00,-1.000000000000000000e+00,-1.000000000000000000e+00,-1.000000000000000000e+00,-1.000000000000000000e+00,-1.000000000000000000e+00,-1.000000000000000000e+00,-1.000000000000000000e+00,-1.000000000000000000e+00,-1.000000000000000000e+00,-1.000000000000000000e+00,-1.000000000000000000e+00,-1.000000000000000000e+00,-1.000000000000000000e+00,-1.000000000000000000e+00,-1.000000000000000000e+00,-1.000000000000000000e+00,-1.000000000000000000e+00,-1.000000000000000000e+00,-1.000000000000000000e+00
-1.000000000000000000e+00,-1.000000000000000000e+00,-1.000000000000000000e+00,-1.000000000000000000e+00,-1.000000000000000000e+00,-1.000000000000000000e+00,-1.000000000000000000e+00,-1.000000000000000000e+00,-1.000000000000000000e+00,-1.000000000000000000e+00,-1.000000000000000000e+00,-1.000000000000000000e+00,-1.000000000000000000e+00,-1.000000000000000000e+00,-1.000000000000000000e+00,-1.000000000000000000e+00,-1.000000000000000000e+00,-1.000000000000000000e+00,-1.000000000000000000e+00,-1.000000000000000000e+00,-1.000000000000000000e+00,-1.000000000000000000e+00,-1.000000000000000000e+00,-1.000000000000000000e+00,-1.000000000000000000e+00,-1.000000000000000000e+00,-1.000000000000000000e+00,-1.000000000000000000e+00,-1.000000000000000000e+00,-1.000000000000000000e+00,-1.000000000000000000e+00,-1.000000000000000000e+00,-1.000000000000000000e+00,-1.000000000000000000e+00,-1.000000000000000000e+00,-1.000000000000000000e+00,-1.000000000000000000e+00,-1.000000000000000000e+00,-1.000000000000000000e+00,-1.000000000000000000e+00,-1.000000000000000000e+00,-1.000000000000000000e+00,-1.000000000000000000e+00,-1.000000000000000000e+00,-1.000000000000000000e+00,-1.000000000000000000e+00,-1.002835440286182767e+00,-1.002839363318584143e+00,-1.002851120718146971e+00,-1.002870670860025237e+00,-1.002897910259406444e+00,-1.002932596586530778e+00,-1.002974175002920409e+00,-1.003021402751714808e+00,-1.003071566286364513e+00,-1.003118898484853583e+00,-1.003151488053434015e+00,-1.003145437966482589e+00,-1.003054186305187834e+00,-1.002789632605920467e+00,-1.002189939512309502e+00,-1.000966677872903388e+00,-9.986219079961883294e-01,-9.943255920374095558e-01,-9.867500880057824553e-01,-9.738828800737084901e-01,-9.529075236857137421e-01,-9.204104046052399291e-01,-8.735236557721740569e-01,-8.131684800816897374e-01,-7.505906150784703579e-01,-7.132023137598066942e-01,-7.132023138130043627e-01,-7.505906152209498305e-01,-8.131684802838465842e-01,-8.735236560300121411e-01,-9.204104049438821544e-01,-9.529075241416732345e-01,-9.738828806402224370e-01,-9.867500886009056282e-01,-9.943255926258299793e-01,-9.986219086972591974e-01,-1.000966678775976781e+00,-1.002189940499995879e+00,-1.002789633563668126e+00,-1.003054187336114067e+00,-1.003145439114617732e+00,-1.003151489192152912e+00,-1.003118899590534019e+00,-1.003071567319550716e+00,-1.003021403635685704e+00,-1.002974175684715252e+00,-1.002932597149372107e+00,-1.002897910560329064e+00,-1.002870670926724772e+00,-1.002851120876243618e+00,-1.002839363645510851e+00,-1.002835440854072280e+00,-1.000000000000000000e+00,-1.000000000000000000e+00,-1.000000000000000000e+00,-1.000000000000000000e+00,-1.000000000000000000e+00,-1.000000000000000000e+00,-1.000000000000000000e+00,-1.000000000000000000e+00,-1.000000000000000000e+00,-1.000000000000000000e+00,-1.000000000000000000e+00,-1.000000000000000000e+00,-1.000000000000000000e+00,-1.000000000000000000e+00,-1.000000000000000000e+00,-1.000000000000000000e+00,-1.000000000000000000e+00,-1.000000000000000000e+00,-1.000000000000000000e+00,-1.000000000000000000e+00,-1.000000000000000000e+00,-1.000000000000000000e+00,-1.000000000000000000e+00,-1.000000000000000000e+00,-1.000000000000000000e+00,-1.000000000000000000e+00,-1.000000000000000000e+00,-1.000000000000000000e+00,-1.000000000000000000e+00,-1.000000000000000000e+00,-1.000000000000000000e+00,-1.000000000000000000e+00,-1.000000000000000000e+00,-1.000000000000000000e+00,-1.000000000000000000e+00,-1.000000000000000000e+00,-1.000000000000000000e+00,-1.000000000000000000e+00,-1.000000000000000000e+00,-1.000000000000000000e+00,-1.000000000000000000e+00,-1.000000000000000000e+00,-1.000000000000000000e+00,-1.000000000000000000e+00,-1.000000000000000000e+00,-1.000000000000000000e+00
-1.000000000000000000e+00,-1.000000000000000000e+00,-1.000000000000000000e+00,-1.000000000000000000e+00,-1.000000000000000000e+00,-1.000000000000000000e+00,-1.000000000000000000e+00,-1.000000000000000000e+00,-1.000000000000000000e+00,-1.000000000000000000e+00,-1.000000000000000000e+00,-1.000000000000000000e+00,-1.000000000000000000e+00,-1.000000000000000000e+00,-1.000000000000000000e+00,-1.000000000000000000e+00,-1.000000000000000000e+00,-1.000000000000000000e+00,-1.000000000000000000e+00,-1.000000000000000000e+00,-1.000000000000000000e+00,-1.000000000000000000e+00,-1.000000000000000000e+00,-1.000000000000000000e+00,-1.000000000000000000e+00,-1.000000000000000000e+00,-1.000000000000000000e+00,-1.000000000000000000e+00,-1.000000000000000000e+00,-1.000000000000000000e+00,-1.000000000000000000e+00,-1.000000000000000000e+00,-1.000000000000000000e+00,-1.000000000000000000e+00,-1.000000000000000000e+00,-1.000000000000000000e+00,-1.000000000000000000e+00,-1.000000000000000000e+00,-1.000000000000000000e+00,-1.000000000000000000e+00,-1.000000000000000000e+00,-1.000000000000000000e+00,-1.000000000000000000e+00,-1.000000000000000000e+00,-1.000000000000000000e+00,-1.000000000000000000e+00,-1.002730900963630711e+00,-1.002734819484396356e+00,-1.002746563319831585e+00,-1.002766091086200628e+00,-1.002793299633684798e+00,-1.002827947187051150e+00,-1.002869479416246934e+00,-1.002916654090501680e+00,-1.002966758216986554e+00,-1.003014024775680024e+00,-1.003046541211787934e+00,-1.003040407115279420e+00,-1.002949053376090083e+00,-1.002684364654889526e+00,-1.002084474408157400e+00,-1.000860900415365684e+00,-9.985156105971689788e-01,-9.942184121654390472e-01,-9.866414163282777317e-01,-9.737717399569012500e-01,-9.527924425878164794e-01,-9.202893466431556480e-01,-8.733941834434734153e-01,-8.130284705608229467e-01,-7.504399565818522522e-01,-7.130452878465549649e-01,-7.130452879090400931e-01,-7.504399567446913277e-01,-8.130284707817108103e-01,-8.733941837221054216e-01,-9.202893470143543864e-01,-9.527924430618186502e-01,-9.737717404876922167e-01,-9.866414168681445496e-01,-9.942184127772540903e-01,-9.985156113967484925e-01,-1.000860901340605125e+00,-1.002084475302049471e+00,-1.002684365590933435e+00,-1.002949054499748582e+00,-1.003040408265907679e+00,-1.003046542262046925e+00,-1.003014025898929296e+00,-1.002966759401464181e+00,-1.002916655053132988e+00,-1.002869480039118022e+00,-1.002827947667619624e+00,-1.002793299891094669e+00,-1.002766091100058432e+00,-1.002746563427810989e+00,-1.002734819767252539e+00,-1.002730901551868836e+00,-1.000000000000000000e+00,-1.000000000000000000e+00,-1.000000000000000000e+00,-1.000000000000000000e+00,-1.000000000000000000e+00,-1.000000000000000000e+00,-1.000000000000000000e+00,-1.000000000000000000e+00,-1.000000000000000000e+00,-1.000000000000000000e+00,-1.000000000000000000e+00,-1.000000000000000000e+00,-1.000000000000000000e+00,-1.000000000000000000e+00,-1.000000000000000000e+00,-1.000000000000000000e+00,-1.000000000000000000e+00,-1.000000000000000000e+00,-1.000000000000000000e+00,-1.000000000000000000e+00,-1.000000000000000000e+00,-1.000000000000000000e+00,-1.000000000000000000e+00,-1.000000000000000000e+00,-1.000000000000000000e+00,-1.000000000000000000e+00,-1.000000000000000000e+00,-1.000000000000000000e+00,-1.000000000000000000e+00,-1.000000000000000000e+00,-1.000000000000000000e+00,-1.000000000000000000e+00,-1.000000000000000000e+00,-1.000000000000000000e+00,-1.000000000000000000e+00,-1.000000000000000000e+00,-1.000000000000000000e+00,-1.000000000000000000e+00,-1.000000000000000000e+00,-1.000000000000000000e+00,-1.000000000000000000e+00,-1.000000000000000000e+00,-1.000000000000000000e+00,-1.000000000000000000e+00,-1.000000000000000000e+00,-1.000000000000000000e+00
-1.000000000000000000e+00,-1.000000000000000000e+00,-1.000000000000000000e+00,-1.000000000000000000e+00,-1.000000000000000000e+00,-1.000000000000000000e+00,-1.000000000000000000e+00,-1.000000000000000000e+00,-1.000000000000000000e+00,-1.000000000000000000e+00,-1.000000000000000000e+00,-1.000000000000000000e+00,-1.000000000000000000e+00,-1.000000000000000000e+00,-1.000000000000000000e+00,-1.000000000000000000e+00,-1.000000000000000000e+00,-1.000000000000000000e+00,-1.000000000000000000e+00,-1.000000000000000000e+00,-1.000000000000000000e+00,-1.000000000000000000e+00,-1.000000000000000000e+00,-1.000000000000000000e+00,-1.000000000000000000e+00,-1.000000000000000000e+00,-1.000000000000000000e+00,-1.000000000000000000e+00,-1.000000000000000000e+00,-1.000000000000000000e+00,-1.000000000000000000e+00,-1.000000000000000000e+00,-1.000000000000000000e+00,-1.000000000000000000e+00,-1.000000000000000000e+00,-1.000000000000000000e+00,-1.000000000000000000e+00,-1.000000000000000000e+00,-1.000000000000000000e+00,-1.000000000000000000e+00,-1.000000000000000000e+00,-1.000000000000000000e+00,-1.000000000000000000e+00,-1.000000000000000000e+00,-1.000000000000000000e+00,-1.000000000000000000e+00,-1.002633458973008596e+00,-1.002637373525983699e+00,-1.002649105484278103e+00,-1.002668613714841950e+00,-1.002695795345652785e+00,-1.002730409130288658e+00,-1.002771901219771111e+00,-1.002819029678549301e+00,-1.002869081781537552e+00,-1.002916290777269293e+00,-1.002948743139519650e+00,-1.002942535131200019e+00,-1.002851090622953079e+00,-1.002586280500872284e+00,-1.001986211298237395e+00,-1.000762351259809835e+00,-9.984165821158011989e-01,-9.941185670028106491e-01,-9.865401876123494063e-01,-9.736682188627837631e-01,-9.526852584027305504e-01,-9.201766038248418988e-01,-8.732736119072495029e-01,-8.128980923519983914e-01,-7.502996656566753853e-01,-7.128990695083239348e-01,-7.128990695628132368e-01,-7.502996657953722170e-01,-8.128980925443418659e-01,-8.732736121706365928e-01,-9.201766041905555804e-01,-9.526852588568766045e-01,-9.736682193659813578e-01,-9.865401881749993329e-01,-9.941185677004240606e-01,-9.984165829542055448e-01,-1.000762352104155095e+00,-1.001986212118403996e+00,-1.002586281489673103e+00,-1.002851091783878434e+00,-1.002942536200110979e+00,-1.002948744172634576e+00,-1.002916292030797907e+00,-1.002869083054017896e+00,-1.002819030534666256e+00,-1.002771901725493686e+00,-1.002730409628936670e+00,-1.002695795710218496e+00,-1.002668613814430065e+00,-1.002649105629640047e+00,-1.002637373762200745e+00,-1.002633459509404412e+00,-1.000000000000000000e+00,-1.000000000000000000e+00,-1.000000000000000000e+00,-1.000000000000000000e+00,-1.000000000000000000e+00,-1.000000000000000000e+00,-1.000000000000000000e+00,-1.000000000000000000e+00,-1.000000000000000000e+00,-1.000000000000000000e+00,-1.000000000000000000e+00,-1.000000000000000000e+00,-1.000000000000000000e+00,-1.000000000000000000e+00,-1.000000000000000000e+00,-1.000000000000000000e+00,-1.000000000000000000e+00,-1.000000000000000000e+00,-1.000000000000000000e+00,-1.000000000000000000e+00,-1.000000000000000000e+00,-1.000000000000000000e+00,-1.000000000000000000e+00,-1.000000000000000000e+00,-1.000000000000000000e+00,-1.000000000000000000e+00,-1.000000000000000000e+00,-1.000000000000000000e+00,-1.000000000000000000e+00,-1.000000000000000000e+00,-1.000000000000000000e+00,-1.000000000000000000e+00,-1.000000000000000000e+00,-1.000000000000000000e+00,-1.000000000000000000e+00,-1.000000000000000000e+00,-1.000000000000000000e+00,-1.000000000000000000e+00,-1.000000000000000000e+00,-1.000000000000000000e+00,-1.000000000000000000e+00,-1.000000000000000000e+00,-1.000000000000000000e+00,-1.000000000000000000e+00,-1.000000000000000000e+00,-1.000000000000000000e+00
-1.000000000000000000e+00,-1.000000000000000000e+00,-1.000000000000000000e+00,-1.000000000000000000e+00,-1.000000000000000000e+00,-1.000000000000000000e+00,-1.000000000000000000e+00,-1.000000000000000000e+00,-1.000000000000000000e+00,-1.000000000000000000e+00,-1.000000000000000000e+00,-1.000000000000000000e+00,-1.000000000000000000e+00,-1.000000000000000000e+00,-1.000000000000000000e+00,-1.000000000000000000e+00,-1.000000000000000000e+00,-1.000000000000000000e+00,-1.000000000000000000e+00,-1.000000000000000000e+00,-1.000000000000000000e+00,-1.000000000000000000e+00,-1.000000000000000000e+00,-1.000000000000000000e+00,-1.000000000000000000e+00,-1.000000000000000000e+00,-1.000000000000000000e+00,-1.000000000000000000e+00,-1.000000000000000000e+00,-1.000000000000000000e+00,-1.000000000000000000e+00,-1.000000000000000000e+00,-1.000000000000000000e+00,-1.000000000000000000e+00,-1.000000000000000000e+00,-1.000000000000000000e+00,-1.000000000000000000e+00,-1.000000000000000000e+00,-1.000000000000000000e+00,-1.000000000000000000e+00,-1.000000000000000000e+00,-1.000000000000000000e+00,-1.000000000000000000e+00,-1.000000000000000000e+00,-1.000000000000000000e+00,-1.000000000000000000e+00,-1.002543139811668649e+00,-1.002547050901442249e+00,-1.002558772501917161e+00,-1.002578263712340156e+00,-1.002605421831960664e+00,-1.002640006078385770e+00,-1.002681463269021078e+00,-1.002728551788362843e+00,-1.002778558735475389e+00,-1.002825717383301951e+00,-1.002858113578096066e+00,-1.002851840663421923e+00,-1.002760315753761677e+00,-1.002495396769852443e+00,-1.001895165543650768e+00,-1.000671044621083805e+00,-9.983248357658331962e-01,-9.940260686426733994e-01,-9.864464126111003317e-01,-9.735723261128281791e-01,-9.525859790269306515e-01,-9.200721826509201673e-01,-8.731619463807367421e-01,-8.127773496933100583e-01,-7.501697460054770339e-01,-7.127636621904733794e-01,-7.127636622378183962e-01,-7.501697461229542840e-01,-8.127773498544571540e-01,-8.731619466073234914e-01,-9.200721829731950407e-01,-9.525859794304822881e-01,-9.735723265799692827e-01,-9.864464131755782406e-01,-9.940260693350609911e-01,-9.983248365323618145e-01,-1.000671045409070814e+00,-1.001895166450867958e+00,-1.002495397897725793e+00,-1.002760316918076544e+00,-1.002851841684720968e+00,-1.002858114677521506e+00,-1.002825718673939548e+00,-1.002778559842653738e+00,-1.002728552459307032e+00,-1.002681463862029387e+00,-1.002640006809923490e+00,-1.002605422369820420e+00,-1.002578263905309797e+00,-1.002558772695112177e+00,-1.002547051113367615e+00,-1.002543140300926172e+00,-1.000000000000000000e+00,-1.000000000000000000e+00,-1.000000000000000000e+00,-1.000000000000000000e+00,-1.000000000000000000e+00,-1.000000000000000000e+00,-1.000000000000000000e+00,-1.000000000000000000e+00,-1.000000000000000000e+00,-1.000000000000000000e+00,-1.000000000000000000e+00,-1.000000000000000000e+00,-1.000000000000000000e+00,-1.000000000000000000e+00,-1.000000000000000000e+00,-1.000000000000000000e+00,-1.000000000000000000e+00,-1.000000000000000000e+00,-1.000000000000000000e+00,-1.000000000000000000e+00,-1.000000000000000000e+00,-1.000000000000000000e+00,-1.000000000000000000e+00,-1.000000000000000000e+00,-1.000000000000000000e+00,-1.000000000000000000e+00,-1.000000000000000000e+00,-1.000000000000000000e+00,-1.000000000000000000e+00,-1.000000000000000000e+00,-1.000000000000000000e+00,-1.000000000000000000e+00,-1.000000000000000000e+00,-1.000000000000000000e+00,-1.000000000000000000e+00,-1.000000000000000000e+00,-1.000000000000000000e+00,-1.000000000000000000e+00,-1.000000000000000000e+00,-1.000000000000000000e+00,-1.000000000000000000e+00,-1.000000000000000000e+00,-1.000000000000000000e+00,-1.000000000000000000e+00,-1.000000000000000000e+00,-1.000000000000000000e+00
-1.000000000000000000e+00,-1.000000000000000000e+00,-1.000000000000000000e+00,-1.000000000000000000e+00,-1.000000000000000000e+00,-1.000000000000000000e+00,-1.000000000000000000e+00,-1.000000000000000000e+00,-1.000000000000000000e+00,-1.000000000000000000e+00,-1.000000000000000000e+00,-1.000000000000000000e+00,-1.000000000000000000e+00,-1.000000000000000000e+00,-1.000000000000000000e+00,-1.000000000000000000e+00,-1.000000000000000000e+00,-1.000000000000000000e+00,-1.000000000000000000e+00,-1.000000000000000000e+00,-1.000000000000000000e+00,-1.000000000000000000e+00,-1.000000000000000000e+00,-1.000000000000000000e+00,-1.000000000000000000e+00,-1.000000000000000000e+00,-1.000000000000000000e+00,-1.000000000000000000e+00,-1.000000000000000000e+00,-1.000000000000000000e+00,-1.000000000000000000e+00,-1.000000000000000000e+00,-1.000000000000000000e+00,-1.000000000000000000e+00,-1.000000000000000000e+00,-1.000000000000000000e+00,-1.000000000000000000e+00,-1.000000000000000000e+00,-1.000000000000000000e+00,-1.000000000000000000e+00,-1.000000000000000000e+00,-1.000000000000000000e+00,-1.000000000000000000e+00,-1.000000000000000000e+00,-1.000000000000000000e+00,-1.000000000000000000e+00,-1.002459966446588524e+00,-1.002463874526795307e+00,-1.002475587157830583e+00,-1.002495063715767465e+00,-1.002522201534559843e+00,-1.002556759959785548e+00,-1.002598186544314540e+00,-1.002645240415593442e+00,-1.002695208453951325e+00,-1.002742323432066263e+00,-1.002774670550184544e+00,-1.002768340749769171e+00,-1.002676744938533426e+00,-1.002411728817908187e+00,-1.001811351473701261e+00,-1.000586993661168211e+00,-9.982403836532017793e-01,-9.939409282308292459e-01,-9.863601014093097419e-01,-9.734840705643229564e-01,-9.524946120031364538e-01,-9.199760893727174649e-01,-8.730591919780579246e-01,-8.126662468725480704e-01,-7.500502014899356196e-01,-7.126390695528850294e-01,-7.126390696002402603e-01,-7.500502016084592549e-01,-8.126662470302652430e-01,-8.730591921832755453e-01,-9.199760896504836083e-01,-9.524946123473094772e-01,-9.734840709714622786e-01,-9.863601019156013061e-01,-9.939409288488630922e-01,-9.982403843562115409e-01,-1.000586994485738845e+00,-1.001811352499624830e+00,-1.002411729971954601e+00,-1.002676746016257781e+00,-1.002768341787344530e+00,-1.002774671772087789e+00,-1.002742324693434384e+00,-1.002695209426496259e+00,-1.002645241207594129e+00,-1.002598187478765501e+00,-1.002556760806338376e+00,-1.002522201942364966e+00,-1.002495063842419043e+00,-1.002475587384869637e+00,-1.002463874764984775e+00,-1.002459966995497442e+00,-1.000000000000000000e+00,-1.000000000000000000e+00,-1.000000000000000000e+00,-1.000000000000000000e+00,-1.000000000000000000e+00,-1.000000000000000000e+00,-1.000000000000000000e+00,-1.000000000000000000e+00,-1.000000000000000000e+00,-1.000000000000000000e+00,-1.000000000000000000e+00,-1.000000000000000000e+00,-1.000000000000000000e+00,-1.000000000000000000e+00,-1.000000000000000000e+00,-1.000000000000000000e+00,-1.000000000000000000e+00,-1.000000000000000000e+00,-1.000000000000000000e+00,-1.000000000000000000e+00,-1.000000000000000000e+00,-1.000000000000000000e+00,-1.000000000000000000e+00,-1.000000000000000000e+00,-1.000000000000000000e+00,-1.000000000000000000e+00,-1.000000000000000000e+00,-1.000000000000000000e+00,-1.000000000000000000e+00,-1.000000000000000000e+00,-1.000000000000000000e+00,-1.000000000000000000e+00,-1.000000000000000000e+00,-1.000000000000000000e+00,-1.000000000000000000e+00,-1.000000000000000000e+00,-1.000000000000000000e+00,-1.000000000000000000e+00,-1.000000000000000000e+00,-1.000000000000000000e+00,-1.000000000000000000e+00,-1.000000000000000000e+00,-1.000000000000000000e+00,-1.000000000000000000e+00,-1.000000000000000000e+00,-1.000000000000000000e+00
-1.000000000000000000e+00,-1.000000000000000000e+00,-1.000000000000000000e+00,-1.000000000000000000e+00,-1.000000000000000000e+00,-1.000000000000000000e+00,-1.000000000000000000e+00,-1.000000000000000000e+00,-1.000000000000000000e+00,-1.000000000000000000e+00,-1.000000000000000000e+00,-1.000000000000000000e+00,-1.000000000000000000e+00,-1.000000000000000000e+00,-1.000000000000000000e+00,-1.000000000000000000e+00,-1.000000000000000000e+00,-1.000000000000000000e+00,-1.000000000000000000e+00,-1.000000000000000000e+00,-1.000000000000000000e+00,-1.000000000000000000e+00,-1.000000000000000000e+00,-1.000000000000000000e+00,-1.000000000000000000e+00,-1.000000000000000000e+00,-1.000000000000000000e+00,-1.000000000000000000e+00,-1.000000000000000000e+00,-1.000000000000000000e+00,-1.000000000000000000e+00,-1.000000000000000000e+00,-1.000000000000000000e+00,-1.000000000000000000e+00,-1.000000000000000000e+00,-1.000000000000000000e+00,-1.000000000000000000e+00,-1.000000000000000000e+00,-1.000000000000000000e+00,-1.000000000000000000e+00,-1.000000000000000000e+00,-1.000000000000000000e+00,-1.000000000000000000e+00,-1.000000000000000000e+00,-1.000000000000000000e+00,-1.000000000000000000e+00,-1.002383959583208695e+00,-1.002387865009316537e+00,-1.002399569782407518e+00,-1.002419033722843800e+00,-1.002446154334585060e+00,-1.002480690680777053e+00,-1.002522090573678248e+00,-1.002569114142131346e+00,-1.002619048563660575e+00,-1.002666125888410420e+00,-1.002698430346368186e+00,-1.002692050820090497e+00,-1.002600392752916791e+00,-1.002335290526946476e+00,-1.001734782261227696e+00,-1.000510210646299969e+00,-9.981632370308134439e-01,-9.938631560386604891e-01,-9.862812633058698486e-01,-9.734034604729767670e-01,-9.524111644711578117e-01,-9.198883300100035854e-01,-8.729653537182416878e-01,-8.125647881790857285e-01,-7.499410360150187138e-01,-7.125252952998700762e-01,-7.125252953458756089e-01,-7.499410361300560268e-01,-8.125647883333638744e-01,-8.729653539175350474e-01,-9.198883302720881616e-01,-9.524111647938365843e-01,-9.734034608599502203e-01,-9.862812637843624275e-01,-9.938631566128467432e-01,-9.981632377042509718e-01,-1.000510211481041578e+00,-1.001734783263569017e+00,-1.002335291547028051e+00,-1.002600393727944184e+00,-1.002692051959148234e+00,-1.002698431709864169e+00,-1.002666127140905639e+00,-1.002619049622648806e+00,-1.002569115300042446e+00,-1.002522091714206143e+00,-1.002480691262171097e+00,-1.002446154438758397e+00,-1.002419033890192823e+00,-1.002399570149413943e+00,-1.002387865236186615e+00,-1.002383960105319938e+00,-1.000000000000000000e+00,-1.000000000000000000e+00,-1.000000000000000000e+00,-1.000000000000000000e+00,-1.000000000000000000e+00,-1.000000000000000000e+00,-1.000000000000000000e+00,-1.000000000000000000e+00,-1.000000000000000000e+00,-1.000000000000000000e+00,-1.000000000000000000e+00,-1.000000000000000000e+00,-1.000000000000000000e+00,-1.000000000000000000e+00,-1.000000000000000000e+00,-1.000000000000000000e+00,-1.000000000000000000e+00,-1.000000000000000000e+00,-1.000000000000000000e+00,-1.000000000000000000e+00,-1.000000000000000000e+00,-1.000000000000000000e+00,-1.000000000000000000e+00,-1.000000000000000000e+00,-1.000000000000000000e+00,-1.000000000000000000e+00,-1.000000000000000000e+00,-1.000000000000000000e+00,-1.000000000000000000e+00,-1.000000000000000000e+00,-1.000000000000000000e+00,-1.000000000000000000e+00,-1.000000000000000000e+00,-1.000000000000000000e+00,-1.000000000000000000e+00,-1.000000000000000000e+00,-1.000000000000000000e+00,-1.000000000000000000e+00,-1.000000000000000000e+00,-1.000000000000000000e+00,-1.000000000000000000e+00,-1.000000000000000000e+00,-1.000000000000000000e+00,-1.000000000000000000e+00,-1.000000000000000000e+00,-1.000000000000000000e+00
-1.000000000000000000e+00,-1.000000000000000000e+00,-1.000000000000000000e+00,-1.000000000000000000e+00,-1.000000000000000000e+00,-1.000000000000000000e+00,-1.000000000000000000e+00,-1.000000000000000000e+00,-1.000000000000000000e+00,-1.000000000000000000e+00,-1.000000000000000000e+00,-1.000000000000000000e+00,-1.000000000000000000e+00,-1.000000000000000000e+00,-1.000000000000000000e+00,-1.000000000000000000e+00,-1.000000000000000000e+00,-1.000000000000000000e+00,-1.000000000000000000e+00,-1.000000000000000000e+00,-1.000000000000000000e+00,-1.000000000000000000e+00,-1.000000000000000000e+00,-1.000000000000000000e+00,-1.000000000000000000e+00,-1.000000000000000000e+00,-1.000000000000000000e+00,-1.000000000000000000e+00,-1.000000000000000000e+00,-1.000000000000000000e+00,-1.000000000000000000e+00,-1.000000000000000000e+00,-1.000000000000000000e+00,-1.000000000000000000e+00,-1.000000000000000000e+00,-1.000000000000000000e+00,-1.000000000000000000e+00,-1.000000000000000000e+00,-1.000000000000000000e+00,-1.000000000000000000e+00,-1.000000000000000000e+00,-1.000000000000000000e+00,-1.000000000000000000e+00,-1.000000000000000000e+00,-1.000000000000000000e+00,-1.000000000000000000e+00,-1.002315137884164153e+00,-1.002319041010433676e+00,-1.002330738865360393e+00,-1.002350191671084412e+00,-1.002377297531707789e+00,-1.002411815365890524e+00,-1.002453192584597863e+00,-1.002500189894128590e+00,-1.002550095239954642e+00,-1.002597140240833795e+00,-1.002629407864571442e+00,-1.002622985013454926e+00,-1.002531272449782573e+00,-1.002266094377195937e+00,-1.001665469750403048e+00,-1.000440706739683883e+00,-9.980934062549535746e-01,-9.937927615526517267e-01,-9.862099069009250263e-01,-9.733305035024507612e-01,-9.523356430914405868e-01,-9.198089102166843167e-01,-8.728804363732188820e-01,-8.124729777811985354e-01,-7.498422534840925024e-01,-7.124223432115331933e-01,-7.124223432530505384e-01,-7.498422535895017393e-01,-8.124729779277258812e-01,-8.728804365648317187e-01,-9.198089104604469934e-01,-9.523356433860783454e-01,-9.733305038627417805e-01,-9.862099073651775516e-01,-9.937927621349370577e-01,-9.980934069573049738e-01,-1.000440707589498102e+00,-1.001665470701466720e+00,-1.002266095313086414e+00,-1.002531273450978588e+00,-1.002622986279382511e+00,-1.002629409218144252e+00,-1.002597141353212873e+00,-1.002550096336466634e+00,-1.002500191176484146e+00,-1.002453193518506813e+00,-1.002411815612885615e+00,-1.002377297732280015e+00,-1.002350192252750904e+00,-1.002330739425064898e+00,-1.002319041118709730e+00,-1.002315138212857226e+00,-1.000000000000000000e+00,-1.000000000000000000e+00,-1.000000000000000000e+00,-1.000000000000000000e+00,-1.000000000000000000e+00,-1.000000000000000000e+00,-1.000000000000000000e+00,-1.000000000000000000e+00,-1.000000000000000000e+00,-1.000000000000000000e+00,-1.000000000000000000e+00,-1.000000000000000000e+00,-1.000000000000000000e+00,-1.000000000000000000e+00,-1.000000000000000000e+00,-1.000000000000000000e+00,-1.000000000000000000e+00,-1.000000000000000000e+00,-1.000000000000000000e+00,-1.000000000000000000e+00,-1.000000000000000000e+00,-1.000000000000000000e+00,-1.000000000000000000e+00,-1.000000000000000000e+00,-1.000000000000000000e+00,-1.000000000000000000e+00,-1.000000000000000000e+00,-1.000000000000000000e+00,-1.000000000000000000e+00,-1.000000000000000000e+00,-1.000000000000000000e+00,-1.000000000000000000e+00,-1.000000000000000000e+00,-1.000000000000000000e+00,-1.000000000000000000e+00,-1.000000000000000000e+00,-1.000000000000000000e+00,-1.000000000000000000e+00,-1.000000000000000000e+00,-1.000000000000000000e+00,-1.000000000000000000e+00,-1.000000000000000000e+00,-1.000000000000000000e+00,-1.000000000000000000e+00,-1.000000000000000000e+00,-1.000000000000000000e+00
-1.000000000000000000e+00,-1.000000000000000000e+00,-1.000000000000000000e+00,-1.000000000000000000e+00,-1.000000000000000000e+00,-1.000000000000000000e+00,-1.000000000000000000e+00,-1.000000000000000000e+00,-1.000000000000000000e+00,-1.000000000000000000e+00,-1.000000000000000000e+00,-1.000000000000000000e+00,-1.000000000000000000e+00,-1.000000000000000000e+00,-1.000000000000000000e+00,-1.000000000000000000e+00,-1.000000000000000000e+00,-1.000000000000000000e+00,-1.000000000000000000e+00,-1.000000000000000000e+00,-1.000000000000000000e+00,-1.000000000000000000e+00,-1.000000000000000000e+00,-1.000000000000000000e+00,-1.000000000000000000e+00,-1.000000000000000000e+00,-1.000000000000000000e+00,-1.000000000000000000e+00,-1.000000000000000000e+00,-1.000000000000000000e+00,-1.000000000000000000e+00,-1.000000000000000000e+00,-1.000000000000000000e+00,-1.000000000000000000e+00,-1.000000000000000000e+00,-1.000000000000000000e+00,-1.000000000000000000e+00,-1.000000000000000000e+00,-1.000000000000000000e+00,-1.000000000000000000e+00,-1.000000000000000000e+00,-1.000000000000000000e+00,-1.000000000000000000e+00,-1.000000000000000000e+00,-1.000000000000000000e+00,-1.000000000000000000e+00,-1.002253517819611028e+00,-1.002257419085108348e+00,-1.002269111151627534e+00,-1.002288554203637272e+00,-1.002315647044366820e+00,-1.002350149112329447e+00,-1.002391507358452172e+00,-1.002438482351211801e+00,-1.002488362727446569e+00,-1.002535380169062629e+00,-1.002567616397915806e+00,-1.002561156188508384e+00,-1.002469396185278860e+00,-1.002204151726786341e+00,-1.001603424624934346e+00,-1.000378492038075384e+00,-9.980309007734187166e-01,-9.937297534555397105e-01,-9.861460400490563716e-01,-9.732652066617283326e-01,-9.522680540106954750e-01,-9.197378352875402729e-01,-8.728044444824761827e-01,-8.123908196842235530e-01,-7.497538576615249140e-01,-7.123302169407670359e-01,-7.123302169643132009e-01,-7.497538577317036657e-01,-8.123908197988954916e-01,-8.728044446399025880e-01,-9.197378354910923370e-01,-9.522680542777952617e-01,-9.732652070235453534e-01,-9.861460405326596401e-01,-9.937297540493207348e-01,-9.980309014655770472e-01,-1.000378492862726842e+00,-1.001603425560515737e+00,-1.002204152693377148e+00,-1.002469397245280280e+00,-1.002561157399284086e+00,-1.002567617502042374e+00,-1.002535381058294872e+00,-1.002488363783449854e+00,-1.002438483504211053e+00,-1.002391507977799856e+00,-1.002350149313624206e+00,-1.002315647616641714e+00,-1.002288555047007090e+00,-1.002269111558075076e+00,-1.002257418923947929e+00,-1.002253517906099178e+00,-1.000000000000000000e+00,-1.000000000000000000e+00,-1.000000000000000000e+00,-1.000000000000000000e+00,-1.000000000000000000e+00,-1.000000000000000000e+00,-1.000000000000000000e+00,-1.000000000000000000e+00,-1.000000000000000000e+00,-1.000000000000000000e+00,-1.000000000000000000e+00,-1.000000000000000000e+00,-1.000000000000000000e+00,-1.000000000000000000e+00,-1.000000000000000000e+00,-1.000000000000000000e+00,-1.000000000000000000e+00,-1.000000000000000000e+00,-1.000000000000000000e+00,-1.000000000000000000e+00,-1.000000000000000000e+00,-1.000000000000000000e+00,-1.000000000000000000e+00,-1.000000000000000000e+00,-1.000000000000000000e+00,-1.000000000000000000e+00,-1.000000000000000000e+00,-1.000000000000000000e+00,-1.000000000000000000e+00,-1.000000000000000000e+00,-1.000000000000000000e+00,-1.000000000000000000e+00,-1.000000000000000000e+00,-1.000000000000000000e+00,-1.000000000000000000e+00,-1.000000000000000000e+00,-1.000000000000000000e+00,-1.000000000000000000e+00,-1.000000000000000000e+00,-1.000000000000000000e+00,-1.000000000000000000e+00,-1.000000000000000000e+00,-1.000000000000000000e+00,-1.000000000000000000e+00,-1.000000000000000000e+00,-1.000000000000000000e+00
-1.000000000000000000e+00,-1.000000000000000000e+00,-1.000000000000000000e+00,-1.000000000000000000e+00,-1.000000000000000000e+00,-1.000000000000000000e+00,-1.000000000000000000e+00,-1.000000000000000000e+00,-1.000000000000000000e+00,-1.000000000000000000e+00,-1.000000000000000000e+00,-1.000000000000000000e+00,-1.000000000000000000e+00,-1.000000000000000000e+00,-1.000000000000000000e+00,-1.000000000000000000e+00,-1.000000000000000000e+00,-1.000000000000000000e+00,-1.000000000000000000e+00,-1.000000000000000000e+00,-1.000000000000000000e+00,-1.000000000000000000e+00,-1.000000000000000000e+00,-1.000000000000000000e+00,-1.000000000000000000e+00,-1.000000000000000000e+00,-1.000000000000000000e+00,-1.000000000000000000e+00,-1.000000000000000000e+00,-1.000000000000000000e+00,-1.000000000000000000e+00,-1.000000000000000000e+00,-1.000000000000000000e+00,-1.000000000000000000e+00,-1.000000000000000000e+00,-1.000000000000000000e+00,-1.000000000000000000e+00,-1.000000000000000000e+00,-1.000000000000000000e+00,-1.000000000000000000e+00,-1.000000000000000000e+00,-1.000000000000000000e+00,-1.000000000000000000e+00,-1.000000000000000000e+00,-1.000000000000000000e+00,-1.000000000000000000e+00,-1.002199113709232758e+00,-1.002203013455051694e+00,-1.002214700909343392e+00,-1.002234135938323112e+00,-1.002261217509748059e+00,-1.002295705930895231e+00,-1.002337048225995897e+00,-1.002384004505177728e+00,-1.002433863629779598e+00,-1.002480857621898869e+00,-1.002513067360969234e+00,-1.002506575489007457e+00,-1.002414774776522854e+00,-1.002149472816651121e+00,-1.001548656443437491e+00,-1.000323575493375250e+00,-9.979757290100642608e-01,-9.936741396149205707e-01,-9.860896699596612969e-01,-9.732075764108785165e-01,-9.522084028913346820e-01,-9.196751100950141256e-01,-8.727373822306695450e-01,-8.123183176002881645e-01,-7.496758520569122286e-01,-7.122489199298027707e-01,-7.122489199579654651e-01,-7.496758521454124358e-01,-8.123183177431303470e-01,-8.727373824061426255e-01,-9.196751102905986741e-01,-9.522084031308181151e-01,-9.732075767390565568e-01,-9.860896703910861927e-01,-9.936741401240031246e-01,-9.979757296037239378e-01,-1.000323576226744837e+00,-1.001548657289486943e+00,-1.002149473668568325e+00,-1.002414775649793643e+00,-1.002506576434546881e+00,-1.002513068256698947e+00,-1.002480858510286676e+00,-1.002433864720653656e+00,-1.002384005463018646e+00,-1.002337048631518623e+00,-1.002295706197511738e+00,-1.002261218111970775e+00,-1.002234136442316181e+00,-1.002214700870784458e+00,-1.002203013094574713e+00,-1.002199113723602375e+00,-1.000000000000000000e+00,-1.000000000000000000e+00,-1.000000000000000000e+00,-1.000000000000000000e+00,-1.000000000000000000e+00,-1.000000000000000000e+00,-1.000000000000000000e+00,-1.000000000000000000e+00,-1.000000000000000000e+00,-1.000000000000000000e+00,-1.000000000000000000e+00,-1.000000000000000000e+00,-1.000000000000000000e+00,-1.000000000000000000e+00,-1.000000000000000000e+00,-1.000000000000000000e+00,-1.000000000000000000e+00,-1.000000000000000000e+00,-1.000000000000000000e+00,-1.000000000000000000e+00,-1.000000000000000000e+00,-1.000000000000000000e+00,-1.000000000000000000e+00,-1.000000000000000000e+00,-1.000000000000000000e+00,-1.000000000000000000e+00,-1.000000000000000000e+00,-1.000000000000000000e+00,-1.000000000000000000e+00,-1.000000000000000000e+00,-1.000000000000000000e+00,-1.000000000000000000e+00,-1.000000000000000000e+00,-1.000000000000000000e+00,-1.000000000000000000e+00,-1.000000000000000000e+00,-1.000000000000000000e+00,-1.000000000000000000e+00,-1.000000000000000000e+00,-1.000000000000000000e+00,-1.000000000000000000e+00,-1.000000000000000000e+00,-1.000000000000000000e+00,-1.000000000000000000e+00,-1.000000000000000000e+00,-1.000000000000000000e+00
-1.000000000000000000e+00,-1.000000000000000000e+00,-1.000000000000000000e+00,-1.000000000000000000e+00,-1.000000000000000000e+00,-1.000000000000000000e+00,-1.000000000000000000e+00,-1.000000000000000000e+00,-1.000000000000000000e+00,-1.000000000000000000e+00,-1.000000000000000000e+00,-1.000000000000000000e+00,-1.000000000000000000e+00,-1.000000000000000000e+00,-1.000000000000000000e+00,-1.000000000000000000e+00,-1.000000000000000000e+00,-1.000000000000000000e+00,-1.000000000000000000e+00,-1.000000000000000000e+00,-1.000000000000000000e+00,-1.000000000000000000e+00,-1.000000000000000000e+00,-1.000000000000000000e+00,-1.000000000000000000e+00,-1.000000000000000000e+00,-1.000000000000000000e+00,-1.000000000000000000e+00,-1.000000000000000000e+00,-1.000000000000000000e+00,-1.000000000000000000e+00,-1.000000000000000000e+00,-1.000000000000000000e+00,-1.000000000000000000e+00,-1.000000000000000000e+00,-1.000000000000000000e+00,-1.000000000000000000e+00,-1.000000000000000000e+00,-1.000000000000000000e+00,-1.000000000000000000e+00,-1.000000000000000000e+00,-1.000000000000000000e+00,-1.000000000000000000e+00,-1.000000000000000000e+00,-1.000000000000000000e+00,-1.000000000000000000e+00,-1.002151938264379538e+00,-1.002155836623408902e+00,-1.002167520212573049e+00,-1.002186948856726323e+00,-1.002214021190230842e+00,-1.002248498054949311e+00,-1.002289826995322430e+00,-1.002336767826243813e+00,-1.002386609225014658e+00,-1.002433583422287722e+00,-1.002465770865174077e+00,-1.002459252454779293e+00,-1.002367417450423348e+00,-1.002102066593999252e+00,-1.001501173722853411e+00,-1.000275965072300988e+00,-9.979278983647382750e-01,-9.936259268858044225e-01,-9.860408029240785854e-01,-9.731576184241483851e-01,-9.521566947642788881e-01,-9.196207390509527624e-01,-8.726792534981715477e-01,-8.122554750534145551e-01,-7.496082400387155120e-01,-7.121784554532115674e-01,-7.121784554839138970e-01,-7.496082401310533161e-01,-8.122554751907404835e-01,-8.726792536489071939e-01,-9.196207392068240782e-01,-9.521566949627519039e-01,-9.731576186990621435e-01,-9.860408032494948349e-01,-9.936259272341317894e-01,-9.979278987844318882e-01,-1.000275965617802854e+00,-1.001501174328781163e+00,-1.002102067158032517e+00,-1.002367418036799185e+00,-1.002459253182127252e+00,-1.002465771685645546e+00,-1.002433584320908899e+00,-1.002386610173336745e+00,-1.002336768474985096e+00,-1.002289827262675903e+00,-1.002248498396864251e+00,-1.002214021655683629e+00,-1.002186949048162079e+00,-1.002167520067918094e+00,-1.002155836319922999e+00,-1.002151938327999092e+00,-1.000000000000000000e+00,-1.000000000000000000e+00,-1.000000000000000000e+00,-1.000000000000000000e+00,-1.000000000000000000e+00,-1.000000000000000000e+00,-1.000000000000000000e+00,-1.000000000000000000e+00,-1.000000000000000000e+00,-1.000000000000000000e+00,-1.000000000000000000e+00,-1.000000000000000000e+00,-1.000000000000000000e+00,-1.000000000000000000e+00,-1.000000000000000000e+00,-1.000000000000000000e+00,-1.000000000000000000e+00,-1.000000000000000000e+00,-1.000000000000000000e+00,-1.000000000000000000e+00,-1.000000000000000000e+00,-1.000000000000000000e+00,-1.000000000000000000e+00,-1.000000000000000000e+00,-1.000000000000000000e+00,-1.000000000000000000e+00,-1.000000000000000000e+00,-1.000000000000000000e+00,-1.000000000000000000e+00,-1.000000000000000000e+00,-1.000000000000000000e+00,-1.000000000000000000e+00,-1.000000000000000000e+00,-1.000000000000000000e+00,-1.000000000000000000e+00,-1.000000000000000000e+00,-1.000000000000000000e+00,-1.000000000000000000e+00,-1.000000000000000000e+00,-1.000000000000000000e+00,-1.000000000000000000e+00,-1.000000000000000000e+00,-1.000000000000000000e+00,-1.000000000000000000e+00,-1.000000000000000000e+00,-1.000000000000000000e+00
-1.000000000000000000e+00,-1.000000000000000000e+00,-1.000000000000000000e+00,-1.000000000000000000e+00,-1.000000000000000000e+00,-1.000000000000000000e+00,-1.000000000000000000e+00,-1.000000000000000000e+00,-1.000000000000000000e+00,-1.000000000000000000e+00,-1.000000000000000000e+00,-1.000000000000000000e+00,-1.000000000000000000e+00,-1.000000000000000000e+00,-1.000000000000000000e+00,-1.000000000000000000e+00,-1.000000000000000000e+00,-1.000000000000000000e+00,-1.000000000000000000e+00,-1.000000000000000000e+00,-1.000000000000000000e+00,-1.000000000000000000e+00,-1.000000000000000000e+00,-1.000000000000000000e+00,-1.000000000000000000e+00,-1.000000000000000000e+00,-1.000000000000000000e+00,-1.000000000000000000e+00,-1.000000000000000000e+00,-1.000000000000000000e+00,-1.000000000000000000e+00,-1.000000000000000000e+00,-1.000000000000000000e+00,-1.000000000000000000e+00,-1.000000000000000000e+00,-1.000000000000000000e+00,-1.000000000000000000e+00,-1.000000000000000000e+00,-1.000000000000000000e+00,-1.000000000000000000e+00,-1.000000000000000000e+00,-1.000000000000000000e+00,-1.000000000000000000e+00,-1.000000000000000000e+00,-1.000000000000000000e+00,-1.000000000000000000e+00,-1.002112002626324605e+00,-1.002115899773392327e+00,-1.002127579993461026e+00,-1.002147003374658674e+00,-1.002174068318692157e+00,-1.002208535702915793e+00,-1.002249853629220588e+00,-1.002296781923219138e+00,-1.002346608972948916e+00,-1.002393566946260473e+00,-1.002425735949099561e+00,-1.002419195555634523e+00,-1.002327332136791149e+00,-1.002061940601559176e+00,-1.001460983679854921e+00,-1.000235667615499091e+00,-9.978874152457500868e-01,-9.935851212359861906e-01,-9.859994444632771415e-01,-9.731153377160594031e-01,-9.521129340725250634e-01,-9.195747260314311999e-01,-8.726300616754731898e-01,-8.122022951074976405e-01,-7.495510245419982898e-01,-7.121188263860902534e-01,-7.121188263988926792e-01,-7.495510245877288202e-01,-8.122022951783801625e-01,-8.726300617420241768e-01,-9.195747260965381198e-01,-9.521129341799967616e-01,-9.731153378762344985e-01,-9.859994446376059152e-01,-9.935851214411419718e-01,-9.978874155636276999e-01,-1.000235668045313941e+00,-1.001460984103026641e+00,-1.002061940971341825e+00,-1.002327332581098851e+00,-1.002419196163934156e+00,-1.002425736638903997e+00,-1.002393567653637518e+00,-1.002346609604587213e+00,-1.002296782300151179e+00,-1.002249853914990219e+00,-1.002208536202104483e+00,-1.002174068797548001e+00,-1.002147003626752797e+00,-1.002127580095323989e+00,-1.002115899631943030e+00,-1.002112002754093734e+00,-1.000000000000000000e+00,-1.000000000000000000e+00,-1.000000000000000000e+00,-1.000000000000000000e+00,-1.000000000000000000e+00,-1.000000000000000000e+00,-1.000000000000000000e+00,-1.000000000000000000e+00,-1.000000000000000000e+00,-1.000000000000000000e+00,-1.000000000000000000e+00,-1.000000000000000000e+00,-1.000000000000000000e+00,-1.000000000000000000e+00,-1.000000000000000000e+00,-1.000000000000000000e+00,-1.000000000000000000e+00,-1.000000000000000000e+00,-1.000000000000000000e+00,-1.000000000000000000e+00,-1.000000000000000000e+00,-1.000000000000000000e+00,-1.000000000000000000e+00,-1.000000000000000000e+00,-1.000000000000000000e+00,-1.000000000000000000e+00,-1.000000000000000000e+00,-1.000000000000000000e+00,-1.000000000000000000e+00,-1.000000000000000000e+00,-1.000000000000000000e+00,-1.000000000000000000e+00,-1.000000000000000000e+00,-1.000000000000000000e+00,-1.000000000000000000e+00,-1.000000000000000000e+00,-1.000000000000000000e+00,-1.000000000000000000e+00,-1.000000000000000000e+00,-1.000000000000000000e+00,-1.000000000000000000e+00,-1.000000000000000000e+00,-1.000000000000000000e+00,-1.000000000000000000e+00,-1.000000000000000000e+00,-1.000000000000000000e+00
-1.000000000000000000e+00,-1.000000000000000000e+00,-1.000000000000000000e+00,-1.000000000000000000e+00,-1.000000000000000000e+00,-1.000000000000000000e+00,-1.000000000000000000e+00,-1.000000000000000000e+00,-1.000000000000000000e+00,-1.000000000000000000e+00,-1.000000000000000000e+00,-1.000000000000000000e+00,-1.000000000000000000e+00,-1.000000000000000000e+00,-1.000000000000000000e+00,-1.000000000000000000e+00,-1.000000000000000000e+00,-1.000000000000000000e+00,-1.000000000000000000e+00,-1.000000000000000000e+00,-1.000000000000000000e+00,-1.000000000000000000e+00,-1.000000000000000000e+00,-1.000000000000000000e+00,-1.000000000000000000e+00,-1.000000000000000000e+00,-1.000000000000000000e+00,-1.000000000000000000e+00,-1.000000000000000000e+00,-1.000000000000000000e+00,-1.000000000000000000e+00,-1.000000000000000000e+00,-1.000000000000000000e+00,-1.000000000000000000e+00,-1.000000000000000000e+00,-1.000000000000000000e+00,-1.000000000000000000e+00,-1.000000000000000000e+00,-1.000000000000000000e+00,-1.000000000000000000e+00,-1.000000000000000000e+00,-1.000000000000000000e+00,-1.000000000000000000e+00,-1.000000000000000000e+00,-1.000000000000000000e+00,-1.000000000000000000e+00,-1.002079315842922869e+00,-1.002083212110645549e+00,-1.002094889664513655e+00,-1.002114308722877656e+00,-1.002141367815876816e+00,-1.002175827656456075e+00,-1.002217136694702138e+00,-1.002264054959703055e+00,-1.002313870674633955e+00,-1.002360815845769304e+00,-1.002392970182288234e+00,-1.002386412125052750e+00,-1.002294525768288258e+00,-1.002029101368215658e+00,-1.001428092524516034e+00,-1.000202689023392155e+00,-9.978542851728519070e-01,-9.935517277473577824e-01,-9.859655992121552082e-01,-9.730807384630582035e-01,-9.520771244968249114e-01,-9.195370742279794785e-01,-8.725898095658684017e-01,-8.121587803373320202e-01,-7.495042080778789861e-01,-7.120700352447497661e-01,-7.120700352708211334e-01,-7.495042081492085950e-01,-8.121587804315736348e-01,-8.725898096677067173e-01,-9.195370743568913596e-01,-9.520771246685518774e-01,-9.730807386333747422e-01,-9.859655993365062931e-01,-9.935517278891097259e-01,-9.978542854222233194e-01,-1.000202689324743766e+00,-1.001428092772959966e+00,-1.002029101631002339e+00,-1.002294526177727629e+00,-1.002386412637573443e+00,-1.002392970707240316e+00,-1.002360816401684618e+00,-1.002313871161695458e+00,-1.002264055268082155e+00,-1.002217137065769093e+00,-1.002175828207438890e+00,-1.002141368225566875e+00,-1.002114308948143906e+00,-1.002094889790654308e+00,-1.002083211965564935e+00,-1.002079315973523288e+00,-1.000000000000000000e+00,-1.000000000000000000e+00,-1.000000000000000000e+00,-1.000000000000000000e+00,-1.000000000000000000e+00,-1.000000000000000000e+00,-1.000000000000000000e+00,-1.000000000000000000e+00,-1.000000000000000000e+00,-1.000000000000000000e+00,-1.000000000000000000e+00,-1.000000000000000000e+00,-1.000000000000000000e+00,-1.000000000000000000e+00,-1.000000000000000000e+00,-1.000000000000000000e+00,-1.000000000000000000e+00,-1.000000000000000000e+00,-1.000000000000000000e+00,-1.000000000000000000e+00,-1.000000000000000000e+00,-1.000000000000000000e+00,-1.000000000000000000e+00,-1.000000000000000000e+00,-1.000000000000000000e+00,-1.000000000000000000e+00,-1.000000000000000000e+00,-1.000000000000000000e+00,-1.000000000000000000e+00,-1.000000000000000000e+00,-1.000000000000000000e+00,-1.000000000000000000e+00,-1.000000000000000000e+00,-1.000000000000000000e+00,-1.000000000000000000e+00,-1.000000000000000000e+00,-1.000000000000000000e+00,-1.000000000000000000e+00,-1.000000000000000000e+00,-1.000000000000000000e+00,-1.000000000000000000e+00,-1.000000000000000000e+00,-1.000000000000000000e+00,-1.000000000000000000e+00,-1.000000000000000000e+00,-1.000000000000000000e+00
-1.000000000000000000e+00,-1.000000000000000000e+00,-1.000000000000000000e+00,-1.000000000000000000e+00,-1.000000000000000000e+00,-1.000000000000000000e+00,-1.000000000000000000e+00,-1.000000000000000000e+00,-1.000000000000000000e+00,-1.000000000000000000e+00,-1.000000000000000000e+00,-1.000000000000000000e+00,-1.000000000000000000e+00,-1.000000000000000000e+00,-1.000000000000000000e+00,-1.000000000000000000e+00,-1.000000000000000000e+00,-1.000000000000000000e+00,-1.000000000000000000e+00,-1.000000000000000000e+00,-1.000000000000000000e+00,-1.000000000000000000e+00,-1.000000000000000000e+00,-1.000000000000000000e+00,-1.000000000000000000e+00,-1.000000000000000000e+00,-1.000000000000000000e+00,-1.000000000000000000e+00,-1.000000000000000000e+00,-1.000000000000000000e+00,-1.000000000000000000e+00,-1.000000000000000000e+00,-1.000000000000000000e+00,-1.000000000000000000e+00,-1.000000000000000000e+00,-1.000000000000000000e+00,-1.000000000000000000e+00,-1.000000000000000000e+00,-1.000000000000000000e+00,-1.000000000000000000e+00,-1.000000000000000000e+00,-1.000000000000000000e+00,-1.000000000000000000e+00,-1.000000000000000000e+00,-1.000000000000000000e+00,-1.000000000000000000e+00,-1.002053885060810279e+00,-1.002057780709914470e+00,-1.002069456376541989e+00,-1.002088872158962252e+00,-1.002115926835152937e+00,-1.002150381031569726e+00,-1.002191683303100156e+00,-1.002238593832360136e+00,-1.002288400806732538e+00,-1.002335336217770267e+00,-1.002367479488119439e+00,-1.002360908018133712e+00,-1.002269004022192211e+00,-1.002003554244581096e+00,-1.001402505275656107e+00,-1.000177034042067259e+00,-9.978285126262064209e-01,-9.935257506105062975e-01,-9.859392710617616018e-01,-9.730538242555031303e-01,-9.520492693026663122e-01,-9.195077865426819486e-01,-8.725584997389437270e-01,-8.121249331096457302e-01,-7.494677929453370524e-01,-7.120320842751441948e-01,-7.120320843125248489e-01,-7.494677930463857773e-01,-8.121249332531971232e-01,-8.725584999178217505e-01,-9.195077867622384327e-01,-9.520492695410909256e-01,-9.730538244524107316e-01,-9.859392712040564444e-01,-9.935257507932016008e-01,-9.978285129042683277e-01,-1.000177034298562306e+00,-1.001402505444788149e+00,-1.002003554479805603e+00,-1.002269004397938978e+00,-1.002360908404036355e+00,-1.002367479916079551e+00,-1.002335336815612488e+00,-1.002288401342043445e+00,-1.002238594103032954e+00,-1.002191683600883509e+00,-1.002150381429035342e+00,-1.002115927015720054e+00,-1.002088872144412557e+00,-1.002069456288912086e+00,-1.002057780553555988e+00,-1.002053885224412078e+00,-1.000000000000000000e+00,-1.000000000000000000e+00,-1.000000000000000000e+00,-1.000000000000000000e+00,-1.000000000000000000e+00,-1.000000000000000000e+00,-1.000000000000000000e+00,-1.000000000000000000e+00,-1.000000000000000000e+00,-1.000000000000000000e+00,-1.000000000000000000e+00,-1.000000000000000000e+00,-1.000000000000000000e+00,-1.000000000000000000e+00,-1.000000000000000000e+00,-1.000000000000000000e+00,-1.000000000000000000e+00,-1.000000000000000000e+00,-1.000000000000000000e+00,-1.000000000000000000e+00,-1.000000000000000000e+00,-1.000000000000000000e+00,-1.000000000000000000e+00,-1.000000000000000000e+00,-1.000000000000000000e+00,-1.000000000000000000e+00,-1.000000000000000000e+00,-1.000000000000000000e+00,-1.000000000000000000e+00,-1.000000000000000000e+00,-1.000000000000000000e+00,-1.000000000000000000e+00,-1.000000000000000000e+00,-1.000000000000000000e+00,-1.000000000000000000e+00,-1.000000000000000000e+00,-1.000000000000000000e+00,-1.000000000000000000e+00,-1.000000000000000000e+00,-1.000000000000000000e+00,-1.000000000000000000e+00,-1.000000000000000000e+00,-1.000000000000000000e+00,-1.000000000000000000e+00,-1.000000000000000000e+00,-1.000000000000000000e+00
-1.000000000000000000e+00,-1.000000000000000000e+00,-1.000000000000000000e+00,-1.000000000000000000e+00,-1.000000000000000000e+00,-1.000000000000000000e+00,-1.000000000000000000e+00,-1.000000000000000000e+00,-1.000000000000000000e+00,-1.000000000000000000e+00,-1.000000000000000000e+00,-1.000000000000000000e+00,-1.000000000000000000e+00,-1.000000000000000000e+00,-1.000000000000000000e+00,-1.000000000000000000e+00,-1.000000000000000000e+00,-1.000000000000000000e+00,-1.000000000000000000e+00,-1.000000000000000000e+00,-1.000000000000000000e+00,-1.000000000000000000e+00,-1.000000000000000000e+00,-1.000000000000000000e+00,-1.000000000000000000e+00,-1.000000000000000000e+00,-1.000000000000000000e+00,-1.000000000000000000e+00,-1.000000000000000000e+00,-1.000000000000000000e+00,-1.000000000000000000e+00,-1.000000000000000000e+00,-1.000000000000000000e+00,-1.000000000000000000e+00,-1.000000000000000000e+00,-1.000000000000000000e+00,-1.000000000000000000e+00,-1.000000000000000000e+00,-1.000000000000000000e+00,-1.000000000000000000e+00,-1.000000000000000000e+00,-1.000000000000000000e+00,-1.000000000000000000e+00,-1.000000000000000000e+00,-1.000000000000000000e+00,-1.000000000000000000e+00,-1.002035716086572048e+00,-1.002039611226487992e+00,-1.002051285552704618e+00,-1.002070699032622247e+00,-1.002097750565530410e+00,-1.002132200840973875e+00,-1.002173498508236671e+00,-1.002220403755510914e+00,-1.002270204569192469e+00,-1.002317132962028845e+00,-1.002349268385750669e+00,-1.002342687532789212e+00,-1.002250771105780425e+00,-1.001985303307816100e+00,-1.001384225822423257e+00,-1.000158706382127782e+00,-9.978101011299139733e-01,-9.935071931227242858e-01,-9.859204630601781094e-01,-9.730345978898502501e-01,-9.520293710381542152e-01,-9.194868652709839996e-01,-8.725361342388791019e-01,-8.121007552785465267e-01,-7.494417809264866115e-01,-7.120049752390291697e-01,-7.120049752759203265e-01,-7.494417810238902522e-01,-8.121007554145979190e-01,-8.725361344092561477e-01,-9.194868654782323292e-01,-9.520293712606285874e-01,-9.730345980989680843e-01,-9.859204632966466209e-01,-9.935071934808209493e-01,-9.978101015843947597e-01,-1.000158706768982553e+00,-1.001384226129576005e+00,-1.001985303717472853e+00,-1.002250771614173308e+00,-1.002342687993389880e+00,-1.002349268932228865e+00,-1.002317133670804772e+00,-1.002270205033224615e+00,-1.002220403858310904e+00,-1.002173498755441816e+00,-1.002132201334189343e+00,-1.002097750846041357e+00,-1.002070699069785853e+00,-1.002051285463212427e+00,-1.002039611207326653e+00,-1.002035716223161232e+00,-1.000000000000000000e+00,-1.000000000000000000e+00,-1.000000000000000000e+00,-1.000000000000000000e+00,-1.000000000000000000e+00,-1.000000000000000000e+00,-1.000000000000000000e+00,-1.000000000000000000e+00,-1.000000000000000000e+00,-1.000000000000000000e+00,-1.000000000000000000e+00,-1.000000000000000000e+00,-1.000000000000000000e+00,-1.000000000000000000e+00,-1.000000000000000000e+00,-1.000000000000000000e+00,-1.000000000000000000e+00,-1.000000000000000000e+00,-1.000000000000000000e+00,-1.000000000000000000e+00,-1.000000000000000000e+00,-1.000000000000000000e+00,-1.000000000000000000e+00,-1.000000000000000000e+00,-1.000000000000000000e+00,-1.000000000000000000e+00,-1.000000000000000000e+00,-1.000000000000000000e+00,-1.000000000000000000e+00,-1.000000000000000000e+00,-1.000000000000000000e+00,-1.000000000000000000e+00,-1.000000000000000000e+00,-1.000000000000000000e+00,-1.000000000000000000e+00,-1.000000000000000000e+00,-1.000000000000000000e+00,-1.000000000000000000e+00,-1.000000000000000000e+00,-1.000000000000000000e+00,-1.000000000000000000e+00,-1.000000000000000000e+00,-1.000000000000000000e+00,-1.000000000000000000e+00,-1.000000000000000000e+00,-1.000000000000000000e+00
-1.000000000000000000e+00,-1.000000000000000000e+00,-1.000000000000000000e+00,-1.000000000000000000e+00,-1.000000000000000000e+00,-1.000000000000000000e+00,-1.000000000000000000e+00,-1.000000000000000000e+00,-1.000000000000000000e+00,-1.000000000000000000e+00,-1.000000000000000000e+00,-1.000000000000000000e+00,-1.000000000000000000e+00,-1.000000000000000000e+00,-1.000000000000000000e+00,-1.000000000000000000e+00,-1.000000000000000000e+00,-1.000000000000000000e+00,-1.000000000000000000e+00,-1.000000000000000000e+00,-1.000000000000000000e+00,-1.000000000000000000e+00,-1.000000000000000000e+00,-1.000000000000000000e+00,-1.000000000000000000e+00,-1.000000000000000000e+00,-1.000000000000000000e+00,-1.000000000000000000e+00,-1.000000000000000000e+00,-1.000000000000000000e+00,-1.000000000000000000e+00,-1.000000000000000000e+00,-1.000000000000000000e+00,-1.000000000000000000e+00,-1.000000000000000000e+00,-1.000000000000000000e+00,-1.000000000000000000e+00,-1.000000000000000000e+00,-1.000000000000000000e+00,-1.000000000000000000e+00,-1.000000000000000000e+00,-1.000000000000000000e+00,-1.000000000000000000e+00,-1.000000000000000000e+00,-1.000000000000000000e+00,-1.000000000000000000e+00,-1.002024813190275809e+00,-1.002028707997870693e+00,-1.002040381498576327e+00,-1.002059793602706694e+00,-1.002086843175803876e+00,-1.002121290930006792e+00,-1.002162585734988509e+00,-1.002209487930516563e+00,-1.002259285186652082e+00,-1.002306209307501916e+00,-1.002338339921146959e+00,-1.002331753489992483e+00,-1.002239829730384724e+00,-1.001974351220074055e+00,-1.001373256748500085e+00,-1.000147708545956693e+00,-9.977990531101306182e-01,-9.934960575808322591e-01,-9.859091773227903754e-01,-9.730230612974848370e-01,-9.520174314615396094e-01,-9.194743120151768201e-01,-8.725227145529719230e-01,-8.120862482697253082e-01,-7.494261734288090171e-01,-7.119887095296693058e-01,-7.119887095652408515e-01,-7.494261735320262297e-01,-8.120862484429668404e-01,-8.725227148068731564e-01,-9.194743123414063080e-01,-9.520174318355868470e-01,-9.730230617316201203e-01,-9.859091778945646700e-01,-9.934960583353054098e-01,-9.977990539447149088e-01,-1.000147709323348844e+00,-1.001373257526325000e+00,-1.001974352154027637e+00,-1.002239830755692784e+00,-1.002331754477281178e+00,-1.002338340994682664e+00,-1.002306210388436369e+00,-1.002259285816410106e+00,-1.002209488237017831e+00,-1.002162586288137591e+00,-1.002121291682842585e+00,-1.002086843492038915e+00,-1.002059793547295019e+00,-1.002040381255419055e+00,-1.002028707944925268e+00,-1.002024812977664547e+00,-1.000000000000000000e+00,-1.000000000000000000e+00,-1.000000000000000000e+00,-1.000000000000000000e+00,-1.000000000000000000e+00,-1.000000000000000000e+00,-1.000000000000000000e+00,-1.000000000000000000e+00,-1.000000000000000000e+00,-1.000000000000000000e+00,-1.000000000000000000e+00,-1.000000000000000000e+00,-1.000000000000000000e+00,-1.000000000000000000e+00,-1.000000000000000000e+00,-1.000000000000000000e+00,-1.000000000000000000e+00,-1.000000000000000000e+00,-1.000000000000000000e+00,-1.000000000000000000e+00,-1.000000000000000000e+00,-1.000000000000000000e+00,-1.000000000000000000e+00,-1.000000000000000000e+00,-1.000000000000000000e+00,-1.000000000000000000e+00,-1.000000000000000000e+00,-1.000000000000000000e+00,-1.000000000000000000e+00,-1.000000000000000000e+00,-1.000000000000000000e+00,-1.000000000000000000e+00,-1.000000000000000000e+00,-1.000000000000000000e+00,-1.000000000000000000e+00,-1.000000000000000000e+00,-1.000000000000000000e+00,-1.000000000000000000e+00,-1.000000000000000000e+00,-1.000000000000000000e+00,-1.000000000000000000e+00,-1.000000000000000000e+00,-1.000000000000000000e+00,-1.000000000000000000e+00,-1.000000000000000000e+00,-1.000000000000000000e+00
-1.000000000000000000e+00,-1.000000000000000000e+00,-1.000000000000000000e+00,-1.000000000000000000e+00,-1.000000000000000000e+00,-1.000000000000000000e+00,-1.000000000000000000e+00,-1.000000000000000000e+00,-1.000000000000000000e+00,-1.000000000000000000e+00,-1.000000000000000000e+00,-1.000000000000000000e+00,-1.000000000000000000e+00,-1.000000000000000000e+00,-1.000000000000000000e+00,-1.000000000000000000e+00,-1.000000000000000000e+00,-1.000000000000000000e+00,-1.000000000000000000e+00,-1.000000000000000000e+00,-1.000000000000000000e+00,-1.000000000000000000e+00,-1.000000000000000000e+00,-1.000000000000000000e+00,-1.000000000000000000e+00,-1.000000000000000000e+00,-1.000000000000000000e+00,-1.000000000000000000e+00,-1.000000000000000000e+00,-1.000000000000000000e+00,-1.000000000000000000e+00,-1.000000000000000000e+00,-1.000000000000000000e+00,-1.000000000000000000e+00,-1.000000000000000000e+00,-1.000000000000000000e+00,-1.000000000000000000e+00,-1.000000000000000000e+00,-1.000000000000000000e+00,-1.000000000000000000e+00,-1.000000000000000000e+00,-1.000000000000000000e+00,-1.000000000000000000e+00,-1.000000000000000000e+00,-1.000000000000000000e+00,-1.000000000000000000e+00,-1.002021178611706143e+00,-1.002025073327499571e+00,-1.002036746605819317e+00,-1.002056158347051751e+00,-1.002083207337279402e+00,-1.002117654161397642e+00,-1.002158947841677028e+00,-1.002205849080834321e+00,-1.002255645389116490e+00,-1.002302568141603789e+00,-1.002334697023113730e+00,-1.002328108650957450e+00,-1.002236182421979871e+00,-1.001970700296161310e+00,-1.001369600147436145e+00,-1.000144042397789201e+00,-9.977953702446310524e-01,-9.934923454819425404e-01,-9.859054151037227598e-01,-9.730192154646101210e-01,-9.520134513287905609e-01,-9.194701273343245385e-01,-8.725182410719415360e-01,-8.120814123774363624e-01,-7.494209707429706491e-01,-7.119832874632490149e-01,-7.119832875073166534e-01,-7.494209708862292763e-01,-8.120814126475837114e-01,-8.725182414757011173e-01,-9.194701278291388391e-01,-9.520134518813424540e-01,-9.730192161117456884e-01,-9.859054159035820497e-01,-9.934923463950916522e-01,-9.977953711411723381e-01,-1.000144043232070956e+00,-1.001369601039111101e+00,-1.001970701351358795e+00,-1.002236183555082816e+00,-1.002328109759986985e+00,-1.002334698147654857e+00,-1.002302569115555597e+00,-1.002255645939394979e+00,-1.002205849583375441e+00,-1.002158948664679361e+00,-1.002117655007522812e+00,-1.002083207580741986e+00,-1.002056158213510351e+00,-1.002036746307422233e+00,-1.002025073500395269e+00,-1.002021178648358157e+00,-1.000000000000000000e+00,-1.000000000000000000e+00,-1.000000000000000000e+00,-1.000000000000000000e+00,-1.000000000000000000e+00,-1.000000000000000000e+00,-1.000000000000000000e+00,-1.000000000000000000e+00,-1.000000000000000000e+00,-1.000000000000000000e+00,-1.000000000000000000e+00,-1.000000000000000000e+00,-1.000000000000000000e+00,-1.000000000000000000e+00,-1.000000000000000000e+00,-1.000000000000000000e+00,-1.000000000000000000e+00,-1.000000000000000000e+00,-1.000000000000000000e+00,-1.000000000000000000e+00,-1.000000000000000000e+00,-1.000000000000000000e+00,-1.000000000000000000e+00,-1.000000000000000000e+00,-1.000000000000000000e+00,-1.000000000000000000e+00,-1.000000000000000000e+00,-1.000000000000000000e+00,-1.000000000000000000e+00,-1.000000000000000000e+00,-1.000000000000000000e+00,-1.000000000000000000e+00,-1.000000000000000000e+00,-1.000000000000000000e+00,-1.000000000000000000e+00,-1.000000000000000000e+00,-1.000000000000000000e+00,-1.000000000000000000e+00,-1.000000000000000000e+00,-1.000000000000000000e+00,-1.000000000000000000e+00,-1.000000000000000000e+00,-1.000000000000000000e+00,-1.000000000000000000e+00,-1.000000000000000000e+00,-1.000000000000000000e+00
