Model: ensemble_run1_brcd700
Simulation: 792024842_0
(SimID_792024842_0 (PDE Simulation)) 
Sim time range (0.0 50.0) (saved timepoints 101) 
Number of variables 42 
Variable names ['BUB1a', 'BUB1a_pknl1', 'CPCa', 'CPCi', 'H2A', 'H3', 'H3_CPCa', 'H3_CPCi', 'H3S10rep', 'HASPINa', 'HASPINi', 'I', 'KNL1', 'NDC80', 'NDC80_TTKa', 'NDC80_TTKi', 'NDC80_pTTKa', 'NDC80_pTTKi', 'pH2A', 'pH2A_SGO1', 'pH2A_SGO1_CPCa', 'pH2A_SGO1_CPCi', 'pH3', 'pH3_CPCa', 'pH3_CPCi', 'pH3S10rep', 'pKNL1', 'pKNL1_bub1a', 'PLK1a', 'PLK1i', 'pTTKa', 'pTTKi', 'pNDC80', 'pNDC80_TTKa', 'pNDC80_TTKi', 'pNDC80_pTTKa', 'pNDC80_pTTKi', 'SGO1', 'SGO1_CPCi', 'SGO1_CPCa', 'TTKa', 'TTKi'] 
 
2D Slice for variable SGO1 at time 4.5 in plane XY at Z = 0 
 
X in rows, Y in columns 
1.2431114425461471,1.2431114256743834,1.2431113760624992,1.243111296510866,1.2431111914034934,1.243111066751917,1.2431109299336571,1.2431107893543312,1.2431106541268038,1.2431105337123285,1.243110437506487,1.2431103743732885,1.2431103521483962,1.2431103771311267,1.2431104535812572,1.2431105832347102,1.2431107648612079,1.2431109938976617,1.2431112622036553,1.2431115580009402,1.2431118660753575,1.2431121683334871,1.2431124448119137,1.2431126752163266,1.2431128409921863,1.2431129277588218,1.24311292764051,1.2431128406361398,1.243112674619367,1.2431124439700163,1.2431121672443082,1.2431118647409418,1.2431115564294903,1.2431112604084855,1.2431109918924914,1.243110762654193,1.2431105808247356,1.243110450958616,1.2431103742828518,1.2431103490657895,1.243110371058157,1.243110433974979,1.2431105299962204,1.2431106502685918,1.243110785394989,1.2431109258978494,1.2431110626438064,1.243111187225978,1.2431112922970613,1.2431113718577473,1.243111421461026,1.2431114382965576
1.2430896862092042,1.243089668501709,1.2430896163823193,1.243089532702903,1.243089421940113,1.243089290168414,1.2430891448537742,1.2430889945340489,1.2430888484856353,1.243088716348426,1.2430886077034442,1.243088531605181,1.2430884960846658,1.2430885076397218,1.2430885707294954,1.2430886872882814,1.2430888562812485,1.2430890733354967,1.2430893304924269,1.2430896161433629,1.243089915227591,1.2430902097860208,1.243090479968488,1.243090705571717,1.243090868109378,1.2430909532459335,1.2430909531278949,1.2430908677539332,1.2430907049750737,1.243090479125536,1.2430902086924245,1.2430899138819924,1.243089614549527,1.2430893286603304,1.2430890712798146,1.243088854017319,1.2430886848269278,1.2430885680728787,1.243088504781017,1.2430884930123016,1.2430885283095598,1.2430886041843592,1.2430887126211967,1.2430888445809678,1.2430889904911997,1.2430891407111297,1.2430892859575544,1.2430894176879714,1.243089528431785,1.2430896120920643,1.243089664192061,1.24308968185978
1.2430244203376217,1.2430244001074904,1.243024340453222,1.2430242443258335,1.2430241164411207,1.2430239631614675,1.2430237922744751,1.2430236126914425,1.2430234341243867,1.2430232667088792,1.2430231205722417,1.243023005353064,1.2430229296913848,1.2430229007056177,1.2430229234744792,1.2430230005408038,1.2430231314595612,1.243023312422785,1.2430235360063047,1.2430237910992998,1.2430240630954,1.2430243344391654,1.2430245856265285,1.2430247967367447,1.2430249494976202,1.2430250297159997,1.2430250296073806,1.2430249491664593,1.2430247961692842,1.243024584806147,1.2430243333528557,1.2430240617386494,1.2430237894784537,1.243023534137899,1.2430233103296067,1.2430231291642884,1.2430229980585314,1.243022920806657,1.2430228978389442,1.2430229266036936,1.2430230020241835,1.2430231169962394,1.2430232629034959,1.2430234301310419,1.2430236085644937,1.2430237880650272,1.2430239589042598,1.2430241121558185,1.2430242400147076,1.2430243360790225,1.2430243957121854,1.2430244159204937
1.2429156546155438,1.2429156301245954,1.2429155578183912,1.242915440818051,1.2429152841466884,1.2429150946296375,1.242914880631167,1.2429146517342604,1.2429144184092558,1.24291419162922,1.2429139824286517,1.2429138014105992,1.2429136582226816,1.242913561018062,1.2429135159188016,1.2429135265005835,1.2429135933228237,1.24291371353813,1.2429138806261384,1.2429140843121818,1.2429143107484026,1.242914543050781,1.2429147622906291,1.2429149490183757,1.2429150853217283,1.2429151572506558,1.2429151571429333,1.2429150849923638,1.2429149484513589,1.2429147614667757,1.2429145419555458,1.2429143093780806,1.2429140826765825,1.2429138787463265,1.2429137114395887,1.2429135910265838,1.242913524015235,1.2429135132367117,1.2429135581182165,1.242913655080456,1.2429137980107143,1.2429139787760297,1.2429141877540821,1.242914414362233,1.2429146475698543,1.2429148763870606,1.2429150903129065,1.242915279755426,1.2429154363824726,1.2429155533232596,1.2429156255961942,1.2429156500757474
1.2427634053509478,1.24276337480581,1.2427632844718013,1.2427631377694732,1.2427629401895723,1.2427626991959073,1.2427624239537842,1.242762124994916,1.2427618138708618,1.2427615027521164,1.242761203967954,1.2427609294936104,1.242760690405181,1.2427604963192183,1.2427603548332344,1.2427602709864751,1.2427602467658427,1.2427602806922975,1.242760367534169,1.2427604982081746,1.24276065994519,1.2427608368135596,1.242761010698389,1.2427611628147612,1.2427612757570796,1.2427613359174654,1.2427613358069738,1.2427612754210846,1.2427611622413866,1.2427610098729958,1.2427608357244349,1.2427606585882334,1.242760496589156,1.2427603656672177,1.24276027859472,1.2427602444513934,1.2427602684596737,1.2427603520874162,1.242760493339511,1.2427606871762835,1.2427609260098649,1.2427612002413035,1.2427614988154891,1.2427618097746616,1.2427621207924904,1.242762419684231,1.2427626948633497,1.242762935761571,1.2427631332600142,1.2427632798779027,1.2427633701028673,1.242763400612318
1.2425676954067013,1.242567656968461,1.242567543050072,1.2425673574268545,1.242567106206193,1.2425667976995551,1.24256644213288,1.2425660512914005,1.2425656381516885,1.2425652164592373,1.2425648002429428,1.2425644032765286,1.2425640385063954,1.2425637174634598,1.2425634496745404,1.2425632420929744,1.242563098574277,1.242563019432758,1.242563001127154,1.2425630361370328,1.2425631131074495,1.2425632173539496,1.2425633318260214,1.2425634386068907,1.2425635209519856,1.2425635656990677,1.2425635655841027,1.2425635206041146,1.2425634380185708,1.2425633309886586,1.2425632162616411,1.2425631117592197,1.2425630345369367,1.2425629992818967,1.2425630173478945,1.2425630962510372,1.242563239527452,1.2425634468599256,1.2425637143941688,1.2425640351828828,1.2425643997100875,1.2425647964577553,1.2425652124908433,1.2425656340423983,1.2425660470755269,1.2425664378270251,1.2425667933038937,1.2425671016830844,1.2425673527698233,1.2425675382973922,1.2425676520908497,1.242567690497879
1.2423285546811407,1.2423285063423726,1.2423283628881954,1.242328128544461,1.2423278101757902,1.2423274171435486,1.242326960997585,1.2423264550958222,1.2423259142064824,1.2423253540561958,1.2423247908103618,1.2423242405000827,1.2423237184151488,1.2423232384811185,1.2423228126355066,1.2423224502221062,1.2423221574302759,1.2423219368155718,1.242321786951122,1.2423217022724464,1.2423216731943856,1.2423216865923616,1.2423217267458966,1.242321776821837,1.242321820899774,1.2423218463725243,1.2423218462555718,1.2423218205466053,1.2423217762268433,1.242321725903099,1.2423216854980315,1.2423216718481649,1.2423217006765328,1.2423217851075232,1.2423219347233811,1.242322155084647,1.2423224476159378,1.2423228097635852,1.2423232353444849,1.24232371502352,1.242324236872897,1.242324786975319,1.2423253500457698,1.2423259100569557,1.2423264508350973,1.2423269566262443,1.2423274126533603,1.2423278055471472,1.2423281237608694,1.2423283580013593,1.2423285013254537,1.2423285496220078
1.2420460203105463,1.24204595992253,1.2420457805286669,1.2420454869126278,1.242045086865025,1.2420445910227196,1.242044012542676,1.242043366694689,1.2420426704284868,1.2420419418849529,1.2420411998344165,1.242040463060118,1.2420397497071718,1.2420390766154943,1.2420384586525481,1.2420379080641974,1.2420374338709785,1.242037041346602,1.2420367316290364,1.242036501527666,1.2420363436061423,1.2420362466338242,1.2420361965043816,1.2420361776987994,1.2420361752951412,1.2420361773578865,1.2420361772402895,1.2420361749402595,1.2420361771015012,1.2420361956588188,1.2420362455354557,1.2420363422528133,1.2420364999191504,1.2420367297649508,1.242037039224693,1.24203743148672,1.2420379054124453,1.2420384557313373,1.2420390734298659,1.2420397462700812,1.242040459391571,1.2420411959590734,1.2420419378268652,1.2420426662122417,1.2420433623468166,1.2420440080669721,1.2420445864047083,1.2420450821023379,1.2420454819974374,1.2420457755031806,1.2420459547637768,1.242046015095028
1.2417201369669932,1.2417200622003224,1.2417198399220604,1.2417194755888536,1.241718978100194,1.2417183596177654,1.2417176352172912,1.2417168224499902,1.2417159408701255,1.2417150115019018,1.2417140562276596,1.2417130971185548,1.2417121557302504,1.2417112523819716,1.2417104054359638,1.2417096305959763,1.241708940252436,1.2417083429118236,1.2417078427610058,1.2417074394308838,1.241707128039559,1.2417068996084795,1.2417067419509056,1.2417066411104265,1.2417065833518648,1.2417065575372865,1.2417065574202186,1.241706582997819,1.241706640512278,1.2417067411000946,1.2417068984977004,1.2417071266646853,1.2417074377912185,1.2417078408576572,1.2417083407458895,1.2417089378236037,1.2417096279025366,1.2417104024771684,1.2417112491616207,1.2417121522579093,1.2417130934087708,1.2417140523000854,1.2417150073772238,1.241715936565107,1.2417168179865359,1.2417176306104822,1.241718354856887,1.2417189731886544,1.241719470534524,1.2417198347557645,1.2417200569009386,1.2417201315975763
1.2413509573592119,1.2413508656638172,1.2413505929015138,1.2413501453305305,1.2413495331627005,1.2413487703596024,1.241347874259703,1.2413468651023336,1.2413457655103057,1.2413445999043138,1.2413433938328127,1.2413421732401406,1.2413409636986592,1.241339789623787,1.241338673489744,1.241337635065666,1.2413366907001768,1.241335852693335,1.2413351288069014,1.241334521977996,1.2413340303167115,1.2413336474819052,1.2413333635349153,1.2413331663495764,1.2413330435810708,1.2413329850262207,1.2413329849078358,1.2413330432223633,1.241333165741661,1.2413333626671381,1.2413336463453506,1.241334028907008,1.2413345202959958,1.2413351268570147,1.2413358504810175,1.2413366882292427,1.2413376323366172,1.2413386705005396,1.2413397863736189,1.241340960191076,1.241342169482354,1.2413433898370334,1.2413445956898708,1.241345761095816,1.2413468605074145,1.2413478695075928,1.2413487654515374,1.2413495281022184,1.2413501401334401,1.241350587587468,1.2413508602112977,1.2413509518223045
1.2409385427168649,1.2409384312898057,1.2409380996789865,1.2409375550824213,1.2409368092540642,1.240935878263921,1.240934782096277,1.2409335441296847,1.240932190568776,1.2409307497971787,1.2409292516397037,1.2409277265578411,1.240926204807123,1.2409247155768608,1.2409232861308206,1.2409219409701224,1.2409207010468748,1.2409195830691733,1.2409185989490292,1.2409177554589106,1.240917054177389,1.2409164918190319,1.2409160610487902,1.2409157518597689,1.2409155535170793,1.2409154569003011,1.240915456776487,1.2409155531423879,1.2409157512263143,1.2409160601475397,1.2409164906431138,1.2409170527248596,1.2409177537332265,1.2409185969572212,1.2409195808188367,1.2409206985426549,1.2409219382112937,1.2409232831113242,1.2409247122893805,1.2409262012492785,1.2409277227332525,1.2409292475569527,1.2409307454747245,1.2409321860321332,1.240933539402465,1.24093477720342,1.2409358732149027,1.2409368040495392,1.2409375497356843,1.2409380941992463,1.2409384256585136,1.2409385369886747
1.2404829633959884,1.2404828291383734,1.2404824294246963,1.2404817725393884,1.2404808720342442,1.2404797464349615,1.2404784188023443,1.2404769161595925,1.240475268865584,1.2404735098968716,1.2404716740314254,1.2404697969605631,1.240467914359575,1.2404660609399782,1.2404642695026888,1.240462570015499,1.2404609887445004,1.240459547481684,1.2404582629213163,1.2404571462514564,1.2404562030408108,1.2404554335166667,1.24045483333494,1.2404543949219096,1.2404541093903965,1.240453968862592,1.2404539687305187,1.240454108992086,1.240454394252728,1.2404548323904325,1.2404554322948254,1.240456201543926,1.2404571444858181,1.240458260895228,1.240459545202274,1.2404609862137728,1.2404625672281464,1.2404642664468128,1.2404660576014246,1.2404679107304508,1.2404697930445965,1.2404716698413605,1.2404735054546225,1.2404752642037666,1.2404769113092462,1.2404784137864737,1.2404797412603843,1.2404808666922464,1.240481767033042,1.2404824237560954,1.2404828232996397,1.2404829574504919
1.2399842995834482,1.2399841390512598,1.2399836609473653,1.2399828748011945,1.2399817962453865,1.2399804466509798,1.2399788526403521,1.2399770454511687,1.239975060239921,1.2399729352819002,1.2399707110641909,1.2399684293016735,1.23996613190775,1.2399638599458207,1.2399616525817792,1.239959546062716,1.2399575727535797,1.2399557602757982,1.2399541308019926,1.2399527005737783,1.2399514797226054,1.239950472489526,1.2399496779455892,1.2399490912932691,1.2399487057520469,1.2399485148598912,1.2399485147204037,1.239948705332504,1.2399490905918151,1.2399496769616922,1.2399504712255833,1.2399514781850571,1.2399526987718468,1.2399541287449851,1.2399557579692262,1.2399575701947765,1.2399595432396338,1.2399616494763153,1.2399638565395155,1.2399661281901124,1.2399684252783614,1.2399707067561436,1.2399729307189469,1.2399750554597655,1.2399770404892168,1.2399788475153606,1.2399804413590922,1.2399817907634891,1.2399828691199268,1.2399836550673617,1.23998413298336,1.2399842934016023
1.239442642104717,1.2394424514510363,1.2394418834713166,1.2394409491184086,1.2394396664186311,1.2394380600247326,1.2394361606667272,1.2394340044402818,1.239431632026011,1.2394290877933192,1.2394264187878907,1.239423673637345,1.2394209014073558,1.239418150437359,1.239415467177986,1.2394128950567567,1.2394104734064353,1.2394082365020551,1.2394062127629137,1.2394044241871083,1.2394028860984725,1.2394016073016705,1.2394005907476777,1.2393998347907316,1.2393993350402908,1.2393990866392621,1.2393990864968907,1.2393993346119536,1.2393998340742687,1.239400589742401,1.2394016060104909,1.2394028845291836,1.239404422350659,1.2394062106699943,1.2394082341581025,1.2394104708061384,1.2394128921827001,1.2394154640066717,1.239418146948629,1.2394208975922818,1.2394236695048326,1.2394264143654856,1.2394290831183061,1.2394316271382428,1.2394339993734598,1.2394361554328115,1.239438054607564,1.2394396607821454,1.2394409432453926,1.2394418773677554,1.2394424451497175,1.2394426356837371
1.2388580933599418,1.2388578682690015,1.2388571975386797,1.2388560937541986,1.2388545776850963,1.2388526777552589,1.238850429417354,1.2388478743519784,1.2388450595857432,1.2388420364815067,1.2388388596025337,1.2388355854900925,1.2388322713880218,1.2388289739456897,1.2388257479242684,1.2388226449338955,1.2388197122391078,1.238816991680774,1.2388145187734911,1.2388123220467349,1.2388104227095758,1.2388088347343043,1.2388075654615427,1.23880661680854,1.2388059870845802,1.238805673244179,1.2388056731049244,1.2388059866639998,1.238806616100193,1.2388075644591257,1.238808833435772,1.2388104211198616,1.2388123201763275,1.2388145166344522,1.2388169892806178,1.2388197095744318,1.2388226419878026,1.2388257446721413,1.2388289703675022,1.238832267477838,1.2388355812597627,1.238838855081099,1.238842031707371,1.2388450545961605,1.2388478691746188,1.238850424057476,1.2388526721893596,1.238854571872314,1.2388560876783954,1.2388571912159627,1.2388578617491455,1.2388580867130718
1.2382307683872957,1.2382305040023525,1.23822971604254,1.2382284189735933,1.2382266367052823,1.238224401985285,1.2382217556837491,1.2382187458883551,1.2382154269024563,1.2382118581008008,1.2382081026495901,1.2382042261344657,1.238200295133218,1.2381963757662133,1.2381925322530696,1.2381888255041669,1.2381853117872645,1.2381820415200369,1.2381790582502903,1.2381763978930695,1.238174088304517,1.2381721492872428,1.238170593129809,1.2381694257624227,1.2381686485330599,1.2381682604338369,1.2381682603030861,1.2381686481350627,1.2381694250827275,1.238170592151286,1.238172147997568,1.2381740867017075,1.2381763959855896,1.2381790560526453,1.2381820390445937,1.2381853090365322,1.2381888224674418,1.2381925289105014,1.2381963721003526,1.2382002911397287,1.2382042218248237,1.2382080980479275,1.2382118532380928,1.2382154218075467,1.238218740581432,1.2382217501674302,1.238224396238626,1.238226630694731,1.2382284126936665,1.238229709520161,1.2382304972923242,1.2382307615390766
1.2375607960729376,1.2375604869161205,1.2375595654022742,1.237558048170796,1.2375559627285948,1.2375533467767141,1.2375502473919815,1.2375467200017323,1.2375428272420503,1.2375386376546,1.237534224238626,1.2375296629039472,1.2375250308676427,1.2375204050287294,1.2375158603536525,1.23751146830271,1.2375072953401896,1.2375034015821498,1.2374998396463484,1.237496653774491,1.23749387930659,1.237491542601476,1.2374896615057511,1.2374882464534127,1.2374873022004809,1.2374868300231168,1.2374868299032986,1.2374873018316286,1.2374882458110705,1.2374896605593873,1.2374915413259613,1.237493877690912,1.2374966518241743,1.2374998373793988,1.2375033990187618,1.237507292492208,1.2375114651685233,1.237515856920938,1.2375204012838128,1.23752502680529,1.2375296585304774,1.237534219567922,1.2375386327042779,1.237542822028881,1.2375467145394987,1.2375502416866888,1.2375533408206916,1.2375559565067515,1.2375580416948624,1.2375595587066086,1.2375604800460225,1.2375607890496145
1.236848320526083,1.2368479604090503,1.2368468868993208,1.2368451191509802,1.2368426887980828,1.2368396392181422,1.2368360245968728,1.236831908763889,1.2368273638893124,1.2368224689942886,1.236817308307325,1.2368119695129922,1.2368065419440355,1.2368011147532874,1.2367957751027276,1.236790606402498,1.2367856866447315,1.2367810868897102,1.2367768699715924,1.236773089494857,1.2367697892008527,1.2367670027975282,1.2367647543538993,1.236763059341072,1.2367619263239291,1.2367613591302669,1.2367613590196802,1.2367619259793454,1.2367630587285912,1.236764753430552,1.2367670015267151,1.2367697875639871,1.236773087495709,1.2367768676322266,1.2367810842385878,1.23678568370353,1.2367906031783307,1.2367957715895193,1.236801110939776,1.2368065378218487,1.2368119650799418,1.2368173035646972,1.2368224639452376,1.2368273585392633,1.2368319031236292,1.236836018681223,1.2368396330395417,1.2368426823650132,1.2368451124930027,1.2368468800521428,1.23684795339711,1.2368483133438568
1.236093502639927,1.2360930845625122,1.2360918381902022,1.2360897855821218,1.2360869631155116,1.2360834206794646,1.2360792206057951,1.236074436343671,1.2360691509691402,1.2360634554786853,1.2360574469178982,1.2360512263925747,1.2360448970229039,1.236038561881321,1.236032321955949,1.2360262741764243,1.2360205095490828,1.2360151114629048,1.2360101542362143,1.2360057019762256,1.2360018078299522,1.2359985137181737,1.235995850652767,1.2359938397182184,1.2359924937203108,1.235991819326686,1.2359918192193156,1.2359924933833497,1.2359938391121115,1.2359958497273438,1.2359985124306465,1.2360018061583053,1.2360056999247808,1.2360101518310078,1.236015108738291,1.2360205065328576,1.2360262708803684,1.236032318376177,1.2360385580059294,1.2360448928392216,1.2360512218899937,1.236057442086985,1.2360634503117094,1.2360691454646697,1.236074430513858,1.236079214477055,1.2360834142849255,1.2360869564845685,1.2360897787564449,1.236091831200055,1.2360930774073278,1.236093495297909
1.235296521867496,1.2352960379002171,1.2352945950209973,1.2352922186365567,1.2352889505822295,1.2352848482260979,1.235279983243367,1.2352744401036329,1.235268314361942,1.235261710700752,1.2352547407932473,1.2352475210388352,1.2352401702407256,1.2352328072735432,1.2352255487877504,1.2352185069928083,1.2352117875686401,1.2352054877708678,1.2351996948027084,1.2351944845264275,1.2351899205915235,1.2351860540693391,1.2351829236923977,1.2351805567776082,1.2351789708339482,1.2351781756765476,1.2351781755642781,1.2351789704821832,1.2351805561464415,1.2351829227319386,1.235186052738292,1.2351899188703237,1.2351944824225463,1.2351996923450577,1.2352054849954923,1.2352117845030794,1.2352185036467709,1.2352255451540877,1.2352328033364934,1.2352401659835484,1.2352475164459444,1.2352547358501351,1.2352617053955721,1.2352683086925622,1.2352744340870427,1.235279976916846,1.2352848416380946,1.2352889437743335,1.2352922116527523,1.2352945878808244,1.2352960305820273,1.2352965143484977
1.234457578245124,1.2344570193916105,1.2344553531746125,1.2344526088500867,1.2344488345391293,1.2344440962107956,1.2344384762697174,1.23443207182403,1.2344249927183955,1.2344173592842371,1.2344092998929663,1.2344009483718514,1.2343924413602094,1.234383915664815,1.234375505667102,1.2343673408301543,1.2343595433585766,1.2343522260807729,1.2343454906295697,1.2343394259946245,1.234334107521835,1.234329596446838,1.2343259400579083,1.2343231725647428,1.2343213166698888,1.2343203856608105,1.2343203855360203,1.2343213162824809,1.2343231718799117,1.2343259390332484,1.2343295950494777,1.2343341057397916,1.2343394238405965,1.2343454881336902,1.2343522232761839,1.2343595402663619,1.234367337451521,1.2343755019867633,1.234383911660902,1.2343924370130301,1.234400943665627,1.23440929481517,1.234417353826503,1.2344249868836121,1.2344320656354648,1.2344384697716886,1.2344440894579105,1.2344488275740866,1.234452601709284,1.2344553458651475,1.2344570118807652,1.2344575705233323
1.2335768947000012,1.233576250735672,1.2335743306867912,1.2335711682313333,1.2335668187335767,1.233561358065564,1.2335548809691985,1.2335474990653532,1.233539338579366,1.2335305377514827,1.233521244026683,1.2335116110990045,1.233501795894307,1.2334919555646358,1.233482244554395,1.2334728117931502,1.2334637980730225,1.2334553336841951,1.2334475363875803,1.2334405097981584,1.2334343422514467,1.233429106236689,1.2334248584881558,1.2334216408068723,1.2334194816040365,1.233418397978446,1.2334183978368871,1.2334194811693695,1.2334216400526097,1.2334248573837536,1.2334291047616412,1.2334343404037813,1.2334405075964336,1.233447533861891,1.233455330861839,1.2334637949649883,1.23347280838861,1.2334822408273152,1.2334919514862963,1.2335017914434632,1.2335116062636777,1.233521238801897,1.2335305321379781,1.2335393325884336,1.233547492725578,1.233554874326485,1.2335613511711,1.2335668116218683,1.2335711609249531,1.2335743231833174,1.2335762430039992,1.2335768867520234
1.2326547196841948,1.2326539789668858,1.2326517703712643,1.2326481326591043,1.2326431295465883,1.2326368483209358,1.2326293979299143,1.2326209066827465,1.2326115196074225,1.2326013954623114,1.2325907034988504,1.2325796200721577,1.232568325189482,1.2325569990863596,1.232545818901194,1.2325349555107261,1.2325245705907266,1.2325148139796258,1.2325058214269822,1.2324977127995878,1.2324905908138892,1.2324845403734983,1.2324796285982083,1.2324759056106818,1.2324734060646318,1.2324721512189623,1.2324721510609669,1.2324734055837032,1.2324759047887457,1.2324796274166478,1.232484538823917,1.2324905889034887,1.232497710551534,1.2325058188706113,1.2325148111362674,1.2325245674616148,1.2325349520737516,1.2325458151202642,1.2325569949267619,1.232568320629538,1.2325796151054587,1.2325906981300494,1.2326013897028396,1.232611513476667,1.2326209002113968,1.232629391160112,1.232636841293869,1.2326431222845793,1.2326481251708616,1.2326517626519482,1.2326539709980897,1.2326547114990052
1.231691330186365,1.2316904794344634,1.2316879427031782,1.2316837646126142,1.23167801851915,1.2316708048843732,1.2316622490376996,1.2316524985073392,1.2316417199364897,1.2316300956226773,1.23161781977677,1.2316050946246742,1.231592126449578,1.2315791216827838,1.2315662831279108,1.2315538063899027,1.2315418765809958,1.2315306653861962,1.2315203285726033,1.2315110040132675,1.2315028102891004,1.2314958459409893,1.2314901894521484,1.2314859000181313,1.2314830190783175,1.2314815724031642,1.2314815722326413,1.2314830185622025,1.2314858991448114,1.231490188211499,1.2314958443325221,1.2315028083254789,1.2315110017195432,1.2315203259768785,1.2315306625060372,1.2315418734118175,1.2315538029029256,1.2315662792808095,1.2315791174372108,1.2315921217842158,1.2316050895380504,1.2316178142813683,1.2316300897376637,1.2316417136851094,1.2316524919175198,1.2316622421439392,1.231670797716437,1.231678011090143,1.2316837569238557,1.231687934756431,1.2316904712295809,1.2316913217695282
1.2306870351790926,1.2306860592126463,1.2306831491174566,1.2306783562874768,1.230671765224078,1.230663491615765,1.2306536797128984,1.2306424992125706,1.230630141647212,1.2306168163603801,1.2306027461697127,1.2305881628681816,1.2305733026742869,1.2305584017584237,1.230543691947984,1.2305293966937874,1.230515727379028,1.2305028800593045,1.2304910327200034,1.2304803431177003,1.2304709472617332,1.230462958599243,1.2304564679751375,1.2304515444126882,1.2304482366748104,1.2304465753873355,1.2304465752096987,1.2304482361387066,1.2304515435101913,1.2304564667001725,1.230462956953637,1.2304709452584894,1.2304803407801455,1.2304910300741974,1.2305028771217972,1.2305157241448512,1.2305293931339456,1.230543688019643,1.2305583974232508,1.2305732979124113,1.230588157681151,1.230602740573282,1.2306168103749462,1.2306301352926754,1.2306424925086632,1.2306536726849535,1.2306634842861557,1.2306717576055348,1.2306783483844885,1.230683140945892,1.2306860507888369,1.2306870265500056
1.2296421795714043,1.2296410610104096,1.2296377257877529,1.2296322331588576,1.2296246805378872,1.2296152012447563,1.229603961423025,1.2295911563860424,1.2295770063759777,1.229561751863764,1.2295456485039598,1.229528961924088,1.2295119624791535,1.2294949201195948,1.2294780994965775,1.2294617554014264,1.2294461286305851,1.2294314423721664,1.229417899201861,1.229405678748447,1.2293949360744507,1.2293858008235885,1.2293783771944131,1.2293727447705374,1.2293689601490259,1.2293670591316872,1.229367058951259,1.2293689596051551,1.2293727438570927,1.2293783759063628,1.2293857991609003,1.2293949340458854,1.2294056763718986,1.229417896499839,1.2294314393616788,1.2294461253105404,1.2294617517482087,1.2294780954724267,1.2294949156903703,1.2295119576282976,1.2295289566547336,1.229545642830239,1.2295617457997776,1.229576999930328,1.2295911495655216,1.2296039542445776,1.229615193730959,1.2296246727122362,1.2296322250394867,1.2296377174073838,1.2296410523936885,1.2296421707549245
1.2285571487501201,1.2285558676621424,1.2285520479630205,1.228545758062669,1.2285371103753864,1.2285262586819263,1.228513394510147,1.2284987428307996,1.228482557065931,1.2284651135765432,1.2284467057730744,1.2284276380572912,1.2284082197551294,1.2283887592137535,1.2283695582117065,1.2283509067969838,1.2283330786559628,1.2283163271182922,1.2283008818865944,1.228286946541929,1.2282746968554634,1.2282642799427907,1.2282558143034585,1.2282493907556251,1.2282450741830553,1.2282429058383935,1.2282429056568416,1.2282450736365023,1.2282493898396856,1.2282558130134444,1.2282642782754083,1.2282746948129344,1.228286944134114,1.2283008791305163,1.2283163240308164,1.2283330752411363,1.2283509030390807,1.2283695540813808,1.2283887546844716,1.2284082148160542,1.2284276327133279,1.2284467000340336,1.2284651074449964,1.2284825505335544,1.2284987358888064,1.228513387169267,1.228526250972547,1.228537102340262,1.2285457497396577,1.2285520393981506,1.2285558588770558,1.2285571397660604
1.2274323738115147,1.2274309072979563,1.2274265349537592,1.2274193358781347,1.2274094399594422,1.2273970247830361,1.2273823113767859,1.2273655591225403,1.2273470598682674,1.2273271314389735,1.2273061107367844,1.227284346670774,1.2272621931145165,1.2272400020964616,1.2272181174015866,1.2271968687216015,1.2271765664702414,1.2271574973790582,1.2271399209632066,1.227124066895363,1.2271101332972667,1.2270982859651298,1.2270886585486653,1.2270813536660332,1.2270764448399563,1.2270739789724612,1.227073978789273,1.2270764442896736,1.2270813527470237,1.2270886572574944,1.2270982842962297,1.227110131246636,1.2271240644641823,1.2271399181617069,1.2271574942223367,1.2271765629659983,1.2271968648607379,1.2272181131627353,1.2272399974615913,1.2272621880802617,1.2272843412455137,1.227306104926885,1.2273271252352094,1.2273470532449182,1.227365552056142,1.2273823038745686,1.2273970168873436,1.227409431733693,1.2274193273782983,1.2274265262300146,1.2274308983586504,1.227432364666268
1.226268337606697,1.2262666593138323,1.2262616558796187,1.22625341891153,1.2262420987113238,1.226227900634868,1.2262110800797346,1.2261919364511502,1.226170806200213,1.2261480551599908,1.2261240704327776,1.226099252107804,1.226074005056069,1.2260487310490518,1.2260238214161532,1.2259996504055073,1.2259765693816687,1.2259549019869143,1.2259349403554185,1.2259169424011882,1.2259011301612088,1.2258876891825212,1.2258767689425072,1.2258684842474419,1.225862917453414,1.225860121192781,1.2258601210070015,1.225862916896749,1.225868483321555,1.2258767676460405,1.2258876875091376,1.2259011281023449,1.225916939950713,1.2259349375173958,1.2259548987741642,1.225976565803405,1.2259996464555372,1.2260238170768811,1.2260487263079278,1.2260739999164394,1.2260992465832998,1.2261240645302938,1.226148048863928,1.2261707994734166,1.2261919292607109,1.2262110724323272,1.2262278925840102,1.2262420903339424,1.2262534102714955,1.2262616470186058,1.2262666502207866,1.2262683282907243
1.2250655817497662,1.225063661287566,1.2250579363146015,1.2250485131021425,1.2250355658636678,1.2250193324428713,1.2250001083878943,1.2249782397768014,1.224954114963106,1.2249281554972136,1.2249008065535776,1.2248725271924072,1.2248437807629566,1.2248150257492054,1.224786707319433,1.2247592497776247,1.2247330500719262,1.2247084724996729,1.2246858446964113,1.2246654549063596,1.2246475504793284,1.2246323375452015,1.2246199818145214,1.2246106103999639,1.2246043144503191,1.2246011522361677,1.2246011520481495,1.2246043138879221,1.2246106094670741,1.2246199805107663,1.2246323358633362,1.224647548407568,1.2246654524340088,1.224685841824398,1.2247084692407357,1.2247330464365074,1.2247592457588479,1.2247867028972799,1.224815020909964,1.2248437755122565,1.224872521548928,1.2249008005294548,1.224928149079589,1.2249541081144941,1.2249782324640028,1.2250001006205171,1.2250193242810943,1.2250355573847849,1.2250485043616663,1.2250579273323052,1.2250636520319127,1.2250655722430088
1.2238247147677703,1.2238225170165153,1.2238159659956034,1.223805185198563,1.2237903769205225,1.2237718171170453,1.2237498483695257,1.223724871333187,1.2236973349196383,1.2236677255110386,1.223636555624217,1.2236043524174989,1.2235716464224111,1.2235389608696816,1.2235068019321258,1.2234756501238315,1.2234459530385524,1.2234181195820257,1.2233925157816041,1.2233694621387425,1.2233492324222552,1.223332053802564,1.223318108220712,1.223307534819632,1.2233004331619717,1.223296866817647,1.2232968666297657,1.2233004325999346,1.2233075338866595,1.2233181069139105,1.2233320521111826,1.2233492303311722,1.2233694596355962,1.2233925128688705,1.2234181162772835,1.2234459493562508,1.223475646055106,1.2235067974489195,1.2235389559492,1.2235716410654591,1.2236043466446405,1.2236365494555062,1.2236677189450327,1.223697327930575,1.2237248638982754,1.2237498405055913,1.223771808885761,1.2237903683859352,1.223805176391282,1.2238159569029823,1.2238225075896125,1.223824705051708
1.2225464216075237,1.2225439058885181,1.2225364077938552,1.2225240710847074,1.2225071311160203,1.2224859086734594,1.222460801587502,1.2224322745148641,1.2224008472246797,1.222367081745759,1.2223315688952203,1.2222949146620574,1.222257726922729,1.2222206029442597,1.2221841180770405,1.2221488159305114,1.2221152002496773,1.2220837286661197,1.2220548083996663,1.2220287938337864,1.2220059858011694,1.221986632412082,1.221970931244391,1.221959032633833,1.2219510437023362,1.2219470326357018,1.2219470324518946,1.22195104315097,1.221959031713287,1.2219709299442556,1.2219866307139944,1.2220059836852113,1.2220287912879453,1.2220548054326468,1.2220837253062142,1.2221151965202608,1.2221488118224202,1.2221841135514584,1.2222205979633352,1.2222577214755042,1.2222949087658437,1.2223315625771771,1.222367075020122,1.22240084008503,1.2224322669567043,1.2224607936387533,1.2224859003944828,1.2225071225496227,1.2225240622269185,1.2225363985964366,1.2225438962914028,1.2225464116791267
1.2212314747585424,1.2212285938406575,1.2212200081897506,1.2212058854720422,1.2211865000549516,1.2211622255935282,1.221133524997189,1.2211009381916709,1.2210650680991162,1.221026565274576,1.220986111839022,1.2209444052833875,1.2209021427410585,1.2208600062932897,1.220818649811793,1.2207786877035183,1.2207406858200842,1.2207051547301564,1.220672545418993,1.220643247282436,1.2206175881710597,1.2205958362287048,1.2205782032412404,1.2205648491165324,1.220555887022984,1.220551388604788,1.2205513884292534,1.2205558864933315,1.2205648482218856,1.220578201958563,1.2205958345281318,1.220617586026524,1.2206432446835034,1.2206725423834761,1.2207051513011298,1.220740682034476,1.2207786835555812,1.2208186452530827,1.2208600012693827,1.2209021372257913,1.2209443992862938,1.2209861053904911,1.2210265584023143,1.2210650608154878,1.2211009305113623,1.2211335169602158,1.22116221725939,1.2211864914465225,1.221205876553391,1.2212199988849144,1.2212285840878299,1.2212314646392517
1.219880747305194,1.2198774462133515,1.2198676095414065,1.2198514332195196,1.2198292377568738,1.2198014593129125,1.21976863766081,1.219731401500266,1.2196904516299503,1.219646542525312,1.219600463104525,1.219553017385299,1.2195050057808694,1.21945720774097,1.2194103663711175,1.219365175492678,1.2193222694635222,1.2192822159899261,1.2192455119759893,1.219212582204842,1.2191837805004433,1.2191593929990108,1.2191396431061712,1.2191246976042136,1.2191146732960751,1.2191096434823392,1.2191096433179514,1.2191146727955506,1.219124696744094,1.2191396418473333,1.2191593912980134,1.2191837783250794,1.2192125795472515,1.2192455088632976,1.2192822124804163,1.219322265609772,1.219365171295983,1.2194103617774548,1.2194572026828303,1.2195050002187868,1.2195530113197055,1.2196004565640894,1.2196465355430648,1.219690444227812,1.2197313937046186,1.2197686295205545,1.2198014508893487,1.2198292290629298,1.2198514242026237,1.2198676001165416,1.2198774363288913,1.2198807370390654
1.2184952282860806,1.2184914428716334,1.2184801644991128,1.2184616225990508,1.2184361923733118,1.218404384048848,1.2183668284156632,1.2183242591707921,1.218277492671017,1.2182274057772873,1.2181749127411297,1.218120942004396,1.2180664138471937,1.218012219777493,1.217959204459243,1.217908150772867,1.2178597684050092,1.2178146862392094,1.2177734485689677,1.2177365148314017,1.2177042623696208,1.217676991699545,1.2176549336707625,1.217638257778144,1.2176270808309984,1.2176214751160892,1.2176214749627639,1.2176270803587546,1.2176382569501671,1.2176549324323596,1.2176769899949065,1.2177042601618855,1.2177365121159511,1.2177734453800815,1.2178146826469884,1.2178597644759874,1.217908146516882,1.2179591998216082,1.2180122146847427,1.218066408253126,1.2181209359028684,1.218174906155057,1.2182273987338847,1.218277485187287,1.2183242512716155,1.2183668201527735,1.218404375488787,1.2184361835335096,1.2184616134326098,1.2184801549355029,1.2184914328807919,1.2184952179264172
1.2170760408149655,1.217071696040992,1.2170587529911547,1.217037480893246,1.2170083199082136,1.2169718682225403,1.2169288646646588,1.2168801674574214,1.2168267298068585,1.2167695731846901,1.2167097594457643,1.2166483628785292,1.216586443353519,1.2165250217148775,1.216465058424827,1.216407436228371,1.2163529473433352,1.2163022854980134,1.2162560428048264,1.2162147110396766,1.2161786866523565,1.2161482787763496,1.216123719378524,1.216105174533333,1.2160927557972339,1.2160865306115465,1.2160865304646433,1.2160927553401584,1.2161051737192317,1.2161237181428848,1.2161482770564744,1.2161786844101319,1.2162147082740042,1.216256039553146,1.2163022818352767,1.2163529433441471,1.2164074319094207,1.2164650537342852,1.2165250165814332,1.2165864377333744,1.2166483567644073,1.216709752852492,1.2167695661232945,1.216826722275634,1.2168801594667882,1.2169288562636167,1.2169718594858498,1.2170083108709755,1.2170374715342882,1.217058743273967,1.2170716859632493,1.2170760304066102
1.21562446350877,1.2156194713944821,1.2156046022922755,1.2155801727933138,1.2155467003455858,1.215504887794361,1.2154556024997467,1.21539985075862,1.2153387483294542,1.215273488136773,1.215205306509935,1.2151354493566078,1.2150651397263923,1.2149955482427672,1.2149277677036694,1.2148627928451574,1.2148015059267405,1.214744668523714,1.2146929194706555,1.2146467783514632,1.2146066536231566,1.2145728543613727,1.2145456044322822,1.2145250577231728,1.2145113131082863,1.2145044278093524,1.2145044276592003,1.2145113126402654,1.2145250568881247,1.2145456031659898,1.214572852604099,1.2146066513421052,1.214646775549755,1.2146929161832578,1.2147446648198852,1.2148015018793745,1.2148627884730134,1.214927762958599,1.2149955430616897,1.2150651340765484,1.215135443236337,1.215205299926299,1.2152734810791432,1.2153387407695044,1.215399842684971,1.2154555939561449,1.215504878864973,1.215546691090338,1.2155801632267766,1.215604592420704,1.215619461241404,1.215624453075991
1.2141419558770783,1.214136213034626,1.2141191107879634,1.2140910221605312,1.2140525566751879,1.2140045419034269,1.2139479984222665,1.213884109037419,1.2138141831646858,1.2137396177095168,1.2136618560439045,1.2135823468689435,1.2135025048013353,1.213423674596011,1.2133471007117378,1.2132739035197593,1.2132050630290099,1.2131414105957223,1.2130836284979372,1.2130322565337346,1.2129877044142376,1.2129502685619429,1.2129201516630217,1.212897483152837,1.2128823389247858,1.2128747585733177,1.2128747584073678,1.212882338412,1.212897482251644,1.2129201503221074,1.2129502667374126,1.2129877020876962,1.2130322537145064,1.2130836252124018,1.213141406894518,1.2132050589710008,1.2132738991186756,1.2133470959212707,1.2134236693634923,1.2135024991100563,1.213582340728778,1.2136618494583917,1.2137396106495197,1.2138141755760081,1.213884100886878,1.2139479897481824,1.214004532797062,1.214052547220374,1.2140910124056565,1.2141191007786718,1.2141362028111342,1.2141419454214626
1.2126301884554775,1.2126235731407011,1.2126038761712665,1.2125715378311643,1.2125272774127023,1.2124720712926327,1.2124071229895492,1.212333826182831,1.212253721670319,1.2121684498930025,1.2120797009244377,1.2119891641888405,1.2118984802684274,1.2118091972793748,1.2117227340914503,1.211640352120944,1.2115631368679627,1.211491989782095,1.2114276302381028,1.2113706064573142,1.2113213137158845,1.211280017942474,1.2112468824354965,1.2112219952942664,1.21120539535971,1.2111970945269832,1.2111970943345454,1.2112053947724981,1.2112219942863005,1.211246880980124,1.21128001602388,1.211321311338315,1.211370603639115,1.2114276269922297,1.2114919861288111,1.211563132841657,1.2116403477237019,1.2117227292744195,1.2118091919970941,1.211898474520087,1.2119891579997317,1.2120796943024943,1.2121684428018435,1.212253714038858,1.2123338179624603,1.2124071142135167,1.2124720620533218,1.2125272678093082,1.2125715279350442,1.212603866054868,1.212623562847662,1.2126301779613828
1.2110910786085758,1.211083447197918,1.2110607289570376,1.2110234442903194,1.2109724433458828,1.2109088801150742,1.2108341767999986,1.2107499794909937,1.2106581062047417,1.2105604891835797,1.2104591137374177,1.2103559564608408,1.21025292590197,1.2101518089247183,1.2100542258259348,1.2099615965615673,1.2098751196650972,1.2097957646119137,1.2097242772575263,1.2096611967358035,1.2096068815602539,1.2095615423359436,1.209525277984471,1.2094981123171968,1.2094800281187028,1.209470996042294,1.209470995819408,1.209480027445456,1.2094981111863017,1.2095252763993438,1.209561540314952,1.2096068791338188,1.2096611939326198,1.2097242740749976,1.2097957610345198,1.2098751156996637,1.209961592196727,1.210054221005119,1.210151803601358,1.2102529200853913,1.210355950192211,1.2104591070378514,1.2105604820235503,1.210658098510026,1.210749971208352,1.2108341679589107,1.2109088708029465,1.2109724336639218,1.211023434316947,1.211060718772724,1.211083436835819,1.2110910680522429
1.209526833081322,1.2095180158822918,1.2094917723658396,1.2094487182161928,1.2093898594129633,1.209316561874589,1.2092305093461342,1.2091336504992232,1.2090281363357283,1.2089162499966413,1.2088003317408915,1.2086827026147176,1.208565590855956,1.2084510653356726,1.2083409801887464,1.2082369339076153,1.2081402450679646,1.2080519456806502,1.207972791563336,1.2079032874796385,1.2078437239451592,1.2077942221299212,1.2077547826591286,1.2077253341725933,1.2077057779867624,1.207696025480718,1.207696025232602,1.2077057772421813,1.2077253329404753,1.2077547809683575,1.207794220028772,1.2078437214856645,1.20790328469769,1.2079727884432117,1.208051942176498,1.208140241164975,1.2082369295856,1.2083409753810943,1.2084510599857288,1.2085655849733763,1.2086826962515327,1.2088003249358736,1.2089162427368105,1.2090281285575015,1.209133642158328,1.20923050047331,1.2093165525502945,1.2093898497263362,1.2094487082349814,1.2094917621559027,1.209518005455034,1.2095268224409672
1.207939998534288,1.2079297948375447,1.2078994298092265,1.207849632098022,1.207781592836834,1.2076969304644345,1.2075976414373375,1.2074860374985958,1.207364670532595,1.2072362471798315,1.2071035365304963,1.2069692752768422,1.2068360756608913,1.206706342033031,1.2065822017150458,1.2064654547945686,1.2063575458839215,1.2062595591664869,1.2061722357638212,1.206096010238837,1.2060310619336103,1.2059773761712058,1.2059348096458549,1.2059031546273855,1.2058821972805214,1.2058717659155977,1.2058717656558375,1.2058821965035507,1.2059031533507454,1.205934807910953,1.205977374041835,1.206031059470722,1.206096007478154,1.2061722326830535,1.206259555703425,1.2063575420147423,1.206465450501298,1.2065821969236863,1.2067063366709159,1.2068360697282252,1.2069692688281677,1.2071035296192776,1.2072362398096887,1.2073646626590089,1.2074860290996312,1.2075976325550364,1.207696921175295,1.2077815832070118,1.2078496221687691,1.2078994196105057,1.2079297843541825,1.2079399877991726
1.20633352145113,1.2063216937416978,1.2062865013962174,1.2062288063578201,1.2061500189016596,1.2060520575442395,1.2059372921395612,1.205808470204049,1.2056686271797188,1.2055209826862967,1.205368826620068,1.2052154005717255,1.205063781626467,1.2049167765426927,1.2047768342577665,1.2046459833384406,1.2045257987146263,1.2044173994639449,1.2043214761118866,1.2042383428617827,1.204168008704539,1.2041102604284437,1.2040647498518586,1.2040310783420187,1.2040088726305986,1.2039978468350638,1.2039978465805583,1.204008871870544,1.2040310770938576,1.2040647481535611,1.2041102583376728,1.2041680062740918,1.2042383401205075,1.2043214730397005,1.2044173959968885,1.2045257948331791,1.2046459790407105,1.2047768294691528,1.204916771173543,1.2050637756630982,1.20521539406511,1.2053688196293277,1.2055209752229263,1.2056686192181238,1.2058084617519826,1.205937283260857,1.2060520483159551,1.2061500093626198,1.2062287965137775,1.206286491230328,1.206321683216996,1.2063335106287303
1.2047108189323807,1.2046970862056827,1.204656231075095,1.204589271667388,1.2044978760869713,1.204384317862572,1.2042514115270524,1.2041024273042549,1.2039409847856122,1.203770927201275,1.2035961805180233,1.2034206041979616,1.2032478430194578,1.2030811911138013,1.202923479565813,1.2027769971783029,1.20264345072556,1.202523967062344,1.202419134618634,1.2023290775457045,1.2022535538396975,1.2021920675632618,1.2021439847865778,1.2021086443253648,1.2020854557509415,1.202073978644215,1.2020739784097716,1.2020854550514073,1.202108643171701,1.2021439831996577,1.2021920655722687,1.2022535514735064,1.2023290748229036,1.2024191315307016,1.2025239635550364,1.2026434467909841,1.202776992838616,1.202923474753035,1.2030811857266441,1.203247837035376,1.203420597665056,1.2035961734906775,1.2037709196864637,1.203940976768501,1.2041024188194898,1.2042514026629787,1.2043843086972683,1.20449786663642,1.204589261905029,1.2046562209449794,1.2046970756627324,1.2047108080548758
1.2030758619448851,1.203059892135396,1.203012386203919,1.2029345434538337,1.2028283327011096,1.202696444648059,1.202542221060447,1.202369558010361,1.2021827813824115,1.20198649520814,1.2017854070343708,1.201584138749307,1.2013870354772658,1.201197988311887,1.2010202874678833,1.200856520060668,1.2007085218803417,1.2005773863253677,1.2004635264166401,1.2003667797838937,1.2002865439240236,1.200221927618329,1.2001719045125074,1.2001354574394858,1.2001117042335645,1.2000999981752838,1.2000999979733036,1.2001117036272573,1.200135456424886,1.2001719030835056,1.2002219257633946,1.200286541641569,1.2003667770816657,1.2004635233036867,1.200577382763431,1.2007085178715664,1.2008565156510616,1.2010202826024787,1.2011979828868322,1.201387029471438,1.2015841322131249,1.2017854000115549,1.2019864876923176,1.2021827733587918,1.2023695495301674,1.2025422122262657,1.2026964355306,1.2028283233047106,1.2029345337362514,1.2030123760972593,1.2030598816046396,1.203075851069182
1.2014332725184056,1.201414674162761,1.2013593514632641,1.2012687109179234,1.2011450677149,1.2009915979373487,1.2008122642196293,1.200611709412013,1.200395113429445,1.2001680116808862,1.1999360784502593,1.199704885282316,1.1994796513870132,1.1992650087004295,1.1990648063661322,1.198881976211033,1.1987184733151384,1.1985752958569584,1.1984525772900199,1.1983497352759094,1.1982656583820952,1.1981989102024686,1.198147932098188,1.198111230088333,1.1980875349162126,1.1980759279344435,1.1980759277719628,1.1980875344188746,1.198111229230171,1.1981479308400855,1.1981989084918483,1.1982656561882261,1.1983497325966366,1.1984525741537977,1.1985752922440616,1.1987184692303903,1.198881971720787,1.1990648014342133,1.1992650032280434,1.199479645360379,1.1997048787555518,1.1999360714571972,1.2001680042021603,1.2003951054445505,1.2006117009775954,1.2008122554332001,1.2009915888489708,1.2011450583297154,1.2012687011984386,1.2013593413621,1.2014146636691792,1.2014332617039831
1.1997884360822626,1.1997667495285944,1.1997022390235408,1.199596543226752,1.1994523692250616,1.199273449792459,1.1990644713099492,1.198830962667211,1.1985791352930089,1.198315668465929,1.1980474408418036,1.1977812194492374,1.19752332908876,1.1972793351863322,1.197053777920664,1.19684999130898,1.1966700289269372,1.1965147015879416,1.1963837147971974,1.1962758812723695,1.1961893795286427,1.1961220290051127,1.1960715566376643,1.1960358368925734,1.1960130930233206,1.1960020524645816,1.1960020523384827,1.1960130926278691,1.196035836182334,1.1960715555375454,1.1961220274272357,1.1961893774153634,1.1962758786128844,1.196383711637861,1.1965146979319767,1.196670024776119,1.1968499867471316,1.1970537729339854,1.1972793296816946,1.1975233230551183,1.1977812129399568,1.1980474338868272,1.1983156610395522,1.198579127370077,1.1988309543032551,1.1990644625817668,1.1992734407245838,1.1994523598338431,1.199596533489175,1.1997022289271941,1.1997667390850097,1.1997884253605342
1.198147629482966,1.198122318258396,1.1980470166658888,1.197923615850003,1.1977552549301838,1.1975462919580886,1.1973022444259138,1.1970296831976952,1.1967360620136864,1.1964294688524075,1.1961182944712503,1.1958108290374991,1.1955148173957286,1.1952370220416848,1.1949828530089668,1.1947561187994937,1.194558932546331,1.1943917796594026,1.1942537249063907,1.1941427185457378,1.1940559563371924,1.193990250422612,1.1939423779919631,1.1939093862051497,1.1938888412140345,1.1938790160374382,1.1938790159367059,1.193888840895028,1.1939093856105776,1.193942377013519,1.1939902489476344,1.194055954283224,1.194142715896587,1.1942537217219387,1.1943917759722884,1.194558928350543,1.1947561141913077,1.1949828479981999,1.1952370165342878,1.195514811373377,1.1958108225515698,1.1961182875536733,1.1964294614730226,1.1967360541473988,1.197029674901038,1.1973022357537286,1.1975462829189072,1.197755245556805,1.1979236061281975,1.1980470066069033,1.1981223078789711,1.1981476188610465
1.196518164024016,1.196488607425259,1.1964006549755621,1.1962564602038546,1.1960596202254639,1.1958151738683351,1.1955295718947612,1.1952105938582986,1.194867181435328,1.1945091606237828,1.1941468363041743,1.1937904656573168,1.1934496498150808,1.1931327176049997,1.1928461967419552,1.192594462212136,1.192379617262371,1.1922016129432416,1.192058565096638,1.191947200840564,1.191863363003393,1.191802509952678,1.1917601681933743,1.1917323138584954,1.1917156739631671,1.1917079470191962,1.19170794692828,1.1917156736780854,1.1917323133181872,1.191760167274325,1.1918025085317345,1.1918633609761802,1.1919471981915792,1.1920585618935342,1.1922016092522583,1.1923796130616942,1.1925944575973566,1.1928461917433415,1.1931327121181787,1.1934496438098006,1.1937904591904105,1.1941468294111912,1.1945091532681222,1.1948671736010181,1.1952105856098791,1.1955295632723315,1.1958151648781805,1.1960596109125303,1.1962564505483944,1.1964006449890758,1.1964885971192096,1.1965181534940363
1.1949085408542488,1.1948740294833842,1.1947712935450139,1.1946027396795142,1.1943724210011324,1.1940860823047672,1.1937511868418031,1.1933768867179282,1.1929738884773562,1.192554162734889,1.192130457757555,1.191715609357905,1.1913216941188707,1.1909591379409052,1.1906359382695757,1.1903571542558216,1.1901247571724647,1.1899378426005855,1.189793125583784,1.1896856013486852,1.1896092569126735,1.189557743520095,1.1895249574222686,1.1895055067921956,1.1894950643653115,1.1894906156132359,1.1894906155130223,1.1894950640563968,1.189505506220316,1.189524956478516,1.1895577420844734,1.189609254871524,1.1896855986951276,1.1897931223847826,1.1899378389521182,1.1901247530289016,1.1903571496886158,1.190635933317028,1.1909591324822415,1.1913216881196986,1.1917156028919245,1.192130450863891,1.1925541553757733,1.1929738806558938,1.1933768785055439,1.1937511782666186,1.1940860733803014,1.1943724117744712,1.1946027301162219,1.1947712836364393,1.1948740192433531,1.1949085303832199
1.1933286128337328,1.1932883497158457,1.1931684239857885,1.192971454464189,1.1927018998409442,1.1923661787044089,1.1919727927606352,1.1915324004956127,1.1910577672091691,1.190563502063167,1.190065496918815,1.1895800233679283,1.1891225336700748,1.1887063347993527,1.1883414069645957,1.1880336430386829,1.1877846671000631,1.1875922168788062,1.1874509351115456,1.1873533624996255,1.1872909475722908,1.1872549469198033,1.1872371570876905,1.1872304674323677,1.1872292525753207,1.1872296332170926,1.1872296330873409,1.1872292521822847,1.1872304667429858,1.1872371560339878,1.1872549453958052,1.1872909454794023,1.1873533598414425,1.1874509319476356,1.1875922133237602,1.187784663081223,1.1880336385705739,1.1883414020767211,1.1887063293620688,1.1891225276637274,1.189580016890255,1.190065490011845,1.190563494695548,1.191057759402706,1.1915323923188095,1.1919727842310919,1.1923661698496488,1.1927018907011904,1.1929714449981563,1.1931684141574657,1.193288339562765,1.1933286024236767
1.1917897421655077,1.1917428532598686,1.1916030838543485,1.1913731756840673,1.191057865599999,1.1906641162040912,1.1902013913108633,1.1896819096481845,1.1891207701485338,1.1885358006837792,1.1879469622740864,1.1873751823591103,1.1868406307544979,1.1863606876521602,1.1859480832687972,1.1856097288912026,1.1853465176835374,1.1851540285920403,1.185023821144082,1.1849449495804767,1.1849054007154993,1.184893286397011,1.1848977393328077,1.1849095338941764,1.1849214874710756,1.1849287030519522,1.184928702880859,1.1849214869579936,1.1849095330336934,1.184897738106962,1.1848932847282863,1.184905398550109,1.1849449469262034,1.1850238180516457,1.1851540251675756,1.18534651382544,1.1856097245318902,1.1859480784334815,1.1863606822278558,1.1868406247459722,1.1873751758788433,1.1879469553631985,1.1885357933199838,1.1891207623677715,1.1896819015137514,1.1902013828346802,1.1906641074256512,1.1910578565403156,1.1913731663107865,1.1916030741116919,1.1917428432270658,1.1917897318777186
1.1903049361690434,1.1902504953866162,1.1900880494470947,1.1898203050546527,1.1894520359237348,1.1889904651421583,1.1884457647986297,1.1878316013851358,1.1871655865565884,1.1864694021016473,1.18576828721082,1.1850895829066572,1.1844602274989307,1.1839035434862164,1.1834361881758257,1.1830663019519472,1.182793352557064,1.1826094605213016,1.1825015643623227,1.1824537558541632,1.1824493231700277,1.1824722983250324,1.1825085014972994,1.1825461759426252,1.1825763351921204,1.1825929324338509,1.182592932219338,1.1825763345530624,1.1825461749016974,1.1825085000818372,1.18247229650421,1.1824493209485045,1.1824537532273869,1.182501561368977,1.1826094572230341,1.182793348837354,1.1830662976660735,1.183436183368245,1.1839035380807652,1.1844602215112707,1.185089576446432,1.1857682803152387,1.1864693947554596,1.1871655788121414,1.187831593305488,1.188445756390514,1.188990456445325,1.189452026934796,1.1898202957547683,1.1900880397825626,1.190250485442926,1.1903049259781393
1.1888889343788294,1.1888260093240572,1.188638005801718,1.1883273474416254,1.1878984472433027,1.1873582798048592,1.1867171864510553,1.1859898616545885,1.1851963632924876,1.1843628161818414,1.1835212654201017,1.1827080114026778,1.181959973327253,1.1813094443360517,1.180778858189587,1.180377772622369,1.180102952892653,1.1799409223941526,1.179871646736449,1.179872154380788,1.1799194077135542,1.1799922369514264,1.18007245529592,1.1801453911574467,1.1802000687023901,1.1802292157436651,1.180229215497752,1.1802000679696403,1.180145389977072,1.1800724537253586,1.179992235021398,1.1799194054747955,1.1798721518041067,1.1798716438448915,1.1799409191843213,1.1801029492583683,1.1803777683640888,1.1807788533832273,1.181309438953924,1.1819599673891499,1.182708005009437,1.1835212585913295,1.1843628088916596,1.1851963556124347,1.1859898536439681,1.1867171781132162,1.1873582711724358,1.1878984383129105,1.1883273381950332,1.1886379962375893,1.1888259994848163,1.188888924265469
1.187558208909855,1.1874859338595132,1.1872696581390112,1.186911167770733,1.1864139220856775,1.1857838336068682,1.1850304487848957,1.184168548935911,1.1832200544089886,1.1822158264788711,1.181196499590938,1.180210993491514,1.179311357743136,1.1785439483308138,1.1779399383192464,1.177510306136642,1.1772467317179662,1.1771265938709192,1.1771192990325936,1.1771918676748943,1.1773128646835922,1.177454654810047,1.1775943912932265,1.1777142276333916,1.1778011496131504,1.177846692175454,1.1778466919169583,1.1778011488402744,1.1777142263888205,1.1775943896478596,1.1774546528524839,1.177312862475605,1.177191865169778,1.177119296230993,1.1771265907060333,1.1772467281100447,1.177510301866032,1.1779399334889653,1.1785439429742544,1.1793113518892675,1.1802109872238808,1.181196492886722,1.1822158192949284,1.1832200468465077,1.1841685410332707,1.1850304405576437,1.1857838250667816,1.186413913253269,1.1869111586070136,1.187269648701933,1.1874859241529403,1.1875581989290618
1.1863308280770664,1.1862485090751693,1.1860017296660499,1.1855911768741876,1.1850185507063171,1.184287520255682,1.183405295472798,1.1823849903820494,1.1812488328702944,1.180031878965089,1.178785040659464,1.1775749488396756,1.176477208070254,1.1755612040405423,1.174871638320552,1.1744202437509559,1.1741891191975684,1.1741406249051782,1.1742282254055747,1.1744049340111666,1.1746284246756646,1.1748633245760716,1.175081673959182,1.175262454255935,1.1753908037902363,1.1754572711262818,1.1754572708800182,1.1753908030516929,1.175262453052581,1.175081672348986,1.1748633226771101,1.1746284225339612,1.174404931594835,1.1742282226778187,1.1741406217603227,1.1741891155917805,1.1744202394768943,1.17487163347267,1.1755611987106112,1.1764772023050953,1.1775749427089386,1.1787850341050807,1.1800318719508105,1.1812488255106717,1.1823849826504833,1.183405287416088,1.1842875118619116,1.1850185420019115,1.1855911678496893,1.186001720379617,1.1862484994345757,1.1863308181501846
1.1852261241216688,1.1851333759852667,1.1848547675767196,1.1843893503284821,1.1837360816968905,1.1828948393417165,1.1818682729493315,1.1806649377964606,1.1793041694072028,1.1778227932640921,1.1762825184639656,1.1747741386127706,1.1734107806191105,1.172301705965359,1.171512736742894,1.1710536358866188,1.170888406102301,1.1709548251798394,1.171182620958044,1.1715056725793436,1.171868044644361,1.17222561751155,1.1725453100206649,1.172803380575358,1.172983672184957,1.1730761982813502,1.173076198065835,1.1729836715420001,1.1728033795074637,1.1725453085555082,1.1722256157537063,1.17186804260434,1.1715056702538718,1.171182618263861,1.1709548220418935,1.1708884025242907,1.1710536316688973,1.1715127319221814,1.172301700677977,1.1734107749474596,1.174774132630545,1.1762825120999236,1.1778227864982687,1.1793041623090934,1.1806649302655843,1.181868265050967,1.1828948311090923,1.1837360731116477,1.1843893414514222,1.1848547584574218,1.1851333664430719,1.1852261143076597
1.184264105810564,1.1841610109954703,1.1838506584335622,1.183329933177129,1.1825940166251425,1.1816372234988957,1.1804548091908984,1.1790465480324994,1.1774232402911757,1.175617383958618,1.173698151678732,1.1717865266862957,1.1700561051156304,1.168690966110505,1.167788819198422,1.1673487843607286,1.1673008154533595,1.1675431821130229,1.167971345678515,1.1684941277136773,1.169039540803404,1.1695544116911034,1.1700012856490347,1.1703547867100115,1.1705984839072618,1.1707226054684354,1.1707226053003517,1.1705984834071952,1.1703547858502354,1.1700012844172225,1.1695544101219555,1.1690395388639674,1.168494125435052,1.1679713429762821,1.167543179012097,1.167300811967212,1.167348780271189,1.1677888144773063,1.1686909609070517,1.170056099549302,1.17178652083085,1.1736981454614586,1.1756173773960352,1.1774232333966452,1.1790465407418051,1.1804548014913971,1.1816372154811865,1.182594008279557,1.1833299245576379,1.183850649476783,1.1841610015205626,1.1842640960684336
1.1834645744453884,1.1833518389735291,1.1830117489423704,1.1824386368488362,1.181623075791076,1.1805521985788445,1.1792108771266658,1.1775848666206319,1.175667910520793,1.1734760108872362,1.1710728820783287,1.168607745814261,1.166349063748421,1.1646397665543433,1.163617371081025,1.1632452251590089,1.1633905962761906,1.1638909906491643,1.164595180469528,1.1653813606724968,1.1661602173517491,1.1668704666149232,1.1674720662409457,1.1679398535412795,1.1682586500136691,1.1684199493880243,1.1684199492838327,1.1682586496829903,1.1679398529194034,1.1674720652790649,1.1668704652441182,1.1661602155059076,1.1653813583929662,1.164595177719255,1.1638909875560677,1.1633905928537052,1.163245221233812,1.1636173665645724,1.1646397615340203,1.1663490583526286,1.1686077400812007,1.1710728759366256,1.173476004427981,1.1756679037059157,1.1775848594988352,1.1792108696504409,1.1805521907374577,1.1816230676214758,1.1824386284249693,1.1830117401331333,1.18335182969874,1.1834645650069118
1.182845947369541,1.1827250125245872,1.1823595017159212,1.1817411317115198,1.1808555991890082,1.1796820378814215,1.1781928435995848,1.1763549394548143,1.174134833703225,1.1715124545129771,1.1685139937648075,1.1652829473469808,1.1622112812686438,1.1600451093421964,1.1589227201994916,1.1587045602780237,1.1591496179150802,1.160010154433687,1.1610775331178231,1.162196409164784,1.163261145600716,1.164204927518967,1.1649879869389292,1.1655878878807702,1.1659926207970845,1.1661962063860334,1.1661962063427758,1.1659926206153155,1.1655878874684267,1.1649879862123178,1.1642049263142387,1.1632611438403655,1.1621964068635735,1.1610775303332614,1.1600101513593362,1.1591496146021862,1.1587045566163956,1.1589227159815594,1.1600451045805307,1.1622112760976553,1.1652829417363224,1.1685139876548154,1.1715124480977992,1.1741348269166332,1.1763549323276172,1.1781928361914262,1.1796820302458062,1.1808555913543137,1.1817411236084028,1.1823594931381933,1.1827250034432284,1.1828459381361855
1.182423870251074,1.1822969288180005,1.1819127154078914,1.181260746824626,1.1803225038866636,1.1790698897328702,1.1774632366645397,1.1754493299181263,1.1729607202837162,1.169919758444171,1.1662578264830268,1.1619881478817338,1.1574950180999373,1.154787305808536,1.1536700520339624,1.1537499314832604,1.1546285599255282,1.1559600406277741,1.1574771075587895,1.1589934833744595,1.1603910086821296,1.1616012239798783,1.1625880621258342,1.1633345434079638,1.1638338072299261,1.1640836689876837,1.1640836689681657,1.1638338071253558,1.1633345431394204,1.1625880615548099,1.1616012228886134,1.1603910069975698,1.1589934810634508,1.157477104781348,1.1559600375637813,1.1546285566973038,1.1537499280276358,1.1536700480902837,1.1547873013808896,1.1574950132664532,1.1619881424656386,1.1662578204842706,1.1699197521165083,1.1729607136822044,1.1754493230700347,1.1774632296119565,1.1790698825024615,1.1803224964337888,1.1812607390306387,1.1819127071832507,1.1822969202033566,1.1824238617321947
1.182209796608865,1.1820796707465742,1.1816855129413792,1.1810155686738057,1.180048833822997,1.1787528068075193,1.1770800758961062,1.1749633720508195,1.172308089164255,1.1689788452794072,1.1647675567848974,1.1592970199558508,1.1516896170064652,1.1487277827982731,1.1479387395260456,1.1485277743672648,1.149974483259545,1.1518673158637434,1.153897426994295,1.1558560841106826,1.1576175519806697,1.1591152615098297,1.1603196098526753,1.1612212046622439,1.1618198718467414,1.1621182068733815,1.1621182068390201,1.1618198717439663,1.1612212044454646,1.160319609335168,1.1591152604980808,1.1576175504005866,1.1558560818865908,1.1538974243300537,1.1518673128455947,1.1499744800785137,1.1485277709774668,1.1479387357371804,1.1487277786475059,1.1516896125524592,1.1592970146760033,1.1647675510534163,1.1689788391143152,1.1723080826608858,1.1749633653072202,1.1770800689899947,1.1787527997710976,1.1800488265971865,1.1810155611155118,1.1816855048798236,1.1820796620287335,1.182209787863622
0.0,0.0,0.0,0.0,0.0,0.0,0.0,0.0,0.0,0.0,0.0,0.0,1.1425384130247636,1.141872862074822,1.1420806137614885,1.1433745346862443,1.145450704004651,1.1479282403497635,1.1504839733175172,1.1528933473709617,1.1550243698755938,1.1568128395116202,1.158236197383311,1.1592933061582618,1.159991279979311,1.1603379283928883,1.160337928335649,1.159991279824301,1.1592933058625274,1.15823619679867,1.1568128385528549,1.1550243684477786,1.1528933453897572,1.1504839709297447,1.1479282375187425,1.1454507009263166,1.1433745313094217,1.1420806100934477,1.1418728582887028,1.1425384095331146,0.0,0.0,0.0,0.0,0.0,0.0,0.0,0.0,0.0,0.0,0.0,0.0
0.0,0.0,0.0,0.0,0.0,0.0,0.0,0.0,0.0,0.0,0.0,0.0,1.1359665139213775,1.1361078360965353,1.1369610814449285,1.1387929251390347,1.1413863062661243,1.144371244439941,1.1474006496723541,1.1502257743876725,1.1527021590791382,1.154764090987781,1.1563939083923755,1.1575976403412767,1.1583891735139296,1.1587813039351722,1.1587813038366412,1.1583891732260783,1.157597639846419,1.1563939076716436,1.1547640900490284,1.1527021578108496,1.1502257727432472,1.1474006476488323,1.144371241911362,1.1413863033363336,1.13879292176766,1.13696107787386,1.1361078326302108,1.1359665112197939,0.0,0.0,0.0,0.0,0.0,0.0,0.0,0.0,0.0,0.0,0.0,0.0
0.0,0.0,0.0,0.0,0.0,0.0,0.0,0.0,0.0,0.0,0.0,0.0,1.1313337393770437,1.1317674320084197,1.1329369350039107,1.1350796865911599,1.1380194287509577,1.1413835692762175,1.1447925098792269,1.1479649790186126,1.1507370342455494,1.1530363329366253,1.1548466794167274,1.156179075380872,1.157052829248293,1.1574849487665158,1.157484948605623,1.157052828786219,1.156179074674635,1.1548466785572027,1.1530363319672559,1.1507370331210371,1.1479649777329055,1.1447925082482366,1.1413835671526678,1.1380194260713905,1.1350796833633388,1.1329369316161344,1.1317674288974808,1.1313337375983108,0.0,0.0,0.0,0.0,0.0,0.0,0.0,0.0,0.0,0.0,0.0,0.0
0.0,0.0,0.0,0.0,0.0,0.0,0.0,0.0,0.0,0.0,0.0,0.0,1.1282093889525189,1.1287431094216913,1.1300392843727034,1.132328667086172,1.1354680277245142,1.1390833928140711,1.1427652593057263,1.1461997378645252,1.149201206811037,1.1516877668664742,1.1536419032194385,1.1550773192799377,1.1560170839719088,1.1564813476778288,1.1564813474839843,1.1560170834166457,1.1550773184553613,1.1536419022664244,1.1516877658961275,1.1492012058993397,1.1461997369671573,1.142765258137447,1.1390833912665277,1.1354680255792418,1.1323286644365496,1.130039281579241,1.1287431069450222,1.1282093880316646,0.0,0.0,0.0,0.0,0.0,0.0,0.0,0.0,0.0,0.0,0.0,0.0
0.0,0.0,0.0,0.0,0.0,0.0,0.0,0.0,0.0,0.0,0.0,0.0,1.1262871882584384,1.1268493495754686,1.1281842570382896,1.13052945960151,1.1337689203194194,1.1375308790910215,1.1413849341767905,1.1449920164079979,1.1481484871034695,1.150763498339473,1.1528171589140705,1.1543242520982548,1.1553100748047367,1.1557967973456351,1.1557967971523047,1.1553100742506242,1.1543242512927492,1.1528171580390596,1.1507634975612828,1.1481484865233427,1.1449920159271116,1.141384933575829,1.1375308782874172,1.1337689189886095,1.130529457879883,1.128184255226807,1.1268493480426658,1.1262871880630394,0.0,0.0,0.0,0.0,0.0,0.0,0.0,0.0,0.0,0.0,0.0,0.0
0.0,0.0,0.0,0.0,0.0,0.0,0.0,0.0,0.0,0.0,0.0,0.0,1.125372744139756,1.1259402704377013,1.1272824543423612,1.1296433932736272,1.1329225785887371,1.1367507783787867,1.1406872355422693,1.1443794357987875,1.147613677934626,1.1502938126333286,1.1523982492049274,1.153942047352221,1.1549515050597645,1.1554497644860053,1.1554497643540618,1.1549515046844046,1.153942046829036,1.1523982486877353,1.1502938122466846,1.1476136777526353,1.1443794357656667,1.1406872355402673,1.1367507783248518,1.1329225782545318,1.1296433927537148,1.1272824537901853,1.1259402700853414,1.125372744553936,0.0,0.0,0.0,0.0,0.0,0.0,0.0,0.0,0.0,0.0,0.0,0.0
0.0,0.0,0.0,0.0,0.0,0.0,0.0,0.0,0.0,0.0,0.0,0.0,1.1253727437731347,1.1259402696791867,1.1272824536006558,1.1296433926086364,1.1329225780919563,1.1367507780184092,1.140687235191319,1.144379435455848,1.1476136775984516,1.150293812302602,1.1523982489056233,1.1539420471258302,1.1549515049400803,1.155449764478705,1.1554497644475688,1.15495150485052,1.1539420470202324,1.152398248858586,1.1502938123672393,1.1476136778331205,1.1443794358759334,1.1406872357511542,1.1367507786885465,1.132922578769664,1.1296433934019667,1.127282454463038,1.1259402706486314,1.1253727447292428,0.0,0.0,0.0,0.0,0.0,0.0,0.0,0.0,0.0,0.0,0.0,0.0
0.0,0.0,0.0,0.0,0.0,0.0,0.0,0.0,0.0,0.0,0.0,0.0,1.1262871871621345,1.126849347383762,1.1281842548722218,1.13052945763378,1.1337689188331825,1.1375308780051065,1.141384933215293,1.144992015534225,1.14814848618707,1.150763497377773,1.152817158029771,1.154324251434055,1.1553100744545743,1.1557967973124932,1.1557967973920846,1.1553100746812426,1.154324251789871,1.152817158496995,1.1507634979217036,1.148148486815531,1.1449920163010021,1.1413849341642048,1.1375308792849994,1.1337689204733035,1.1305294597019817,1.1281842571376137,1.1268493496773395,1.1262871886364259,0.0,0.0,0.0,0.0,0.0,0.0,0.0,0.0,0.0,0.0,0.0,0.0
0.0,0.0,0.0,0.0,0.0,0.0,0.0,0.0,0.0,0.0,0.0,0.0,1.1282093871293557,1.1287431060684125,1.1300392810175388,1.1323286640109214,1.1354680253330474,1.139083391004066,1.14276525778124,1.1461997365133318,1.1492012054184477,1.1516877655038218,1.1536419020286903,1.15507731839901,1.1560170835011543,1.156481347616511,1.1564813477787301,1.15601708396363,1.1550773190886716,1.153641902846866,1.1516877663573444,1.1492012063010495,1.1461997375672321,1.1427652591093056,1.1390833928010613,1.1354680278110658,1.132328667129365,1.1300392844556197,1.128743109498556,1.1282093891558014,0.0,0.0,0.0,0.0,0.0,0.0,0.0,0.0,0.0,0.0,0.0,0.0
0.0,0.0,0.0,0.0,0.0,0.0,0.0,0.0,0.0,0.0,0.0,0.0,1.131333736812163,1.13176742791115,1.132936930854395,1.1350796827876857,1.1380194257094154,1.141383566857592,1.1447925079107826,1.1479649772905944,1.1507370325869963,1.1530363314380219,1.1548466781195055,1.156179074397338,1.157052828685963,1.1574849486249688,1.1574849488322765,1.1570528292822464,1.1561790752842207,1.1548466791632126,1.1530363325298492,1.150737033669738,1.1479649785347104,1.1447925095464955,1.1413835690448,1.1380194287398773,1.135079686568268,1.132936935064313,1.1317674321170759,1.1313337394917633,0.0,0.0,0.0,0.0,0.0,0.0,0.0,0.0,0.0,0.0,0.0,0.0
0.0,0.0,0.0,0.0,0.0,0.0,0.0,0.0,0.0,0.0,0.0,0.0,1.1359665106219472,1.1361078317215059,1.1369610769904315,1.1387929209893146,1.1413863027932218,1.1443712415391194,1.1474006473356329,1.1502257723794913,1.1527021573412757,1.1547640895215128,1.156393907161319,1.1575976394371896,1.1583891729822375,1.1587813037534291,1.1587813039719927,1.1583891736160667,1.1575976403799455,1.1563939082711732,1.1547640907504948,1.152702158653477,1.1502257738608943,1.1474006492780944,1.1443712440645435,1.1413863061494074,1.1387929250506033,1.1369610814727813,1.1361078362281305,1.1359665140202104,0.0,0.0,0.0,0.0,0.0,0.0,0.0,0.0,0.0,0.0,0.0,0.0
0.0,0.0,0.0,0.0,0.0,0.0,0.0,0.0,0.0,0.0,0.0,0.0,1.142538409048955,1.1418728577255484,1.1420806094266902,1.1433745306103993,1.1454507003821792,1.1479282371648132,1.150483970706179,1.1528933451853793,1.1550243681584247,1.156812838169886,1.1582361963652839,1.159293305451004,1.1599912795192382,1.1603379281714041,1.1603379283588966,1.1599912800816454,1.1592933063333595,1.1582361974482158,1.1568128394378558,1.1550243696631162,1.1528933469396696,1.1504839729204228,1.1479282399165347,1.1454507037852943,1.1433745345198216,1.1420806137469872,1.141872862171256,1.1425384131068557,0.0,0.0,0.0,0.0,0.0,0.0,0.0,0.0,0.0,0.0,0.0,0.0
1.1822097880527889,1.1820796625305583,1.1816855051197552,1.181015561164569,1.1800488265845535,1.1787527997020135,1.177080068880578,1.1749633652119917,1.1723080826187766,1.1689788391531548,1.1647675511719022,1.1592970149233033,1.1516896125108589,1.1487277784265928,1.1479387353445731,1.1485277704337518,1.1499744795670601,1.1518673124772127,1.153897424120077,1.1558560817639858,1.1576175502451214,1.1591152602514359,1.1603196089976773,1.1612212040588652,1.1618198713934424,1.162118206595286,1.1621182067397287,1.1618198718305262,1.1612212048031327,1.160319610032878,1.1591152615738005,1.157617551941678,1.1558560838387177,1.1538974266297466,1.1518673154287538,1.1499744829483969,1.148527774104052,1.1479387394717702,1.148727782843346,1.151689617045403,1.159297019906397,1.1647675566656965,1.1689788451131122,1.1723080889776611,1.1749633718768524,1.177080075760023,1.178752806706625,1.18004883372455,1.1810155685379702,1.1816855127552428,1.1820796704423624,1.18220979613105
1.182423861233654,1.182296920195562,1.1819127072078726,1.181260739014943,1.1803224964212327,1.1790698824511172,1.177463229498971,1.1754493229534542,1.172960713630592,1.1699197521994467,1.166257820689668,1.1619881426022838,1.157495013359001,1.1547873013913015,1.1536700479565172,1.1537499276895575,1.1546285562776841,1.1559600371974266,1.1574771045470393,1.1589934809540208,1.1603910069147638,1.1616012227495807,1.162588061323647,1.1633345428158997,1.163833806759613,1.1640836686474028,1.1640836687635516,1.163833807096015,1.163334543408833,1.1625880622765707,1.1616012241182188,1.1603910087575455,1.158993483280993,1.1574771072837946,1.155960040251691,1.1546285595649628,1.1537499311124653,1.153670051891066,1.1547873057627267,1.1574950181029358,1.1619881478494445,1.166257826379355,1.169919758267703,1.172960720044973,1.175449329650385,1.1774632364166833,1.1790698895336347,1.1803225037131064,1.1812607466071892,1.181912715177245,1.1822969285908034,1.18242386981358
1.1828459378831269,1.182725003418925,1.18235949306367,1.1817411235438287,1.1808555913523524,1.179682030254618,1.1781928361378775,1.1763549322054507,1.1741348267591982,1.171512448000579,1.1685139877324102,1.1652829417614627,1.162211276158382,1.1600451046628826,1.158922716007269,1.1587045564628307,1.1591496143047026,1.160010151024718,1.1610775300676779,1.1621964067205033,1.1632611437683429,1.1642049262323502,1.1649879860660544,1.1655878872331464,1.165992620299766,1.166196205997444,1.1661962060896671,1.1659926205847828,1.1655878877658978,1.1649879869895479,1.1642049276665662,1.1632611457402229,1.162196409228412,1.1610775329852498,1.1600101541771075,1.1591496175836926,1.1587045598831587,1.1589227200206338,1.1600451092548565,1.162211281248981,1.1652829473491157,1.1685139937307523,1.1715124544117703,1.1741348335102324,1.1763549391760868,1.1781928432911226,1.179682037626508,1.1808555990456249,1.1817411315859367,1.1823595015284036,1.1827250124077326,1.1828459470622972
1.1834645646418063,1.1833518295309227,1.1830117398644604,1.1824386282055008,1.1816230675257715,1.1805521907358032,1.1792108696677746,1.17758485950316,1.1756679036914865,1.173476004334446,1.1710728759635687,1.1686077400368986,1.1663490583598426,1.1646397616217692,1.1636173666854934,1.1632452212479683,1.1633905927199457,1.1638909873222083,1.1645951774766992,1.1653813582304373,1.1661602154264212,1.1668704651924084,1.1674720651948103,1.1679398527644786,1.1682586494512646,1.1684199489875897,1.168419949072399,1.1682586497459524,1.1679398533486296,1.167472066180857,1.1668704667163796,1.1661602175148351,1.1653813608543673,1.164595180525632,1.1638909906009731,1.1633905960904551,1.1632452248597147,1.1636173709122304,1.1646397664477937,1.1663490637167833,1.1686077458485384,1.171072882133155,1.1734760109278217,1.1756679104964498,1.1775848664836377,1.1792108768704757,1.1805521982458316,1.1816230755097283,1.1824386366634325,1.1830117486980862,1.183351838832845,1.1834645741891456
1.1842640957937574,1.1841610014086779,1.1838506491623995,1.1833299242311897,1.1825940080502322,1.18163721537882,1.1804548014688363,1.1790465407182154,1.1774232334004922,1.1756173773339884,1.1736981454346098,1.1717865206954994,1.1700560994491833,1.1686909609087568,1.1677888145869288,1.1673487803744946,1.1673008119798998,1.1675431789190642,1.1679713428220757,1.1684941253042471,1.1690395387954988,1.1695544100974942,1.1700012843883738,1.1703547857673677,1.1705984832553977,1.170722605085553,1.1707226051986122,1.1705984836277885,1.1703547864733677,1.1700012854985902,1.1695544117076297,1.1690395409421606,1.16849412793373,1.1679713458567935,1.1675431822265032,1.1673008153970594,1.1673487841990615,1.1677888190798102,1.168690965982311,1.1700561050229277,1.1717865266577965,1.1736981516989176,1.1756173840117665,1.177423240336374,1.1790465480110868,1.180454809075779,1.1816372232686223,1.1825940163301274,1.183329932963157,1.1838506581800985,1.1841610107968332,1.184264105524549
1.1852261139682778,1.1851333662702142,1.1848547580524276,1.1843893410295223,1.1837360727994732,1.182894830954234,1.1818682650312375,1.1806649303103636,1.1793041623812595,1.1778227865459254,1.1762825120994924,1.174774132461184,1.1734107747520466,1.1723017005470902,1.1715127319210756,1.1710536317427764,1.170888402591562,1.1709548220497528,1.1711826182057175,1.1715056701822726,1.171868042563846,1.1722256157525655,1.1725453085691988,1.1728033794862402,1.1729836714551638,1.173076197918374,1.1730761980750521,1.1729836719273656,1.1728033803130795,1.1725453097907887,1.1722256173981191,1.1718680446802188,1.1715056727432522,1.1711826211706913,1.1709548254030082,1.1708884061551246,1.1710536358613877,1.1715127367199691,1.1723017058805558,1.1734107805167093,1.1747741385410448,1.1762825184388015,1.1778227932979048,1.1793041694813646,1.1806649378378267,1.181868272911659,1.18289483920751,1.1837360814340394,1.1843893500716058,1.1848547673173735,1.1851333757397,1.1852261237697859
1.1863308179492713,1.1862484994074518,1.1860017200812973,1.1855911673995507,1.185018541522967,1.1842875115137528,1.183405287283248,1.1823849826552357,1.1812488256222986,1.1800318721165752,1.178785034201357,1.1775749426025377,1.176477202101018,1.1755611984905954,1.1748716333409268,1.1744202394465517,1.1741891156201258,1.1741406217944264,1.1742282226805463,1.1744049315822815,1.174628422534212,1.1748633227035286,1.1750816723968198,1.1752624530841596,1.175390803024291,1.1754572707857207,1.175457270972275,1.1753908035686034,1.175262453989429,1.1750816736850194,1.174863324354112,1.1746284245883225,1.1744049340721598,1.174228225569851,1.1741406251494055,1.174189119326346,1.174420243834636,1.174871638387824,1.175561204020184,1.1764772079903552,1.17757494874432,1.178785040577001,1.1800318789301294,1.1812488329142168,1.1823849904599435,1.1834052955026324,1.1842875202171184,1.1850185505374202,1.1855911766208385,1.186001729401406,1.1862485088017816,1.1863308276545381
1.1875581986495525,1.1874859240735922,1.1872696484283878,1.186911158233549,1.1864139128067508,1.1857838246119101,1.1850304402733731,1.1841685409189644,1.1832200469099516,1.1822158195044952,1.1811964930671657,1.1802109872246414,1.1793113517547396,1.1785439427417548,1.177939933263047,1.1775103017081683,1.1772467280285335,1.1771265906779582,1.1771192962194121,1.177191865171546,1.177312862500727,1.1774546529033127,1.1775943897244159,1.1777142264674796,1.1778011488769804,1.1778466918875097,1.1778466920828796,1.1778011494486642,1.1777142273919057,1.177594391005754,1.1774546545115727,1.1773128644659847,1.17719186760394,1.1771192991040802,1.1771265940554487,1.1772467318666135,1.1775103062927132,1.1779399384640024,1.1785439483858788,1.1793113577185814,1.1802109934203227,1.181196499499916,1.1822158263926679,1.1832200543791844,1.1841685489817027,1.1850304488324623,1.1857838336156792,1.1864139220024719,1.1869111675663981,1.1872696578875999,1.1874859335854826,1.1875582084437097
1.1888889240477525,1.1888259994881192,1.1886379960442188,1.1883273378533872,1.187898437918393,1.187358270727767,1.1867171777246948,1.1859898534113646,1.1851963555737195,1.1843628090649019,1.1835212588023518,1.182708005113785,1.1819599673772319,1.1813094388016534,1.180778853157155,1.1803777681350078,1.1801029490692796,1.1799409190504755,1.1798716437516426,1.179872151752298,1.179919405473633,1.1799922350659229,1.1800724538092833,1.1801453900829828,1.180200068057049,1.1802292155312002,1.1802292157151475,1.180200068606699,1.1801453909718604,1.1800724550354327,1.179992236638608,1.1799194074112738,1.1798721541760195,1.1798716466894388,1.1799409224722157,1.1801029530063312,1.180377772801037,1.1807788583807843,1.181309444453991,1.1819599733616046,1.1827080113707045,1.1835212653522207,1.184362816096502,1.18519636322238,1.185989861654697,1.1867171864934556,1.1873582798351032,1.1878984472132077,1.1883273472929312,1.1886380055689099,1.188826009054738,1.1888889338851016
1.190304925646134,1.190250485412269,1.1900880396998545,1.1898202955217079,1.1894520265892767,1.1889904560449105,1.1884457559491792,1.1878315929712224,1.1871655786394408,1.186469394812643,1.185768280465362,1.1850895765828933,1.1844602216002704,1.183903538048015,1.1834361832257383,1.18306629745809,1.182793348608764,1.1826094570114223,1.1825015611839012,1.1824537530838761,1.1824493208702769,1.1824722964965906,1.182508500137846,1.1825461750053428,1.182576334667662,1.1825929323032027,1.1825929324663458,1.1825763351684313,1.1825461758337823,1.1825085012896803,1.1824722980374835,1.1824493228442814,1.1824537555565402,1.1825015641931695,1.1826094604696265,1.1827933525953356,1.1830663021087788,1.1834361883803566,1.1839035436492662,1.1844602275943816,1.185089582926781,1.1857682871755713,1.1864694020372284,1.1871655864792745,1.1878316013464894,1.1884457648182374,1.1889904651809045,1.189452035932145,1.1898203049670983,1.1900880492499961,1.1902504951328983,1.190304935660785
1.1917897314718158,1.191742843086542,1.191603073993151,1.1913731661677434,1.1910578562850556,1.1906641071170925,1.190201382438127,1.1896819011589315,1.1891207621094755,1.1885357932526248,1.1879469553968482,1.1873751759652078,1.1868406248629597,1.1863606822830521,1.1859480783961132,1.1856097244065316,1.1853465136318846,1.1851540249404797,1.1850238178121342,1.1849449466995927,1.1849053983753637,1.1848932846324807,1.1848977380974368,1.184909533100858,1.1849214870696294,1.1849287029921234,1.184928703130111,1.1849214875079188,1.1849095338708922,1.1848977392106583,1.1848932861709898,1.1849054004155175,1.184944949250201,1.1850238208812451,1.1851540284118718,1.1853465176179245,1.1856097289840537,1.1859480834473148,1.186360687825913,1.1868406308929376,1.187375182439828,1.1879469622898648,1.1885358006573565,1.1891207700949256,1.1896819095984938,1.1902013913037668,1.1906641162310994,1.1910578656232775,1.191373175644622,1.1916030837044453,1.191742853039534,1.1917897416651833
1.1933286020641083,1.1932883394695608,1.1931684140445302,1.1929714449123778,1.1927018905458213,1.1923661696453738,1.191972783938299,1.1915323920166465,1.1910577591343672,1.1905634945507013,1.1900654899346323,1.1895800168873023,1.1891225277445805,1.1887063294475526,1.1883414021203393,1.1880336385472043,1.1877846629765372,1.1875922131482546,1.1874509317151907,1.1873533595761738,1.187290945225904,1.187254945200203,1.187237155928013,1.1872304667361095,1.1872292522544328,1.1872296331974346,1.1872296333231418,1.1872292526548525,1.1872304674766765,1.1872371570605664,1.1872549467894251,1.1872909473427915,1.18735336219782,1.1874509348088131,1.1875922166039912,1.1877846669280183,1.188033643039113,1.1883414070839604,1.1887063349491336,1.1891225338154758,1.189580023489344,1.1900654969894549,1.1905635020844234,1.1910577671969422,1.1915324004672085,1.191972792749341,1.1923661787200956,1.1927018998643002,1.1929714544488839,1.1931684238773794,1.1932883495351478,1.193328612358193
1.1949085299347326,1.194874019133931,1.19477128352613,1.194602730043553,1.1943724116867835,1.1940860732580114,1.1937511780819474,1.193376878285885,1.1929738804281973,1.1925541552029726,1.1921304507052988,1.1917156027917983,1.1913216881205642,1.1909591325353925,1.1906359333853225,1.1903571497394627,1.19012475302494,1.1899378388736166,1.1897931222222085,1.1896855984564167,1.189609254592521,1.1895577418168193,1.1895249562742098,1.1895055061151971,1.1894950640516326,1.189490615580679,1.1894906157150702,1.189495064467357,1.189505506878876,1.1895249574694013,1.1895577434901874,1.1896092567814378,1.1896856011230486,1.1897931253009293,1.189937842289072,1.1901247569244384,1.1903571541597677,1.1906359383070693,1.190959138041013,1.1913216942406333,1.1917156094871888,1.1921304578677372,1.1925541628045697,1.192973888511222,1.1933768867259456,1.1937511868465858,1.1940860823196073,1.1943724210236126,1.1946027396704517,1.1947712934667705,1.1948740293408653,1.194908540411899
1.1965181529511306,1.1964885969238868,1.196400644825236,1.1962564504344986,1.1960596108391008,1.195815164802538,1.195529563175175,1.1952105854785435,1.194867173445683,1.1945091531142207,1.1941468292160085,1.1937904590137596,1.193449643716416,1.193132712092776,1.1928461917724864,1.1925944576606258,1.1923796131196134,1.1922016092674859,1.1920585618310664,1.1919471980328058,1.1918633607342892,1.1918025082465324,1.1917601670028248,1.1917323131188073,1.1917156735794128,1.1917079469209322,1.1917079470765215,1.1917156740550001,1.191732313960677,1.1917601682847274,1.1918025100016352,1.1918633629703361,1.1919472007115817,1.1920585648753825,1.1922016126505677,1.1923796169881657,1.192594462045272,1.1928461966936652,1.193132717636932,1.193449649891055,1.193790465763224,1.1941468364237515,1.1945091607295568,1.1948671815158431,1.1952105939124702,1.1955295719324184,1.195815173894855,1.1960596202505296,1.196256460188152,1.1964006549103907,1.1964886073120706,1.1965181636165374
1.1981476183181972,1.1981223076474619,1.1980470063985362,1.197923605968529,1.1977552454698708,1.1975462828647976,1.1973022357190364,1.1970296748504785,1.1967360540781735,1.1964294613745925,1.1961182873726328,1.1958108223444281,1.195514811210058,1.1952370164236896,1.1949828479528797,1.1947561142126124,1.19455892841241,1.1943917760388731,1.194253721745886,1.1941427158351223,1.1940559541212954,1.1939902487002614,1.1939423767241903,1.1939093853445155,1.1938888407068617,1.193879015841846,1.1938790160234385,1.1938888412614364,1.1939093862917305,1.193942378096565,1.19399025051856,1.1940559563819868,1.1941427185092561,1.1942537247641136,1.194391779420768,1.1945589322902141,1.1947561186032156,1.1949828528951831,1.1952370220013484,1.1955148174119257,1.19581082909808,1.196118294566539,1.1964294689632708,1.1967360621237904,1.1970296832969918,1.1973022445112937,1.197546292017803,1.1977552549732307,1.19792361582947,1.1980470165979942,1.198122318156287,1.198147629099394
1.1997884248461455,1.199766738852859,1.1997022286860453,1.1995965332866414,1.1994523597155027,1.1992734406693826,1.1990644625817342,1.1988309543158029,1.1985791273827906,1.1983156610123586,1.1980474337544507,1.197781212746054,1.1975233228619184,1.1972793295085689,1.1970537728125616,1.1968499867015203,1.1966700247997428,1.1965146980025705,1.1963837117120106,1.1962758786355059,1.1961893773475405,1.196122027255696,1.1960715552800814,1.1960358358914567,1.196013092370501,1.1960020521563899,1.1960020523659007,1.1960130930014385,1.1960358369346602,1.1960715567270088,1.196122029117751,1.1961893796242626,1.1962758813102499,1.1963837147327703,1.1965147014176836,1.196670028714938,1.1968499911191786,1.197053777774755,1.1972793350887112,1.1975233290433516,1.1977812194548332,1.19804744089122,1.1983156685483405,1.198579135398005,1.1988309627860596,1.1990644714357745,1.1992734498998487,1.199452369308491,1.1995965432248152,1.1997022389572958,1.199766749425575,1.1997884357045059
1.2014332612338334,1.201414663462192,1.2013593410991408,1.2012687009498049,1.2011450581570329,1.2009915887589493,1.2008122554278318,1.2006117010207853,1.2003951055185305,1.2001680042443799,1.1999360713903073,1.1997048786044022,1.1994796451717173,1.1992650030210608,1.1990648012496745,1.1988819716014427,1.1987184691907187,1.198575292280273,1.1984525742376424,1.198349732674436,1.198265656206939,1.1981989084138918,1.1981479306541014,1.1981112289625764,1.1980875341291537,1.1980759275176096,1.1980759277472957,1.1980875348071423,1.1981112300591117,1.1981479321430173,1.1981989103027952,1.1982656585017208,1.1983497353670551,1.19845257729467,1.1985752957578908,1.1987184731587006,1.1988819760489893,1.199064806217295,1.1992650085712553,1.1994796512919286,1.1997048852344172,1.199936078447674,1.2001680117160325,1.2003951134982498,1.2006117095128386,1.2008122643518482,1.2009915980785453,1.201145067843584,1.201268710960312,1.2013593514237904,1.2014146740695664,1.2014332721397167
1.2030758506586943,1.203059881458963,1.2030123758555253,1.2029345334716013,1.2028283230835712,1.202696435385981,1.2025422121771256,1.2023695495613673,1.2021827734571648,1.2019864877847946,1.2017854000126178,1.2015841321252512,1.2013870293181899,1.2011979826775103,1.2010202823767961,1.2008565154623059,1.2007085177536285,1.200577382733123,1.2004635233546,1.200366777174296,1.2002865417210433,1.2002219257763556,1.2001719029920852,1.2001354562245363,1.2001117033541837,1.2000999976824056,1.2000999979136928,1.2001117040310227,1.2001354573167526,1.200171904481354,1.2002219276728792,1.2002865440364345,1.2003667799038251,1.2004635264779542,1.2005773862963531,1.2007085217856905,1.2008565199384154,1.2010202873348708,1.2011979881749937,1.2013870353527751,1.2015841386590864,1.2017854069849132,1.2019864951935617,1.2021827814010198,1.202369558065972,1.2025422211594088,1.2026964447855504,1.2028283328501919,1.2029345435423144,1.203012386214712,1.203059892079933,1.2030758615794315
1.204710807682309,1.2046970755818678,1.2046562207603448,1.2045892616726719,1.20449786640876,1.2043843085153805,1.2042514025589233,1.2041024188057925,1.2039409768483247,1.2037709197930406,1.2035961735419802,1.2034205976464225,1.2032478369438264,1.2030811855514683,1.2029234745213375,1.2027769926024339,1.202643446596321,1.2025239634379081,1.2024191315090345,1.2023290748815163,1.2022535515698562,1.2021920656502194,1.2021439832027345,1.2021086430661194,1.2020854548424624,1.2020739781336558,1.2020739783466876,1.202085455472295,1.202108644103249,1.2021439846537374,1.2021920675352582,1.202253553905468,1.202329077660551,1.2024191347153526,1.2025239670966095,1.202643450697086,1.202776997106054,1.2029234794618129,1.2030811909863746,1.2032478428856672,1.2034206040823177,1.2035961804343656,1.2037709271461559,1.2039409847566642,1.2041024273069245,1.204251411568684,1.2043843179575362,1.204497876214376,1.204589271773277,1.2046562311365159,1.204697086211399,1.2047108186059206
1.2063335102548027,1.206321683168737,1.206286491098491,1.2062287963367608,1.206150009170595,1.2060520481368004,1.2059372831237738,1.2058084616878746,1.2056686192490198,1.2055209753021314,1.205368819693173,1.2052153940960382,1.2050637756396587,1.2049167710618578,1.204776829273495,1.2046459787981723,1.204525794588259,1.2044173957968258,1.2043214729234,1.2042383401010126,1.2041680063333662,1.2041102584327767,1.2040647482237965,1.2040310770843676,1.204008871755624,1.2039978463688725,1.2039978465555237,1.204008872319859,1.204031078043674,1.2040647496140136,1.2041102602908287,1.2041680086819757,1.204238342927576,1.20432147620829,1.2044173995411196,1.2045257987491438,1.2046459833246805,1.204776834195605,1.204916776438798,1.2050637814998943,1.2052154004479931,1.205368826518024,1.205520982606205,1.2056686271173527,1.205808470163107,1.2059372921225446,1.2060520575749574,1.2061500189700318,1.2062288064365259,1.2062865014814423,1.2063216938093035,1.2063335211825277
1.2079399873975383,1.2079297843018637,1.2078994195021804,1.2078496220363915,1.2077815830661742,1.2076969210323192,1.2075976324221125,1.207486029007504,1.2073646626377166,1.2072362398346308,1.2071035296546544,1.2069692688687503,1.2068360697504128,1.2067063366268074,1.2065821967933716,1.2064654502976306,1.206357541765657,1.2062595554528228,1.2061722324803315,1.2060960073596605,1.2060310594474901,1.2059773740968602,1.2059348079971124,1.205903153407816,1.2058821964832247,1.2058717655385487,1.2058717657043063,1.2058821969950049,1.2059031543027856,1.2059348093324085,1.2059773759245616,1.2060310617957228,1.2060960102123592,1.2061722358136728,1.2062595592489904,1.2063575459617817,1.2064654548380618,1.206582201704692,1.206706341966261,1.2068360755560688,1.2069692751607077,1.2071035364253087,1.2072362470911,1.2073646704556027,1.207486037433312,1.2075976413791198,1.2076969304328449,1.2077815928296107,1.2078496321111039,1.2078994298769379,1.2079297949415777,1.2079399983217451
1.2095268220043145,1.2095180053745085,1.2094917620393184,1.2094487081179144,1.209389849624687,1.2093165524544218,1.2092305003750765,1.209133642073549,1.209028128507535,1.2089162427083384,1.208800324918986,1.208682696261688,1.2085655850001935,1.2084510599839826,1.208340975316913,1.2082369294485071,1.2081402409579312,1.2080519419249596,1.2079727881916482,1.2079032844927315,1.2078437213618909,1.2077942199988931,1.2077547810121383,1.2077253330105273,1.2077057772839466,1.2076960252068816,1.2076960253649422,1.2077057777763651,1.207725333881886,1.2077547823254386,1.2077942218092699,1.2078437236962927,1.20790328733645,1.2079727915243115,1.2080519457217658,1.2081402451520677,1.2082369339895904,1.2083409802287328,1.2084510653149414,1.2085655907852866,1.2086827025199842,1.208800331646038,1.2089162499130082,1.2090281362612616,1.2091336504304335,1.2092305092728164,1.2093165618017496,1.2093898593384074,1.2094487181477471,1.2094917723799186,1.2095180159826489,1.2095268329014466
1.2110910675906394,1.211083436719982,1.211060718627005,1.2110234341834927,1.2109724335719132,1.2109088707400542,1.2108341679040142,1.2107499711583143,1.2106580984658522,1.2105604819676337,1.210459106973079,1.2103559501517536,1.2102529200788044,1.2101518036006567,1.210054220979205,1.209961592123277,1.2098751155597744,1.2097957608276246,1.2097242738265186,1.209661193682793,1.2096068789265717,1.2095615401858404,1.2095252763584887,1.2094981112119747,1.2094800274949178,1.209470995848983,1.2094709960140333,1.2094800280059024,1.2094981121081136,1.209525277691867,1.2095615419999841,1.2096068812392058,1.2096611964840798,1.2097242771084395,1.2097957645717072,1.20987511971136,1.209961596647428,1.2100542258978404,1.210151808946712,1.2102529258709838,1.2103559563970638,1.210459113663521,1.2105604891152142,1.2106581061451192,1.2107499794352037,1.2108341767359123,1.2109088800301824,1.210972443230068,1.2110234441505692,1.2110607289014959,1.2110834472578678,1.2110910784275373
1.212630177497597,1.2126235627058968,1.2126038658771203,1.2125715277657179,1.2125272676957994,1.21247206199356,1.2124071141865354,1.2123338179525458,1.2122537140252347,1.2121684427522759,1.21207969421654,1.2119891579160327,1.2118984744637824,1.2118091919621092,1.2117227292460198,1.2116403476836912,1.2115631327623493,1.2114919859879854,1.2114276267902913,1.2113706033967815,1.2113213110919399,1.211280015816718,1.2112468808449985,1.2112219942295643,1.2112053947755623,1.211197094365,1.2111970945466901,1.2112053953306354,1.211221995183478,1.2112468822278106,1.2112800176509328,1.2113213133815754,1.211370606137192,1.211427629989239,1.2114919896426182,1.2115631368409419,1.2116403521717414,1.211722734164152,1.2118091973260667,1.2118984802708375,1.2119891641569989,1.2120797008762465,1.2121684498451974,1.2122537216317526,1.2123338261497598,1.2124071229510855,1.2124720712222963,1.212527277287619,1.2125715376486608,1.2126038760535873,1.2126235731405117,1.2126301882442747
1.2141419449818713,1.2141362026632556,1.214119100582743,1.2140910122005264,1.2140525470676682,1.2140045327111135,1.2139479897200525,1.2138841009003554,1.2138141755964316,1.213739610629285,1.213661849383312,1.2135823406287054,1.2135024990139531,1.2134236692812443,1.2133470958581822,1.2132738990723422,1.2132050589204608,1.2131414068097273,1.2130836250739114,1.2130322535194387,1.2129877018527926,1.212950266497129,1.212920150116861,1.2128974821076326,1.2128823383363132,1.2128747583889263,1.2128747585880058,1.2128823389375272,1.2128974831217714,1.2129201515515078,1.2129502683535849,1.2129877041223793,1.2130322562009153,1.213083628187036,1.2131414103673945,1.2132050629141042,1.2132739035058595,1.2133471007526007,1.2134236746406575,1.2135025048199846,1.2135823468598084,1.2136618560176105,1.2137396176806086,1.213814183145959,1.213884109028645,1.2139479984155934,1.2140045418650016,1.2140525565684857,1.2140910219701286,1.2141191106325424,1.2141362129750402,1.21414195562184
1.2156244526811284,1.2156194611089806,1.2156045922289684,1.2155801630019567,1.2155466908991932,1.2155048787366014,1.2154555938990061,1.2153998426933408,1.2153387408072707,1.21527348109071,1.2152052998828764,1.2151354431501493,1.2150651339676855,1.2149955429439205,1.2149277628509987,1.2148627883914191,1.2148015018193732,1.2147446647587614,1.2146929160950386,1.214646775414208,1.2146066511536973,1.2145728523777146,1.2145456029339843,1.2145250566825623,1.2145113124851987,1.2145044275651855,1.2145044277740877,1.2145113131120808,1.2145250577294335,1.214545604395794,1.2145728542433771,1.2146066534075692,1.2146467780558285,1.2146929191467777,1.2147446682391696,1.214801505733175,1.2148627927549076,1.2149277676890806,1.214995548259394,1.2150651397397447,1.2151354493545128,1.2152053064946289,1.215273488118299,1.2153387483219087,1.215399850766872,1.2154556025201784,1.215504887792766,1.2155467002741773,1.2155801726258377,1.2156046021302922,1.215619471292043,1.2156244632124458
1.2170760300652919,1.2170716858634232,1.2170587431097035,1.217037471314718,1.2170083106575662,1.2169718593156578,1.216928856161195,1.2168801594425223,1.2168267223034095,1.2167695661503788,1.2167097528421429,1.2166483567110318,1.216586437640625,1.2165250164550496,1.2164650535953383,1.2164074317858191,1.216352943249071,1.216302281762192,1.2162560394833428,1.2162147081826766,1.216178684276222,1.21614827687399,1.2161237179261009,1.2161051734927133,1.2160927551314764,1.2160865302976522,1.2160865305042698,1.2160927557515275,1.2161051745292513,1.2161237193761902,1.2161482787274434,1.2161786865182098,1.2162147108106094,1.2162560425107016,1.2163022851981007,1.2163529470976397,1.2164074360689299,1.2164650583455658,1.2165250216853833,1.2165864433423885,1.2166483628673073,1.2167097594285157,1.2167695731653076,1.2168267297978186,1.2168801674687624,1.2169288646980212,1.216971868249673,1.2170083198750958,1.217037480768413,1.2170587528513979,1.2170716959203385,1.2170760404926275
1.2184952176317982,1.2184914328210856,1.2184801548167719,1.2184616132455066,1.2184361833247743,1.218404375293574,1.2183668200052873,1.2183242511978236,1.2182774851780804,1.2182273987497683,1.2181749061613825,1.2181209358829344,1.2180664081939838,1.2180122145773373,1.2179591996777053,1.217908146365442,1.2178597643415034,1.217814682539569,1.217773445296092,1.2177365120384736,1.2177042600661323,1.2176769898612005,1.2176549322557122,1.2176382567396722,1.2176270801334101,1.2176214747478036,1.2176214749408798,1.2176270807167953,1.2176382577268425,1.2176549336586202,1.2176769916822334,1.2177042622978531,1.2177365146736738,1.2177734483299931,1.217814685959502,1.2178597681400458,1.2179081505647145,1.217959204320275,1.2180122196945882,1.2180664137985489,1.218120941971158,1.2181749127113355,1.218227405747686,1.2182774926494135,1.2183242591702734,1.2183668284430813,1.2184043840864165,1.218436192367659,1.2184616225215745,1.218480164401181,1.218491442758251,1.218495227958125
1.219880736767842,1.2198774363019267,1.2198676000488613,1.2198514240689668,1.219829228889169,1.2198014506981505,1.2197686293456422,1.2197313935813843,1.2196904441648095,1.2196465355207258,1.2196004565599194,1.219553011316344,1.219505000192854,1.219457202610386,1.2194103616547065,1.2193651711422124,1.2193222654504612,1.219282212336077,1.2192455087454959,1.2192125794539777,1.2191837782389634,1.2191593911967733,1.2191396417133562,1.2191246965705165,1.2191146725861062,1.2191096430888426,1.219109643262595,1.2191146731176368,1.2191246974884138,1.2191396430503936,1.2191593929735562,1.2191837804582788,1.2192125821028446,1.219245511797397,1.2192822157525478,1.2193222692086354,1.2193651752617503,1.2194103661877083,1.2194572076078443,1.2195050056892183,1.2195530173216567,1.2196004630550834,1.2196465424803555,1.2196904515902134,1.2197314014779206,1.2197686376657075,1.2198014593388924,1.2198292377582263,1.2198514331791446,1.2198676094917607,1.219877446127785,1.2198807469913366
1.2212314643587538,1.221228584070966,1.2212199988555863,1.2212058764781386,1.2211864913301258,1.2211622171043106,1.2211335167883686,1.2211009303572613,1.2210650606994906,1.2210265583251791,1.2209861053484163,1.220944399271928,1.220902137215579,1.2208600012303186,1.2208186451660157,1.2207786834239869,1.2207406818748034,1.2207051511345264,1.2206725422306237,1.2206432445571667,1.220617585923208,1.220595834432891,1.220578201851535,1.2205648480862703,1.220555886317887,1.2205513882155539,1.220551388371658,1.2205558868019613,1.2205648489399639,1.220578203125663,1.2205958361643015,1.2206175881234624,1.2206432472085202,1.2206725452888578,1.2207051545411085,1.220740685594662,1.2207786874739734,1.220818649604159,1.2208600061211783,1.2209021426083742,1.2209444051858376,1.2209861117658505,1.2210265652124939,1.2210650680412891,1.2211009381451827,1.221133524970786,1.2211622255896373,1.2211865000404296,1.221205885447902,1.2212200081813422,1.221228593794419,1.221231474473468
1.2225464113614817,1.222543896255917,1.222536398577568,1.2225240621945572,1.222507122494408,1.2224859002977784,1.2224607935025222,1.2224322668032248,1.2224008399358552,1.2223670748899176,1.222331562481064,1.2222949087132795,1.2222577214534525,1.2222205979396503,1.2221841134976295,1.2221488117263035,1.2221151963833778,1.222083725140895,1.2220548052594808,1.2220287911283478,1.2220059835496853,1.2219866306003646,1.2219709298398542,1.2219590316005342,1.221951043009902,1.2219470322700903,1.2219470324166533,1.2219510434677614,1.2219590324163678,1.221970931072096,1.2219866322938027,1.2220059857206647,1.2220287937577463,1.222054808295222,1.222083728516754,1.222115200060061,1.2221488157190576,1.2221841178647452,1.2222206027487525,1.2222577267571442,1.2222949145320776,1.222331568796921,1.22236708166653,1.2224008471520833,1.2224322744483636,1.2224608015303737,1.2224859086303717,1.2225071310676017,1.2225240710524738,1.2225364078093546,1.2225439058822083,1.222546421358253
1.2238247046855022,1.2238225075141373,1.2238159568636868,1.2238051763720006,1.2237903683746545,1.2237718088496348,1.2237498404259042,1.2237248637775664,1.2236973277801924,1.2236677187823464,1.223636549308043,1.2236043465388058,1.223571641005311,1.2235389559137757,1.223506797410181,1.223475645991411,1.2234459492544705,1.2234181161352957,1.2233925126983698,1.2233694594574767,1.2233492301644098,1.223332051966031,1.2233181067900576,1.2233075337740305,1.223300432478879,1.2232968664799055,1.22329686662804,1.2233004329395931,1.2233075345882103,1.2233181080098126,1.2233320536330965,1.223349232295573,1.2233694620367943,1.2233925156775056,1.223418119454047,1.223445952878533,1.2234756499362958,1.223506801728752,1.2235389606659084,1.2235716462353787,1.22360435226078,1.2236365555020785,1.2236677254154649,1.2236973348363311,1.2237248712540236,1.2237498482895044,1.2237718170357896,1.2237903768297573,1.2238051851377605,1.2238159660130719,1.2238225170405657,1.223824714552776
1.2250655718351515,1.2250636519108606,1.225057927252171,1.2250485043250576,1.225035557387643,1.2250193242875338,1.2250001005980335,1.2249782323954532,1.2249541079940107,1.2249281489157933,1.224900800351368,1.2248725213934406,1.2248437754002746,1.2248150208378596,1.2247867028473125,1.2247592457095264,1.2247330463662303,1.2247084691333803,1.2246858416776982,1.2246654522597595,1.2246475482245143,1.2246323356887099,1.224619980356108,1.2246106093341846,1.2246043137654725,1.2246011519163489,1.224601152075698,1.2246043142542284,1.2246106101782548,1.2246199815895542,1.2246323373408845,1.2246475503090528,1.2246654547673352,1.2246858445729576,1.2247084723725732,1.224733049927112,1.2247592496092823,1.224786707129423,1.2248150255470664,1.2248437805649803,1.2248725270163499,1.224900806410777,1.2249281553864317,1.22495411487223,1.2249782396924038,1.225000108296317,1.225019332333053,1.225035565733019,1.225048513001535,1.2250579363138925,1.2250636613254822,1.225065581559981
1.2262683278591107,1.2262666500632913,1.2262616468940641,1.2262534101989748,1.2262420903224118,1.2262278926045629,1.2262110724492272,1.2261919292441494,1.226170799400667,1.2261480487282643,1.2261240643515625,1.226099246398577,1.2260739997569046,1.2260487261867286,1.2260238169922257,1.2259996463953027,1.2259765657467874,1.225954898697235,1.2259349374046797,1.2259169398004064,1.225901127924765,1.2258876873203144,1.2258767674638027,1.2258684831586306,1.2258629167541335,1.2258601208729614,1.2258601210479747,1.2258629172825972,1.2258684840476055,1.225876768724292,1.2258876889648849,1.2259011299617177,1.225916942227816,1.2259349402041149,1.2259549018454907,1.2259765692363227,1.2259996502452875,1.2260238212355639,1.2260487308510215,1.2260740048530692,1.2260992519181464,1.2261240702723062,1.2261480550344013,1.2261708061026655,1.2261919363664424,1.2262110799874417,1.2262279005109522,1.2262420985526041,1.226253418771683,1.2262616558480117,1.226266659347206,1.2262683374283119
1.2274323642293565,1.227430898180542,1.2274265260710806,1.2274193272673426,1.2274094316911592,1.2273970168960486,1.2273823039046325,1.2273655520749924,1.2273470532194193,1.2273271251437883,1.2273061047744434,1.2272843410596963,1.2272621878928067,1.2272399972958716,1.227218113032173,1.2271968647676708,1.2271765628988502,1.2271574941583243,1.227139918078091,1.2271240643467989,1.227110131093217,1.2270982841143074,1.2270886570631898,1.2270813525584077,1.2270764441187323,1.2270739786358644,1.2270739788243894,1.2270764446813296,1.2270813534859542,1.2270886583467135,1.2270982857512593,1.2271101330863885,1.2271240666998164,1.2271399207872316,1.2271574972180337,1.2271765663139984,1.2271968685584758,1.2272181172223668,1.227240001899048,1.2272621929068828,1.2272843464694263,1.2273061105593943,1.2273271312968883,1.2273470597614868,1.2273655590378205,1.2273823112903857,1.2273970246594936,1.2274094397898734,1.2274193357107757,1.2274265348896187,1.227430907312196,1.2274323736302415
1.2285571393357568,1.2285558586922285,1.228552039219829,1.2285457495994325,1.2285371022645095,1.2285262509546109,1.228513387189303,1.2284987359196624,1.2284825505403212,1.2284651073971564,1.228446699922299,1.2284276325509453,1.2284082146267576,1.228388754492718,1.2283695539095552,1.2283509029030886,1.2283330751429449,1.2283163239566706,1.228300879058717,1.2282869440440738,1.228274694691125,1.228264278117571,1.228255812827182,1.2282493896409492,1.228245073442568,1.2282429054775656,1.2282429056719892,1.228245074019395,1.2282493905826977,1.2282558141142794,1.22826427973891,1.2282746966457965,1.2282869463378232,1.2283008816958283,1.2283163269415258,1.2283330784869722,1.2283509066254834,1.2283695580275198,1.228388759011971,1.2284082195400947,1.2284276378428494,1.2284467055768218,1.2284651134136686,1.2284825569434155,1.2284987427404819,1.2285133944291056,1.2285262585681036,1.2285371102119227,1.2285457578867407,1.2285520478762377,1.228555867651243,1.2285571485558637
1.2296421703350922,1.2296410522093646,1.2296377172218331,1.2296322248827116,1.229624672610837,1.2296151936841297,1.2296039542415056,1.2295911495880945,1.2295769999487265,1.2295617457821428,1.229545642758525,1.229528956528644,1.2295119574593332,1.2294949154964103,1.229478095276501,1.2294617515739412,1.2294461251722413,1.2294314392583385,1.2294178964179294,1.2294056762921888,1.2293949339492385,1.2293857990330426,1.2293783757435155,1.2293727436671154,1.2293689594035473,1.2293670587523662,1.2293670589424663,1.2293689599678286,1.2293727445897256,1.229378377006112,1.2293858006247051,1.22939493586853,1.2294056785435667,1.2294178990056734,1.2294314421874761,1.2294461284535272,1.2294617552229918,1.229478099306561,1.2294949199116472,1.2295119622550628,1.22952896169498,1.2295456482862532,1.2295617516747033,1.2295770062285836,1.229591156279218,1.2296039613385965,1.2296152011408363,1.2296246803910515,1.229632232993933,1.229637725696359,1.2296410609790576,1.2296421793618817
1.230687026139322,1.2306860506056638,1.2306831407588448,1.2306783482207873,1.2306717574886732,1.2306634842163404,1.2306536726565196,1.2306424925115378,1.2306301353049707,1.2306168103693917,1.2306027405297593,1.2305881575908013,1.2305732977752972,1.2305583972470209,1.2305436878212872,1.2305293929372785,1.2305157239711058,1.2305028769812725,1.2304910299646863,1.2304803406900926,1.2304709451702764,1.2304629568485743,1.230456466565015,1.2304515433424,1.2304482359466928,1.2304465750060198,1.2304465751825644,1.2304482364739822,1.2304515442145931,1.2304564677753258,1.2304629583944242,1.230470947053057,1.230480342910813,1.2304910325214338,1.2305028798721003,1.2305157271999505,1.230529396513931,1.2305436917565538,1.2305584015476585,1.2305733024437564,1.2305881626261808,1.2306027459306677,1.2306168161418631,1.2306301414664742,1.2306424990760447,1.2306536796099974,1.230663491511655,1.230671765093486,1.230678356146438,1.2306831490409704,1.2306860591744375,1.230687034960842
1.231691321365691,1.2316904710447352,1.231687934567895,1.231683756757015,1.2316780109650436,1.2316707976315284,1.231662242094835,1.231652491898643,1.2316417136813613,1.2316300897288,1.2316178142501701,1.2316050894731623,1.231592121678597,1.2315791172890307,1.23156627909803,1.231553802703604,1.2315418732173913,1.2315306623330757,1.231520325833012,1.231511001603416,1.2315028082264565,1.2314958442340127,1.2314901880962987,1.2314858990019586,1.2314830183910466,1.231481572039607,1.2314815721970487,1.2314830188662464,1.2314858998033995,1.2314901892348982,1.2314958457207674,1.2315028100678866,1.231511003796587,1.2315203283670464,1.2315306651952636,1.2315418764017594,1.2315538062129516,1.2315662829410357,1.2315791214760372,1.2315921262197393,1.2316050943765517,1.231617819521743,1.231630095376804,1.2316417197186842,1.2316524983303199,1.2316622488995022,1.2316708047623885,1.2316780183927587,1.2316837644964587,1.2316879426550411,1.2316904794066101,1.2316913299724697
1.2326547111020096,1.2326539708090118,1.2326517624594437,1.2326481249998598,1.2326431221533687,1.2326368411990147,1.2326293910965531,1.2326209001745576,1.2326115134549904,1.2326013896821293,1.2325906980978412,1.2325796150523076,1.2325683205465174,1.232556994806364,1.2325458149623287,1.2325349518881124,1.2325245672645992,1.2325148109447,1.2325058186973439,1.232497710403865,1.232490588779844,1.232484538714247,1.2324796273058611,1.2324759046627172,1.2324734054345892,1.23247215088765,1.2324721510249734,1.2324734058548066,1.2324759053888754,1.2324796283670179,1.2324845401354436,1.2324905905735002,1.2324977125644097,1.232505821205618,1.2325148137776107,1.232524570406672,1.2325349553355291,1.2325458187214084,1.2325569988895035,1.2325683249688442,1.232579619828135,1.232590703238412,1.2326013951979506,1.232611519356569,1.232620906461502,1.2326293977437854,1.2326368481616046,1.2326431294042224,1.2326481325559382,1.2326517703532363,1.2326539789633038,1.2326547194894217
1.2335768863654435,1.2335762428110928,1.2335743229855411,1.2335711607472242,1.2335668114827507,1.2335613510670154,1.2335548742521172,1.2335474926755914,1.2335393325518442,1.2335305321037826,1.233521238761432,1.233511606210902,1.2335017913712396,1.2334919513859495,1.2334822406939283,1.2334728082249702,1.2334637947801883,1.233455330668326,1.233447533672352,1.233440507422398,1.2334343402514476,1.2334291046289154,1.23342485726134,1.2334216399286537,1.2334194810336818,1.2334183976828685,1.2334183978034872,1.2334194814080157,1.2334216405907579,1.233424858253675,1.2334291059870095,1.2334343419927833,1.2334405095404795,1.2334475361427162,1.233455333461458,1.233463797874585,1.2334728116122526,1.2334822443779014,1.2334919553783954,1.2335017956882295,1.233511610868675,1.2335212437735423,1.2335305374825418,1.233539338307327,1.2335474988056299,1.233554880731573,1.2335613578544484,1.2335668185536326,1.2335711681201271,1.2335743306875704,1.233576250761124,1.2335768945351666
1.2344575701532492,1.234457011688128,1.2344553456643705,1.2344526015243382,1.2344488274246577,1.2344440893422886,1.2344384696863593,1.2344320655746361,1.234424986835783,1.234417353781158,1.2344092947651504,1.2344009436072492,1.2343924369419574,1.2343839115704756,1.2343755018710658,1.2343673373095119,1.234359540101126,1.2343522230940296,1.234345487943331,1.2343394236526544,1.2343341055642263,1.2343295948909654,1.234325938889298,1.2343231717438115,1.2343213161462698,1.2343203853920712,1.2343203855027454,1.2343213164924987,1.2343231723641803,1.234325939832246,1.2343295961970038,1.2343341072532814,1.2343394257181282,1.2343454903595428,1.2343522258307478,1.2343595431357548,1.2343673406323799,1.2343755054840342,1.2343839154828125,1.2343924411672877,1.2344009481596285,1.2344092996572755,1.2344173590254814,1.2344249924419506,1.234432071540267,1.234438475988125,1.234444095943789,1.2344488343059414,1.2344526087077339,1.2344553531731643,1.2344570194391102,1.2344575781127956
1.2352965140005652,1.235296030395982,1.2352945876828778,1.235292211464133,1.235288943614952,1.2352848415088131,1.2352799768181126,1.2352744340142543,1.2352683086347338,1.235261705341597,1.235254735792448,1.2352475163811207,1.2352401659087449,1.2352328032478246,1.2352255450472536,1.2352185035201302,1.2352117843568775,1.2352054848309735,1.2351996921658188,1.2351944822350576,1.235189918683415,1.2351860525597118,1.2351829225649138,1.2351805559901177,1.2351789703330764,1.2351781754173317,1.2351781755255062,1.23517897067126,1.235180556595354,1.235182923483878,1.235186053830973,1.2351899203252354,1.2351944842411253,1.2351996945132089,1.2352054874936678,1.2352117873159276,1.2352185067682473,1.2352255485860004,1.2352328070841074,1.2352401700522626,1.235247520841214,1.235254740578199,1.2352617104624843,1.2352683140974718,1.2352744398148727,1.2352799829347263,1.2352848479113787,1.235288950291565,1.235292218445698,1.2352945949933358,1.2352960379525826,1.235296521760438
1.2360934949739926,1.236093077233527,1.2360918310120526,1.2360897785709906,1.2360869563197756,1.2360834141430885,1.2360792143632342,1.2360744304262639,1.2360691453950123,1.2360634502492125,1.236057442023231,1.2360512218203286,1.236044892760249,1.2360385579150228,1.2360323182713293,1.2360262707611738,1.2360205063998004,1.2360151085904982,1.2360101516680038,1.2360056997483733,1.2360018059733657,1.2359985122435146,1.2359958495434025,1.235993838935021,1.2359924932147097,1.2359918190585486,1.2359918191705246,1.2359924935621611,1.2359938395488734,1.2359958504621678,1.2359985134980027,1.2360018075769246,1.2360057016947537,1.2360101539385542,1.2360151111658593,1.2360205092681118,1.2360262739205812,1.2360323217258733,1.236038561671672,1.2360448968256466,1.2360512261987753,1.236057446718019,1.2360634552628773,1.2360691507271386,1.2360744360676075,1.236079220291398,1.236083420335297,1.2360869627762565,1.236089785336946,1.2360918381171424,1.2360930845975884,1.2360935025429882
1.2368483130400303,1.2368479532376844,1.2368468798793717,1.2368451123181503,1.236842682202284,1.2368396328904423,1.2368360185539775,1.2368319030196449,1.2368273584546348,1.2368224638716971,1.2368173034941632,1.2368119650064378,1.2368065377402904,1.236801110846405,1.2367957714834654,1.2367906030606979,1.236785683576311,1.236781084101815,1.236776867483992,1.2367730873343776,1.2367697873902195,1.236767001343225,1.2367647532411086,1.2367630585377596,1.2367619257919127,1.2367613588396822,1.236761358959136,1.2367619261587277,1.236763059174357,1.236764754174939,1.2367670025949447,1.2367697889664229,1.2367730892272886,1.2367768696782233,1.2367810865846878,1.2367856863439886,1.2367906061184366,1.2367957748411913,1.236801114514562,1.236806541725045,1.2368119693086006,1.2368173081100096,1.2368224687935316,1.2368273636706697,1.2368319085111057,1.2368360242957888,1.2368396388673912,1.236842688429825,1.23684511885937,1.2368468867726532,1.236847960406565,1.236848320420613
1.2375607887566011,1.2375604798980244,1.2375595585500745,1.2375580415356109,1.2375559563536793,1.2375533406724077,1.2375502415516528,1.2375467144211987,1.2375428219277018,1.2375386326162774,1.237534219487562,1.2375296584517734,1.2375250267220494,1.2375204011896743,1.237515856813686,1.2375114650500019,1.237507292365671,1.2375033988861686,1.2374998372402044,1.237496651675993,1.2374938775313973,1.2374915411539036,1.237489660375248,1.2374882456174499,1.2374873016332726,1.2374868297064467,1.2374868298332171,1.2374873020194201,1.237488246278044,1.2374896613278141,1.2374915424094257,1.2374938790892098,1.237496653525274,1.2374998393666887,1.237503401281287,1.2375072950316957,1.237511467999562,1.2375158600648328,1.2375204047590493,1.2375250306190149,1.2375296626762542,1.2375342240288134,1.2375386374549162,1.2375428270380036,1.237546719772433,1.2375502471150825,1.2375533464395896,1.2375559623554406,1.2375580478518324,1.23755956522743,1.237560486864136,1.2375607959424153
1.2382307612451153,1.2382304971482383,1.2382297093757924,1.2382284125504452,1.2382266305560228,1.2382243960990773,1.238221750032564,1.2382187404547835,1.238215421692053,1.2382118531341308,1.2382080979542853,1.238204221737372,1.2382002910529986,1.2381963720065956,1.2381925288039597,1.2381888223483857,1.2381853089087724,1.2381820389115472,1.2381790559157888,1.2381763958444167,1.2381740865538788,1.2381721478394205,1.2381705919795045,1.238169424896231,1.2381686479361482,1.2381682600974713,1.238168260228681,1.2381686483339915,1.2381694255711295,1.2381705929425755,1.2381721490953022,1.2381740880966416,1.2381763976596993,1.2381790579876375,1.2381820412316744,1.238185311482447,1.2381888251938526,1.2381925319467517,1.2381963754710312,1.2382002948546098,1.2382042258768156,1.238208102415065,1.2382118578866523,1.238215426697888,1.2382187456726723,1.2382217554305355,1.2382244016730721,1.2382266363482954,1.238228418651386,1.2382297158367896,1.2382305039011527,1.2382307682223606
1.238858086407927,1.2388578615992765,1.238857191075806,1.2388560875467705,1.2388545717479758,1.2388526720633382,1.2388504239303049,1.238847869047509,1.2388450544723035,1.2388420315896225,1.2388388549728826,1.2388355811603218,1.2388322673834575,1.2388289702721182,1.2388257445678537,1.2388226418706259,1.2388197094463334,1.238816989145798,1.2388145164959707,1.2388123200357473,1.2388104209769784,1.2388088332877103,1.2388075643009746,1.23880661592724,1.2388059864743928,1.2388056729012074,1.2388056730323866,1.2388059868717942,1.238806616600146,1.2388075652587953,1.2388088345331176,1.2388104225015053,1.2388123218220075,1.2388145185251611,1.2388169914074725,1.2388197119451514,1.238822644626652,1.238825747611607,1.238828973634802,1.2388322710857311,1.23883558520351,1.2388388593380202,1.2388420362416057,1.2388450593653495,1.2388478741346234,1.2388504291774147,1.2388526774675013,1.238854577355819,1.2388560934498445,1.2388571973251075,1.2388578681308153,1.2388580931611115
1.239442635362077,1.239442444985536,1.239441877222609,1.2394409431177227,1.2394396606677176,1.239438054495056,1.2394361553179187,1.239433999253105,1.2394316270138557,1.239429082992458,1.2394264142444895,1.2394236693927496,1.2394208974872278,1.2394181468469256,1.239415463902462,1.2394128920693748,1.2394104706809455,1.239408234023112,1.2394062105290635,1.239404422207336,1.2394028843856058,1.2394016058660304,1.2394005895932059,1.23939983391446,1.2393993344364622,1.2393990863041116,1.2393990864316848,1.2393993348234493,1.2393998345710595,1.239400590529895,1.2394016070865133,1.2394028858819848,1.2394044239620088,1.2394062125218581,1.2394082362407348,1.239410473124978,1.2394128947585656,1.2394154668680857,1.2394181501212895,1.239420901091339,1.239423673329043,1.2394264184957497,1.2394290875237328,1.2394316317794145,1.2394340042064484,1.2394361604246962,1.2394380597511323,1.2394396661167335,1.2394409488436886,1.2394418832711882,1.2394424512957412,1.239442641881945
1.2399842930641145,1.2399841328002643,1.2399836549096075,1.2399828689878898,1.2399817906518822,1.2399804412555806,1.239978847412963,1.239977040379939,1.239975055341993,1.2399729305931453,1.2399707066273336,1.2399684251552643,1.239966128074688,1.2399638564289421,1.239961649367307,1.2399595431275476,1.2399575700745027,1.2399557578382923,1.2399541286045173,1.2399526986256257,1.239951478037523,1.239950471079263,1.239949676815437,1.2399490904407842,1.2399487051704188,1.239948514542489,1.2399485146645646,1.239948705541352,1.2399490910719884,1.2399496777193209,1.2399504722622452,1.2399514794947668,1.239952700341991,1.2399541305607962,1.2399557600203208,1.2399575724814904,1.2399595457742647,1.23996165227906,1.239963859631998,1.2399661315872466,1.239968428981017,1.239970710751788,1.2399729349857707,1.2399750599642276,1.2399770451915662,1.2399788523822148,1.2399804463769106,1.239981795961109,1.2399828745564156,1.2399836607740367,1.239984138900039,1.2399842993530112
1.2404829571025549,1.2404828230980505,1.2404824235820122,1.2404817668903638,1.2404808665760707,1.240479741158633,1.2404784136923122,1.240476911211242,1.2404752640960206,1.2404735053364049,1.2404716697129383,1.2404697929143425,1.2404679106060967,1.240466057483102,1.2404642663317516,1.2404625671134386,1.2404609860955953,1.2404595450765483,1.2404582607596084,1.240457144341207,1.2404562013941924,1.2404554321445138,1.240454832241823,1.2404543941040789,1.2404541088384302,1.2404539685660239,1.2404539686826819,1.2404541091932542,1.240454394708932,1.2404548331100278,1.2404554332844926,1.2404562028046184,1.240457146011557,1.2404582626752598,1.240459547225914,1.240460988476166,1.2404625697332252,1.2404642692065444,1.2404660606310853,1.2404679140403803,1.2404697966356686,1.240471673707697,1.2404735095818675,1.240475268564768,1.2404769158724656,1.240478418520026,1.2404797461475543,1.240480871753859,1.2404817723155113,1.240482429280566,1.2404828290069485,1.2404829631750256
1.2409385366373906,1.240938425442916,1.2409380940098904,1.2409375495807278,1.240936803923882,1.240935873108106,1.2409347771101795,1.2409335393122993,1.2409321859332059,1.2409307453662586,1.240929247437038,1.2409277226039723,1.240926201119188,1.2409247121640141,1.2409232829909813,1.2409219380940437,1.2409206984252896,1.2409195806970106,1.2409185968269476,1.2409177535929432,1.2409170525764404,1.240916490490912,1.240916059995715,1.240915751076199,1.2409155529917588,1.240915456620613,1.2409154567336755,1.2409155533352718,1.240915751660803,1.2409160608336,1.2409164915908306,1.2409170539399348,1.2409177552146569,1.240918598698185,1.2409195828102313,1.240920700777802,1.2409219406893472,1.240923285837596,1.2409247152711778,1.2409262044900855,1.2409277262323792,1.2409292513107673,1.2409307494707282,1.240932190249674,1.240933543818859,1.2409347817885987,1.2409358779560282,1.2409368089657624,1.240937554866694,1.2409380995576231,1.2409384311851936,1.2409385425195905
1.2413509514724852,1.2413508599872876,1.2413505873869628,1.2413501399697053,1.241349527966601,1.2413487653372124,1.2413478694083895,1.2413468604195863,1.2413457610029626,1.2413445955872866,1.2413433897257589,1.2413421693611535,1.2413409600631877,1.2413397862450553,1.2413386703752285,1.2413376322158372,1.2413366881118488,1.2413358503631269,1.2413351267332835,1.2413345201622996,1.2413340287626455,1.241333646193393,1.2413333625124463,1.241333165587983,1.2413330430705067,1.2413329847553394,1.241332984868268,1.2413330434121617,1.2413331661653368,1.2413333633334183,1.2413336472640664,1.2413340300852873,1.2413345217358527,1.2413351285555567,1.2413358524327107,1.2413366904291874,1.241337634783179,1.2413386731951144,1.2413397893169147,1.2413409633803445,1.2413421729125897,1.241343393499676,1.2413445995699528,1.2413457651781734,1.2413468647730856,1.2413478739299795,1.2413487700303987,1.2413495328603188,1.2413501451122,1.2413505927924182,1.241350865584039,1.2413509571932393
1.2417201312480655,1.241720056670985,1.2417198345473535,1.2417194703675958,1.2417189730454374,1.241718354737487,1.241717630502833,1.2417168178941251,1.2417159364761825,1.2417150072787249,1.24171405219202,1.2417130932927056,1.24171215213507,1.2417112490354303,1.2417104023515042,1.2417096277801671,1.2417089377055097,1.2417083406301304,1.241707840739386,1.241707437664807,1.2417071265266462,1.2417068983485802,1.2417067409439175,1.2417066403541197,1.241706582841317,1.2417065572658932,1.2417065573822652,1.2417065831909286,1.2417066409378734,1.2417067417624927,1.241706899402745,1.2417071278176863,1.2417074391952954,1.2417078425136012,1.2417083426531086,1.2417089399816388,1.2417096303119888,1.241710405138132,1.2417112520704159,1.2417121554062005,1.2417130967845433,1.2417140558871813,1.241715011158606,1.2417159405263127,1.2417168221053172,1.2417176348688397,1.2417183592689802,1.2417189777818607,1.2417194753610885,1.2417198398146034,1.2417200621372237,1.2417201368330468
1.2420460147384698,1.242045954524807,1.242045775286219,1.2420454818312092,1.2420450819539772,1.2420445862834297,1.2420440079553106,1.2420433622438982,1.2420426661195183,1.2420419377317957,1.2420411958543702,1.2420404592776069,1.2420397461487969,1.2420390733043125,1.2420384556054143,1.2420379052896442,1.2420374313690097,1.2420370391112951,1.2420367296517811,1.2420364998000146,1.2420363421220888,1.242036245390794,1.2420361955021448,1.2420361769378492,1.2420361747754303,1.2420361770781916,1.2420361771987838,1.2420361751354505,1.2420361775324682,1.2420361963252597,1.2420362464379748,1.2420363433928332,1.2420365012986134,1.2420367313865013,1.242037041091711,1.2420374336030988,1.2420379077816217,1.242038458353584,1.2420390762994131,1.242039749375011,1.2420404627148953,1.2420411994804395,1.2420419415266348,1.2420426700685192,1.242043366332619,1.2420440121758896,1.2420445906558861,1.2420450865313937,1.2420454866732653,1.2420457804159877,1.2420459598665934,1.242046020205588
1.242328549246882,1.2423285010686713,1.2423283577699888,1.2423281235943862,1.2423278053971518,1.2423274125296002,1.2423269565192088,1.2423264507279532,1.2423259099526744,1.2423253499435511,1.2423247868689613,1.2423242367594542,1.2423237149029414,1.2423232352184683,1.2423228096354533,1.2423224474898351,1.2423221549639663,1.2423219346089984,1.2423217849967185,1.2423217005633733,1.2423216717255812,1.2423216853606194,1.2423217257492454,1.242321776059262,1.242321820371216,1.2423218460789744,1.242321846199197,1.242321820730106,1.2423217766518624,1.2423217265690172,1.2423216864022284,1.2423216729873177,1.2423217020481259,1.242321786711431,1.242321936562479,1.2423221571641556,1.2423224499414245,1.2423228123375685,1.2423232381633917,1.2423237180768616,1.2423242401431716,1.2423247904391754,1.2423253536762133,1.2423259138221168,1.24232645470847,1.2423269606067369,1.242327416755899,1.2423278098260273,1.2423281282927663,1.2423283627657313,1.2423285062824296,1.2423285545911056
1.242567690091465,1.2425676518022761,1.2425675380386836,1.2425673525879308,1.2425671015325759,1.2425667931727655,1.2425664377223689,1.2425660469779336,1.2425656339392162,1.242565212381217,1.2425647963414752,1.2425643995872315,1.2425640350544815,1.242563714261837,1.2425634467261144,1.2425632393956016,1.2425630961246121,1.2425630172286306,1.2425629991683986,1.2425630344243754,1.2425631116405729,1.2425632161299256,1.2425633308391895,1.2425634378505634,1.2425635204210357,1.2425635653923817,1.2425635655056235,1.2425635207614476,1.2425634384195914,1.2425633316379083,1.2425632171585763,1.2425631128989238,1.2425630359122084,1.2425630008861022,1.2425630191774095,1.2425630983062974,1.2425632418121795,1.2425634493784665,1.242563717148165,1.2425640381683198,1.242564402914305,1.2425647998583509,1.2425652160568588,1.2425656377370453,1.242566050868769,1.2425664417063058,1.2425667972811587,1.2425671058346712,1.2425673571629388,1.242567542920819,1.242567656907355,1.2425676953324918
1.2427634001679582,1.2427633697723213,1.2427632795846801,1.2427631330356859,1.2427629355969183,1.242762694720537,1.2427624195646612,1.2427621206923125,1.2427618096783246,1.2427614987124178,1.2427612001266564,1.24276092588222,1.2427606870368635,1.2427604931913818,1.2427603519350463,1.2427602683087127,1.2427602443075882,1.2427602784618696,1.242760365545357,1.2427604964738959,1.242760658471748,1.2427608355976552,1.2427610097281176,1.2427611620740808,1.242761275231727,1.2427613356004128,1.242761335701328,1.242761275539075,1.2427611625998565,1.2427610104870632,1.2427608366019725,1.2427606597272305,1.2427604979781752,1.242760367288993,1.242760280431792,1.2427602464917122,1.242760270700293,1.2427603545346528,1.2427604960053165,1.2427606900713675,1.2427609291352635,1.2427612035822064,1.242761502338971,1.2427618134328913,1.2427621245362155,1.2427624234818442,1.2427626987302598,1.2427629397778315,1.2427631374806178,1.2427632843334113,1.2427633747517213,1.2427634053208436
1.242915649587092,1.2429156252104274,1.2429155529979012,1.2429154361042152,1.242915279550839,1.2429150901558716,1.2429148762540736,1.2429146474526458,1.2429144142515325,1.2429141876414496,1.2429139786563985,1.242913797881005,1.2429136549387723,1.2429135579638118,1.2429135130706384,1.2429135238414368,1.2429135908520588,1.2429137112726154,1.2429138785934235,1.242914082539621,1.2429143092529424,1.2429145418329306,1.242914761334888,1.242914948299624,1.2429150848146333,1.2429151569390793,1.2429151570260966,1.242915085085044,1.2429149487780267,1.2429147620520946,1.242914542815022,1.242914310512185,1.2429140840699882,1.242913880372741,1.2429137132706127,1.2429135930412707,1.242913526207068,1.2429135156151554,1.242913560703786,1.2429136578941984,1.24291380106192,1.2429139820531991,1.2429141912217732,1.2429144179669516,1.2429146512569282,1.2429148801240624,1.2429150941129448,1.242915283670335,1.2429154404562135,1.2429155575998316,1.2429156299869082,1.2429156544967752
1.243024415391075,1.2430243952494986,1.243024335694148,1.2430242396704956,1.2430241118704966,1.2430239586871639,1.2430237879006492,1.2430236084338626,1.2430234300153826,1.2430232627873739,1.2430231168711994,1.2430230018875634,1.2430229264561188,1.2430228976820825,1.2430229206417556,1.2430229978865746,1.2430231289873395,1.2430233101518926,1.2430235339655662,1.2430237893177245,1.243024061592901,1.2430243332198945,1.2430245846774313,1.2430247960321956,1.243024949008634,1.2430250294210992,1.2430250295007776,1.2430249492597696,1.2430247964863699,1.2430245853735797,1.2430243341900271,1.2430240628509832,1.2430237908552133,1.2430235357549524,1.243023312156613,1.2430231311742295,1.243023000236783,1.2430229231560266,1.243022900377685,1.243022929355783,1.2430230050058049,1.2430231202036675,1.2430232663064205,1.24302343367665,1.2430236121931768,1.2430237917329958,1.2430239626071542,1.2430241159376536,1.243024243960319,1.2430243402527457,1.2430244000215087,1.2430244203133884
1.2430896813350525,1.2430896636986832,1.2430896116547094,1.2430895280420393,1.2430894173427898,1.2430892856692861,1.2430891404822089,1.2430889903144442,1.2430888444426595,1.2430887125043004,1.2430886040738234,1.243088528193777,1.2430884928830574,1.243088504633816,1.243088567906876,1.2430886846444025,1.2430888538228742,1.2430890710794629,1.2430893284609212,1.2430896143585553,1.2430899137067692,1.2430902085376176,1.2430904789898742,1.2430907048495743,1.2430908676234815,1.243090952975974,1.243090953060413,1.243090867886538,1.2430907053169038,1.243090479693568,1.2430902095050431,1.2430899149521117,1.2430896158787734,1.2430893302362522,1.2430890730784165,1.2430888560108033,1.2430886869940583,1.2430885704074903,1.2430885072940892,1.2430884957252413,1.2430885312416817,1.2430886073392715,1.243088715976584,1.2430888480881968,1.2430889940871959,1.2430891443394767,1.2430892895940213,1.243089421357182,1.2430895322055862,1.2430896160002254,1.243089668180708,1.2430896859038725
1.2431114377481336,1.2431114209470517,1.2431113713845414,1.2431112918639846,1.2431111868270728,1.2431110622877573,1.2431109255931696,1.2431107851428778,1.2431106500625067,1.2431105298235479,1.2431104338227783,1.2431103709158788,1.2431103489246875,1.2431103741353577,1.2431104507984754,1.2431105806478484,1.2431107624595792,1.243110991682409,1.2431112601876946,1.2431115562047044,1.2431118645205896,1.2431121670373813,1.2431124437832415,1.243112674453554,1.2431128404839433,1.2431129274875574,1.24311292758814,1.2431128407897467,1.243112674975337,1.2431124445343464,1.2431121680288053,1.2431118657572304,1.2431115576830436,1.2431112618954856,1.2431109936015936,1.2431107645719324,1.2431105829415647,1.2431104532725634,1.2431103767993372,1.243110351792976,1.2431103739993168,1.243110437119652,1.2431105333121788,1.2431106537006438,1.2431107888769473,1.243110929378213,1.243111066116722,1.2431111907440766,1.2431112959606456,1.2431113756973935,1.2431114254316158,1.2431114422739336
