Model: ensemble_run1_brcd700
Simulation: 792024842_0
(SimID_792024842_0 (PDE Simulation)) 
Sim time range (0.0 50.0) (saved timepoints 101) 
Number of variables 42 
Variable names ['BUB1a', 'BUB1a_pknl1', 'CPCa', 'CPCi', 'H2A', 'H3', 'H3_CPCa', 'H3_CPCi', 'H3S10rep', 'HASPINa', 'HASPINi', 'I', 'KNL1', 'NDC80', 'NDC80_TTKa', 'NDC80_TTKi', 'NDC80_pTTKa', 'NDC80_pTTKi', 'pH2A', 'pH2A_SGO1', 'pH2A_SGO1_CPCa', 'pH2A_SGO1_CPCi', 'pH3', 'pH3_CPCa', 'pH3_CPCi', 'pH3S10rep', 'pKNL1', 'pKNL1_bub1a', 'PLK1a', 'PLK1i', 'pTTKa', 'pTTKi', 'pNDC80', 'pNDC80_TTKa', 'pNDC80_TTKi', 'pNDC80_pTTKa', 'pNDC80_pTTKi', 'SGO1', 'SGO1_CPCi', 'SGO1_CPCa', 'TTKa', 'TTKi'] 
 
2D Slice for variable H3_CPCi at time 37.0 in plane XY at Z = 0 
 
X in rows, Y in columns 
1.1894180541054433,1.1892739759144433,1.188832853494843,1.188067335043409,1.1869294844890634,1.185347056663213,1.1832178658260826,1.1804017914200087,1.176709775958231,1.1718889320496915,1.1656025742540594,1.1574036087642088,1.1466992354477634,1.1327043366392022,1.1143802757836532,1.090355244364604,1.058822232015947,1.0174125133990415,0.9630501918151627,0.8918180865922056,0.79893903540583,0.6791893790881192,0.528664289536129,0.3505051743806055,0.17189649518899422,0.09256118852323822,0.09256118852370945,0.17189649519227027,0.35050517438455503,0.5286642895296129,0.6791893790731839,0.7989390353887944,0.891818086576171,0.9630501917941429,1.017412513356554,1.0588222319517138,1.0903552443060693,1.1143802757521344,1.1327043366225262,1.146699235417308,1.1574036087082618,1.165602574184206,1.1718889319804717,1.1767097758794574,1.1804017913144227,1.1832178656912367,1.1853470565502875,1.1869294844586504,1.188067335097841,1.1888328535053005,1.1892739756688195,1.1894180537154868
1.1894175451073852,1.1892734675940935,1.1888323472058473,1.1880668320950105,1.1869289861198498,1.1853465640369243,1.1832173800008696,1.1804013133700857,1.1767093065262146,1.1718884719782636,1.1656021241796022,1.1574031692433957,1.1466988069839348,1.1327039197737447,1.1143798712193393,1.0903548531001819,1.058821855529987,1.0174121539041168,0.9630498525792535,0.8918177722752054,0.79893875235356,0.6791891353922389,0.528664094418596,0.3505050359659295,0.17189641485452772,0.09256114823145568,0.0925611482313134,0.17189641485550727,0.35050503597178506,0.5286640944255316,0.6791891353918333,0.7989387523352719,0.8918177722404952,0.9630498525377162,1.0174121538568501,1.0588218554803592,1.0903548530664475,1.1143798712058157,1.1327039197541366,1.1466988069319681,1.1574031691708577,1.1656021241149095,1.1718884719166096,1.1767093064347602,1.1804013132368427,1.1832173798768393,1.1853465639890357,1.1869289861657895,1.1880668321305616,1.1888323470426567,1.1892734672935894,1.1894175449350266
1.1894160085715242,1.189271933099701,1.188830818793778,1.1880653136808337,1.1869274814288888,1.1853450765796318,1.1832159130260407,1.1803998697788982,1.1767078888980431,1.171887082552145,1.165600764889186,1.1574018417850156,1.146697512959735,1.1327026609155824,1.1143786497185781,1.0903536720460067,1.058820719465806,1.0174110695914307,0.9630488299329028,0.8918168253896498,0.7989379003750912,0.6791884026523264,0.5286635085268453,0.3505046210870565,0.17189617469290877,0.09256102798874957,0.09256102798839844,0.17189617469210589,0.3505046210923213,0.5286635085424568,0.6791884026571289,0.7989379003517344,0.8918168253440876,0.9630488298871008,1.0174110695573055,1.0588207194373094,1.090353672022128,1.1143786497012735,1.1327026608852684,1.1466975128990249,1.1574018417058136,1.1656007648173086,1.17188708248319,1.1767078888012625,1.1803998696657787,1.1832159129677262,1.1853450766114466,1.1869274814399453,1.1880653135172041,1.1888308185485057,1.1892719330325667,1.189416008645459
1.1894134157738105,1.1892693437054154,1.1888282395237895,1.1880627510705304,1.1869249417406011,1.1853425657100092,1.1832134364189306,1.180397432381517,1.1767054950754958,1.1718847361171485,1.165598469188166,1.1573995998281579,1.1466953276442151,1.132700535398173,1.1143765879497367,1.0903516794872263,1.0588188040757098,1.0174092430693498,0.9630471092303149,0.8918152343809975,0.7989364712602782,0.6791871761080811,0.5286625303922873,0.3505039309466195,0.1718957773255597,0.09256082975670313,0.09256082975659384,0.17189577732552497,0.3505039309487112,0.5286625303972033,0.6791871760999465,0.7989364712263752,0.8918152343339971,0.9630471091926025,1.0174092430500339,1.0588188040606066,1.0903516794571442,1.1143765879084342,1.1327005353550872,1.146695327588221,1.157399599751363,1.1655984691036712,1.171884736037028,1.1767054950004598,1.1803974323333895,1.1832134364223623,1.1853425657062284,1.1869249415987921,1.1880627508285992,1.188828239438126,1.1892693438349649,1.1894134158860958
1.1894097189232473,1.1892656516164097,1.1888245616150133,1.188059096545775,1.1869213194206636,1.1853389839229245,1.1832099029061678,1.1803939541815203,1.1767020784852245,1.1718813867244786,1.1655951919687484,1.1573963993541807,1.1466922084318762,1.1326975024170087,1.1143736473494208,1.0903488396272727,1.0588160769067485,1.0174066458530449,0.9630446665951412,0.8918129805626372,0.7989344519510528,0.6791854484793557,0.5286611581570695,0.35050296803506026,0.17189522744911312,0.0925605570032717,0.09256055700366334,0.17189522745230612,0.3505029680416955,0.5286611581467042,0.6791854484492785,0.7989344519161472,0.8918129805319543,0.9630446665703764,1.0174066458360633,1.0588160768888442,1.090348839586855,1.1143736472894252,1.1326975023646308,1.146692208382579,1.1573963992778764,1.1655951918677014,1.1718813866452296,1.1767020784625541,1.1803939542002253,1.1832099029022658,1.1853389838025994,1.1869213192128978,1.188059096432599,1.1888245616753377,1.189265651696124,1.1894097188875694
1.1894048512968693,1.1892607901241186,1.1888197184136,1.1880542835263943,1.1869165480444173,1.1853342650218597,1.1832052465827907,1.18038936971678,1.1766975743007717,1.1718769704240386,1.165590870483844,1.1573921792101616,1.1466880962071353,1.1326935054397567,1.1143697746323205,1.0903451031872387,1.0588124935011303,1.0174032391531302,0.9630414697744789,0.8918100390341495,0.798931825488517,0.6791832108869715,0.5286593904740398,0.35050173689667313,0.17189453233366542,0.09256021500868036,0.09256021500896638,0.17189453233644483,0.35050173690226394,0.5286593904573921,0.6791832108482543,0.7989318254640111,0.8918100390361843,0.9630414697729526,1.0174032391278778,1.0588124934605228,1.0903451031384286,1.1143697745788175,1.1326935053954765,1.1466880961606583,1.1573921791274955,1.1655908703862796,1.1718769703780938,1.1766975743253296,1.1803893697221193,1.1832052464687264,1.185334264844269,1.1869165479564394,1.188054283560825,1.1888197184319849,1.1892607900148209,1.1894048511122202
1.1893987275136513,1.189254673858991,1.1888136246090184,1.1880482268453367,1.1869105426114728,1.18532832429584,1.183199383193416,1.1803835953734196,1.176691899787332,1.17187140568554,1.1655854248109612,1.157386861588636,1.1466829159121146,1.1326884728774471,1.1143649025393423,1.0903404082220869,1.058807998299567,1.0173989749354722,0.9630374793843365,0.8918063800351951,0.798928572393384,0.6791804542473947,0.5286572277948719,0.35050024515638767,0.17189370252230027,0.09255981129987147,0.09255981129935698,0.17189370252078165,0.35050024515336886,0.5286572277829491,0.6791804542249426,0.7989285723823445,0.8918063800449789,0.9630374793880812,1.0173989749063708,1.058807998250221,1.0903404081816304,1.1143649025098965,1.1326884728379492,1.146682915850314,1.157386861517088,1.1655854247731885,1.1718714056987158,1.1766918997598894,1.1803835952311217,1.1831993830097354,1.1853283242177328,1.1869105426598083,1.1880482268659096,1.1888136244960925,1.189254673628349,1.189398727299669
1.1893912438347267,1.189247199120651,1.1888061766125133,1.188040823035702,1.1869031999183302,1.185321058923451,1.1831922104835881,1.1803765297417097,1.1766849547205458,1.1718645938665984,1.1655787584036368,1.157380352704897,1.1466765773016045,1.1326823189550497,1.1143589508323946,1.0903346812354728,1.0588025259091562,1.017393797341309,0.9630326504570333,0.8918019706427318,0.7989246725322541,0.6791771711546947,0.5286546740763454,0.35049850490935786,0.17189275276070115,0.0925593562224108,0.09255935622146946,0.17189275275668264,0.3504985049019063,0.5286546740761424,0.6791771711556034,0.798924672524157,0.8918019706270188,0.9630326504346403,1.0173937973140421,1.0588025258803355,1.090334681209118,1.1143589508001928,1.1326823188990602,1.1466765772411969,1.1573803526897881,1.1655787584238972,1.171864593821356,1.176684954567312,1.180376529544646,1.1831922103778159,1.1853210589734757,1.1869031999557431,1.1880408229413542,1.1888061763999596,1.189247198909283,1.1893912436981149
1.1893822785722659,1.189238244267456,1.1887972528767814,1.1880319507916108,1.1868943990001812,1.1853123484435981,1.183183608740721,1.1803680541740342,1.1766766219405829,1.1718564198347068,1.1655707588135764,1.1573725435863496,1.1466689758496535,1.132674944752774,1.1143518275144546,1.0903278386376174,1.0587960027668015,1.0173876444918857,0.963026934413832,0.8917967769495789,0.7989201074028393,0.6791733581681703,0.5286517389269283,0.35049653449254087,0.17189170317696947,0.09255886366409055,0.0925588636634698,0.1718917031738434,0.35049653448480367,0.5286517389270897,0.6791733581746576,0.7989201073932389,0.8917967769186362,0.9630269343810524,1.0173876444616592,1.058796002729667,1.0903278385868735,1.1143518274616016,1.1326749447194264,1.1466689758430262,1.1573725435816389,1.165570758741716,1.1718564196910966,1.1766766217654971,1.180368054064054,1.1831836087899887,1.185312348489988,1.1868943989224423,1.1880319506026487,1.1887972526751858,1.1892382441481295,1.1893822785127839
1.189371692530963,1.1892276701510336,1.1887867144085233,1.1880214713961794,1.186884001598672,1.1853020552988789,1.1831734413922534,1.180358033466503,1.1766667681170806,1.1718467527896377,1.165561298584337,1.1573633110864594,1.1466599939003959,1.1326662395054015,1.114343430322026,1.0903197884597688,1.0587883490876069,1.0173804507446484,0.9630202816217361,0.8917907667707486,0.7989148629281083,0.6791690185934537,0.5286484401999194,0.35049436063045225,0.17189058072095087,0.09255835194073705,0.09255835194066601,0.17189058071968355,0.35049436062207534,0.5286484401866806,0.6791690185871536,0.7989148629231664,0.891790766752825,0.9630202815916257,1.0173804506985076,1.0587883490128709,1.0903197883846614,1.1143434302917576,1.1326662395185851,1.1466599938940922,1.1573633109926773,1.1655612984327317,1.1718467526152099,1.1766667679953735,1.180358033507637,1.1831734414502855,1.1853020552279538,1.186884001425666,1.1880214712156267,1.1887867142984903,1.189227670108322,1.1893716924919902
1.1893593295837832,1.189215320693495,1.1887744053280211,1.1880092293296807,1.1868718527776183,1.1852900254391443,1.1831615556666928,1.1803463165956907,1.1766552445895038,1.171835447223411,1.165550236334154,1.1573525191331813,1.1466495021065406,1.1326560822408862,1.1143336485613418,1.0903104323877344,1.0587794812209579,1.0173721494111967,0.963012644377405,0.8917839129028744,0.798908932872612,0.6791641658854694,0.5286448071483077,0.3504920210128253,0.17188942088660128,0.09255784485694189,0.09255784485737642,0.1718894208880489,0.35049202101206145,0.5286448071349084,0.6791641658682109,0.7989089328579948,0.8917839128786996,0.9630126443301043,1.0173721493498047,1.0587794811676035,1.0903104323570527,1.1143336485546975,1.1326560822209746,1.146649502021095,1.157352518999418,1.1655502361706689,1.1718354470777754,1.1766552445836969,1.1803463166433779,1.1831615555935902,1.1852900252562635,1.1868718525957611,1.1880092292282005,1.1887744052934308,1.189215320649857,1.1893593295017573
1.1893450172774604,1.1892010235350332,1.1887601535599965,1.18799505300136,1.186857781695218,1.1852760891251117,1.1831477833993393,1.1803327375921024,1.176641888338473,1.171822344011382,1.1655374179984475,1.1573400201601423,1.1466373610842873,1.1326443437030904,1.1143223653102607,1.090299668326446,1.0587693145383108,1.0173626758857786,0.9630039803968983,0.8917761969353701,0.7989023228818164,0.6791588277295569,0.5286408842030514,0.350489567365602,0.17188826975219448,0.0925573729599416,0.09255737296083111,0.17188826975708463,0.35048956738028353,0.5286408842070975,0.679158827708799,0.7989023228412936,0.8917761968829768,0.9630039803360153,1.0173626758363854,1.0587693145351804,1.0902996683554227,1.1143223652903784,1.1326443435889995,1.146637360941553,1.1573400200216353,1.1655374178624085,1.1718223439731226,1.1766418883664471,1.1803327375332684,1.183147783223931,1.1852760889269585,1.1868577815637202,1.187995052948714,1.188760153504149,1.1892010234179176,1.1893450171322615
1.1893285676039462,1.189184590793284,1.188743771577403,1.1879787555325976,1.1868416024491963,1.1852600618579827,1.1831319420650708,1.1803171166360928,1.1766265231742195,1.1718072717240806,1.1655226783193013,1.1573256567764951,1.14662342330109,1.1326308885285024,1.1143094600219545,1.0902873933995147,1.0587577667640296,1.01735197142054,0.9629942569710723,0.8917676137333445,0.798895055205783,0.6791530507665694,0.5286367353491046,0.35048706902783766,0.1718871863662347,0.09255697500614837,0.0925569750068458,0.17188718637054226,0.3504870690436381,0.5286367353587695,0.6791530507475616,0.7988950551624614,0.8917676136849033,0.9629942569277599,1.0173519713957497,1.0587577667708712,1.0902873934015331,1.1143094599495658,1.1326308883880838,1.1466234231390895,1.1573256566377128,1.165522678280671,1.171807271745122,1.176626523125046,1.1803171164885107,1.1831319419024007,1.1852600617257973,1.186841602358511,1.1879787554510963,1.1887437714425024,1.1891845906099339,1.18932856743785
1.1893097779111472,1.1891658199478725,1.1887250572928225,1.187960135633921,1.1868231150078588,1.185241745402899,1.183113835906267,1.1802992613121583,1.1766089611252672,1.1717900482119272,1.1655058426320504,1.15730926377008,1.1466075353451575,1.132615577872374,1.1142948114768494,1.0902735072734018,1.0587447618683112,1.017339987552355,0.9629834558666094,0.8917581767330892,0.7988871741971609,0.6791469060349843,0.5286324491493826,0.3504846170706602,0.17188624550387152,0.09255669965736237,0.09255669965698501,0.17188624550227088,0.35048461706803186,0.5286324491426814,0.6791469060155207,0.7988871741724173,0.8917581767226153,0.962983455872464,1.017339987545885,1.0587447618129273,1.090273507178857,1.1142948113805637,1.1326155777551288,1.14660753520273,1.1573092637055011,1.1655058426576752,1.1717900481827375,1.1766089609759944,1.1802992611492695,1.1831138358069713,1.185241745327107,1.1868231149100865,1.1879601354987928,1.1887250571217147,1.189165819782399,1.189309777788337
1.189288431894003,1.1891444948635517,1.1887037951242176,1.1879389787233556,1.186802106332869,1.1852209289519042,1.183093257180162,1.1802789679963916,1.1765890040189562,1.1717704823832182,1.1654867288702448,1.1572906704413854,1.1465895406674924,1.1325982724807104,1.1142783012153956,1.0902579161195534,1.0587302345653953,1.017326691156555,0.9629715789497789,0.8917479240279378,0.7988787526616744,0.6791404952783867,0.5286281445600266,0.35048232904129467,0.1718855408306291,0.09255660742699634,0.0925566074258193,0.17188554082507818,0.35048232902231585,0.5286281445287861,0.6791404952497855,0.7988787526588655,0.8917479240561325,0.9629715789686133,1.017326691111159,1.0587302344661074,1.090257916010474,1.1142783011080695,1.132598272369826,1.1465895406058566,1.1572906704554737,1.16548672885156,1.1717704822536779,1.1765890038400473,1.1802789678781311,1.183093257118066,1.185220928875059,1.1868021062014533,1.1879389785630705,1.1887037949832862,1.1891444947653342,1.1892884318194634
1.1892643006844756,1.1891203869192402,1.1886797571838075,1.187915058176514,1.1867783517099966,1.1851973905222357,1.183069987657087,1.1802560235057649,1.1765664452894837,1.1717483761873606,1.165465149838413,1.1572697032612278,1.1465692826074723,1.132578836184093,1.1142598176360858,1.0902405372791313,1.0587141355325238,1.0173120702596414,0.96295865458129,0.8917369252765751,0.7988698991057913,0.6791339581870738,0.5286239776216772,0.35048035440988606,0.17188518851758441,0.0925567728993836,0.09255677289810467,0.17188518851148057,0.3504803543850762,0.5286239775874214,0.679133958178585,0.7988698991256517,0.8917369252757621,0.9629586545296565,1.0173120701954907,1.0587141354755276,1.0902405372067598,1.1142598175234366,1.1325788360900282,1.1465692826056677,1.157269703254782,1.165465149735171,1.1717483760123089,1.1765664451563693,1.1802560234429933,1.1830699875915893,1.1851973904118447,1.1867783515615813,1.1879150580253026,1.1886797570722096,1.189120386835892,1.1892643005912766
1.189237144140008,1.1890932562690537,1.1886527045404987,1.187888136653337,1.1867516161978664,1.1851708985371545,1.1830438003661723,1.1802302069958672,1.1765410720526648,1.1717235269859199,1.165440915918261,1.1572461888647492,1.146546607797458,1.1325571398829715,1.1142392606106855,1.0902213045481461,1.058696437408811,1.017296140742248,0.9629447449697954,0.8917252896049583,0.7988607659874879,0.6791274806230344,0.5286201490496396,0.35047888073760003,0.17188533133377942,0.09255728724323561,0.09255728724179418,0.17188533132643766,0.35047888071563327,0.5286201490414421,0.6791274806468772,0.7988607659971089,0.8917252895505126,0.9629447448894939,1.0172961406930592,1.0586964373910004,1.0902213044887294,1.114239260505766,1.1325571398333862,1.1465466077710391,1.1572461887905747,1.1654409157841195,1.1717235268582904,1.1765410719787706,1.1802302069285966,1.1830438002554333,1.185170898392849,1.1867516160617315,1.187888136535651,1.188652704426412,1.1890932561317877,1.1892371439707055
1.18920671231279,1.1890628533148608,1.1886223886959513,1.1878579676173089,1.1867216562088416,1.1851412135488402,1.1830144614716123,1.1802012920211393,1.176512667492604,1.1716957303012194,1.165413838146099,1.157219957550313,1.146521370168541,1.1325330661033182,1.114216546670026,1.0902001741099328,1.0586771415601524,1.0172789539560485,0.962929954585466,0.8917131746647164,0.7988515591285419,0.679121303920082,0.5286169127548804,0.3504781405901638,0.17188614324859283,0.09255826104298244,0.09255826104178139,0.17188614324292711,0.35047814057801274,0.5286169127521744,0.6791213039239428,0.7988515591144694,0.8917131746244823,0.9629299545333997,1.0172789539221216,1.0586771415155776,1.0902001740263882,1.1142165466144058,1.1325330660626949,1.14652137009702,1.157219957447019,1.1654138380449655,1.1716957302398059,1.1765126674305724,1.1802012918928273,1.183014461294619,1.185141213385061,1.186721656095828,1.1878579675346528,1.1886223885752505,1.1890628531311822,1.189206712095726
1.1891727470839155,1.1890289203803412,1.1885885533208935,1.1878242971178106,1.1866882213536294,1.1851080901899906,1.1829817323670546,1.1801690489117944,1.1764810135240273,1.1716647827750142,1.1653837316233162,1.1571908472492776,1.1464934355447929,1.1325065142483444,1.1141916149750992,1.0901771313080444,1.0586562857313508,1.017260605311757,0.9629144396602928,0.8917007968613044,0.798842548320244,0.6791157353423108,0.5286145854308717,0.35047841932589147,0.17188783460216342,0.09255982747329874,0.09255982747297503,0.1718878346019629,0.3504784193263516,0.528614585413669,0.6791157353056463,0.7988425482869189,0.8917007968368467,0.9629144396381994,1.0172606052598037,1.058656285640811,1.0901771312539095,1.114191614946065,1.1325065141829453,1.1464934354490803,1.1571908471495176,1.1653837315503526,1.1716647827226399,1.176481013426507,1.1801690487465337,1.1829817321828564,1.1851080900435935,1.1866882212539431,1.187824297028546,1.188588553188546,1.1890289201942732,1.1891727468910653
1.1891349839498069,1.1889911935048656,1.188550936132525,1.187786865749516,1.1866510565471846,1.1850712794284075,1.182945372182572,1.1801332475114932,1.1764458937706967,1.1716304855112334,1.1653504193164614,1.157158707928716,1.1464626867499423,1.1324774065119294,1.114164434125127,1.0901521984033828,1.0586339527907829,1.0172412440126175,0.9628984188391175,0.8916884427676061,0.7988340791804677,0.679111159840309,0.528613557358718,0.35048006384502395,0.1718906578820305,0.09256214584256933,0.09256214584275028,0.1718906578845612,0.350480063852291,0.5286135573488603,0.6791111598043447,0.7988340791316481,0.8916884427295042,0.9628984187859522,1.0172412439203984,1.0586339527310642,1.0901521983893174,1.114164434079362,1.1324774064160392,1.1464626866398928,1.157158707827968,1.1653504192313788,1.1716304854157593,1.1764458936439843,1.180133247373034,1.1829453720648369,1.1850712793361464,1.186651056444288,1.1877868656040165,1.1885509359605881,1.1889911933362982,1.1891349838048182
1.1890931539767915,1.1889494044215965,1.188509270879763,1.1877454107615448,1.186609904291493,1.18503053107701,1.1829051405169784,1.180093660192421,1.1764070969789662,1.1715926479308314,1.165313736451824,1.1571234065858578,1.1464290293161317,1.1324456944603107,1.1141350097545224,1.090125443294662,1.0586102805992483,1.0172210840265905,0.9628821851765917,0.8916764819698573,0.7988265864938255,0.6791080532245545,0.5286143044357341,0.3504834922888898,0.1718949141428965,0.09256540553730769,0.09256540553684113,0.1718949141415304,0.35048349229279213,0.5286143044428186,0.6791080532168181,0.7988265864682341,0.8916764819124015,0.9628821850769276,1.0172210839462124,1.0586102805738296,1.0901254432600327,1.1141350096684612,1.132445694353985,1.1464290292118464,1.1571234064892424,1.16531373634671,1.1715926477971061,1.176407096844927,1.18009366009061,1.1829051404440527,1.1850305310038693,1.1866099041702174,1.1877454105700067,1.1885092706774627,1.1889494042734385,1.1890931538607987
1.189046986024681,1.1889032827741879,1.1884632896017386,1.1876996684330121,1.1865645071723256,1.1849855964488183,1.1828608003440866,1.180050065129372,1.1763644207453112,1.1715510920956942,1.1652735354939037,1.1570848329360555,1.1463923979851796,1.1324113664602964,1.114103393029899,1.09009698921191,1.0585854729950568,1.0172004163916284,0.9628661196636366,0.891665381553867,0.7988206091601279,0.679106996827014,0.5286174015197489,0.3504892048058778,0.17190096013421607,0.09256983040147039,0.09256983040027332,0.17190096012816913,0.3504892047937924,0.5286174015228933,0.6791069968466484,0.7988206091584331,0.8916653814972793,0.9628661195937874,1.0172004163565025,1.0585854729494342,1.0900969891121874,1.1141033929171096,1.132411366372789,1.1463923979129043,1.1570848328554433,1.1652735353805521,1.1715510919553456,1.1763644206117865,1.1800500650168608,1.1828608002353522,1.1849855963234053,1.186564507016866,1.1876996682483956,1.1884632894305636,1.188903282650186,1.18904698591839
1.1889962091761526,1.1888525585692216,1.1884127252098171,1.187649376723312,1.186514610623173,1.1849362313375633,1.1828121212824236,1.1800022499115208,1.176317675610934,1.1715056574015643,1.165229691552336,1.1570429056944371,1.1463527639877087,1.1323744560652897,1.1140696902442102,1.0900670256251208,1.0585598121208115,1.0171796229873944,0.9628507063262896,0.8916557222273825,0.7988168068331002,0.6791086938496164,0.5286235373133674,0.3504977955298263,0.1719092162100266,0.0925756835932286,0.09257568359229251,0.17190921620446392,0.35049779551248433,0.5286235373020431,0.6791086938536154,0.7988168068216264,0.8916557221992372,0.9628507063196382,1.017179622973582,1.0585598120398276,1.0900670254992566,1.1140696901439662,1.1323744560024003,1.1463527639282916,1.1570429056026867,1.1652296914251143,1.1715056572741709,1.1763176754920097,1.1800022497761324,1.1828121211178513,1.1849362311527563,1.1865146104377755,1.1876493765659168,1.1884127250884242,1.1888525584584366,1.1889962090551902
1.1889405553309,1.188796964847299,1.1883573142078263,1.187594278104762,1.1864599659802408,1.1848821993622591,1.1827588832751854,1.1799500156553921,1.1762666896703948,1.1714562057520692,1.165182108295511,1.156997579425144,1.1463101430344176,1.132335051335913,1.1140340735845216,1.0900358205381866,1.0585336722785899,1.0171591919320422,0.9628365490491518,0.8916482162804801,0.7988159784532672,0.6791139875514148,0.528633530915297,0.3505099659084847,0.17192017510795887,0.09258327296957425,0.09258327296902506,0.17192017510611263,0.3505099659036215,0.5286335308993281,0.6791139875187084,0.7988159784188218,0.8916482162777598,0.9628365490615745,1.0171591919018053,1.0585336721903698,1.0900358204417193,1.1140340735118595,1.1323350512705446,1.1463101429440214,1.1569975792934535,1.1651821081569818,1.1714562056465039,1.1762666895752423,1.1799500155239029,1.1827588831044,1.18488219917377,1.1864599657971153,1.1875942779567312,1.1883573140863781,1.1887969647100112,1.1889405551700687
1.188879762048284,1.1887362405083892,1.1882967995624028,1.1875341225995408,1.186400333753479,1.1848232755274961,1.182700880563438,1.1798931814933875,1.1762113136466454,1.1714026273456324,1.1651307245941975,1.1569488522053417,1.1462646042019293,1.1322933051420712,1.1139967930385641,1.0900037341316395,1.0585075353814737,1.0171397348289364,0.962824390439485,0.891643727672149,0.7988190828990256,0.6791238815045764,0.5286483502547369,0.3505265394893456,0.17193441167780205,0.0925929570645975,0.09259295706403278,0.1719344116757181,0.3505265394855307,0.5286483502417483,0.679123881474117,0.7988190828737985,0.8916437276614949,0.9628243904137765,1.0171397347676794,1.0585075353075997,1.090003734066556,1.1139967929695063,1.1322933050520498,1.146264604079614,1.1569488520650353,1.1651307244794973,1.1714026272583378,1.1762113135425112,1.179893181351861,1.1827008804064774,1.1848232753739831,1.1864003336046212,1.1875341224518337,1.1882967994053488,1.1887362403216986,1.188879761847495
1.1888135755838918,1.1886701333562018,1.18823093385516,1.1874686710915179,1.1863354871395753,1.1847592500168869,1.1826379258689477,1.179831589271257,1.1761514262907775,1.1713448469861445,1.1650755219038793,1.1568967742179497,1.1462162798714115,1.132249446623996,1.113958189597952,1.0899712339205698,1.058482008179066,1.0171220060115396,0.9628151328851544,0.8916432944858464,0.7988272621470315,0.6791395622685045,0.5286691325857463,0.3505484783164225,0.17195259370921964,0.09260515174581334,0.09260515174447648,0.17195259370384852,0.35054847830249847,0.5286691325710082,0.6791395622692505,0.798827262148483,0.8916432944509377,0.9628151328074229,1.0171220059251678,1.0584820081148643,1.0899712338650656,1.1139581895247985,1.1322494465247595,1.146216279750463,1.1568967741067269,1.1650755218194464,1.1713448468887533,1.1761514261376194,1.1798315890863222,1.1826379257032225,1.18475924988736,1.186335487020723,1.1874686709481446,1.188230933669789,1.188670133142142,1.1888135753685771
1.188741754103994,1.1885984033826715,1.188159482676501,1.187397698888657,1.1862652158096216,1.1846899322983981,1.1825698549032657,1.1797651086014467,1.1760869401849294,1.1712828308362067,1.1650165321874881,1.156841457075454,1.1461653766575277,1.1322037939486673,1.1139187100478811,1.089938911728465,1.058457841478823,1.0171069239972101,0.9628098620851473,0.8916481541199754,0.7988418672112425,0.67916242468631,0.5286972073747698,0.35057690131291724,0.17197549403828988,0.09262033765438347,0.09262033765287689,0.17197549403177487,0.3505769012981995,0.5286972073721224,0.6791624246916059,0.7988418671955579,0.8916481540616792,0.9628098619982132,1.0171069239165227,1.0584578414155683,1.089938911669676,1.1139187099836438,1.1322037938631486,1.1461653765479505,1.1568414569666192,1.1650165320800117,1.1712828306957757,1.1760869400014098,1.17976510840711,1.1825698547364005,1.1846899321643853,1.1862652156834568,1.187397698732309,1.1881594824731452,1.1885984031613217,1.1887417538982192
1.1886640711000191,1.1885208262081568,1.188082228164358,1.1873209994105476,1.186189329869503,1.184615155480739,1.1824965312506126,1.1796936424139828,1.176017808081165,1.1712165937102574,1.164953846426258,1.1567830838516915,1.1461121873083204,1.1321567683532916,1.113878923363474,1.089907502584,1.0584359516477693,1.017095595587528,0.9628098735167478,0.8916597715138671,0.7988644871310415,0.6791941002555544,0.5287341220723175,0.35061310491712444,0.17200400414537337,0.09263906857288753,0.09263906857202903,0.17200400414210032,0.3506131049158309,0.5287341220827082,0.6791941002406627,0.7988644870636121,0.8916597714356468,0.9628098734671077,1.0170955955488805,1.0584359515861959,1.0899075025061935,1.1138789232890454,1.1321567682659077,1.146112187193223,1.1567830837130948,1.1649538462657496,1.1712165935377812,1.1760178079194217,1.1796936422690876,1.182496531106518,1.1846151553271127,1.1861893297049213,1.1873209992214788,1.1880822279467553,1.1885208259886926,1.1886640709025562
1.1885803189397584,1.1884371966589935,1.1879989726513198,1.187238387995933,1.1861076639432624,1.1845347808090685,1.1824178514448396,1.1796171327840037,1.1759440296586599,1.1711462069822685,1.1648876239187602,1.1567219200816585,1.1460571037249883,1.132108909517057,1.11383953873384,1.0898779056734214,1.0584174446606436,1.0170893429471748,0.9628167021621382,0.8916798708435479,0.7988969816727078,0.6792364892017811,0.5287816711343153,0.3506585863503022,0.1720391495322762,0.09266198089368909,0.09266198089333813,0.17203914953198501,0.3506585863595628,0.5287816711375458,0.6792364891592536,0.7988969815903896,0.8916798707753036,0.9628167021436532,1.0170893429358132,1.0584174445973322,1.0898779055670478,1.1138395386178255,1.132108909399704,1.1460571036002751,1.156721919937507,1.164887623756165,1.1711462068249996,1.175944029527627,1.179617132667107,1.182417851303774,1.1845347806320903,1.186107663743452,1.1872383877895218,1.1879989724452684,1.1884371964591771,1.1885803187498365
1.1884903125046928,1.1883473324300435,1.1879095424333619,1.187149705875015,1.1860200814195458,1.1844487022901997,1.1823337501279165,1.1795355668419174,1.175865658489329,1.171071806924014,1.1648181022909019,1.1566583257377292,1.1460006312337065,1.1320608924852256,1.1138014255245159,1.0898512076658855,1.0584036429446757,1.0170897338705402,0.9628321558705475,0.8917104713888004,0.7989415184179139,0.679291796759098,0.5288419289583902,0.3507150700757943,0.17208210722000072,0.0926898044096972,0.0926898044093767,0.17208210721944117,0.3507150700776839,0.5288419289375217,0.6792917967036798,0.798941518357529,0.8917104713588289,0.9628321558567938,1.0170897338301101,1.0584036428633197,1.0898512075559503,1.1138014253949842,1.1320608923485285,1.1460006311011843,1.1566583256146534,1.164818102176012,1.1710718068051182,1.175865658355881,1.1795355666901073,1.182333749960281,1.1844487020967267,1.1860200812067436,1.187149705675322,1.1879095422575732,1.188347332260801,1.1884903123230042
1.1883938928490125,1.1882510777748918,1.1878137915859444,1.1870548241876504,1.1859264787726116,1.1843568514291678,1.182244205337987,1.1794489828405943,1.1757828091925038,1.1709936033042991,1.1647456079458811,1.1565927679466321,1.1459434040095557,1.1320135462595504,1.1137656354387537,1.0898287087118523,1.0583961153305155,1.0170986157285318,0.9628583530837144,0.8917539281404527,0.7990006147556914,0.6793625745005725,0.5289172874777192,0.35078453803286014,0.17213422581308158,0.09272337470166997,0.0927233747011606,0.1721342258111153,0.3507845380202549,0.5289172874365479,0.6793625744495349,0.7990006147262001,0.891753928129442,0.9628583530524945,1.017098615650244,1.0583961152315913,1.0898287086235876,1.1137656353475454,1.1320135461366265,1.1459434038618879,1.156592767818218,1.1647456078497709,1.1709936032022585,1.1757828090444646,1.179448982661401,1.1822442051561086,1.1843568512353646,1.1859264785609982,1.1870548239908958,1.1878137914165516,1.1882510776051962,1.1883938926540372
1.1882909308496212,1.1881483071885002,1.187711605720581,1.1869536478955145,1.1858267897585544,1.184259201872792,1.182149243813707,1.1793574763544057,1.175695664789481,1.1709118882534588,1.1646705668956845,1.1565258343465723,1.1458862015522489,1.1319678739576675,1.1137334267931631,1.089811951179233,1.0583967105639869,1.0171181537906904,0.9628977654556662,0.8918129777929172,0.7990771857512602,0.6794517675044596,0.5290104991901282,0.3508692643921683,0.17219704864968277,0.09276364745075463,0.09276364744981992,0.1721970486456564,0.35086926437270904,0.5290104991500825,0.6794517674729872,0.7990771857418969,0.8918129777809581,0.9628977654030296,1.017118153699587,1.0583967104702687,1.0898119511035382,1.1137334267196368,1.131967873846081,1.1458862014006865,1.1565258341957874,1.1646705667716972,1.1709118881315281,1.1756956646451693,1.1793574761931715,1.1821492436415026,1.1842592016809266,1.185826789557753,1.1869536476999962,1.1877116055246253,1.1881483069773449,1.1882909306354228
1.1881813307789715,1.1880389290049107,1.1876029056353905,1.1868461195409266,1.1857209893807432,1.1841557737689812,1.1820489460179977,1.179261206265393,1.1756044839737272,1.1708270452368823,1.1645935159737086,1.1564582471402909,1.1458299662150977,1.1319250744086808,1.1137062908389175,1.089802751331585,1.0584075946599902,1.0171508741471822,0.9629532659542331,0.89189079104355,0.7991745986979726,0.6795627683412313,0.5291247265929142,0.350971855654032,0.17227234063035923,0.09281171505681733,0.09281171505504107,0.1722723406225601,0.3509718556325182,0.5291247265720573,0.6795627683348525,0.799174598700109,0.8918907910248085,0.9629532658958493,1.0171508740628903,1.0584075945695441,1.089802751238368,1.1137062907303685,1.1319250742830254,1.1458299660850608,1.1564582470083602,1.1645935158296503,1.1708270450834266,1.1756044838246902,1.1792612061170942,1.1820489458409706,1.1841557735745107,1.1857209892023517,1.1868461193610718,1.187602905417191,1.1880389287714677,1.188181330569598
1.1880650336638319,1.1879228887597375,1.1874876507336871,1.1867322227681583,1.1856090975755842,1.184046637763965,1.1819434506766007,1.179160400168128,1.1755096078666938,1.1707395577399156,1.1645151140728907,1.1563908775444032,1.1457758215367428,1.1318865651920087,1.1136859803307022,1.0898032340502974,1.058431292140446,1.0171997116071616,0.9630281829916038,0.8919910317548387,0.7992967352528112,0.6796994788768789,0.529263599072259,0.3510952969854763,0.17236211939433613,0.09286882598526147,0.09286882598292912,0.1723621193837835,0.35109529696336994,0.5292635990626069,0.6796994788788625,0.7992967352485273,0.8919910317253713,0.9630281829354649,1.0171997115339098,1.0584312920518764,1.08980323393143,1.1136859801831893,1.1318865650561318,1.1457758214366562,1.1563908774478817,1.1645151139331706,1.170739557565669,1.1755096076969545,1.1791603999972733,1.1819434504820265,1.1840466375725271,1.1856090974115367,1.186732222595616,1.187487650519807,1.1879228885455306,1.1880650334588798
1.187942020295139,1.1878001721919773,1.1873658420239437,1.1866119853554549,1.1854911823764582,1.1839319184144304,1.1818329586163259,1.1790553590035326,1.1754114659796173,1.1706500171924958,1.1644361527569937,1.1563247599298656,1.14572509091284,1.1318540068204634,1.113674540060957,1.0898158704613556,1.0584707313512045,1.0172680628307107,0.9631263609124017,0.8921179235715615,0.7994480618509643,0.6798663807808591,0.5294312781614816,0.3512430057247933,0.1724686915365964,0.09293640728619636,0.09293640728449153,0.1724686915286124,0.3512430057070569,0.529431278141718,0.6798663807581591,0.7994480618209132,0.8921179235302936,0.9631263608583708,1.0172680627702522,1.0584707312743564,1.0898158703432868,1.113674539911583,1.1318540066892673,1.1457250908181449,1.1563247598275346,1.1644361526092983,1.1706500170137504,1.1754114658045693,1.1790553588231252,1.1818329584257294,1.183931918229828,1.1854911821949874,1.1866119851563608,1.1873658418185074,1.187800171987134,1.1879420200856732
1.1878123138377674,1.1876708078210616,1.1872375245688895,1.1864854815324688,1.185367362182126,1.1838117965546107,1.1817177354897883,1.1789464605345228,1.175310580928704,1.1705591295680122,1.164357565617437,1.1562611050336187,1.1456793158515681,1.1318293271633013,1.1136743385836172,1.08984351797212,1.0585292934769155,1.0173598445420036,0.963252226959832,0.8922763242905065,0.7996337088815928,0.680068615309983,0.5296325319166545,0.35141889280636474,0.17259469449890613,0.09301609070369574,0.09301609070330825,0.1725946944971057,0.3514188927958396,0.5296325318804674,0.6800686152569623,0.7996337088352055,0.8922763242520432,0.9632522269165792,1.0173598444854453,1.0585292933989312,1.0898435178651833,1.113674338454259,1.1318293270342146,1.1456793157330005,1.156261104903908,1.1643575654546676,1.170559129395357,1.1753105807643025,1.1789464603713549,1.1817177353204602,1.1838117963664223,1.185367361963409,1.1864854813048948,1.187237524357189,1.187670807617141,1.1878123136326428
1.1876759819173193,1.1875348689612313,1.1871027892758241,1.1863528334480173,1.1852378068902316,1.1836865102252332,1.181598112802712,1.1788341608549397,1.1752075709938266,1.1704677197961162,1.1642804355682388,1.1562013113288023,1.14564027269274,1.1318147449835896,1.113688100005566,1.0898894615357941,1.0586108641896317,1.0174795559422145,0.9634108640832237,0.8924718075909972,0.7998595584788052,0.6803120724862175,0.5298728187096186,0.3516274325322571,0.17274314458680207,0.09310974269069613,0.09310974269098792,0.17274314458822612,0.35162743252450424,0.529872818671601,0.6803120724373714,0.7998595584472736,0.8924718075734308,0.9634108640471117,1.017479555865384,1.0586108640853724,1.0898894614233108,1.1136880998872305,1.131814744857497,1.145640272564937,1.1562013111927958,1.1642804354127918,1.1704677196294002,1.1752075708254612,1.17883416069538,1.181598112632696,1.1836865100216103,1.1852378066631768,1.1863528332242528,1.187102789066955,1.1875348687748077,1.1876759817326359
1.1875331379800451,1.1873924749464244,1.186961773797551,1.1862142115671872,1.1851027376524914,1.1835563538116587,1.1814744865983458,1.1787189930372244,1.1751031494227178,1.1703767326943122,1.1642059985607953,1.1561469728490887,1.1456099861477615,1.1318127909019924,1.113718934032531,1.0899574543006334,1.058719886064258,1.0176323435000894,0.9636080878244528,0.8927107505673854,0.8001323396471919,0.6806034887565794,0.5301583798805074,0.35187374052406256,0.17291749119960997,0.09321949842782393,0.09321949842783177,0.17291749119903674,0.35187374051495746,0.5301583798557984,0.6806034887387749,0.8001323396429542,0.8927107505517459,0.9636080877652873,1.017632343397885,1.0587198859477953,1.0899574541859538,1.1137189339229192,1.1318127907966113,1.1456099860393514,1.1561469727199214,1.1642059984089863,1.1703767325261052,1.1751031492519755,1.1787189928594493,1.1814744864015962,1.1835563536068472,1.1851027374526997,1.1862142113607228,1.1869617736006806,1.187392474765481,1.1875331378077794
1.1873839418042056,1.1872437914380538,1.1868146623120097,1.1860698336113884,1.1849624247443062,1.183421674725965,1.1813473130447238,1.1786015619907866,1.1749981192396421,1.1702872286952173,1.1641356415539181,1.1560998810752339,1.1455907369942644,1.1318263228828296,1.1137703612695113,1.0900517545609525,1.0588614086322827,1.0178240649031545,0.9638505240555592,0.8930004238688798,0.8004597277526914,0.6809505505177711,0.5304963392662161,0.35216365859524773,0.17312167670275705,0.09334779955302722,0.09334779955264734,0.1731216766997404,0.35216365858498083,0.530496339256301,0.6809505505204795,0.800459727749175,0.8930004238152326,0.9638505239553701,1.0178240648040466,1.0588614085459769,1.0900517544763146,1.1137703611819654,1.1318263228012828,1.1455907368929252,1.1560998809273677,1.1641356413853756,1.1702872285371422,1.174998119081738,1.178601561799186,1.1813473128414416,1.18342167454214,1.1849624245537655,1.1860698334103321,1.1868146621032774,1.1872437912290161,1.1873839415743137
1.1872285991873126,1.1870890298487273,1.1866616840717046,1.1859199617079383,1.1848171829459175,1.1832828668004158,1.1812170998533054,1.1784825341504224,1.174893361755964,1.1702003721639056,1.1640708920923228,1.1560620176434828,1.1455850600811024,1.1318585319376528,1.1138463290639584,1.0901771539836331,1.059041130780344,1.0180613467198256,0.9641456820032722,0.8933490788953233,0.8008504429371056,0.6813619985082501,0.5308948054112076,0.35250384354475867,0.1733602002917988,0.09349743466732603,0.09349743466715967,0.17336020028930865,0.3525038435380114,0.5308948054076046,0.6813619985063983,0.800850442904746,0.8933490788020774,0.9641456818905648,1.0180613466427062,1.05904113073614,1.0901771539320362,1.1138463289964964,1.1318585318507517,1.1455850599455049,1.1560620174710592,1.1640708919285865,1.1702003720245724,1.1748933615935293,1.1784825339588163,1.1812170996707665,1.1832828666156066,1.1848171827501068,1.185919961495958,1.1866616838493222,1.187089029578355,1.1872285988730245
1.187067360863041,1.1869284458546872,1.186503110638125,1.185764897587281,1.1846673640431242,1.1831403596334917,1.1810843922121113,1.1783626200871804,1.1747898163359283,1.1701174092804971,1.164013395779712,1.156035533400232,1.145595727422832,1.1319129320406265,1.113951211090166,1.0903389895518631,1.0592654273059037,1.0183516270676793,0.9645020135320601,0.8937660228545055,0.801314338403877,0.6818477245720733,0.5313629690752917,0.3529018543395994,0.17363818255811025,0.09367158070172098,0.09367158070186532,0.17363818255821106,0.35290185433927684,0.5313629690710139,0.6818477245522961,0.8013143383428649,0.8937660227625,0.9645020134425538,1.018351627006943,1.0592654272694353,1.0903389895042161,1.1139512110081569,1.1319129319087649,1.1455957272566153,1.1560355332434267,1.1640133956456469,1.1701174091269742,1.1747898161464174,1.1783626199015356,1.1810843920217988,1.1831403594380927,1.184667363842282,1.1857648973793569,1.1865031103907988,1.1869284455507692,1.1870673605576694
1.1869005206634897,1.1867623369542495,1.1863392517395301,1.1856049756479043,1.1845133460679687,1.1829946030775866,1.180949751883586,1.1782425479407859,1.1746884484123719,1.170039631449481,1.1639648765302064,1.1560227076102736,1.1456257090822843,1.13199332577635,1.11408978104041,1.0905431284707552,1.0595413477646454,1.0187031704337253,0.9649289449947995,0.8942616674843435,0.8018624643920487,0.6824188472751247,0.5319111841719394,0.35336622854001193,0.17396142511657156,0.09387384181015995,0.09387384181017175,0.1739614251182224,0.3533662285452459,0.5319111841622672,0.6824188472314644,0.8018624643213687,0.8942616674131174,0.9649289449331856,1.0187031703842246,1.0595413477159727,1.0905431283961813,1.1140897809137535,1.1319933256041261,1.1456257089263924,1.1560227074893397,1.1639648763872306,1.1700396312523809,1.1746884482174789,1.1782425477483323,1.1809497516881386,1.1829946028826204,1.1845133458639756,1.1856049754076623,1.1863392514626316,1.186762336689713,1.1869005204319312
1.1867284131888782,1.1865910393532133,1.1861704498602992,1.1854405537285275,1.184355518747972,1.1828460459392682,1.1808137279151927,1.1781230252842894,1.174590202211002,1.1699683192880894,1.1639270730728097,1.1560258790916953,1.145678101802071,1.1321037339358409,1.1142671469432528,1.0907959108857095,1.0598765708742426,1.0191250363926776,0.9654368620485514,0.8948475308886475,0.8025070869588635,0.6830877462254726,0.5325510141800811,0.3539065339216312,0.17433645640978612,0.09410828049623042,0.09410828049563774,0.17433645641072765,0.3539065339268397,0.5325510141573625,0.6830877461617569,0.8025070868860057,0.8948475308263307,0.9654368620084596,1.0191250363586204,1.059876570805708,1.090795910772523,1.1142671467822647,1.1321037337736415,1.1456781016803859,1.156025878961343,1.163927072876376,1.169968319083937,1.1745902020238825,1.1781230251048938,1.1808137277443946,1.182846045746761,1.1843555184986019,1.185440553436428,1.1861704495784777,1.1865910391346146,1.1867284130276567
1.186551411646312,1.186414924807921,1.1859970740446997,1.1852720017838332,1.184194264906241,1.1826951079911412,1.1806768172428046,1.1780046866174565,1.1744959339483831,1.169904661206399,1.1639016436110199,1.1560473387666046,1.1457560123527504,1.1322482734259807,1.1144886278714778,1.0911040296874166,1.060279291415105,1.019626977001851,0.9660370203706409,0.8955361640179688,0.8032616324558722,0.6838680267491136,0.5332952184138863,0.3545333749154225,0.17477055056097715,0.09437943311016278,0.09437943310882897,0.17477055055856405,0.3545333749098693,0.533295218379102,0.6838680266858345,0.8032616323851087,0.89553616397472,0.9660370203526036,1.0196269769563617,1.0602792913107315,1.0911040295307286,1.1144886277141048,1.1322482733194088,1.1457560122421364,1.1560473385858958,1.1639016434154381,1.1699046610263995,1.174495933768335,1.1780046864609426,1.1806768170767332,1.1826951077607457,1.18419426462215,1.1852720014892903,1.1859970737907388,1.1864149246250553,1.1865514115274276
1.186369926790128,1.1862343983332868,1.1858195137795184,1.185099689148227,1.1840299381456234,1.1825421449369073,1.1805394137844154,1.1778880235900653,1.1744063207397974,1.1698496394610816,1.1638900287302671,1.1560891706107954,1.1458623791923022,1.1324309635285148,1.1147595494946008,1.0914743203710913,1.0607580092417785,1.0202192294675219,0.9667413463180259,0.8963409638596467,0.8041405189572292,0.6847743769534669,0.5341576435307728,0.3552583259313046,0.17527170092171107,0.0946922986791095,0.09469229867711708,0.1752717009136363,0.35525832590794676,0.5341576435016611,0.6847743769130081,0.8041405189212054,0.8963409638482682,0.9667413463023448,1.0202192293867869,1.0607580090824686,1.0914743201889594,1.1147595493832265,1.1324309634521823,1.1458623790459583,1.1560891704371516,1.163890028591654,1.1698496393023374,1.1744063205708477,1.1778880234051794,1.1805394135612892,1.182542144683528,1.1840299378780752,1.1850996889059149,1.1858195135939233,1.186234398198739,1.1863699266735066
1.186184408298263,1.1860498980680294,1.1856381742030413,1.1849239716173208,1.1838628378241982,1.182387406799137,1.1804017454137445,1.177773295693862,1.1743217405832391,1.1698038759866627,1.1638932611960515,1.1561530254968053,1.1459997124574115,1.1326554359449676,1.1150849293592804,1.091913427337474,1.0613211825102966,1.020912162281878,0.9675620822151351,0.8972758255397679,0.8051588255850238,0.6858222689962249,0.535152975981372,0.35609375534289406,0.17584852406504087,0.09505228641558565,0.09505228641303684,0.1758485240519004,0.3560937553123902,0.5351529759639376,0.6858222690016181,0.8051588255877667,0.8972758255332777,0.9675620821774565,1.020912162169753,1.0613211823313773,1.091913427195597,1.115084929289593,1.1326554358258245,1.145999712289818,1.1561530253741192,1.1638932610783408,1.1698038758644043,1.1743217403924975,1.1777732954492173,1.1804017451696003,1.18238740655183,1.1838628375921225,1.184923971442446,1.1856381740892161,1.1860498979517988,1.1861844081193764
1.185995350483296,1.1858618992363483,1.1854534746678311,1.184745180402647,1.1836931832957707,1.1822309913585352,1.1802637995748189,1.1776604205381846,1.1742421199113158,1.1697674308653234,1.1639117109424344,1.156239810928981,1.14616972961105,1.1329245201990568,1.1154690178261677,1.0924273072097233,1.061976700772635,1.0217157257808325,0.9685112232687815,0.8983545771563972,0.8063317419511085,0.6870274473682246,0.5362963024100721,0.3570524961582722,0.17651006411341613,0.09546510360600563,0.09546510360344079,0.17651006410049758,0.3570524961314967,0.536296302410262,0.6870274473904939,0.806331741957091,0.8983545771188113,0.9685112231856106,1.0217157256693323,1.0619767006645144,1.0924273071506618,1.115469017729634,1.13292452004283,1.1461697294709654,1.1562398107889458,1.163911710842959,1.169767430715236,1.174242119699046,1.1776604203102559,1.1802637993445195,1.1822309911344464,1.1836931830990176,1.1847451802632347,1.1854534745570755,1.1858618990542327,1.1859953501768397
1.1858033048735752,1.1856709248975492,1.1852658536636467,1.184563616337115,1.1835210911397729,1.182072796381851,1.1801252407473,1.1775488454647498,1.1741667478408313,1.1697395486197053,1.1639447551931996,1.1563492804416988,1.1463728638431756,1.1332396747511206,1.1159146585895032,1.0930205272766726,1.0627311306080998,1.0226386550857165,0.9695996898274675,0.8995901377984374,0.8076737360431795,0.6884051427523453,0.5376024202526416,0.35814731441185527,0.17726546288827932,0.09593656272253157,0.09593656272108397,0.1772654628810736,0.3581473144016352,0.5376024202534323,0.6884051427517919,0.80767373601058,0.8995901377077461,0.9695996897159119,1.0226386550135658,1.0627311306053886,1.093020527224279,1.1159146584520478,1.1332396746320033,1.1463728636990445,1.1563492803162065,1.1639447550298052,1.1697395484364685,1.1741667476579725,1.177548845264421,1.18012524054209,1.1820727961938602,1.1835210909775735,1.1845636161889401,1.1852658534692153,1.1856709245770607,1.1858033044313017
1.1856089026698995,1.1854775667067265,1.185075784048802,1.1843795543786617,1.1833465615601395,1.1819124777650956,1.179985327220973,1.1774374072434872,1.1740940616862516,1.1697183529780042,1.1639903688630937,1.156479511173588,1.1466076266554432,1.1336002384321755,1.116422437316213,1.0936953221312533,1.0635886921486706,1.0236873794399548,0.9708361853194969,0.9009933457010949,0.809197385248862,0.6899689553970623,0.5390848444760314,0.3593901277421412,0.17812346071214386,0.0964722858447919,0.09647228584465253,0.17812346071392834,0.3593901277484165,0.5390848444701056,0.6899689553495859,0.8091973851514334,0.9009933455833569,0.9708361852351818,1.0236873794254955,1.0635886921272508,1.0936953220264247,1.1164224372212403,1.1336002383106727,1.1466076265545913,1.1564795110089605,1.1639903686688051,1.169718352802966,1.1740940615095625,1.1774374070566633,1.1799853270446334,1.1819124776183796,1.1833465614236474,1.1843795541760893,1.1850757837149635,1.185477566267967,1.1856089022775782
1.185412890278075,1.185282519310692,1.184883803413455,1.1841932651252205,1.1831694830963047,1.1817494253458305,1.1798428411341542,1.1773241949148916,1.1740214180974502,1.1697005015530428,1.1640446416707182,1.156626269715907,1.1468698183388863,1.1340024905980506,1.1169896028872837,1.0944503901988472,1.0645499458120868,1.0248646150077818,0.9722257140172952,0.9025714278392029,0.8109118388530101,0.691729373697819,0.5407544745497966,0.3607909393165812,0.1790916990357994,0.09707728771007854,0.09707728771059641,0.17909169904325292,0.3607909393408956,0.5407544745326378,0.6917293735998779,0.8109118387158771,0.9025714277526978,0.9722257139974843,1.0248646149712004,1.0645499456881047,1.094450390128367,1.1169896028004616,1.1340024905021784,1.1468698181834913,1.156626269552243,1.1640446415038141,1.1697005013673067,1.1740214179129849,1.1773241947568174,1.179842841001086,1.1817494252259644,1.1831694829273842,1.1841932648115774,1.1848838029749462,1.1852825189562528,1.1854128902891883
1.1852161809637083,1.1850866320188342,1.184690564976479,1.184005061745169,1.1829896682692593,1.18158277407574,1.1796960547591935,1.1772064432748877,1.1739448798931182,1.1696808302954904,1.1641012488131948,1.1567822885771708,1.1471516048127162,1.1344385371079189,1.1176087796420568,1.0952794516049504,1.065610213765956,1.0261676668337119,0.9737677837800783,0.9043261333572352,0.8128209298409902,0.6936919394854097,0.5426179251624701,0.36235648184787483,0.18017581333171206,0.09775542823892368,0.09775542823918569,0.18017581333692356,0.3623564818720922,0.5426179251396128,0.69369193937603,0.8128209297293262,0.9043261333340203,0.9737677837663788,1.0261676666980948,1.065610213673696,1.0952794515463076,1.1176087795757355,1.13443853694541,1.1471516046496992,1.1567822884397445,1.1641012486443683,1.1696808300965111,1.1739448797364564,1.1772064431616855,1.1796960546465456,1.1815827739189704,1.1829896679990077,1.18400506133579,1.1846905646148918,1.1850866320528657,1.1852161811340758
1.1850199244442878,1.1848909803654055,1.184496914200635,1.1838153820072101,1.1828069363944258,1.181411475337193,1.1795427678063288,1.1770805018821449,1.173859071861435,1.1696520459245072,1.1641509345206786,1.156936511752066,1.147440520538195,1.1348950879069621,1.1182665478606888,1.096169658153129,1.0667578383836118,1.027586549634631,0.9754544052649055,0.9062516390698581,0.8149210363668083,0.6958551478209963,0.5446755904523309,0.3640886176303146,0.18137833660677158,0.09850874343166471,0.09850874343079559,0.18137833660381356,0.3640886176208748,0.544675590431661,0.6958551477685845,0.8149210363460836,0.9062516390702208,0.9754544051565123,1.0275865495273113,1.0667578383237424,1.096169658095543,1.1182665477152085,1.1348950877686854,1.147440520419375,1.1569365116029398,1.164150934340035,1.1696520457675865,1.173859071742895,1.1770805017661297,1.1795427676384322,1.1814114750730713,1.1828069360231657,1.183815381675796,1.1844969142092927,1.1848909804849745,1.1850199241518549
1.184825593378577,1.1846969575588269,1.184303994386945,1.183624914632663,1.1826212621183003,1.1812344601472073,1.1793804642433996,1.1769419468636981,1.17375719061,1.1696045647606081,1.164181113968144,1.1570734187636975,1.1477185144208983,1.13535226169788,1.118942055994769,1.0971000489548766,1.067972495858401,1.0291021599964392,0.9772681239404607,0.9083324576729628,0.817198909714385,0.698208276278926,0.5469196050579858,0.3659826144965353,0.18269748209584138,0.09933669129954557,0.09933669129711921,0.18269748208271114,0.3659826144556087,0.5469196050288925,0.6982082763344113,0.8171989097821499,0.9083324576026675,0.9772681238345456,1.029102159947422,1.067972495774639,1.0971000487961744,1.1189420558823782,1.1353522616156668,1.1477185143103035,1.1570734186175173,1.1641811138252778,1.169604564649485,1.1737571904994983,1.1769419466823081,1.179380463952223,1.1812344597662536,1.1826212618005054,1.1836249146496187,1.1843039945250278,1.1846969571979917,1.1848255928650495
1.1846350809738797,1.1845063810490257,1.1841133798218317,1.1834347753243273,1.1824330068035924,1.1810509296791687,1.179206649599017,1.1767859277715147,1.1736312929726107,1.1695266481218722,1.1641757573849152,1.15717259533209,1.1479612183527474,1.1357826316527304,1.1196059318810463,1.0980403740461122,1.0692239287009515,1.0306848854289143,0.979180473548088,0.9105417260137063,0.8196298235968952,0.7007294652190448,0.5493319765575125,0.3680255077821557,0.18412593509186254,0.10023538565686169,0.10023538565342918,0.18412593507204247,0.3680255077277554,0.5493319765581591,0.7007294653226334,0.8196298236405153,0.9105417259433708,0.9791804735148274,1.0306848853479433,1.0692239285467726,1.0980403739227986,1.1196059317915124,1.135782631567383,1.1479612182467618,1.1571725952091083,1.1641757572807923,1.1695266480311444,1.1736312928186468,1.1767859274920707,1.179206649215155,1.1810509293479776,1.1824330067744162,1.1834347754677366,1.1841133795264929,1.1845063805333071,1.184635080544868
1.1844507969808689,1.184321602058167,1.183927226681232,1.1832467285631647,1.1822432410796586,1.1808608035593104,1.1790194342393856,1.1766078625969962,1.1734730290092026,1.1694050435178958,1.1641157812025418,1.1572087646635316,1.1481376495324627,1.136150774092235,1.120219847097387,1.0989507316391562,1.0704716046445095,1.0322941843258937,0.9811513837664357,0.912840386667738,0.8221765260760154,0.7033844867924373,0.5518832685473498,0.3701948457977006,0.18564984796219414,0.10119692967045944,0.10119692966792883,0.18564984794717182,0.37019484576358913,0.5518832685712851,0.7033844868198426,0.8221765260544944,0.9128403867012378,0.9811513836847573,1.0322941842082805,1.0704716045732532,1.0989507315513996,1.1202198469825964,1.136150773977232,1.1481376494209936,1.1572087645625349,1.1641157811125018,1.1694050433819747,1.1734730287608508,1.1766078622578293,1.1790194339548483,1.1808608035039803,1.1822432411777963,1.183246728268585,1.1839272262011877,1.1843216016886535,1.1844507966995241
1.184275740458613,1.1841455960404326,1.1837484191590664,1.1830634342706756,1.1820541458058837,1.1806653344123343,1.1788184128379438,1.1764045972366735,1.173275018205222,1.169226397760996,1.1639802189072208,1.1571524769798953,1.1482104674262614,1.136413507251155,1.120737083900942,1.0997825189406678,1.0716658882077585,1.033879749404683,0.9831301446449527,0.9151778379662943,0.8247895331781061,0.7061266977097199,0.5545322694402924,0.37245817121654556,0.1872482795218496,0.10220899239704191,0.10220899239765598,0.18724827952459727,0.3724581712303279,0.5545322694094642,0.706126697614989,0.8247895331938484,0.9151778379014275,0.9831301445714153,1.0338797493866667,1.0716658881816554,1.099782518842997,1.1207370837627584,1.1364135071237826,1.1482104673176767,1.1571524768792742,1.163980218777317,1.169226397533337,1.1732750178842928,1.1764045969825347,1.1788184127993824,1.1806653345208242,1.182054145509625,1.1830634337738104,1.183748418790099,1.1841455958228102,1.1842757404349846
1.1841135185950924,1.1839820011398583,1.1835806716913506,1.1828886723299683,1.1818694401707974,1.1804678467150602,1.1786058362007936,1.1761761079125765,1.1730330710330334,1.1689797578605907,1.163748468676543,1.1569714948467533,1.1481364881953624,1.1365206204905662,1.1211042330484229,1.1004810904680224,1.0727512379329414,1.035384785678545,0.9850584369970177,0.9174945341652984,0.8274092220673991,0.7088986069398499,0.5572270419550945,0.37477357349744944,0.18889332391053068,0.10325478021020712,0.103254780214455,0.18889332393260852,0.37477357352372986,0.5572270418560493,0.7088986068816131,0.827409221923399,0.9174945340678817,0.9850584370112027,1.035384785705323,1.072751237890919,1.1004810903666937,1.1211042329246719,1.1365206203754705,1.148136488083531,1.156971494709557,1.163748468467854,1.168979757576204,1.1730330707915135,1.1761761078331285,1.1786058362895375,1.1804678464658114,1.1818694397001397,1.1828886719358107,1.1835806714669341,1.1839820011278757,1.1841135185835894
1.1839682751596188,1.1838350633287917,1.1834285312340884,1.1827274650212063,1.1816947276728365,1.1802744678770196,1.1783879531155792,1.1759277068015699,1.1727494028356888,1.1686605362165867,1.1634039843914137,1.1566325370953097,1.1478659311082666,1.1364148467933075,1.1212635687499966,1.1009901796531305,1.0736716446527588,1.0367516116447233,0.9868756037181008,0.9197267012877128,0.8299699025973263,0.7116352603846067,0.5599075703269665,0.3770915259740081,0.19055111028716287,0.10431352576222418,0.10431352576745395,0.1905511103100842,0.3770915259706171,0.5599075703228841,0.711635260229318,0.8299699024582181,0.9197267012337459,0.9868756036923529,1.0367516116244522,1.0736716446183499,1.1009901795968875,1.1212635686687653,1.1364148466835784,1.1478659309652726,1.1566325368879016,1.1634039841241535,1.168660536003423,1.1727494027570216,1.175927706862332,1.1783879528769645,1.1802744674173278,1.181694727278014,1.182727464821819,1.183428531190582,1.183835063275077,1.1839682750327472
1.1838444950923486,1.1837094471401246,1.183297214316453,1.1825859873472857,1.181537581710549,1.1800945879162925,1.1781761896031542,1.1756724511928305,1.1724368114007941,1.168276468272616,1.162940263808616,1.1561026961789114,1.1473355525139122,1.1360275712491534,1.1211547254092091,1.1012576649973547,1.0743780333403457,1.0379292202128154,0.9885257502959711,0.9218127891483845,0.8324055724674773,0.7142692474940415,0.5625099057446041,0.37935798920482827,0.19218371276335533,0.10536154130241597,0.10536154130318898,0.19218371276308346,0.37935798925376524,0.5625099057055574,0.7142692474449743,0.8324055724245976,0.9218127890611325,0.9885257501747269,1.0379292201235748,1.0743780333242443,1.1012576650025834,1.1211547253766012,1.136027571135427,1.1473355523161806,1.1561026959259668,1.1629402635914579,1.1682764681592055,1.1724368114573729,1.1756724510373022,1.178176189161707,1.1800945874748665,1.1815375815237052,1.1825859873203572,1.1832972142658984,1.1837094469542755,1.1838444947838822
1.1837466692420295,1.1836098874005074,1.1831922246315036,1.1824711490253208,1.1814071418018677,1.1799406384513733,1.1779875236377284,1.1754329575931788,1.172123314555039,1.1678564103897684,1.1623721366319992,1.1553516195352604,1.1464412378961952,1.135262879844724,1.1207139577038279,1.1012422662350156,1.0748369184644975,1.0388817387113332,0.9899655275297391,0.9237006131207681,0.8346564856828514,0.7167366502914834,0.5649713126812912,0.38151845620614205,0.19375180727298283,0.10637376671533913,0.10637376670846238,0.1937518072592068,0.38151845618125985,0.5649713127512168,0.7167366503804294,0.8346564856714527,0.9237006130051783,0.9899655273618817,1.0388817385721856,1.074836918430422,1.1012422662787724,1.120713957682527,1.1352628797165885,1.1464412377026216,1.1553516193603854,1.1623721364869333,1.1678564103697922,1.1721233144091363,1.1754329571974667,1.1779875232332493,1.1799406382637694,1.1814071417323115,1.1824711489993072,1.183192224488453,1.1836098870867187,1.1837466688932554
1.1836788386384196,1.1835406956525303,1.183118742511664,1.1823897813033037,1.1813130200638429,1.179826712967116,1.1778430776247322,1.1752409686033967,1.1718553912065783,1.167462641204892,1.1617619136399735,1.154370879890908,1.1449430864853043,1.1339597266153085,1.1198735736481538,1.100922878891683,1.075039713333585,1.0395961368623439,0.9911707900568106,0.9253535689847784,0.8366751826297067,0.7189828378722206,0.567235556926556,0.38352231798246145,0.19521769795523494,0.107325610634674,0.10732561063108338,0.1952176979159706,0.3835223179524016,0.5672355570123516,0.7189828379830286,0.8366751826592328,0.9253535689077111,0.9911707899148101,1.039596136722549,1.075039713253709,1.1009228788620806,1.1198735736143708,1.1339597265266443,1.144943086404274,1.154370879792564,1.1617619135978097,1.1674626410349898,1.171855390765589,1.175240968184444,1.177843077465991,1.1798267129053153,1.1813130200295452,1.1823897811692774,1.1831187422629736,1.1835406953256653,1.1836788383005925
1.1836440859706117,1.1835051922639044,1.1830808628761402,1.1823474965142506,1.1812635115491297,1.1797657519352032,1.1777638966582453,1.1751319244693297,1.1716943848337795,1.1672018208604196,1.1612804282156546,1.1533138096572595,1.1421242718978022,1.131844731086821,1.1185850942916165,1.100318384198897,1.07501266610623,1.0400871009918147,0.9921399868421252,0.9267541112308999,0.8384304807344319,0.7209668478263098,0.5692572952883502,0.3853267462996909,0.19654818146221117,0.10819477643419831,0.10819477642990881,0.19654818145418676,0.3853267462283966,0.5692572952370026,0.7209668478620891,0.8384304808160252,0.9267541112656003,0.992139986795202,1.0400871008842514,1.0750126659629595,1.10031838405818,1.1185850942318236,1.1318447311235946,1.142124271875929,1.1533138096402273,1.1612804281147477,1.1672018204254335,1.171694384360109,1.1751319242622877,1.177763896566759,1.1797657519184368,1.1812635114647243,1.1823474963065548,1.1830808625245577,1.1835051919500168,1.1836440857281794
0.0,0.0,0.0,0.0,0.0,0.0,0.0,0.0,0.0,0.0,0.0,0.0,1.135421646180883,1.1286944917631638,1.1169447539945665,1.0995290972141054,1.0748249072329175,1.0403960497173579,0.992892286036688,0.9279031171429494,0.8399082992531003,0.7226633324830092,0.5710046393703895,0.3868993158362417,0.19771669187632815,0.10896272802390007,0.10896272802770904,0.19771669188607366,0.3868993157969176,0.5710046391917518,0.7226633323860744,0.8399082993233054,0.927903117280943,0.9928922861059821,1.0403960496594473,1.074824907070788,1.099529097059309,1.1169447539328903,1.1286944917574977,1.1354216462528124,0.0,0.0,0.0,0.0,0.0,0.0,0.0,0.0,0.0,0.0,0.0,0.0
0.0,0.0,0.0,0.0,0.0,0.0,0.0,0.0,0.0,0.0,0.0,0.0,1.1317606676922385,1.1262697283851582,1.1154931616908312,1.0987641753894963,1.074577524908112,1.0405793742021747,0.9934594770403963,0.9288150028358251,0.8411091304290531,0.7240616900202685,0.5724593895316891,0.3882188510119351,0.19870430641199952,0.10961551209652169,0.10961551209803982,0.19870430642765405,0.38821885105571136,0.572459389441338,0.7240616898203726,0.8411091303682979,0.9288150029500951,0.9934594771830734,1.0405793742384688,1.0745775248357388,1.0987641752790582,1.1154931615674708,1.1262697283099434,1.1317606679026453,0.0,0.0,0.0,0.0,0.0,0.0,0.0,0.0,0.0,0.0,0.0,0.0
0.0,0.0,0.0,0.0,0.0,0.0,0.0,0.0,0.0,0.0,0.0,0.0,1.1296258087116622,1.1246272219826883,1.1143977606386857,1.098138506356387,1.0743432406239894,1.0406852932806354,0.9938742702188434,0.9295105264426761,0.8420432219633691,0.7251628508360993,0.5736150544505411,0.3892744246451994,0.1994994711633136,0.11014380823547743,0.11014380823495559,0.19949947116083988,0.38927442469121126,0.5736150545756028,0.7251628507405525,0.8420432217455186,0.9295105263720349,0.9938742703286048,1.0406852934288922,1.0743432406729907,1.098138506260017,1.1143977604627524,1.1246272220773044,1.1296258088926256,0.0,0.0,0.0,0.0,0.0,0.0,0.0,0.0,0.0,0.0,0.0,0.0
0.0,0.0,0.0,0.0,0.0,0.0,0.0,0.0,0.0,0.0,0.0,0.0,1.1283558604349033,1.1235768883956203,1.1136464869496745,1.0976833631784357,1.0741577527729875,1.0407457366650488,0.9941635076242108,0.9300108286973188,0.8427253279668739,0.7259748298756861,0.5744733442340317,0.39006291132362125,0.20009663837336805,0.11054228061278763,0.1105422806118809,0.20009663836792796,0.39006291131385645,0.5744733443177772,0.7259748300674911,0.8427253278057685,0.9300108284290529,0.9941635075666877,1.0407457367846829,1.0741577528639574,1.097683363105951,1.113646487083161,1.123576888499901,1.1283558602970705,0.0,0.0,0.0,0.0,0.0,0.0,0.0,0.0,0.0,0.0,0.0,0.0
0.0,0.0,0.0,0.0,0.0,0.0,0.0,0.0,0.0,0.0,0.0,0.0,1.127633967758201,1.1229578464469612,1.1131846955970555,1.0973925903168615,1.074033178918157,1.0407787835566888,0.9943463872046274,0.9303337653347078,0.843170247916718,0.7265081878918785,0.5750400996913733,0.3905858199495538,0.20049426965462394,0.11080848017504917,0.11080848017453626,0.20049426965312472,0.39058581994232827,0.5750400996751058,0.7265081879443284,0.843170248120899,0.9303337651472195,0.9943463869297162,1.0407787834245315,1.0740331788761097,1.0973925906660518,1.1131846958657081,1.1229578463388186,1.1276339674518723,0.0,0.0,0.0,0.0,0.0,0.0,0.0,0.0,0.0,0.0,0.0,0.0
0.0,0.0,0.0,0.0,0.0,0.0,0.0,0.0,0.0,0.0,0.0,0.0,1.127305241348881,1.1226710959799902,1.1129659981354907,1.0972518891035414,1.0739712774918861,1.0407934835879007,0.9944349487708769,0.930491979757962,0.8433895637158461,0.7267722057135707,0.5753215536515685,0.3908461904025874,0.20069275764229744,0.11094163262567126,0.11094163262560798,0.20069275764354966,0.390846190401525,0.5753215536168774,0.7267722056564442,0.8433895637713911,0.9304919800294252,0.9944349484887652,1.0407934830939174,1.0739712776157124,1.0972518894726406,1.112965998283467,1.1226710958332182,1.127305241145814,0.0,0.0,0.0,0.0,0.0,0.0,0.0,0.0,0.0,0.0,0.0,0.0
0.0,0.0,0.0,0.0,0.0,0.0,0.0,0.0,0.0,0.0,0.0,0.0,1.1273052412186273,1.1226710958556556,1.1129659981393007,1.0972518893020222,1.073971277720694,1.040793483545129,0.9944349482612722,0.93049197996386,0.8433895638078117,0.7267722057121024,0.5753215536367335,0.39084619039702595,0.20069275764292824,0.11094163262614883,0.11094163262564773,0.20069275764111158,0.3908461903938108,0.5753215536263434,0.7267722056857648,0.8433895637752693,0.9304919799669057,0.994434948354786,1.0407934834917978,1.0739712776204902,1.0972518892578174,1.1129659981399846,1.122671095883995,1.127305241268145,0.0,0.0,0.0,0.0,0.0,0.0,0.0,0.0,0.0,0.0,0.0,0.0
0.0,0.0,0.0,0.0,0.0,0.0,0.0,0.0,0.0,0.0,0.0,0.0,1.12763396742543,1.1229578461914695,1.1131846956916507,1.0973925907769915,1.0740331792998252,1.040778783208306,0.9943463868760285,0.9303337651635067,0.843170248170602,0.7265081879773435,0.5750400996749825,0.39058581993743563,0.20049426965498376,0.11080848017567312,0.11080848017467837,0.2004942696502688,0.39058581993759045,0.5750400996961634,0.7265081879756301,0.8431702480725825,0.9303337649601419,0.9943463871548507,1.040778783692774,1.0740331790448236,1.0973925903243986,1.113184695529046,1.1229578463730454,1.127633967717331,0.0,0.0,0.0,0.0,0.0,0.0,0.0,0.0,0.0,0.0,0.0,0.0
0.0,0.0,0.0,0.0,0.0,0.0,0.0,0.0,0.0,0.0,0.0,0.0,1.1283558600995354,1.1235768882822315,1.1136464872084775,1.0976833635054828,1.074157752655354,1.040745736730761,0.9941635075854713,0.9300108284677262,0.8427253278248608,0.7259748300710996,0.5744733443189225,0.3900629113169852,0.20009663837001876,0.11054228061262095,0.11054228061250758,0.20009663837018418,0.3900629113257024,0.5744733443273161,0.7259748300044996,0.8427253276462501,0.9300108286375669,0.9941635077798798,1.0407457368301039,1.0741577527866237,1.0976833631000307,1.1136464868944786,1.1235768883833688,1.1283558604430493,0.0,0.0,0.0,0.0,0.0,0.0,0.0,0.0,0.0,0.0,0.0,0.0
0.0,0.0,0.0,0.0,0.0,0.0,0.0,0.0,0.0,0.0,0.0,0.0,1.1296258086621065,1.1246272221807623,1.114397760838031,1.0981385060884703,1.074343240595848,1.0406852934396968,0.9938742703783522,0.9295105263867046,0.842043221734513,0.7251628507403692,0.5736150545850467,0.3892744246936669,0.1994994711596918,0.11014380823467569,0.11014380823578179,0.19949947116598613,0.3892744247019169,0.5736150545241869,0.7251628506099226,0.842043221903228,0.9295105265498163,0.9938742703762018,1.0406852933381303,1.0743432405698385,1.0981385062858278,1.1143977606350617,1.1246272220227966,1.12962580873541,0.0,0.0,0.0,0.0,0.0,0.0,0.0,0.0,0.0,0.0,0.0,0.0
0.0,0.0,0.0,0.0,0.0,0.0,0.0,0.0,0.0,0.0,0.0,0.0,1.1317606680551926,1.1262697286613208,1.1154931614574477,1.0987641752019788,1.0745775248387441,1.0405793742882554,0.993459477204918,0.928815002934603,0.8411091303501521,0.7240616898239989,0.5724593894503578,0.38821885105166726,0.19870430642185344,0.10961551209609298,0.1096155120971401,0.1987043064261828,0.38821885102294684,0.572459389373151,0.724061689972083,0.8411091305209987,0.9288150029525076,0.9934594770693982,1.040579374163781,1.0745775248557285,1.0987641753683373,1.1154931617203414,1.1262697284282677,1.131760667713135,0.0,0.0,0.0,0.0,0.0,0.0,0.0,0.0,0.0,0.0,0.0,0.0
0.0,0.0,0.0,0.0,0.0,0.0,0.0,0.0,0.0,0.0,0.0,0.0,1.1354216465989744,1.1286944917298902,1.1169447538680823,1.0995290970836644,1.074824907129057,1.0403960496800426,0.992892286096499,0.9279031172647627,0.8399082993162625,0.7226633323895307,0.5710046391884704,0.3868993157789403,0.19771669187545857,0.10896272802571624,0.10896272802531608,0.19771669186672716,0.38689931575326303,0.5710046393075934,0.7226633325502796,0.8399082993660189,0.9279031171660059,0.9928922859693878,1.040396049653433,1.0748249072148828,1.09952909722773,1.1169447540104724,1.1286944917800559,1.1354216462220774,0.0,0.0,0.0,0.0,0.0,0.0,0.0,0.0,0.0,0.0,0.0,0.0
1.1836440859938435,1.1835051921531572,1.183080862643803,1.1823474962439555,1.1812635112909275,1.1797657517374927,1.177763896541747,1.1751319244018215,1.171694384731645,1.16720182052451,1.1612804279008282,1.1533138093868454,1.1421242718708304,1.1318447310555462,1.1185850942688773,1.1003183841244923,1.0750126659834902,1.0400871008802302,0.9921399867975743,0.9267541112729925,0.8384304808197985,0.7209668478510581,0.5692572952081882,0.3853267462000037,0.19654818145203914,0.10819477643215285,0.10819477643033373,0.1965481814492784,0.3853267462543092,0.5692572953253139,0.7209668479049244,0.8384304807675959,0.9267541111776422,0.9921399867650424,1.0400871009535495,1.0750126661184396,1.1003183842125592,1.1185850942822089,1.1318447311032407,1.1421242719832398,1.153313809664209,1.161280428154254,1.1672018207869779,1.1716943848134047,1.175131924565323,1.1777638968659399,1.1797657521118823,1.181263511458894,1.1823474960824705,1.183080862536726,1.183505192800176,1.1836440866891644
1.1836788385099606,1.1835406954625889,1.183118742240927,1.1823897809995694,1.1813130198393271,1.1798267128445916,1.1778430775713027,1.1752409685144134,1.1718553909048433,1.167462640874659,1.1617619133162163,1.154370879796331,1.1449430863302938,1.1339597265709254,1.1198735736672079,1.100922878867628,1.0750397132478098,1.0395961367374789,0.9911707899375277,0.9253535689195503,0.8366751826500362,0.7189828379513326,0.5672355569812402,0.38352231796430347,0.19521769793222518,0.10732561063034358,0.10732561063431498,0.19521769794443736,0.3835223180088931,0.5672355569841692,0.7189828378972917,0.8366751825832356,0.9253535689189503,0.9911707900177333,1.039596136858353,1.0750397133472673,1.1009228788958296,1.1198735736579983,1.13395972667323,1.1449430864727916,1.1543708798250254,1.161761913575743,1.167462641200334,1.1718553913104435,1.1752409688074439,1.1778430778005764,1.1798267128987203,1.1813130196650286,1.1823897809458928,1.1831187429054775,1.1835406962258668,1.183678838517285
1.1837466690135898,1.183609887104408,1.183192224331024,1.182471148807821,1.1814071416615013,1.1799406383765771,1.177987523538545,1.17543295733928,1.1721233142501777,1.1678564100655409,1.1623721365503286,1.1553516192975415,1.1464412377558997,1.135262879763001,1.1207139576794667,1.1012422662662729,1.0748369184403241,1.038881738595051,0.9899655273736083,0.9237006129929611,0.8346564856385519,0.7167366503599855,0.5649713127910816,0.3815184562397587,0.19375180725422667,0.10637376671085348,0.1063737667138072,0.19375180728022162,0.38151845624200076,0.5649713127116525,0.7167366502660651,0.8346564856234235,0.9237006130849925,0.9899655275268598,1.038881738719163,1.0748369184681053,1.101242266260633,1.120713957772603,1.1352628798207922,1.146441237807977,1.1553516194508318,1.162372136620165,1.1678564104960085,1.1721233147564556,1.1754329577475775,1.177987523539679,1.179940638059158,1.1814071415037704,1.182471149410952,1.1831922251334386,1.1836098871612628,1.1837466688301321
1.1838444947575542,1.1837094467943028,1.1832972140632403,1.1825859872342475,1.181537581642596,1.1800945877797193,1.1781761893334217,1.175672450892414,1.1724368111276677,1.1682764682532594,1.1629402635644617,1.1561026959865954,1.1473355523488515,1.1360275711305925,1.121154725376555,1.1012576650147043,1.0743780333372415,1.0379292201322001,0.9885257501710236,0.921812789027495,0.8324055723962754,0.7142692475022714,0.562509905785559,0.37935798921321484,0.19218371277102933,0.10536154130083711,0.10536154130438635,0.1921837127719721,0.37935798921771996,0.5625099057342803,0.7142692474659227,0.832405572446056,0.9218127891434862,0.9885257503076893,1.037929220227261,1.0743780333692008,1.1012576650592676,1.121154725395892,1.1360275711780805,1.1473355524486613,1.1561026961792271,1.1629402639082393,1.1682764684409623,1.1724368115080477,1.1756724510613994,1.1781761892099767,1.18009458764062,1.1815375820720857,1.182585987826603,1.1832972141080962,1.1837094466987534,1.1838444949034743
1.1839682748392304,1.1838350630388121,1.1834285310816157,1.1827274649389181,1.181694727552641,1.1802744675924361,1.178387952753774,1.175927706523892,1.172749402860266,1.168660536010963,1.163403984209529,1.1566325369210149,1.1478659309443646,1.136414846674506,1.1212635686914214,1.1009901796241024,1.0736716446258694,1.0367516116207187,0.9868756036811375,0.9197267012255455,0.8299699025133515,0.7116352602868831,0.5599075702596166,0.37709152601594015,0.19055111029884145,0.10431352576681595,0.10431352576417956,0.1905511102898402,0.3770915259596644,0.5599075703000175,0.711635260380327,0.8299699026084362,0.9197267012950765,0.9868756037347888,1.0367516116958888,1.0736716447214292,1.1009901796388473,1.1212635686780659,1.1364148467412067,1.1478659311294066,1.1566325372126771,1.1634039845614366,1.1686605363056932,1.1727494026874736,1.1759277064238323,1.1783879528793295,1.1802744682108732,1.181694728106664,1.1827274648506816,1.1834285308089036,1.183835063158311,1.1839682752481226
1.1841135183497304,1.183982001008149,1.18358067161056,1.1828886721904133,1.1818694398685214,1.1804678463191152,1.1786058359253566,1.1761761079335236,1.1730330708190526,1.1689797576624752,1.163748468507435,1.1569714946960212,1.1481364880605647,1.136520620379134,1.1211042329612744,1.1004810903993543,1.0727512378828754,1.0353847856783875,0.9850584370293378,0.9174945341631019,0.8274092219568402,0.7088986067837266,0.5572270419342668,0.3747735734902836,0.18889332392938846,0.1032547802149454,0.10325478021098215,0.1888933239085251,0.3747735734778977,0.5572270419358334,0.7088986069485383,0.8274092220873313,0.9174945341767843,0.985058437034873,1.0353847857521579,1.0727512379478783,1.1004810904106614,1.1211042329938636,1.1365206205009064,1.1481364882935485,1.1569714950017533,1.163748468771216,1.168979757728605,1.1730330706804202,1.1761761077399553,1.1786058365610228,1.1804678471454555,1.181869440033841,1.1828886719357175,1.1835806715200492,1.1839820012631586,1.1841135187930822
1.184275740366335,1.1841455960124314,1.1837484190409717,1.183063433981527,1.182054145354091,1.180665334136432,1.1788184128814179,1.176404597040638,1.1732750179537872,1.1692263975410495,1.163980218750274,1.1571524768632926,1.1482104673242866,1.136413507147246,1.1207370837939021,1.0997825188534875,1.071665888153064,1.0338797493802618,0.9831301446572227,0.915177837937762,0.8247895331099226,0.7061266976954161,0.5545322693618876,0.37245817123345215,0.18724827953098352,0.10220899239893677,0.10220899239723291,0.18724827952054382,0.3724581712105915,0.5545322694340775,0.7061266977198766,0.8247895332061466,0.9151778380095483,0.983130144690976,1.0338797494062582,1.0716658881591836,1.09978251889103,1.1207370839120467,1.1364135073498167,1.1482104675667197,1.1571524770394477,1.1639802187487303,1.169226397431204,1.1732750181036655,1.1764045976017856,1.1788184132755564,1.1806653343440257,1.1820541454405937,1.1830634340957988,1.1837484192943377,1.1841455962850416,1.1842757406194095
1.1844507969549183,1.1843216019422662,1.1839272264359073,1.1832467281144081,1.1822432408119168,1.180860803576798,1.179019434064666,1.1766078623216605,1.1734730287551887,1.1694050433343788,1.1641157810787144,1.1572087645754634,1.1481376494578222,1.1361507739961367,1.120219846978002,1.0989507315374034,1.0704716045865699,1.032294184261811,0.9811513836585971,0.9128403866341832,0.8221765261610745,0.7033844867643675,0.5518832685515179,0.3701948457916962,0.1856498479563491,0.10119692966940283,0.10119692967083616,0.18564984796445147,0.37019484580501555,0.551883268552192,0.7033844868131834,0.8221765261417767,0.912840386730966,0.9811513837547666,1.0322941842480684,1.0704716045739298,1.098950731638636,1.1202198471989635,1.1361507742529429,1.1481376495902293,1.1572087644656979,1.1641157808746245,1.169405043488282,1.1734730293641598,1.1766078629970493,1.1790194342162248,1.180860803215012,1.18224324089133,1.1832467286522688,1.1839272269231795,1.184321602240426,1.1844507970464966
1.1846350807930293,1.184506380784781,1.1841133793690675,1.183434775100617,1.182433006826502,1.1810509295190232,1.179206649261637,1.1767859274784775,1.1736312927946333,1.1695266480136757,1.1641757572847309,1.1571725952440475,1.1479612182814352,1.1357826315635546,1.119605931757411,1.098040373939435,1.069223928620528,1.030684885296891,0.9791804734313754,0.9105417260359622,0.8196298236146241,0.7007294652878149,0.5493319765752245,0.3680255077461087,0.18412593507747155,0.1002353856544084,0.1002353856576802,0.184125935096451,0.36802550779743975,0.5493319765796607,0.7007294652689403,0.8196298236570251,0.9105417260225493,0.9791804734679023,1.0306848853450006,1.0692239287077185,1.0980403741565596,1.1196059320224223,1.1357826316844954,1.1479612181588474,1.1571725950490157,1.1641757574014142,1.169526648452649,1.1736312933582924,1.1767859278004158,1.179206649245264,1.1810509294749487,1.1824330068554572,1.1834347755133257,1.184113379976909,1.1845063810784184,1.1846350809381982
1.1848255930616867,1.1846969570537824,1.1843039941592675,1.183624914664693,1.1826212620209204,1.1812344597920654,1.179380463903888,1.1769419466570032,1.173757190508349,1.1696045646744782,1.1641811138607607,1.1570734186530576,1.1477185143234128,1.1353522616008567,1.1189420558902623,1.0971000488424403,1.0679724957201653,1.029102159909874,0.9772681239023417,0.9083324575826904,0.8171989097534208,0.6982082763626623,0.5469196050413078,0.3659826144560141,0.18269748208256653,0.09933669129750086,0.09933669130067838,0.18269748210204545,0.36598261452240577,0.5469196050992652,0.6982082762972256,0.8171989097013219,0.9083324576005976,0.9772681238614588,1.0291021600076031,1.0679724960011556,1.0971000491170366,1.1189420559955656,1.135352261484075,1.1477185141955155,1.157073418833016,1.1641811142455811,1.169604565097596,1.1737571907182673,1.1769419465540227,1.1793804640137735,1.1812344601760179,1.1826212622855226,1.183624914783812,1.1843039944129055,1.1846969574767412,1.1848255932825138
1.1850199239466852,1.1848909801103775,1.1844969142034276,1.183815381949677,1.1828069360457103,1.1814114749999687,1.1795427676028027,1.177080501766131,1.17385907176132,1.169652045807556,1.164150934380303,1.1569365116070787,1.1474405204179696,1.1348950878103294,1.1182665477501896,1.0961696580106104,1.0667578383132805,1.0275865495955747,0.975454405162249,0.9062516390214119,0.8149210363842592,0.6958551478054302,0.5446755904339396,0.3640886176109329,0.181378336601566,0.09850874343110416,0.09850874343308712,0.18137833661430935,0.36408861765896444,0.5446755904561535,0.6958551477764843,0.8149210362794171,0.9062516390104167,0.9754544052786503,1.02758654973997,1.0667578385280958,1.0961696581838165,1.118266547681532,1.1348950877091777,1.1474405206320488,1.156936512005335,1.164150934794436,1.1696520460441253,1.173859071600801,1.1770805016606636,1.179542767830645,1.1814114754762424,1.1828069365388167,1.183815382067953,1.1844969141574582,1.1848909802794334,1.185019924375655
1.1852161807733306,1.185086632022051,1.1846905649374895,1.1840050613699522,1.182989667907871,1.1815827738765343,1.1796960546575035,1.1772064431835645,1.173944879759348,1.1696808301206754,1.1641012486418636,1.156782288433738,1.14715160468745,1.134438536969167,1.1176087795052365,1.0952794515583362,1.065610213718803,1.0261676667374224,0.9737677837122941,0.9043261333591821,0.8128209297705101,0.6936919394004224,0.5426179251339458,0.3623564818627079,0.18017581333659877,0.09775542824003715,0.09775542824020504,0.1801758133354616,0.36235648184556973,0.5426179251300094,0.6936919393992969,0.8128209297794672,0.9043261333965573,0.9737677838882672,1.0261676669193613,1.0656102137463241,1.0952794514540913,1.1176087795055507,1.1344385372023917,1.147151605008544,1.1567822888143575,1.1641012489613232,1.1696808300550077,1.1739448796447707,1.1772064433040406,1.179696054904559,1.1815827741930716,1.1829896683210095,1.1840050617161308,1.1846905649161799,1.1850866319916418,1.1852161809835808
1.1854128903130157,1.185282519322955,1.1848838030246434,1.1841932647118534,1.1831694828588317,1.1817494252266798,1.1798428410408777,1.1773241947961803,1.1740214179246686,1.169700501350435,1.164044641502825,1.156626269589642,1.1468698181705987,1.1340024904194146,1.1169896028299344,1.0944503901687377,1.0645499457467287,1.0248646149174157,0.972225714020681,0.9025714277904461,0.8109118387467424,0.691729373607204,0.5407544745225625,0.3607909393354275,0.17909169904514782,0.09707728771198852,0.09707728771022374,0.1790916990306994,0.36079093929854034,0.5407544745060128,0.6917293736473338,0.8109118388702463,0.9025714279594257,0.9722257141445293,1.0248646149795635,1.0645499456193137,1.0944503900795917,1.1169896030071618,1.1340024907338115,1.1468698184841148,1.1566262698691103,1.1640446414904848,1.1697005012959236,1.1740214180847666,1.177324195067448,1.1798428412530801,1.1817494253884429,1.1831694830702426,1.1841932650530416,1.1848838033644233,1.1852825193320782,1.1854128903531242
1.185608902672051,1.185477566336804,1.1850757836270314,1.1843795541056,1.183346561416011,1.1819124776436971,1.1799853270769112,1.1774374070737637,1.1740940615000202,1.169718352798909,1.1639903687053141,1.1564795110033719,1.1466076264815637,1.13360023832752,1.1164224372382812,1.0936953220921726,1.0635886920782125,1.0236873794373997,0.9708361852789439,0.9009933456196405,0.8091973851719717,0.6899689553468322,0.5390848444591422,0.35939012774449514,0.17812346071683144,0.09647228584594557,0.09647228584350731,0.17812346070474022,0.3593901277184214,0.539084844464039,0.6899689554284139,0.8091973853365296,0.9009933458112229,0.9708361853317391,1.0236873792956367,1.0635886920436406,1.0936953222342711,1.116422437438306,1.133600238538538,1.1466076267679395,1.1564795110022048,1.1639903686233675,1.1697183529401487,1.1740940618212856,1.1774374073574088,1.1799853272509466,1.1819124777420666,1.1833465615092027,1.1843795543363762,1.1850757840457204,1.1854775667462951,1.185608902724733
1.1858033044649807,1.1856709244877366,1.1852658534076526,1.1845636161955042,1.183521091018,1.182072796223442,1.1801252405439033,1.1775488452545535,1.1741667476645214,1.169739548461734,1.1639447550130522,1.1563492802728947,1.1463728637467017,1.1332396746476614,1.115914658510489,1.0930205271796214,1.0627311306024276,1.0226386550603273,0.9695996897487629,0.8995901377301098,0.8076737360057918,0.6884051427417904,0.5376024202486496,0.35814731440702186,0.1772654628841209,0.09593656272163792,0.09593656272153261,0.17726546288143608,0.3581473144009903,0.537602420302468,0.6884051428642559,0.8076737361203086,0.8995901377593913,0.9695996897147241,1.0226386550533473,1.0627311306990888,1.0930205273538833,1.1159146586906359,1.1332396748976163,1.1463728637057038,1.1563492801965845,1.1639447551377036,1.1697395487439926,1.174166747955209,1.1775488454814658,1.180125240711157,1.182072796323266,1.1835210910984904,1.1845636163552837,1.185265853714086,1.1856709249332855,1.1858033048839691
1.1859953500723037,1.1858618989894427,1.1854534745532976,1.184745180300571,1.183693183148782,1.1822309911603586,1.1802637993344587,1.1776604203152188,1.174242119731222,1.1697674306976622,1.163911710802077,1.1562398108344745,1.1461697295026247,1.1329245201260532,1.1154690177051425,1.0924273071402608,1.061976700720106,1.0217157257087268,0.9685112232050161,0.8983545770977281,0.806331741922153,0.6870274473816429,0.5362963024287128,0.3570524961446729,0.1765100641007127,0.09546510360365337,0.09546510360612472,0.17651006411395592,0.357052496183232,0.5362963024983165,0.6870274474488999,0.8063317419096439,0.8983545770347763,0.9685112232476965,1.0217157258770406,1.061976700824701,1.0924273072548067,1.115469017967122,1.13292452013896,1.1461697294039488,1.156239810871645,1.163911711061286,1.1697674309989072,1.1742421199299817,1.1776604205004144,1.1802637995386587,1.182230991311866,1.1836931832759254,1.1847451804421296,1.185453474721398,1.1858618992489096,1.185995350473766
1.1861844080732198,1.186049897946618,1.1856381741126996,1.1849239714732172,1.183862837623543,1.1823874065661377,1.1804017451794326,1.1777732954696738,1.174321740384448,1.1698038758677294,1.1638932611230606,1.15615302538987,1.145999712373864,1.132655435828978,1.1150849292818104,1.0919134272477877,1.0613211823797926,1.020912162195762,0.9675620821672054,0.8972758254891681,0.8051588255634502,0.685822269017559,0.5351529759877924,0.35609375531222837,0.17584852404957285,0.095052286412843,0.09505228641785954,0.17584852407613974,0.35609375538384985,0.5351529760136895,0.6858222689618286,0.8051588255041336,0.897275825521786,0.9675620822831722,1.0209121623302977,1.061321182538067,1.0919134274341682,1.1150849293122571,1.1326554357613923,1.145999712404038,1.156153025603241,1.1638932613484885,1.1698038760381966,1.1743217405340023,1.1777732956630182,1.1804017454263784,1.182387406813022,1.1838628378336025,1.1849239716334583,1.185638174216406,1.1860498980585323,1.186184408287665
1.186369926676732,1.1862343982268477,1.1858195136286733,1.1850996889335081,1.1840299378949672,1.1825421446953792,1.1805394135669711,1.1778880233779252,1.1744063205908117,1.1698496393708409,1.1638900286326466,1.1560891705173593,1.1458623790621973,1.1324309634441452,1.1147595494197897,1.0914743202228818,1.0607580090919,1.0202192293823364,0.966741346275913,0.8963409638410865,0.8041405189452105,0.6847743769339549,0.5341576434999928,0.35525832589965717,0.17527170091081773,0.0946922986776613,0.09469229868242429,0.17527170093227315,0.3552583259412707,0.5341576434872161,0.6847743768893434,0.804140518956365,0.8963409639087736,0.9667413463444342,1.0202192294973447,1.0607580093370523,1.0914743203384607,1.114759549313754,1.132430963467999,1.1458623792825144,1.1560891707304255,1.1638900287951404,1.1698496394316755,1.1744063206865174,1.1778880235881493,1.1805394138369572,1.1825421450048357,1.1840299381766828,1.1850996891429852,1.1858195137742777,1.1862343983371841,1.1863699267999086
1.1865514115351623,1.186414924640823,1.1859970738292618,1.1852720015353353,1.1841942646356851,1.1826951077479726,1.1806768170470918,1.1780046864731002,1.1744959338174077,1.169904661074121,1.1639016434983207,1.1560473386231709,1.145756012234626,1.1322482733505757,1.114488627739474,1.091104029522111,1.0602792912940313,1.0196269769339903,0.9660370203461447,0.8955361640042286,0.8032616324127385,0.683868026689394,0.5332952183747821,0.35453337490791403,0.17477055056061971,0.09437943311076283,0.0943794331120366,0.1747705505611126,0.3545333748902757,0.5332952183726014,0.6838680267562769,0.8032616324953461,0.8955361640264377,0.9660370203848873,1.0196269770925366,1.0602792914174102,1.09110402952094,1.1144886277942874,1.1322482735376673,1.1457560124780897,1.1560473388054187,1.1639016435650527,1.169904661153969,1.1744959339436338,1.1780046866417742,1.1806768172909006,1.1826951080474184,1.184194264925992,1.1852720017745193,1.1859970740565615,1.1864149248558278,1.186551411699466
1.186728413015245,1.1865910391402446,1.1861704496272336,1.1854405534680408,1.1843555184728496,1.1828460457141556,1.1808137277647017,1.1781230251558246,1.174590202062256,1.1699683191363164,1.1639270729071274,1.1560258789360551,1.1456781016960946,1.1321037337996527,1.1142671467810283,1.0907959107553,1.0598765707983582,1.0191250363607625,0.9654368620227678,0.8948475308311129,0.8025070868867912,0.6830877461719652,0.5325510141689258,0.35390653393799854,0.17433645641832027,0.0941082804983094,0.09410828049614584,0.17433645640261922,0.35390653390142146,0.5325510141945325,0.6830877462657512,0.8025070869723797,0.8948475308950452,0.9654368621170011,1.0191250364228783,1.0598765707472249,1.0907959107800245,1.1142671470261902,1.1321037340926554,1.1456781018868272,1.156025879051699,1.1639270729782578,1.1699683192708774,1.1745902022703565,1.17812302533384,1.1808137279345732,1.1828460459403718,1.184355518736991,1.1854405537192296,1.186170449885018,1.1865910394162056,1.1867284132514464
1.1869005204457643,1.186762336733417,1.1863392514944882,1.185604975378538,1.184513345825594,1.1829946028902807,1.180949751734163,1.1782425477953387,1.174688448256528,1.170039631273267,1.1639648763454997,1.1560227074733587,1.1456257089303241,1.131993325603109,1.1140897808994707,1.0905431283881681,1.0595413477282067,1.0187031704163785,0.96492894494653,0.8942616674003029,0.8018624643197907,0.6824188472543792,0.5319111841871206,0.3533662285668912,0.17396142512586557,0.09387384181195378,0.09387384180973254,0.17396142511398485,0.35336622854545013,0.5319111841944463,0.6824188472927277,0.8018624644141777,0.8942616675432001,0.9649289450268387,1.018703170345966,1.059541347684421,1.090543128530991,1.114089781165187,1.1319933258608261,1.145625709099563,1.1560227075458127,1.163964876466845,1.1700396314830555,1.1746884485030413,1.178242548001438,1.1809497518848338,1.1829946030521796,1.1845133460548758,1.185604975653169,1.1863392517577809,1.1867623369767724,1.1869005206766308
1.187067360628739,1.1869284456118687,1.1865031103821098,1.185764897357605,1.1846673638575116,1.183140359466806,1.1810843920532732,1.1783626199184527,1.1747898161530812,1.1701174090893718,1.1640133956309169,1.156035533245975,1.1455957272446518,1.1319129318946728,1.1139512110000258,1.090338989502854,1.0592654272782631,1.0183516270296384,0.9645020134597011,0.8937660227629933,0.8013143383562944,0.6818477245847036,0.531362969108907,0.3529018543564307,0.17363818255944966,0.09367158070210342,0.0936715807024666,0.17363818256186614,0.35290185434758076,0.531362969070805,0.6818477245868698,0.801314338468135,0.8937660228995572,0.9645020134499668,1.0183516269843225,1.059265427379538,1.090338989705676,1.1139512111610987,1.1319129320342407,1.1455957273906798,1.1560355333651988,1.1640133957886176,1.1701174093420739,1.1747898164067252,1.1783626201261286,1.1810843922108991,1.1831403596310384,1.1846673640647016,1.1857648976211081,1.1865031106555681,1.1869284458429488,1.1870673608312414
1.1872285989379319,1.1870890295936969,1.1866616838522117,1.1859199615358202,1.1848171827949392,1.1832828666558868,1.1812170996815003,1.1784825339499363,1.1748933615430681,1.170200371999542,1.1640708919488527,1.1560620174751783,1.1455850599344544,1.131858531850362,1.1138463290226144,1.090177153945719,1.059041130723425,1.0180613466356698,0.9641456818982975,0.8933490788282682,0.8008504429313554,0.6813619985371743,0.5308948054320407,0.35250384354014325,0.17336020028707416,0.09349743466686647,0.09349743466862719,0.17336020029560295,0.35250384354059144,0.5308948054080914,0.6813619985458347,0.8008504429935213,0.8933490788477153,0.9641456819047316,1.0180613467401718,1.0590411309306484,1.0901771541036638,1.1138463290713823,1.1318585318917644,1.1455850600431972,1.1560620176588168,1.1640708921603211,1.1702003722286056,1.174893361787432,1.1784825341544214,1.1812170998590326,1.1832828668280413,1.1848171829912415,1.1859199617504503,1.186661684094537,1.1870890298466406,1.1872285991700104
1.1873839415829766,1.1872437912299294,1.1868146621307223,1.18606983344979,1.1849624245990493,1.1834216745680635,1.1813473128555831,1.178601561773086,1.1749981190540006,1.1702872285469568,1.1641356413985167,1.156099880934284,1.1455907368983056,1.1318263228323853,1.11377036123295,1.0900517544989845,1.0588614085331294,1.0178240647809609,0.9638505239754166,0.8930004238545239,0.800459727764839,0.6809505505153151,0.5304963392522062,0.35216365858197246,0.17312167669923514,0.0933477995529236,0.09334779955400381,0.17312167670399503,0.35216365859771986,0.5304963392858545,0.6809505505545292,0.8004597277233729,0.8930004237935675,0.9638505240557941,1.0178240650034391,1.0588614087371382,1.090051754584087,1.1137703612405692,1.1318263228451884,1.145590736982906,1.156099881126821,1.1641356416343063,1.1702872287447652,1.1749981192487575,1.1786015619902508,1.1813473130655128,1.183421674765734,1.1849624247794663,1.1860698336265938,1.1868146623166198,1.1872437914504665,1.187383941833547
1.187533137822905,1.1873924747781932,1.1869617736147104,1.1862142113822238,1.1851027374665086,1.1835563536154958,1.1814744863869335,1.1787189928550146,1.1751031492766935,1.1703767325438559,1.1642059984246749,1.1561469727543328,1.145609986078672,1.1318127908308935,1.1137189339445421,1.0899574542079007,1.0587198859558464,1.0176323434133838,0.963608087800393,0.8927107505807664,0.8001323396372646,0.6806034887109507,0.5301583798365751,0.3518737405136168,0.17291749120151206,0.09321949842851422,0.09321949842862112,0.17291749120228164,0.35187374053911075,0.5301583799115847,0.6806034887326138,0.8001323395730819,0.8927107505586623,0.9636080879143117,1.0176323436040813,1.058719886085558,1.0899574542563404,1.1137189339902345,1.1318127908825455,1.145609986172426,1.1561469729120977,1.1642059986081625,1.1703767327098469,1.1751031494310422,1.178718993059922,1.1814744866349731,1.1835563538513532,1.1851027376707521,1.1862142115538605,1.1869617737792495,1.1873924749587061,1.1875331380290033
1.1876759817554972,1.1875348687874647,1.1871027890813137,1.186352833238677,1.185237806676747,1.183686509995906,1.1815981125999295,1.1788341607072435,1.1752075708571954,1.1704677196519586,1.1642804354528191,1.1562013112534528,1.145640272617301,1.1318147448687534,1.1136880998836824,1.0898894614362709,1.0586108641209198,1.0174795559005254,0.9634108640720674,0.8924718075870942,0.7998595584435498,0.6803120724237394,0.5298728186667528,0.3516274325318558,0.17274314458957138,0.09310974269146642,0.09310974269186292,0.1727431445911314,0.3516274325532859,0.5298728187004312,0.6803120724261541,0.7998595584550672,0.8924718076523247,0.9634108641776941,1.0174795559900158,1.0586108641657181,1.0898894614890535,1.113688099965604,1.1318147449772957,1.145640272746223,1.1562013113861567,1.1642804355746519,1.170467719781019,1.1752075710042416,1.178834160888599,1.181598112835489,1.183686510248219,1.1852378069024165,1.1863528334441256,1.1871027892723691,1.1875348689846077,1.187675981957164
1.1878123136353709,1.1876708076284763,1.1872375243679003,1.186485481332628,1.1853673619757206,1.1838117963482464,1.181717735310421,1.1789464603852886,1.1753105807903537,1.1705591294293278,1.1643575654892657,1.1562611049384128,1.1456793157660348,1.1318293270518522,1.113674338459135,1.0898435178831158,1.0585292934244226,1.0173598445025882,0.9632522269202767,0.8922763242489926,0.7996337088406505,0.6800686152783653,0.5296325319038621,0.35141889280106997,0.17259469449692022,0.09301609070373679,0.09301609070494656,0.17259469450372572,0.3514188928049442,0.5296325318713633,0.6800686152834641,0.7996337089345974,0.8922763243732756,0.9632522269988202,1.0173598445199685,1.0585292934477832,1.0898435179568442,1.1136743385600656,1.1318293271697015,1.1456793159088385,1.1562611050809286,1.164357565616166,1.170559129548473,1.1753105809353526,1.1789464605586095,1.1817177354974446,1.1838117965493749,1.1853673621886935,1.1864854815539942,1.1872375245990279,1.1876708078608436,1.1878123138648637
1.1879420200903728,1.187800171988733,1.1873658418296495,1.186611985168127,1.1854911821977858,1.1839319182511308,1.1818329584573504,1.1790553588532515,1.175411465841551,1.170650017047209,1.1644361526130995,1.1563247598232653,1.1457250908297314,1.1318540067136558,1.1136745399404777,1.0898158703580851,1.058470731278847,1.0172680627717579,0.9631263608500182,0.8921179235227779,0.7994480618404399,0.679866380788784,0.5294312781534737,0.35124300570929434,0.1724686915295764,0.09293640728531193,0.09293640728753955,0.17246869153818345,0.35124300570591,0.5294312781325062,0.6798663808072601,0.7994480619328804,0.8921179236394784,0.963126360901789,1.0172680627720028,1.0584707313275836,1.0898158704687342,1.1136745400649843,1.13185400683785,1.1457250909514471,1.156324759968609,1.1644361527695632,1.1706500171839276,1.1754114659807842,1.1790553590179997,1.1818329586175418,1.1839319184017667,1.1854911823785008,1.1866119853800472,1.187365842053659,1.1878001722112503,1.1879420203002415
1.18806503347088,1.1879228885652284,1.1874876505427847,1.1867322225870616,1.1856090974173554,1.18404663761454,1.181943450530669,1.1791604000338565,1.1755096077288039,1.1707395575863409,1.1645151139410312,1.1563908774478122,1.1457758214394336,1.1318865650785137,1.1136859802031243,1.0898032339308934,1.0584312920475956,1.0171997115314402,0.9630281829392837,0.8919910317559876,0.7992967352778643,0.6796994788703347,0.5292635990501056,0.3510952969621865,0.17236211938649368,0.09286882598462388,0.09286882598617162,0.1723621193937997,0.35109529697998887,0.5292635990906188,0.6796994789221035,0.7992967353100201,0.8919910317908215,0.9630281829707635,1.017199711560978,1.0584312921216197,1.0898032340646941,1.1136859803643666,1.1318865652230459,1.1457758215579477,1.1563908775692764,1.1645151140881669,1.1707395577326223,1.1755096078583671,1.1791604001844724,1.1819434507059636,1.1840466377816359,1.185609097585673,1.1867322227806112,1.1874876507318597,1.187922888737288,1.1880650336452674
1.188181330592123,1.1880389288177715,1.1876029054494222,1.186846119379725,1.1857209892312195,1.18415577361447,1.1820489458755525,1.1792612061309324,1.175604483821991,1.1708270450895946,1.1645935158575642,1.156458247038666,1.1458299661100924,1.131925074296822,1.1137062907238955,1.0898027512292554,1.058407594562451,1.017150874064109,0.9629532659344061,0.8918907910817551,0.7991745987156578,0.6795627683148995,0.5291247265486544,0.3509718556298887,0.17227234062801555,0.09281171505686675,0.09281171505721765,0.17227234063122995,0.35097185567381695,0.52912472663981,0.6795627683766838,0.7991745987083194,0.891890791041413,0.9629532659458319,1.0171508741372166,1.058407594652072,1.0898027513517077,1.1137062908968964,1.1319250744557,1.1458299662303446,1.1564582471457747,1.16459351597914,1.170827045227636,1.1756044839632869,1.179261206288949,1.1820489460722572,1.184155773814211,1.1857209893995442,1.186846119544569,1.1876029056242285,1.188038928984859,1.1881813307660618
1.1882909306652196,1.188148307005633,1.1877116055592767,1.186953647751213,1.1858267896064727,1.18425920171729,1.1821492436593029,1.1793574761871441,1.1756956646261252,1.1709118881268514,1.1646705667945154,1.1565258342385103,1.1458862014394606,1.131967873850293,1.1137334267053434,1.089811951099447,1.0583967104861909,1.0171181537320793,0.9628977654381852,0.8918129778036,0.7990771857518892,0.6794517674663417,0.5290104991409512,0.35086926438285226,0.17219704865127758,0.09276364745115134,0.09276364745135016,0.17219704865319813,0.35086926441861715,0.529010499233697,0.6794517675189907,0.7990771857260134,0.8918129777614662,0.9628977654564604,1.0171181538070608,1.0583967105710257,1.0898119512132334,1.1137334268594343,1.1319678740045651,1.1458862015549713,1.1565258343355078,1.1646705669004167,1.170911888268468,1.1756956648059156,1.1793574763845935,1.1821492438578929,1.184259201904838,1.1858267897673156,1.1869536478944935,1.18771160572839,1.1881483072104193,1.1882909308657026
1.188393892680522,1.1882510776166681,1.1878137914421694,1.1870548240336811,1.185926478601001,1.1843568512555018,1.1822442051587878,1.1794489826641334,1.1757828090505515,1.1709936032090422,1.164745607861855,1.156592767844701,1.1459434038781673,1.132013546123625,1.1137656353328105,1.089828708650276,1.0583961152944945,1.0170986156983424,0.9628583530624808,0.8917539281153342,0.7990006147166977,0.6793625744582874,0.5289172874578915,0.35078453803634424,0.17213422581332763,0.09272337470211577,0.09272337470318993,0.17213422581803434,0.3507845380515017,0.5289172874966491,0.6793625744956261,0.7990006147194126,0.8917539281092907,0.9628583530894389,1.0170986157487867,1.0583961153567136,1.0898287087573675,1.113765635484164,1.1320135462733958,1.1459434039892824,1.1565927679308152,1.1647456079689649,1.1709936033578436,1.1757828092433094,1.1794489828731307,1.1822442053567945,1.184356851438741,1.18592647877031,1.187054824183911,1.1878137916022937,1.1882510778089872,1.1883938928723656
1.1884903123640975,1.188347332293936,1.1879095422819057,1.1871497056967824,1.186020081219865,1.1844487020908583,1.1823337499516238,1.1795355666970342,1.1758656583847136,1.171071806840079,1.1648181022046071,1.1566583256211385,1.1460006310779773,1.1320608923253506,1.113801425409877,1.0898512076071172,1.0584036429169468,1.0170897338744496,0.9628321558668411,0.891710471330792,0.7989415183406645,0.6792917967248534,0.5288419289687879,0.3507150700813181,0.17208210721834846,0.09268980441031469,0.09268980441180001,0.17208210722543446,0.35071507008481206,0.528841928955106,0.6792917967412717,0.7989415183965071,0.8917104713851438,0.9628321558886513,1.0170897339000304,1.0584036429837669,1.0898512076979179,1.1138014255272548,1.1320608924598614,1.1460006312090025,1.1566583257420866,1.1648181023319715,1.171071806980536,1.1758656585336582,1.179535566863282,1.1823337501396745,1.1844487023043726,1.1860200814304935,1.1871497058817586,1.1879095424402826,1.1883473324358056,1.188490312511206
1.18858031880325,1.1884371965099845,1.1879989724776627,1.187238387806356,1.1861076637492627,1.1845347806327506,1.1824178512972847,1.1796171326647775,1.1759440295500443,1.171146206874635,1.164887623789205,1.1567219199185204,1.146057103569757,1.1321089094209296,1.113839538676871,1.0898779056010963,1.0584174446127328,1.0170893429562735,0.9628167021479274,0.8916798707656826,0.7988969815974244,0.6792364891856435,0.5287816711480553,0.35065858635238545,0.17203914953173427,0.09266198089446111,0.09266198089537322,0.1720391495361183,0.350658586351349,0.5287816711237967,0.6792364891864707,0.7988969816707214,0.8916798708755678,0.962816702212201,1.0170893429886523,1.0584174446848298,1.0898779056726293,1.113839538710464,1.1321089094953145,1.146057103731868,1.15672192011923,1.1648876239593526,1.1711462070046228,1.1759440296623584,1.1796171327851361,1.1824178514591293,1.1845347808348508,1.1861076639721175,1.1872383880183466,1.1879989726553988,1.1884371966558596,1.188580318952638
1.1886640709330014,1.1885208260171356,1.1880822279713243,1.1873209992368103,1.1861893297183161,1.1846151553506745,1.1824965311300417,1.1796936422847835,1.176017807941779,1.171216593559353,1.1649538462577358,1.1567830836830186,1.1461121871999,1.1321567683312226,1.113878923359839,1.089907502537621,1.058435951587799,1.0170955955327445,0.9628098734517002,0.8916597714510949,0.7988644870979794,0.6791941002558727,0.5287341220735846,0.35061310491437114,0.1720040041454905,0.09263906857358518,0.09263906857369122,0.17200400414501577,0.35061310491252484,0.5287341220685893,0.6791941002501732,0.7988644871501417,0.8916597715731268,0.9628098735767953,1.0170955956110568,1.0584359516365578,1.0899075025680351,1.113878923365814,1.1321567683762492,1.1461121873475597,1.156783083896667,1.1649538464587565,1.1712165937153682,1.1760178080693426,1.1796936424100224,1.1824965312610154,1.1846151554968474,1.1861893298893034,1.1873209994295033,1.1880822281780532,1.1885208262320113,1.1886640711378869
1.1887417539004632,1.188598403163681,1.1881594824815638,1.187397698733045,1.1862652156862517,1.1846899321900526,1.1825698547884573,1.1797651084625662,1.1760869400245644,1.1712828306780771,1.1650165320500334,1.1568414569640995,1.146165376582624,1.1322037939178808,1.1139187100353498,1.0899389117102343,1.058457841427594,1.0171069238876111,0.962809861979784,0.8916481540872071,0.798841867225376,0.6791624246935285,0.5286972073673164,0.35057690130683916,0.1719754940369059,0.09262033765495077,0.09262033765460553,0.17197549403529,0.350576901307194,0.5286972073796569,0.6791624247104029,0.7988418672564265,0.8916481541607288,0.9628098620984286,1.017106923981943,1.0584578414557244,1.0899389117370935,1.113918710098887,1.1322037940054774,1.1461653766891888,1.156841457094419,1.165016532214067,1.171282830863672,1.1760869402014886,1.179765108612659,1.1825698549140917,1.1846899323072593,1.1862652158157303,1.1873976988964496,1.1881594826969992,1.1885984034166288,1.1887417541228256
1.1888135753757754,1.18867013314836,1.1882309336732897,1.1874686709513267,1.1863354870225837,1.1847592499034194,1.1826379257472535,1.1798315891301243,1.17615142614108,1.1713448468647827,1.1650755218149236,1.1568967741415483,1.1462162798018098,1.1322494465580561,1.1139581895405088,1.0899712338870255,1.0584820081223785,1.017122005915566,0.9628151328173273,0.8916432944674146,0.7988272621572762,0.6791395622755849,0.5286691325869706,0.3505484783104418,0.17195259370848073,0.09260515174622527,0.09260515174636787,0.17195259370781357,0.3505484783127037,0.5286691326141487,0.6791395623352486,0.7988272621859828,0.8916432944586961,0.9628151328433211,1.0171220059977895,1.0584820081922761,1.0899712339597039,1.1139581896594866,1.1322494466719308,1.1462162798765811,1.1568967742108993,1.1650755219289226,1.1713448470347263,1.176151426326958,1.1798315892891873,1.1826379258917499,1.1847592500496205,1.1863354871642575,1.187468671109042,1.1882309338737287,1.1886701333587126,1.188813575545349
1.1888797618657634,1.188736240331406,1.1882967994178213,1.1875341224852978,1.1864003336427666,1.1848232754014127,1.1827008804204184,1.179893181346836,1.1762113135252175,1.1714026272430293,1.165130724492104,1.156948852119207,1.146264604147387,1.1322933050843675,1.1139967929693184,1.0900037340514717,1.0585075352881814,1.0171397347841953,0.9628243904437891,0.8916437276681726,0.7988190828730761,0.6791238815012421,0.5286483502661026,0.3505265394972199,0.17193441167785026,0.09259295706495936,0.09259295706603958,0.17193441167990234,0.35052653950265666,0.5286483503092982,0.679123881564576,0.798819082884102,0.8916437275985377,0.9628243904068755,1.0171397348740625,1.0585075354463875,1.0900037341694921,1.1139967930607981,1.1322933051599453,1.1462646042064968,1.156948852206794,1.165130724618136,1.1714026273838802,1.1762113136656427,1.1798931814971747,1.1827008805907921,1.184823275581341,1.186400333802244,1.1875341226305276,1.1882967995723877,1.1887362404798474,1.188879761998285
1.1889405551801104,1.1887969647158985,1.1883573141065507,1.1875942780056286,1.1864599658599837,1.1848821992167304,1.1827588831090463,1.179950015509396,1.1762666895609248,1.1714562056417546,1.1651821081744664,1.156997579339572,1.146310142993436,1.1323350513026231,1.1140340735219898,1.0900358204135938,1.0585336721659393,1.0171591919210532,0.962836549086352,0.8916482162854886,0.7988159784313089,0.6791139875423299,0.5286335309267409,0.35050996591624345,0.17192017510637714,0.09258327296936333,0.09258327297155525,0.1719201751156049,0.3505099659374855,0.5286335309450173,0.6791139875444588,0.7988159784000637,0.891648216233969,0.962836549077448,1.017159192030606,1.0585336723626793,1.0900358205515706,1.1140340735645675,1.1323350513421508,1.1463101430665659,1.1569975794537866,1.1651821083174354,1.1714562057720388,1.1762666896762453,1.1799500156510583,1.1827588832864122,1.1848821993948933,1.1864599660136899,1.18759427811883,1.188357314199266,1.188796964821863,1.1889405553353531
1.1889962090695023,1.188852558485273,1.1884127251172074,1.1876493765979304,1.1865146104742246,1.184936231180488,1.1828121211303197,1.1800022497815656,1.1763176755009284,1.1715056573000688,1.1652296914664426,1.1570429056346911,1.146352763933357,1.1323744560084201,1.114069690153335,1.0900670254938356,1.0585598120451831,1.017179622982922,0.9628507063339837,0.8916557222237409,0.7988168068416069,0.6791086938625401,0.5286235373179586,0.3504977955172965,0.17190921620260063,0.09257568359238612,0.09257568359575365,0.17190921621883995,0.350497795541184,0.5286235372839142,0.6791086937937716,0.7988168068048349,0.8916557222526537,0.96285070639689,1.017179623073001,1.058559812173985,1.0900670256204237,1.114069690223437,1.132374456086638,1.1463527640436153,1.157042905734433,1.1652296915654274,1.171505657415035,1.1763176756324407,1.1800022499226033,1.1828121212797695,1.1849362313387097,1.1865146106254603,1.1876493767088723,1.1884127251825864,1.188852558569634,1.1889962092322663
1.1890469859615154,1.1889032827068136,1.1884632894740714,1.187699668270463,1.1865645070220574,1.1849855963230957,1.182860800242562,1.1800500650286425,1.1763644206359047,1.1715510920055086,1.165273535447688,1.1570848328895802,1.146392397899003,1.1324113663500974,1.1141033929064885,1.0900969891373884,1.0585854729856154,1.017200416366015,0.9628661196067565,0.8916653815313048,0.7988206091763379,0.6791069968548429,0.5286174015163673,0.3504892047777241,0.17190096012541972,0.09256983040156368,0.09256983040341582,0.17190096013600545,0.35048920478684137,0.5286174014645076,0.6791069967903485,0.7988206091972082,0.8916653816358305,0.9628661197222497,1.0172004164104278,1.0585854729952708,1.0900969892097017,1.1141033930415079,1.1324113665028122,1.1463923980399706,1.1570848329602534,1.1652735354862438,1.171551092101573,1.1763644207809099,1.1800500651589139,1.1828608003493553,1.1849855964510572,1.1865645071756843,1.1876996684244223,1.1884632895919192,1.1889032828079373,1.189046986087971
1.189093153910843,1.1889494043209492,1.1885092707224634,1.1877454106019287,1.186609904177631,1.1850305310013056,1.1829051404504127,1.1800936601090255,1.176407096871047,1.1715926478370644,1.1653137363927646,1.157123406514118,1.1464290292156853,1.1324456943378638,1.1141350096597025,1.0901254433011862,1.058610280616323,1.0172210839638995,0.9628821850911043,0.8916764819232083,0.7988265864964039,0.6791080532216822,0.5286143044085697,0.35048349227777803,0.17189491414639213,0.09256540553936378,0.09256540553755667,0.17189491413745334,0.3504834922618976,0.5286143044111178,0.6791080532478199,0.7988265865761621,0.8916764820508434,0.9628821851930033,1.0172210839931117,1.0586102805804136,1.0901254433148444,1.1141350097919351,1.1324456944962948,1.1464290293407633,1.1571234065847844,1.1653137364328023,1.1715926479295724,1.1764070970059872,1.1800936602192749,1.1829051405297895,1.1850305310911355,1.186609904319146,1.187745410792233,1.1885092709215932,1.1889494044850641,1.189093154027108
1.1891349838338054,1.1889911933557458,1.1885509359812307,1.1877868656252846,1.1866510564600532,1.1850712793518834,1.1829453720916767,1.180133247415212,1.1764458936859117,1.1716304854370982,1.1653504192188364,1.1571587078161627,1.1464626866588412,1.132477406435682,1.1141644341090715,1.090152198425827,1.0586339527587372,1.0172412439496403,0.9628984187814261,0.8916884427346484,0.7988340791410347,0.6791111597794139,0.5286135573390617,0.35048006387613895,0.17189065789519622,0.09256214584503004,0.09256214584190096,0.17189065787687852,0.35048006383932084,0.5286135573856795,0.6791111599008945,0.7988340792449867,0.8916884427990015,0.9628984188260852,1.0172412439915903,1.0586339528046462,1.0901521984445364,1.1141644341508192,1.1324774065084129,1.1464626867385008,1.1571587079232795,1.1653504193160822,1.1716304855175435,1.176445893785098,1.1801332475246777,1.1829453721872212,1.1850712794384874,1.1866510565811634,1.1877868658012303,1.1885509361987545,1.1889911935679305,1.189134983987257
1.189172746925162,1.1890289202133475,1.1885885531845988,1.1878242970231594,1.186688221271094,1.1851080900747588,1.18298173222021,1.1801690487965553,1.176481013484177,1.1716647827422484,1.165383731512171,1.1571908471192145,1.1464934354656664,1.1325065142349298,1.1141916150040456,1.0901771312645556,1.0586562856588249,1.017260605268699,0.9629144396506315,0.8917007968295997,0.7988425482425271,0.6791157353091976,0.5286145854664817,0.35047841936246266,0.17188783460783386,0.09255982747373845,0.09255982747346211,0.17188783460414622,0.3504784193462375,0.5286145854775822,0.679115735387915,0.7988425483369835,0.8917007968527013,0.9629144396531008,1.0172606053282764,1.0586562857693789,1.090177131338528,1.1141916149724582,1.1325065142233264,1.1464934355315426,1.1571908472626289,1.1653837316458007,1.1716647827922002,1.1764810135414574,1.1801690489288874,1.1829817323719736,1.1851080901947837,1.1866882213739467,1.1878242971536965,1.1885885533599512,1.1890289204048206,1.1891727471064313
1.1892067121464047,1.1890628531623695,1.1886223885748335,1.187857967539433,1.1867216561336804,1.185141213431882,1.1830144613237341,1.180201291916043,1.1765126674627497,1.1716957302530142,1.1654138380379906,1.1572199574527147,1.1465213701227746,1.1325330661244837,1.1142165466435572,1.0902001740298692,1.0586771414994014,1.017278953931853,0.9629299545435989,0.8917131745842364,0.7988515591199418,0.6791213039899496,0.5286169128049101,0.3504781405837498,0.17188614323969864,0.09255826104143498,0.09255826104474477,0.17188614325614968,0.35047814061297144,0.5286169127799681,0.6791213039369106,0.7988515591328181,0.8917131746619612,0.9629299545870084,1.0172789539660347,1.058677141571619,1.0902001741149088,1.1142165466686138,1.1325330661046578,1.1465213701845753,1.1572199575772393,1.1654138381678745,1.1716957303186948,1.1765126675207527,1.1802012920538403,1.1830144614914988,1.1851412135604533,1.1867216562268061,1.187857967643112,1.1886223887093403,1.1890628533082443,1.1892067123175774
1.1892371439980183,1.1890932561517755,1.1886527044488164,1.187888136580716,1.1867516161282536,1.1851708984554692,1.1830438002875376,1.1802302069332984,1.1765410719648948,1.1717235268481998,1.1654409158215064,1.1572461888514005,1.1465466078263453,1.1325571398573988,1.1142392605039164,1.0902213044784443,1.0586964373815995,1.0172961406788577,0.96294474485964,0.8917252895940294,0.7988607660779107,0.679127480692301,0.5286201490396972,0.35047888069766,0.1718853313218817,0.09255728724195803,0.09255728724563062,0.1718853313404757,0.3504788807464479,0.5286201490522314,0.6791274806327693,0.7988607660058935,0.891725289613988,0.9629447449587649,1.0172961407209,1.0586964373959404,1.0902213045552203,1.114239260633318,1.1325571399122594,1.146546607828919,1.15724618889108,1.1654409159334127,1.1717235269996902,1.1765410720787586,1.1802302070280961,1.1830438003932826,1.1851708985563565,1.186751616225377,1.1878881366956142,1.18865270456418,1.1890932562731844,1.1892371441432465
1.1892643005863115,1.1891203868432647,1.1886797571169085,1.1879150580910351,1.1867783516220027,1.1851973904588615,1.1830699876299822,1.1802560234608412,1.176566445135886,1.1717483760079164,1.1654651497991686,1.157269703339071,1.1465692826513003,1.132578836062179,1.1142598175023004,1.090240537207034,1.058714135462295,1.0173120701631626,0.9629586545902001,0.891736925375601,0.7988698991683734,0.6791339581586342,0.5286239775598084,0.350480354378209,0.17188518851322834,0.09255677289953886,0.09255677290135485,0.1718851885214807,0.3504803544133549,0.5286239776217027,0.6791339581908089,0.7988698991137917,0.8917369252753706,0.9629586545643485,1.0173120702447993,1.0587141355438006,1.090240537313654,1.1142598176688945,1.1325788362039038,1.146569282624001,1.1572697032813428,1.1654651498575044,1.1717483762014387,1.176566445303023,1.1802560235287618,1.1830699876823318,1.1851973905377908,1.1867783517349446,1.1879150582217803,1.1886797572235226,1.1891203869492777,1.1892643007033274
1.1892884318286818,1.189144494799451,1.1887037950507389,1.1879389786261507,1.1868021062284042,1.1852209288760702,1.1830932571305555,1.180278967899674,1.176589003861612,1.1717704823126034,1.165486728926883,1.157290670507507,1.1465895405827533,1.132598272330654,1.1142783010775243,1.0902579159897934,1.0587302344762368,1.0173266912083638,0.9629715790639636,0.8917479240866257,0.798878752635637,0.6791404952160797,0.528628144519386,0.350482329035386,0.1718855408322283,0.09255660742819116,0.09255660742847749,0.17188554083323082,0.3504823290478169,0.5286281445628704,0.6791404952677906,0.7988787526469261,0.8917479240208124,0.9629715789524672,1.0173266911769974,1.058730234611665,1.0902579161734267,1.1142783012441342,1.1325982724782004,1.146589540660602,1.1572906704543087,1.1654867288952708,1.1717704823991677,1.1765890040297178,1.1802789680205643,1.1830932572050128,1.1852209289628575,1.1868021063484124,1.1879389787455712,1.1887037951546644,1.189144494893903,1.1892884319181782
1.1893097778425714,1.1891658198628314,1.1887250571989958,1.1879601355477682,1.1868231149194997,1.1852417453087662,1.183113835786775,1.1802992611530752,1.1766089610519785,1.1717900483020043,1.165505842715411,1.1573092636644966,1.1466075351521303,1.1326155777171354,1.1142948113301914,1.090273507194639,1.058744761949367,1.0173399876645266,0.9629834558898202,0.891758176682738,0.7988871741448327,0.679146906018681,0.5286324491623666,0.3504846170891951,0.17188624550994633,0.09255669965931052,0.09255669965836918,0.17188624550546416,0.3504846170781635,0.5286324491543605,0.6791469060226979,0.7988871741847311,0.8917581767448007,0.9629834558987044,1.0173399875917433,1.0587447619133208,1.0902735073163086,1.1142948114971913,1.132615577865983,1.1466075353385843,1.1573092637862163,1.165505842658629,1.171790048228743,1.1766089611419308,1.1802992613373766,1.1831138359289306,1.1852417454227095,1.1868231150261241,1.1879601356445642,1.1887250573058814,1.1891658199597024,1.1893097779170343
1.189328567522438,1.1891845907017076,1.1887437714896127,1.1879787554578902,1.1868416023617496,1.1852600617362357,1.1831319419003112,1.1803171165130768,1.1766265232378532,1.1718072718463484,1.1655226782508916,1.1573256565516399,1.146623423075935,1.1326308883435316,1.1143094599945642,1.0902873935433866,1.0587577668880717,1.0173519714178119,0.9629942568769964,0.8917676136385525,0.7988950551751117,0.6791530507974676,0.5286367353969907,0.3504870690575426,0.17188718637374356,0.09255697500807727,0.09255697500686824,0.17188718636747138,0.35048706903371973,0.528636735354567,0.6791530507649477,0.7988950552161673,0.8917676137754568,0.9629942570266361,1.0173519714558867,1.0587577667752794,1.0902873934057722,1.1143094600323002,1.1326308885411027,1.146623423321049,1.1573256568054482,1.1655226783454804,1.171807271743047,1.1766265231942103,1.18031711665595,1.1831319420829234,1.1852600618848055,1.186841602472508,1.1879787555548735,1.1887437715944478,1.1891845907958931,1.1893285675913017
1.1893450172153366,1.1892010234811898,1.1887601535023447,1.1879950529006253,1.1868577815464585,1.185276088965733,1.1831477832860668,1.1803327376342574,1.176641888470304,1.171822343954635,1.165537417780737,1.1573400199239925,1.1466373608641087,1.1326443436693137,1.114322365480435,1.0902996684736896,1.058769314528992,1.0173626757765624,0.9630039802953968,0.8917761968931548,0.7989023228951639,0.6791588277659378,0.5286408842304325,0.3504895673765186,0.17188826975535898,0.09255737296133655,0.09255737296099535,0.17188826975412572,0.35048956736882375,0.528640884208664,0.6791588277413836,0.7989023229112898,0.8917761969893286,0.9630039804514889,1.0173626759047751,1.0587693145217714,1.0902996683137844,1.1143223653261094,1.1326443437362643,1.146637361118499,1.157340020190856,1.1655374180250406,1.1718223440362405,1.1766418883598115,1.1803327376086339,1.1831477834220365,1.1852760891461058,1.1868577817123864,1.1879950530311596,1.1887601535891201,1.1892010235398427,1.1893450172551558
1.1893593295522698,1.189215320672931,1.1887744052719607,1.1880092291751798,1.1868718525755255,1.1852900253057657,1.1831615557160546,1.1803463167899086,1.1766552445717642,1.1718354469838437,1.1655502360688637,1.1573525189191236,1.1466495021074248,1.1326560824277474,1.1143336486928879,1.0903104323388915,1.0587794810752418,1.0173721493115524,0.9630126443784326,0.8917839129499424,0.7989089328961986,0.6791641658731574,0.5286448071262888,0.3504920210036481,0.17188942088729756,0.09255784485830874,0.0925578448584815,0.17188942088927073,0.35049202101752774,0.5286448071643679,0.6791641659139889,0.7989089329032757,0.8917839129315489,0.9630126443999549,1.0173721494142498,1.0587794812124827,1.0903104323980763,1.1143336485971105,1.1326560822773626,1.1466495021274634,1.1573525191511607,1.165550236362347,1.1718354472486248,1.1766552446016079,1.180346316615189,1.1831615557047188,1.1852900254625518,1.186871852789789,1.1880092293501707,1.1887744053470846,1.1892153206909022,1.1893593295692613
1.189371692482454,1.1892276700826026,1.1887867142800552,1.188021471218042,1.1868840014613469,1.1853020553138918,1.1831734416009048,1.1803580335435273,1.1766667678907512,1.1718467524757812,1.1655612983592945,1.1573633111334836,1.1466599941157147,1.1326662396273606,1.1143434302543012,1.0903197882938025,1.0587883489726262,1.0173804507512532,0.9630202816881251,0.891790766803928,0.7989148629031176,0.679169018550881,0.52864844017784,0.3504943606292606,0.1718905807230512,0.09255835194219707,0.09255835194247189,0.17189058072474134,0.3504943606428457,0.5286484402295677,0.6791690186285017,0.7989148629440768,0.8917907667682895,0.9630202816187442,1.0173804507489095,1.0587883491021317,1.0903197884932392,1.1143434303700193,1.1326662395385432,1.146659993907441,1.157363311095207,1.165561298609112,1.171846752805211,1.1766667681146914,1.1803580334852095,1.1831734414352328,1.1853020553342561,1.1868840016170714,1.1880214714058757,1.188786714409086,1.1892276701405293,1.189371692529181
1.1893822784474373,1.1892382440781604,1.188797252655764,1.188031950661065,1.1868943990354535,1.1853123486339383,1.1831836088561698,1.1803680539652066,1.176676621608803,1.17185641960295,1.1655707589063884,1.157372543830834,1.1466689759420097,1.1326749446415345,1.114351827357943,1.0903278385746575,1.05879600279575,1.0173876445342362,0.9630269344146924,0.8917967769059975,0.7989201073600731,0.6791733581611361,0.5286517389423413,0.35049653450128887,0.1718917031781686,0.0925588636650899,0.09255886366606547,0.17189170318227132,0.3504965345083911,0.5286517389502384,0.6791733581880967,0.7989201074085122,0.8917967769475431,0.9630269344235419,1.0173876445145273,1.0587960027889887,1.090327838663961,1.1143518275523845,1.1326749447842783,1.1466689758608302,1.157372543594666,1.1655707588316322,1.1718564198456953,1.17667662194031,1.1803680541865866,1.1831836087672014,1.185312348477433,1.1868943990268708,1.1880319508010355,1.1887972528707962,1.1892382442595044,1.1893822785730943
1.189391243629341,1.189247198853283,1.188806176412064,1.1880408230379371,1.186903200099699,1.1853210590721,1.183192210280803,1.1803765293775348,1.1766849545036646,1.1718645940037065,1.1655787586524777,1.1573803527719813,1.1466765771610925,1.1326823187822752,1.1143589507741491,1.0903346812864465,1.0588025259646447,1.0173937973277714,0.9630326503980522,0.8918019706010016,0.7989246725313707,0.6791771711797108,0.5286546740962816,0.3504985049096913,0.1718927527589089,0.09255935622295522,0.09255935622464848,0.17189275276632746,0.3504985049194892,0.5286546740801321,0.6791771711556984,0.7989246725369986,0.8918019706600772,0.963032650495245,1.0173937973852303,1.0588025259315823,1.0903346812396757,1.1143589508459937,1.1326823189855328,1.1466765773268355,1.1573803527134996,1.165578758410742,1.1718645938804244,1.1766849547420157,1.1803765297575541,1.1831922105030048,1.1853210589522736,1.186903199937205,1.188040823035846,1.188806176606989,1.1892471991255844,1.1893912438432754
1.189398727278146,1.1892546736600067,1.18881362461237,1.1880482270055446,1.1869105427529967,1.1853283241284411,1.1831993828248304,1.1803835951771,1.1766918999611424,1.1718714059257782,1.1655854248299764,1.157386861419265,1.146682915738391,1.1326884728075801,1.1143649025588764,1.0903404082509756,1.0588079982804424,1.0173989748849448,0.9630374793585854,0.8918063800536005,0.7989285724199385,0.6791804542506115,0.528657227784928,0.3505002451495426,0.17189370252178493,0.09255981130075364,0.09255981130187792,0.17189370252653738,0.35050024515951655,0.5286572277893296,0.6791804542463354,0.7989285724087151,0.8918063800656529,0.9630374794256642,1.0173989749774137,1.0588079983206573,1.0903404082185333,1.1143649025451097,1.1326884729113278,1.1466829159426453,1.1573868615895653,1.165585424803143,1.171871405704013,1.176691899826094,1.1803835954089459,1.1831993832312835,1.1853283243270405,1.1869105426115283,1.1880482268304928,1.1888136246187933,1.1892546738770378,1.1893987275309863
1.1894048511435125,1.1892607901473793,1.1888197186417249,1.1880542836975148,1.186916547879742,1.1853342646568974,1.1832052464402827,1.1803893699247119,1.1766975745438406,1.1718769704350953,1.1655908702779245,1.1573921789919337,1.1466880961251125,1.1326935054544804,1.1143697746398686,1.0903451031490305,1.0588124934425618,1.0174032391191425,0.9630414697914333,0.8918100390752942,0.7989318254943995,0.6791832108481214,0.5286593904425819,0.3505017368985958,0.17189453233922874,0.09256021501062191,0.09256021500995394,0.17189453233481006,0.35050173689368724,0.5286593904740912,0.6791832109078565,0.798931825527003,0.8918100390634229,0.9630414697869398,1.0174032391659482,1.0588124935174559,1.0903451031992841,1.1143697746498695,1.132693505469264,1.1466880962269492,1.1573921792074269,1.1655908704818905,1.1718769704524528,1.1766975743405907,1.1803893697567454,1.18320524662811,1.1853342650543222,1.1869165480473085,1.1880542835227372,1.1888197184345302,1.189260790158738,1.1894048513756093
1.1894097189735486,1.1892656518692166,1.1888245618423041,1.1880590963823638,1.1869213190136914,1.1853389837913477,1.1832099031461334,1.1803939544357716,1.1767020785043134,1.1718813865273183,1.1655951917322074,1.1573963992357417,1.146692208444031,1.1326975024504677,1.1143736473169632,1.0903488395566725,1.0588160768657777,1.017406645858981,0.9630446666180948,0.8918129805650736,0.7989344519149426,0.679185448425702,0.5286611581332734,0.350502968050832,0.17189522745918692,0.09256055700592249,0.09256055700384672,0.17189522744764743,0.3505029680318421,0.5286611581697614,0.679185448515588,0.7989344519950875,0.8918129805839837,0.9630446665881975,1.0174066458470707,1.058816076919949,1.0903488396481376,1.1143736473654695,1.13269750242954,1.1466922084445346,1.1573963993643164,1.1655951919918268,1.1718813867659725,1.1767020785227191,1.180393954206265,1.1832099029345278,1.18533898395662,1.1869213194368193,1.188059096557741,1.1888245616470137,1.1892656516989375,1.1894097189921002
1.189413416027605,1.1892693439668798,1.188828239347723,1.1880627506087809,1.1869249415705942,1.1853425659395338,1.1832134366642622,1.1803974323666448,1.176705494849592,1.1718847358905091,1.165598469092085,1.1573995998431348,1.1466953276802585,1.132700535387457,1.114376587890663,1.090351679439036,1.0588188040811721,1.0174092430980972,0.9630471092255593,0.8918152343280755,0.7989364711977467,0.6791871760814214,0.5286625304067232,0.3505039309715159,0.1718957773339664,0.09256082975888984,0.09256082975736009,0.17189577732602834,0.35050393095346843,0.5286625304102387,0.6791871761298998,0.7989364712808064,0.8918152343935415,0.9630471092318754,1.0174092430700665,1.0588188040865487,1.0903516794995713,1.1143765879528473,1.1327005354042088,1.146695327659781,1.1573995998453117,1.1655984692193797,1.1718847361639055,1.1767054951232627,1.1803974324145061,1.1832134364367053,1.1853425657254029,1.1869249417628736,1.1880627510923139,1.188828239562308,1.1892693437776924,1.1894134158181227
1.1894160087844143,1.1892719329060415,1.18883081829907,1.1880653135311436,1.1869274816904556,1.1853450768044902,1.1832159129438466,1.1803998694846092,1.1767078886345763,1.17188708246668,1.165600764934661,1.157401841825834,1.146697512927957,1.1327026608475095,1.114378649676963,1.0903536720517168,1.0588207194967882,1.0174110695961833,0.9630488298766268,0.8918168253069115,0.7989379003349865,0.6791884026782513,0.5286635085778049,0.35050462111404324,0.1718961746972916,0.09256102798994686,0.0925610279899642,0.17189617469714416,0.3505046211043706,0.5286635085480714,0.6791884026574841,0.798937900368385,0.8918168253876771,0.9630488299374457,1.0174110696013983,1.0588207194827,1.0903536720584497,1.1143786497195765,1.132702660920867,1.1466975129783485,1.1574018418087444,1.1656007649080962,1.1718870825907803,1.176707888964126,1.1803998698273206,1.1832159130331046,1.1853450765811817,1.1869274814508155,1.1880653136957515,1.1888308188408852,1.1892719331388955,1.1894160086079648
1.1894175447789856,1.1892734669991472,1.1888323470781026,1.188066832452504,1.1869289864023311,1.1853465639403409,1.1832173796659524,1.1804013130791688,1.1767093064308902,1.1718884720244722,1.1656021242275671,1.1574031692051028,1.1466988068916109,1.1327039197130606,1.114379871219564,1.0903548531175828,1.0588218555168192,1.0174121538488814,0.963049852499986,0.8918177722170934,0.7989387523596448,0.6791891354476832,0.5286640944672378,0.3505050359828434,0.17189641485671928,0.0925611482320672,0.0925611482327618,0.17189641485951979,0.3505050359839362,0.528664094438504,0.679189135392567,0.7989387523376411,0.8918177722628976,0.9630498525788622,1.0174121539180323,1.0588218555551179,1.0903548531153775,1.1143798712145585,1.1327039197775652,1.1466988070161366,1.1574031692853262,1.1656021242097752,1.1718884720110376,1.1767093065747414,1.1804013134018918,1.1832173799924883,1.185346564030025,1.1869289861343804,1.18806683215018,1.1888323472619904,1.1892734675915795,1.1894175450503457
1.1894180533918737,1.1892739756275945,1.1888328537633912,1.1880673353751716,1.186929484496256,1.1853470563766775,1.183217865525444,1.1804017913087945,1.176709775996956,1.1718889320980146,1.1656025742256015,1.157403608680488,1.1466992353788132,1.1327043366272347,1.1143802757939398,1.0903552443332498,1.0588222319351879,1.0174125133175516,0.9630501917679771,0.891818086586507,0.7989390354375687,0.6791893791292339,0.5286642895547526,0.3505051743816316,0.1718964951913447,0.09256118852441499,0.09256118852474804,0.17189649519307118,0.35050517439000817,0.5286642895422371,0.6791893790820078,0.7989390353944817,0.8918180865896939,0.9630501918253687,1.0174125134158756,1.058822232030612,1.090355244370372,1.1143802757826484,1.1327043366434921,1.1466992354886738,1.1574036088293587,1.1656025743003253,1.1718889320748733,1.176709775975959,1.1804017914189167,1.1832178658138102,1.185347056656852,1.186929484536685,1.188067335134425,1.18883285349296,1.189273975844128,1.1894180539735848
