Model: ensemble_run1_brcd700
Simulation: 792024842_0
(SimID_792024842_0 (PDE Simulation)) 
Sim time range (0.0 50.0) (saved timepoints 101) 
Number of variables 42 
Variable names ['BUB1a', 'BUB1a_pknl1', 'CPCa', 'CPCi', 'H2A', 'H3', 'H3_CPCa', 'H3_CPCi', 'H3S10rep', 'HASPINa', 'HASPINi', 'I', 'KNL1', 'NDC80', 'NDC80_TTKa', 'NDC80_TTKi', 'NDC80_pTTKa', 'NDC80_pTTKi', 'pH2A', 'pH2A_SGO1', 'pH2A_SGO1_CPCa', 'pH2A_SGO1_CPCi', 'pH3', 'pH3_CPCa', 'pH3_CPCi', 'pH3S10rep', 'pKNL1', 'pKNL1_bub1a', 'PLK1a', 'PLK1i', 'pTTKa', 'pTTKi', 'pNDC80', 'pNDC80_TTKa', 'pNDC80_TTKi', 'pNDC80_pTTKa', 'pNDC80_pTTKi', 'SGO1', 'SGO1_CPCi', 'SGO1_CPCa', 'TTKa', 'TTKi'] 
 
2D Slice for variable SGO1 at time 16.5 in plane XY at Z = 0 
 
X in rows, Y in columns 
1.5490354815209608,1.5490361056703512,1.5490379730568513,1.5490410682177065,1.549045365427647,1.5490508285236542,1.549057410656488,1.549065054120982,1.5490736901834603,1.549083238548517,1.5490936069619219,1.5491046904297585,1.5491163705449023,1.5491285146534624,1.5491409747817118,1.549153586764128,1.5491661692975065,1.5491785233492965,1.5491904322153989,1.549201662746383,1.5492119683557066,1.5492210945743057,1.549228788189224,1.5492348105971563,1.5492389554066563,1.5492410688669842,1.549241068884335,1.5492389554548802,1.5492348106759999,1.5492287882925058,1.5492210946891094,1.549211968487166,1.5492016629006402,1.5491904323823353,1.5491785235235005,1.5491661694589847,1.5491535868836803,1.5491409748497478,1.5491285146904474,1.549116370591317,1.549104690478394,1.5490936070140613,1.5490832385756568,1.5490736901396596,1.5490650540309683,1.5490574105267105,1.5490508283675852,1.5490453652032765,1.5490410678838764,1.5490379726204466,1.5490361051673955,1.5490354809914946
1.5490355196993046,1.5490361440575706,1.5490380121337552,1.5490411085004265,1.549045407365922,1.5490508725140826,1.5490574571096427,1.5490651034070277,1.5490737426346513,1.549083294437577,1.549093666512378,1.5491047538290652,1.5491164379155262,1.5491285860640016,1.5491410502383094,1.5491536661992371,1.5491662525813361,1.5491786103078637,1.5491905226311893,1.5492017563422948,1.5492120647966492,1.5492211934703475,1.5492288890964088,1.549234913037397,1.5492390588849623,1.5492411728699587,1.54924117288582,1.5492390589261131,1.5492349130932213,1.549228889150822,1.5492211935165627,1.5492120648556438,1.549201756432286,1.5491905227500504,1.549178610448744,1.5491662527113377,1.5491536662835765,1.549141050274112,1.5491285860789261,1.54911643795067,1.5491047538826372,1.5490936665970791,1.549083294519026,1.5490737426653496,1.5490651034093539,1.5490574570862876,1.549050872477478,1.549045407249066,1.5490411082769324,1.549038011814457,1.5490361436305795,1.5490355192058467
1.549035640399326,1.5490362654581047,1.5490381357031857,1.549041235665466,1.5490455394882616,1.549051010866988,1.5490576028933527,1.5490652577281505,1.5490739064793835,1.5490834686401875,1.5490938517427155,1.5491049506136945,1.5491166466169353,1.5491288068737001,1.5491412831831342,1.5491539111280639,1.5491665091516698,1.5491788779937963,1.5491908007384503,1.5492020440090861,1.5492123610016628,1.549221497051326,1.549229198755817,1.5492352273583392,1.5492393763653711,1.549241491948638,1.5492414919675401,1.549239376413156,1.5492352274156733,1.5492291987976292,1.5492214970676716,1.5492123610104944,1.5492020440311878,1.5491908007865123,1.5491788780749687,1.5491665092418583,1.5491539112006185,1.549141283233071,1.5491288069117215,1.5491166466661377,1.5491049506686116,1.5490938518226818,1.5490834687283002,1.5490739065543409,1.5490652578035264,1.5490576029438101,1.5490510108909499,1.5490455394180807,1.549041235492981,1.549038135464356,1.5490362651158334,1.5490356399486538
1.5490358618778648,1.5490364881853182,1.5490383621201131,1.5490414681072027,1.5490457802445827,1.5490512621208452,1.5490578666734984,1.549065535895135,1.5490742006608427,1.5490837802433306,1.5490941819098596,1.5491053002204813,1.5491170162883348,1.5491291969332643,1.549141693658062,1.54915434175048,1.5491669593547117,1.5491793469062671,1.5491912871925726,1.5492025465596118,1.5492128779291519,1.549222026389363,1.549229738325393,1.5492357747870238,1.5492399291198422,1.5492420473891972,1.5492420473998332,1.549239929143885,1.5492357748108623,1.5492297383302889,1.549222026361652,1.5492128778806054,1.5492025465157868,1.5491912871754812,1.5491793469279533,1.5491669594002349,1.549154341796891,1.5491416936983078,1.5491291969797083,1.5491170163679289,1.54910530032052,1.5490941820186928,1.5490837803451571,1.5490742007558609,1.5490655360128205,1.5490578667989074,1.5490512622273118,1.5490457802594018,1.5490414680067242,1.5490383619371741,1.5490364879312903,1.5490358615362787
1.5490362146484333,1.5490368427044836,1.5490387218541204,1.549041836438472,1.5490461604181722,1.5490516572308828,1.5490582795902335,1.549065969266267,1.5490746568085285,1.549084261161544,1.549094689226757,1.5491058351606535,1.549117579714959,1.5491297893099452,1.5491423150362225,1.5491549917486955,1.5491676371576786,1.5491800512703389,1.5491920164510837,1.5492032986595476,1.5492136504443206,1.5492228165367494,1.5492305430073845,1.5492365906343812,1.54924075253572,1.5492428746222617,1.5492428746215599,1.549240752527488,1.5492365906158798,1.5492305429723725,1.5492228164724868,1.549213650360663,1.5492032985778912,1.549192016384989,1.5491800512335818,1.5491676371544272,1.5491549917670413,1.5491423150708414,1.5491297893641733,1.549117579800805,1.549105835261974,1.5490946893346342,1.5490842612809559,1.5490746569281875,1.5490659694101785,1.5490582797519588,1.5490516573681437,1.5490461604912564,1.5490418364234912,1.5490387217649173,1.5490368425658239,1.5490362144443068
1.5490367414066721,1.5490373717355637,1.5490392576871426,1.5490423835374594,1.5490467230716192,1.5490522395024793,1.549058885223869,1.54906660169955,1.5490753190871276,1.5490849559053832,1.5490954185978607,1.5491066007980752,1.5491183827402895,1.5491306303012728,1.549143194034725,1.5491559082392559,1.5491685900641063,1.5491810389669267,1.5491930367632458,1.5492043488953797,1.5492147274261372,1.5492239166276625,1.5492316621513091,1.5492377244142945,1.549241896239072,1.5492440233328137,1.549244023320878,1.549241896200062,1.5492377243583986,1.5492316620879525,1.5492239165509707,1.5492147273470285,1.5492043488265592,1.5491930367070765,1.5491810389337282,1.5491685900596242,1.5491559082484978,1.5491431940561489,1.5491306303382184,1.549118382799699,1.5491066008687058,1.5490954186789971,1.549084956020923,1.5490753192099342,1.5490666018417043,1.549058885384141,1.5490522396400266,1.549046723169431,1.5490423835730442,1.5490392576570018,1.5490373716536132,1.5490367412715247
1.549037496733999,1.5490381299239184,1.549040024409923,1.5490431643691447,1.5490475233808203,1.5490530643844427,1.5490597393930698,1.5490674894537098,1.5490762442395924,1.549085921729688,1.54909642778561,1.5491076554166936,1.549119484210412,1.5491317793513897,1.54914439070276,1.5491571518598215,1.5491698792664337,1.5491823716947926,1.5491944102920796,1.5492057598571203,1.549216171839559,1.549225389940516,1.5492331592907156,1.5492392398553827,1.5492434240909791,1.5492455574514532,1.5492455574325408,1.5492434240329378,1.5492392397762702,1.5492331592084854,1.5492253898497175,1.5492161717455224,1.5492057597648992,1.5491944102034856,1.5491823716258153,1.54916987922998,1.5491571518422846,1.54914439070181,1.5491317793686321,1.5491194842595812,1.5491076554964558,1.5490964278816814,1.5490859218592308,1.5490762443709292,1.5490674895992413,1.5490597395643384,1.549053064555809,1.5490475235246142,1.5490431644570473,1.5490400244352653,1.5490381299013618,1.5490374966777571
1.5490385472525556,1.5490391839297128,1.5490410888294117,1.5490442459877938,1.5490486287256275,1.549054199630843,1.5490609102809352,1.5490687012091715,1.5490775015082188,1.5490872285152486,1.5490977873627123,1.5491090702923038,1.549120956097057,1.5491333091246693,1.5491459783970594,1.549158796657108,1.5491715794953587,1.549184124839792,1.5491962130245807,1.5492076080731103,1.549218060692696,1.5492273138933372,1.5492351121796057,1.5492412149697006,1.5492454142774548,1.5492475552503644,1.5492475552255796,1.5492454142042926,1.549241214874494,1.5492351120897143,1.5492273138034705,1.5492180605977683,1.5492076079641635,1.5491962128956114,1.5491841247124016,1.5491715794084868,1.5491587966219313,1.5491459784093797,1.549133309160037,1.5491209561460888,1.5491090703579604,1.5490977874394771,1.5490872286355752,1.5490775016529792,1.5490687013772784,1.549060910460535,1.5490541998042948,1.5490486288822753,1.5490442461166747,1.549041088923396,1.5490391839971334,1.549038547296423
1.549039971469256,1.5490406123215936,1.5490425296664267,1.549045707355559,1.5490501184238141,1.5490557250319668,1.5490624782454359,1.5490703179760008,1.549079172605401,1.5490889587122756,1.5490995805653338,1.5491109294941026,1.5491228833336304,1.549135305433676,1.5491480438079335,1.5491609301783922,1.5491737791264815,1.5491863875734784,1.5491985348767339,1.5492099841308091,1.5492204851614375,1.5492297801599475,1.5492376128945973,1.549243742141091,1.5492479593927027,1.5492501094340665,1.549250109410865,1.5492479593231636,1.549243742050506,1.5492376128098773,1.5492297800713815,1.5492204850559828,1.5492099839942197,1.5491985347007027,1.5491863873825003,1.5491737789760036,1.5491609301000906,1.5491480438121104,1.5491353054996324,1.5491228834291266,1.5491109295984362,1.5490995806585457,1.5490889588273906,1.5490791727387798,1.5490703181348082,1.5490624784129234,1.54905572518896,1.549050118579864,1.5490457075171695,1.5490425298203432,1.5490406124754477,1.5490399716081615
1.5490418595626863,1.5490425053463412,1.5490444373692387,1.5490476392503572,1.549052083689232,1.5490577323468937,1.5490645356907906,1.5490724329134211,1.5490813515539998,1.549091207281477,1.549101903339584,1.5491133299835056,1.5491253639126963,1.5491378673059335,1.5491506869954434,1.5491636534997142,1.5491765802131532,1.549189262876751,1.5492014796997406,1.5492129926793201,1.54922355060487,1.5492328947077976,1.5492407678971474,1.549246928202062,1.549251166513431,1.5492533271950395,1.549253327170054,1.5492511664372741,1.5492469280994918,1.5492407677982367,1.5492328946057305,1.5492235504851193,1.5492129925257587,1.549201479501756,1.5491892626594568,1.5491765800373742,1.549163653399038,1.5491506869808485,1.549137867367618,1.5491253640141194,1.549113330095994,1.5491019034408633,1.5490912074063115,1.5490813516910065,1.5490724330621388,1.5490645358519,1.5490577324909993,1.5490520838390256,1.5490476394319848,1.5490444375698285,1.5490425055820702,1.5490418597977627
1.5490443132977978,1.5490449648263005,1.5490469139641727,1.5490501440746225,1.5490546274604624,1.549060325200902,1.5490671870465809,1.549075151340849,1.5490841446478545,1.5490940815736398,1.5491048641686895,1.5491163814371083,1.5491285087446534,1.5491411068968006,1.5491540213468706,1.5491670812150677,1.5491800985124298,1.5491928676061233,1.5492051653717929,1.5492167525276879,1.5492273766583153,1.5492367778826015,1.5492446981168526,1.5492508945301693,1.5492551573229607,1.5492573303751949,1.5492573303527022,1.5492551572493893,1.5492508944212326,1.5492446980007275,1.5492367777620768,1.5492273765316633,1.5492167523874834,1.5492051651990333,1.5491928674071378,1.5491800983361184,1.5491670810961997,1.5491540213003792,1.5491411069263195,1.5491285088225248,1.5491163815401945,1.5491048642698932,1.5490940817038885,1.549084144787814,1.5490751514670629,1.5490671871868555,1.5490603253312658,1.5490546276194888,1.5490501442891085,1.5490469142113665,1.5490449651230336,1.5490443135952867
1.5490474457991341,1.549048103980673,1.5490500729412233,1.5490533357503506,1.549057864245497,1.5490636188481792,1.5490705484814535,1.5490785904870619,1.549087670292559,1.5490977012607297,1.5491085840609382,1.5491202062518907,1.5491324416569676,1.5491451494879047,1.5491581735902542,1.5491713414653252,1.549184463524222,1.5491973325472823,1.5492097238734313,1.5492213967458974,1.5492320973604274,1.5492415645555515,1.5492495391066117,1.5492557771953641,1.5492600682347393,1.549262255555101,1.5492622555335689,1.5492600681621003,1.5492557770805837,1.5492495389735366,1.5492415644119548,1.549232097217139,1.5492213966177675,1.5492097237496394,1.5491973324159332,1.549184463399406,1.549171341357971,1.5491581735080722,1.5491451494532449,1.549132441674765,1.5491202063266336,1.5491085841483232,1.5490977013673788,1.549087670417706,1.549078590598679,1.5490705486267353,1.5490636190044849,1.5490578644422857,1.5490533359939958,1.5490500732014958,1.549048104281228,1.5490474460914438
1.549051381275442,1.5490520471178613,1.549054038922798,1.549057339431384,1.5490619199277014,1.5490677400699735,1.5490747478324882,1.5490828793971207,1.5490920588793287,1.5491021981962427,1.5491131964250253,1.5491249394549547,1.5491372993339005,1.5491501334433284,1.5491632837680795,1.5491765759401084,1.5491898185239827,1.5492028024741487,1.5492153013654197,1.5492270727517852,1.5492378612414197,1.5492474042123365,1.5492554411395345,1.54926172707867,1.549266050545758,1.5492682542442338,1.5492682542239504,1.5492660504797546,1.5492617269763929,1.5492554410239978,1.549247404089347,1.5492378611142068,1.5492270726411117,1.5492153012709056,1.5492028023886144,1.5491898184477912,1.5491765758620049,1.5491632836780225,1.5491501333675035,1.5491372992943278,1.5491249394829485,1.5491131964801825,1.5491021982586466,1.5490920589707253,1.5490828794913571,1.5490747479925666,1.5490677402704245,1.5490619201766969,1.5490573397124903,1.549054039194098,1.5490520473973195,1.5490513815222389
1.549056254852024,1.5490569294885885,1.549058947521174,1.5490622913114134,1.5490669315080297,1.5490728268916996,1.5490799243482938,1.5490881587245295,1.5490974526250596,1.5491077162893796,1.5491188469661856,1.5491307286238705,1.5491432312704214,1.5491562101923524,1.5491695052356913,1.5491829398857553,1.5491963205845878,1.5492094361947693,1.549222058271683,1.54923394243935,1.549244831495128,1.549254461155931,1.5492625694210924,1.549268910071311,1.5492732706096264,1.5492754930315975,1.5492754930171744,1.5492732705643686,1.549268910000693,1.5492625693417232,1.549254461068871,1.549244831394249,1.5492339423496957,1.5492220581987477,1.5492094361372843,1.5491963205404597,1.5491829398323573,1.5491695051528263,1.5491562101116418,1.5491432312094704,1.5491307286099498,1.5491188469798218,1.5491077163016362,1.5490974526743164,1.5490881587999248,1.5490799245227562,1.5490728271356535,1.549066931801151,1.5490622916132701,1.5490589477753094,1.5490569297080328,1.5490562550132105
1.5490622121818467,1.5490628968863691,1.54906494495266,1.549068338302314,1.5490730468468574,1.5490790283583307,1.5490862284758047,1.549094580521678,1.5491040053731913,1.5491144113309694,1.5491256935437745,1.549137733774533,1.5491503996942857,1.5491635441948173,1.5491770046713924,1.5491906021535078,1.5492041406514223,1.5492174066404267,1.5492301693722974,1.5492421822731104,1.5492531860795458,1.5492629146244072,1.5492711042365965,1.549277507258603,1.5492819100515174,1.5492841538116862,1.5492841538029514,1.5492819100315174,1.5492775072347449,1.549271104218222,1.5492629145981847,1.5492531860180478,1.5492421822022466,1.5492301693071453,1.5492174065897557,1.5492041406202697,1.5491906021171082,1.5491770045970217,1.5491635441162996,1.5491503996352385,1.549137733745415,1.5491256935360487,1.5491144113162614,1.5491040054018197,1.5490945805925085,1.5490862286550926,1.5490790286162046,1.5490730471427445,1.5490683385853286,1.5490649451634222,1.5490628970375755,1.549062212268626
1.5490694091706558,1.549070105370329,1.5490721877412326,1.549075637706547,1.5490804243290095,1.5490865042214317,1.5490938215872518,1.5491023080071458,1.5491118823902776,1.5491224508139387,1.549133906021336,1.5491461272433908,1.5491589794775453,1.5491723128801929,1.5491859620452815,1.549199745201284,1.5492134635817654,1.5492269009457151,1.549239823924567,1.5492519834469174,1.549263117906286,1.549272958999257,1.5492812411653736,1.5492877151321685,1.549292165981887,1.549294434011199,1.549294434009385,1.5492921659867034,1.5492877151457158,1.5492812411927879,1.549272959024714,1.549263117888468,1.549251983407383,1.5492398238786673,1.5492269009017718,1.549213463551797,1.5491997451731383,1.5491859619800263,1.549172312798861,1.5491589794185667,1.5491461272165978,1.5491339060211462,1.5491224508116763,1.5491118824362282,1.5491023080952195,1.5490938217585053,1.5490865044532314,1.5490804245770684,1.5490756379245354,1.5490721878783826,1.549070105444871,1.5490694092018642
1.5490780115273841,1.5490787208340542,1.549080842323597,1.5490843568521255,1.549089232513247,1.5490954245941733,1.5491028756472935,1.5491115152619164,1.5491212601011888,1.5491320137045228,1.5491436660711508,1.5491560935304247,1.5491691580243327,1.5491827065852273,1.549196570608662,1.5492105651317083,1.5492244882229025,1.5492381205558696,1.5492512257890263,1.5492635520235152,1.5492748349972927,1.5492848039883564,1.5492931912958512,1.5492997458284878,1.5493042512382453,1.5493065468191516,1.5493065468314597,1.5493042512813415,1.5492997458819768,1.5492931913522958,1.549284804039684,1.5492748350081234,1.549263552018635,1.5492512257813102,1.54923812054026,1.5492244881996142,1.5492105650962031,1.5491965705379644,1.5491827064943915,1.5491691579602513,1.5491560935144255,1.549143666103357,1.549132013751673,1.54912126019855,1.5491115153870485,1.5491028758035181,1.549095424767501,1.5490892326690187,1.5490843569641843,1.5490808423624793,1.5490787208298096,1.5490780115257128
1.5490881943006078,1.5490889185343486,1.5490910845766264,1.5490946726367103,1.5490996497056382,1.549105969557443,1.5491135728487606,1.549122386896262,1.5491323257972343,1.549143290197326,1.5491551669726673,1.5491678291346043,1.5491811351394396,1.549194928454927,1.5492090368318492,1.5492232716745358,1.5492374274478509,1.5492512813209838,1.549264593579984,1.5492771091287845,1.5492885607042917,1.5492986748557167,1.5493071814640156,1.549313827387904,1.5493183946724474,1.549320721487869,1.5493207215095448,1.5493183947433036,1.549313827471083,1.5493071815410784,1.549298674924147,1.5492885607362614,1.5492771091513562,1.5492645936043143,1.5492512813346273,1.5492374274418312,1.5492232716369034,1.5492090367550286,1.5491949283624593,1.5491811350791977,1.549167829135943,1.5491551670448154,1.5491432903036866,1.5491323259514833,1.5491223870575193,1.5491135729809637,1.549105969654125,1.5490996497497274,1.5490946726328823,1.5490910845239958,1.5490889184743388,1.5490881942963122
1.5491001413463137,1.5491008825670805,1.5491030993075168,1.5491067710310698,1.5491118634773389,1.5491183286993608,1.5491261051814547,1.5491351176500778,1.5491452772720162,1.5491564813951881,1.5491686133436162,1.5491815423408293,1.5491951228729708,1.5492091943436355,1.5492235803565377,1.5492380881842795,1.5492525081933914,1.5492666135733442,1.549280160785827,1.5492928911197603,1.5493045339248068,1.5493148126740264,1.5493234545216605,1.549330204020506,1.5493348414156736,1.5493372036185546,1.5493372036517352,1.5493348415183796,1.5493302041352155,1.54932345461717,1.5493148127528078,1.5493045339695308,1.5492928911612676,1.5492801608290006,1.5492666135963333,1.5492525081970763,1.5492380881587215,1.5492235802953713,1.5492091942763546,1.54919512284314,1.5491815423738649,1.5491686134536644,1.5491564815457972,1.5491452774596792,1.5491351178214512,1.549126105269358,1.5491183287096608,1.5491118634151868,1.549106770930409,1.5491030991942016,1.5491008824915993,1.549100141371211
1.5491140446868867,1.5491148052245114,1.5491170796169038,1.5491208464648805,1.549126070081669,1.5491327005659508,1.549140673921708,1.5491499119274492,1.5491603224045387,1.5491717989436264,1.5491842208276911,1.5491974529611383,1.5492113453150902,1.549225732664226,1.5492404339007761,1.5492552516021212,1.5492699714792963,1.5492843622017036,1.549298175892969,1.549311149751852,1.5493230093092383,1.5493334745754863,1.54934226963399,1.5493491364407992,1.5493538532206523,1.549356255479293,1.5493562555202103,1.5493538533458007,1.5493491365774748,1.549342269743634,1.5493334746635081,1.5493230093597659,1.5493111497979364,1.549298175942272,1.5492843622213963,1.5492699714839706,1.549255251602887,1.5492404338890335,1.549225732659649,1.5492113453485514,1.5491974530416601,1.549184220965723,1.549171799104085,1.5491603225801438,1.5491499120674692,1.5491406739404363,1.5491327004881204,1.5491260699372063,1.549120846310974,1.5491170794974678,1.5491148051876955,1.5491140447738507
1.5491301037980707,1.549130886284879,1.5491332261920858,1.549137101130358,1.549142473782437,1.5491492920230443,1.54915748903122,1.5491669832359503,1.5491776786437241,1.5491894645676354,1.5492022156926246,1.5492157920018224,1.5492300383353859,1.5492447841989176,1.5492598431363833,1.5492750123930603,1.549290072399986,1.549304786696709,1.5493189024880574,1.54933215233756,1.5493442574662686,1.5493549339870312,1.5493639025346924,1.5493709021502022,1.5493757087868414,1.5493781563704476,1.5493781564064983,1.5493757089049263,1.5493709022805373,1.5493639026427852,1.5493549340818105,1.5493442575214686,1.5493321523761956,1.5493189025336234,1.5493047867205658,1.549290072420729,1.549275012439638,1.549259843199606,1.5492447842785988,1.5492300384448634,1.5492157921286898,1.5492022158399037,1.5491894646997184,1.5491776787597071,1.5491669833072215,1.5491574889678896,1.5491492918703487,1.5491424735906356,1.5491371009729602,1.549133226121485,1.5491308863267073,1.549130103958717
1.5491485247487353,1.5491493321591279,1.5491517464666695,1.5491557441557238,1.549161286049673,1.54916831748849,1.5491767684360471,1.54918655351774,1.549197572393808,1.549209709513,1.549222834330444,1.5492368012279922,1.5492514492179688,1.5492666018110435,1.5492820664814715,1.5492976344188563,1.5493130800703896,1.5493281611585097,1.5493426193182445,1.5493561818616606,1.5493685651414655,1.5493794808745627,1.5493886458173676,1.549395795743535,1.5494007040612696,1.5494032029245013,1.5494032029472151,1.5494007041484834,1.5493957958368039,1.5493886458888546,1.5493794809455195,1.5493685651906905,1.5493561818983388,1.5493426193738502,1.5493281612149377,1.5493130801432777,1.5492976345356586,1.549282066628588,1.549266601968591,1.5492514493857115,1.5492368013743647,1.5492228344553995,1.5492097095832824,1.549197572416773,1.5491865535009997,1.5491767682989857,1.549168317296964,1.5491612858616914,1.5491557440421193,1.5491517464773559,1.5491493322814731,1.5491485249563122
1.5491695191884212,1.549170354883947,1.549172853630581,1.5491769906365422,1.549182724614369,1.5491899980175048,1.5491987371522278,1.5492088523243892,1.5492202382463975,1.5492327738423344,1.5492463226228144,1.5492607326027257,1.549275836177864,1.5492914500414123,1.549307374779724,1.5493233947044676,1.5493392774828758,1.5493547742418703,1.5493696203116811,1.5493835370572544,1.5493962353339874,1.5494074219016996,1.5494168091497753,1.5494241291829336,1.5494291525526267,1.5494317094274348,1.5494317094276533,1.549429152581736,1.5494241292086233,1.5494168091579035,1.5494074219247573,1.5493962353665667,1.5493835371033662,1.5493696204031262,1.5493547743624065,1.5493392776415638,1.5493233949106473,1.549307375004156,1.5492914502469952,1.5492758363626942,1.5492607327258743,1.5492463226867474,1.5492327738276237,1.5492202381695712,1.5492088522331118,1.5491987369777296,1.5491899978415462,1.5491827244902643,1.5491769906022432,1.5491728537207188,1.5491703550493827,1.5491695193853352
1.5491933031384657,1.5491941709170134,1.5491967654397631,1.5492010604693371,1.5492070123310073,1.5492145601992324,1.5492236262241574,1.5492341158062042,1.5492459180289717,1.5492589055491688,1.5492729351259564,1.5492878475476664,1.549303467702618,1.5493196045369084,1.5493360508194631,1.5493525830490928,1.549368961209281,1.5493849289516228,1.5494002144703782,1.5494145323958093,1.5494275873696666,1.5494390805584626,1.5494487194344118,1.549456231982524,1.5494613855445645,1.549464008059376,1.5494640080354571,1.5494613855041444,1.5494562319282998,1.5494487193760107,1.5494390805358795,1.5494275873850405,1.5494145324535562,1.5494002146124142,1.5493849291536386,1.5493689614658805,1.5493525833442465,1.5493360511010366,1.549319604751835,1.5493034678588191,1.5492878476118839,1.54927293510334,1.549258905443975,1.549245917868923,1.5492341156804679,1.5492236260716563,1.5492145600989546,1.5492070123204003,1.5492010605272928,1.5491967655746752,1.5491941710654942,1.5491933032638414
1.549220095540916,1.549220999689836,1.5492237027823765,1.549228176940615,1.5492343757943392,1.5492422348033643,1.5492516714062956,1.5492625854392887,1.5492748595899157,1.5492883594122282,1.54930293400242,1.549318415957072,1.5493346216519257,1.5493513512407004,1.5493683886226228,1.5493855014228628,1.549402440908818,1.5494189422561684,1.5494347255787737,1.5494494978845201,1.5494629567896026,1.5494747971416785,1.549484720866993,1.5494924513183823,1.5494977522281803,1.5495004490298263,1.549500448988067,1.5494977521292121,1.549492451196688,1.549484720755491,1.5494747970937672,1.5494629568084295,1.5494494979616429,1.549434725769309,1.5494189425267098,1.549402441237604,1.549385501774752,1.5493683889283847,1.5493513514336346,1.549334621746767,1.5493184159452165,1.5493029338930822,1.549288359239008,1.5492748593871766,1.549262585330519,1.549251671335685,1.5492422348191732,1.5492343759078253,1.5492281770680687,1.549223702905635,1.5492209997623854,1.5492200955574016
1.5492501165025816,1.5492510618516462,1.5492538879279587,1.5492585649920574,1.5492650436292723,1.5492732550991357,1.5492831115144796,1.5492945064148922,1.5493073152365342,1.5493213954951957,1.5493365875963683,1.549352714860805,1.549369584016327,1.5493869852505582,1.5494046924039255,1.5494224630321434,1.549440038511308,1.54945714440199,1.5494734916541284,1.5494887786399212,1.5495026950260329,1.5495149285157037,1.5495251747730947,1.5495331519322981,1.5495386196577763,1.5495414005603476,1.5495414005056058,1.5495386195178507,1.5495331517764808,1.5495251746424663,1.5495149284727683,1.5495026950745678,1.5494887787436178,1.5494734918720867,1.549457144700515,1.5494400388613399,1.5494224633907345,1.549404692694379,1.5493869854029687,1.5493695840397623,1.5493527147766475,1.54933658742007,1.5493213952963778,1.5493073150519516,1.5492945063759136,1.549283111563266,1.5492732552314745,1.5492650438257989,1.5492585651322461,1.5492538879856066,1.5492510618218653,1.5492501164191645
1.5492835851640039,1.5492845771369321,1.5492875423916617,1.5492924490843247,1.5492992443617457,1.5493078547413153,1.549318186333248,1.549330125573622,1.549343539704108,1.5493582771625138,1.5493741685117242,1.5493910265825397,1.5494086471749096,1.5494268091931427,1.5494452750733094,1.5494637909521891,1.5494820869777322,1.5494998778020839,1.5495168639720167,1.5495327340609026,1.5495471687215292,1.549559847560824,1.549570459157303,1.5495787157531646,1.5495843724198968,1.5495872485869098,1.5495872485267321,1.549584372260676,1.5495787155983927,1.5495704590436103,1.5495598475478949,1.5495471688138622,1.5495327341946783,1.5495168641965613,1.5494998780861187,1.5494820872934314,1.5494637912644573,1.5494452753054178,1.5494268092905878,1.5494086471375028,1.549391026456479,1.5493741683116848,1.5493582769881575,1.5493435395977977,1.5493301256404646,1.5493181864985854,1.5493078549480725,1.5492992445697014,1.54929244917466,1.5492875423581653,1.5492845770252899,1.5492835850316735
1.5493207170813939,1.54932176174508,1.549324884302046,1.5493300505459293,1.5493372037501845,1.5493462650910412,1.5493571339344159,1.5493696887286161,1.549383787491438,1.5493992684397253,1.5494159510157803,1.549433636208388,1.5494521074515841,1.549471130890535,1.5494904560373748,1.5495098160862661,1.5495289284336318,1.5495474953458475,1.549565205545426,1.549581736469013,1.5495967585257797,1.54960994212042,1.549620967787394,1.5496295410921108,1.549635411897769,1.549638396047967,1.549638395998928,1.5496354117522213,1.5496295409680314,1.549620967714945,1.5496099421531997,1.5495967586639496,1.5495817366290758,1.5495652057576847,1.549547495578953,1.5495289286623244,1.5495098163080692,1.5494904561830019,1.5494711309291789,1.5494521073762522,1.5494336360837915,1.54941595085307,1.549399268341158,1.549383787501368,1.549369688901197,1.5493571341656998,1.54934626529635,1.5493372038998796,1.5493300505560834,1.5493248842004141,1.549321761613363,1.5493207169682033
1.5493617209870034,1.549362825095847,1.5493661251346234,1.5493715842650997,1.5493791414244935,1.5493887118013716,1.5494001872150975,1.5494134371651243,1.5494283093321104,1.5494446304701741,1.549462207504607,1.5494808280928916,1.549500261699961,1.5495202600589342,1.5495405580424362,1.5495608741778377,1.5495809113754946,1.5496003578215813,1.5496188887743323,1.5496361689824933,1.5496518571784228,1.549665613270261,1.5496771086230348,1.5496860412045885,1.5496921549367166,1.5496952615966848,1.5496952615749922,1.5496921548406353,1.549686041144215,1.5496771086136727,1.5496656133575757,1.5496518573552038,1.5496361691533171,1.549618888950386,1.549600357975801,1.5495809114753907,1.5495608742723583,1.5495405580867856,1.549520260049259,1.5495002616258318,1.5494808280187442,1.5494622074417628,1.5494446304883376,1.549428309458674,1.5494134374009807,1.5494001874347767,1.5493887119277674,1.5493791414776368,1.549371584212681,1.54936612502641,1.5493628250156553,1.5493617209434394
1.5494067947515557,1.5494079657788726,1.549411465621582,1.5494172545287939,1.5494252666269293,1.5494354104430796,1.54944756940478,1.5494616030376498,1.5494773474990544,1.5494946167491586,1.5495132036942927,1.549532881042421,1.5495534025263837,1.5495745036278759,1.5495959026498773,1.549617301492904,1.5496383865964154,1.549658830110203,1.5496782919217955,1.5496964222790148,1.5497128665518278,1.5497272726202582,1.549739301337583,1.5497486419768691,1.5497550316497788,1.549758277482249,1.5497582774973249,1.5497550316343978,1.5497486420214834,1.5497393014199692,1.54972727276759,1.5497128667559896,1.5496964224380818,1.5496782920281675,1.5496588301579066,1.5496383865422394,1.549617301436107,1.5495959025870827,1.5495745035852277,1.5495534025042879,1.5495328810734104,1.5495132037806392,1.5494946169025674,1.5494773477066932,1.5494616032654027,1.5494475695418775,1.5494354104482198,1.5494252665891552,1.549417254461374,1.5494114655675797,1.5494079657911157,1.5494067947871495
1.5494561203415937,1.54945736648286,1.549461090605605,1.5494672497574633,1.5494757727829471,1.5494865608746784,1.5494994882129327,1.5495144032939054,1.549531129524837,1.549549466677242,1.5495691920566192,1.549590061688908,1.5496118116641848,1.5496341591827827,1.5496568038224687,1.549679428629006,1.5497017012888465,1.5497232756367332,1.5497437939462535,1.5497628898164322,1.5497801932457442,1.5497953382542051,1.54980797356522,1.5498177784147618,1.5498244820604465,1.5498278862719128,1.5498278863298438,1.5498244821489395,1.549817778594793,1.5498079737629724,1.5497953384638412,1.5497801934632496,1.5497628899384601,1.5497437939464898,1.5497232755469774,1.5497017010750507,1.5496794284289908,1.549656803676856,1.5496341591275329,1.5496118117272122,1.5495900618555498,1.5495691922994714,1.5495494669482877,1.5495311297668923,1.5495144034572743,1.5494994882420348,1.5494865607723822,1.5494757726926613,1.5494672497122526,1.5494610906204354,1.549457366573528,1.549456120428247
1.5495098575208566,1.5495111876478702,1.5495151625588957,1.5495217358200837,1.5495308305468654,1.5495423399619643,1.5495561281837094,1.549572031651493,1.5495898598149511,1.5496093968517526,1.5496304028546284,1.5496526153566945,1.5496757507747532,1.549699505811332,1.5497235589241147,1.549747571772915,1.5497711906552663,1.5497940484152957,1.5498157670425357,1.5498359609013481,1.5498542421778032,1.5498702287963648,1.5498835553818613,1.5498938894690915,1.5499009511678716,1.549904536025614,1.5499045361254844,1.549900951360215,1.5498938897744106,1.5498835556886725,1.5498702290551434,1.5498542423824555,1.549835960959185,1.549815766924843,1.549794048187894,1.5497711903104536,1.5497475714665299,1.5497235587435023,1.5496995057710954,1.5496757509257952,1.5496526156471457,1.549630403208459,1.5496093971807616,1.549589860048413,1.5495720317380828,1.5495561281381813,1.5495423398144166,1.5495308304550273,1.5495217358042568,1.5495151626031898,1.5495111877598617,1.549509857615371
1.5495681359937186,1.5495695595359276,1.549573813441594,1.549580847559719,1.5495905788920947,1.5496028921482738,1.5496176406859468,1.5496346479812866,1.549653708438038,1.549674589317824,1.5496970319444336,1.549720753536125,1.5497454487383415,1.549770791376159,1.5497964361438952,1.5498220204388637,1.5498471661055617,1.5498714818218375,1.549894566072567,1.5499160108247083,1.5499354074356246,1.5499523549397132,1.5499664714135315,1.549977410609591,1.5499848818598987,1.5499886733870323,1.5499886735105755,1.5499848821186397,1.5499774109790483,1.5499664717749977,1.549952355201497,1.5499354075872187,1.5499160107934282,1.549894565858339,1.549871481511559,1.5498471657181232,1.5498220201036261,1.5497964359857204,1.549770791375756,1.5497454489427898,1.5497207538840714,1.549697032321184,1.5496745896252773,1.549653708637686,1.5496346480252827,1.5496176406386344,1.5496028920307663,1.5495905788370643,1.549580847561134,1.5495738134650858,1.549569559620661,1.5495681360811324
1.5496310456273563,1.5496325723486726,1.549637134503014,1.5496446780821413,1.5496551137243104,1.5496683172657209,1.5496841308327465,1.5497023642888041,1.549722796173133,1.5497451757468212,1.5497692242100038,1.549794636755462,1.549821084178679,1.5498482149332153,1.5498756570561922,1.5499030204105748,1.5499298987990482,1.5499558729152951,1.5499805137927476,1.5500033870594243,1.55002405945334,1.5500421075641018,1.5500571297868897,1.5500687634335213,1.5500767049808069,1.550080733901185,1.5500807340123568,1.5500767052350988,1.5500687637648205,1.55005713009991,1.5500421077452893,1.5500240595163997,1.55000338694529,1.5499805135383453,1.5499558726106302,1.5499298984851797,1.5499030201504465,1.549875656974894,1.549848214987632,1.5498210843810023,1.5497946370601807,1.5497692245095824,1.549745175963891,1.5497227963275177,1.5497023643329257,1.549684130846714,1.549668317230062,1.549655113722765,1.5496446780975899,1.5496371344968636,1.5496325724057076,1.549631045737142
1.549698624337919,1.5497002639641568,1.5497051635623487,1.549713265283935,1.549724473399291,1.5497386548416674,1.5497556404386128,1.549775226251908,1.54979717463008,1.5498212162231295,1.5498470511822409,1.5498743512799336,1.5499027615546592,1.5499319025723124,1.5499613725848975,1.5499907501897945,1.5500195968985884,1.5500474607598873,1.5500738804369927,1.5500983902117438,1.5501205273368939,1.5501398413647434,1.5501559069220023,1.55016834140152,1.5501768257165358,1.550181128733031,1.5501811287937537,1.5501768258882058,1.5501683415833039,1.550155907074871,1.550139841372562,1.5501205272839442,1.5500983900517538,1.5500738802301852,1.5500474605672205,1.5500195967519355,1.5499907500843848,1.5499613726004933,1.5499319026634244,1.5499027616961316,1.549874351454102,1.549847051337743,1.549821216320592,1.5497971747370232,1.5497752263079039,1.5497556405161097,1.5497386548842393,1.5497244734407911,1.54971326532802,1.5497051635769963,1.549700264046392,1.54969862451435
1.5497708431874564,1.5497726048135123,1.5497778692281448,1.549786574995154,1.5497986204089789,1.5498138640149057,1.5498321259393821,1.549853189022832,1.5498767999270033,1.5499026709156398,1.5499304809403371,1.5499598775920138,1.5499904786625727,1.5500218744510026,1.5500536301129337,1.5500852887181287,1.5501163743883728,1.5501463967312687,1.5501748557895352,1.5502012480255913,1.550225074826217,1.5502458526592517,1.5502631269653746,1.5502764905935995,1.5502856052813603,1.5502902268212055,1.550290226807599,1.550285605312088,1.5502764905437327,1.5502631268988498,1.550245852460214,1.550225074659883,1.550201247860692,1.5501748556938917,1.5501463967276123,1.550116374444861,1.5500852887964756,1.550053630215718,1.5500218745353775,1.5499904786991379,1.5499598775965249,1.5499304809368704,1.5499026709024495,1.5498767999935923,1.5498531890824787,1.549832126039328,1.549813864096963,1.5497986204735594,1.5497865750889037,1.54977786934166,1.5497726050084892,1.5497708434714257
1.549847588246786,1.549849479423175,1.5498551314958542,1.5498644800417403,1.549877418368471,1.5498937979864913,1.549913429959787,1.5499360857105684,1.5499614980525735,1.549989362465349,1.5500193378527554,1.5500510479818357,1.5500840827169189,1.5501180001039139,1.550152328803636,1.5501865714852918,1.550220208677153,1.5502527042040872,1.5502835113697997,1.5503120802927388,1.5503378679771609,1.5503603496968261,1.5503790344034833,1.550393484172848,1.5504033366907677,1.5504083313250618,1.5504083312373482,1.5504033365700973,1.550393483875523,1.5503790341259904,1.5503603493334193,1.5503378677504054,1.5503120801788162,1.5502835113995228,1.550252704395091,1.5502202089009935,1.5501865717086418,1.550152328958053,1.5501180001395785,1.5500840826408893,1.5500510478473817,1.5500193377389004,1.5499893623846868,1.5499614980895597,1.5499360857609312,1.5499134300400323,1.5498937980795298,1.5498774184644368,1.549864480214263,1.5498551317559048,1.5498494797819764,1.5498475886460688
1.549928638821159,1.5499306641864257,1.5499367181843693,1.5499467345162072,1.5499606033569817,1.5499781717673027,1.5499992449522164,1.550023586593642,1.5500509195698022,1.5500809263560917,1.5501132490599043,1.5501474898378669,1.550183211361167,1.5502199382412816,1.5502571593244237,1.5502943312991486,1.5503308834329133,1.5503662243040688,1.5503997497171687,1.550430851998861,1.5504589322213125,1.5504834134280563,1.5505037581006724,1.5505194890361176,1.5505302132348324,1.550535649040849,1.5505356488987658,1.5505302130090837,1.5505194885765357,1.550503757696178,1.5504834129920722,1.5504589319883328,1.550430851967503,1.5503997498273907,1.5503662246271892,1.5503308837597765,1.5502943315967332,1.5502571594930938,1.550219938214823,1.5501832111912395,1.5501474896149656,1.550113248893733,1.5500809262570732,1.5500509195884042,1.550023586632066,1.549999245003026,1.5499781718671872,1.5499606035069766,1.5499467347887643,1.5499367185712485,1.5499306646488786,1.549928639252006
1.5500136417590555,1.5500158010465896,1.5500222567675646,1.5500329425905417,1.5500477486382032,1.5500665218665257,1.5500890671065541,1.5501151467586556,1.5501444808149563,1.5501767458740285,1.5502115737918865,1.5502485502968943,1.5502872139450314,1.5503270561837639,1.5503675230819043,1.5504080189475082,1.5504479121408683,1.5504865435690252,1.55052323703232,1.5505573114263405,1.5505880959978382,1.5506149463507353,1.550637264731152,1.5506545229280375,1.550666288149109,1.5506722513900548,1.5506722512187592,1.5506662878776731,1.5506545224427817,1.5506372643299973,1.5506149459738203,1.5505880957980618,1.5505573114609552,1.550523237138219,1.5504865439094007,1.550447912489759,1.550408019239761,1.5503675232403327,1.5503270561277744,1.5502872137396695,1.5502485500447554,1.550211573601436,1.550176745766014,1.550144480797818,1.5501151467761072,1.550089067156487,1.5500665220062753,1.5500477488592794,1.5500329429518582,1.5500222572103206,1.5500158014786853,1.5500136420781072
1.5501020817867337,1.5501043669920764,1.5501112013589848,1.5501225213700878,1.550138221875014,1.5501581565350975,1.5501821385418753,1.5502099394974382,1.5502412881976317,1.55027586752573,1.550313310686144,1.5503531968064965,1.5503950471630374,1.5504383227645084,1.5504824247509617,1.5505266976965975,1.5505704366935058,1.550612898348694,1.5506533146054338,1.5506909092719408,1.5507249176514935,1.5507546067252365,1.5507792993852842,1.550798400161737,1.550811423878441,1.5508180254998383,1.550818025352319,1.5508114236500725,1.5507983997935124,1.5507792990848717,1.5507546064973787,1.5507249174811397,1.550690909320037,1.5506533146538095,1.5506128986136707,1.5505704370048619,1.550526697935549,1.5504824248903137,1.5504383227165384,1.5503950469825358,1.5503531965873545,1.5503133104889502,1.5502758673994554,1.5502412881261336,1.5502099394821867,1.5501821386251897,1.5501581567685125,1.5501382221812137,1.5501225217724834,1.550111201764248,1.5501043672827692,1.5501020819134124
1.5501932481860206,1.550195639619471,1.550202794928757,1.550214657569762,1.5502311341800812,1.5502520952996093,1.5502773757472086,1.5503067725268536,1.5503400416755702,1.5503768919746679,1.5504169772020897,1.5504598868578179,1.5505051376754166,1.5505521669510836,1.5506003302874038,1.5506489040482128,1.5506970939286002,1.5507440495766311,1.550788883520235,1.5508306941534382,1.550868591810906,1.550901725153954,1.5509293110236035,1.5509506641364115,1.5509652294798986,1.550972614059206,1.5509726139986577,1.5509652293834282,1.550950664009706,1.5509293108824995,1.550901725100284,1.5508685916478455,1.550830694158313,1.5507888834915502,1.5507440496991927,1.5506970941460325,1.5506489042111162,1.5506003304277827,1.550552166966891,1.5505051375765266,1.5504598867169903,1.5504169770030816,1.5503768918103944,1.5503400415584692,1.5503067724965545,1.5502773758707564,1.5502520956263872,1.550231134547331,1.5502146579434315,1.5502027952129747,1.5501956397240693,1.5501932481388172
1.5502861987455898,1.5502886596226502,1.5502960274030408,1.5503082583124475,1.5503252807781192,1.5503469968411099,1.5503732823896375,1.5504039840121864,1.5504389130847613,1.5504778348004034,1.5505204541051962,1.5505663986947533,1.5506152026345519,1.55066629259891,1.5507189807502164,1.5507724654244428,1.5508258414866656,1.550878120258299,1.550928256132466,1.550975179229663,1.551017831126445,1.5510552004010851,1.5510863604795926,1.5511105049847127,1.5511269849683653,1.551135343105035,1.5511353431552048,1.5511269850077563,1.5511105051265623,1.5510863604935,1.5510552004835396,1.5510178309898737,1.5509751792032136,1.5509282560627935,1.5508781202333761,1.5508258415578864,1.550772465456579,1.5507189808596842,1.5506662926958363,1.5506152026514195,1.550566398663555,1.5505204539404183,1.5504778346188102,1.5504389129696687,1.5504039840232,1.5503732825419967,1.5503469971680532,1.5503252810889205,1.550308258560568,1.5502960275304543,1.5502886595919336,1.550286198629232
1.5503797227962872,1.5503821919488237,1.5503895911780177,1.550401897205947,1.5504190738539623,1.550441074958121,1.550467845107075,1.5504993155971698,1.550535394869416,1.5505759508170411,1.5506207869561,1.5506696133296138,1.5507220172195981,1.550777437730125,1.5508351502073852,1.5508942635354155,1.5509537327406078,1.551012386782753,1.551068966968375,1.5511221741724956,1.551170719139327,1.5512133715652232,1.5512490092166211,1.5512766613336566,1.5512955519816636,1.551305137255243,1.5513051374238565,1.551295552148311,1.5512766617076594,1.551249009353424,1.5512133717271832,1.5511707190830957,1.5511221741543493,1.55106896687576,1.5510123866180416,1.550953732642868,1.5508942634162242,1.550835150248372,1.550777437882663,1.5507220173357226,1.5506696133934452,1.5506207868883146,1.5505759507171064,1.5505353948423697,1.5504993157031743,1.5504678452765066,1.5504410751798166,1.550419073965302,1.5504018972281879,1.5503895911432126,1.550382191870823,1.5503797227240783
1.5504723063646701,1.5504746886111453,1.5504818368693438,1.5504937581804275,1.5505104694929592,1.550532003632612,1.5505584120255054,1.550589760478088,1.550626115169802,1.550667515568889,1.550713935828338,1.5507652369108869,1.5508211165391128,1.5508810647294475,1.5509443339695934,1.5510099303313147,1.5510766290499236,1.5511430141593934,1.5512075352242483,1.5512685767245171,1.55132453038859,1.5513738643061115,1.55141518784803,1.5514473062743406,1.5514692716231486,1.5514804234871935,1.5514804237155917,1.5514692718090741,1.551447306699645,1.55141518805491,1.5513738645667017,1.551324530529085,1.5512685768120604,1.5512075351306982,1.55114301384774,1.551076628746596,1.5510099300458815,1.550944333906983,1.5508810648834062,1.5508211167180757,1.550765237047178,1.5507139359194746,1.5506675156856031,1.550626115333744,1.5505897606828782,1.5505584121581988,1.550532003669089,1.5505104693378842,1.5504937579490634,1.5504818366888926,1.5504746885227025,1.5504723063564627
1.550562104061461,1.550564257777906,1.5505707338814698,1.5505815815013335,1.5505968927077016,1.5506168143789705,1.550641555852997,1.550671386446829,1.5507066166807828,1.5507475584639363,1.5507944645921945,1.550847451870961,1.5509064180385859,1.5509709662741853,1.551040351796627,1.551113462117698,1.551188836741308,1.5512647249898999,1.5513391713650393,1.551410118986534,1.551475515254114,1.551533410514462,1.5515820451008082,1.5516199190204827,1.5516458516013738,1.551659026151854,1.551659026333956,1.5516458516900018,1.551619919329269,1.5515820453772238,1.5515334109069996,1.5514755155874629,1.5514101191711618,1.5513391712783984,1.5512647245907887,1.5511888362958608,1.5511134617224502,1.5510403516318028,1.5509709663515259,1.5509064182178764,1.5508474520684037,1.5507944648520724,1.550747558833348,1.5507066170726727,1.5506713867315949,1.5506415559114461,1.550616814219552,1.5505968923334796,1.5505815810855885,1.5505707335950674,1.5505642576485477,1.5505621040383244
1.5506469242710743,1.5506486457859443,1.5506538426497098,1.550662619015863,1.5506751676096133,1.5506917924918604,1.5507129270584363,1.5507391374607236,1.550771099996094,1.550809544684751,1.5508551629592608,1.5509084862663987,1.5509697507951175,1.5510387715965113,1.5511148504238976,1.551196737442909,1.5512826568723566,1.5513703933419545,1.5514574222625364,1.551541065922427,1.551618649638846,1.5516876437031448,1.5517457811589797,1.551791147153786,1.5518222478349728,1.5518380582739972,1.5518380583057036,1.5518222477873822,1.551791147294818,1.5517457815114593,1.5516876442134089,1.5516186500785585,1.55154106613774,1.5514574221679556,1.5513703929197995,1.5512826563976823,1.5511967370337365,1.5511148502206815,1.5510387715804785,1.5509697509280083,1.5509084865270342,1.550855163357496,1.5508095452060333,1.5507711005008047,1.5507391377521045,1.5507129270537308,1.5506917922290624,1.5506751671717793,1.5506626185491592,1.550653842306486,1.55064864555522,1.5506469241401686
1.5507242364784768,1.5507252411361212,1.550728308237994,1.5507336091757151,1.550741464095405,1.5507523839908637,1.5507671085655401,1.5507866236729002,1.5508121385593874,1.5508450089841272,1.5508865996357668,1.5509380949072902,1.5510002814159025,1.5510733405131507,1.5511566925340738,1.551248927463499,1.5513478395314386,1.551450559121953,1.5515537543635125,1.551653868935719,1.5517473547827296,1.551830876887504,1.551901473095289,1.5519566679205754,1.5519945495764573,1.5520138185033068,1.5520138183605685,1.5519945494802965,1.5519566679250745,1.55190147340407,1.551830877329057,1.5517473551691021,1.5516538691242487,1.5515537543046043,1.5514505588005392,1.551347839210442,1.5512489271603378,1.551156692378213,1.5510733404613546,1.5510002814660373,1.550938095147194,1.550886600056131,1.5508450095018627,1.5508121390145821,1.5507866238834516,1.5507671085291994,1.5507523837546036,1.5507414637698147,1.550733608786144,1.5507283078914669,1.5507252407981267,1.5507242362680933
1.5507912119198768,1.550791112113675,1.550790888240387,1.550790786746381,1.550791278237634,1.5507931325436706,1.5507974925203285,1.5508059203515692,1.5508203836984982,1.550843156019445,1.5508766160297753,1.5509229560991167,1.550983835589948,1.5510600414439144,1.5511512280578381,1.5512557966276712,1.5513709440104502,1.5514928683484566,1.5516170840957582,1.5517387868121555,1.5518532016041549,1.5519558782921543,1.5520429075376982,1.5521110628730979,1.552157881472327,1.552181706640826,1.5521817064799135,1.5521578816064174,1.5521110629267776,1.5520429077543836,1.551955878470547,1.5518532017252933,1.5517387868282098,1.5516170840770203,1.551492868222939,1.5513709440102608,1.551255796549408,1.5511512280161308,1.5510600414523805,1.5509838355934038,1.550922956215669,1.5508766162827774,1.5508431563539202,1.550820383978331,1.5508059204518159,1.5507974925068235,1.5507931324290853,1.5507912781024746,1.5507907864709118,1.5507908879410404,1.5507911117988618,1.5507912118677711
1.5508448107525346,1.550843092025342,1.550838031314531,1.5508299472093012,1.5508194710158756,1.5508076759717917,1.550796213160378,1.5507874126031433,1.5507842971652077,1.5507904623966278,1.5508097910542389,1.5508460087411529,1.5509021347647447,1.5509799296452405,1.5510794635862317,1.5511989115821738,1.5513346263114476,1.5514814643869363,1.5516332830428552,1.55178350228333,1.5519256270996826,1.5520536708959114,1.5521624447841846,1.5522477282944194,1.5523063435107247,1.552336177777066,1.5523361777411642,1.5523063438771014,1.5522477283324216,1.552162444775983,1.5520536706843608,1.5519256269118367,1.5517835021315973,1.5516332831698292,1.5514814645344532,1.5513346266772268,1.5511989117983451,1.5510794636752336,1.5509799297057052,1.5509021347298866,1.550846008691822,1.550809791034465,1.550790462434024,1.55078429719954,1.5507874126040015,1.5507962132155013,1.5508076760023009,1.550819471028565,1.5508299470137625,1.5508380311444872,1.5508430920042804,1.5508448111866275
1.5508819298353633,1.5508779274116853,1.5508660254763713,1.5508465911343596,1.5508203988409612,1.5507888453489806,1.5507541886628122,1.5507197474572494,1.550689978670334,1.5506703499869112,1.5506669447944859,1.5506857932030236,1.5507320066741452,1.5508088813889975,1.550917185142217,1.5510548149625314,1.551216912510186,1.5513963895982128,1.5515847163860168,1.551772789487644,1.5519517127046618,1.5521133990235287,1.5522509507791538,1.5523588520087765,1.5524330153229124,1.5524707595486964,1.5524707596537428,1.5524330158221946,1.5523588521221712,1.552250950661184,1.5521133985034625,1.5519517122753108,1.5517727891526079,1.5515847166246621,1.5513963899346987,1.5512169130968239,1.551054815449742,1.5509171853882615,1.5508088814730492,1.5507320065617842,1.550685792981645,1.5506669445239634,1.5506703497456833,1.5506899784783124,1.5507197473729055,1.55075418874933,1.5507888454351417,1.550820398881719,1.5508465910117712,1.5508660255924485,1.5508779279685307,1.5508819307976653
1.5508996238420258,1.5508925037793417,1.5508712362201786,1.5508361779211215,1.550788178381568,1.550728925604617,1.550661349439767,1.5505899895074677,1.5505212009273581,1.5504630545854314,1.5504248108204273,1.5504159264888973,1.5504446985473617,1.5505168114845473,1.550634161335748,1.5507942905363636,1.5509905816234575,1.55121311431582,1.5514499208721262,1.5516883252967368,1.5519161033554683,1.5521223269974347,1.5522978498139857,1.5524354996707461,1.552530060857517,1.5525781646402748,1.552578164695705,1.5525300609516215,1.5524354996385024,1.5522978496051103,1.5521223263539758,1.551916102930944,1.5516883249553193,1.5514499212323176,1.5512131147865345,1.5509905822495416,1.5507942910893968,1.5506341616384798,1.5505168115941697,1.5504446983981046,1.5504159261524555,1.5504248103829419,1.5504630541532516,1.5505212005814066,1.5505899893433015,1.5506613494725905,1.5507289256543462,1.5507881784359903,1.5508361780479025,1.5508712368524944,1.5508925049502813,1.5508996246031035
1.5508954072692949,1.5508841587688562,1.5508504516508947,1.550794518919465,1.5507171348175066,1.5506201524114747,1.550507159062966,1.550384121108529,1.550259827623995,1.5501458949326103,1.550056103635087,1.5500049510603526,1.550005538894169,1.5500672228066625,1.5501936748472958,1.5503819615913486,1.5506228864347378,1.5509024003620078,1.5512036019705142,1.5515087933054768,1.5518011852896554,1.5520660601032092,1.5522913652133516,1.5524678605446285,1.5525889726170043,1.5526505336210221,1.5526505335748046,1.5525889721829338,1.5524678602377433,1.5522913650129027,1.5520660597098916,1.5518011852104188,1.5515087931776241,1.5512036023118285,1.5509024007516856,1.5506228868852912,1.5503819620062165,1.5501936751042715,1.550067222995592,1.5500055388506946,1.5500049507849194,1.5500561032348374,1.5501458945143698,1.5502598272704537,1.5503841208943885,1.5505071590029151,1.5506201524739154,1.5507171351105404,1.5507945196622106,1.5508504529018008,1.5508841598542953,1.5508954065576201
1.5508676341537848,1.5508510821725174,1.5508013424057683,1.5507183333144563,1.5506024818738946,1.550455529998399,1.5502815606992564,1.5500880783951771,1.5498868691010637,1.5496942578676303,1.549530347948932,1.5494169609880157,1.5493743754083933,1.5494175279229094,1.5495528215304546,1.5497766435124167,1.5500759961674446,1.5504308313587385,1.550817223657166,1.5512104953416594,1.55158768461253,1.5519291059299736,1.552219031762992,1.5524457115654264,1.552600998554192,1.5526798409885123,1.5526798408624944,1.552600997748252,1.5524457108801635,1.5522190313177688,1.551929105892396,1.5515876849855275,1.551210495593118,1.5508172239419482,1.5504308315458333,1.5500759963461201,1.5497766437843403,1.5495528217421772,1.5494175281613007,1.5493743754699572,1.549416960840491,1.5495303476975235,1.5496942575814598,1.5498868687890819,1.5500880780957382,1.5502815605072462,1.5504555301539076,1.550602482574296,1.5507183346637188,1.5508013435133308,1.5508510815112344,1.5508676330594633
1.5508159344037449,1.5507927838698274,1.550723024928544,1.550605970952525,1.550441265777472,1.5502300472561745,1.54997649290705,1.549689555367828,1.5493845131251947,1.5490837473718022,1.5488160181470811,1.5486136330489915,1.5485074714018803,1.548520855845992,1.5486642889698699,1.5489331219148852,1.5493087550691462,1.5497625025856017,1.5502605751228407,1.5507687534796732,1.5512558839817736,1.5516959065478872,1.5520685620040688,1.5523591511101982,1.5525577833167254,1.5526584889136612,1.5526584887337362,1.552557782475652,1.552359150325394,1.5520685614906415,1.5516959068374325,1.5512558846562035,1.5507687540790218,1.5502605753335752,1.5497625024999613,1.5493087548215099,1.5489331218792852,1.5486642889680333,1.5485208559969874,1.5485074715057074,1.54861363303581,1.5488160180577908,1.5490837471949652,1.5493845128051442,1.5496895549914431,1.549976492678467,1.5502300476330304,1.5504412667908913,1.550605972059692,1.5507230244106076,1.5507927829165102,1.5508159339377177
1.5507416601515658,1.550710583597959,1.5506166848922558,1.5504582682982153,1.5502335621910577,1.549942326953704,1.5495880883143394,1.5491808078675817,1.5487395183768793,1.548294063209915,1.5478847274568437,1.5475585456994199,1.5473618465904946,1.5473303903864923,1.5474806572491189,1.5478063176187846,1.548280572910099,1.5488625105049438,1.5495047816686567,1.5501604219251988,1.5507876621348546,1.5513524636668035,1.5518291343146107,1.5521996324174532,1.5524522325042887,1.552580087422501,1.5525800872343576,1.5524522319949008,1.5521996319640643,1.551829133997248,1.551352463983247,1.550787662411286,1.5501604225002827,1.5495047817785683,1.5488625104522198,1.548280572557116,1.5478063174663859,1.5474806570995467,1.5473303904466404,1.5473618467102825,1.547558545805353,1.547884727559797,1.5482940632313191,1.5487395182223036,1.549180807757455,1.5495880884616116,1.5499423277339948,1.5502335629958417,1.5504582675063658,1.5506166840438749,1.5507105834262882,1.5507416604996624
1.550648264472678,1.5506080419098107,1.5504861725411383,1.5502794418756778,1.5499838324705058,1.5495966403427117,1.549119556167777,1.5485625884473126,1.5479483007199295,1.547315191394678,1.5467183097831916,1.5462248454026966,1.5459032744363996,1.5458075550181969,1.5459625341311878,1.546359014575962,1.5469583901650799,1.5477029215293598,1.548527201881173,1.5493677658352871,1.550169484028926,1.5508886049365715,1.551493102190263,1.5519612734776522,1.5522795668549987,1.5524403842762624,1.5524403841908192,1.5522795669885592,1.551961273749667,1.5514931023406808,1.5508886052013982,1.5501694838830709,1.5493677661164182,1.5485272019686556,1.5477029217001428,1.5469583898409676,1.5463590143599586,1.545962533819114,1.545807554912067,1.5459032744628565,1.5462248455117125,1.5467183099896356,1.5473151916271901,1.547948300884475,1.5485625888201096,1.549119556762295,1.5495966409019797,1.5499838313257086,1.5502794406079383,1.5504861721081962,1.5506080421138981,1.5506482648895694
1.5505415049374185,1.5504912160692779,1.5503384283182862,1.5500778389032575,1.549702215628611,1.5492050327764746,1.54858450456538,1.5478490554340745,1.5470237498329142,1.5461562381683587,1.5453194500332823,1.5446071584402297,1.5441189638941968,1.5439352106283664,1.5440916976087704,1.5445741389454353,1.5453274067944338,1.5462716083137338,1.5473183669144646,1.5483837140108851,1.54939627212292,1.5503007864143077,1.55105801309434,1.551642336118769,1.5520384661774145,1.5522382490419615,1.5522382492261908,1.5520384670621272,1.551642337073709,1.551058013558689,1.5503007863902547,1.549396271524278,1.5483837137513303,1.5473183666342942,1.5462716086480972,1.545327406628788,1.544574138850596,1.54409169731107,1.5439352104354338,1.544118963776721,1.5446071583922656,1.545319450162758,1.5461562385482441,1.5470237504384456,1.5478490563716476,1.548584505282004,1.5492050314099188,1.5497022140683645,1.5500778380489963,1.5503384283292851,1.5504912165086178,1.550541505423967
1.5504293482130473,1.550368601200959,1.5501835502487928,1.5498662726605135,1.5494053654678297,1.5487890293882403,1.5480100403483061,1.5470729290098422,1.546003116891461,1.5448564753609197,1.5437257097687294,1.5427376645826858,1.5420346221908035,1.541735699553053,1.5418891615374453,1.5424713815016995,1.5434051624950456,1.5445833969282958,1.5458903642137414,1.547217931993367,1.5484756860626459,1.5495950546331336,1.5505286472310278,1.5512466527715614,1.5517321270554068,1.5519765579368467,1.5519765584597425,1.5517321284306993,1.5512466539631413,1.5505286479064186,1.5495950545990311,1.5484756856184207,1.547217931558247,1.5458903636955141,1.544583397068361,1.5434051625034728,1.5424713815935553,1.541889161327523,1.54173569929082,1.5420346219032883,1.5427376643533772,1.5437257098769184,1.544856476011947,1.5460031179997875,1.5470729301524495,1.5480100394370109,1.5487890281546648,1.549405364602397,1.5498662722672742,1.5501835501489951,1.5503686012109552,1.5504293482019431
1.5503214663288396,1.5502506253146762,1.5500343010999462,1.5496616081534338,1.5491162864967927,1.5483800711841178,1.5474384168320898,1.546289272721129,1.544955076656605,1.543496659808582,1.542025069781347,1.5407039089906798,1.5397317580690355,1.5392897009705355,1.5394345406342926,1.5401248468847841,1.5412560097141428,1.5426910477558948,1.5442847287889179,1.5459022750708986,1.5474317832298456,1.5487894536513933,1.5499185851273285,1.5507846594865815,1.5513689837716729,1.551662771752585,1.5516627723254353,1.5513689848521024,1.5507846602968294,1.5499185857713107,1.5487894537879452,1.547431783195452,1.5459022746817819,1.544284728206401,1.5426910474161872,1.541256009544254,1.540124847206234,1.5394345407469197,1.539289700886036,1.5397317578283147,1.5407039087361678,1.5420250699410787,1.5434966605661693,1.5449550777579346,1.5462892718284023,1.547438415847308,1.5483800706368136,1.5491162863015777,1.5496616081524455,1.5500343009733903,1.5502506251074162,1.5503214661682037
1.550228277476283,1.5501486289567743,1.5499049105534333,1.5494832965700962,1.5488625815646273,1.5480176191589892,1.5469254530168695,1.5455752020527918,1.5439823377434476,1.5422064586056599,1.5403687675950999,1.5386627110140692,1.5373525543952276,1.5367440601873457,1.5368764807919064,1.5376730237825675,1.5389990028052452,1.5406908743066168,1.5425761910243152,1.5444931670595523,1.5463064599652672,1.5479148559370335,1.549250659414844,1.5502736244233248,1.5509628156061785,1.5513089907694877,1.5513089908123086,1.5509628156385924,1.5502736247264475,1.5492506600605032,1.547914856348023,1.546306460377077,1.5444931669526485,1.542576190795688,1.5406908737966711,1.5389990024577522,1.5376730237988625,1.5368764810561861,1.5367440602331834,1.537352554324447,1.538662710975539,1.54036876796878,1.5422064592878666,1.543982336874958,1.5455752013930446,1.5469254529681884,1.5480176195738105,1.548862581885886,1.549483296690869,1.5499049102747215,1.550148628501193,1.5502282772383573
1.5501595999976159,1.5500733876674406,1.5498091881430012,1.5493507619748528,1.5486727562903575,1.547744036437873,1.5465338477295143,1.5450220720606702,1.5432143940230068,1.541161302977904,1.5389761304221887,1.536846219141406,1.535061989252956,1.5342864510103233,1.5344169189935848,1.535307173991126,1.5367987974331807,1.5387158272697772,1.5408676291417376,1.543068007343274,1.5451569210660174,1.547013180818093,1.548555687242207,1.549736719597262,1.5505320242468847,1.550931329354887,1.550931328720769,1.5505320232001243,1.549736719267802,1.5485556876198434,1.547013181428057,1.5451569217927765,1.5430680075384904,1.5408676293233736,1.5387158268896604,1.5367987971445702,1.5353071735861725,1.5344169191611636,1.534286451372271,1.5350619897138744,1.5368462195722716,1.5389761309590162,1.5411613015003571,1.5432143927478277,1.5450220715410337,1.5465338479746644,1.5477440370613251,1.5486727566739433,1.5493507620598292,1.549809187918778,1.5500733873399724,1.5501595999713338
1.5501231371263242,1.5500334106996445,1.549758222489499,1.5492799596309221,1.5485708738979194,1.5475962791514457,1.5463205729975418,1.5447173442646134,1.5427841014048918,1.5405589977280105,1.5381280347989086,1.5355895924425478,1.5328907139450778,1.5320669251871422,1.5322578976754728,1.533228209952046,1.5348320017286132,1.5369110266911832,1.5392731587912083,1.54171383779809,1.5440482111631126,1.5461325018182963,1.5478692432663566,1.5492008310647019,1.550098042124009,1.5505485970519852,1.5505485966678365,1.5500980409854797,1.549200830046904,1.5478692428727534,1.546132502192399,1.5440482118583863,1.541713838199032,1.5392731592059499,1.5369110264899744,1.5348320015798058,1.5332282091875886,1.5322578974356071,1.5320669252170125,1.532890714627752,1.5355895929841799,1.538128033506632,1.5405589964009412,1.5427841006523617,1.5447173442346709,1.5463205734204135,1.547596279690243,1.5485708741776791,1.5492799596934352,1.5497582224928856,1.5500334108848173,1.5501231373525832
0.0,0.0,0.0,0.0,0.0,0.0,0.0,0.0,0.0,0.0,0.0,0.0,1.5301895135316559,1.5301274769494375,1.5305440686062712,1.531586070209754,1.5332360041677235,1.5353957759681813,1.5378918485889674,1.5405098785490625,1.5430418762548948,1.5453197584607499,1.5472269541456753,1.548693436017933,1.5496831092220615,1.5501804806014576,1.5501804805682653,1.5496831089322425,1.5486934349374537,1.5472269530700498,1.5453197582565033,1.5430418765968652,1.5405098791001204,1.5378918491594127,1.5353957760621393,1.5332360043147228,1.5315860696794126,1.530544068512819,1.53012747684176,1.530189514178874,0.0,0.0,0.0,0.0,0.0,0.0,0.0,0.0,0.0,0.0,0.0,0.0
0.0,0.0,0.0,0.0,0.0,0.0,0.0,0.0,0.0,0.0,0.0,0.0,1.5287162766680535,1.5288740071359295,1.5293918665672213,1.5304375137785988,1.5320638514539109,1.534227884058572,1.5367821874113157,1.5395101705437566,1.542184500877645,1.5446132873975662,1.546659620574517,1.54823933191517,1.5493079229282791,1.549845608638011,1.5498456086510894,1.5493079229254978,1.5482393316506486,1.5466596195125,1.5446132864671074,1.5421845005099803,1.5395101709477803,1.5367821879695036,1.534227884459027,1.5320638518579799,1.5304375137869677,1.5293918668904256,1.528874006940371,1.5287162778699244,0.0,0.0,0.0,0.0,0.0,0.0,0.0,0.0,0.0,0.0,0.0,0.0
0.0,0.0,0.0,0.0,0.0,0.0,0.0,0.0,0.0,0.0,0.0,0.0,1.52791654773668,1.5281335672403178,1.5286760621817503,1.5296923107924179,1.5312651155227774,1.533391642907282,1.5359522030249764,1.5387354666318906,1.5415014283260668,1.5440381847739888,1.546189872596936,1.5478582055565127,1.5489897716965266,1.5495599592319993,1.5495599593002345,1.5489897718708283,1.5478582057510846,1.5461898725362448,1.5440381835980572,1.5415014271640206,1.5387354663664576,1.5359522032154584,1.5333916434893593,1.5312651161448916,1.5296923113540433,1.5286760628120706,1.5281335686037727,1.5279165480010661,0.0,0.0,0.0,0.0,0.0,0.0,0.0,0.0,0.0,0.0,0.0,0.0
0.0,0.0,0.0,0.0,0.0,0.0,0.0,0.0,0.0,0.0,0.0,0.0,1.5274849166886035,1.5277144266042575,1.5282531214267074,1.5292350442217537,1.5307544420663612,1.5328336837867804,1.5353763657514605,1.5381801584588648,1.5409989112215492,1.5436063904929078,1.5458314786512393,1.547563716371195,1.5487416026320726,1.549335946147844,1.5493359462254677,1.5487416028232677,1.5475637165853136,1.5458314787826632,1.5436063903363313,1.540998910023047,1.5381801574277854,1.5353763653795416,1.5328336844004855,1.5307544428732118,1.5292350451306294,1.528253123201089,1.5277144275870849,1.5274849163373012,0.0,0.0,0.0,0.0,0.0,0.0,0.0,0.0,0.0,0.0,0.0,0.0
0.0,0.0,0.0,0.0,0.0,0.0,0.0,0.0,0.0,0.0,0.0,0.0,1.5272617414633238,1.5274914316520936,1.5280207357732465,1.528976249103101,1.53045633748234,1.5324972969848285,1.5350185265965288,1.5378260163738189,1.5406716319635425,1.5433204537593703,1.545591006366561,1.5473640658780576,1.5485720596956598,1.549182246858866,1.5491822469339083,1.548572059878705,1.54736406608244,1.545591006510532,1.5433204538117753,1.5406716318104812,1.5378260149990817,1.535018525540033,1.5324972970060673,1.5304563380096172,1.528976251330007,1.5280207368085337,1.527491432006562,1.5272617410314746,0.0,0.0,0.0,0.0,0.0,0.0,0.0,0.0,0.0,0.0,0.0,0.0
0.0,0.0,0.0,0.0,0.0,0.0,0.0,0.0,0.0,0.0,0.0,0.0,1.5271668967258167,1.5273951343740941,1.527918321785201,1.5288599796349567,1.5303197736975047,1.53234006706005,1.534848046252081,1.537654475614226,1.5405109333899851,1.543178520778838,1.5454706077805194,1.5472634257009314,1.548486167715767,1.549104164033484,1.5491041640907643,1.5484861678401236,1.5472634257985307,1.5454706077900702,1.5431785207275819,1.5405109333634073,1.5376544756069896,1.5348480452650886,1.5323400663380957,1.5303197745758454,1.5288599807897216,1.5279183220596482,1.527395134461062,1.5271668965647738,0.0,0.0,0.0,0.0,0.0,0.0,0.0,0.0,0.0,0.0,0.0,0.0
0.0,0.0,0.0,0.0,0.0,0.0,0.0,0.0,0.0,0.0,0.0,0.0,1.5271668965355092,1.5273951343073784,1.5279183219398167,1.5288599803471434,1.5303197744688124,1.5323400675137318,1.5348480450612723,1.5376544753983434,1.5405109332872589,1.543178520766368,1.5454706078592417,1.5472634258156917,1.5484861678043895,1.5491041640697791,1.549104164088641,1.548486167832293,1.547263425801241,1.5454706077990135,1.5431785207388415,1.5405109333913332,1.5376544756462145,1.5348480453783406,1.5323400674530185,1.530319773943956,1.528859979811874,1.527918321690622,1.5273951343327894,1.5271668967189627,0.0,0.0,0.0,0.0,0.0,0.0,0.0,0.0,0.0,0.0,0.0,0.0
0.0,0.0,0.0,0.0,0.0,0.0,0.0,0.0,0.0,0.0,0.0,0.0,1.527261740954092,1.5274914316537378,1.5280207364274838,1.528976250976752,1.53045633917111,1.5324972970732214,1.5350185255790774,1.537826015000871,1.5406716318211624,1.5433204538719145,1.5455910065929674,1.5473640661016848,1.5485720597861707,1.5491822467710987,1.5491822467278658,1.5485720596715242,1.547364065956942,1.5455910064931804,1.5433204538996173,1.5406716320254437,1.537826015409343,1.5350185267168044,1.532497297575385,1.5304563376740916,1.5289762491082797,1.5280207356636482,1.5274914315267878,1.527261741441882,0.0,0.0,0.0,0.0,0.0,0.0,0.0,0.0,0.0,0.0,0.0,0.0
0.0,0.0,0.0,0.0,0.0,0.0,0.0,0.0,0.0,0.0,0.0,0.0,1.5274849161031183,1.527714427022568,1.5282531227392475,1.5292350463767077,1.5307544428208786,1.5328336844508461,1.5353763654157881,1.5381801573727742,1.5409989099256867,1.543606390281109,1.5458314788108376,1.5475637166474858,1.5487416028360472,1.549335946161174,1.549335946069218,1.5487416026346046,1.5475637164965867,1.54583147884992,1.5436063905328388,1.5409989104337987,1.5381801586990154,1.5353763660748285,1.5328336841270394,1.5307544422164674,1.529235044155552,1.5282531213825554,1.5277144264633846,1.527484916657361,0.0,0.0,0.0,0.0,0.0,0.0,0.0,0.0,0.0,0.0,0.0,0.0
0.0,0.0,0.0,0.0,0.0,0.0,0.0,0.0,0.0,0.0,0.0,0.0,1.5279165475532432,1.5281335681575183,1.5286760637055987,1.5296923112139473,1.5312651161910136,1.533391643675085,1.5359522034438413,1.5387354665117334,1.5415014271945935,1.544038183569903,1.5461898725299532,1.547858205782363,1.5489897718786418,1.5495599592246068,1.5495599591002915,1.5489897716307237,1.547858205668769,1.546189872740852,1.5440381841621664,1.5415014283266038,1.5387354670015538,1.5359522031752653,1.5333916428938827,1.5312651155878938,1.5296923106827833,1.528676062171249,1.5281335670954368,1.5279165476443446,0.0,0.0,0.0,0.0,0.0,0.0,0.0,0.0,0.0,0.0,0.0,0.0
0.0,0.0,0.0,0.0,0.0,0.0,0.0,0.0,0.0,0.0,0.0,0.0,1.5287162773720364,1.528874008179067,1.5293918668305062,1.530437513729513,1.5320638518006018,1.5342278844719475,1.5367821880591692,1.5395101710127337,1.5421845004662582,1.5446132863239528,1.5466596193592768,1.548239331569498,1.5493079229131614,1.5498456086358656,1.549845608567371,1.5493079228194033,1.5482393316739398,1.5466596199135414,1.5446132876295984,1.542184501244839,1.539510170741038,1.5367821874696082,1.5342278838825743,1.5320638514862477,1.5304375137316832,1.5293918666590895,1.528874007156386,1.528716276605029,0.0,0.0,0.0,0.0,0.0,0.0,0.0,0.0,0.0,0.0,0.0,0.0
0.0,0.0,0.0,0.0,0.0,0.0,0.0,0.0,0.0,0.0,0.0,0.0,1.5301895149319737,1.5301274767921114,1.5305440685022818,1.5315860696172832,1.5332360042197666,1.5353957760290196,1.537891849248569,1.5405098792517853,1.5430418766911895,1.545319758226757,1.54722695295423,1.5486934348411905,1.549683108932144,1.5501804806638184,1.5501804807231996,1.5496831091681043,1.5486934354341617,1.5472269540229548,1.5453197588672232,1.5430418766648175,1.5405098786438205,1.5378918486747462,1.535395775816004,1.5332360041739963,1.531586070213686,1.530544068708076,1.530127477092669,1.5301895135529713,0.0,0.0,0.0,0.0,0.0,0.0,0.0,0.0,0.0,0.0,0.0,0.0
1.5501231379669964,1.5500334111744078,1.5497582225883673,1.5492799596186106,1.5485708738469819,1.547596279277777,1.5463205731239447,1.5447173443145117,1.542784101155696,1.540558997145918,1.5381280341297376,1.5355895920379357,1.5328907146766704,1.532066925343891,1.5322578975738428,1.5332282092624387,1.5348320015710837,1.536911026475445,1.539273159277385,1.5417138383695281,1.5440482120380383,1.546132502283404,1.5478692428590521,1.5492008300167093,1.5500980410462502,1.5505485968090176,1.5505485969938362,1.550098041636094,1.5492008310303917,1.5478692434234451,1.5461325019415735,1.5440482113929486,1.5417138378061341,1.5392731588585487,1.5369110265955415,1.5348320016748715,1.5332282099779615,1.5322578977293873,1.5320669252765975,1.5328907139817218,1.5355895924120244,1.5381280347349298,1.5405589976883072,1.542784101410983,1.5447173443005353,1.5463205730357807,1.547596279175116,1.548570873907806,1.549279959626154,1.549758222493628,1.5500334107410725,1.5501231371273163
1.5501596003436133,1.550073387748221,1.5498091878427036,1.5493507617420792,1.5486727561883198,1.5477440367298918,1.5465338480629547,1.545022072115561,1.5432143935393658,1.5411613020456305,1.5389761295494186,1.5368462197188808,1.5350619897069155,1.5342864513886885,1.5344169192043005,1.5353071736139932,1.5367987971027743,1.5387158268090362,1.540867629281061,1.5430680075951815,1.545156921910175,1.5470131815089174,1.5485556876025766,1.5497367192034257,1.5505320231864845,1.5509313286960025,1.5509313291285236,1.5505320241653402,1.5497367197538758,1.5485556873716249,1.547013180692672,1.545156921110309,1.543068007352234,1.540867629211161,1.538715827281562,1.5367987973420738,1.5353071739986222,1.534416919051864,1.5342864510361762,1.5350619892771364,1.5368462190877819,1.5389761302991514,1.5411613028779745,1.5432143940083312,1.5450220721194605,1.5465338478027235,1.5477440364770993,1.5486727563004572,1.5493507619828857,1.5498091881895633,1.550073387721833,1.5501595999539854
1.5502282773373264,1.550148628514581,1.549904909839382,1.5494832961240992,1.548862581379864,1.5480176194418553,1.54692545334112,1.5455752021044065,1.5439823374282962,1.542206458178538,1.5403687681422846,1.5386627111184683,1.537352554275677,1.536744060162775,1.5368764810097648,1.5376730237817349,1.5389990024073354,1.5406908736974596,1.5425761906887172,1.5444931669257629,1.5463064604700076,1.5479148565222762,1.5492506602315128,1.5502736247959217,1.5509628154630979,1.551308990469195,1.5513089908365865,1.550962815925667,1.5502736245537274,1.549250659464624,1.547914855738222,1.5463064598661636,1.5444931670813458,1.5425761910832891,1.5406908744289558,1.5389990027485156,1.5376730237110094,1.5368764808271467,1.5367440602164952,1.5373525544161866,1.538662710979135,1.5403687674854847,1.5422064584927462,1.5439823377027337,1.5455752021045335,1.5469254531150727,1.5480176192283783,1.5488625815994093,1.549483296614173,1.549904910581603,1.5501486289863995,1.5502282774233018
1.5503214660252875,1.5502506248241048,1.5500343005367077,1.549661607847163,1.5491162863665697,1.54838007117459,1.5474384166524926,1.5462892723330537,1.544955076328819,1.543496660801253,1.5420250701818528,1.5407039089235872,1.539731757821205,1.539289700836654,1.5394345407063097,1.5401248472069733,1.5412560095396595,1.5426910473629973,1.5442847280995096,1.54590227459078,1.54743178320293,1.5487894539166622,1.5499185859311415,1.550784660313216,1.5513689846858503,1.551662772176166,1.5516627718958191,1.551368984091102,1.550784659559152,1.5499185851238408,1.5487894535202962,1.5474317830703246,1.5459022750992502,1.5442847288146095,1.54269104789549,1.5412560097399024,1.5401248467699502,1.5394345405611398,1.5392897009391613,1.539731758078178,1.5407039089970151,1.542025069723072,1.54349665970231,1.5449550765591662,1.5462892726900213,1.547438416884162,1.5483800712780476,1.5491162865964494,1.5496616082151966,1.5500343010984245,1.5502506252953558,1.550321466278613
1.5504293477717264,1.5503686007277109,1.5501835497914633,1.5498662722580547,1.5494053650584285,1.5487890288212833,1.5480100397141685,1.5470729288862703,1.5460031182318432,1.5448564761794743,1.5437257100881554,1.5427376645008488,1.5420346218931438,1.5417356992391622,1.5418891612572225,1.542471381536037,1.5434051624442433,1.5445833969770106,1.5458903635613066,1.547217931441897,1.548475685610102,1.5495950546918955,1.5505286479292422,1.551246653859753,1.5517321284311067,1.5519765586149235,1.5519765580083114,1.551732127214078,1.5512466528417208,1.5505286472249038,1.5495950546201027,1.5484756859113766,1.547217932004814,1.5458903642196038,1.5445833969876688,1.543405162547568,1.5424713814356101,1.5418891614031274,1.5417356994443632,1.5420346221725407,1.5427376646403814,1.54372570981008,1.5448564753409046,1.546003116824482,1.5470729289535672,1.5480100403688823,1.5487890294943136,1.5494053655560611,1.549866272673805,1.5501835502185621,1.5503686011380202,1.550429348178886
1.550541504780408,1.5504912159988944,1.5503384283006238,1.5500778386633947,1.549702215048756,1.5492050318483412,1.5485845038621466,1.54784905640094,1.547023750614588,1.5461562385605518,1.5453194502556116,1.544607158464809,1.5441189637865882,1.5439352104525816,1.5440916973186658,1.5445741388515803,1.5453274066265426,1.5462716086279724,1.5473183665770955,1.5483837136660308,1.5493962714375193,1.5503007863339946,1.5510580135928487,1.5516423371174533,1.5520384671887368,1.5522382494206,1.5522382490398854,1.5520384661755022,1.551642336209029,1.5510580131262852,1.550300786518023,1.5493962720477577,1.5483837139831722,1.5473183669409414,1.5462716083427632,1.5453274068222917,1.5445741389247956,1.5440916974878398,1.5439352104888822,1.5441189638347275,1.5446071584891825,1.5453194501069087,1.5461562381880016,1.5470237497785453,1.547849055366436,1.5485845045730413,1.5492050328568743,1.5497022156907565,1.5500778388612095,1.5503384282537245,1.550491215989516,1.5505415049329636
1.5506482645219828,1.5506080420129986,1.5504861724911634,1.5502794413042251,1.5499838315457646,1.5495966397735559,1.5491195570561043,1.5485625890177106,1.5479483010419657,1.5473151915736443,1.5467183100221744,1.546224845530683,1.5459032744704984,1.5458075549502364,1.545962533850051,1.5463590143605734,1.5469583898335042,1.5477029217087843,1.5485272019871854,1.5493677660860918,1.5501694837373303,1.5508886050129276,1.551493102309802,1.55196127395538,1.5522795671291048,1.5524403842818622,1.5524403842597043,1.5522795667672746,1.551961273563842,1.5514931022479892,1.550888605078036,1.550169484043951,1.5493677657371705,1.5485272018427318,1.5477029215333953,1.546958390166466,1.546359014574996,1.545962534049321,1.5458075548867356,1.5459032743451824,1.5462248454210168,1.5467183098796693,1.5473151914910321,1.5479483007538306,1.548562588438156,1.5491195561525781,1.5495966403585646,1.5499838325099988,1.5502794418289498,1.5504861724779302,1.5506080418432995,1.5506482644976225
1.5507416604953146,1.5507105839350745,1.5506166848901166,1.550458267793571,1.550233561817265,1.5499423278205684,1.5495880888641238,1.5491808078954001,1.5487395182701507,1.5482940630858435,1.5478847275003216,1.547558545714762,1.5473618466354517,1.5473303904350788,1.5474806571258035,1.5478063174932952,1.548280572590117,1.5488625104899845,1.5495047817891332,1.5501604224721368,1.5507876623905739,1.5513524639112235,1.5518291339894918,1.55219963214749,1.5524522321139869,1.5525800872508988,1.5525800874486546,1.5524522324327559,1.5521996324925194,1.5518291343991704,1.551352463780203,1.5507876622462018,1.5501604218781462,1.549504781584704,1.5488625104687692,1.548280572916862,1.5478063176798469,1.547480657273207,1.5473303903386895,1.5473618465114942,1.54755854566442,1.5478847274967182,1.5482940633068938,1.5487395184681119,1.5491808078935418,1.5495880882778126,1.5499423269015438,1.5502335621898247,1.5504582682884784,1.55061668487951,1.5507105835873196,1.5507416601955282
1.5508159345151589,1.5507927836950366,1.550723024401935,1.5506059708580746,1.5504412669890602,1.5502300479440925,1.5499764929758044,1.549689555100765,1.5493845128704216,1.5490837471367627,1.548816018079185,1.5486136329784372,1.5485074714341702,1.5485208559713404,1.5486642889958053,1.5489331219403566,1.5493087549123672,1.54976250259781,1.5502605753969614,1.5507687540862303,1.5512558846680997,1.5516959069421836,1.552068561550235,1.552359150402489,1.5525577825773482,1.5526584887439636,1.552658488987556,1.552557783310142,1.552359151149782,1.5520685620935981,1.5516959065783142,1.5512558840520432,1.5507687534690504,1.5502605750175829,1.5497625024658197,1.5493087550053386,1.5489331219440918,1.5486642890207296,1.5485208558489019,1.5485074713563618,1.5486136330091491,1.5488160181665143,1.5490837474673993,1.5493845132192148,1.5496895553832788,1.549976492843093,1.5502300471638233,1.550441265739669,1.5506059709914997,1.5507230249977662,1.550792783958442,1.5508159344722097
1.550867634005004,1.5508510818082946,1.5508013424829759,1.5507183347014286,1.5506024830283125,1.5504555304182042,1.5502815606511227,1.5500880781467015,1.5498868688269924,1.549694257560726,1.5495303477501694,1.5494169607818618,1.549374375367876,1.54941752808508,1.5495528217156942,1.54977664378067,1.550075996337614,1.550430831552495,1.5508172240099043,1.551210495639572,1.5515876849968928,1.5519291059932656,1.552219031377898,1.5524457108578498,1.5526009978101596,1.552679840879693,1.5526798410525926,1.552600998584365,1.552445711527868,1.5522190318116245,1.5519291059360945,1.551587684617577,1.5512104953178005,1.5508172235706168,1.5504308312277166,1.5500759960872386,1.5497766435317097,1.5495528216080798,1.549417527975795,1.5493743754013514,1.549416960953784,1.549530347954823,1.5496942579388635,1.5498868691817131,1.5500880784069686,1.5502815606239264,1.5504555299093592,1.5506024818257125,1.5507183334014325,1.550801342553764,1.550851082370723,1.5508676342720094
1.5508954064883096,1.5508841586532474,1.5508504530032394,1.5507945200352304,1.5507171353767477,1.5506201525733199,1.5505071589785282,1.550384120855143,1.5502598272310264,1.5501458944813138,1.5500561032891527,1.550004950734668,1.550005538746962,1.5500672228985959,1.5501936750452259,1.5503819619887067,1.5506228868915972,1.5509024007372665,1.5512036023041942,1.5515087932545821,1.5518011852735174,1.5520660597615634,1.5522913650913728,1.5524678602457689,1.552588972275883,1.5526505336799123,1.5526505337185514,1.5525889727343547,1.5524678605245892,1.5522913652194845,1.5520660601355538,1.5518011853079643,1.5515087932936884,1.5512036019173177,1.5509024002419123,1.5506228863356102,1.550381961566431,1.5501936749057899,1.5500672228934689,1.5500055389586436,1.5500049510852707,1.55005610364425,1.5501458949681863,1.550259827678945,1.5503841211418259,1.5505071590209543,1.5506201523668106,1.550717134786855,1.5507945190325,1.5508504518319648,1.5508841590238607,1.550895407431272
1.550899623454705,1.5508925048149642,1.550871237175542,1.5508361783560336,1.550788178588015,1.550728925756206,1.5506613494759278,1.5505899893668493,1.5505212005760192,1.5504630541844007,1.550424810506344,1.5504159262015347,1.5504446984035236,1.5505168115796104,1.550634161611094,1.5507942910911225,1.5509905823226726,1.5512131148601787,1.5514499212430157,1.5516883250255844,1.551916103021541,1.5521223263774013,1.5522978496920667,1.5524354997142733,1.5525300610647246,1.5525781648538117,1.5525781647246146,1.5525300609804316,1.5524354997131904,1.5522978497978983,1.5521223270015547,1.5519161033697064,1.5516883253046247,1.551449920869638,1.551213114253645,1.5509905815601426,1.5507942905007275,1.5506341613552657,1.550516811542708,1.5504446986189475,1.5504159265293962,1.5504248108188785,1.5504630545824232,1.5505212009424665,1.5505899895615818,1.5506613494589567,1.5507289256321386,1.550788178387862,1.5508361780253286,1.5508712363778283,1.5508925040079626,1.5508996239966812
1.550881930884668,1.550877928309813,1.5508660257583373,1.5508465911614266,1.550820398932433,1.5507888455328032,1.550754188788821,1.5507197474566052,1.550689978497244,1.5506703498025503,1.5506669446445742,1.5506857930357214,1.5507320065863268,1.550808881505079,1.550917185425297,1.551054815461861,1.5512169131049587,1.5513963899982122,1.5515847166697816,1.5517727891615618,1.5519517123108597,1.552113398486656,1.5522509506972075,1.5523588522121137,1.5524330159114053,1.5524707598138452,1.552470759624884,1.552433015378324,1.5523588520701297,1.552250950781047,1.5521133990147986,1.5519517127027305,1.5517727894913105,1.5515847163866712,1.5513963895467389,1.551216912451415,1.5510548149161114,1.5509171851416368,1.550808881424921,1.5507320067202297,1.550685793216611,1.5506669447588761,1.5506703499503565,1.5506899786566932,1.55071974752333,1.5507541887514162,1.5507888454588201,1.5508203989011422,1.550846591209872,1.550866025574039,1.550877927557945,1.5508819299328527
1.5508448116007583,1.5508430922583785,1.5508380311237875,1.550829946986609,1.550819470941738,1.55080767600578,1.5507962132061444,1.5507874126738572,1.5507842972019852,1.5507904624878253,1.5508097911269965,1.5508460087191422,1.5509021347297478,1.5509799297178204,1.5510794637133516,1.551198911826504,1.551334626645892,1.5514814645456554,1.551633283229545,1.551783502125907,1.5519256269172121,1.5520536706740653,1.5521624447674989,1.5522477283950364,1.5523063439079612,1.55233617782791,1.5523361778606088,1.5523063435244462,1.5522477283091671,1.5521624447693276,1.5520536708784816,1.551925627094966,1.551783502308799,1.5516332830774908,1.551481464382883,1.5513346262856327,1.5511989115388505,1.5510794635665737,1.5509799296548759,1.5509021347809189,1.550846008729006,1.5508097909927074,1.5507904623415982,1.5507842971452852,1.5507874126761534,1.55079621330326,1.5508076761425307,1.5508194711337349,1.5508299472604656,1.550838031345688,1.5508430920794196,1.550844810780468
1.5507912121332623,1.5507911119184936,1.5507908878625034,1.5507907863791244,1.5507912779628124,1.5507931323646416,1.5507974924537142,1.5508059204996922,1.550820383970255,1.550843156409672,1.550876616361647,1.5509229562569555,1.5509838356444474,1.551060041491473,1.5511512280137922,1.5512557965522533,1.5513709440033137,1.5514928682106466,1.5516170841255832,1.5517387868500245,1.5518532017377369,1.551955878495516,1.5520429077347002,1.5521110629597787,1.5521578816188117,1.5521817064824408,1.552181706701552,1.5521578814967898,1.5521110628788546,1.5520429075213689,1.551955878281425,1.5518532015990847,1.551738786842272,1.551617084133791,1.551492868371983,1.5513709440291485,1.551255796624505,1.5511512280477056,1.551060041439498,1.5509838355858128,1.550922956079297,1.550876615974586,1.5508431559689286,1.5508203836948853,1.5508059204276068,1.5507974926862726,1.5507931327283704,1.5507912783843965,1.550790786782336,1.5507908882237003,1.55079111209728,1.550791211897977
1.5507242363591076,1.5507252408283676,1.5507283078471736,1.5507336087342,1.5507414636776196,1.55075238368453,1.5507671084605261,1.5507866239034456,1.550812138997747,1.5508450095769661,1.550886600152217,1.550938095199193,1.5510002815332424,1.5510733405351382,1.551156692376124,1.5512489271344776,1.5513478392235136,1.5514505587967928,1.5515537543436113,1.5516538691948147,1.5517473552214525,1.551830877399048,1.5519014734003953,1.551956667909961,1.551994549493231,1.5520138183343628,1.5520138185063237,1.5519945495764707,1.55195666790645,1.5519014730665193,1.5518308768798303,1.55174735479114,1.5516538689946295,1.5515537544238578,1.5514505591660215,1.5513478395673934,1.5512489274829775,1.5511566925351876,1.5510733405089288,1.5510002814124713,1.5509380948989349,1.5508865996160779,1.550845008961237,1.5508121385831406,1.5507866237427925,1.5507671087218422,1.5507523841460433,1.5507414642248472,1.5507336091937254,1.5507283082005554,1.5507252410816645,1.5507242364365363
1.5506469240859686,1.5506486454911899,1.5506538422872436,1.550662618557446,1.5506751671758208,1.5506917922089034,1.5507129270085163,1.5507391377445225,1.550771100461232,1.5508095452913648,1.5508551634947254,1.550908486611948,1.5509697509728033,1.5510387716330516,1.5511148502534498,1.5511967370238198,1.55128265641432,1.5513703929320772,1.551457422191395,1.5515410662208071,1.5516186501503257,1.5516876443023453,1.5517457815550757,1.5517911472545307,1.5518222477719499,1.5518380582839133,1.551838058256701,1.5518222478266552,1.5517911471385173,1.551745781125723,1.5516876436794267,1.5516186496235913,1.5515410659700288,1.5514574223307167,1.5513703934145626,1.5512826569281197,1.5511967374716498,1.551114850427037,1.5510387715938778,1.5509697508083038,1.5509084862843576,1.5508551629929415,1.5508095447070975,1.5507711000489561,1.550739137515477,1.5507129271768267,1.5506917925945873,1.550675167692684,1.550662619009927,1.5506538426118135,1.550648645719017,1.5506469242308953
1.5505621038993835,1.550564257499179,1.550570733555659,1.550581581106947,1.5505968924030702,1.5506168142526824,1.5506415559241875,1.550671386746232,1.5507066170523118,1.550747558914128,1.5507944649718068,1.5508474521578461,1.550906418255688,1.5509709663716926,1.5510403516830729,1.5511134617497888,1.5511888363215633,1.551264724631341,1.5513391713069442,1.551410119246468,1.5514755156563058,1.551533410965145,1.5515820454491982,1.5516199193247089,1.5516458516535416,1.5516590262998853,1.5516590261145278,1.5516458515790046,1.55161991900207,1.551582045076915,1.551533410496671,1.5514755152353858,1.5514101190153604,1.5513391714121658,1.5512647250672231,1.551188836809908,1.5511134621540936,1.5510403518038596,1.5509709662706932,1.5509064180685042,1.5508474519179145,1.5507944646758838,1.5507475585325174,1.5507066167577155,1.5506713864858754,1.5506415559179578,1.550616814425384,1.550596892744651,1.550581581477977,1.55057073385543,1.5505642577115049,1.5505621040301365
1.5504723062129615,1.5504746883408453,1.5504818366152104,1.550493757934541,1.5505104694049825,1.5505320037098462,1.5505584122149538,1.5505897607366224,1.5506261153720586,1.5506675157932557,1.5507139359991342,1.5507652370874303,1.5508211167589223,1.5508810649112017,1.5509443339651632,1.5510099301062574,1.551076628786428,1.5511430139060653,1.551207535166836,1.551268576862758,1.5513245305922228,1.5513738645862458,1.551415188089605,1.5514473067201506,1.5514692717846383,1.5514804236899797,1.5514804234572568,1.5514692716097886,1.5514473062604939,1.5514151878276603,1.551373864279143,1.5513245303616772,1.5512685767413086,1.5512075352531094,1.5511430142278992,1.5510766291253486,1.5510099303792695,1.550944333990639,1.550881064729543,1.5508211165782948,1.5507652369771234,1.5507139359392281,1.5506675156664655,1.5506261152550658,1.550589760505267,1.5505584120411047,1.5505320036332295,1.5505104694996572,1.5504937581578515,1.5504818368664224,1.5504746885564278,1.5504723063436874
1.5503797226396818,1.5503821917259606,1.5503895910597028,1.5504018971664395,1.5504190739865873,1.5504410751974331,1.5504678453588379,1.5504993157749651,1.5505353949033258,1.550575950843166,1.5506207869613406,1.5506696133972688,1.5507220173745024,1.5507774379358048,1.5508351503105722,1.5508942634973462,1.5509537327049125,1.551012386691852,1.5510689669288487,1.551122174174666,1.5511707191257698,1.5512133717452723,1.5512490093488107,1.551276661712687,1.5512955521227647,1.551305137396108,1.551305137224767,1.551295551978963,1.5512766613416018,1.5512490092309053,1.5512133715541172,1.5511707191095168,1.5511221741721597,1.5510689669768285,1.5510123868344385,1.5509537328200071,1.5508942636002399,1.550835150252506,1.550777437746555,1.5507220172612832,1.550669613397264,1.5506207870621893,1.550575950916551,1.5505353949406593,1.5504993156130622,1.550467845091527,1.5504410749345818,1.5504190738478154,1.550401897202452,1.5503895912121606,1.5503821919281622,1.5503797227967964
1.5502861986176266,1.5502886595260226,1.550296027482697,1.550308258495528,1.5503252810739325,1.5503469971476511,1.5503732826166616,1.550403984089542,1.5504389130146579,1.5504778347165187,1.5505204540168023,1.5505663986833609,1.550615202704475,1.5506662927806445,1.5507189809338324,1.550772465542273,1.5508258416282594,1.550878120302853,1.5509282561359987,1.550975179222865,1.551017830994071,1.5510552004923894,1.5510863604713903,1.5511105051117662,1.5511269849810374,1.551135343132646,1.551135343077884,1.551126984965065,1.5511105049916791,1.5510863605143386,1.5510552004220999,1.5510178311240144,1.5509751792280297,1.5509282561286188,1.5508781202926307,1.5508258415642742,1.5507724655073285,1.5507189808251884,1.5506662926471313,1.5506152026806659,1.5505663987506093,1.5505204541779036,1.550477834874464,1.5504389131229186,1.5504039840123722,1.5503732823591796,1.550346996814885,1.5503252807712669,1.5503082583386742,1.550296027486354,1.5502886596630352,1.550286198788421
1.5501932481550647,1.5501956397132128,1.5502027952151902,1.5502146579349378,1.550231134557546,1.5502520955961698,1.5502773759015633,1.550306772514782,1.5503400415746047,1.5503768918681595,1.5504169770672789,1.5504598867654797,1.5505051376491978,1.5505521670766755,1.5506003305248015,1.5506489043036404,1.550697094223128,1.5507440497469238,1.5507888835536285,1.5508306942056038,1.5508685916517393,1.5509017251019541,1.5509293108561253,1.5509506639752573,1.5509652293409177,1.5509726139673232,1.5509726140348907,1.5509652294858165,1.5509506641490094,1.5509293110653193,1.5509017251947288,1.5508685918447118,1.550830694167879,1.550788883519881,1.550744049601855,1.5506970939988418,1.5506489041447917,1.5506003303882376,1.5505521670367672,1.5505051377340875,1.550459886902635,1.5504169772304903,1.5503768920061594,1.5503400416722362,1.5503067725069901,1.5502773757072603,1.550252095279027,1.5502311341760482,1.5502146576270082,1.550202795062245,1.5501956397320227,1.5501932482860947
1.5501020819186986,1.5501043672865884,1.5501112017937309,1.550122521827863,1.5501382222476376,1.550158156780364,1.5501821386356842,1.5502099394387736,1.550241288107516,1.5502758674380763,1.5503133105397702,1.5503531966523623,1.5503950470697894,1.5504383228363818,1.5504824250039047,1.550526698029648,1.550570437091289,1.5506128986584207,1.550653314679756,1.5506909093623114,1.5507249174986166,1.5507546065051707,1.5507792990750173,1.5507983997681816,1.5508114236126864,1.5508180253154145,1.5508180254650017,1.5508114238741115,1.5507984001760302,1.5507792994331007,1.5507546067742806,1.550724917713675,1.5506909093095944,1.5506533146189323,1.5506128983747651,1.550570436753591,1.5505266977985173,1.5504824248658873,1.5504383228786676,1.55039504723787,1.5503531968505242,1.5503133106832234,1.5502758675178068,1.550241288157964,1.5502099394586508,1.5501821384927936,1.5501581565174571,1.5501382218718607,1.5501225214504455,1.5501112015249243,1.5501043671568597,1.5501020819371512
1.550013642069825,1.5500158014819667,1.5500222572423312,1.550032943035276,1.5500477489406042,1.550066522051037,1.5500890671845942,1.5501151467177505,1.550144480765109,1.5501767458050801,1.5502115736403073,1.5502485501011114,1.5502872138229038,1.5503270562398819,1.5503675233596712,1.5504080193263954,1.5504479125632131,1.5504865439639117,1.5505232371531972,1.550557311481242,1.5505880958169163,1.550614945983328,1.5506372643308877,1.550654522428575,1.5506662878577715,1.550672251199247,1.5506722513696858,1.5506662881406499,1.5506545229372044,1.5506372647785214,1.550614946397423,1.5505880960704819,1.5505573114804607,1.5505232370596893,1.5504865436024147,1.5504479121910364,1.5504080190438252,1.5503675231964478,1.5503270563088796,1.5502872140307478,1.550248550348039,1.5502115737839481,1.5501767458503712,1.5501444807593272,1.5501151467105296,1.55008906705331,1.5500665218494705,1.550047748633916,1.5500329426783275,1.5500222569308097,1.5500158012165588,1.5500136419259805
1.5499286392602543,1.5499306646615632,1.5499367185913433,1.549946734864716,1.5499606035579891,1.549978171896964,1.5499992450395061,1.5500235866031362,1.5500509195827206,1.5500809263204907,1.550113248937595,1.5501474896574674,1.5501832112565421,1.5502199382983528,1.550257159600477,1.5502943316842834,1.5503308838136185,1.5503662246713517,1.5503997498423414,1.5504308519684915,1.5504589319986462,1.5504834130028842,1.5505037577124785,1.5505194885799103,1.550530213006247,1.5505356488933746,1.5505356490471285,1.5505302132462961,1.550519489054269,1.5505037581505539,1.5504834134727012,1.5504589322902875,1.5504308520552605,1.5503997497490494,1.5503662243434657,1.5503308834749758,1.5502943313790747,1.5502571594235037,1.550219938358555,1.5501832114485736,1.5501474898958627,1.5501132490663252,1.5500809263438156,1.550050919527303,1.5500235865559215,1.5499992449116735,1.5499781717570469,1.549960603351716,1.5499467345925226,1.5499367183068753,1.5499306643115096,1.54992863895878
1.5498475887157326,1.5498494798435642,1.549855131780297,1.5498644802684807,1.5498774184756325,1.5498937980790022,1.5499134300626283,1.5499360857642668,1.5499614981270835,1.5499893624798005,1.550019337801971,1.5500510478896865,1.5500840826986546,1.5501180001953625,1.5501523290275634,1.550186571786799,1.5502202089525663,1.550252704428208,1.550283511417099,1.5503120801709969,1.5503378677453619,1.5503603493302844,1.550379034142425,1.5503934838953697,1.5504033365947305,1.550408331251129,1.550408331354523,1.5504033367299486,1.550393484214382,1.5503790344629365,1.5503603497471423,1.5503378680405162,1.5503120803426556,1.550283511395841,1.5502527042396375,1.5502202087103738,1.5501865715416812,1.5501523288747225,1.5501180001963768,1.5500840827968596,1.5500510480421377,1.5500193378791087,1.549989362477689,1.5499614980451666,1.549936085705303,1.5499134299565136,1.5498937979973044,1.549877418365559,1.5498644800929149,1.5498551315538602,1.5498494794748527,1.5498475883204994
1.5497708435839936,1.5497726051244511,1.549777869403219,1.549786575140247,1.5497986204604979,1.5498138640786172,1.5498321260382675,1.549853189090295,1.5498768000521568,1.5499026710094028,1.5499304810100218,1.549959877637094,1.549990478752729,1.5500218745853747,1.550053630253862,1.5500852888419874,1.5501163744860436,1.55014639674762,1.5501748557073898,1.5502012478538645,1.5502250746534119,1.5502458524516045,1.550263126906495,1.5502764905594115,1.5502856053501282,1.5502902268411745,1.550290226868183,1.5502856053403276,1.5502764906612303,1.5502631270386151,1.5502458527223069,1.5502250748905657,1.5502012480711391,1.5501748558093968,1.5501463967537945,1.5501163744077613,1.550085288748367,1.5500536301526524,1.5500218745092549,1.549990478726327,1.5499598776482761,1.5499304809839225,1.5499026709526023,1.5498767999617742,1.5498531890614118,1.5498321259882475,1.549813864056688,1.5497986204131609,1.5497865750201332,1.5497778692224873,1.5497726047952418,1.5497708431902342
1.5496986246028972,1.5497002641587543,1.5497051636747334,1.5497132654122996,1.54972447344846,1.549738654885707,1.5497556405098594,1.5497752263011584,1.5497971747836548,1.5498212164079108,1.5498470514008325,1.5498743514848072,1.5499027617299987,1.5499319027063407,1.549961372633125,1.5499907501079682,1.5500195967805117,1.5500474605786176,1.5500738802354572,1.5500983900422511,1.5501205272769363,1.5501398413699383,1.5501559070903401,1.5501683416015148,1.550176825927871,1.550181128837941,1.5501811287888183,1.5501768257785784,1.5501683414822873,1.5501559070046518,1.5501398414425778,1.5501205274108878,1.5500983902611989,1.5500738804619114,1.5500474607736396,1.550019596902909,1.5499907501943144,1.5499613725978656,1.5499319025990876,1.549902761599508,1.549874351327149,1.5498470512375189,1.549821216279476,1.5497971747024422,1.5497752263308042,1.549755640533904,1.5497386549096028,1.5497244734122588,1.5497132652932382,1.549705163515485,1.5497002639043556,1.5496986242915738
1.5496310457699665,1.5496325724637097,1.5496371345978806,1.5496446782254965,1.5496551137951884,1.5496683172979226,1.5496841308801312,1.5497023643330954,1.5497227963616824,1.5497451760170962,1.549769224541339,1.5497946370765145,1.5498210843942142,1.5498482150094175,1.5498756570042151,1.549903020167989,1.5499298985062957,1.549955872622965,1.5499805135477052,1.55000338694644,1.5500240595173962,1.5500421077509066,1.5500571301288006,1.550068763802093,1.550076705283518,1.5500807340634657,1.5500807339607217,1.5500767050341735,1.5500687635078243,1.5500571298637678,1.5500421076478388,1.5500240595395942,1.5500033871181138,1.5499805138325853,1.549955872934972,1.5499298988000876,1.5499030203978839,1.5498756570494632,1.5498482149361654,1.5498210842079783,1.5497946367942896,1.5497692242738939,1.549745175818154,1.5497227962712863,1.549702364391794,1.5496841309509803,1.5496683173411645,1.5496551137420347,1.5496446780885051,1.549637134443459,1.5496325722802067,1.5496310455647557
1.5495681360626297,1.5495695596151966,1.549573813537145,1.5495808477027742,1.5495905789703461,1.5496028921733922,1.549617640736413,1.5496346480628143,1.5496537086852427,1.5496745896624504,1.5496970323140273,1.5497207538682414,1.5497454489325522,1.5497707913699978,1.5497964359997494,1.5498220201198125,1.549847165737871,1.549871481527479,1.5498945658722962,1.5499160108093721,1.549935407608992,1.5499523552275318,1.5499664718184993,1.5499774110401687,1.5499848821855995,1.5499886735708894,1.5499886734482107,1.5499848819017177,1.5499774106643966,1.5499664714677273,1.5499523550099716,1.5499354075244778,1.549916010891187,1.5498945661272314,1.5498714818559862,1.5498471661187498,1.5498220204270527,1.5497964361303465,1.549770791364851,1.5497454487558697,1.5497207535687336,1.5496970320143566,1.549674589401236,1.5496537085485997,1.5496346480891794,1.5496176408000084,1.5496028922096612,1.5495905789070308,1.5495808475699406,1.5495738133899628,1.5495695594799648,1.5495681359392621
1.5495098575639217,1.5495111877081111,1.5495151626349664,1.5495217359163616,1.549530830601149,1.5495423399926695,1.5495561282845054,1.5495720318193862,1.5495898601239135,1.5496093972299123,1.549630403188442,1.54965261559955,1.5496757508840076,1.5496995057317031,1.5497235587235205,1.5497475714665998,1.5497711903267597,1.5497940482133983,1.5498157669494235,1.549835960986371,1.5498542424196544,1.5498702291055624,1.549883555748965,1.5498938898549501,1.5499009514478452,1.549904536200584,1.549904536090752,1.5499009512023714,1.549893889503362,1.549883555408169,1.5498702288369737,1.5498542422493178,1.5498359609658943,1.5498157671064798,1.5497940484636072,1.5497711906862661,1.549747571776351,1.5497235589195029,1.5496995058008873,1.549675750788089,1.5496526153861547,1.5496304029241776,1.5496093969393436,1.5495898599234446,1.54957203175078,1.5495561282793353,1.54954234000045,1.5495308305565325,1.5495217358348916,1.549515162522556,1.54951118760957,1.5495098574816506
1.5494561203802373,1.5494573665145102,1.5494610906348438,1.5494672497824207,1.5494757728083997,1.549486560933874,1.5494994883972741,1.5495144035694668,1.5495311298684442,1.5495494670166017,1.549569192294378,1.5495900618049692,1.5496118116674105,1.5496341590656186,1.5496568036241758,1.5496794284007132,1.5497017010725,1.549723275572103,1.5497437939853533,1.549762889984123,1.5497801935129725,1.5497953385329084,1.5498079738393644,1.5498177786875347,1.5498244822497218,1.5498278864207617,1.5498278863461379,1.5498244820971834,1.5498177784362566,1.5498079735720365,1.549795338267934,1.5497801932873396,1.5497628898641786,1.5497437940087497,1.5497232756947674,1.5497017013362258,1.549679428652666,1.5496568038361083,1.5496341591873555,1.5496118116836313,1.5495900617212919,1.5495691921195145,1.5495494667568106,1.5495311296151693,1.54951440337559,1.5494994882895157,1.5494865608975883,1.5494757727957675,1.5494672497784328,1.5494610905845185,1.5494573664594742,1.549456120313985
1.5494067947719024,1.5494079657603617,1.5494114655978313,1.5494172545101246,1.5494252666674317,1.5494354105642225,1.5494475696639791,1.5494616033786526,1.5494773478251094,1.5494946169869261,1.5495132037990753,1.5495328810461337,1.5495534024509574,1.5495745035206485,1.5495959025204882,1.5496173013904253,1.5496383865226189,1.549658830171979,1.549678292068913,1.5496964225007919,1.5497128668205244,1.5497272728491895,1.5497393015086327,1.5497486421217739,1.549755031739071,1.5497582775972638,1.5497582775657823,1.5497550316988538,1.5497486419974986,1.5497393013355174,1.5497272726217932,1.5497128665712272,1.5496964223065481,1.5496782919723122,1.5496588301681324,1.5496383866524628,1.549617301534484,1.5495959026837645,1.549574503655575,1.5495534025592337,1.549532881082435,1.5495132037464237,1.54949461680982,1.5494773475585848,1.5494616030958144,1.5494475694666898,1.5494354104636483,1.549425266656831,1.5494172545624094,1.5494114656177698,1.549407965771213,1.549406794734283
1.5493617209640718,1.5493628250224118,1.5493661250863326,1.5493715842646696,1.5493791415367306,1.5493887120059913,1.5494001875088412,1.5494134374821988,1.5494283095698633,1.549444630578132,1.549462207478323,1.5494808280246746,1.5495002616020306,1.549520260004497,1.5495405580259523,1.5495608742229392,1.5495809114503731,1.5496003579845223,1.5496188889855143,1.549636169220916,1.5496518574312577,1.549665613446143,1.5496771087074368,1.5496860412468905,1.5496921549432263,1.5496952616752604,1.5496952616815123,1.5496921549998737,1.5496860412377793,1.5496771086233416,1.54966561327023,1.5496518571884375,1.549636168999648,1.549618888814692,1.549600357874466,1.5495809114305372,1.5495608742277005,1.54954055808889,1.549520260107915,1.5495002617482552,1.5494808281433048,1.5494622075466609,1.5494446305077723,1.5494283093557049,1.5494134371956187,1.5494001872623573,1.54938871182515,1.549379141478714,1.5493715843187041,1.5493661251550552,1.5493628251119582,1.5493617209875328
1.5493207170103722,1.549321761643626,1.5493248842783716,1.5493300506190664,1.5493372039540767,1.5493462653541052,1.5493571342061971,1.5493696889444806,1.5493837875854453,1.5493992684212268,1.5494159508947125,1.5494336361125292,1.549452107386097,1.549471130920069,1.5494904561503704,1.5495098162717877,1.5495289286405363,1.5495474955897341,1.549565205790447,1.549581736691606,1.5495967587417918,1.5496099422421132,1.5496209678067367,1.5496295410658154,1.5496354118476023,1.5496383960953102,1.5496383961269036,1.5496354119651015,1.5496295411414212,1.549620967803111,1.5496099421294143,1.549596758534455,1.549581736482515,1.5495652055809048,1.549547495396879,1.5495289284867073,1.5495098161384626,1.5494904560855502,1.549471130948048,1.549452107507105,1.549433636265871,1.5494159510528411,1.5493992684613698,1.5493837874869891,1.5493696887331814,1.5493571339617427,1.549346265110569,1.549337203821125,1.5493300506198304,1.549324884353224,1.5493217617949508,1.5493207171123904
1.5492835850802444,1.5492845770594008,1.5492875424280053,1.5492924492362756,1.5492992446195974,1.549307854991462,1.5493181865203038,1.5493301256604346,1.5493435396548254,1.5493582770511718,1.5493741683514883,1.5493910264965955,1.5494086471708126,1.5494268093129773,1.5494452753091768,1.5494637912585525,1.5494820872875246,1.5494998781043712,1.5495168642337023,1.549532734251111,1.5495471688845033,1.549559847628055,1.5495704591269968,1.5495787156850527,1.549584372341863,1.549587248615236,1.5495872486624036,1.5495843724863547,1.549578715811079,1.5495704591907695,1.5495598475870815,1.5495471687373499,1.5495327340752527,1.5495168640038206,1.5494998778517437,1.5494820870300572,1.5494637910065225,1.5494452751197774,1.5494268092482848,1.5494086472261892,1.5493910266374866,1.5493741685464966,1.549358277179816,1.5493435396892685,1.5493301255634724,1.5493181863381802,1.549307854744839,1.5492992444315201,1.5492924491680296,1.5492875424705428,1.5492845772216655,1.5492835852318836
1.5492501164719006,1.5492510618552948,1.5492538880297906,1.5492585651686697,1.5492650438580542,1.5492732552583104,1.5492831115728258,1.5492945063893804,1.5493073150963996,1.5493213953438347,1.5493365874540372,1.5493527148217854,1.549369584090862,1.549386985450323,1.5494046927286296,1.5494224634186042,1.549440038882552,1.5494571447322705,1.5494734919187994,1.549488778799177,1.5495026951369204,1.5495149285369705,1.54952517470951,1.5495331518485802,1.5495386195816803,1.5495414005775188,1.5495414006316808,1.54953861972846,1.5495331519986857,1.549525174822038,1.549514928558454,1.5495026950510224,1.5494887786568627,1.5494734916822148,1.5494571444487149,1.5494400385624434,1.549422463087829,1.5494046924489773,1.5493869852981144,1.549369584056565,1.5493527149047,1.5493365876287946,1.5493213955171032,1.549307315229043,1.5492945064068184,1.549283111503144,1.5492732550826795,1.5492650436820137,1.5492585650690447,1.5492538880196745,1.5492510619589488,1.5492501166006005
1.549220095617409,1.5492209998032267,1.5492237029311433,1.549228177068578,1.5492343759033103,1.5492422348177908,1.549251671329475,1.5492625853437496,1.5492748594346082,1.5492883592817441,1.5493029339215347,1.5493184159872901,1.5493346218071213,1.5493513515022468,1.549368388989036,1.5493855018308598,1.549402441288516,1.549418942576864,1.549434725828278,1.549449498020702,1.5494629568667826,1.5494747971422902,1.5494847207981854,1.549492451247225,1.5494977521790987,1.5495004490431699,1.5495004490900732,1.5494977522998694,1.5494924513939736,1.5494847209337452,1.5494747972030167,1.5494629568252567,1.549449497902558,1.5494347255986138,1.5494189422931943,1.5494024409549996,1.5493855014781277,1.5493683886690934,1.5493513512817203,1.5493346216808577,1.5493184159857734,1.549302934029983,1.5492883594405475,1.549274859599297,1.5492625854486646,1.549251671393573,1.549242234777597,1.5492343758273113,1.549228176998032,1.5492237028665532,1.5492209997982422,1.5492200956508717
1.5491933033275262,1.5491941711147819,1.5491967655981578,1.5492010605072475,1.5492070122784287,1.5492145600607012,1.5492236260409737,1.5492341156854346,1.549245917918626,1.5492589054882737,1.5492729351327383,1.5492878476503047,1.549303467918605,1.5493196048321225,1.549336051184691,1.5493525834233175,1.5493689615424142,1.5493849292232575,1.5494002146852883,1.549414532518664,1.5494275874428145,1.5494390805767861,1.549448719397523,1.549456231948291,1.5494613855354644,1.5494640080800701,1.5494640081120328,1.5494613856133663,1.5494562320598526,1.5494487195124653,1.5494390806368754,1.549427587420863,1.54941453242144,1.5494002144849863,1.5493849289737918,1.5493689612421537,1.549352583095599,1.5493360508657084,1.549319604574858,1.549303467726554,1.5492878475651315,1.5492729351481678,1.5492589055805892,1.549245918054119,1.5492341158393252,1.5492236262249435,1.5492145601831198,1.5492070123549908,1.5492010605056927,1.5491967655023513,1.5491941710073898,1.5491933032411338
1.5491695194458934,1.5491703551006755,1.5491728537528275,1.5491769905899433,1.5491827244376764,1.5491899977784256,1.5491987369231877,1.5492088522220224,1.549220238211341,1.5492327738685066,1.549246322718728,1.5492607327661796,1.5492758364218306,1.549291450329541,1.5493073751037305,1.5493233950088088,1.5493392777386508,1.5493547744486231,1.5493696204890997,1.549383537177772,1.5493962354251116,1.5494074219638279,1.5494168091743825,1.549424129207836,1.5494291525891495,1.54943170945695,1.549431709473799,1.5494291526202864,1.5494241292597208,1.549416809231123,1.5494074219876728,1.5493962353972053,1.549383537094971,1.549369620331354,1.5493547742560296,1.5493392775024437,1.5493233947357088,1.5493073748191277,1.549291450075177,1.5492758362011911,1.5492607326156713,1.5492463226418427,1.5492327738733918,1.549220238281431,1.5492088523789107,1.5491987371743496,1.5491899980265578,1.5491827246445824,1.549176990660645,1.5491728536700966,1.5491703549478006,1.549169519272282
1.5491485250020716,1.5491493323241117,1.5491517465188862,1.549155744060057,1.5491612858388375,1.5491683172437392,1.5491767682364734,1.5491865534733633,1.5491975724428244,1.5492097096152586,1.549222834487638,1.5492368014188609,1.5492514494493441,1.5492666020503862,1.5492820667346079,1.5492976346461804,1.5493130802552622,1.5493281613130887,1.5493426194666435,1.5493561819835946,1.5493685652562783,1.5493794809845804,1.5493886459080402,1.549395795834658,1.5494007041450721,1.5494032029621043,1.5494032029599245,1.5494007041214037,1.5493957958136146,1.549388645894504,1.549379480959398,1.5493685652108566,1.5493561819113126,1.5493426193506672,1.5493281611753338,1.5493130800839876,1.5492976344358336,1.5492820665095826,1.5492666018378498,1.5492514492413871,1.5492368012416,1.5492228343495007,1.5492097095421489,1.5491975724330567,1.5491865535855631,1.549176768476844,1.5491683175259265,1.549161286095643,1.5491557441804988,1.549151746493818,1.5491493322019136,1.5491485248155976
1.5491301039743013,1.5491308863452389,1.5491332261582051,1.5491371010186894,1.54914247361993,1.549149291864433,1.5491574889272717,1.549166983275086,1.5491776787676756,1.549189464718407,1.549202215870446,1.5492157921762413,1.5492300385150433,1.549244784360167,1.549259843303532,1.549275012551322,1.5492900725371042,1.5493047868249936,1.5493189026232856,1.5493321524621697,1.5493442575997913,1.549354934133457,1.5493639026701074,1.549370902283938,1.5493757089009483,1.5493781564145563,1.5493781563982485,1.5493757088379938,1.5493709022079745,1.5493639025975758,1.5493549340573782,1.549344257530074,1.549332152393093,1.5493189025360663,1.5493047867270533,1.5492900724195575,1.549275012404624,1.549259843154377,1.549244784216942,1.5492300383557405,1.5492157920163208,1.5492022157131615,1.5491894645954214,1.549177678685553,1.5491669833093156,1.5491574890822142,1.5491492920805676,1.5491424738431865,1.5491371011640542,1.549133226219584,1.5491308863172835,1.549130103855557
1.5491140447533278,1.5491148051733865,1.5491170795099198,1.5491208463579087,1.5491260700018152,1.5491327005365592,1.5491406739469338,1.54914991205828,1.5491603225840238,1.549171799110329,1.5491842209923543,1.549197453090057,1.5492113454227467,1.5492257327406331,1.5492404339850192,1.54925525170553,1.5492699715902631,1.5492843623248231,1.549298176026942,1.5493111498712844,1.549323009437029,1.5493334747325462,1.5493422697937345,1.549349136600045,1.549353853350184,1.5493562555230755,1.5493562554964873,1.549353853260286,1.5493491364869798,1.549342269683504,1.5493334746271499,1.5493230093570625,1.5493111498005925,1.5492981759474656,1.5492843622460777,1.5492699715125453,1.549255251620522,1.5492404339178216,1.5492257326788563,1.5492113453325456,1.549197452975289,1.549184220848727,1.5491717989693354,1.5491603224480608,1.5491499120000363,1.5491406739740352,1.5491327006312567,1.5491260701498288,1.5491208465096076,1.5491170796545108,1.5491148052578818,1.5491140447440026
1.5491001413281946,1.5491008824553032,1.5491030991776984,1.549106770950788,1.5491118634736663,1.5491183287822472,1.5491261053210157,1.5491351178592296,1.5491452774894925,1.5491564815566998,1.549168613479901,1.549181542422246,1.5491951229170702,1.5492091943542694,1.5492235803788044,1.549238088247526,1.5492525082829927,1.5492666136854534,1.5492801609111562,1.5492928912284063,1.5493045340352558,1.5493148128231953,1.549323454685309,1.549330204185421,1.5493348415469776,1.5493372036626873,1.5493372036287179,1.5493348414398425,1.549330204051047,1.5493234545582892,1.54931481270994,1.5493045339558706,1.549292891155096,1.5492801608357025,1.5492666136241602,1.5492525082390667,1.5492380882164125,1.5492235803821905,1.5492091943638702,1.5491951228924783,1.549181542356197,1.5491686133651565,1.549156481418072,1.5491452773166308,1.5491351177187733,1.5491261052319434,1.5491183287660637,1.549111863547084,1.5491067710841988,1.5491030993572419,1.5491008826070878,1.5491001414067638
1.5490881942586274,1.549088918445284,1.5490910844992793,1.5490946726200954,1.5490996497667495,1.5491059697070164,1.5491135730491237,1.549122387140932,1.5491323260296503,1.5491432903465479,1.549155167084603,1.5491678291885318,1.5491811351502098,1.5491949284354318,1.5492090368215035,1.549223271709266,1.5492374275103928,1.5492512814013797,1.549264593672822,1.5492771092157784,1.5492885607979345,1.5492986749931552,1.5493071816178992,1.5493138275410456,1.5493183947958575,1.5493207215364495,1.5493207215004854,1.5493183946871283,1.5493138274054659,1.5493071814905433,1.5492986748812596,1.5492885607226945,1.5492771091497795,1.549264593616727,1.5492512813673045,1.5492374274977967,1.54922327171985,1.5492090368721423,1.5491949284899573,1.5491811351698404,1.549167829157187,1.5491551669972203,1.549143290216635,1.54913232583968,1.549122386956839,1.5491135728963923,1.5491059696254206,1.5490996497776062,1.5490946726975452,1.549091084637526,1.549088918583849,1.5490881943652302
1.5490780115125398,1.5490787208326209,1.549080842363798,1.5490843569430177,1.5490892326431889,1.5490954247741948,1.5491028758530085,1.5491115154895825,1.5491212603192925,1.5491320138405702,1.549143666171385,1.5491560935797242,1.5491691580294433,1.5491827065645833,1.5491965705892827,1.5492105651454797,1.5492244882541533,1.5492381205950363,1.549251225834402,1.54926355207159,1.5492748350613594,1.5492848041038074,1.5492931914331816,1.5492997459681888,1.549304251357624,1.5493065468790042,1.5493065468406937,1.5493042512481254,1.5492997458350313,1.5492931913133159,1.549284804008063,1.5492748350099743,1.5492635520363733,1.5492512258130202,1.5492381205918566,1.5492244882680493,1.5492105651824388,1.5491965706605555,1.5491827066364987,1.5491691580710174,1.5491560935671154,1.549143666104383,1.5491320137234368,1.549121260140455,1.5491115153122432,1.5491028756923073,1.5490954246651982,1.549089232590253,1.5490843569209352,1.5490808423921891,1.5490787208907144,1.5490780115920948
1.5490694092084454,1.5490701054757798,1.5490721879210905,1.54907563793273,1.5490804245465721,1.549086504426794,1.5490938217741115,1.5491023081864475,1.5491118825698575,1.5491224509333317,1.5491339061169949,1.5491461273001152,1.5491589794889074,1.5491723128696173,1.5491859620316706,1.549199745204495,1.5492134635821138,1.5492269009408195,1.5492398239228413,1.5492519834560992,1.549263117938028,1.5492729590811067,1.5492812412656105,1.5492877152331623,1.5492921660770325,1.5492944340786914,1.5492944340511852,1.5492921659982946,1.5492877151355327,1.5492812411762011,1.5492729590140206,1.5492631179153404,1.5492519834552705,1.5492398239386176,1.5492269009704356,1.5492134636175467,1.5491997452500026,1.5491859621022934,1.5491723129435455,1.5491589795406104,1.5491461272985465,1.5491339060689102,1.5491224508378978,1.5491118824268333,1.5491023080452582,1.5490938216277979,1.5490865042949233,1.5490804244130705,1.5490756377864765,1.549072187819676,1.54907010543573,1.5490694092354518
1.5490622122744886,1.5490628970698144,1.5490649452279526,1.5490683386372168,1.5490730471529366,1.549079028601333,1.5490862286550657,1.5490945806612368,1.5491040055174345,1.54911441143969,1.5491256936410447,1.5491377338424448,1.5491503997102707,1.5491635441847489,1.5491770046595001,1.5491906021564366,1.5492041406377666,1.5492174066040227,1.5492301693291615,1.5492421822388158,1.549253186066154,1.5492629146559884,1.5492711042884555,1.5492775073191876,1.5492819101248534,1.5492841538850861,1.549284153869228,1.5492819100804716,1.5492775072668632,1.549271104245975,1.5492629146369856,1.5492531860878354,1.5492421822812086,1.549230169381708,1.5492174066568416,1.5492041406773311,1.5491906021947677,1.5491770047256437,1.5491635442616778,1.549150399767618,1.549137733847518,1.5491256936106008,1.5491144113712099,1.5491040054171152,1.5490945805538519,1.5490862285118505,1.549079028429703,1.549073046931622,1.5490683383855408,1.5490649450328715,1.5490628969536344,1.549062212239806
1.5490562550014573,1.5490569297173635,1.5490589478269035,1.549062291687764,1.549066931865169,1.5490728271709886,1.5490799245424844,1.5490881588587935,1.5490974527599524,1.549107716401634,1.549118847069861,1.5491307287029945,1.5491432312923872,1.549156210179474,1.5491695052154286,1.549182939881937,1.5491963205653116,1.5492094361459603,1.5492220582064495,1.5492339423701105,1.5492448314315075,1.5492544611218828,1.5492625694075868,1.5492689100798374,1.5492732706544112,1.549275493104673,1.5492754931041677,1.5492732706562227,1.5492689100944717,1.5492625694383344,1.5492544611716763,1.549244831505113,1.5492339424483443,1.5492220582785068,1.5492094362043272,1.5491963206013855,1.549182939918085,1.5491695052840129,1.549156210257855,1.549143231347774,1.5491307287094582,1.54911884704986,1.5491077163512412,1.5490974526861654,1.5490881587616172,1.5490799243840432,1.5490728269587335,1.5490669315890286,1.549062291391926,1.5490589475963676,1.549056929554538,1.5490562549083864
1.549051381496724,1.549052047383279,1.5490540392139187,1.549057339776141,1.5490619202696618,1.5490677403562731,1.5490747480504685,1.5490828795585811,1.5490920590354862,1.549102198331313,1.5491131965466556,1.5491249395519422,1.5491372993725399,1.5491501334410835,1.5491632837416691,1.5491765759126153,1.5491898184759196,1.5492028023954725,1.5492153012712027,1.549227072652328,1.5492378611452673,1.5492474041409194,1.549255441088937,1.5492617270512177,1.5492660505615206,1.5492682543053882,1.5492682543190675,1.5492660506024944,1.5492617271173539,1.5492554411717279,1.5492474042405695,1.549237861262194,1.5492270727685553,1.549215301374615,1.549202802478585,1.5491898185304793,1.5491765759595577,1.5491632838049756,1.5491501335010254,1.5491372994080703,1.5491249395471773,1.5491131965226734,1.5491021982837188,1.5490920589679233,1.5490828794551073,1.5490747478796398,1.549067740134474,1.549061919998511,1.549057339497286,1.5490540389754897,1.5490520471630378,1.5490513813151283
1.5490474460777268,1.549048104271174,1.5490500732048593,1.5490533360339527,1.5490578645296955,1.5490636191069411,1.549070548707864,1.5490785906772317,1.5490876704751144,1.5490977014201457,1.5491085842044077,1.549120206376904,1.5491324417271006,1.5491451495095532,1.5491581735645672,1.5491713414110848,1.5491844634396958,1.5491973324343062,1.5492097237522735,1.5492213966220114,1.549232097237408,1.5492415644543962,1.5492495390314864,1.5492557771483522,1.5492600682348547,1.5492622556071751,1.5492622556285274,1.5492600682983055,1.5492557772483644,1.549249539155652,1.5492415646001954,1.5492320973975346,1.5492213967764865,1.549209723891351,1.54919733255186,1.5491844635236323,1.5491713414731247,1.5491581736152356,1.549145149535535,1.5491324417225198,1.5491202063420364,1.5491085841635137,1.5490977013676759,1.5490876704058925,1.5490785905705444,1.5490705485484464,1.5490636189164437,1.5490578643051367,1.5490533357956944,1.5490500729632481,1.5490481039989359,1.549047445820602
1.5490443136188043,1.5490449651528868,1.5490469142392262,1.549050144325967,1.5490546276894548,1.5490603254170086,1.5490671872629003,1.5490751515440586,1.549084144842976,1.5490940817402021,1.549104864320003,1.549116381593388,1.549128508863792,1.5491411069568743,1.5491540213273576,1.5491670811262204,1.549180098370736,1.5491928674375721,1.5492051652200987,1.5492167524052454,1.5492273765566031,1.5492367778015823,1.5492446980504238,1.5492508944764511,1.549255157306401,1.549257330411269,1.5492573304392816,1.5492551573859195,1.5492508945913464,1.5492446981791723,1.5492367779432463,1.549227376715635,1.5492167525805958,1.5492051654105026,1.549192867623411,1.5491800985137227,1.549167081214661,1.5491540213586434,1.5491411069315835,1.549128508799474,1.5491163815213291,1.5491048642712704,1.5490940816957193,1.549084144782217,1.549075151449046,1.5490671871370802,1.5490603252827329,1.5490546275187345,1.549050144107364,1.549046913963892,1.5490449648229223,1.5490443133081893
1.5490418598612514,1.5490425056666843,1.5490444376536274,1.549047639497591,1.5490520839079194,1.5490577325582928,1.5490645359141033,1.5490724331235661,1.5490813517432147,1.5490912074332701,1.549101903471453,1.549113330138568,1.5491253640511402,1.5491378673891971,1.5491506869920426,1.549163653409888,1.5491765800589519,1.549189262691845,1.5492014795366795,1.5492129925574272,1.5492235505143346,1.549232894637466,1.5492407678325408,1.54924692813717,1.5492511664788815,1.5492533272185312,1.5492533272552704,1.5492511665787296,1.549246928269633,1.5492407679661608,1.549232894774342,1.54922355067179,1.5492129927482272,1.5492014797608435,1.5491892629170438,1.549176580230996,1.549163653504572,1.5491506870012595,1.54913786732773,1.549125363953535,1.5491133300552797,1.5491019034310325,1.54909120740274,1.5490813516921471,1.5490724330302514,1.5490645357897765,1.5490577324355363,1.549052083748533,1.5490476392752894,1.549044437353224,1.5490425053220873,1.5490418595478164
1.5490399716931589,1.5490406125977172,1.5490425299523543,1.549045707619529,1.549050118669076,1.549055725263359,1.5490624784839095,1.5490703181895107,1.5490791727829758,1.549088958851278,1.549099580675309,1.5491109296225232,1.5491228834515456,1.549135305505744,1.5491480438035632,1.5491609300907392,1.5491737789838396,1.5491863874158376,1.549198534752228,1.549209984047607,1.5492204850987035,1.5492297801008674,1.5492376128290049,1.5492437420669738,1.5492479593438386,1.5492501094429107,1.5492501094830697,1.549247959452543,1.5492437422075638,1.5492376129634828,1.549229780225475,1.5492204852296987,1.5492099842075304,1.549198534955377,1.5491863876390508,1.549173779170532,1.5491609302039275,1.5491480438250904,1.5491353054550716,1.5491228833673003,1.5491109295554935,1.549099580643232,1.549088958821406,1.5490791727303244,1.549070318083973,1.5490624783333784,1.549055725109033,1.549050118479116,1.5490457073846784,1.549042529666697,1.5490406123181908,1.5490399714580274
1.5490385473811892,1.5490391841231836,1.5490410890644362,1.5490442462329905,1.5490486289930618,1.5490541999007255,1.5490609105679842,1.5490687014641247,1.5490775017010336,1.5490872286482917,1.5490977874358836,1.549109070358045,1.5491209561535977,1.5491333091634087,1.5491459784033772,1.54915879661463,1.5491715794147876,1.5491841247417015,1.5491962129430148,1.5492076080123325,1.549218060631475,1.5492273138189265,1.5492351120935637,1.5492412148784973,1.549245414216585,1.5492475552528853,1.549247555296047,1.5492454143358283,1.5492412150365524,1.549235112248091,1.5492273139552493,1.5492180607552086,1.5492076081463844,1.5491962131085948,1.5491841249237668,1.5491715795671317,1.5491587967122202,1.5491459784407324,1.5491333091621835,1.5491209561338646,1.549109070343881,1.5490977874221652,1.5490872286009212,1.5490775016045533,1.54906870129797,1.5490609103600528,1.5490541997042406,1.5490486287875325,1.5490442460296352,1.5490410888467787,1.54903918394635,1.5490385472390282
1.5490374967499096,1.5490381300024756,1.549040024547516,1.549043164556752,1.5490475236380103,1.549053064664746,1.5490597396990329,1.5490674897358139,1.549076244463764,1.549085921896821,1.5490964278762214,1.5491076554667917,1.5491194842267586,1.5491317793456298,1.5491443906925457,1.5491571518490441,1.5491698792553867,1.5491823716683502,1.5491944102542266,1.5492057598083226,1.549216171770889,1.5492253898564377,1.5492331592055595,1.5492392397752361,1.5492434240392547,1.5492455574505009,1.549245557483122,1.549243424134513,1.5492392399110015,1.549233159352044,1.5492253899965527,1.5492161718939812,1.5492057599199316,1.5491944103680775,1.5491823717825424,1.5491698793581339,1.5491571519459328,1.5491443907828173,1.5491317794241641,1.5491194842745282,1.5491076554777115,1.5490964278395902,1.5490859217983455,1.5490762443049562,1.5490674895061323,1.5490597394422116,1.5490530644357323,1.54904752343749,1.549043164424807,1.549040024443251,1.5490381299529958,1.5490374967153886
1.5490367413333324,1.5490373717237436,1.5490392577290988,1.5490423836359104,1.5490467232597982,1.54905223974663,1.5490588855164622,1.5490666019923518,1.549075319337421,1.5490849560989899,1.549095418705717,1.5491066008536156,1.5491183827666035,1.5491306303159194,1.5491431940597788,1.5491559082764617,1.5491685901009182,1.5491810389751952,1.5491930367384221,1.5492043488403924,1.5492147273435963,1.549223916536866,1.5492316620744297,1.549237724355124,1.5492418962080012,1.5492440233392735,1.5492440233592677,1.5492418962725563,1.549237724459148,1.5492316622048101,1.5492239166805168,1.5492147274797516,1.549204348957947,1.549193036839287,1.5491810390583989,1.5491685901697374,1.549155908350284,1.5491431941442144,1.5491306304019854,1.5491183828270625,1.5491066008622874,1.5490954186336034,1.549084955942293,1.5490753191230529,1.5490666017314252,1.5490588852675282,1.5490522395565878,1.5490467231263425,1.549042383594996,1.5490392577219496,1.5490373717563508,1.549036741357156
1.549036214511877,1.5490368426255958,1.5490387218154025,1.5490418364556964,1.5490461605330996,1.5490516574393645,1.549058279862114,1.5490659695541942,1.549074657068103,1.5490842613821945,1.5490946893857689,1.5491058352681628,1.5491175797821237,1.5491297893511784,1.5491423150844508,1.5491549918061223,1.5491676372030478,1.5491800512755558,1.549192016412921,1.5492032985904893,1.5492136503614913,1.5492228164667259,1.5492305429679232,1.549236590620116,1.5492407525412832,1.549242874643955,1.5492428746482316,1.5492407525629224,1.5492365906675885,1.549230543046308,1.5492228165767186,1.5492136504874028,1.5492032987143274,1.5491920165235018,1.5491800513601406,1.5491676372623302,1.5491549918638565,1.54914231515464,1.5491297894211982,1.5491175798185828,1.5491058352433411,1.5490946892745672,1.5490842611875015,1.5490746568233202,1.5490659692795292,1.5490582796292813,1.549051657304064,1.5490461604885555,1.549041836496979,1.5490387218897812,1.549036842732438,1.5490362145929912
1.5490358616279523,1.54903648800798,1.5490383619968806,1.549041468047161,1.5490457802708122,1.5490512622424266,1.5490578668484818,1.5490655360986982,1.549074200855944,1.5490837804424893,1.5490941821075548,1.5491053003978519,1.549117016433099,1.5491291970395513,1.5491416937599598,1.5491543418572307,1.5491669594483857,1.5491793469566149,1.5491912871875189,1.5492025465185046,1.5492128778795542,1.5492220263578662,1.549229738325896,1.54923577481058,1.5492399291509011,1.549242047416235,1.5492420474091562,1.5492399291386068,1.549235774807168,1.5492297383472946,1.5492220264158518,1.5492128779673597,1.5492025466170678,1.5491912872774631,1.5491793470194601,1.5491669594853805,1.5491543418889009,1.5491416937936673,1.54912919704702,1.5491170163791808,1.5491053002855701,1.549094181959349,1.5490837802804132,1.5490742006924059,1.5490655359287662,1.549057866719358,1.5490512621965173,1.5490457803143003,1.5490414681461926,1.5490383621161186,1.549036488143132,1.5490358617688242
1.5490356400721081,1.5490362652276835,1.5490381355441984,1.5490412355566954,1.5490455394491744,1.5490510109068394,1.5490576029716976,1.5490652578448616,1.5490739065991592,1.5490834687847848,1.5490938519045654,1.5491049507752053,1.5491166467811925,1.5491288070159606,1.5491412833148694,1.5491539112561565,1.5491665092719293,1.5491788780853588,1.5491908007881785,1.5492020440352219,1.549212361021252,1.54922149708048,1.5492291988071456,1.5492352274216945,1.5492393764202665,1.5492414919832898,1.549241491971246,1.5492393763902998,1.5492352273853196,1.549229198780861,1.549221497078776,1.549212361045479,1.5492020440759673,1.5491908008320137,1.5491788781182696,1.5491665092961107,1.549153911275916,1.5491412833234086,1.5491288069889098,1.5491166467013953,1.549104950653575,1.5490938517643815,1.5490834686527324,1.549073906487268,1.5490652577512236,1.549057602925443,1.549051010908766,1.5490455395252094,1.5490412356723984,1.5490381356719147,1.5490362653677672,1.5490356403137473
1.5490355193502157,1.5490361437771165,1.5490380119183997,1.5490411083484477,1.5490454072818873,1.54905087247102,1.5490574570594928,1.549065103378379,1.5490737426433894,1.549083294532318,1.5490936666679018,1.549104754007908,1.549116438103188,1.5491285862243833,1.5491410503891865,1.549153666361951,1.5491662527578256,1.549178610472745,1.5491905227626293,1.5492017564455598,1.5492120648777097,1.5492211935465503,1.5492288891820927,1.5492349131188548,1.5492390589436615,1.549241172900186,1.5492411728831725,1.5492390588979057,1.5492349130544736,1.5492288891153598,1.5492211934897282,1.549212064828392,1.5492017563966765,1.5491905227100915,1.5491786104171663,1.5491662527200805,1.5491536663458034,1.5491410503654743,1.54912858615023,1.5491164379699798,1.5491047538459788,1.5490936665224504,1.549083294459359,1.5490737426518921,1.549065103429519,1.549057457144975,1.5490508725429812,1.549045407372653,1.5490411084350084,1.5490380120485818,1.5490361440306888,1.5490355197707237
1.5490354811324667,1.5490361053194335,1.5490379727457235,1.5490410679798083,1.549045365258945,1.549050828376757,1.5490574105078079,1.5490650540060362,1.5490736901234516,1.5490832385919158,1.5490936070844044,1.5491046905987018,1.5491163707321964,1.5491285148180487,1.5491409749460272,1.5491535869511224,1.5491661695093635,1.5491785235657056,1.5491904324182355,1.5492016629312741,1.5492119685159875,1.5492210947189726,1.5492287883234988,1.5492348107046559,1.5492389554775794,1.5492410689026357,1.5492410688822755,1.5492389554212938,1.5492348106183804,1.5492287882191114,1.5492210946082388,1.5492119683959844,1.549201662798448,1.5491904322774206,1.5491785234220645,1.5491661693924494,1.5491535868837163,1.5491409749117122,1.5491285147639182,1.5491163706330429,1.5491046904803787,1.5490936069904886,1.5490832385823168,1.5490736902037725,1.5490650541186313,1.549057410660707,1.5490508285142466,1.5490453653835325,1.5490410680819846,1.5490379729607753,1.549036105729352,1.5490354816673857
